jMRUI Data Textfile

Filename: Export_to_jmrui.txt

PointsInDataset: 2048
DatasetsInFile: 1
SamplingInterval: 0.250000
ZeroOrderPhase: 0E0
BeginTime: 0E0
TransmitterFrequency: 1.2326E8
MagneticField: 2.8936E0
TypeOfNucleus:  
NameOfPatient:  
DateOfExperiment:  
Spectrometer:  
AdditionalInfo: 
SignalNames:  


Signal and FFT
sig(real)	sig(imag)	fft(real)	fft(imag)
Signal 1 out of 1 in file
4.2150E-06	8.3248E-07	-8.2224E-07	1.1590E-07
4.5181E-06	-9.4898E-07	-4.4666E-07	9.8482E-07
3.7863E-06	-2.6058E-06	3.4054E-07	1.4047E-06
1.9512E-06	-3.6170E-06	6.3749E-07	9.6043E-07
1.6449E-07	-3.7239E-06	6.0118E-07	1.2441E-06
-1.2267E-06	-2.6932E-06	8.9489E-07	1.1184E-06
-2.0020E-06	-1.3240E-06	1.1075E-06	1.1480E-06
-1.5549E-06	2.1108E-07	7.8322E-07	5.4934E-07
-7.9282E-07	8.9879E-07	5.4845E-07	1.5584E-06
3.2854E-07	9.9597E-07	1.0909E-06	9.7488E-07
9.0154E-07	4.8775E-07	5.9455E-07	2.0049E-06
1.2121E-06	-2.6320E-07	2.2718E-06	1.2246E-06
9.5242E-07	-8.6060E-07	6.5820E-07	7.8174E-07
5.7204E-07	-1.1537E-06	1.5738E-06	1.5779E-06
-1.0536E-07	-1.2431E-06	1.0554E-06	9.4224E-07
-4.8516E-07	-9.7008E-07	1.4495E-06	1.5634E-06
-6.6915E-07	-6.6731E-07	1.3394E-06	1.1800E-06
-6.1273E-07	-3.7310E-07	1.6677E-06	1.3018E-06
-6.3973E-07	-2.4577E-07	1.1172E-06	1.2377E-06
-5.7015E-07	-1.4805E-07	2.2963E-06	1.6737E-06
-6.3030E-07	-6.2761E-08	1.5712E-06	-6.6256E-12
-5.8417E-07	9.8223E-08	8.6830E-07	1.4550E-06
-5.6827E-07	2.6513E-07	1.7150E-06	9.1433E-07
-3.5972E-07	4.6007E-07	7.8890E-07	1.1738E-06
-1.6729E-07	4.1920E-07	1.5711E-06	1.8454E-06
8.6545E-08	3.8120E-07	1.9533E-06	1.1490E-06
1.9711E-07	8.7279E-08	1.5692E-06	1.0294E-06
2.1068E-07	-1.3816E-07	1.7438E-06	9.0858E-07
3.3201E-08	-3.2318E-07	1.0095E-06	5.9838E-07
-1.8312E-07	-2.6366E-07	7.8739E-07	1.6789E-06
-4.6265E-07	-1.2895E-07	1.8382E-06	1.6825E-06
-5.3745E-07	1.4942E-07	1.3704E-06	8.1181E-07
-4.7083E-07	4.6187E-07	9.1250E-07	2.0153E-06
-1.9802E-07	6.4892E-07	2.4494E-06	1.5636E-06
1.9928E-08	6.7287E-07	1.0373E-06	7.6576E-07
2.8930E-07	5.6609E-07	1.5139E-06	2.2221E-06
3.7956E-07	3.6093E-07	1.9869E-06	1.2670E-06
4.3584E-07	2.0016E-07	1.7419E-06	1.7195E-06
3.9346E-07	7.8522E-08	2.1811E-06	1.1028E-06
3.6848E-07	3.7709E-08	1.6137E-06	1.2363E-06
3.5123E-07	-2.3726E-08	1.9430E-06	9.5191E-07
3.8807E-07	-1.1345E-07	9.0907E-07	1.0805E-06
3.4657E-07	-2.3352E-07	1.5928E-06	2.1247E-06
2.7865E-07	-3.5909E-07	2.1178E-06	1.4334E-06
1.1270E-07	-4.7354E-07	1.9474E-06	1.1315E-06
-2.2502E-08	-4.2367E-07	1.1077E-06	1.0163E-06
-2.1958E-07	-3.2882E-07	1.5463E-06	2.4187E-06
-2.4074E-07	-1.5335E-07	2.4003E-06	1.1868E-06
-2.3541E-07	4.2668E-08	1.3644E-06	1.6429E-06
-9.1158E-08	2.0160E-07	2.1168E-06	1.5849E-06
7.5212E-08	1.7655E-07	1.7589E-06	2.0776E-06
2.5143E-07	5.1283E-10	3.0854E-06	1.1600E-06
2.3657E-07	-1.5153E-07	1.0050E-06	1.0220E-06
9.7636E-08	-3.2460E-07	2.5842E-06	2.4030E-06
-1.5288E-07	-3.8814E-07	2.4767E-06	1.0898E-06
-3.0122E-07	-2.8266E-07	2.9722E-06	1.1472E-06
-4.3568E-07	-7.4239E-08	1.6603E-06	9.2868E-08
-3.8575E-07	1.4412E-07	2.1035E-06	1.5632E-06
-2.5910E-07	2.6673E-07	1.7510E-06	-1.5450E-07
4.9073E-09	2.9899E-07	6.4203E-07	1.7170E-06
1.7017E-07	1.7473E-07	1.9079E-06	1.6264E-06
2.3472E-07	1.6438E-08	1.8392E-06	1.8800E-06
1.5078E-07	-1.1629E-07	2.4691E-06	1.0842E-06
2.1230E-08	-1.7334E-07	1.3896E-06	1.1647E-06
-1.0555E-07	-1.3073E-07	1.8205E-06	1.8321E-06
-1.7365E-07	-1.7547E-08	2.2709E-06	1.8412E-06
-1.5774E-07	5.5565E-08	2.7670E-06	1.1777E-06
-1.0608E-07	1.1343E-07	1.9037E-06	5.9863E-07
-6.0466E-08	1.2202E-07	1.4871E-06	1.5085E-06
3.4894E-08	7.7479E-08	2.4074E-06	1.6249E-06
3.7946E-08	-2.1276E-08	2.1568E-06	8.4643E-07
-1.7028E-08	-4.4003E-08	1.6702E-06	1.2154E-06
-1.2839E-07	-5.5961E-08	1.8023E-06	1.6606E-06
-1.4688E-07	6.6516E-08	2.5437E-06	1.7216E-06
-1.4771E-07	1.5228E-07	2.5172E-06	9.2033E-07
2.4850E-08	2.4339E-07	2.2019E-06	1.0072E-06
1.0045E-07	2.3325E-07	2.1742E-06	7.9557E-07
1.7268E-07	1.7308E-07	1.8074E-06	7.7508E-07
1.9625E-07	-1.5087E-08	1.5678E-06	1.2313E-06
1.0789E-07	-9.7634E-08	2.2382E-06	1.2955E-06
6.0259E-10	-7.1425E-08	1.7001E-06	7.4489E-07
-7.7569E-08	-2.8764E-09	1.7491E-06	1.4506E-06
-1.0553E-07	1.0913E-07	1.8349E-06	1.0247E-06
-2.9992E-08	1.8478E-07	1.6153E-06	1.4573E-06
9.9657E-08	1.4283E-07	1.8094E-06	1.6127E-06
1.7718E-07	1.5604E-07	2.5232E-06	1.6832E-06
2.0350E-07	2.9799E-08	2.0970E-06	6.2517E-07
2.5778E-07	-8.1885E-08	1.7019E-06	1.6604E-06
1.4133E-07	-1.8855E-07	2.4400E-06	1.1753E-06
1.5552E-08	-2.4767E-07	2.1054E-06	1.2613E-06
-1.8749E-07	-1.4781E-07	2.4358E-06	7.0405E-07
-2.0481E-07	4.7776E-09	1.5284E-06	6.5249E-07
-1.1348E-07	1.2648E-07	1.2885E-06	1.2240E-06
5.4616E-08	2.3549E-07	1.9392E-06	2.1566E-06
1.4993E-07	1.9079E-07	2.9257E-06	6.5998E-07
2.2994E-07	5.7960E-08	9.4644E-07	7.4787E-07
2.4045E-07	-4.6812E-08	2.1596E-06	1.8833E-06
1.8077E-07	-1.3655E-07	1.7538E-06	7.6808E-07
7.2378E-08	-1.9345E-07	1.8374E-06	1.9591E-06
-6.6219E-09	-2.0252E-07	2.5197E-06	8.7302E-07
-8.8066E-08	-1.7683E-07	1.5576E-06	1.0583E-06
-1.1687E-07	-1.4001E-07	1.6858E-06	1.2637E-06
-1.3281E-07	-1.0625E-07	1.8501E-06	2.1773E-06
-1.0843E-07	-2.4485E-08	3.3868E-06	8.5523E-07
-1.0358E-07	-3.0987E-08	9.5665E-07	3.0041E-07
-1.1003E-07	-2.4796E-08	2.2392E-06	2.2735E-06
-1.6646E-07	1.2529E-08	2.5743E-06	2.1595E-07
-1.4520E-07	5.9322E-08	1.3615E-06	7.5793E-07
-6.6952E-08	1.0689E-07	1.1961E-06	9.8331E-07
9.0521E-09	1.6699E-07	1.5486E-06	2.0864E-06
6.7477E-08	1.1285E-07	2.4758E-06	1.1404E-06
1.0416E-07	7.6051E-08	1.6063E-06	9.5109E-07
1.5092E-07	-2.6822E-08	1.6117E-06	1.3880E-06
9.9913E-08	-5.3422E-08	2.2461E-06	1.3966E-06
-1.4143E-08	-7.0969E-08	1.5606E-06	1.8518E-07
-1.1074E-07	-6.9164E-08	4.8937E-07	1.7505E-06
-1.6221E-07	-3.0038E-08	1.7492E-06	1.9508E-06
-1.6334E-07	5.6933E-08	1.4600E-06	2.0794E-06
-6.1150E-08	1.1571E-07	2.4217E-06	2.1049E-06
6.0598E-08	1.0875E-07	2.3466E-06	1.6417E-06
1.2963E-07	8.6526E-08	2.5951E-06	1.0599E-06
1.5229E-07	9.3870E-09	1.3645E-06	1.1202E-06
1.1036E-07	-7.0444E-08	2.4193E-06	1.9681E-06
3.3844E-08	-8.9461E-08	2.0045E-06	4.5473E-07
-2.6949E-08	-9.4284E-08	1.0531E-06	1.8676E-06
-7.9974E-08	-7.3034E-08	2.3456E-06	1.8456E-06
-1.0844E-07	3.9807E-08	1.7501E-06	1.5543E-06
-5.4684E-08	9.0178E-08	2.3408E-06	2.1164E-06
-2.7777E-08	7.6395E-08	2.6714E-06	1.4989E-06
4.4999E-08	9.0604E-08	2.6304E-06	1.1781E-06
4.1493E-08	5.7716E-08	2.1877E-06	8.5314E-07
6.1134E-08	-1.6173E-08	1.9946E-06	1.1943E-06
2.7515E-08	-4.6629E-08	2.0589E-06	1.2205E-06
-5.3388E-09	-1.6617E-08	2.1818E-06	1.1959E-06
-7.3720E-09	5.7135E-09	1.9390E-06	1.0446E-06
3.0540E-08	3.2452E-08	2.0694E-06	1.3034E-06
4.5167E-08	-4.3660E-09	2.0528E-06	9.1654E-07
7.3977E-08	1.5218E-08	1.7048E-06	9.9480E-07
1.1173E-07	-6.2212E-08	1.4562E-06	1.2528E-06
8.0632E-08	-8.4836E-08	1.7120E-06	1.7127E-06
6.9328E-09	-1.3662E-07	2.0373E-06	1.6679E-06
-2.8427E-08	-1.1288E-07	2.3990E-06	1.3548E-06
-1.2165E-07	-7.8755E-08	1.7940E-06	9.5988E-07
-9.9124E-08	-2.5305E-08	1.8513E-06	1.6356E-06
-1.1406E-07	2.8440E-08	2.2638E-06	1.3057E-06
-6.5161E-08	1.0128E-07	2.0320E-06	7.7641E-07
-2.0914E-09	5.3469E-08	8.9354E-07	1.2576E-06
8.1741E-08	1.2908E-08	2.0545E-06	2.4435E-06
8.2932E-08	-3.5742E-08	2.3539E-06	1.3410E-06
5.0000E-08	-5.8381E-08	2.4339E-06	1.5098E-06
-1.9580E-08	-7.1537E-08	1.7376E-06	7.5202E-07
-1.9185E-08	-7.2905E-08	2.0890E-06	2.2482E-06
-8.5594E-08	-3.0927E-08	2.6628E-06	4.1630E-07
-8.7647E-08	1.8175E-08	1.1703E-06	1.5431E-06
-2.3571E-08	3.1973E-08	2.5008E-06	1.2545E-06
-2.4561E-10	4.5743E-08	1.2507E-06	1.3650E-06
3.1974E-08	4.5845E-08	2.4356E-06	2.0367E-06
5.7682E-08	8.3953E-08	2.3385E-06	1.2237E-06
3.2203E-08	5.9847E-10	2.4821E-06	1.4512E-06
6.2056E-09	-4.5708E-08	2.7599E-06	5.9097E-07
1.6937E-08	-2.2803E-08	1.3290E-06	1.6493E-07
-2.0723E-08	-1.3884E-08	1.3079E-06	1.7633E-06
-3.9335E-09	8.5772E-09	1.9495E-06	1.0294E-06
1.5358E-08	-3.9453E-08	1.3301E-06	2.0028E-06
-6.9207E-08	-6.5833E-08	2.9067E-06	1.4770E-06
-5.5354E-08	-3.2568E-09	1.6362E-06	9.2495E-07
-6.4902E-08	3.2818E-08	2.4282E-06	1.6396E-06
-2.5755E-08	8.1139E-08	2.0845E-06	5.3117E-07
-1.1381E-08	6.7526E-08	1.5706E-06	1.4024E-06
2.8555E-08	3.9747E-08	2.4065E-06	1.2592E-06
2.6866E-08	5.9477E-08	2.0913E-06	7.1065E-07
3.7988E-08	4.7900E-08	1.9971E-06	5.2976E-07
5.5718E-08	8.0946E-09	1.0183E-06	3.0905E-07
8.5065E-08	5.8376E-09	9.1860E-07	1.3159E-06
4.9673E-08	3.9703E-08	6.6286E-07	1.3912E-06
8.1706E-08	-3.2915E-08	1.4207E-06	2.9431E-06
-5.0758E-09	-7.8988E-08	2.7635E-06	1.5750E-06
8.4458E-09	-2.8984E-08	2.0607E-06	1.3694E-06
2.9402E-09	1.0904E-08	2.1649E-06	8.1094E-07
-3.1624E-09	5.7810E-09	1.5736E-06	1.1543E-06
2.9375E-08	2.8845E-08	1.4978E-06	6.6960E-07
4.9654E-08	-1.2880E-08	8.1422E-07	1.9778E-06
-2.5054E-09	-7.0542E-08	2.2267E-06	1.6541E-06
-3.8819E-09	-2.5821E-08	1.7246E-06	1.5786E-06
-1.4585E-08	-4.3936E-08	2.2686E-06	7.0751E-07
-4.8071E-08	-3.5008E-08	5.8669E-07	1.2083E-06
-5.3682E-09	-8.2982E-09	1.8710E-06	1.7809E-06
-7.5909E-09	-4.4331E-08	1.1878E-06	1.2679E-06
-3.7182E-08	-4.2378E-08	1.3117E-06	1.6201E-06
-6.7722E-08	-4.0624E-08	1.0741E-06	2.4706E-06
-2.5898E-08	5.1235E-09	2.8091E-06	1.7549E-06
-1.7778E-08	2.8624E-08	7.7860E-07	1.2819E-06
-2.0487E-08	-1.0868E-08	2.3848E-06	2.7990E-06
-4.5339E-08	9.5418E-09	2.2214E-06	1.0339E-06
-5.6190E-08	-3.0651E-09	2.1056E-06	1.6341E-06
-4.7578E-08	3.2806E-08	1.6572E-06	6.1392E-07
-2.4624E-08	3.9424E-08	7.0010E-07	1.7795E-06
3.0963E-08	3.2947E-08	1.7387E-06	2.6886E-06
-5.9855E-10	1.5614E-08	2.8004E-06	1.4810E-06
2.4052E-08	-2.7237E-08	1.0678E-06	1.1286E-06
-2.8373E-08	-1.6456E-08	2.0226E-06	2.4747E-06
9.3105E-09	3.8020E-08	2.1146E-06	1.2455E-06
-1.2491E-08	2.5960E-08	1.8638E-06	1.6144E-06
-3.5904E-08	2.7375E-08	1.4026E-06	1.2361E-06
-3.8356E-08	-7.2011E-09	1.4488E-06	2.3410E-06
-6.6297E-10	1.4194E-08	2.0876E-06	1.9149E-06
1.0838E-08	9.8479E-09	1.9455E-06	1.9560E-06
2.0968E-08	-2.0386E-08	2.1044E-06	2.0320E-06
1.6492E-08	5.5420E-09	2.7405E-06	1.7078E-06
2.6183E-08	-3.9185E-09	1.7554E-06	9.8392E-07
-1.0227E-08	-3.0477E-08	2.1125E-06	2.2922E-06
-1.4764E-08	9.1980E-11	2.7470E-06	7.2953E-07
-2.9918E-08	4.8355E-09	1.0424E-06	1.0103E-06
-1.8406E-08	1.4386E-08	1.5237E-06	2.1123E-06
-9.2236E-09	1.5792E-08	2.2130E-06	1.9078E-06
1.2252E-08	3.0326E-08	2.0330E-06	1.3333E-06
3.0586E-08	-2.4295E-08	1.6320E-06	1.7619E-06
2.6401E-09	7.0573E-09	2.1763E-06	1.9787E-06
2.4757E-09	1.4101E-08	2.2967E-06	1.5659E-06
-1.6935E-08	1.9810E-08	2.2915E-06	1.7604E-06
2.3007E-08	-1.4237E-08	3.0588E-06	9.4155E-07
1.4100E-08	9.7499E-10	1.3316E-06	3.1445E-08
1.3136E-08	-1.8510E-08	1.1906E-06	1.8796E-06
5.1764E-08	-3.9309E-08	2.0609E-06	9.1764E-07
1.2899E-08	-2.3137E-08	6.1223E-07	1.3243E-06
2.9872E-09	-3.5401E-08	1.7113E-06	2.4006E-06
-4.8614E-09	-2.7477E-08	1.9536E-06	1.2080E-06
-1.1979E-08	-5.1223E-08	9.1508E-07	1.8389E-06
-5.1053E-08	-3.1901E-08	2.0869E-06	2.4460E-06
-3.9648E-08	8.2296E-10	1.9216E-06	1.4122E-06
-4.9013E-08	4.7314E-09	1.6044E-06	2.2666E-06
7.7116E-09	3.6393E-08	2.6022E-06	1.9155E-06
1.1721E-08	5.1491E-09	2.0579E-06	1.2259E-06
-5.0907E-10	-1.3228E-08	1.7861E-06	1.6741E-06
1.0568E-08	1.2980E-08	2.0491E-06	1.5265E-06
2.9294E-08	-3.7656E-08	1.6298E-06	1.7561E-06
-2.5993E-09	4.1819E-09	2.6466E-06	1.8510E-06
-3.7807E-08	3.1875E-09	1.7385E-06	5.0714E-07
-1.2555E-08	1.3933E-09	1.1241E-06	2.2146E-06
-5.3323E-09	-3.0459E-09	2.4190E-06	1.7269E-06
-1.8355E-08	-3.8507E-11	1.7701E-06	1.7674E-06
-5.1218E-08	1.7281E-08	2.6137E-06	1.5314E-06
-3.3797E-08	-2.8048E-08	1.9003E-06	1.2148E-06
-1.8496E-08	-1.5781E-09	2.4830E-06	9.4394E-07
-3.5510E-08	-1.1075E-08	7.7603E-07	5.0237E-07
1.1551E-08	-2.7824E-08	1.3377E-06	2.1983E-06
2.1339E-08	-8.0835E-09	1.4433E-06	1.3864E-06
-2.7162E-08	-1.5273E-08	1.8462E-06	2.4445E-06
-7.0826E-08	5.5935E-09	2.2002E-06	7.3321E-07
-4.0048E-08	3.6792E-08	6.6148E-07	1.8036E-06
-5.4444E-08	2.7374E-08	1.8032E-06	2.1576E-06
1.6053E-08	4.0700E-08	1.6649E-06	2.3693E-06
3.3275E-08	3.7639E-09	2.8617E-06	1.9435E-06
9.9612E-09	5.6077E-08	2.0835E-06	1.0578E-06
3.4987E-08	2.7919E-08	1.8965E-06	1.2966E-06
1.2460E-08	-2.0136E-09	1.5186E-06	1.2614E-06
1.5892E-08	3.0719E-08	1.3820E-06	1.6796E-06
8.6466E-09	4.2903E-08	1.7579E-06	2.1285E-06
9.0398E-09	1.0885E-08	2.2072E-06	1.5306E-06
9.1512E-09	-1.9316E-09	1.6862E-06	1.5413E-06
-1.2219E-08	2.8217E-08	1.7845E-06	1.5592E-06
3.9201E-08	9.7655E-09	1.7771E-06	1.9736E-06
3.8427E-08	-2.5005E-09	2.1913E-06	1.3369E-06
2.6212E-08	-3.0951E-08	1.5182E-06	1.8827E-06
3.6057E-11	-2.4710E-08	2.5288E-06	1.4959E-06
9.6158E-09	7.3616E-09	1.6557E-06	1.5899E-06
1.0653E-08	-1.9838E-08	3.0044E-06	1.1335E-06
4.9992E-08	-4.7225E-09	1.0326E-06	2.4723E-07
2.6158E-08	4.2115E-09	1.6337E-06	1.6875E-06
7.1890E-09	6.3730E-09	1.1924E-06	6.6244E-07
6.9135E-09	-2.0917E-08	9.6799E-07	1.8421E-06
1.0747E-08	-4.8936E-09	1.3015E-06	1.6619E-06
2.5573E-08	-2.0577E-08	1.5624E-06	1.9951E-06
7.0506E-09	7.5971E-09	1.6694E-06	1.5809E-06
-2.7730E-09	-5.5296E-09	1.7152E-06	1.5179E-06
-1.2032E-08	-9.2859E-09	1.1835E-06	1.3221E-06
-3.0050E-08	9.4041E-10	1.2225E-06	1.7517E-06
-3.0618E-08	2.5502E-09	7.7949E-07	2.1273E-06
1.2933E-08	1.4819E-08	2.1465E-06	2.9197E-06
-3.4525E-09	4.1714E-09	2.3120E-06	1.4405E-06
-1.2432E-08	-4.0894E-08	1.9093E-06	1.6791E-06
3.8959E-08	-1.8164E-08	1.7266E-06	1.3688E-06
-2.6888E-08	-2.9254E-08	1.8900E-06	1.7814E-06
6.3413E-09	1.6065E-08	1.7901E-06	1.1704E-06
-3.5649E-09	-3.7841E-08	1.7449E-06	1.4544E-06
1.8762E-09	2.4545E-08	1.1832E-06	8.5632E-07
-2.5581E-08	2.3453E-08	9.4163E-07	2.2381E-06
-4.3305E-08	2.1742E-08	2.0970E-06	1.7523E-06
-2.0082E-08	4.2452E-09	1.5655E-06	1.2184E-06
1.7554E-08	1.1579E-08	1.1010E-06	1.4176E-06
-3.8903E-10	1.0517E-08	1.3582E-06	1.9792E-06
8.9852E-09	1.0051E-08	1.5025E-06	1.5783E-06
1.4859E-09	1.4470E-08	1.4888E-06	1.8835E-06
-7.6290E-09	1.1065E-08	1.5653E-06	1.4520E-06
-1.7346E-09	1.1478E-08	1.4377E-06	1.7759E-06
5.3351E-08	-1.2078E-09	1.4208E-06	1.2372E-06
1.7820E-08	-3.8509E-08	9.0870E-07	2.0852E-06
7.4406E-10	1.3380E-08	2.0804E-06	1.8092E-06
2.5744E-08	1.2715E-09	1.1788E-06	1.0721E-06
-5.0922E-09	-2.6688E-08	1.0310E-06	1.9546E-06
1.4083E-08	1.1865E-09	1.7375E-06	1.8230E-06
-2.8820E-08	-1.0778E-08	1.6209E-06	8.4437E-07
-1.0982E-08	-1.3113E-08	-1.1545E-08	8.4209E-07
3.5981E-09	3.4562E-08	9.5773E-09	2.8333E-06
1.1003E-09	-5.0803E-09	1.4431E-06	2.5104E-06
-1.2220E-08	-1.9456E-09	8.2577E-07	2.3156E-06
-1.6620E-08	-3.4411E-08	1.4277E-06	2.8617E-06
2.3027E-08	2.4763E-08	1.8101E-06	2.6223E-06
-5.4162E-09	1.8542E-08	2.2942E-06	1.9930E-06
-3.4236E-09	1.4359E-08	1.3336E-06	1.7126E-06
1.0619E-08	2.3629E-08	2.0576E-06	2.3224E-06
5.9611E-09	2.0820E-08	1.8731E-06	1.0471E-06
-3.6142E-09	-2.9652E-09	8.2373E-07	1.4590E-06
3.5350E-08	-7.3683E-09	9.0067E-07	2.3827E-06
5.1002E-08	-2.9911E-09	1.9846E-06	2.1294E-06
2.6424E-08	-1.0301E-08	9.1032E-07	1.5546E-06
8.0295E-09	3.5287E-09	1.6833E-06	2.8705E-06
1.9703E-08	-4.9248E-09	2.1810E-06	1.2071E-06
2.2549E-08	-7.9057E-09	8.5301E-07	1.4892E-06
3.3725E-08	2.7626E-09	1.1361E-06	2.1101E-06
-6.8986E-09	-1.9652E-08	1.4573E-06	1.9314E-06
-2.6371E-08	2.6991E-08	1.0676E-06	1.9685E-06
2.6415E-08	-1.1235E-08	1.7598E-06	2.1499E-06
-5.3973E-10	-6.6828E-09	1.2064E-06	1.4440E-06
-3.8528E-09	-1.4727E-08	1.5009E-06	1.9423E-06
1.9250E-09	-1.2957E-08	7.2410E-07	9.2029E-07
-1.5547E-08	3.2004E-09	1.7022E-07	2.4481E-06
-4.7964E-09	7.6705E-09	6.2748E-07	2.3793E-06
-1.7373E-08	1.0751E-08	8.7017E-07	3.4350E-06
-1.7994E-08	-1.2932E-08	2.0120E-06	2.7897E-06
-2.4047E-09	1.7086E-08	1.9643E-06	2.4797E-06
7.0092E-09	1.2713E-08	1.8470E-06	1.7846E-06
1.1884E-08	-2.5687E-09	1.5215E-06	2.1594E-06
-1.5089E-09	-2.1049E-08	1.4928E-06	1.8231E-06
-1.0958E-08	-3.1309E-09	1.7080E-06	2.4429E-06
-1.3244E-08	-2.9068E-08	1.8609E-06	1.1920E-06
1.0395E-08	5.0397E-09	1.0383E-06	1.9714E-06
-1.1852E-08	4.5827E-09	1.5199E-06	1.1545E-06
-5.0421E-09	3.9104E-08	1.0538E-07	1.9710E-06
5.4053E-09	1.1264E-08	1.2529E-06	2.2550E-06
-9.5257E-09	1.0472E-08	4.3067E-07	2.2011E-06
1.8133E-08	2.2105E-08	1.1489E-06	2.9302E-06
6.2130E-09	1.7514E-08	1.5490E-06	2.7736E-06
1.7936E-08	2.2606E-08	2.0793E-06	1.9839E-06
-2.5762E-09	1.0971E-08	9.0426E-07	1.9012E-06
-1.6259E-08	5.0992E-08	1.8204E-06	2.5638E-06
-1.8477E-08	-1.1160E-09	1.6323E-06	1.3590E-06
-1.5349E-08	5.0724E-09	1.0183E-06	1.6937E-06
-4.3623E-09	1.3822E-08	8.0038E-07	1.5653E-06
1.7969E-08	1.2503E-08	3.6364E-07	2.3057E-06
-1.6806E-08	3.0924E-08	1.1792E-06	2.4678E-06
3.6723E-08	-9.4020E-09	7.9357E-07	2.0447E-06
2.4451E-08	-1.5107E-08	1.0584E-06	2.4673E-06
4.7538E-08	-3.3641E-09	5.4125E-07	1.7663E-06
2.8507E-08	-3.1328E-08	2.0715E-07	3.4221E-06
1.5606E-08	-7.6618E-09	1.9383E-06	2.9594E-06
2.7909E-09	-1.4589E-08	1.2990E-06	2.2122E-06
2.8672E-08	-1.4269E-08	1.3554E-06	2.2095E-06
2.9173E-08	-1.1960E-08	9.3863E-07	2.1088E-06
5.5095E-09	-8.1346E-09	7.7683E-07	2.0290E-06
1.0086E-08	-4.3380E-08	7.4634E-08	2.8302E-06
-4.1368E-09	-1.5288E-08	1.3347E-06	3.2454E-06
-7.6808E-10	4.3443E-09	9.0786E-07	2.5891E-06
-2.0129E-08	2.2335E-08	1.4073E-06	3.1217E-06
-3.8267E-08	2.1843E-08	9.0094E-07	2.2818E-06
-1.8291E-08	-8.1216E-09	1.0171E-06	3.9074E-06
-4.1937E-09	-6.3459E-09	2.6290E-06	2.4874E-06
-9.0355E-09	2.1694E-08	7.4393E-07	1.9657E-06
-1.1577E-08	2.3593E-08	1.2580E-06	3.3641E-06
3.5910E-09	-8.5529E-09	2.0713E-06	2.6696E-06
1.7662E-08	2.5293E-10	1.7584E-06	1.9966E-06
-2.3061E-09	1.4974E-08	1.2366E-06	1.9724E-06
4.3433E-08	1.5714E-08	8.5415E-07	1.8318E-06
1.1796E-09	4.1260E-09	1.3794E-07	2.8744E-06
9.8193E-09	-2.8757E-09	1.5964E-06	3.1530E-06
4.1155E-08	-1.7460E-08	9.0894E-07	2.3378E-06
1.7382E-08	8.4044E-10	1.2435E-06	2.9756E-06
2.2242E-08	1.9567E-08	5.9212E-07	2.6438E-06
3.8293E-08	-5.3593E-10	1.7847E-06	4.1292E-06
-1.2296E-08	3.6245E-08	2.5180E-06	1.6526E-06
-4.4057E-09	-1.1788E-08	5.2242E-07	2.1393E-06
3.8669E-09	1.0062E-08	1.1343E-06	2.6263E-06
-1.3022E-08	-7.8869E-09	7.5725E-07	2.7937E-06
-7.6724E-09	5.0784E-09	1.5016E-06	3.0047E-06
-3.1535E-08	2.6717E-08	1.1512E-06	2.0739E-06
2.8699E-08	-7.8348E-09	1.1467E-07	3.1154E-06
-3.6256E-09	-2.3638E-08	1.8177E-06	3.8184E-06
7.5024E-09	8.8308E-09	1.5597E-06	2.2247E-06
2.8624E-09	1.8101E-08	1.0653E-06	3.0413E-06
1.8426E-08	1.5287E-08	1.2548E-06	2.7258E-06
7.7217E-09	1.8581E-08	1.5090E-06	3.2800E-06
1.3271E-08	-3.3573E-09	1.6452E-06	2.0249E-06
-1.8481E-08	1.5103E-08	4.3741E-07	2.6269E-06
2.1123E-08	-4.4251E-08	5.1224E-07	3.2197E-06
8.6280E-09	-1.6888E-08	1.3618E-06	4.3519E-06
-4.7307E-09	-1.9805E-08	2.4663E-06	2.7244E-06
2.7419E-08	-1.2079E-09	1.1115E-06	2.8373E-06
-1.4888E-08	-1.1743E-08	1.7041E-06	2.9930E-06
2.1168E-08	-9.2681E-10	1.4485E-06	3.2140E-06
2.0886E-08	-5.1049E-09	2.3244E-06	2.7563E-06
2.5442E-08	-1.0799E-08	1.4723E-06	2.0643E-06
1.3136E-08	3.8118E-09	8.3316E-07	2.5218E-06
8.9684E-09	4.0620E-09	1.2647E-06	3.5217E-06
3.4152E-11	-1.2148E-08	1.9448E-06	2.5155E-06
2.9943E-08	-3.1506E-08	1.1254E-06	2.9357E-06
6.3588E-09	8.2908E-09	1.8980E-06	2.5401E-06
-1.6967E-08	-1.0063E-08	9.8545E-07	2.6198E-06
1.0604E-08	-1.9138E-08	1.5045E-06	2.5502E-06
1.5403E-08	-1.5260E-08	5.9667E-07	2.8226E-06
-1.5324E-08	5.7611E-09	1.3212E-06	3.1099E-06
-3.1445E-09	-4.2293E-10	6.7835E-07	3.4435E-06
1.8042E-08	6.6906E-09	2.1279E-06	3.9672E-06
2.0769E-08	1.5113E-08	2.2960E-06	2.9843E-06
-2.7402E-08	3.1521E-08	2.3732E-06	2.2450E-06
-2.8006E-08	4.9631E-09	1.0917E-06	2.3295E-06
1.1529E-08	-2.6006E-08	2.0092E-06	2.6905E-06
8.8740E-09	-9.9249E-09	9.3552E-07	2.1541E-06
8.1930E-09	-6.6548E-09	1.8472E-06	3.0681E-06
-4.3371E-08	-1.2156E-08	1.1470E-06	1.7121E-06
1.9951E-08	1.0747E-08	1.0987E-06	3.2422E-06
4.9174E-09	8.6445E-09	1.6806E-06	1.7873E-06
1.7499E-08	-3.5356E-08	-4.3592E-08	2.5837E-06
-5.4961E-09	-8.1650E-09	1.2080E-06	3.6612E-06
2.8204E-09	3.9140E-09	1.6081E-06	2.6887E-06
1.4683E-08	-1.7835E-08	1.0608E-06	2.8066E-06
6.8587E-09	-5.1037E-09	1.5371E-06	2.7457E-06
2.7562E-09	-1.9346E-08	7.7687E-07	2.4260E-06
1.3242E-08	-9.5076E-09	1.1324E-06	3.3048E-06
2.0689E-08	7.0582E-09	1.4042E-06	2.5112E-06
-7.6622E-09	-1.8074E-09	8.9291E-07	2.6087E-06
5.2254E-09	-3.5896E-08	4.3259E-07	2.7434E-06
-7.3391E-09	1.0714E-08	8.6573E-07	3.8567E-06
-3.8851E-09	2.0469E-08	1.5003E-06	2.9322E-06
2.4703E-08	3.0989E-09	1.1019E-06	3.5191E-06
2.3424E-08	-7.5963E-09	1.8933E-06	2.3848E-06
4.9666E-09	9.6544E-09	-1.2885E-07	3.0756E-06
1.1644E-08	7.7070E-09	2.1234E-06	4.2019E-06
1.7404E-08	-6.5995E-10	1.7428E-06	2.1328E-06
-3.2419E-09	1.0509E-08	1.0841E-06	2.6432E-06
2.3423E-08	4.7242E-09	4.7049E-07	2.7332E-06
-2.1409E-08	-2.0611E-09	1.2997E-06	3.6453E-06
-1.4170E-08	-1.5168E-08	9.8495E-07	2.5679E-06
-2.2676E-08	6.0775E-09	1.1196E-06	3.6485E-06
2.5657E-08	-1.4260E-08	9.7884E-07	2.6274E-06
-1.3634E-08	-1.2394E-08	1.2107E-06	4.3369E-06
8.6144E-09	2.0959E-08	2.4153E-06	2.0999E-06
-4.1907E-08	1.8638E-08	2.4010E-07	2.8000E-06
-4.4120E-09	-8.4247E-09	1.4580E-06	2.8772E-06
-1.6579E-08	2.3861E-08	2.0919E-07	3.1034E-06
-1.8908E-09	-7.8078E-09	1.5730E-06	3.6479E-06
8.3832E-09	8.1345E-09	1.2339E-06	2.7197E-06
4.6914E-09	-3.5757E-09	8.5317E-07	2.5850E-06
-1.1314E-08	-3.4016E-08	2.7083E-08	3.5097E-06
-3.1915E-08	1.6922E-10	1.3600E-06	3.8705E-06
1.0525E-08	-1.6479E-10	1.0671E-06	3.5794E-06
-4.0769E-08	8.2088E-10	2.1611E-06	3.1984E-06
-3.7716E-08	2.9223E-09	4.9738E-07	2.1604E-06
-7.7393E-09	8.9888E-09	5.4245E-07	3.9136E-06
-3.9220E-08	2.4394E-09	1.2956E-06	3.5283E-06
-7.4313E-09	-1.7464E-08	1.5411E-06	3.1086E-06
3.1601E-08	1.8483E-08	2.4701E-07	2.7279E-06
-6.4106E-09	1.1008E-08	9.2024E-07	4.6633E-06
1.6898E-08	5.6303E-09	2.0426E-06	2.8476E-06
-2.4101E-08	4.0502E-08	2.9424E-07	3.3946E-06
9.3239E-09	1.9588E-09	1.8517E-06	3.9321E-06
-1.2450E-08	-1.7449E-08	1.2041E-06	2.7857E-06
-1.0441E-09	-1.4322E-08	1.3275E-06	3.5844E-06
-5.1620E-09	1.3099E-08	1.3254E-06	2.5881E-06
9.5231E-09	-1.0329E-08	5.9961E-07	3.2972E-06
2.0671E-08	-3.1813E-09	1.1282E-06	3.1201E-06
9.6898E-09	1.0294E-08	4.6822E-07	3.1916E-06
2.6236E-09	1.9901E-08	5.9260E-07	3.7211E-06
-8.4936E-10	-5.2502E-09	1.0006E-06	3.9676E-06
3.1955E-08	1.6180E-08	1.0446E-06	3.6273E-06
2.4271E-09	-7.6237E-09	1.3821E-06	4.4051E-06
-2.6304E-08	1.2783E-08	2.4430E-06	2.9555E-06
-7.1314E-09	-2.1630E-08	6.9955E-07	2.5928E-06
-1.8844E-08	-1.6620E-08	1.0361E-06	3.4501E-06
-4.6541E-09	-7.8064E-09	1.0998E-06	3.0253E-06
2.6202E-08	-2.8849E-08	5.0432E-07	2.8572E-06
-1.2081E-08	-2.3160E-08	2.8211E-07	4.0015E-06
-3.0836E-09	4.7733E-09	1.2819E-06	3.5348E-06
1.0009E-08	8.2166E-09	5.9427E-07	3.8018E-06
-8.0408E-09	-1.9127E-08	1.6295E-06	3.2170E-06
-1.1705E-08	-3.8347E-08	-2.2536E-07	3.2819E-06
1.2083E-08	-5.3449E-09	1.4811E-06	4.3359E-06
-3.0320E-08	-1.5790E-09	4.1877E-07	2.6541E-06
-1.3413E-08	-2.4330E-08	1.6565E-07	4.4698E-06
-2.5223E-08	1.7089E-08	6.8937E-07	4.0251E-06
2.3308E-08	2.6503E-08	8.4338E-07	4.8270E-06
-2.6266E-08	-8.5580E-09	1.5833E-06	4.3810E-06
-3.5749E-08	9.7335E-09	2.0306E-06	4.1566E-06
1.1867E-08	2.1925E-09	1.5664E-06	2.8698E-06
1.8536E-08	-1.3716E-08	7.3680E-07	3.8556E-06
-1.3427E-08	-2.2613E-08	1.4574E-06	3.5780E-06
-2.0719E-08	3.0140E-09	8.5838E-07	3.7994E-06
1.7203E-08	7.8311E-09	1.6937E-06	3.6846E-06
-2.3830E-08	-9.1496E-09	8.3896E-07	3.1200E-06
-8.1106E-09	3.0882E-08	1.1253E-06	3.8223E-06
1.7692E-08	-1.6036E-09	8.3341E-07	2.8212E-06
-9.9868E-09	-2.1665E-08	-1.4465E-07	4.1191E-06
-1.6776E-08	-1.0573E-08	1.4121E-06	4.3524E-06
-1.3597E-09	8.0790E-09	9.0072E-07	3.1665E-06
-1.5580E-08	-8.4300E-09	-7.3523E-08	3.8075E-06
-5.0476E-10	4.4429E-09	3.2971E-07	4.9826E-06
8.3897E-09	2.2609E-08	1.3508E-06	4.6302E-06
-2.8478E-08	2.3273E-08	9.6441E-07	4.6557E-06
-1.5347E-08	1.2813E-08	2.0987E-06	4.7544E-06
-1.1759E-08	1.5382E-08	1.8565E-06	3.6728E-06
-3.5809E-10	7.9651E-09	1.8764E-06	3.6983E-06
-4.4629E-08	-6.0123E-09	1.3134E-06	2.8109E-06
-1.5914E-08	-3.7183E-09	5.7961E-07	3.5155E-06
1.1664E-08	-1.9625E-09	7.6786E-07	3.4346E-06
-3.3298E-08	-1.7539E-09	-6.8364E-08	3.8375E-06
2.0929E-08	-1.2927E-08	5.8300E-07	4.8749E-06
-1.0484E-08	1.9231E-08	1.0143E-06	4.3055E-06
-2.5915E-08	-8.8251E-09	9.5665E-07	4.9874E-06
-2.9591E-08	1.1579E-08	2.2761E-06	4.0708E-06
1.1732E-08	-1.9326E-08	5.8038E-07	3.2300E-06
-1.9186E-08	-9.8840E-09	6.6173E-07	4.7515E-06
5.2363E-10	1.0585E-08	1.3857E-06	4.4021E-06
8.3448E-09	1.6263E-08	1.3715E-06	4.0903E-06
2.7569E-08	-1.4141E-09	9.4735E-07	4.0675E-06
-2.6204E-08	-3.2819E-09	1.3246E-06	4.3762E-06
-5.2676E-10	1.8587E-08	1.1785E-06	3.9148E-06
1.3410E-08	1.6232E-08	1.1583E-06	4.0413E-06
3.0318E-08	2.7228E-08	5.5840E-07	3.7773E-06
2.4572E-08	7.6291E-09	4.8007E-07	4.8903E-06
-1.6647E-08	2.3110E-08	1.2422E-06	4.8479E-06
8.4280E-09	4.4891E-10	1.4400E-06	4.7222E-06
3.0651E-08	1.9746E-08	1.4385E-06	4.3993E-06
2.5122E-08	-1.8107E-08	1.4153E-06	4.7027E-06
7.9790E-09	-1.9661E-08	1.9231E-06	4.4057E-06
1.6518E-08	2.9453E-08	1.5943E-06	3.9620E-06
1.4821E-09	1.0579E-09	1.4544E-06	4.3112E-06
-1.6935E-08	-1.6161E-08	1.9135E-06	3.9152E-06
4.9089E-09	-7.8028E-09	1.1501E-06	3.7162E-06
-6.7511E-09	-2.9061E-09	1.6391E-06	3.9900E-06
2.6307E-08	4.7211E-09	6.7964E-07	3.2555E-06
1.3260E-09	-1.4509E-08	7.4426E-07	4.9909E-06
-1.6698E-08	-5.4562E-09	2.0000E-06	3.8607E-06
-2.3472E-09	3.5933E-09	7.3984E-07	3.5386E-06
-3.1098E-08	1.0180E-10	4.8617E-07	4.0519E-06
-3.9328E-10	1.1539E-08	5.1705E-07	5.0723E-06
-1.8052E-08	2.1117E-09	1.8729E-06	4.7657E-06
-1.8048E-08	-3.4515E-09	1.2977E-06	4.1471E-06
2.2294E-08	-1.3655E-08	1.6607E-06	4.3033E-06
1.4625E-08	3.7171E-08	1.2585E-06	3.7350E-06
2.6630E-08	-9.0637E-09	1.0609E-06	3.8791E-06
-4.0792E-09	1.6576E-08	3.0197E-07	4.1009E-06
-1.9351E-08	-2.4434E-08	1.1621E-06	5.2054E-06
-8.5184E-09	1.7960E-09	1.5007E-06	3.9317E-06
-9.8774E-09	9.1148E-09	6.0298E-07	4.5527E-06
3.8371E-09	1.7365E-08	1.2651E-06	4.8915E-06
3.7289E-08	1.6106E-08	1.6484E-06	4.9014E-06
8.2892E-10	2.4682E-08	1.9994E-06	4.2469E-06
-2.8840E-08	1.6980E-08	1.8329E-06	4.1311E-06
-2.1783E-08	-7.3640E-09	1.7481E-06	3.1386E-06
-3.0187E-09	3.4853E-08	1.1636E-07	3.8104E-06
-2.6091E-08	1.4959E-08	1.4040E-06	5.0835E-06
-2.6951E-09	6.2464E-09	2.2655E-06	3.6843E-06
-8.9029E-09	-8.3979E-09	9.2316E-07	2.5290E-06
6.4713E-09	-1.6359E-08	-5.5588E-07	4.0737E-06
1.4830E-08	1.0191E-08	1.1124E-06	4.9927E-06
-2.6837E-08	1.5009E-08	1.0193E-06	3.7930E-06
-1.3593E-08	1.4143E-08	6.3122E-07	4.2332E-06
-2.6125E-08	-2.2785E-09	6.5797E-07	4.1495E-06
2.2647E-08	-1.2951E-08	6.2126E-07	4.3833E-06
-4.3700E-09	8.9167E-09	4.8437E-07	4.2244E-06
3.3624E-08	-3.6876E-09	2.7689E-07	4.9175E-06
3.1722E-08	9.8811E-09	1.1882E-06	5.0042E-06
1.6839E-08	-3.9277E-08	1.0596E-06	4.2486E-06
-1.2190E-08	1.1988E-08	6.3292E-07	4.5212E-06
4.8733E-09	-6.5961E-09	8.0430E-07	4.6402E-06
-2.0782E-08	1.6236E-08	8.0053E-07	4.6876E-06
-1.0716E-08	2.3404E-08	8.7444E-07	4.6169E-06
1.9937E-08	-1.6451E-08	6.2545E-07	4.6616E-06
-4.7506E-09	1.1933E-08	6.3728E-07	5.2578E-06
-1.8189E-08	-2.9176E-08	1.7446E-06	5.2908E-06
1.2579E-08	-1.6623E-08	1.4714E-06	4.0724E-06
1.1712E-08	2.7430E-08	1.0738E-06	4.6048E-06
-4.2735E-09	-2.7527E-08	9.8558E-07	3.9460E-06
-1.9860E-08	-3.9017E-09	3.7566E-07	5.1903E-06
-2.5823E-09	-4.8088E-09	1.8214E-06	4.7862E-06
-6.5804E-09	-1.3057E-08	1.1321E-06	4.4745E-06
-3.1631E-08	1.6732E-08	1.7436E-06	4.1835E-06
2.3024E-09	-3.0999E-08	8.9814E-07	3.9846E-06
1.8861E-08	2.5214E-08	1.4456E-06	3.8099E-06
-5.7378E-09	-2.1457E-08	1.0451E-07	3.4177E-06
-1.3872E-08	-6.2288E-09	1.1260E-07	4.4725E-06
6.2066E-09	-3.7561E-08	3.9950E-07	4.9016E-06
-3.6169E-08	-9.4852E-09	1.3161E-06	4.1799E-06
-2.6944E-08	-1.0762E-08	-2.6712E-07	4.0914E-06
-8.0980E-09	-3.2928E-08	1.0525E-06	5.0528E-06
9.2980E-09	1.6342E-08	3.9103E-07	3.6278E-06
-1.0973E-08	-5.0905E-10	6.8333E-08	4.7464E-06
-6.3475E-09	1.2306E-08	3.5473E-07	4.5679E-06
-3.3123E-08	2.2683E-08	6.0367E-07	4.5119E-06
1.3319E-08	-3.0261E-08	-6.1687E-08	4.4274E-06
8.0061E-10	-3.0074E-08	9.4650E-07	4.7050E-06
4.0686E-10	2.2020E-08	-3.3754E-07	3.2711E-06
9.5605E-09	5.7191E-09	-1.0123E-06	4.9122E-06
1.4240E-08	-1.0002E-08	-1.0965E-06	5.3910E-06
-1.0891E-09	6.6858E-09	6.5363E-07	6.6080E-06
2.5300E-09	6.0390E-09	3.6563E-07	5.1345E-06
-1.5086E-08	8.8531E-09	-3.1466E-07	5.9752E-06
-1.4114E-08	-1.6405E-08	1.5909E-06	5.3732E-06
7.0815E-09	-9.7175E-10	4.4703E-07	4.8036E-06
5.5175E-09	9.4048E-09	9.1659E-07	4.8845E-06
-4.5696E-09	1.0882E-08	4.6453E-07	4.5464E-06
2.5070E-08	-1.3617E-08	1.5820E-07	4.2665E-06
-1.4432E-08	-1.1039E-08	-5.7462E-07	5.3286E-06
-1.0074E-08	-1.8023E-08	1.0315E-06	5.1470E-06
5.6282E-10	-3.0580E-08	-3.2283E-07	4.0994E-06
3.3693E-08	1.5446E-09	-3.2896E-07	5.2624E-06
3.8064E-08	4.2240E-09	-5.9911E-07	4.9893E-06
2.4202E-08	4.4594E-09	-5.6767E-08	6.3320E-06
1.1609E-08	-1.1326E-08	9.3156E-07	4.7846E-06
-1.2498E-08	6.4355E-09	-6.1671E-07	5.0172E-06
8.0962E-10	-1.2297E-08	3.5996E-07	5.3421E-06
2.2822E-08	-1.4472E-09	-6.6165E-07	4.6911E-06
5.9750E-09	-1.9372E-08	-5.3952E-07	5.9394E-06
-2.5610E-08	1.6173E-08	-1.4277E-07	5.4465E-06
-1.2788E-08	6.6656E-08	-5.6517E-07	5.9236E-06
1.3540E-08	-1.7128E-08	2.4124E-07	6.3084E-06
2.1455E-08	1.0780E-08	6.4036E-07	5.4095E-06
-1.5743E-08	-1.1157E-08	-2.8621E-07	5.3344E-06
2.5118E-09	3.2028E-08	1.9365E-07	5.9556E-06
-4.6271E-08	-2.0806E-08	2.9719E-07	5.3118E-06
1.5140E-08	-7.9914E-09	-4.2025E-09	5.3981E-06
-4.0913E-09	9.1855E-09	-1.2856E-08	5.4503E-06
-3.0979E-08	3.5421E-08	1.3677E-07	5.2789E-06
2.3454E-08	5.8907E-09	-3.4579E-07	5.1986E-06
1.8220E-08	-1.8963E-08	6.1950E-08	5.3842E-06
-1.4588E-08	3.7615E-09	-4.3278E-07	4.6853E-06
1.5066E-08	-2.3019E-09	-7.3101E-07	5.0619E-06
-1.2449E-08	-1.2627E-09	-1.3990E-06	4.7641E-06
-1.0130E-08	5.7282E-09	-1.7719E-06	5.9898E-06
-1.7801E-08	-1.4660E-09	-1.2313E-06	6.0394E-06
-2.0573E-08	-2.2263E-08	-1.3245E-06	6.3446E-06
-4.1000E-08	1.1803E-08	-1.0363E-06	6.3212E-06
-4.3146E-09	5.9573E-09	-1.1063E-06	6.2816E-06
-1.7809E-08	1.5342E-08	-1.5065E-06	6.2520E-06
1.3036E-08	2.3283E-08	-1.6587E-06	6.9648E-06
9.8957E-10	-2.8224E-08	-1.6650E-06	7.3215E-06
3.1809E-09	-6.8138E-09	-1.0323E-06	8.4868E-06
-1.6832E-08	6.7430E-09	3.4014E-07	7.8775E-06
-2.6126E-08	-1.5536E-08	2.1458E-07	7.3321E-06
5.5952E-09	-1.1674E-08	3.2447E-07	7.1251E-06
6.5620E-09	-8.7091E-11	6.3623E-07	7.2122E-06
-7.1279E-09	1.5864E-08	1.2711E-06	5.8217E-06
-5.6880E-09	-2.8526E-08	-7.2889E-07	4.9775E-06
-4.3312E-10	4.4489E-08	-1.3029E-06	6.6548E-06
8.3242E-09	-1.1386E-08	-2.9151E-07	6.6845E-06
2.6285E-08	-1.2275E-09	-8.2346E-07	5.9364E-06
2.8282E-08	1.5072E-08	-1.6980E-06	6.8431E-06
-2.8080E-08	7.7402E-09	-6.3931E-07	7.6563E-06
-6.2095E-10	-1.8325E-08	-3.4903E-07	6.6453E-06
3.3201E-08	2.2980E-08	-9.9451E-07	6.9079E-06
-3.6670E-08	7.0629E-09	-7.4311E-07	6.9533E-06
1.1353E-09	-1.3490E-08	-8.9740E-07	7.2006E-06
-9.1066E-09	8.8090E-09	-4.0435E-07	6.7719E-06
-1.4412E-08	3.7350E-09	-1.3416E-06	6.7100E-06
2.4680E-08	1.7502E-08	-7.8010E-07	6.9643E-06
1.4238E-08	-1.8268E-08	-1.8291E-06	6.2123E-06
-8.1447E-09	-9.1670E-09	-2.5028E-06	7.3964E-06
5.4589E-09	8.8258E-10	-2.6783E-06	8.1718E-06
8.6558E-09	9.7196E-09	-1.9260E-06	9.4357E-06
3.8148E-08	6.7484E-09	-1.0881E-06	9.4039E-06
-1.9513E-08	-6.9301E-09	-2.2962E-07	9.5633E-06
-2.3757E-08	5.3775E-09	1.3650E-07	8.8879E-06
-4.2593E-09	-1.7114E-08	7.0289E-07	8.9565E-06
1.2293E-08	2.0761E-08	1.0639E-06	7.6705E-06
-7.2040E-09	-1.5522E-08	5.2685E-07	7.1337E-06
2.5946E-08	-1.1246E-08	-3.0042E-07	6.4631E-06
7.6179E-09	6.3857E-09	-1.2756E-06	7.2361E-06
7.8521E-09	-1.2016E-08	-1.1728E-06	7.7137E-06
-1.9456E-08	-7.3915E-09	-1.1280E-06	8.1749E-06
-2.2928E-08	-2.1135E-08	-8.2174E-07	8.3581E-06
9.2558E-09	-1.7855E-08	-3.5351E-07	8.4582E-06
7.2221E-09	1.5275E-08	-1.2055E-07	7.9572E-06
3.0595E-09	7.4586E-09	-1.5497E-07	7.6038E-06
-2.2359E-08	-1.8483E-08	-5.8573E-07	7.3777E-06
1.0760E-08	-2.5593E-08	-2.8166E-07	7.0518E-06
-1.7192E-09	-1.1696E-08	-2.0014E-06	6.2871E-06
-7.6069E-10	2.1283E-08	-2.0790E-06	8.2386E-06
1.8656E-09	1.0134E-08	-1.7958E-06	7.2021E-06
-3.2401E-09	8.3844E-09	-2.7664E-06	8.4422E-06
-3.0849E-11	-1.5022E-08	-2.1247E-06	8.3123E-06
-2.8691E-09	-1.0371E-08	-2.6716E-06	9.1163E-06
3.6194E-09	-1.4288E-08	-2.1171E-06	8.9743E-06
-1.1795E-08	2.2286E-08	-2.5376E-06	1.0069E-05
-2.5011E-08	4.2221E-10	-9.5941E-07	9.6374E-06
-2.1701E-09	-6.0706E-10	-1.9828E-06	9.3520E-06
-2.3075E-08	-6.5300E-09	-1.3818E-06	9.6807E-06
-9.5336E-09	2.4798E-08	-1.7628E-06	9.8709E-06
-5.7917E-10	7.1105E-09	-6.9300E-07	9.5443E-06
-3.9795E-08	-7.8034E-09	-2.1197E-06	9.2208E-06
5.0690E-09	2.2502E-09	-8.9631E-07	1.0157E-05
2.8400E-08	7.1404E-10	-1.7234E-06	8.5057E-06
-6.2916E-09	2.5355E-08	-2.4607E-06	1.0128E-05
5.6099E-09	-1.2790E-08	-1.7715E-06	9.9878E-06
1.4853E-08	-9.1945E-09	-1.9825E-06	1.0309E-05
5.2237E-09	2.3563E-08	-1.8703E-06	1.0387E-05
-3.0800E-09	-1.7937E-08	-1.4963E-06	1.0844E-05
1.2607E-08	-7.5378E-09	-1.3525E-06	1.0157E-05
-7.5449E-09	-4.9607E-09	-1.6362E-06	1.0785E-05
1.0781E-08	-1.3177E-09	-9.2627E-07	1.0189E-05
1.6217E-08	1.2403E-08	-1.8141E-06	1.0040E-05
-1.0517E-08	3.2133E-08	-1.6600E-06	1.0240E-05
-2.7547E-08	4.8364E-09	-2.1651E-06	1.0130E-05
-7.0215E-09	-1.4109E-09	-2.5812E-06	1.0402E-05
-1.0409E-08	-1.2903E-08	-2.9967E-06	1.1456E-05
-1.2822E-08	-1.1236E-08	-1.8941E-06	1.1911E-05
9.5055E-09	-1.0258E-08	-1.9664E-06	1.1676E-05
-2.4204E-08	7.6956E-10	-1.3350E-06	1.1829E-05
6.3010E-09	9.3786E-09	-1.6317E-06	1.1208E-05
-6.0564E-09	-1.4809E-08	-1.6890E-06	1.1491E-05
-1.2825E-08	-1.8470E-09	-2.1197E-06	1.1304E-05
7.3783E-09	-2.3787E-08	-2.0512E-06	1.2212E-05
1.2606E-08	-4.0593E-09	-1.2703E-06	1.1863E-05
3.7418E-09	-1.5693E-08	-1.7034E-06	1.1088E-05
-1.2014E-08	1.0838E-08	-2.7112E-06	1.1604E-05
1.4911E-09	-9.8395E-09	-2.1234E-06	1.2160E-05
1.7627E-08	3.4890E-08	-2.6773E-06	1.1818E-05
1.1987E-08	2.4560E-08	-2.5107E-06	1.2604E-05
9.5924E-09	4.5591E-09	-2.9061E-06	1.2289E-05
3.4648E-08	-1.4971E-08	-2.6112E-06	1.3521E-05
-1.6415E-10	4.9693E-09	-2.3214E-06	1.2372E-05
2.0697E-08	2.6252E-08	-3.7291E-06	1.3616E-05
-5.6066E-09	2.8705E-08	-2.2780E-06	1.4637E-05
-7.0752E-08	-7.9898E-09	-1.4840E-06	1.4139E-05
-8.8370E-09	1.0798E-08	-1.3803E-06	1.2927E-05
-1.7843E-08	-2.0828E-09	-3.0572E-06	1.3041E-05
1.8192E-08	3.0668E-09	-2.5028E-06	1.4296E-05
-3.1380E-09	-2.7063E-08	-2.5420E-06	1.3393E-05
2.1266E-08	6.5252E-09	-3.5596E-06	1.4551E-05
3.6830E-08	-4.6682E-08	-2.3629E-06	1.4971E-05
-2.0134E-08	2.9193E-09	-3.0619E-06	1.4691E-05
-3.5306E-08	-3.1795E-10	-2.3483E-06	1.5691E-05
-3.1765E-09	-6.5523E-09	-2.4163E-06	1.4734E-05
-3.8095E-08	5.2249E-09	-2.6332E-06	1.5729E-05
-7.4519E-09	2.1318E-08	-2.3107E-06	1.4775E-05
-2.7941E-09	3.6798E-09	-3.7960E-06	1.5872E-05
-1.6201E-08	1.0297E-08	-2.3177E-06	1.6635E-05
9.0237E-09	-4.4675E-08	-2.8115E-06	1.5996E-05
4.1283E-09	1.2781E-08	-2.4801E-06	1.6877E-05
1.8575E-09	-3.1912E-08	-2.4086E-06	1.6026E-05
-1.2886E-09	-3.5771E-08	-3.2527E-06	1.6770E-05
-1.6627E-08	1.4739E-08	-2.6841E-06	1.6911E-05
-6.4489E-09	1.2711E-08	-3.4379E-06	1.6936E-05
-3.0645E-11	-9.1627E-09	-3.4984E-06	1.7536E-05
-6.4613E-09	-3.4108E-08	-4.0425E-06	1.8239E-05
3.4667E-10	-9.2574E-09	-3.1903E-06	1.9063E-05
1.3457E-09	2.2523E-08	-3.6381E-06	1.8896E-05
1.0119E-08	-1.9964E-08	-2.9996E-06	2.0219E-05
-2.5304E-08	1.8674E-08	-2.6063E-06	1.9298E-05
2.7603E-08	-4.1260E-09	-3.2669E-06	2.0050E-05
5.7622E-08	2.0110E-09	-2.8927E-06	2.0079E-05
-6.7232E-09	1.6001E-08	-3.6127E-06	2.0529E-05
-1.5265E-08	-1.8155E-08	-3.3692E-06	2.1590E-05
-1.4212E-08	9.9599E-09	-2.6453E-06	2.1432E-05
-7.2679E-09	-2.1450E-08	-4.2113E-06	2.1219E-05
-8.7329E-09	-9.7367E-11	-4.2244E-06	2.4064E-05
-3.1185E-08	7.3820E-10	-2.2485E-06	2.3807E-05
-4.3165E-09	6.2447E-09	-3.1930E-06	2.3461E-05
1.5210E-08	-4.4516E-08	-3.5007E-06	2.4752E-05
2.5966E-08	-8.1474E-09	-2.8684E-06	2.5667E-05
4.4469E-09	3.3000E-09	-2.7852E-06	2.5699E-05
-5.7992E-09	2.1276E-09	-3.2845E-06	2.6648E-05
-9.2026E-09	-1.8118E-08	-3.4313E-06	2.7919E-05
-6.3880E-09	-1.7730E-08	-2.8412E-06	2.9768E-05
-1.5741E-08	-4.0804E-08	-1.7083E-06	3.0441E-05
1.5464E-08	-3.4770E-11	-1.5292E-06	3.1126E-05
-1.8303E-08	-4.9492E-08	-1.4236E-06	3.2671E-05
2.8391E-08	1.2547E-09	2.5358E-08	3.4314E-05
1.5071E-08	3.3678E-08	3.3352E-07	3.4984E-05
1.8844E-08	-9.6910E-09	1.6228E-06	3.8031E-05
9.7585E-10	-1.8458E-09	4.2687E-06	3.8675E-05
-1.5572E-08	-1.6365E-08	5.4189E-06	4.0630E-05
-1.2841E-08	-9.5483E-09	9.3669E-06	4.2588E-05
-2.7249E-08	1.1204E-08	1.3439E-05	4.2458E-05
2.3196E-08	-5.5186E-08	1.6916E-05	4.1850E-05
-3.6669E-09	-1.5614E-08	2.1455E-05	4.0578E-05
-1.4541E-08	1.2163E-08	2.4305E-05	3.6728E-05
1.3427E-08	8.1357E-09	2.6344E-05	3.4793E-05
1.5318E-08	-5.6564E-09	2.9247E-05	3.0150E-05
-5.7827E-09	9.7737E-09	2.8872E-05	2.5684E-05
-1.7231E-09	6.9579E-09	2.8390E-05	2.1545E-05
1.2502E-08	-2.5534E-08	2.6072E-05	1.7913E-05
-1.8884E-08	-6.3644E-09	2.3091E-05	1.5061E-05
2.3883E-09	9.0710E-09	1.8966E-05	1.4296E-05
4.2136E-08	-2.6343E-08	1.6171E-05	1.4925E-05
-6.0360E-09	6.4306E-09	1.3980E-05	1.6402E-05
1.1581E-08	-2.8111E-09	1.3456E-05	1.7571E-05
1.0892E-08	2.6914E-09	1.2223E-05	1.7875E-05
2.1407E-08	3.6059E-08	1.0768E-05	1.9689E-05
2.9752E-09	1.0613E-08	1.1445E-05	2.1161E-05
-1.1940E-08	-3.0704E-09	1.0179E-05	2.1489E-05
-2.1185E-08	-2.6609E-08	1.0461E-05	2.4902E-05
-7.4652E-09	5.2910E-09	1.2365E-05	2.5425E-05
3.2235E-08	-8.6969E-09	1.3557E-05	2.6478E-05
1.7692E-08	-2.7780E-08	1.4684E-05	2.5844E-05
-2.3445E-08	1.8529E-08	1.5901E-05	2.7022E-05
3.8762E-09	-2.4185E-08	1.7307E-05	2.4410E-05
-1.5512E-08	1.7529E-09	1.5493E-05	2.5625E-05
-5.1999E-10	1.6865E-08	1.8032E-05	2.5216E-05
-2.3691E-08	-1.0753E-08	1.6419E-05	2.4283E-05
-6.1954E-09	-6.6138E-09	1.6380E-05	2.5156E-05
1.3440E-08	4.4808E-09	1.6010E-05	2.6974E-05
-1.3382E-08	2.2653E-08	1.8707E-05	2.7611E-05
-6.8869E-09	-5.0251E-09	1.8708E-05	2.7390E-05
-1.6018E-08	-7.0726E-09	2.0640E-05	2.8207E-05
-4.4705E-08	7.3232E-09	2.2083E-05	2.8087E-05
-7.8386E-09	-3.4832E-08	2.4823E-05	2.6470E-05
8.2954E-09	-1.8996E-08	2.3634E-05	2.4378E-05
-3.9571E-08	-1.0363E-08	2.4272E-05	2.5077E-05
6.7129E-09	-6.2882E-09	2.5112E-05	2.4067E-05
2.0220E-09	1.6952E-08	2.5892E-05	2.2922E-05
-2.6883E-08	1.1504E-08	2.5480E-05	2.1873E-05
-1.1345E-08	-1.1113E-08	2.6062E-05	2.0615E-05
4.7508E-09	2.6755E-09	2.3929E-05	1.9398E-05
1.0054E-09	-6.3639E-09	2.3697E-05	2.0585E-05
-4.3401E-09	6.7993E-10	2.3275E-05	2.0143E-05
-3.2709E-09	5.5786E-09	2.2718E-05	2.1157E-05
7.0163E-09	1.0217E-08	2.3297E-05	2.2423E-05
-5.2778E-09	7.1859E-09	2.4778E-05	2.2086E-05
5.6717E-09	3.2259E-09	2.4052E-05	2.2698E-05
-1.7167E-08	3.1488E-08	2.7204E-05	2.3644E-05
-2.2549E-08	2.8220E-09	2.7516E-05	2.1093E-05
1.9763E-08	-6.3926E-09	2.8036E-05	2.1900E-05
-2.1314E-08	9.5720E-09	2.9548E-05	2.0067E-05
2.9094E-08	-1.3579E-08	2.9379E-05	1.8783E-05
4.4451E-09	-7.0963E-09	2.9038E-05	1.7384E-05
-1.2224E-08	1.9665E-09	2.8046E-05	1.6889E-05
1.1955E-08	1.4807E-08	2.7691E-05	1.7137E-05
-3.3038E-09	1.6519E-08	2.8233E-05	1.6331E-05
-1.6383E-09	1.4652E-08	2.6330E-05	1.5522E-05
-2.5548E-09	6.6520E-09	2.6256E-05	1.7312E-05
1.7608E-08	1.8966E-09	2.6941E-05	1.6359E-05
-5.2658E-09	-3.4715E-09	2.5485E-05	1.6470E-05
-2.5772E-08	4.5112E-08	2.5580E-05	1.7705E-05
7.5826E-09	-6.1168E-09	2.5621E-05	1.7491E-05
-2.4442E-08	1.7158E-08	2.4557E-05	1.9038E-05
-8.8277E-09	-2.6478E-08	2.6201E-05	2.0532E-05
-1.0309E-08	8.7896E-09	2.6598E-05	2.0573E-05
-1.7612E-08	-1.1525E-08	2.7275E-05	2.1473E-05
-2.4779E-08	-4.9118E-08	2.7511E-05	2.2647E-05
-1.5826E-09	-6.4166E-09	2.9661E-05	2.4223E-05
5.5077E-09	1.0844E-08	3.1005E-05	2.4725E-05
-3.2664E-08	3.5572E-08	3.4107E-05	2.5937E-05
1.5536E-08	1.1148E-08	3.6088E-05	2.4929E-05
-2.6719E-08	1.5241E-08	3.8788E-05	2.6269E-05
1.4101E-08	-4.9931E-08	4.3309E-05	2.4851E-05
2.4673E-08	-1.7600E-08	4.6854E-05	2.2544E-05
3.4893E-08	1.4807E-08	5.0042E-05	1.8261E-05
-2.5332E-09	2.5872E-08	5.0754E-05	1.3545E-05
-3.1521E-08	2.0743E-08	5.0332E-05	9.6578E-06
-1.9903E-09	3.7850E-09	4.9358E-05	6.2788E-06
-1.1741E-08	-3.2103E-08	4.7700E-05	3.5533E-06
8.0639E-09	-1.0329E-09	4.5755E-05	1.2699E-06
-6.6599E-10	-2.3155E-08	4.3148E-05	6.4950E-07
2.4120E-09	-1.7519E-08	4.2452E-05	2.8129E-07
-3.6391E-08	-1.1167E-08	4.0578E-05	-1.1104E-08
8.1844E-10	-6.7245E-10	4.0894E-05	4.5819E-07
-2.5024E-08	1.1488E-08	3.9965E-05	-2.5726E-07
-1.2776E-09	-1.5842E-08	4.0876E-05	3.7570E-07
-1.3096E-08	9.4700E-09	4.0923E-05	-1.1996E-06
2.2440E-08	-1.0521E-08	4.1926E-05	-1.2549E-06
-1.5193E-09	1.5944E-08	4.2195E-05	-4.2105E-06
-2.9398E-08	-4.4798E-09	4.1602E-05	-5.0919E-06
-5.2851E-09	1.9950E-08	4.1203E-05	-7.4935E-06
-1.2446E-08	2.8153E-09	4.0296E-05	-8.2823E-06
1.9271E-08	-2.6650E-08	3.9775E-05	-1.0774E-05
2.2947E-08	5.3097E-09	3.7926E-05	-1.1949E-05
7.3891E-09	-1.0842E-08	3.6322E-05	-1.3642E-05
-3.0810E-09	1.5289E-08	3.4380E-05	-1.3602E-05
-1.2477E-09	8.4205E-09	3.3646E-05	-1.5140E-05
-2.1033E-08	-9.8656E-09	3.0670E-05	-1.5872E-05
-1.4186E-08	1.1580E-08	2.8936E-05	-1.5392E-05
1.3311E-08	-2.9043E-08	2.7551E-05	-1.5431E-05
-2.8080E-08	-2.3678E-09	2.5300E-05	-1.5327E-05
-3.6019E-09	1.5324E-08	2.4268E-05	-1.3774E-05
-2.1397E-08	-4.7496E-09	2.3372E-05	-1.4100E-05
-3.7587E-08	-1.6848E-08	2.1842E-05	-1.2712E-05
-6.0031E-09	7.5965E-09	2.1514E-05	-1.2336E-05
-9.8823E-09	9.7894E-09	2.0717E-05	-1.1347E-05
3.1948E-08	3.4080E-09	2.0093E-05	-1.1717E-05
1.6005E-08	1.5101E-08	1.8030E-05	-9.7647E-06
2.0503E-09	7.5885E-09	1.9055E-05	-8.0246E-06
-7.9418E-09	-2.3770E-09	1.9332E-05	-7.2371E-06
1.1372E-10	-4.5090E-08	2.0817E-05	-6.9962E-06
6.2404E-10	-3.3587E-09	2.0764E-05	-8.2025E-06
1.8671E-08	2.8213E-08	1.9895E-05	-8.0329E-06
-1.0259E-09	-1.2116E-08	2.0292E-05	-7.7232E-06
-1.6079E-09	1.0103E-08	1.9703E-05	-8.5278E-06
-2.1812E-08	1.0965E-08	1.9546E-05	-7.8045E-06
-1.7453E-08	-6.9523E-09	1.9051E-05	-9.3184E-06
2.5544E-08	-1.1524E-08	1.7192E-05	-7.7450E-06
-2.3385E-08	-4.6112E-09	1.8124E-05	-7.7472E-06
-1.4776E-09	1.0957E-08	1.6815E-05	-7.2097E-06
-9.7472E-09	2.7724E-08	1.7566E-05	-7.2983E-06
-4.0141E-09	1.5918E-09	1.5697E-05	-6.8572E-06
2.8519E-08	1.3036E-08	1.6996E-05	-6.0333E-06
-7.4781E-09	-1.2325E-08	1.5233E-05	-7.0498E-06
-3.0226E-08	-2.3851E-08	1.4719E-05	-4.9939E-06
2.3290E-08	1.1227E-10	1.4531E-05	-4.5828E-06
-1.4249E-08	-3.1720E-08	1.4695E-05	-3.2626E-06
-1.9916E-09	-1.9265E-09	1.4274E-05	-2.9803E-06
-2.8493E-08	-9.8011E-09	1.4194E-05	-5.7365E-07
1.3638E-08	-1.1567E-08	1.6000E-05	7.6514E-07
-1.0104E-08	-4.0230E-08	1.7785E-05	1.2431E-06
2.2464E-10	1.6637E-09	1.9412E-05	8.1873E-07
1.3637E-08	1.3051E-09	2.0463E-05	-3.9409E-08
2.8671E-08	1.4982E-08	2.0638E-05	-6.3811E-07
-6.6882E-09	-1.5308E-09	2.1501E-05	-8.2347E-07
-1.3513E-08	5.5832E-09	2.1617E-05	-1.5461E-06
2.7926E-08	-4.2054E-08	2.2718E-05	-9.4501E-07
2.8655E-09	-1.5092E-08	2.4851E-05	-2.6580E-06
1.1344E-08	-1.2460E-08	2.5266E-05	-5.4027E-06
-7.8135E-09	8.8298E-09	2.3856E-05	-8.3310E-06
-1.2047E-08	2.8409E-08	2.1045E-05	-8.9332E-06
-4.8176E-09	1.2562E-08	1.9870E-05	-8.4965E-06
2.7232E-09	-1.0178E-08	1.8523E-05	-8.4154E-06
8.5370E-10	-6.6260E-09	1.7680E-05	-7.2717E-06
1.5921E-08	1.7375E-08	1.7783E-05	-6.9045E-06
-1.7438E-08	-7.3374E-09	1.7189E-05	-6.5151E-06
7.4538E-09	6.9654E-09	1.7374E-05	-5.8358E-06
-9.9782E-09	-9.6850E-09	1.7371E-05	-5.3999E-06
-9.7740E-09	-4.0617E-08	1.8677E-05	-4.8040E-06
-2.1874E-08	5.5451E-09	1.9642E-05	-6.5231E-06
1.4418E-09	1.3659E-08	1.8847E-05	-7.7628E-06
-1.7209E-08	9.8251E-09	1.7942E-05	-8.6719E-06
1.1586E-08	6.4788E-09	1.6412E-05	-8.8821E-06
-5.4271E-09	5.9450E-09	1.5517E-05	-8.4465E-06
3.7941E-08	-3.5213E-09	1.4906E-05	-8.2890E-06
-2.9388E-08	1.8949E-08	1.4046E-05	-8.3670E-06
-1.0774E-08	3.8675E-08	1.2496E-05	-7.9031E-06
-4.7835E-09	-2.4856E-08	1.1806E-05	-6.3021E-06
1.9758E-08	1.5551E-08	1.1877E-05	-5.7527E-06
2.1349E-08	1.4700E-08	1.1169E-05	-4.7110E-06
1.2072E-08	6.7323E-09	1.1871E-05	-3.9703E-06
3.0090E-08	1.3044E-09	1.1005E-05	-4.1998E-06
-2.2711E-08	2.9528E-08	1.0103E-05	-2.6110E-06
-1.4572E-08	1.1502E-08	1.0332E-05	-8.3351E-07
-2.0667E-08	-6.4613E-09	1.1646E-05	2.0183E-08
-1.6454E-08	-2.1901E-08	1.1461E-05	-5.9349E-08
-3.7858E-08	-2.7057E-08	1.1477E-05	1.1731E-06
1.6577E-08	-1.4986E-08	1.1325E-05	2.2598E-06
1.3156E-08	5.5133E-09	1.2569E-05	4.3326E-06
1.1731E-10	-1.1646E-08	1.3708E-05	4.8002E-06
-5.0493E-09	1.9874E-08	1.5582E-05	6.4422E-06
-1.6787E-08	1.5543E-08	1.7876E-05	5.7588E-06
2.9960E-08	-5.1766E-08	1.9861E-05	5.2613E-06
1.0989E-08	-2.3022E-08	2.0002E-05	2.2452E-06
-7.4135E-09	2.9401E-09	1.8406E-05	3.5433E-06
1.1152E-08	2.0928E-08	1.9839E-05	3.4821E-06
9.0229E-09	1.6658E-08	1.9571E-05	4.4954E-06
-3.5977E-08	-2.0168E-08	2.2057E-05	4.3887E-06
3.7583E-08	5.2539E-09	2.2175E-05	3.5116E-06
-2.5332E-08	-2.5946E-08	2.2710E-05	3.2139E-06
4.0950E-08	4.3431E-09	2.3247E-05	4.1617E-06
-1.2561E-08	3.2688E-08	2.5477E-05	2.5672E-06
2.1415E-09	1.3821E-08	2.4001E-05	2.5755E-06
-2.4807E-09	-2.7549E-08	2.6723E-05	3.0416E-06
-3.3216E-09	-3.8773E-09	2.6723E-05	1.7003E-06
-6.0344E-09	3.7118E-08	2.8729E-05	1.2404E-06
1.9208E-08	-1.8869E-08	2.7707E-05	-6.5392E-07
6.1998E-09	-8.9378E-09	2.8672E-05	5.3831E-07
1.0586E-08	-1.5210E-08	2.9754E-05	-6.3844E-07
1.6812E-08	4.0155E-08	3.1219E-05	-1.2624E-06
5.4663E-08	2.1129E-08	3.1278E-05	-2.9529E-06
1.1408E-09	-6.9176E-09	3.2498E-05	-3.0825E-06
-3.0376E-09	-1.9037E-08	3.3091E-05	-4.7199E-06
1.9114E-08	-1.5699E-08	3.5055E-05	-5.2461E-06
-2.4729E-08	-6.1928E-09	3.6449E-05	-8.4168E-06
1.5440E-08	1.9657E-09	3.8091E-05	-1.1492E-05
1.0486E-08	2.4366E-09	3.6422E-05	-1.7856E-05
4.1500E-08	-2.5762E-08	3.1845E-05	-1.9475E-05
1.1997E-08	3.4269E-09	2.9463E-05	-1.9864E-05
-8.7896E-10	-1.6419E-08	2.7953E-05	-2.0481E-05
-1.6335E-08	1.6957E-08	2.4612E-05	-2.1329E-05
-1.0714E-08	-2.9969E-08	2.3276E-05	-1.8897E-05
-1.5780E-08	-1.4718E-08	2.3329E-05	-1.9371E-05
-1.1146E-08	-2.0274E-08	2.2847E-05	-1.9431E-05
1.2090E-08	-3.1615E-08	2.0953E-05	-2.0954E-05
-1.5724E-08	4.8270E-10	1.9403E-05	-1.9020E-05
-1.8354E-08	3.3606E-08	1.8990E-05	-1.9888E-05
-3.2096E-09	5.7036E-12	1.7334E-05	-1.7967E-05
-2.8262E-08	-1.3529E-08	1.8101E-05	-1.8483E-05
1.8876E-08	2.4563E-08	1.5961E-05	-1.7484E-05
2.9544E-08	1.7660E-08	1.7041E-05	-1.6280E-05
-2.8718E-08	-1.0068E-08	1.7140E-05	-1.6402E-05
-2.1330E-08	-5.7210E-09	1.7281E-05	-1.7039E-05
1.4421E-09	-1.4581E-08	1.6132E-05	-1.6797E-05
-1.5356E-09	-7.3338E-10	1.6318E-05	-1.6447E-05
1.9021E-08	1.2378E-08	1.6077E-05	-1.6157E-05
-1.4751E-08	1.0396E-08	1.6431E-05	-1.6537E-05
1.1139E-08	-2.1372E-08	1.5705E-05	-1.6512E-05
1.7775E-08	1.6869E-09	1.5830E-05	-1.6541E-05
7.2005E-09	2.6322E-08	1.5469E-05	-1.6217E-05
5.2461E-08	1.8691E-08	1.6411E-05	-1.6721E-05
-1.2765E-08	1.0908E-08	1.5390E-05	-1.8046E-05
2.3830E-08	2.6113E-08	1.4216E-05	-1.7641E-05
-4.0062E-09	2.1535E-08	1.4295E-05	-1.7321E-05
1.1876E-08	2.2860E-08	1.3530E-05	-1.7955E-05
1.1352E-08	3.8771E-08	1.2971E-05	-1.6834E-05
-1.7959E-08	-2.9031E-10	1.3517E-05	-1.7350E-05
2.5173E-08	1.9582E-08	1.2922E-05	-1.7355E-05
1.4392E-08	-2.5668E-08	1.2750E-05	-1.8347E-05
5.4956E-08	-2.1500E-08	1.0762E-05	-1.7908E-05
4.8162E-09	-8.5712E-09	1.0988E-05	-1.6770E-05
7.7088E-09	-4.2566E-08	1.1348E-05	-1.7001E-05
1.1921E-08	2.1192E-09	1.0268E-05	-1.8018E-05
-7.7598E-09	-1.5736E-09	8.8321E-06	-1.6391E-05
-1.5387E-08	4.4082E-09	9.2174E-06	-1.5945E-05
-1.2550E-08	-9.2828E-09	9.1996E-06	-1.4173E-05
5.3149E-09	9.8074E-09	1.1567E-05	-1.5518E-05
2.8024E-08	-8.0169E-10	9.3805E-06	-1.6415E-05
-5.5641E-09	4.0789E-09	9.7764E-06	-1.5924E-05
4.5075E-08	1.2237E-08	8.3038E-06	-1.5925E-05
2.6071E-09	-4.4988E-08	8.9581E-06	-1.4961E-05
9.6956E-11	-6.8315E-09	8.8869E-06	-1.5097E-05
-4.1188E-09	8.7058E-09	8.3135E-06	-1.5951E-05
5.9907E-10	-3.2069E-09	8.4263E-06	-1.3878E-05
-2.7220E-10	-3.0979E-09	8.5450E-06	-1.6095E-05
-4.2467E-10	-2.2173E-09	6.7727E-06	-1.4553E-05
3.6557E-10	-1.8096E-09	7.8842E-06	-1.3827E-05
9.6736E-10	-2.4399E-09	7.9457E-06	-1.3983E-05
5.2023E-10	-3.1818E-09	8.4986E-06	-1.4401E-05
-3.2971E-10	-2.9491E-09	7.3719E-06	-1.4989E-05
-3.5837E-10	-2.0552E-09	7.2551E-06	-1.4416E-05
4.7868E-10	-1.7624E-09	6.4033E-06	-1.4416E-05
9.8382E-10	-2.4692E-09	6.9621E-06	-1.3444E-05
4.3737E-10	-3.1400E-09	6.4352E-06	-1.4343E-05
-3.7113E-10	-2.7932E-09	6.2083E-06	-1.2873E-05
-2.7862E-10	-1.9085E-09	6.9212E-06	-1.3706E-05
5.8294E-10	-1.7354E-09	5.8382E-06	-1.3310E-05
9.7969E-10	-2.4991E-09	6.5497E-06	-1.2910E-05
3.4858E-10	-3.0815E-09	6.2223E-06	-1.3759E-05
-3.9770E-10	-2.6287E-09	5.0068E-06	-1.3237E-05
-1.8513E-10	-1.7750E-09	5.3277E-06	-1.2302E-05
6.8050E-10	-1.7271E-09	5.1662E-06	-1.2210E-05
9.5760E-10	-2.5307E-09	5.8184E-06	-1.1611E-05
2.5417E-10	-3.0093E-09	5.3564E-06	-1.2610E-05
-4.1253E-10	-2.4576E-09	4.6190E-06	-1.0879E-05
-8.1497E-11	-1.6525E-09	6.4141E-06	-1.0738E-05
7.7170E-10	-1.7330E-09	6.2469E-06	-1.1824E-05
9.2220E-10	-2.5621E-09	5.5593E-06	-1.1622E-05
1.5800E-10	-2.9272E-09	6.0685E-06	-1.1077E-05
-4.1732E-10	-2.2850E-09	6.1603E-06	-1.2103E-05
2.6643E-11	-1.5417E-09	5.1790E-06	-1.1705E-05
8.5358E-10	-1.7480E-09	5.5080E-06	-1.1491E-05
8.7685E-10	-2.5885E-09	5.1782E-06	-1.1437E-05
6.5880E-11	-2.8361E-09	5.2389E-06	-1.1503E-05
-4.1064E-10	-2.1165E-09	4.4158E-06	-1.1111E-05
1.3492E-10	-1.4458E-09	5.2965E-06	-1.0155E-05
9.2140E-10	-1.7696E-09	5.7503E-06	-1.1335E-05
8.2187E-10	-2.6047E-09	4.4614E-06	-1.1403E-05
-1.7697E-11	-2.7341E-09	4.3546E-06	-1.0218E-05
-3.8926E-10	-1.9552E-09	5.2991E-06	-1.0037E-05
2.4211E-10	-1.3688E-09	5.2998E-06	-1.0727E-05
9.7165E-10	-1.7981E-09	5.0662E-06	-1.0514E-05
7.5558E-10	-2.6080E-09	5.1931E-06	-1.1147E-05
-9.1473E-11	-2.6191E-09	3.8321E-06	-1.0877E-05
-3.5106E-10	-1.8008E-09	4.4681E-06	-9.8335E-06
3.4919E-10	-1.3118E-09	4.3570E-06	-1.0388E-05
1.0041E-09	-1.8349E-09	4.3335E-06	-9.7207E-06
6.7716E-10	-2.5991E-09	4.2259E-06	-1.0001E-05
-1.5668E-10	-2.4908E-09	4.5584E-06	-8.9200E-06
-2.9710E-10	-1.6522E-09	5.3605E-06	-1.0365E-05
4.5669E-10	-1.2728E-09	3.6098E-06	-9.9236E-06
1.0213E-09	-1.8790E-09	4.7028E-06	-9.1387E-06
5.8868E-10	-2.5802E-09	4.4278E-06	-9.6474E-06
-2.1446E-10	-2.3526E-09	4.7558E-06	-9.4193E-06
-2.3109E-10	-1.5096E-09	4.3045E-06	-9.7611E-06
5.6260E-10	-1.2483E-09	4.5581E-06	-9.2427E-06
1.0257E-09	-1.9269E-09	4.5187E-06	-9.8010E-06
4.9472E-10	-2.5521E-09	4.1168E-06	-9.5595E-06
-2.6370E-10	-2.2090E-09	4.1777E-06	-9.1446E-06
-1.5696E-10	-1.3760E-09	4.9549E-06	-9.6813E-06
6.6254E-10	-1.2356E-09	3.2391E-06	-1.0408E-05
1.0179E-09	-1.9736E-09	3.4579E-06	-8.3349E-06
4.0006E-10	-2.5132E-09	4.1902E-06	-9.5109E-06
-3.0111E-10	-2.0636E-09	3.2957E-06	-8.4823E-06
-7.6661E-11	-1.2556E-09	4.8107E-06	-8.9123E-06
7.5208E-10	-1.2347E-09	3.4753E-06	-9.7757E-06
9.9624E-10	-2.0150E-09	3.0633E-06	-8.6712E-06
3.0741E-10	-2.4607E-09	3.5893E-06	-8.0797E-06
-3.2334E-10	-1.9175E-09	4.3424E-06	-8.4810E-06
1.0109E-11	-1.1515E-09	3.9045E-06	-9.1270E-06
8.2887E-10	-1.2468E-09	3.2065E-06	-8.9583E-06
9.5897E-10	-2.0500E-09	3.0879E-06	-8.0319E-06
2.1705E-10	-2.3926E-09	3.9099E-06	-7.8944E-06
-3.2916E-10	-1.7703E-09	4.2143E-06	-8.3185E-06
1.0410E-10	-1.0641E-09	3.8366E-06	-9.1248E-06
8.9322E-10	-1.2725E-09	2.9393E-06	-8.4197E-06
9.0623E-10	-2.0789E-09	3.5472E-06	-8.2755E-06
1.2849E-10	-2.3099E-09	3.0500E-06	-8.1281E-06
-3.1998E-10	-1.6220E-09	3.7224E-06	-8.1116E-06
2.0438E-10	-9.9167E-10	2.7351E-06	-8.4110E-06
9.4642E-10	-1.3097E-09	3.1640E-06	-7.1847E-06
8.4075E-10	-2.1023E-09	3.8167E-06	-7.9158E-06
4.2599E-11	-2.2156E-09	3.0821E-06	-8.0609E-06
-2.9843E-10	-1.4747E-09	3.2392E-06	-7.1445E-06
3.0767E-10	-9.3256E-10	4.3275E-06	-7.8976E-06
9.8874E-10	-1.3545E-09	2.9091E-06	-8.6788E-06
7.6642E-10	-2.1187E-09	2.7407E-06	-7.2633E-06
-3.7693E-11	-2.1126E-09	3.5815E-06	-7.4482E-06
-2.6622E-10	-1.3323E-09	3.4599E-06	-7.8785E-06
4.0962E-10	-8.8667E-10	3.1812E-06	-8.1012E-06
1.0186E-09	-1.4027E-09	2.3202E-06	-8.0486E-06
6.8629E-10	-2.1249E-09	2.3928E-06	-6.5014E-06
-1.0849E-10	-2.0025E-09	3.8811E-06	-7.2143E-06
-2.2322E-10	-1.1988E-09	2.7166E-06	-7.6227E-06
5.0685E-10	-8.5551E-10	3.3365E-06	-7.1091E-06
1.0333E-09	-1.4520E-09	3.0035E-06	-7.6602E-06
6.0143E-10	-2.1181E-09	2.8849E-06	-7.8540E-06
-1.6695E-10	-1.8850E-09	1.4163E-06	-7.0829E-06
-1.6833E-10	-1.0763E-09	3.5056E-06	-5.7575E-06
5.9803E-10	-8.4060E-10	3.2293E-06	-7.8080E-06
1.0315E-09	-1.5019E-09	3.0483E-06	-6.9594E-06
5.1176E-10	-2.0968E-09	2.4435E-06	-8.3487E-06
-2.1241E-10	-1.7598E-09	1.5272E-06	-6.5777E-06
-1.0128E-10	-9.6501E-10	2.1752E-06	-7.0613E-06
6.8328E-10	-8.4175E-10	1.5044E-06	-5.7775E-06
1.0137E-09	-1.5524E-09	2.9368E-06	-6.1644E-06
4.1774E-10	-2.0621E-09	2.0049E-06	-6.0912E-06
-2.4581E-10	-1.6280E-09	3.0542E-06	-5.8893E-06
-2.3823E-11	-8.6425E-10	2.2998E-06	-6.5102E-06
7.6247E-10	-8.5669E-10	2.4745E-06	-5.6036E-06
9.8234E-10	-1.6021E-09	2.9204E-06	-6.0854E-06
3.2160E-10	-2.0159E-09	2.5161E-06	-6.0547E-06
-2.6810E-10	-1.4924E-09	2.9228E-06	-6.0423E-06
6.0707E-11	-7.7426E-10	2.1408E-06	-6.8093E-06
8.3397E-10	-8.8225E-10	1.1257E-06	-5.3363E-06
9.3974E-10	-1.6484E-09	2.5188E-06	-4.2735E-06
2.2697E-10	-1.9591E-09	3.4111E-06	-5.0276E-06
-2.7893E-10	-1.3570E-09	3.2025E-06	-5.4097E-06
1.4892E-10	-6.9679E-10	3.6339E-06	-5.6771E-06
8.9492E-10	-9.1593E-10	2.6518E-06	-6.7067E-06
8.8708E-10	-1.6875E-09	1.7102E-06	-5.1861E-06
1.3740E-10	-1.8916E-09	3.0665E-06	-4.7739E-06
-2.7676E-10	-1.2246E-09	2.9625E-06	-5.7338E-06
2.3877E-10	-6.3418E-10	2.0151E-06	-4.9608E-06
9.4261E-10	-9.5676E-10	3.8164E-06	-4.2973E-06
8.2426E-10	-1.7169E-09	3.0829E-06	-6.6813E-06
5.5018E-11	-1.8122E-09	1.5615E-06	-4.4969E-06
-2.6019E-10	-1.0966E-09	3.2994E-06	-4.6555E-06
3.2961E-10	-5.8783E-10	2.4911E-06	-4.3486E-06
9.7583E-10	-1.0046E-09	3.8697E-06	-4.4888E-06
7.5116E-10	-1.7358E-09	2.6062E-06	-4.7714E-06
-1.9679E-11	-1.7210E-09	3.7654E-06	-3.4092E-06
-2.2929E-10	-9.7329E-10	4.6860E-06	-4.4649E-06
4.2107E-10	-5.5737E-10	4.5646E-06	-5.1244E-06
9.9513E-10	-1.0587E-09	4.3929E-06	-5.1452E-06
6.6893E-10	-1.7444E-09	4.7917E-06	-5.9972E-06
-8.6724E-11	-1.6194E-09	3.3902E-06	-6.1132E-06
-1.8584E-10	-8.5525E-10	4.0184E-06	-5.4514E-06
5.1179E-10	-5.4106E-10	3.7310E-06	-5.9180E-06
1.0017E-09	-1.1168E-09	4.3037E-06	-5.9285E-06
5.8028E-10	-1.7433E-09	3.3815E-06	-6.8565E-06
-1.4540E-10	-1.5102E-09	3.3717E-06	-6.2005E-06
-1.3235E-10	-7.4425E-10	2.6209E-06	-7.1054E-06
5.9906E-10	-5.3714E-10	1.8950E-06	-5.7088E-06
9.9628E-10	-1.1758E-09	2.3888E-06	-5.7024E-06
4.8856E-10	-1.7316E-09	2.1023E-06	-5.1043E-06
-1.9386E-10	-1.3963E-09	2.8312E-06	-4.9251E-06
-7.0746E-11	-6.4301E-10	2.9037E-06	-5.4068E-06
6.7967E-10	-5.4479E-10	2.3144E-06	-5.2091E-06
9.7835E-10	-1.2324E-09	3.0468E-06	-4.6781E-06
3.9645E-10	-1.7079E-09	2.8502E-06	-5.5465E-06
-2.2983E-10	-1.2794E-09	2.7113E-06	-4.7602E-06
-1.8445E-12	-5.5404E-10	3.0791E-06	-5.4592E-06
7.5122E-10	-5.6410E-10	2.4445E-06	-4.9839E-06
9.4711E-10	-1.2845E-09	3.1232E-06	-5.0635E-06
3.0534E-10	-1.6708E-09	2.7138E-06	-5.4089E-06
-2.5191E-10	-1.1604E-09	2.5067E-06	-5.2722E-06
7.4102E-11	-4.7858E-10	2.4116E-06	-5.0614E-06
8.1272E-10	-5.9508E-10	2.3456E-06	-5.0253E-06
9.0247E-10	-1.3315E-09	2.3458E-06	-4.7672E-06
2.1586E-10	-1.6204E-09	2.1981E-06	-4.7360E-06
-2.6017E-10	-1.0397E-09	2.5272E-06	-4.1698E-06
1.5628E-10	-4.1649E-10	2.7048E-06	-4.7177E-06
8.6415E-10	-6.3659E-10	2.5563E-06	-4.3086E-06
8.4577E-10	-1.3728E-09	2.5465E-06	-4.6891E-06
1.2893E-10	-1.5579E-09	2.4730E-06	-3.6781E-06
-2.5577E-10	-9.1894E-10	3.4450E-06	-4.3795E-06
2.4265E-10	-3.6709E-10	2.9107E-06	-4.1367E-06
9.0544E-10	-6.8625E-10	3.8419E-06	-4.7870E-06
7.7939E-10	-1.4075E-09	2.6145E-06	-5.0757E-06
4.6474E-11	-1.4853E-09	3.0198E-06	-4.5755E-06
-2.3988E-10	-8.0066E-10	2.9300E-06	-4.6624E-06
3.3027E-10	-3.3016E-10	3.3369E-06	-5.2631E-06
9.3567E-10	-7.4114E-10	1.8579E-06	-5.3311E-06
7.0571E-10	-1.4336E-09	2.3079E-06	-4.2019E-06
-2.8877E-11	-1.4041E-09	2.4515E-06	-4.3248E-06
-2.1298E-10	-6.8779E-10	3.0528E-06	-4.1520E-06
4.1631E-10	-3.0627E-10	3.1997E-06	-4.9122E-06
9.5336E-10	-7.9889E-10	2.5711E-06	-5.6980E-06
6.2633E-10	-1.4490E-09	1.0912E-06	-4.7877E-06
-9.4716E-11	-1.3149E-09	2.1630E-06	-3.8891E-06
-1.7488E-10	-5.8258E-10	1.7665E-06	-4.1285E-06
4.9888E-10	-2.9626E-10	2.6497E-06	-3.5685E-06
9.5725E-10	-8.5813E-10	2.1312E-06	-4.4217E-06
5.4207E-10	-1.4522E-09	2.2496E-06	-3.3393E-06
-1.4970E-10	-1.2182E-09	2.7270E-06	-3.8272E-06
-1.2559E-10	-4.8618E-10	2.7750E-06	-3.8130E-06
5.7704E-10	-3.0021E-10	2.4571E-06	-4.0248E-06
9.4720E-10	-9.1800E-10	2.9532E-06	-3.5377E-06
4.5373E-10	-1.4431E-09	2.8584E-06	-4.5313E-06
-1.9359E-10	-1.1146E-09	2.2557E-06	-4.0918E-06
-6.6100E-11	-3.9895E-10	2.1170E-06	-3.9991E-06
6.5009E-10	-3.1705E-10	2.2502E-06	-3.2467E-06
9.2421E-10	-9.7735E-10	2.8508E-06	-3.5374E-06
3.6290E-10	-1.4224E-09	2.5967E-06	-3.8273E-06
-2.2657E-10	-1.0062E-09	2.1779E-06	-3.3040E-06
1.5421E-12	-3.2136E-10	3.2730E-06	-2.9082E-06
7.1680E-10	-3.4484E-10	3.1122E-06	-3.8922E-06
8.8975E-10	-1.0342E-09	3.1343E-06	-3.5351E-06
2.7203E-10	-1.3907E-09	2.8210E-06	-4.1739E-06
-2.4847E-10	-8.9556E-10	2.6049E-06	-3.4830E-06
7.4876E-11	-2.5451E-10	2.4645E-06	-3.4170E-06
7.7523E-10	-3.8162E-10	3.7203E-06	-2.4339E-06
8.4497E-10	-1.0861E-09	4.0342E-06	-4.9250E-06
1.8385E-10	-1.3482E-09	2.0644E-06	-3.7820E-06
-2.5850E-10	-7.8517E-10	3.5979E-06	-3.5318E-06
1.5185E-10	-1.9992E-10	2.8953E-06	-4.2831E-06
8.2333E-10	-4.2602E-10	2.7028E-06	-3.7288E-06
7.9040E-10	-1.1307E-09	3.2530E-06	-3.5490E-06
1.0054E-10	-1.2947E-09	3.0225E-06	-4.3897E-06
-2.5580E-10	-6.7687E-10	2.8289E-06	-3.3980E-06
2.3116E-10	-1.5884E-10	3.5888E-06	-4.7900E-06
8.5969E-10	-4.7722E-10	1.6190E-06	-4.0504E-06
7.2641E-10	-1.1666E-09	3.4754E-06	-3.6381E-06
2.3355E-11	-1.2301E-09	1.7588E-06	-4.9326E-06
-2.4015E-10	-5.7171E-10	1.8668E-06	-2.7792E-06
3.1185E-10	-1.3157E-10	2.6142E-06	-3.5125E-06
8.8391E-10	-5.3433E-10	2.2780E-06	-2.7525E-06
6.5385E-10	-1.1932E-09	3.3766E-06	-2.8133E-06
-4.6992E-11	-1.1554E-09	3.5279E-06	-3.4320E-06
-2.1235E-10	-4.7065E-10	3.2311E-06	-3.8723E-06
3.9267E-10	-1.1747E-10	3.1982E-06	-3.5175E-06
8.9629E-10	-5.9578E-10	3.3184E-06	-4.4232E-06
5.7449E-10	-1.2104E-09	2.0695E-06	-3.5638E-06
-1.0970E-10	-1.0721E-09	3.9157E-06	-3.3300E-06
-1.7390E-10	-3.7506E-10	2.5884E-06	-4.9156E-06
4.7168E-10	-1.1549E-10	2.4753E-06	-3.1404E-06
8.9718E-10	-6.5926E-10	3.1796E-06	-4.0446E-06
4.9068E-10	-1.2176E-09	2.9135E-06	-3.5211E-06
-1.6349E-10	-9.8246E-10	3.7152E-06	-4.6241E-06
-1.2634E-10	-2.8688E-10	2.1656E-06	-5.3386E-06
5.4652E-10	-1.2483E-10	1.0951E-06	-4.3489E-06
8.8650E-10	-7.2226E-10	1.5993E-06	-3.1461E-06
4.0471E-10	-1.2140E-09	1.8276E-06	-3.4265E-06
-2.0676E-10	-8.8817E-10	2.1583E-06	-2.5149E-06
-7.0767E-11	-2.0813E-10	2.7398E-06	-3.5167E-06
6.1502E-10	-1.4511E-10	2.1203E-06	-2.6993E-06
8.6391E-10	-7.8273E-10	3.4097E-06	-3.2650E-06
3.1828E-10	-1.1986E-09	2.4889E-06	-3.6285E-06
-2.3822E-10	-7.9049E-10	2.7966E-06	-3.6107E-06
-7.9326E-12	-1.4023E-10	2.1223E-06	-3.3729E-06
6.7574E-10	-1.7602E-10	3.0778E-06	-2.9896E-06
8.2938E-10	-8.3931E-10	3.4141E-06	-3.9601E-06
2.3260E-10	-1.1711E-09	2.3645E-06	-5.3214E-06
-2.5737E-10	-6.9040E-10	2.7194E-07	-3.5119E-06
6.1276E-11	-8.3790E-11	2.4939E-06	-2.3448E-06
7.2792E-10	-2.1675E-10	2.1621E-06	-3.6563E-06
7.8358E-10	-8.9105E-10	2.2000E-06	-3.1732E-06
1.4878E-10	-1.1319E-09	1.6429E-06	-3.6135E-06
-2.6451E-10	-5.8925E-10	1.5853E-06	-2.4328E-06
1.3537E-10	-3.8856E-11	2.5905E-06	-2.5906E-06
7.7107E-10	-2.6573E-10	2.3413E-06	-3.4976E-06
7.2797E-10	-9.3693E-10	1.4101E-06	-2.7923E-06
6.8356E-11	-1.0823E-09	2.3806E-06	-2.5117E-06
-2.6026E-10	-4.8890E-10	1.6331E-06	-2.7592E-06
2.1225E-10	-5.4308E-12	2.3740E-06	-1.9266E-06
8.0444E-10	-3.2089E-10	2.2225E-06	-2.4730E-06
6.6431E-10	-9.7551E-10	2.9300E-06	-1.7096E-06
-6.7252E-12	-1.0233E-09	3.1279E-06	-3.2106E-06
-2.4509E-10	-3.9160E-10	1.8551E-06	-2.4687E-06
2.8965E-10	1.6193E-11	3.1229E-06	-1.5777E-06
8.2702E-10	-3.8019E-10	3.8329E-06	-3.1632E-06
5.9411E-10	-1.0052E-09	2.1456E-06	-3.1705E-06
-7.4486E-11	-9.5592E-10	3.3086E-06	-2.3382E-06
-2.1918E-10	-2.9941E-10	2.4881E-06	-3.6979E-06
3.6565E-10	2.5571E-11	2.5020E-06	-2.1681E-06
8.3782E-10	-4.4203E-10	2.7242E-06	-3.4804E-06
5.1855E-10	-1.0246E-09	1.9235E-06	-1.8368E-06
-1.3343E-10	-8.8075E-10	3.8119E-06	-2.6281E-06
-1.8274E-10	-2.1381E-10	2.4868E-06	-3.2026E-06
4.3885E-10	2.2558E-11	2.8223E-06	-2.8797E-06
8.3641E-10	-5.0518E-10	2.2978E-06	-2.8052E-06
4.3865E-10	-1.0330E-09	2.9321E-06	-2.9069E-06
-1.8274E-10	-7.9864E-10	1.4837E-06	-3.0774E-06
-1.3645E-10	-1.3573E-10	2.2588E-06	-1.0912E-06
5.0819E-10	7.6710E-12	3.6576E-06	-2.1156E-06
8.2307E-10	-5.6838E-10	3.0414E-06	-2.6347E-06
3.5576E-10	-1.0305E-09	3.1641E-06	-2.0846E-06
-2.2206E-10	-7.1096E-10	4.1867E-06	-2.7847E-06
-8.1662E-11	-6.5932E-11	3.0800E-06	-3.8235E-06
5.7246E-10	-1.7932E-11	2.9802E-06	-3.2147E-06
7.9859E-10	-6.3007E-10	2.0810E-06	-3.8549E-06
2.7173E-10	-1.0174E-09	2.2492E-06	-1.8789E-06
-2.5107E-10	-6.1963E-10	3.3285E-06	-3.7284E-06
-2.0133E-11	-5.3422E-12	1.1136E-06	-2.5957E-06
6.3017E-10	-5.2825E-11	3.2781E-06	-2.0164E-06
7.6385E-10	-6.8830E-10	2.2487E-06	-2.8765E-06
1.8866E-10	-9.9368E-10	3.1816E-06	-2.2526E-06
-2.6924E-10	-5.2669E-10	2.3202E-06	-3.1586E-06
4.6368E-11	4.4895E-11	2.7709E-06	-2.1831E-06
6.7968E-10	-9.5716E-11	2.2098E-06	-2.9105E-06
7.1951E-10	-7.4114E-10	2.9124E-06	-1.3846E-06
1.0854E-10	-9.5952E-10	3.5718E-06	-3.2228E-06
-2.7599E-10	-4.3394E-10	2.3218E-06	-2.6436E-06
1.1637E-10	8.3734E-11	2.8844E-06	-2.4738E-06
7.1962E-10	-1.4557E-10	3.1653E-06	-2.4607E-06
6.6613E-10	-7.8706E-10	2.8262E-06	-3.4543E-06
3.2896E-11	-9.1496E-10	2.2318E-06	-2.2564E-06
-2.7104E-10	-3.4277E-10	3.1984E-06	-3.0842E-06
1.8867E-10	1.1061E-10	1.6912E-06	-2.7561E-06
7.4918E-10	-2.0136E-10	2.6317E-06	-1.9543E-06
6.0449E-10	-8.2508E-10	2.6962E-06	-2.0829E-06
-3.7183E-11	-8.6054E-10	3.4821E-06	-2.4844E-06
-2.5469E-10	-2.5436E-10	2.3929E-06	-3.0710E-06
2.6199E-10	1.2557E-10	2.4416E-06	-2.1098E-06
7.6810E-10	-2.6178E-10	2.7292E-06	-1.9211E-06
5.3585E-10	-8.5457E-10	3.8484E-06	-2.2221E-06
-1.0072E-10	-7.9736E-10	2.4961E-06	-3.4824E-06
-2.2780E-10	-1.7001E-10	2.6598E-06	-1.1185E-06
3.3475E-10	1.2909E-10	4.7209E-06	-3.2775E-06
7.7638E-10	-3.2509E-10	1.7555E-06	-3.6427E-06
4.6194E-10	-8.7496E-10	3.1575E-06	-1.7947E-06
-1.5660E-10	-7.2692E-10	3.0439E-06	-3.4637E-06
-1.9148E-10	-9.1289E-11	2.8155E-06	-2.4336E-06
4.0508E-10	1.2176E-10	2.9837E-06	-3.7780E-06
7.7393E-10	-3.8930E-10	1.6511E-06	-2.5729E-06
3.8460E-10	-8.8554E-10	2.9407E-06	-2.6672E-06
-2.0357E-10	-6.5073E-10	1.8302E-06	-2.5610E-06
-1.4676E-10	-1.9834E-11	3.2851E-06	-2.0132E-06
4.7112E-10	1.0403E-10	2.5001E-06	-3.4707E-06
7.6062E-10	-4.5253E-10	2.1159E-06	-2.1063E-06
3.0553E-10	-8.8559E-10	2.8867E-06	-2.7236E-06
-2.4050E-10	-5.7012E-10	2.1022E-06	-2.5155E-06
-9.4516E-11	4.2945E-11	2.7325E-06	-2.4419E-06
5.3132E-10	7.6326E-11	1.7485E-06	-2.4927E-06
7.3641E-10	-5.1326E-10	3.0046E-06	-1.0983E-06
2.2609E-10	-8.7469E-10	3.4677E-06	-3.2746E-06
-2.6665E-10	-4.8626E-10	1.9320E-06	-2.2328E-06
-3.5689E-11	9.6115E-11	3.2461E-06	-2.5401E-06
5.8460E-10	3.9332E-11	1.9043E-06	-2.3705E-06
7.0171E-10	-5.7026E-10	3.4676E-06	-2.0586E-06
1.4757E-10	-8.5294E-10	2.0949E-06	-3.0185E-06
-2.8185E-10	-4.0039E-10	2.9273E-06	-1.6420E-06
2.8500E-11	1.3919E-10	2.6440E-06	-2.9110E-06
6.3014E-10	-5.8372E-12	2.9573E-06	-1.6677E-06
6.5740E-10	-6.2242E-10	3.1893E-06	-3.3390E-06
7.1334E-11	-8.2093E-10	2.3929E-06	-2.2252E-06
-2.8628E-10	-3.1408E-10	3.0985E-06	-3.5235E-06
9.6445E-11	1.7190E-10	1.0398E-06	-2.5408E-06
6.6716E-10	-5.7668E-11	2.7435E-06	-1.6983E-06
6.0474E-10	-6.6848E-10	2.2303E-06	-2.3528E-06
-1.0125E-12	-7.7945E-10	2.8122E-06	-1.9115E-06
-2.8022E-10	-2.2912E-10	2.4046E-06	-2.3548E-06
1.6632E-10	1.9396E-10	2.9402E-06	-1.8351E-06
6.9481E-10	-1.1450E-10	2.7537E-06	-2.6232E-06
5.4501E-10	-7.0710E-10	2.6948E-06	-2.1430E-06
-6.7807E-11	-7.2930E-10	2.5603E-06	-2.5689E-06
-2.6391E-10	-1.4730E-10	2.5621E-06	-1.8526E-06
2.3638E-10	2.0504E-10	3.0858E-06	-2.2609E-06
7.1225E-10	-1.7480E-10	3.2859E-06	-2.5211E-06
4.7939E-10	-7.3707E-10	2.4584E-06	-3.6921E-06
-1.2760E-10	-6.7122E-10	1.3790E-06	-2.1091E-06
-2.3762E-10	-7.0154E-11	2.5098E-06	-2.1867E-06
3.0511E-10	2.0499E-10	1.6932E-06	-1.8285E-06
7.1896E-10	-2.3721E-10	2.7709E-06	-1.4186E-06
4.0899E-10	-7.5753E-10	2.6789E-06	-1.6118E-06
-1.7932E-10	-6.0601E-10	3.5444E-06	-1.9587E-06
-2.0189E-10	1.1255E-12	2.4642E-06	-2.5218E-06
3.7127E-10	1.9406E-10	2.9215E-06	-1.6422E-06
7.1485E-10	-3.0044E-10	2.7673E-06	-2.1447E-06
3.3504E-10	-7.6808E-10	3.3186E-06	-1.1784E-06
-2.2228E-10	-5.3480E-10	4.5778E-06	-2.4388E-06
-1.5765E-10	6.5572E-11	3.6798E-06	-3.9703E-06
4.3362E-10	1.7290E-10	1.9660E-06	-3.7437E-06
7.0026E-10	-3.6308E-10	1.9130E-06	-2.5885E-06
2.5905E-10	-7.6864E-10	1.9148E-06	-2.3727E-06
-2.5598E-10	-4.5903E-10	2.4514E-06	-1.6831E-06
-1.0618E-10	1.2225E-10	2.9156E-06	-2.3111E-06
4.9084E-10	1.4253E-10	2.6366E-06	-2.3079E-06
6.7572E-10	-4.2353E-10	2.7831E-06	-2.3319E-06
1.8273E-10	-7.5923E-10	2.8329E-06	-2.5236E-06
-2.7989E-10	-3.8037E-10	2.5486E-06	-2.6527E-06
-4.8930E-11	1.7016E-10	2.6417E-06	-2.6051E-06
5.4153E-10	1.0400E-10	2.1166E-06	-2.9835E-06
6.4182E-10	-4.8012E-10	1.4778E-06	-2.1871E-06
1.0780E-10	-7.3990E-10	2.1181E-06	-1.0190E-06
-2.9355E-10	-3.0045E-10	3.7927E-06	-1.8206E-06
1.2722E-11	2.0838E-10	2.3480E-06	-3.0000E-06
5.8442E-10	5.8334E-11	2.6775E-06	-1.5335E-06
5.9913E-10	-5.3138E-10	2.8820E-06	-2.7476E-06
3.5812E-11	-7.1075E-10	2.6185E-06	-1.5980E-06
-2.9665E-10	-2.2069E-10	3.6512E-06	-2.9872E-06
7.7508E-11	2.3625E-10	1.9496E-06	-2.7324E-06
6.1856E-10	6.5519E-12	2.9583E-06	-2.2460E-06
5.4836E-10	-5.7614E-10	2.3644E-06	-2.6643E-06
-3.1985E-11	-6.7216E-10	3.0702E-06	-2.2292E-06
-2.8922E-10	-1.4241E-10	2.6194E-06	-3.4550E-06
1.4417E-10	2.5350E-10	1.9165E-06	-2.3236E-06
6.4337E-10	-5.0182E-11	3.1357E-06	-2.9374E-06
4.9051E-10	-6.1355E-10	1.2651E-06	-3.5839E-06
-9.4487E-11	-6.2487E-10	1.5911E-06	-1.6150E-06
-2.7173E-10	-6.6870E-11	2.4119E-06	-2.4463E-06
2.1131E-10	2.6024E-10	2.1261E-06	-2.3512E-06
6.5855E-10	-1.1045E-10	1.6662E-06	-2.7843E-06
4.2686E-10	-6.4288E-10	1.6812E-06	-1.2617E-06
-1.5061E-10	-5.6994E-10	2.8994E-06	-2.4857E-06
-2.4491E-10	4.5480E-12	1.4985E-06	-2.2586E-06
2.7735E-10	2.5677E-10	2.1296E-06	-2.0147E-06
6.6392E-10	-1.7263E-10	1.7647E-06	-1.3128E-06
3.5894E-10	-6.6346E-10	3.4872E-06	-1.9401E-06
-1.9925E-10	-5.0862E-10	1.8889E-06	-2.7516E-06
-2.0960E-10	7.0417E-11	2.5530E-06	-1.8707E-06
3.4068E-10	2.4345E-10	2.1686E-06	-2.4840E-06
6.5931E-10	-2.3507E-10	2.5812E-06	-2.3757E-06
2.8823E-10	-6.7465E-10	1.4374E-06	-2.6907E-06
-2.3937E-10	-4.4210E-10	2.3309E-06	-1.7151E-06
-1.6662E-10	1.2942E-10	1.5726E-06	-2.8074E-06
3.9983E-10	2.2070E-10	1.7934E-06	-1.3246E-06
6.4470E-10	-2.9628E-10	1.8625E-06	-2.1357E-06
2.1612E-10	-6.7600E-10	2.5534E-06	-9.4935E-07
-2.7018E-10	-3.7156E-10	2.7259E-06	-3.2661E-06
-1.1689E-10	1.8051E-10	1.0867E-06	-1.6043E-06
4.5356E-10	1.8909E-10	2.7393E-06	-2.1087E-06
6.2031E-10	-3.5495E-10	1.3495E-06	-2.2111E-06
1.4391E-10	-6.6736E-10	1.8097E-06	-1.6495E-06
-2.9123E-10	-2.9820E-10	1.9046E-06	-1.1160E-06
-6.1442E-11	2.2295E-10	2.9124E-06	-2.0179E-06
5.0089E-10	1.4946E-10	1.5296E-06	-1.8935E-06
5.8670E-10	-4.0988E-10	2.7935E-06	-1.5096E-06
7.2906E-11	-6.4899E-10	1.9154E-06	-2.4264E-06
-3.0239E-10	-2.2337E-10	1.9955E-06	-1.3354E-06
-1.5912E-12	2.5626E-10	3.0091E-06	-1.7966E-06
5.4096E-10	1.0296E-10	2.2745E-06	-3.4494E-06
5.4473E-10	-4.5990E-10	3.2144E-07	-1.7472E-06
4.5234E-12	-6.2137E-10	2.6054E-06	-1.2290E-06
-3.0374E-10	-1.4859E-10	1.1461E-06	-2.2385E-06
6.1174E-11	2.8004E-10	2.3316E-06	-7.5251E-07
5.7294E-10	5.0924E-11	1.9068E-06	-2.6575E-06
4.9543E-10	-5.0379E-10	1.1943E-06	-9.8671E-07
-5.9789E-11	-5.8511E-10	2.0745E-06	-1.4935E-06
-2.9543E-10	-7.5424E-11	1.5092E-06	-1.0081E-06
1.2532E-10	2.9398E-10	2.3265E-06	-7.4425E-07
5.9606E-10	-5.2945E-12	2.7117E-06	-1.2199E-06
4.3986E-10	-5.4044E-10	2.3538E-06	-1.6642E-06
-1.1867E-10	-5.4087E-10	2.2552E-06	-1.4007E-06
-2.7769E-10	-5.3261E-12	2.0957E-06	-1.4225E-06
1.8939E-10	2.9788E-10	2.3516E-06	-1.0469E-06
6.0975E-10	-6.4386E-11	2.4163E-06	-1.0852E-06
3.7907E-10	-5.6893E-10	3.2793E-06	-1.0485E-06
-1.7099E-10	-4.8940E-10	2.8085E-06	-2.1970E-06
-2.5093E-10	6.0436E-11	2.6530E-06	-1.5276E-06
2.5209E-10	2.9183E-10	2.5774E-06	-2.2839E-06
6.1372E-10	-1.2508E-10	2.2732E-06	-1.5142E-06
3.1419E-10	-5.8867E-10	2.6442E-06	-2.1225E-06
-2.1587E-10	-4.3164E-10	2.2019E-06	-1.7171E-06
-2.1583E-10	1.2078E-10	2.5094E-06	-2.2074E-06
3.1218E-10	2.7618E-10	1.6918E-06	-1.7893E-06
6.0800E-10	-1.8608E-10	2.4206E-06	-1.3498E-06
2.4653E-10	-5.9932E-10	2.6525E-06	-1.9769E-06
-2.5265E-10	-3.6875E-10	1.9665E-06	-2.1077E-06
-1.7336E-10	1.7473E-10	2.5322E-06	-1.5844E-06
3.6841E-10	2.5161E-10	2.0294E-06	-2.9987E-06
5.9287E-10	-2.4595E-10	7.7226E-07	-1.3391E-06
1.7751E-10	-6.0074E-10	2.4591E-06	-1.0694E-06
-2.8075E-10	-3.0208E-10	2.2520E-06	-1.9374E-06
-1.2465E-10	2.2132E-10	1.7477E-06	-2.0941E-06
4.1954E-10	2.1893E-10	1.3883E-06	-1.4185E-06
5.6874E-10	-3.0326E-10	1.7424E-06	-1.4857E-06
1.0866E-10	-5.9288E-10	1.2088E-06	-9.9354E-07
-2.9969E-10	-2.3305E-10	2.0532E-06	-2.0279E-07
-7.0914E-11	2.5970E-10	3.2259E-06	-8.2925E-07
4.6436E-10	1.7903E-10	2.4372E-06	-2.1635E-06
5.3609E-10	-3.5662E-10	1.9253E-06	-8.7103E-07
4.1392E-11	-5.7580E-10	2.9512E-06	-1.5906E-06
-3.0913E-10	-1.6303E-10	2.1518E-06	-1.6150E-06
-1.3344E-11	2.8915E-10	2.4409E-06	-1.9163E-06
5.0189E-10	1.3285E-10	1.6293E-06	-1.5222E-06
4.9554E-10	-4.0483E-10	2.2386E-06	-1.5088E-06
-2.2985E-11	-5.4974E-10	1.6330E-06	-1.2554E-06
-3.0896E-10	-9.3301E-11	2.3761E-06	-1.3024E-06
4.6856E-11	3.0924E-10	1.5041E-06	-1.1896E-06
5.3139E-10	8.1431E-11	2.5331E-06	-5.4141E-07
4.4789E-10	-4.4691E-10	2.6244E-06	-1.2310E-06
-8.3320E-11	-5.1523E-10	2.6182E-06	-1.4707E-06
-2.9938E-10	-2.5120E-11	2.2702E-06	-1.1088E-06
1.0841E-10	3.1982E-10	3.2884E-06	-1.7836E-06
5.5236E-10	2.5968E-11	1.4046E-06	-2.1160E-06
3.9416E-10	-4.8204E-10	2.7521E-06	-6.2966E-07
-1.3853E-10	-4.7302E-10	2.5247E-06	-2.7312E-06
-2.8082E-10	4.0243E-11	1.2133E-06	-1.5112E-06
1.6996E-10	3.2096E-10	1.9477E-06	-1.3347E-06
5.6447E-10	-3.2179E-11	1.4649E-06	-1.3620E-06
3.3556E-10	-5.0950E-10	1.4703E-06	-2.9233E-07
-1.8756E-10	-4.2408E-10	3.1439E-06	-3.3916E-07
-2.5391E-10	1.0150E-10	2.4760E-06	-1.7692E-06
2.3007E-10	3.1288E-10	2.4092E-06	-7.5891E-07
5.6750E-10	-9.1582E-11	2.5397E-06	-1.9579E-06
2.7339E-10	-5.2864E-10	1.3938E-06	-6.2653E-07
-2.2945E-10	-3.6944E-10	3.2291E-06	-4.9570E-07
-2.1935E-10	1.5742E-10	2.6731E-06	-1.3471E-06
2.8737E-10	2.9590E-10	3.3566E-06	-9.6590E-07
5.6136E-10	-1.5085E-10	3.2566E-06	-2.5876E-06
2.0894E-10	-5.3899E-10	1.5622E-06	-2.2596E-06
-2.6336E-10	-3.1019E-10	2.0143E-06	-9.4639E-07
-1.7794E-10	2.0693E-10	2.7896E-06	-1.7771E-06
3.4062E-10	2.7047E-10	1.5123E-06	-1.8191E-06
5.4612E-10	-2.0868E-10	2.2991E-06	-6.0401E-07
1.4345E-10	-5.4028E-10	2.8262E-06	-1.8477E-06
-2.8871E-10	-2.4743E-10	1.7675E-06	-1.6511E-06
-1.3058E-10	2.4919E-10	2.2428E-06	-9.9323E-07
3.8876E-10	2.3724E-10	2.8577E-06	-1.5565E-06
5.2215E-10	-2.6388E-10	2.0535E-06	-2.3635E-06
7.8171E-11	-5.3251E-10	1.3315E-06	-1.5446E-06
-3.0519E-10	-1.8237E-10	1.4549E-06	-1.1023E-06
-7.8378E-11	2.8355E-10	1.9740E-06	-3.5559E-07
4.3087E-10	1.9710E-10	2.7634E-06	-1.2599E-06
4.9002E-10	-3.1530E-10	1.8118E-06	-1.4135E-06
1.4386E-11	-5.1593E-10	1.8105E-06	-8.1780E-07
-3.1266E-10	-1.1632E-10	2.3036E-06	-2.2965E-07
-2.2559E-11	3.0951E-10	3.1197E-06	-9.7858E-07
4.6610E-10	1.5111E-10	2.4580E-06	-1.1311E-06
4.5052E-10	-3.6180E-10	2.8759E-06	-1.0024E-06
-4.6599E-11	-4.9096E-10	2.8939E-06	-1.1406E-06
-3.1115E-10	-5.0671E-11	3.0917E-06	-1.6573E-06
3.5543E-11	3.2670E-10	2.5825E-06	-1.4207E-06
4.9370E-10	1.0043E-10	3.3038E-06	-1.8838E-06
4.0452E-10	-4.0234E-10	2.2541E-06	-2.1997E-06
-1.0352E-10	-4.5813E-10	2.5612E-06	-1.9766E-06
-3.0080E-10	1.3242E-11	1.8079E-06	-1.9807E-06
9.4605E-11	3.3486E-10	2.4875E-06	-1.7763E-06
5.1304E-10	4.6237E-11	1.3358E-06	-2.1254E-06
3.5298E-10	-4.3598E-10	2.0555E-06	-8.2236E-07
-1.5525E-10	-4.1806E-10	2.2590E-06	-1.7074E-06
-2.8191E-10	7.4170E-11	2.3680E-06	-1.4274E-06
1.5336E-10	3.3394E-10	1.8849E-06	-2.0779E-06
5.2373E-10	-1.0269E-11	2.0289E-06	-1.0625E-06
2.9691E-10	-4.6202E-10	2.3768E-06	-2.2176E-06
-2.0084E-10	-3.7156E-10	1.1611E-06	-1.7071E-06
-2.5496E-10	1.3100E-10	1.5983E-06	-9.2795E-07
2.1060E-10	3.2412E-10	2.3780E-06	-7.9835E-07
5.2560E-10	-6.7875E-11	2.6449E-06	-1.8865E-06
2.3744E-10	-4.7998E-10	1.5738E-06	-1.8909E-06
-2.3950E-10	-3.1955E-10	1.7753E-06	-1.1396E-06
-2.2068E-10	1.8271E-10	2.2609E-06	-1.5027E-06
2.6514E-10	3.0580E-10	1.7528E-06	-1.6829E-06
5.1872E-10	-1.2531E-10	2.1265E-06	-1.4435E-06
1.7581E-10	-4.8954E-10	1.6108E-06	-2.3693E-06
-2.7061E-10	-2.6318E-10	4.5205E-07	-1.2457E-06
-1.7996E-10	2.2836E-10	1.6835E-06	-1.0317E-07
3.1580E-10	2.7958E-10	2.6127E-06	-1.4038E-06
5.0332E-10	-1.8129E-10	1.0272E-06	-1.7360E-06
1.1333E-10	-4.9056E-10	1.4451E-06	-2.1066E-07
-2.9363E-10	-2.0364E-10	2.2779E-06	-7.5176E-07
-1.3382E-10	2.6710E-10	2.4484E-06	-9.8494E-07
3.6148E-10	2.4619E-10	2.1547E-06	-1.8003E-06
4.7976E-10	-2.3451E-10	1.5282E-06	-1.3912E-06
5.1329E-11	-4.8301E-10	1.4084E-06	-1.3447E-06
-3.0816E-10	-1.4217E-10	1.2469E-06	-5.3268E-07
-8.3315E-11	2.9821E-10	2.0947E-06	-3.9214E-07
4.0118E-10	2.0642E-10	2.4723E-06	-8.5568E-07
4.4852E-10	-2.8383E-10	2.1083E-06	-1.4520E-06
-8.9611E-12	-4.6702E-10	1.8125E-06	-1.1042E-06
-3.1398E-10	-8.0002E-11	1.6072E-06	-1.2144E-06
-2.9553E-11	3.2113E-10	1.7111E-06	-3.2231E-07
4.3408E-10	1.6120E-10	2.4275E-06	-8.7063E-07
4.1025E-10	-3.2820E-10	2.2435E-06	-7.0129E-07
-6.6384E-11	-4.4293E-10	2.7764E-06	-1.5625E-06
-3.1112E-10	-1.8318E-11	1.4841E-06	-1.5751E-06
2.6310E-11	3.3557E-10	1.8053E-06	-8.8576E-07
4.5956E-10	1.1154E-10	2.0452E-06	-6.6826E-07
3.6576E-10	-3.6675E-10	2.7794E-06	-1.5197E-06
-1.1986E-10	-4.1128E-10	1.1237E-06	-1.6506E-06
-2.9980E-10	4.1685E-11	2.2634E-06	-3.5052E-07
8.3054E-11	3.4142E-10	2.2703E-06	-1.9525E-06
4.7717E-10	5.8604E-11	1.5922E-06	-1.2638E-06
3.1605E-10	-3.9871E-10	1.5966E-06	-1.9598E-06
-1.6838E-10	-3.7280E-10	2.7935E-07	-7.9476E-07
-2.8043E-10	9.8817E-11	1.7428E-06	2.1869E-07
1.3941E-10	3.3872E-10	2.2993E-06	-4.0781E-07
4.8661E-10	3.6269E-12	2.6883E-06	-9.8043E-07
2.6220E-10	-4.2341E-10	1.8934E-06	-1.5287E-06
-2.1099E-10	-3.2834E-10	2.0782E-06	-1.0342E-06
-2.5358E-10	1.5193E-10	1.6436E-06	-1.9367E-06
1.9411E-10	3.2768E-10	7.9821E-07	-7.5450E-07
4.8767E-10	-5.2133E-11	1.8623E-06	-4.8745E-07
2.0535E-10	-4.4034E-10	1.8298E-06	-9.9350E-07
-2.4686E-10	-2.7886E-10	1.3762E-06	-1.1189E-06
-2.1988E-10	1.9997E-10	1.2552E-06	-1.1970E-07
2.4598E-10	3.0863E-10	2.5615E-06	-5.2056E-07
4.8036E-10	-1.0745E-10	1.6546E-06	-1.4548E-06
1.4667E-10	-4.4912E-10	1.1945E-06	-6.8687E-07
-2.7533E-10	-2.2533E-10	1.3743E-06	-2.0309E-07
-1.8012E-10	2.4203E-10	2.0851E-06	-1.3426E-08
2.9394E-10	2.8206E-10	2.1993E-06	-5.4396E-07
4.6485E-10	-1.6117E-10	2.2110E-06	-3.9815E-07
8.7321E-11	-4.4961E-10	2.6378E-06	-7.9497E-07
-2.9596E-10	-1.6885E-10	2.2151E-06	-1.5233E-06
-1.3522E-10	2.7740E-10	1.3427E-06	-1.2700E-06
3.3703E-10	2.4866E-10	1.3039E-06	-6.1007E-07
4.4152E-10	-2.1216E-10	1.5898E-06	-2.0082E-07
2.8477E-11	-4.4188E-10	2.1479E-06	-3.0253E-07
-3.0846E-10	-1.1056E-10	2.0797E-06	-6.0350E-07
-8.6204E-11	3.0547E-10	2.0381E-06	-6.5491E-07
3.7439E-10	2.0926E-10	1.9359E-06	-4.0503E-07
4.1094E-10	-2.5936E-10	2.5533E-06	-6.2833E-07
-2.8664E-11	-4.2615E-10	1.9202E-06	-1.0692E-06
-3.1273E-10	-5.1677E-11	2.1300E-06	-6.0439E-07
-3.4229E-11	3.2579E-10	1.8784E-06	-1.1003E-06
4.0524E-10	1.6483E-10	1.8044E-06	-3.9463E-07
3.7381E-10	-3.0175E-10	2.2937E-06	-8.4530E-07
-8.2932E-11	-4.0281E-10	1.7202E-06	-9.8694E-07
-3.0880E-10	6.5618E-12	1.5120E-06	-4.0686E-07
1.9527E-11	3.3806E-10	2.2961E-06	5.5269E-08
4.2895E-10	1.1642E-10	2.7761E-06	-8.0364E-07
3.3093E-10	-3.3842E-10	2.2450E-06	-1.1297E-06
-1.3323E-10	-3.7236E-10	2.0936E-06	-8.5492E-07
-2.9684E-10	6.2981E-11	2.6574E-06	-1.1191E-06
7.3889E-11	3.4209E-10	1.7019E-06	-2.0566E-06
4.4503E-10	6.5087E-11	1.0497E-06	-7.3893E-07
2.8320E-10	-3.6860E-10	1.9749E-06	-8.1422E-07
-1.7860E-10	-3.3544E-10	1.6080E-06	-1.1627E-06
-2.7720E-10	1.1648E-10	1.2397E-06	-1.0970E-06
1.2771E-10	3.3792E-10	1.1488E-06	-3.7155E-07
4.5318E-10	1.1952E-11	1.6684E-06	-6.4348E-07
2.3160E-10	-3.9172E-10	1.0863E-06	-3.0915E-07
-2.1820E-10	-2.9284E-10	2.0112E-06	-5.5197E-08
-2.5040E-10	1.6604E-10	1.5710E-06	-6.8625E-07
1.7985E-10	3.2578E-10	1.7256E-06	8.4650E-08
4.5331E-10	-4.1838E-11	2.1406E-06	-5.8634E-07
1.7720E-10	-4.0735E-10	1.5955E-06	-2.6303E-07
-2.5133E-10	-2.4547E-10	2.4467E-06	-3.9879E-07
-2.1713E-10	2.1073E-10	1.5242E-06	-1.1326E-06
2.2923E-10	3.0607E-10	1.4290E-06	1.0146E-08
4.4550E-10	-9.5105E-11	1.9402E-06	-3.7914E-07
1.2116E-10	-4.1523E-10	1.7364E-06	-2.3843E-08
-2.7741E-10	-1.9436E-10	2.2782E-06	-3.8284E-07
-1.7823E-10	2.4970E-10	1.6815E-06	-3.1573E-07
2.7478E-10	2.7933E-10	2.4716E-06	-2.0429E-08
4.2996E-10	-1.4668E-10	2.2441E-06	-1.1184E-06
6.4652E-11	-4.1524E-10	1.3122E-06	-3.3836E-07
-2.9599E-10	-1.4061E-10	2.6695E-06	-6.3246E-08
-1.3461E-10	2.8219E-10	1.9270E-06	-1.7344E-06
3.1552E-10	2.4624E-10	5.3692E-07	-3.4986E-07
4.0704E-10	-1.9544E-10	1.4656E-06	5.1125E-07
8.8463E-12	-4.0739E-10	2.2595E-06	6.5058E-07
-3.0676E-10	-8.5336E-11	2.7855E-06	-4.7887E-07
-8.7245E-11	3.0762E-10	1.7119E-06	-4.0729E-07
3.5062E-10	2.0756E-10	2.3109E-06	1.6466E-08
3.7726E-10	-2.4038E-10	2.2248E-06	-3.6794E-07
-4.5151E-11	-3.9189E-10	2.1458E-06	-2.8860E-07
-3.0959E-10	-2.9641E-11	2.2940E-06	-3.7718E-08
-3.7170E-11	3.2557E-10	2.4931E-06	-6.5464E-07
3.7939E-10	1.6416E-10	1.7785E-06	1.6419E-07
3.4124E-10	-2.8058E-10	3.8215E-06	1.9276E-08
-9.6289E-11	-3.6909E-10	2.7363E-06	-2.0986E-06
-3.0458E-10	2.5358E-11	1.6653E-06	-1.2251E-06
1.4521E-11	3.3578E-10	1.4697E-06	-1.0313E-06
4.0127E-10	1.1704E-10	1.6130E-06	-3.5356E-07
2.9980E-10	-3.1525E-10	1.6678E-06	-6.5189E-07
-1.4358E-10	-3.3955E-10	1.6034E-06	1.3422E-08
-2.9194E-10	7.8554E-11	2.1212E-06	-2.2710E-07
6.6691E-11	3.3818E-10	1.9533E-06	-8.8789E-09
4.1588E-10	6.7264E-11	2.6997E-06	-1.0337E-08
2.5385E-10	-3.4369E-10	2.9158E-06	-9.7768E-07
-1.8609E-10	-3.0394E-10	1.5401E-06	-1.5003E-06
-2.7208E-10	1.2887E-10	1.5043E-06	5.1416E-07
1.1819E-10	3.3284E-10	3.6023E-06	-9.4130E-07
4.2294E-10	1.5949E-11	7.6589E-07	-1.8587E-06
2.0437E-10	-3.6533E-10	1.8001E-06	8.0404E-07
-2.2300E-10	-2.6305E-10	2.6398E-06	-1.4343E-06
-2.4551E-10	1.7529E-10	8.9981E-07	-3.6349E-07
1.6791E-10	3.1996E-10	2.4222E-06	-4.8260E-08
4.2234E-10	-3.5779E-11	1.9918E-06	-7.0696E-07
1.5240E-10	-3.7974E-10	2.1526E-06	-7.2865E-07
-2.5362E-10	-2.1774E-10	1.4151E-06	-9.3508E-07
-2.1287E-10	2.1690E-10	1.4541E-06	-1.0086E-07
2.1480E-10	2.9990E-10	1.9356E-06	-1.5674E-07
4.1412E-10	-8.6822E-11	1.8948E-06	-3.3173E-07
9.9014E-11	-3.8667E-10	1.9601E-06	-1.4629E-07
-2.7739E-10	-1.6897E-10	2.1020E-06	-4.0440E-07
-1.7491E-10	2.5293E-10	2.0576E-06	-1.6265E-07
2.5790E-10	2.7317E-10	2.4763E-06	-7.6611E-07
3.9851E-10	-1.3611E-10	1.5635E-06	-7.8544E-07
4.5285E-11	-3.8602E-10	1.9642E-06	-4.6605E-07
-2.9394E-10	-1.1774E-10	1.4144E-06	-6.2328E-07
-1.3251E-10	2.8273E-10	1.9520E-06	1.2079E-08
2.9634E-10	2.4044E-10	1.7459E-06	-9.6392E-07
3.7590E-10	-1.8263E-10	8.5641E-07	2.8090E-07
-7.6874E-12	-3.7789E-10	2.6927E-06	6.8500E-07
-3.0305E-10	-6.5144E-11	2.3264E-06	-1.0453E-06
-8.6655E-11	3.0579E-10	1.3800E-06	-4.0595E-09
3.2934E-10	2.0249E-10	2.2994E-06	1.7916E-08
3.4683E-10	-2.2540E-10	2.1381E-06	3.8192E-08
-5.8819E-11	-3.6251E-10	2.8035E-06	-4.2828E-07
-3.0464E-10	-1.2282E-11	2.0333E-06	-6.1914E-07
-3.8373E-11	3.2169E-10	2.6804E-06	-6.2729E-07
3.5622E-10	1.6021E-10	1.7175E-06	-1.2530E-06
3.1194E-10	-2.6353E-10	1.8201E-06	-3.9713E-07
-1.0707E-10	-3.4026E-10	1.8675E-06	-8.6444E-07
-2.9876E-10	3.9750E-11	1.5407E-06	-6.2915E-07
1.1269E-11	3.3021E-10	1.5716E-06	-1.8052E-07
3.7646E-10	1.1455E-10	2.3873E-06	-5.9476E-07
2.7200E-10	-2.9623E-10	1.0893E-06	-1.0741E-06
-1.5149E-10	-3.1163E-10	1.7443E-06	1.6218E-07
-2.8563E-10	8.9900E-11	1.5273E-06	-1.1301E-06
6.1204E-11	3.3124E-10	9.5337E-07	4.0729E-07
3.8966E-10	6.6493E-11	2.3121E-06	-2.2961E-07
2.2783E-10	-3.2286E-10	1.3181E-06	-5.9017E-07
-1.9122E-10	-2.7725E-10	1.1968E-06	-1.6373E-07
-2.6562E-10	1.3718E-10	1.1591E-06	7.3461E-07
1.1038E-10	3.2486E-10	2.6331E-06	4.8082E-07
3.9561E-10	1.7088E-11	1.7664E-06	-3.6058E-07
1.8039E-10	-3.4292E-10	2.4053E-06	5.2128E-07
-2.2553E-10	-2.3788E-10	2.3572E-06	-1.1659E-06
-2.3926E-10	1.8066E-10	9.1114E-07	5.0954E-09
1.5775E-10	3.1133E-10	2.2126E-06	4.2705E-07
3.9424E-10	-3.2604E-11	2.1756E-06	1.6729E-07
1.3067E-10	-3.5605E-10	2.9123E-06	-4.3265E-07
-2.5379E-10	-1.9438E-10	1.5476E-06	-1.0606E-06
-2.0719E-10	2.1949E-10	1.6121E-06	2.1392E-07
2.0232E-10	2.9104E-10	2.4220E-06	6.7599E-09
3.8565E-10	-8.1511E-11	2.5335E-06	-8.9613E-07
7.9727E-11	-3.6204E-10	1.4387E-06	-8.7489E-07
-2.7549E-10	-1.4772E-10	1.8944E-06	-6.3207E-07
-1.7018E-10	2.5294E-10	6.7379E-07	-7.3585E-07
2.4316E-10	2.6449E-10	1.6629E-06	8.4027E-07
3.7007E-10	-1.2859E-10	2.2059E-06	-5.7447E-07
2.8625E-11	-3.6081E-10	1.5125E-06	-3.7855E-07
-2.9026E-10	-9.8861E-11	1.2744E-06	-2.8911E-07
-1.2909E-10	2.8035E-10	1.6482E-06	2.9793E-07
2.7940E-10	2.3232E-10	1.5482E-06	-1.7555E-07
3.4786E-10	-1.7285E-10	2.0156E-06	4.2768E-07
-2.1595E-11	-3.5243E-10	1.7054E-06	-8.1806E-07
-2.9788E-10	-4.8838E-11	1.2429E-06	6.3128E-07
-8.4808E-11	3.0123E-10	2.1901E-06	-3.1873E-07
3.1034E-10	1.9527E-10	1.2014E-06	2.7678E-07
3.1952E-10	-2.1339E-10	2.1364E-06	-4.0174E-08
-6.9929E-11	-3.3712E-10	1.0748E-06	2.7658E-07
-2.9828E-10	1.3263E-12	2.3101E-06	7.5785E-07
-3.8319E-11	3.1524E-10	2.1394E-06	8.1402E-08
3.3536E-10	1.5417E-10	2.4046E-06	5.0780E-08
2.8568E-10	-2.4939E-10	2.0625E-06	-3.7683E-07
-1.1542E-10	-3.1528E-10	1.6923E-06	-3.4171E-07
-2.9158E-10	5.0606E-11	1.5289E-06	6.5181E-07
9.3631E-12	3.2220E-10	3.2647E-06	2.2342E-08
3.5399E-10	1.0994E-10	1.4739E-06	-1.3994E-06
2.4710E-10	-2.8016E-10	1.3089E-06	6.1021E-07
-1.5717E-10	-2.8741E-10	2.4929E-06	-1.6223E-07
-2.7801E-10	9.7991E-11	1.7395E-06	-5.9620E-07
5.7199E-11	3.2204E-10	1.2822E-06	-1.4494E-07
3.6590E-10	6.3580E-11	2.0243E-06	6.1270E-07
2.0462E-10	-3.0507E-10	2.5677E-06	-9.4756E-07
-1.9436E-10	-2.5416E-10	5.1512E-07	-7.1817E-07
-2.5796E-10	1.4252E-10	1.3969E-06	8.6371E-07
1.0416E-10	3.1487E-10	1.8228E-06	7.6158E-08
3.7087E-10	1.6087E-11	1.7928E-06	5.7643E-07
1.5915E-10	-3.2364E-10	2.4211E-06	-5.8792E-08
-2.2628E-10	-2.1626E-10	1.8609E-06	-3.8676E-07
-2.3192E-10	1.8329E-10	1.5577E-06	-4.1842E-07
1.4924E-10	3.0090E-10	1.2415E-06	1.3699E-07
3.6884E-10	-3.1518E-11	1.6579E-06	1.0147E-07
1.1165E-10	-3.3554E-10	1.2328E-06	4.5960E-07
-2.5232E-10	-1.7453E-10	2.3303E-06	6.6105E-07
-2.0052E-10	2.1952E-10	1.8722E-06	-4.1563E-07
1.9152E-10	2.8052E-10	1.4732E-06	4.8897E-07
3.5991E-10	-7.8236E-11	2.3756E-06	1.6326E-07
6.3091E-11	-3.4056E-10	1.6114E-06	-5.3264E-07
-2.7203E-10	-1.2985E-10	1.1383E-06	3.5182E-07
-1.6447E-10	2.5052E-10	1.7289E-06	6.4565E-07
2.3013E-10	2.5422E-10	2.0814E-06	7.0355E-07
3.4432E-10	-1.2310E-10	2.5626E-06	-1.4172E-08
1.4482E-11	-3.3868E-10	1.6353E-06	-1.3564E-07
-2.8511E-10	-8.3179E-11	2.3152E-06	3.8125E-07
-1.2462E-10	2.7572E-10	2.2336E-06	-6.4890E-07
2.6429E-10	2.2264E-10	1.4489E-06	-6.7676E-07
3.2246E-10	-1.6517E-10	7.2347E-07	4.8530E-08
-3.3178E-11	-3.3001E-10	1.8726E-06	8.2200E-07
-2.9137E-10	-3.5507E-11	1.5737E-06	-3.2870E-07
-8.1848E-11	2.9466E-10	1.5386E-06	8.0607E-07
2.9330E-10	1.8652E-10	1.8616E-06	-4.2037E-07
2.9483E-10	-2.0358E-10	8.0714E-07	9.7587E-07
-7.8913E-11	-3.1477E-10	2.7649E-06	5.2113E-07
-2.9076E-10	1.2165E-11	1.2567E-06	-2.9895E-07
-3.7117E-11	3.0703E-10	1.6301E-06	7.7133E-07
3.1660E-10	1.4667E-10	1.7910E-06	4.9257E-07
2.6206E-10	-2.3756E-10	2.1106E-06	3.9781E-07
-1.2180E-10	-2.9335E-10	1.6394E-06	4.0758E-07
-2.8338E-10	5.8852E-11	2.6620E-06	4.2299E-07
8.6090E-12	3.1263E-10	1.4999E-06	-7.8407E-07
3.3372E-10	1.0397E-10	1.3656E-06	7.0890E-07
2.2485E-10	-2.6641E-10	1.5677E-06	-1.7009E-07
-1.6100E-10	-2.6623E-10	9.1183E-07	1.3352E-06
-2.6947E-10	1.0361E-10	2.9040E-06	1.0435E-06
5.4354E-11	3.1143E-10	2.2646E-06	-1.1960E-07
3.4437E-10	5.9339E-11	2.0000E-06	-6.9161E-08
1.8401E-10	-2.8960E-10	1.4080E-06	9.9892E-08
-1.9575E-10	-2.3403E-10	1.9622E-06	6.2022E-07
-2.4941E-10	1.4553E-10	1.9431E-06	-5.3072E-08
9.9151E-11	3.0355E-10	1.6284E-06	2.7309E-07
3.4837E-10	1.3744E-11	1.8305E-06	8.9762E-08
1.4041E-10	-3.0669E-10	1.3653E-06	1.0507E-07
-2.2540E-10	-1.9747E-10	1.4700E-06	4.9851E-07
-2.2370E-10	1.8380E-10	1.4297E-06	3.4815E-07
1.4206E-10	2.8923E-10	1.3306E-06	1.0043E-06
3.4571E-10	-3.1841E-11	2.2947E-06	6.9295E-07
9.4971E-11	-3.1738E-10	1.3782E-06	1.6432E-07
-2.4941E-10	-1.5735E-10	1.7149E-06	1.0971E-06
-1.9297E-10	2.1766E-10	1.6552E-06	4.6956E-07
1.8218E-10	2.6886E-10	1.8489E-06	1.7273E-06
3.3650E-10	-7.6447E-11	3.2752E-06	3.7089E-07
4.8665E-11	-3.2151E-10	1.6394E-06	-7.4615E-08
-2.6733E-10	-1.1455E-10	2.2371E-06	8.3683E-07
-1.5793E-10	2.4644E-10	2.4572E-06	-3.0279E-08
2.1867E-10	2.4294E-10	1.8405E-06	-2.5539E-07
3.2097E-10	-1.1914E-10	1.4550E-06	1.7688E-07
2.4467E-12	-3.1904E-10	1.8281E-06	1.2679E-07
-2.7887E-10	-6.9967E-11	9.3710E-07	-1.1429E-07
-1.1935E-10	2.6961E-10	8.0725E-07	1.2538E-06
2.5081E-10	2.1205E-10	2.0188E-06	1.4849E-06
2.9949E-10	-1.5904E-10	2.4485E-06	6.6513E-07
-4.2740E-11	-3.1007E-10	1.8662E-06	2.0690E-07
-2.8387E-10	-2.4547E-11	1.6162E-06	6.9923E-07
-7.8108E-11	2.8676E-10	1.9737E-06	6.6544E-07
2.7795E-10	1.7692E-10	1.8473E-06	5.3606E-07
2.7256E-10	-1.9535E-10	1.8171E-06	3.8627E-07
-8.5984E-11	-2.9487E-10	1.3315E-06	6.9117E-07
-2.8232E-10	2.0770E-11	2.0010E-06	8.3220E-07
-3.5091E-11	2.9759E-10	1.0188E-06	5.2344E-07
2.9958E-10	1.3832E-10	2.0314E-06	2.1761E-06
2.4078E-10	-2.2733E-10	2.7216E-06	3.4817E-08
-1.2642E-10	-2.7381E-10	9.5571E-07	1.1811E-06
-2.7433E-10	6.5047E-11	2.8713E-06	1.5076E-06
8.7626E-12	3.0198E-10	2.4069E-06	3.6444E-07
3.1528E-10	9.7110E-11	2.1741E-06	3.9349E-07
2.0487E-10	-2.5437E-10	1.6145E-06	4.4586E-07
-1.6325E-10	-2.4738E-10	1.5180E-06	1.1239E-06
-2.6016E-10	1.0737E-10	2.5305E-06	1.6534E-06
5.2508E-11	2.9989E-10	2.7501E-06	-1.3124E-08
3.2477E-10	5.4193E-11	1.4027E-06	1.0627E-06
1.6560E-10	-2.7592E-10	3.0627E-06	7.4538E-07
-1.9574E-10	-2.1619E-10	1.6003E-06	2.9287E-07
-2.4019E-10	1.4689E-10	2.6141E-06	9.3355E-07
9.5216E-11	2.9145E-10	1.7914E-06	-6.0462E-08
3.2790E-10	1.0490E-11	1.5001E-06	9.9078E-07
1.2381E-10	-2.9160E-10	2.1148E-06	1.4381E-06
-2.2328E-10	-1.8094E-10	2.8688E-06	4.9026E-07
-2.1489E-10	1.8280E-10	1.6432E-06	6.9835E-07
1.3599E-10	2.7691E-10	2.9463E-06	5.0952E-07
3.2466E-10	-3.3076E-11	8.4527E-07	1.5856E-07
8.0390E-11	-3.0112E-10	2.5861E-06	1.8729E-06
-2.4535E-10	-1.4237E-10	1.9071E-06	1.2866E-08
-1.8486E-10	2.1442E-10	2.1687E-06	1.7409E-06
1.7400E-10	2.5662E-10	2.3844E-06	3.1052E-07
3.1517E-10	-7.5595E-11	2.2751E-06	1.5078E-06
3.6238E-11	-3.0436E-10	2.7694E-06	2.1370E-07
-2.6158E-10	-1.0134E-10	2.1482E-06	8.9103E-07
-1.5080E-10	2.4112E-10	2.3755E-06	2.1107E-07
2.0847E-10	2.3110E-10	2.0361E-06	1.1372E-06
2.9968E-10	-1.1618E-10	2.8307E-06	3.2573E-08
-7.7259E-12	-3.0130E-10	1.1692E-06	4.3987E-07
-2.7170E-10	-5.8711E-11	2.3211E-06	1.4417E-06
-1.1348E-10	2.6243E-10	2.4347E-06	2.6972E-07
2.3869E-10	2.0094E-10	1.3455E-06	9.3619E-07
2.7858E-10	-1.5401E-10	2.6761E-06	1.7150E-06
-5.0594E-11	-2.9207E-10	2.6955E-06	5.2730E-07
-2.7558E-10	-1.5397E-11	2.6800E-06	8.6806E-07
-7.3722E-11	2.7795E-10	2.3124E-06	1.7554E-08
2.6408E-10	1.6682E-10	2.0711E-06	1.2473E-06
2.5235E-10	-1.8830E-10	3.2337E-06	1.9617E-07
-9.1492E-11	-2.7693E-10	1.5683E-06	-4.6521E-07
-2.7321E-10	2.7697E-11	9.5336E-07	1.2163E-06
-3.2397E-11	2.8743E-10	2.6964E-06	1.8106E-06
2.8413E-10	1.2951E-10	2.6620E-06	3.3000E-07
2.2157E-10	-2.1836E-10	2.1286E-06	8.6500E-07
-1.2960E-10	-2.5623E-10	2.2855E-06	7.7406E-07
-2.6472E-10	6.9680E-11	2.7290E-06	9.1223E-07
9.6055E-12	2.9072E-10	2.0187E-06	-1.0651E-07
2.9846E-10	8.9810E-11	1.7545E-06	1.5363E-06
1.8693E-10	-2.4362E-10	2.8065E-06	5.1947E-07
-1.6416E-10	-2.3048E-10	1.6181E-06	8.8994E-07
-2.5035E-10	1.0970E-10	2.3005E-06	1.4572E-06
5.1395E-11	2.8784E-10	2.9300E-06	1.6007E-06
3.0684E-10	4.8589E-11	3.4244E-06	3.4399E-07
1.4917E-10	-2.6359E-10	2.2688E-06	3.0238E-07
-1.9452E-10	-2.0024E-10	2.3226E-06	7.3272E-07
-2.3049E-10	1.4694E-10	2.6164E-06	1.1580E-06
9.2090E-11	2.7893E-10	3.1450E-06	5.4081E-07
3.0915E-10	6.7242E-12	2.9026E-06	2.9263E-07
1.0910E-10	-2.7791E-10	2.3974E-06	-2.1854E-07
-2.2008E-10	-1.6620E-10	2.1897E-06	8.1454E-07
-2.0562E-10	1.8067E-10	2.8125E-06	-7.8964E-08
1.3084E-10	2.6422E-10	1.8031E-06	3.5376E-07
3.0538E-10	-3.4894E-11	2.3530E-06	3.5303E-07
6.7583E-11	-2.8633E-10	2.0453E-06	6.1935E-07
-2.4038E-10	-1.2911E-10	2.3006E-06	2.5359E-08
-1.7633E-10	2.1021E-10	1.3525E-06	9.6894E-07
1.6684E-10	2.4411E-10	2.8683E-06	8.5748E-07
2.9566E-10	-7.5392E-11	1.8283E-06	2.6119E-07
2.5488E-11	-2.8874E-10	2.1386E-06	8.8438E-07
-2.5506E-10	-8.9776E-11	2.0306E-06	8.4520E-07
-1.4328E-10	2.3501E-10	2.4844E-06	8.4904E-07
1.9936E-10	2.1906E-10	2.1942E-06	6.3073E-07
2.8026E-10	-1.1393E-10	2.1942E-06	5.8768E-07
-1.6311E-11	-2.8514E-10	1.8036E-06	1.0325E-06
-2.6388E-10	-4.9024E-11	2.5046E-06	1.2113E-06
-1.0722E-10	2.5458E-10	2.6203E-06	9.2860E-07
2.2774E-10	1.8966E-10	2.3203E-06	4.3284E-07
2.5954E-10	-1.4973E-10	2.1901E-06	1.6508E-06
-5.6959E-11	-2.7566E-10	3.6167E-06	2.7973E-07
-2.6672E-10	-7.7197E-12	1.4909E-06	3.1611E-07
-6.8925E-11	2.6859E-10	2.7769E-06	1.0980E-06
2.5143E-10	1.5657E-10	1.8653E-06	6.9580E-07
2.3398E-10	-1.8206E-10	3.1105E-06	1.3303E-06
-9.5631E-11	-2.6056E-10	2.2747E-06	2.3373E-07
-2.6361E-10	3.3275E-11	2.7529E-06	1.2770E-06
-2.9240E-11	2.7681E-10	2.5989E-06	2.7238E-07
2.6998E-10	1.2052E-10	2.5990E-06	1.0651E-06
2.0416E-10	-2.1029E-10	2.9590E-06	3.4589E-07
-1.3155E-10	-2.4022E-10	2.4861E-06	1.0284E-07
-2.5468E-10	7.3108E-11	1.7238E-06	5.9556E-07
1.0981E-11	2.7913E-10	2.8435E-06	1.2179E-06
2.8304E-10	8.2310E-11	2.5145E-06	1.4644E-07
1.7073E-10	-2.3386E-10	2.4257E-06	6.6022E-07
-1.6400E-10	-2.1512E-10	1.9752E-06	3.3967E-07
-2.4019E-10	1.1096E-10	2.2847E-06	1.1168E-06
5.0882E-11	2.7558E-10	1.8858E-06	8.0543E-07
2.9039E-10	4.2755E-11	3.0229E-06	2.0957E-06
1.3443E-10	-2.5233E-10	3.4015E-06	-1.0074E-07
-1.9235E-10	-1.8582E-10	2.1885E-06	8.3057E-07
-2.2052E-10	1.4607E-10	2.7335E-06	3.4610E-07
8.9624E-11	2.6628E-10	2.0966E-06	1.2623E-06
2.9193E-10	2.7024E-12	3.2478E-06	7.8789E-07
9.6035E-11	-2.6536E-10	2.4602E-06	1.0497E-06
-2.1606E-10	-1.5297E-10	4.0163E-06	8.6811E-07
-1.9612E-10	1.7773E-10	3.0373E-06	-7.9603E-07
1.2640E-10	2.5149E-10	1.7386E-06	6.2034E-08
2.8767E-10	-3.7007E-11	2.3684E-06	1.1345E-06
5.6351E-11	-2.7273E-10	2.8863E-06	3.8390E-07
-2.3469E-10	-1.1729E-10	2.3502E-06	8.5466E-07
-1.6757E-10	2.0532E-10	3.2548E-06	6.6870E-07
1.6047E-10	2.3159E-10	2.9000E-06	3.7605E-07
2.7775E-10	-7.5545E-11	3.2244E-06	-1.5930E-07
1.6215E-11	-2.7434E-10	1.9155E-06	-1.2113E-07
-2.4793E-10	-7.9561E-11	2.6159E-06	7.2505E-07
-1.3552E-10	2.2833E-10	2.5033E-06	2.6395E-07
1.9112E-10	2.0704E-10	2.8824E-06	3.9125E-07
2.6244E-10	-1.1212E-10	2.1864E-06	-8.1543E-08
-2.3538E-11	-2.7023E-10	2.5918E-06	8.8445E-07
-2.5555E-10	-4.0584E-11	2.7982E-06	-9.7034E-08
-1.0069E-10	2.4630E-10	2.3958E-06	4.3563E-07
2.1776E-10	1.7842E-10	2.7699E-06	-1.7279E-07
2.4211E-10	-1.4598E-10	1.8341E-06	5.1455E-08
-6.2087E-11	-2.6054E-10	2.2534E-06	5.7211E-07
-2.5747E-10	-1.1863E-12	2.2887E-06	3.7459E-07
-6.3839E-11	2.5894E-10	2.2762E-06	6.0602E-07
2.3985E-10	1.4637E-10	2.7031E-06	4.2602E-07
2.1722E-10	-1.7644E-10	1.9680E-06	-1.6861E-08
-9.8648E-11	-2.4552E-10	1.9790E-06	1.3630E-06
-2.5371E-10	3.7807E-11	3.2193E-06	7.3334E-07
-2.5767E-11	2.6602E-10	2.6962E-06	6.9452E-07
2.5698E-10	1.1159E-10	3.9244E-06	7.9750E-08
1.8834E-10	-2.0290E-10	2.1755E-06	-1.2221E-06
-1.3249E-10	-2.2554E-10	1.9169E-06	2.8394E-07
-2.4442E-10	7.5590E-11	1.8840E-06	-1.5933E-07
1.2713E-11	2.6746E-10	2.0850E-06	9.8137E-07
2.6883E-10	7.4844E-11	2.5900E-06	-3.6013E-07
1.5610E-10	-2.2485E-10	1.1933E-06	5.7325E-07
-1.6294E-10	-2.0106E-10	2.2570E-06	9.0563E-07
-2.2986E-10	1.1139E-10	1.9995E-06	1.4389E-06
5.0786E-11	2.6330E-10	3.9488E-06	1.0176E-06
2.7521E-10	3.6914E-11	2.8392E-06	-6.2258E-07
1.2120E-10	-2.4188E-10	2.3250E-06	-1.2032E-07
-1.8940E-10	-1.7266E-10	1.6737E-06	1.3474E-07
-2.1039E-10	1.4449E-10	2.3295E-06	9.7244E-07
8.7654E-11	2.5368E-10	2.6322E-06	6.3779E-07
2.7602E-10	-1.3880E-12	3.1827E-06	2.0956E-07
8.4388E-11	-2.5369E-10	2.1631E-06	-2.8993E-07
-2.1139E-10	-1.4095E-10	2.5806E-06	1.7407E-07
-1.8649E-10	1.7422E-10	1.4061E-06	-7.9941E-08
1.2255E-10	2.3887E-10	2.8631E-06	1.5340E-06
2.7132E-10	-3.9255E-11	2.7607E-06	-8.5179E-07
4.6456E-11	-2.6008E-10	1.8459E-06	8.6832E-07
-2.2848E-10	-1.0663E-10	2.8951E-06	-1.7657E-07
-1.5871E-10	1.9999E-10	2.1047E-06	4.9779E-07
1.5476E-10	2.1923E-10	2.8906E-06	-6.0657E-07
2.6124E-10	-7.5900E-11	1.0278E-06	1.4564E-07
8.1959E-12	-2.6096E-10	2.7158E-06	8.9723E-07
-2.4038E-10	-7.0449E-11	2.3941E-06	-2.6282E-07
-1.2767E-10	2.2132E-10	1.8611E-06	-8.4342E-08
1.8364E-10	1.9523E-10	1.6524E-06	5.6282E-07
2.4605E-10	-1.1057E-10	2.2878E-06	5.5506E-07
-2.9597E-11	-2.5638E-10	2.1453E-06	6.1211E-07
-2.4690E-10	-3.3176E-11	2.7087E-06	2.3795E-07
-9.4057E-11	2.3780E-10	1.8963E-06	-6.5176E-08
2.0860E-10	1.6740E-10	1.8198E-06	5.2364E-07
2.2611E-10	-1.4256E-10	2.2108E-06	1.0263E-06
-6.6147E-11	-2.4650E-10	3.0307E-06	2.0820E-07
-2.4797E-10	4.4019E-12	1.8822E-06	-1.0853E-07
-5.8613E-11	2.4916E-10	2.1266E-06	4.6001E-07
2.2917E-10	1.3638E-10	1.7848E-06	6.1779E-07
2.0188E-10	-1.7123E-10	2.8241E-06	1.0917E-06
-1.0071E-10	-2.3156E-10	2.6934E-06	-4.6408E-09
-2.4364E-10	4.1499E-11	2.5441E-06	4.7026E-07
-2.2102E-11	2.5520E-10	2.5820E-06	-2.3241E-07
2.4495E-10	1.0285E-10	1.9427E-06	5.8089E-07
1.7391E-10	-1.9601E-10	3.4720E-06	5.1871E-07
-1.3259E-10	-2.1194E-10	2.7616E-06	-1.3122E-06
-2.3405E-10	7.7345E-11	1.1003E-06	-2.8774E-07
1.4695E-11	2.5585E-10	2.2849E-06	8.6432E-07
2.5567E-10	6.7530E-11	2.7900E-06	-5.5285E-07
1.4281E-10	-2.1643E-10	1.1759E-06	-3.2380E-07
-1.6116E-10	-1.8810E-10	2.1472E-06	1.0421E-06
-2.1947E-10	1.1121E-10	2.6851E-06	-2.5221E-07
5.1001E-11	2.5117E-10	1.8176E-06	6.5641E-08
2.6113E-10	3.1190E-11	2.3733E-06	2.3044E-07
1.0926E-10	-2.3211E-10	2.3358E-06	-1.0035E-07
-1.8586E-10	-1.6056E-10	2.0382E-06	-2.5132E-07
-2.0026E-10	1.4240E-10	2.0613E-06	2.3810E-07
8.6057E-11	2.4131E-10	2.3672E-06	-2.6601E-07
2.6129E-10	-5.4054E-12	1.9855E-06	3.5956E-08
7.3990E-11	-2.4276E-10	2.5508E-06	-4.1336E-07
-2.0621E-10	-1.2996E-10	1.6995E-06	-5.4900E-07
-1.7688E-10	1.7030E-10	1.9988E-06	-3.4264E-07
1.1914E-10	2.2652E-10	1.4169E-06	-4.6970E-07
2.5618E-10	-4.1489E-11	1.6798E-06	1.0309E-07
3.7735E-11	-2.4821E-10	1.8457E-06	-1.6733E-07
-2.2186E-10	-9.6951E-11	1.7321E-06	-2.8880E-07
-1.4986E-10	1.9436E-10	1.5343E-06	5.0444E-08
1.4958E-10	2.0717E-10	2.3204E-06	-1.4731E-07
2.4596E-10	-7.6312E-11	1.5486E-06	-9.3562E-07
1.2614E-12	-2.4841E-10	1.3464E-06	-1.1918E-07
-2.3252E-10	-6.2253E-11	1.7182E-06	-4.8591E-07
-1.1982E-10	2.1413E-10	1.3817E-06	-4.6172E-07
1.7675E-10	1.8372E-10	1.6578E-06	-6.3833E-07
2.3090E-10	-1.0916E-10	1.1919E-06	-1.1980E-06
-3.4671E-11	-2.4341E-10	5.5072E-07	-1.2070E-06
-2.3804E-10	-2.6607E-11	-3.2980E-07	-1.0085E-06
