jMRUI Data Textfile

Filename: Export_to_jmrui.txt

PointsInDataset: 2048
DatasetsInFile: 1
SamplingInterval: 0.250000
ZeroOrderPhase: 0E0
BeginTime: 0E0
TransmitterFrequency: 1.2326E8
MagneticField: 2.8936E0
TypeOfNucleus:  
NameOfPatient:  
DateOfExperiment:  
Spectrometer:  
AdditionalInfo: 
SignalNames:  


Signal and FFT
sig(real)	sig(imag)	fft(real)	fft(imag)
Signal 1 out of 1 in file
2.0886E-06	3.9291E-07	-1.1678E-06	1.1405E-06
2.8308E-06	-5.7644E-07	-1.7674E-07	1.5401E-06
1.9182E-06	-1.5904E-06	6.4927E-07	6.8130E-07
1.2590E-06	-2.1729E-06	-1.7375E-07	-4.4871E-07
6.9826E-08	-2.1562E-06	-1.0734E-06	4.6823E-07
-6.1277E-07	-1.6218E-06	-5.2455E-07	4.6105E-07
-1.1381E-06	-7.8953E-07	-1.3048E-06	1.0919E-06
-8.5527E-07	-7.4028E-09	4.3435E-07	1.3994E-06
-4.2717E-07	4.8123E-07	-6.8339E-07	-2.5881E-08
2.6377E-07	5.0013E-07	-5.1321E-07	1.7695E-06
5.8171E-07	2.3229E-07	4.7393E-07	4.9669E-07
7.0511E-07	-2.4084E-07	-3.9476E-07	4.0542E-07
4.8609E-07	-5.2131E-07	-7.8459E-07	5.3122E-07
2.3484E-07	-6.5563E-07	-3.4743E-07	1.4023E-06
-1.5161E-07	-6.4351E-07	-4.1496E-07	2.5908E-07
-2.9740E-07	-4.9506E-07	-1.1375E-06	1.9762E-06
-3.3194E-07	-3.4676E-07	8.1582E-07	1.4444E-06
-2.8165E-07	-1.8777E-07	-1.1324E-07	8.6922E-07
-2.6921E-07	-1.5685E-07	3.8470E-07	1.0444E-06
-2.5999E-07	-1.4163E-07	1.1683E-07	6.7500E-07
-3.3409E-07	-8.2626E-08	-9.7841E-08	4.2193E-07
-4.0753E-07	1.2202E-08	-7.7499E-07	1.1944E-06
-4.0859E-07	1.1004E-07	2.8350E-07	1.5666E-06
-3.6114E-07	1.9246E-07	4.7623E-07	1.1235E-06
-1.6102E-07	2.9166E-07	5.7255E-07	5.4388E-07
1.8124E-08	2.7266E-07	2.6066E-08	5.6911E-07
1.2513E-07	1.5512E-07	-2.6002E-07	3.0806E-07
2.0374E-07	-4.2740E-09	-6.1912E-07	1.8991E-06
1.2507E-07	-8.6499E-08	1.6322E-06	7.9204E-07
-4.2395E-08	-1.1867E-07	-6.9131E-07	-1.2809E-07
-2.2104E-07	-3.3465E-08	7.7095E-08	1.1604E-06
-3.0233E-07	8.1980E-08	-7.8214E-07	8.4618E-07
-3.1658E-07	2.5540E-07	9.7785E-07	2.1721E-06
-1.6390E-07	4.1159E-07	7.8584E-07	-4.1650E-07
1.4030E-08	3.7889E-07	-3.9327E-07	8.9231E-07
1.8644E-07	3.2976E-07	3.8359E-07	3.9943E-07
2.5367E-07	2.1381E-07	-4.1332E-07	3.6359E-07
3.0541E-07	9.4498E-08	-8.1753E-07	9.0448E-07
2.4453E-07	6.1585E-09	1.4535E-07	1.8716E-06
2.3139E-07	-2.3704E-08	5.8007E-07	3.0697E-07
1.8693E-07	-5.8428E-08	-6.5248E-07	8.6170E-07
1.8658E-07	-3.4176E-08	-1.6774E-07	1.1202E-06
1.8945E-07	-7.6137E-08	-3.1490E-07	1.7540E-06
1.9521E-07	-1.3169E-07	1.0224E-06	1.4854E-06
8.0401E-08	-2.1876E-07	4.2233E-07	6.5996E-07
6.6613E-08	-2.7147E-07	5.4808E-07	9.0981E-07
-6.5737E-08	-2.1956E-07	2.3973E-07	5.4902E-07
-1.2155E-07	-1.4410E-07	5.2767E-07	8.5590E-07
-8.1811E-08	-3.5090E-08	2.0750E-07	-1.2822E-07
-5.7855E-08	3.8089E-08	-7.0281E-07	7.8976E-07
-2.4618E-09	2.6471E-08	2.2718E-07	9.7532E-07
6.7862E-08	-4.7661E-09	-5.2396E-08	3.8440E-07
4.5450E-08	-7.6718E-08	-6.6667E-07	3.3852E-07
2.1027E-08	-1.3339E-07	-1.2124E-06	1.4439E-06
-7.3960E-08	-2.0574E-07	-1.3894E-08	1.7589E-06
-1.8667E-07	-9.8526E-08	-4.8323E-07	1.5217E-06
-2.3096E-07	-1.1788E-08	5.7601E-07	2.3376E-06
-1.8586E-07	5.5734E-08	1.0658E-06	9.5016E-07
-7.2535E-08	9.5344E-08	4.0109E-07	6.1660E-07
4.3794E-08	8.0769E-08	-3.8999E-07	7.4239E-07
1.1512E-07	5.8435E-08	1.3540E-07	1.8826E-06
1.4250E-07	-6.1684E-08	8.8062E-07	6.7289E-07
7.9672E-08	-1.3803E-07	-4.5110E-07	5.1277E-07
-5.1041E-08	-1.4380E-07	-6.4428E-07	1.5908E-06
-1.3914E-07	-1.0153E-07	4.1497E-07	2.1464E-06
-1.6395E-07	-2.3598E-08	7.8119E-07	9.8691E-07
-1.6685E-07	6.6820E-08	2.1314E-08	1.3851E-06
-7.6233E-08	1.0641E-07	8.7902E-07	1.1512E-06
-8.0808E-09	6.2022E-08	-3.3160E-07	6.6193E-07
1.5754E-08	8.1734E-08	-3.7931E-08	2.1869E-06
-9.4076E-09	7.0931E-09	9.4274E-07	1.4066E-06
-1.7920E-08	-3.2595E-08	2.7837E-07	1.4834E-06
-9.7945E-08	-1.5430E-08	1.1311E-06	1.6738E-06
-8.9220E-08	1.8994E-08	1.1152E-06	9.8329E-07
-7.3330E-08	8.9302E-08	1.2101E-06	4.6340E-07
4.3206E-09	9.5445E-08	-2.0001E-07	1.5998E-08
3.1123E-08	1.2351E-07	-1.9696E-07	1.6340E-06
7.4616E-08	6.5634E-08	6.3836E-07	1.2629E-06
9.5226E-08	2.1101E-08	7.1044E-07	1.1529E-06
4.3161E-08	-1.7192E-08	2.9828E-07	5.1697E-07
-1.6566E-08	-2.1092E-08	4.2872E-08	1.6320E-06
-7.6249E-08	3.9396E-08	9.2468E-07	8.8927E-07
-6.8181E-08	1.0790E-07	-1.2291E-07	1.1858E-06
-8.7912E-09	1.6079E-07	9.8585E-07	1.4801E-06
9.9655E-08	1.0043E-07	4.1333E-07	6.2113E-07
1.8561E-07	1.0384E-07	2.2654E-07	1.4532E-06
2.1728E-07	1.5691E-08	9.3538E-07	1.2069E-06
1.7831E-07	-1.1720E-07	4.0161E-07	7.9098E-07
8.3820E-08	-1.6384E-07	6.9447E-07	1.4366E-06
-4.8509E-08	-1.8089E-07	7.3389E-07	2.6842E-07
-6.6678E-08	-9.8130E-08	-4.8018E-07	1.4367E-06
-1.0331E-07	-3.7867E-09	1.2477E-06	1.5768E-06
-6.7862E-08	1.0648E-07	4.2263E-07	6.9962E-07
2.9083E-08	1.1934E-07	7.9087E-07	1.1525E-06
1.2201E-07	1.2503E-07	3.1940E-09	6.2128E-07
1.8514E-07	5.3728E-08	3.2034E-07	2.0576E-06
1.9453E-07	-3.2350E-08	1.3051E-06	1.1730E-06
1.5588E-07	-1.0010E-07	7.2873E-07	9.4904E-07
5.4835E-08	-1.7265E-07	7.8151E-07	9.6757E-07
3.1192E-08	-1.5113E-07	6.1871E-07	1.1542E-06
-4.3489E-08	-1.3692E-07	1.2475E-06	1.2201E-06
-1.0213E-07	-8.1199E-08	1.2058E-06	2.2207E-07
-7.0033E-08	-1.9617E-08	2.0966E-07	3.7722E-07
-8.7821E-08	-2.8070E-08	4.3850E-07	8.7583E-07
-5.1715E-08	-4.4196E-08	3.2266E-07	7.7902E-07
-8.8194E-08	-4.1473E-08	4.4024E-07	1.1065E-06
-1.1136E-07	-6.7159E-09	6.2103E-07	1.0668E-06
-5.9840E-08	2.4476E-08	9.6123E-07	8.9495E-07
-5.7395E-08	8.3554E-08	5.1344E-07	3.6327E-07
1.8937E-08	6.1631E-08	3.2462E-07	9.5491E-07
9.6680E-09	9.4535E-08	5.9004E-07	5.1816E-07
6.0758E-08	5.2619E-08	-2.1520E-07	8.2540E-07
5.7756E-08	3.7993E-08	3.7459E-07	1.4568E-06
3.8583E-08	-4.4731E-08	4.8829E-07	1.1809E-06
-5.4010E-09	-7.9355E-08	8.4706E-07	1.3999E-06
-6.8069E-08	-1.1695E-08	8.7583E-07	8.3864E-07
-7.9105E-08	-2.5873E-08	1.0198E-06	1.1607E-06
-1.0277E-07	4.8075E-08	1.1311E-06	-6.4177E-09
-8.3586E-08	1.2145E-07	-2.0605E-07	6.5818E-07
-8.3723E-09	8.7993E-08	8.7122E-07	1.1270E-06
3.0329E-08	6.2350E-08	6.2381E-07	5.5100E-07
6.7311E-08	1.8028E-08	7.1619E-07	5.0336E-07
5.3080E-08	2.1253E-08	1.2102E-07	5.2329E-07
2.4332E-08	-3.4536E-08	7.3951E-07	8.3354E-07
1.0682E-08	-7.6406E-08	2.9316E-07	6.8413E-08
-4.2261E-08	-6.8321E-08	-1.4368E-07	7.2635E-07
-5.4791E-08	-1.1197E-08	4.4477E-07	1.0259E-06
-5.8533E-08	6.8069E-08	6.7754E-07	-2.5204E-07
-5.6116E-08	6.2883E-08	-1.6581E-06	2.4820E-07
-5.1627E-09	6.3666E-08	-5.5024E-08	2.3627E-06
1.0973E-08	1.0100E-08	3.3269E-07	5.8149E-07
2.0226E-08	-1.0743E-08	-4.5493E-07	1.5556E-06
-3.0185E-08	-5.3067E-09	2.6754E-07	1.5387E-06
-3.5157E-08	4.9555E-09	5.0298E-07	1.5651E-06
2.7476E-08	5.0873E-08	3.3117E-07	9.3296E-07
1.0975E-08	3.1317E-08	1.4814E-07	1.7019E-06
7.9036E-08	9.7374E-09	5.2645E-07	1.2528E-06
5.4471E-08	-2.6965E-08	3.9419E-07	2.0383E-06
6.6787E-08	-7.0561E-08	1.6361E-06	1.2861E-06
4.5295E-08	-5.8085E-08	7.4842E-07	7.5889E-07
1.2106E-08	-8.4159E-08	1.0744E-06	8.1414E-07
5.9982E-09	-6.8069E-08	3.6169E-07	3.7206E-07
-2.6833E-09	-4.7910E-08	3.4140E-07	1.1277E-06
-8.8314E-08	-6.0451E-08	7.3908E-07	7.2729E-07
-5.3319E-08	-2.8164E-08	1.3974E-07	6.8897E-07
-4.7006E-08	5.2874E-08	4.6578E-07	1.2161E-06
-5.1769E-08	5.1376E-08	7.2388E-07	5.8290E-07
5.3649E-08	6.0907E-09	5.8635E-08	4.8885E-07
3.2527E-08	-2.3901E-08	-6.9164E-08	9.7347E-07
2.1124E-08	-5.9468E-08	2.1125E-07	8.9558E-07
-4.3173E-08	-4.0284E-08	-5.0232E-07	1.0120E-06
-4.2851E-08	-3.9190E-08	3.1909E-07	2.0172E-06
-7.3037E-08	1.7602E-08	5.3449E-07	8.2803E-07
-3.2688E-08	3.8197E-08	4.1359E-08	1.7432E-06
-5.6193E-08	6.1141E-08	9.5162E-07	1.0421E-06
-1.3694E-08	2.9100E-08	1.3329E-08	1.2873E-06
-2.0103E-08	6.8011E-08	9.3396E-07	1.2117E-06
3.1579E-08	7.0023E-08	3.1137E-08	9.8037E-07
2.4020E-08	4.9187E-08	6.2921E-07	1.4188E-06
3.3095E-08	4.0845E-08	2.2251E-07	1.3532E-06
3.4369E-08	-1.4260E-08	1.5464E-06	1.3814E-06
1.3661E-08	-4.3427E-08	1.0016E-07	-3.6345E-07
-3.5200E-08	-4.4931E-08	-5.5820E-07	1.8542E-06
-3.4992E-08	-1.7111E-08	7.2283E-07	1.4064E-06
-3.9598E-08	-9.1959E-09	5.8380E-07	1.6385E-06
-5.4495E-08	3.5735E-08	1.2254E-06	5.7049E-07
-4.4231E-08	1.2972E-08	-3.0229E-07	6.7001E-07
-2.4675E-08	4.2679E-08	3.1876E-07	1.3806E-06
-6.5236E-09	4.8920E-08	9.0990E-08	1.1496E-06
1.6360E-08	3.5114E-08	2.9362E-07	1.3325E-06
1.2618E-08	3.9317E-08	-1.1380E-07	1.5737E-06
8.8654E-09	6.1846E-08	8.9223E-07	1.9499E-06
2.2337E-08	3.2516E-08	5.1334E-07	1.0995E-06
6.4103E-08	-9.2071E-10	7.5058E-07	1.9087E-06
4.9082E-08	-1.4446E-08	1.1254E-06	9.7007E-07
2.3820E-08	-4.0496E-08	6.1765E-07	1.1188E-06
2.2879E-08	-4.9807E-09	5.4043E-07	9.3526E-07
1.7307E-08	-2.3181E-08	5.5948E-07	1.5773E-06
2.0562E-08	-6.9381E-09	1.0755E-06	6.9247E-07
7.8556E-09	-3.1782E-08	-1.1008E-07	1.0793E-06
4.4472E-08	-2.4126E-08	9.0544E-07	1.4902E-06
2.0255E-08	-2.3733E-08	2.8569E-07	9.5967E-07
1.5099E-08	-1.7130E-08	9.6954E-07	1.8021E-06
8.9822E-09	-2.3796E-08	1.1089E-06	3.1411E-07
-1.6792E-08	5.3860E-09	-8.7411E-08	9.8709E-07
1.2805E-08	-3.4771E-08	6.8215E-07	1.1946E-06
-2.2819E-08	-2.1286E-08	2.0261E-07	1.0815E-06
-5.7517E-08	-3.0635E-08	8.0085E-07	1.4178E-06
-2.8656E-08	1.9223E-10	6.0218E-07	6.8406E-07
-6.9845E-08	-1.1397E-08	2.3507E-07	1.1012E-06
-3.3521E-08	2.3199E-08	5.5863E-07	1.0582E-06
-3.5266E-08	3.5934E-10	1.5349E-07	5.8263E-07
-2.2714E-08	1.9686E-08	-7.8712E-07	1.5409E-06
-1.8435E-08	1.7109E-08	7.4491E-07	2.6234E-06
-1.7256E-08	1.9715E-08	1.3214E-06	1.1307E-06
-1.7748E-08	4.9696E-08	6.5104E-07	1.1595E-06
-1.9841E-08	2.4618E-08	8.0155E-07	9.2264E-07
2.9176E-09	-3.2195E-09	2.3534E-07	9.3464E-07
-6.9104E-09	-1.4254E-08	2.3890E-07	1.4361E-06
-3.4050E-08	-1.5898E-08	7.6711E-07	1.4987E-06
-2.0561E-08	6.9532E-09	6.3300E-07	9.5276E-07
-3.4283E-08	-9.7252E-09	4.7015E-07	1.2495E-06
-2.9747E-08	1.6593E-08	3.0227E-07	8.5588E-07
5.3405E-09	1.1656E-08	-8.5826E-08	1.9254E-06
-1.3331E-11	-4.0695E-09	1.3147E-06	1.5803E-06
2.2088E-08	6.8802E-09	3.0258E-07	9.8186E-07
1.8717E-08	9.1004E-10	9.3647E-07	1.7967E-06
-6.8460E-09	2.0478E-08	9.1758E-07	6.9910E-07
1.1201E-08	4.4935E-08	4.4518E-07	1.1970E-06
-1.0668E-08	2.8945E-08	5.4320E-07	7.9557E-07
3.1975E-08	2.0190E-08	-4.7963E-08	1.3943E-06
-3.2281E-08	1.5579E-08	6.4087E-07	1.4852E-06
1.0047E-08	2.4236E-08	1.8896E-07	1.3623E-06
-9.3110E-09	4.7658E-08	5.4122E-07	2.0995E-06
1.4465E-08	2.8605E-08	1.5113E-06	1.7458E-06
1.4649E-08	6.6118E-08	1.2231E-06	6.9152E-07
2.2135E-08	2.8274E-09	7.8061E-07	1.0945E-06
4.4914E-08	9.2607E-09	9.7571E-07	2.7607E-07
4.3787E-08	2.1835E-10	-6.9748E-07	9.4899E-07
4.1795E-08	3.3583E-08	8.7067E-07	2.3098E-06
2.8833E-08	5.5205E-10	1.3581E-06	5.6773E-07
5.2421E-08	-1.7790E-08	-1.1606E-08	5.2240E-07
3.9708E-08	-2.1109E-08	-6.1240E-08	1.4569E-06
4.5396E-08	-4.8098E-08	2.5005E-07	1.5077E-06
1.2281E-08	-5.7101E-08	4.5073E-07	2.0318E-06
1.1666E-10	-3.6211E-08	1.1682E-06	1.4256E-06
4.0527E-09	-2.9120E-08	7.1576E-07	1.5781E-06
-3.7489E-08	-3.4902E-08	1.5183E-06	9.0478E-07
-1.9782E-08	-2.0088E-08	1.4449E-07	8.8253E-07
-6.7690E-09	-9.8852E-09	1.1653E-06	1.1970E-06
2.3769E-09	2.2771E-09	1.1842E-08	7.6063E-07
4.1768E-08	6.0966E-09	9.8952E-07	1.4383E-06
1.0209E-08	1.4324E-08	-1.4800E-07	7.4532E-07
3.4179E-08	2.1026E-08	1.1066E-06	2.1051E-06
1.6505E-08	9.3106E-09	5.9126E-07	8.1097E-08
8.6933E-09	-2.8841E-08	-2.3914E-09	1.7536E-06
4.5328E-09	-2.5364E-08	6.7796E-07	1.1343E-06
1.8224E-08	-2.0166E-08	6.7748E-07	1.4281E-06
-1.9368E-08	1.0261E-08	2.4925E-07	7.6833E-07
-4.8372E-10	-1.3598E-08	5.0288E-07	1.8121E-06
-2.5148E-08	-7.2514E-09	2.6663E-07	7.4343E-07
-1.7985E-08	4.5130E-09	3.2630E-07	2.3597E-06
1.6060E-08	8.4764E-09	1.0114E-06	8.4084E-07
-2.9837E-08	-2.8284E-08	1.5598E-07	2.1597E-06
-1.5704E-08	-2.9197E-08	1.7115E-06	1.1801E-06
-2.2418E-08	1.8134E-08	3.5888E-07	9.6096E-07
-9.3277E-09	6.8129E-09	6.7851E-07	1.3957E-06
-1.2508E-10	3.6820E-08	1.1759E-06	1.5944E-06
3.2337E-08	1.6129E-08	1.1827E-06	-1.1972E-07
-7.5891E-09	-7.6898E-09	-9.6474E-07	9.2523E-07
1.4953E-09	4.0913E-08	4.1217E-07	2.3238E-06
1.0298E-08	4.2759E-08	1.3311E-06	1.4454E-06
2.8468E-09	3.8657E-08	4.0024E-07	5.2739E-07
1.6661E-08	7.2003E-09	1.8887E-07	1.8968E-06
-3.8516E-09	3.3807E-08	8.6137E-07	1.0119E-06
3.3978E-08	1.0592E-08	1.1149E-07	1.7594E-06
3.5318E-09	2.2885E-08	8.5834E-07	1.4877E-06
4.2136E-08	-5.4347E-09	8.1534E-07	2.1804E-06
2.8798E-08	1.7503E-08	1.9253E-06	6.9418E-07
2.0310E-08	-1.6906E-08	6.9441E-08	9.1848E-07
3.1369E-08	-9.7702E-09	1.0722E-06	1.2412E-06
2.1575E-08	-2.6442E-08	3.0271E-07	1.3488E-06
1.3358E-09	2.6564E-09	1.5713E-06	1.3983E-06
2.3827E-08	1.5788E-08	9.6537E-07	5.7334E-07
1.1851E-08	1.0148E-08	9.2723E-07	1.3625E-07
1.1106E-08	6.6682E-09	-6.8247E-07	6.6938E-07
-7.6949E-09	-1.1426E-09	6.6095E-07	1.4939E-06
3.9430E-08	-4.0532E-08	-3.9060E-07	8.1633E-07
2.1441E-08	2.1792E-09	6.3268E-07	2.4796E-06
1.0908E-08	-1.0704E-08	1.2301E-06	6.5156E-07
-1.2309E-08	-1.2190E-08	2.1133E-07	1.2947E-06
6.3616E-09	-2.1635E-08	1.1803E-06	7.8654E-07
-1.2547E-08	-2.4181E-08	-4.1401E-07	4.0350E-07
1.7119E-08	-2.2331E-08	2.7270E-07	1.8450E-06
1.3653E-09	1.7143E-08	2.2487E-07	4.3099E-07
-1.1112E-09	-1.1036E-08	-6.9052E-07	2.0456E-06
-6.3116E-09	-3.0430E-08	8.5287E-07	1.6606E-06
-5.1224E-09	4.4550E-09	3.4911E-11	1.6332E-06
-1.6124E-08	1.4897E-08	7.8954E-07	1.6283E-06
-9.2374E-09	3.5938E-09	1.1265E-07	1.7036E-06
1.7664E-08	-1.5254E-08	1.1295E-06	1.8085E-06
-1.9548E-08	-3.3956E-08	5.2180E-07	1.2348E-06
1.7621E-08	1.7975E-09	8.2474E-07	1.4442E-06
-1.4656E-08	3.7528E-08	2.4101E-07	1.2558E-06
-3.6652E-08	7.8738E-09	5.7923E-07	1.8050E-06
9.9671E-09	-5.4003E-09	7.2747E-07	1.8203E-06
-2.2152E-09	7.9199E-09	1.5509E-06	1.3076E-06
-2.4549E-08	-1.0235E-08	2.5355E-07	5.7963E-07
-1.9957E-08	4.6113E-09	5.0729E-07	1.8554E-06
3.0650E-08	7.0934E-09	8.5865E-07	9.0104E-07
5.2281E-09	1.4182E-08	-6.9823E-08	1.4168E-06
3.7470E-08	3.0140E-08	7.1239E-07	2.0307E-06
-2.5988E-09	1.8481E-08	9.5675E-07	1.5363E-06
3.7254E-08	1.7356E-08	1.2714E-06	1.6241E-06
2.4740E-08	-5.2462E-09	1.2013E-06	3.5524E-07
2.2237E-08	-1.4039E-08	-2.4545E-07	1.1144E-06
4.3938E-09	1.0332E-08	7.5386E-07	1.7256E-06
2.3681E-08	-4.3901E-10	6.1440E-07	1.6490E-06
-1.8377E-08	2.7278E-08	1.8548E-06	1.5612E-06
2.1083E-08	1.7762E-08	1.1496E-06	-2.1628E-07
5.9113E-09	-1.3627E-08	-3.0343E-07	6.0977E-07
4.9081E-09	1.5690E-08	3.0117E-07	1.3904E-06
-1.8071E-08	1.1641E-08	1.7569E-07	9.9012E-07
1.0857E-08	9.5961E-09	2.9750E-07	2.0164E-06
9.3303E-09	-1.7307E-08	1.4436E-06	1.1084E-06
5.8011E-09	-3.7263E-09	5.2450E-07	6.8941E-07
8.2085E-09	3.5331E-09	5.2727E-07	6.2645E-07
-2.2568E-08	5.4972E-09	1.4405E-08	9.9321E-07
-6.9733E-09	2.1576E-08	3.3415E-07	5.8234E-07
3.3530E-09	9.1776E-09	-7.6221E-07	1.4069E-06
-4.7760E-10	2.7428E-08	7.8349E-07	1.4444E-06
-1.9927E-08	-1.1997E-08	-6.0907E-07	9.3718E-07
1.3357E-08	1.4945E-09	2.6502E-07	2.0098E-06
3.5601E-08	2.3565E-08	-2.0936E-08	1.4708E-06
2.2219E-08	-3.1483E-08	7.1532E-07	1.9024E-06
1.1244E-08	-1.9577E-08	2.3113E-07	1.2702E-06
1.9756E-08	2.5871E-09	9.4284E-07	1.5873E-06
2.3218E-08	3.0376E-09	-1.1266E-07	6.6922E-07
-3.4042E-09	5.3216E-09	4.2562E-07	1.9740E-06
6.2310E-09	2.3038E-10	4.0511E-08	5.9251E-07
7.6760E-09	-2.7328E-08	-1.7707E-07	2.4244E-06
8.2084E-09	-2.7658E-08	1.0898E-06	1.0410E-06
1.0987E-09	-1.6290E-08	-3.8128E-07	1.2260E-06
3.6800E-09	1.1009E-08	2.4893E-07	1.5846E-06
1.5700E-09	-1.3490E-08	-2.0149E-07	1.5243E-06
1.3410E-09	-2.4900E-08	2.1697E-07	1.9531E-06
2.4099E-08	4.8866E-10	2.1748E-07	1.4589E-06
2.2013E-08	-1.4631E-08	-2.7114E-07	1.9599E-06
-5.2833E-08	-4.7767E-09	5.8446E-07	2.3250E-06
1.2637E-09	-1.0287E-08	5.9671E-07	1.5736E-06
1.9810E-08	8.3731E-10	3.1238E-07	1.8066E-06
2.3796E-08	-8.6834E-09	4.6574E-07	1.8310E-06
-2.3992E-08	-1.4951E-08	6.1920E-07	1.7346E-06
-3.6103E-08	1.5603E-09	3.1660E-07	1.5323E-06
-1.7932E-08	-9.1496E-09	4.1847E-07	1.9790E-06
-6.4004E-08	1.6234E-08	6.5664E-07	1.5298E-06
-1.3315E-08	1.4360E-08	1.1078E-07	1.7113E-06
-5.7653E-09	-3.8563E-08	7.4689E-07	2.0486E-06
-9.1410E-10	-1.6553E-08	4.0837E-07	1.0944E-06
1.9506E-08	2.2109E-08	-1.9673E-07	2.4880E-06
3.8704E-10	7.5226E-10	1.6978E-06	1.8238E-06
-6.6744E-09	1.1800E-08	-8.2336E-08	7.9699E-07
-4.9751E-09	-2.4357E-08	2.3768E-07	2.0334E-06
3.2753E-09	-2.7018E-09	-4.1297E-07	1.7155E-06
-2.0540E-08	2.2262E-08	7.6568E-07	3.4482E-06
1.6156E-08	2.6693E-10	1.5979E-06	1.2342E-06
4.7177E-09	-2.7606E-09	1.3521E-07	1.9596E-06
3.4149E-08	1.7653E-08	1.2563E-06	1.9629E-06
2.4119E-08	-1.4946E-09	8.2761E-07	1.5765E-06
3.5880E-08	-1.2284E-08	1.0351E-06	1.3391E-06
1.1004E-08	-5.6345E-09	2.3463E-07	1.2136E-06
1.0336E-09	-3.2566E-08	3.9100E-07	1.8004E-06
1.3774E-08	-9.1822E-09	2.4635E-07	1.5920E-06
4.3768E-08	-1.4923E-08	2.6503E-07	2.5295E-06
1.0571E-08	-3.5908E-08	1.6478E-06	2.0273E-06
-3.1978E-08	-4.9679E-09	6.4506E-07	8.8614E-07
2.0896E-08	-2.5601E-08	1.6233E-07	1.8820E-06
1.2490E-08	-4.2127E-08	5.8005E-07	2.2052E-06
1.6684E-08	4.5592E-09	1.6122E-06	2.1492E-06
-3.7643E-08	-1.7783E-08	1.0757E-06	4.4099E-07
-9.1105E-09	-2.3095E-08	-2.8041E-07	1.7802E-06
-1.1704E-08	1.4661E-09	1.2284E-06	2.0797E-06
-2.1591E-08	1.4595E-08	8.6959E-07	1.1065E-06
-1.0174E-08	-8.9071E-09	4.2364E-07	1.3885E-06
4.3752E-08	-9.5767E-09	4.9250E-07	1.6990E-06
2.0252E-08	-4.8077E-09	8.2297E-07	1.5622E-06
1.3000E-09	1.2664E-08	5.4115E-07	1.2608E-06
3.5489E-10	-5.7723E-09	2.3766E-07	1.5470E-06
-6.7669E-09	8.6780E-10	4.5879E-07	1.8851E-06
-2.4184E-08	4.0743E-09	7.2717E-07	1.7980E-06
1.7981E-08	1.4105E-08	9.7306E-07	1.6578E-06
-2.8114E-08	-4.6715E-09	8.1765E-07	1.0364E-06
-1.9722E-08	4.7353E-09	2.3315E-07	1.3787E-06
6.8471E-09	-2.1614E-08	7.8160E-07	1.3073E-06
-7.5455E-09	-4.8433E-09	-2.3881E-07	6.5974E-07
2.8853E-08	2.4767E-08	-7.3958E-07	2.3490E-06
-5.7578E-09	4.2074E-08	8.9998E-07	2.3283E-06
2.0778E-09	1.3505E-09	2.6042E-07	1.4638E-06
-1.7525E-08	-2.8917E-08	2.3763E-07	2.1498E-06
-5.2953E-09	9.0093E-09	2.9104E-07	2.2252E-06
-2.0846E-08	1.6584E-08	1.4335E-06	2.4730E-06
1.2655E-08	-7.6861E-09	7.4732E-07	5.0296E-07
1.6272E-08	-2.1865E-09	-5.4900E-07	2.5963E-06
3.2189E-08	1.9944E-08	1.7196E-06	2.2533E-06
-1.9373E-08	2.6706E-08	5.8622E-07	1.2932E-06
9.5870E-09	1.5986E-08	7.3001E-07	1.7549E-06
-1.6921E-08	1.4653E-08	4.5483E-07	1.9019E-06
-2.2224E-08	1.7063E-08	1.2499E-06	1.8386E-06
-4.4571E-09	-1.8478E-09	7.4243E-07	1.5283E-06
-1.3391E-08	1.1444E-08	1.4548E-06	1.1792E-06
3.2428E-09	-1.7854E-08	-2.5321E-07	7.2613E-07
-8.9547E-11	-7.7319E-09	8.4919E-07	2.1526E-06
-4.3843E-09	2.2337E-09	2.1425E-07	2.8995E-07
2.1519E-08	3.0047E-08	-4.9884E-07	2.3685E-06
-2.0161E-08	-1.6942E-08	8.1858E-07	1.5206E-06
7.6263E-09	2.0745E-08	-2.2858E-07	1.8361E-06
-2.5933E-08	-2.5788E-08	5.9182E-07	2.1653E-06
-4.3054E-08	-2.5123E-08	8.0568E-07	1.8320E-06
1.8562E-09	-1.0428E-08	5.9116E-07	1.0230E-06
1.9178E-08	1.8968E-08	-4.7266E-07	1.5817E-06
4.2937E-09	3.8589E-09	-2.5942E-08	2.3651E-06
1.7911E-08	-1.9305E-08	6.5580E-07	2.3940E-06
-1.1297E-08	-1.8710E-08	5.7731E-07	1.6365E-06
-5.1115E-09	-4.8787E-09	2.8188E-07	2.2890E-06
-4.8816E-09	-3.2894E-09	8.8809E-07	1.7258E-06
-2.7987E-08	5.8616E-09	4.8446E-08	1.8069E-06
-1.4072E-08	-1.5993E-08	2.3070E-07	2.2311E-06
-7.2393E-09	3.4681E-09	4.8625E-07	2.9161E-06
-7.7344E-09	-2.9749E-08	1.9219E-06	2.3164E-06
-1.4000E-09	1.4532E-08	1.2622E-06	9.6557E-07
1.1008E-09	-8.7329E-09	3.0657E-07	1.1525E-06
1.7725E-08	1.1292E-08	2.3893E-07	1.7883E-06
-4.1176E-09	-1.6626E-09	2.2421E-07	1.6977E-06
4.6741E-09	-1.8516E-09	3.2673E-07	2.6013E-06
-1.3417E-08	-2.3776E-08	1.4452E-06	1.9103E-06
1.9136E-08	1.7518E-08	8.3627E-07	1.3045E-06
-6.9997E-09	-5.3720E-09	2.7830E-07	1.0137E-06
-2.9466E-08	5.5680E-10	-2.8141E-07	2.3012E-06
-1.4976E-08	-2.2904E-08	1.1110E-06	1.8162E-06
2.0768E-09	2.1995E-08	-3.1027E-07	1.6903E-06
1.7725E-08	-6.8138E-09	7.6584E-07	2.7001E-06
-1.6507E-08	3.8113E-09	9.6869E-07	1.8825E-06
-1.8104E-08	8.7751E-09	1.0045E-06	1.5396E-06
-7.4947E-09	-3.2881E-09	1.8337E-07	1.5561E-06
-1.7113E-08	3.1774E-09	7.7044E-07	1.8836E-06
-5.7743E-09	1.2607E-08	2.4975E-08	1.5443E-06
-3.5268E-09	-1.1403E-09	6.0445E-07	2.6104E-06
1.0849E-08	3.5006E-09	1.2466E-06	1.6611E-06
-1.2062E-08	2.1286E-08	6.4321E-07	1.2176E-06
-1.0385E-08	-6.4182E-09	1.7945E-07	1.5430E-06
-3.5479E-08	3.3482E-09	3.7586E-07	1.5911E-06
-3.3188E-09	-9.2429E-09	-4.5504E-08	1.7965E-06
2.2054E-08	2.6523E-08	4.1874E-07	1.8645E-06
2.7664E-09	1.5239E-10	-2.6173E-07	1.9417E-06
5.5172E-09	-5.1792E-08	5.5331E-07	2.6246E-06
1.5784E-08	-9.3207E-09	6.5124E-07	1.9304E-06
-9.2406E-09	2.7726E-08	5.7235E-07	1.9668E-06
-1.2579E-08	-6.8557E-09	4.1409E-07	2.0038E-06
2.4794E-08	-6.6809E-09	6.5895E-07	1.7906E-06
-2.3543E-09	-1.0030E-08	-5.5692E-08	2.1478E-06
3.3449E-08	-6.1819E-09	1.1253E-06	2.2506E-06
5.6946E-08	-1.1720E-08	2.2770E-08	1.6449E-06
5.7908E-09	-1.2223E-08	1.0290E-06	2.6328E-06
-1.3564E-08	1.6753E-08	5.4457E-07	1.2285E-06
-3.0739E-08	-9.8568E-09	4.8944E-07	2.2686E-06
-1.6762E-08	-9.2995E-09	1.9450E-07	1.4524E-06
-2.6618E-08	1.1909E-08	4.1064E-07	2.9690E-06
-1.9395E-08	-5.8793E-09	1.2536E-06	1.5009E-06
-2.4071E-08	8.7085E-09	3.4277E-07	2.0004E-06
3.5800E-08	4.3916E-09	7.5379E-07	1.3830E-06
-1.9299E-08	-1.8574E-08	-1.1967E-07	2.1250E-06
5.2174E-09	-4.0396E-09	7.9662E-07	1.7869E-06
-2.2799E-08	4.0876E-09	-3.8066E-07	2.1661E-06
2.2399E-08	7.7664E-09	1.1994E-06	2.8308E-06
-1.8866E-08	-8.4516E-09	9.3453E-07	1.3173E-06
2.6871E-08	2.3312E-08	2.1334E-07	1.8804E-06
-4.1676E-09	4.0581E-09	6.1886E-07	2.0802E-06
1.2112E-08	4.1189E-09	6.8605E-07	1.7115E-06
-6.8273E-09	5.6455E-09	3.2433E-07	1.7879E-06
1.0385E-09	1.8298E-08	5.5428E-07	1.7972E-06
-5.2005E-09	1.8187E-08	9.9812E-08	1.7623E-06
-2.3264E-08	1.2802E-08	5.7934E-07	2.1324E-06
-9.2820E-09	-2.3609E-08	2.7645E-07	1.4372E-06
1.3828E-08	1.6469E-09	5.7119E-08	2.1050E-06
2.3160E-08	2.0434E-09	8.1573E-08	1.7933E-06
1.9225E-08	1.0716E-08	2.4013E-07	2.7398E-06
-3.4627E-08	-9.7235E-09	1.1007E-06	1.2331E-06
-6.9388E-09	-8.6973E-09	-1.0793E-06	1.6164E-06
3.7179E-09	3.8614E-09	1.0397E-07	2.7670E-06
2.2081E-08	6.9342E-09	-4.4966E-07	2.4155E-06
-1.7771E-09	3.4778E-08	7.6081E-07	3.5807E-06
-4.6824E-08	2.4445E-09	1.2207E-06	1.7309E-06
-2.5027E-08	2.1535E-09	-1.8243E-07	2.1115E-06
1.6213E-09	1.7011E-09	5.3337E-07	3.0037E-06
2.4847E-08	3.3033E-08	1.1310E-06	2.1224E-06
8.7737E-09	-1.8105E-08	2.2778E-07	2.1351E-06
-3.2668E-08	2.5658E-08	9.1052E-07	2.4624E-06
2.3764E-08	3.2695E-08	3.8998E-07	2.0614E-06
-2.0061E-08	-1.8361E-08	1.1449E-06	2.6281E-06
3.5314E-09	5.8856E-09	8.0560E-07	1.2753E-06
-1.3471E-08	1.5091E-08	1.4995E-07	2.3405E-06
-1.5331E-08	-7.8692E-09	1.0770E-06	1.9520E-06
-1.3524E-08	-7.2414E-09	3.4059E-07	1.4008E-06
-8.5525E-10	-1.2481E-08	-2.0030E-07	1.9980E-06
2.9783E-08	-2.4347E-08	3.6630E-07	2.5061E-06
1.5379E-08	-4.1292E-09	4.2633E-07	1.9560E-06
-1.6887E-08	1.5437E-08	1.3691E-07	2.3029E-06
-5.1853E-09	-2.8458E-08	3.7373E-07	2.3389E-06
2.7641E-08	7.8725E-09	3.5867E-07	2.4478E-06
-2.4403E-09	-1.8847E-10	6.8419E-07	2.6277E-06
1.3815E-08	-8.7903E-09	1.2509E-06	2.0514E-06
-1.7655E-08	2.3899E-08	3.0666E-07	1.3859E-06
-7.8330E-09	2.9307E-09	7.7623E-08	2.4386E-06
-1.1671E-08	1.0109E-08	8.8620E-07	2.2412E-06
1.2541E-08	9.1635E-09	6.9569E-07	1.5556E-06
-1.2194E-08	1.7206E-08	-8.7577E-08	1.7114E-06
2.6168E-08	-1.5490E-08	4.5839E-07	2.1897E-06
3.6955E-09	9.3944E-09	-1.5134E-08	1.1338E-06
-6.3336E-09	-1.8825E-08	-1.1715E-06	2.4863E-06
3.2818E-09	1.2866E-08	3.3953E-07	3.3178E-06
3.9792E-10	-1.3697E-08	6.7306E-07	2.1352E-06
2.8930E-09	-2.6616E-08	-1.4660E-07	2.3398E-06
2.8472E-09	-1.6199E-08	4.3284E-07	2.8243E-06
-7.1474E-09	-6.7333E-09	7.1742E-07	2.2219E-06
-1.7163E-09	2.1191E-08	1.2198E-07	1.7591E-06
-2.3382E-08	-1.0488E-08	-5.6304E-07	2.7679E-06
7.5140E-09	7.0583E-11	8.5216E-07	3.0596E-06
-8.6439E-09	1.7232E-08	4.6609E-07	2.1255E-06
-1.2860E-08	-2.8375E-08	6.0710E-07	2.3275E-06
-1.5833E-08	6.1969E-09	-2.6946E-07	1.8870E-06
-3.4084E-08	6.8592E-09	8.3410E-08	3.3186E-06
-2.3529E-09	-2.7211E-08	8.8315E-07	2.4147E-06
-2.8841E-09	-1.2483E-08	5.0301E-07	2.3478E-06
-1.1430E-09	-1.7522E-08	4.5427E-07	2.0183E-06
-3.8585E-09	-9.5125E-09	2.0856E-08	1.9995E-06
-2.7259E-08	-5.4829E-09	-6.0276E-07	2.6397E-06
-2.5403E-08	-3.8463E-09	8.5437E-07	3.2422E-06
1.1038E-08	-1.9259E-08	1.2996E-07	1.5837E-06
1.6558E-08	-9.9366E-09	-7.7266E-08	3.2313E-06
1.3074E-08	3.0992E-09	3.4078E-07	1.7118E-06
5.6506E-09	-1.4152E-08	-1.1062E-06	3.3855E-06
-1.7042E-08	1.1858E-08	8.3114E-07	3.3364E-06
-4.8104E-10	-1.6598E-09	4.6118E-08	3.0048E-06
-6.8505E-09	-1.9008E-08	6.0740E-07	3.1209E-06
-2.5987E-08	4.0187E-09	1.7443E-07	3.6763E-06
-1.8776E-09	1.6997E-08	2.2762E-06	3.4841E-06
7.8830E-10	8.0764E-09	1.0334E-06	1.2804E-06
-8.5697E-09	4.3076E-09	1.4047E-07	2.9647E-06
7.6824E-09	1.7742E-08	1.5125E-06	2.2422E-06
1.3875E-08	9.7262E-09	-2.8243E-07	1.8023E-06
1.9935E-08	5.3976E-09	6.6068E-07	3.5440E-06
2.3031E-08	-2.7322E-08	1.0846E-06	1.6417E-06
3.4447E-08	-7.4414E-09	-3.6426E-07	2.7518E-06
3.3343E-08	-6.3287E-09	9.8280E-07	2.8839E-06
3.1842E-09	-4.2818E-09	6.5109E-07	2.6248E-06
4.1099E-09	2.0207E-08	1.2991E-06	2.1345E-06
4.4580E-09	-4.3718E-09	1.7386E-07	1.5829E-06
1.4751E-08	-7.1197E-09	-5.1307E-08	2.1306E-06
-3.5752E-08	1.1155E-08	-4.2685E-07	2.4687E-06
-1.8939E-09	-1.0299E-08	-5.4372E-08	3.0535E-06
-1.6326E-08	-3.9773E-09	4.4253E-07	3.0914E-06
-6.9255E-10	1.2029E-08	5.8230E-07	2.2255E-06
-3.5603E-08	-2.5939E-08	-6.2749E-07	2.7798E-06
-1.4409E-08	1.3229E-08	5.0111E-07	3.4924E-06
-1.4949E-08	-1.4597E-08	3.3754E-07	2.8199E-06
-7.0585E-09	2.1152E-08	4.8846E-07	3.1591E-06
-1.9566E-08	-1.4743E-09	3.4683E-07	2.9816E-06
1.0130E-09	-4.7891E-09	7.2451E-07	3.2802E-06
2.9057E-08	9.0478E-09	5.5772E-07	2.8802E-06
-4.5367E-09	-5.3312E-09	8.3117E-07	3.4569E-06
-4.7900E-09	1.5204E-08	1.2830E-06	2.7153E-06
-7.6790E-09	1.2750E-08	7.6190E-07	2.7009E-06
8.6205E-09	-3.5266E-08	1.1564E-06	2.7279E-06
1.3709E-08	-9.7233E-09	8.6303E-07	2.1375E-06
-7.2907E-09	2.9703E-08	4.8967E-07	2.4850E-06
-1.3901E-08	1.4000E-08	5.4236E-07	2.3173E-06
-1.6714E-08	8.3484E-09	1.6528E-07	2.8001E-06
-5.3616E-09	1.4348E-08	7.4945E-07	2.6361E-06
1.6730E-08	-3.6096E-08	-5.1738E-08	2.8648E-06
1.3004E-08	-2.2837E-08	1.1647E-06	3.5159E-06
3.9903E-08	2.2390E-08	1.1986E-06	2.3294E-06
-3.6285E-08	-2.6388E-08	9.3935E-07	2.3168E-06
1.5596E-08	-1.7169E-08	3.0120E-07	2.0573E-06
1.6189E-08	1.9939E-08	4.1288E-07	2.9419E-06
-9.4390E-09	-1.1705E-08	8.4723E-07	2.5425E-06
-2.1633E-08	-2.1745E-08	8.9461E-07	2.3467E-06
-3.1465E-08	1.6286E-08	2.7961E-07	1.9020E-06
-1.2380E-08	-5.6183E-09	2.5018E-07	2.6983E-06
3.4489E-09	8.0437E-09	3.3777E-07	2.1896E-06
-3.0373E-08	2.3045E-08	1.5626E-07	2.8077E-06
5.4429E-09	1.1116E-08	4.1161E-07	2.2764E-06
1.1224E-08	-2.2467E-08	5.0761E-09	2.8930E-06
1.3433E-08	2.0099E-08	6.6847E-07	2.4117E-06
3.6193E-09	-1.8261E-08	-1.6922E-07	2.5405E-06
1.5808E-09	6.3610E-10	3.7578E-07	2.7066E-06
-8.3360E-09	2.4803E-08	-2.5240E-07	2.6236E-06
1.0730E-08	1.3945E-08	2.6154E-07	3.4385E-06
-3.5976E-08	3.7007E-09	1.0215E-06	2.7723E-06
-4.8777E-08	2.7657E-08	3.8660E-07	1.9079E-06
3.8996E-09	-1.8392E-08	-3.4146E-07	2.4842E-06
-2.0948E-09	9.9928E-09	-2.3254E-07	2.4967E-06
-2.1926E-08	-1.4560E-08	-1.0045E-06	3.2540E-06
1.1279E-08	1.5604E-08	3.0447E-07	4.2813E-06
1.8030E-08	1.8933E-08	1.1651E-06	3.0365E-06
-2.4681E-08	1.9902E-08	3.8651E-08	2.5449E-06
-2.6961E-08	1.4582E-10	3.3113E-07	3.7223E-06
1.2044E-08	-2.0791E-08	1.0396E-06	2.4074E-06
1.5192E-09	-2.6742E-08	-4.8279E-07	2.8757E-06
-5.0952E-09	-2.9805E-09	6.5826E-07	3.2675E-06
2.0467E-08	8.6947E-09	-2.2679E-07	2.8834E-06
9.4037E-09	1.0709E-08	4.9431E-07	3.7633E-06
6.9863E-09	4.3277E-08	5.5683E-07	3.2587E-06
3.3795E-08	8.7682E-09	1.2555E-06	3.2380E-06
-2.0877E-08	1.9893E-08	3.8515E-07	2.2138E-06
-7.2000E-10	-2.8430E-10	4.0385E-07	3.3378E-06
-1.8581E-08	3.5266E-08	6.3762E-07	2.4442E-06
-3.1786E-08	1.6543E-08	4.9463E-08	2.9307E-06
-2.1586E-08	4.7448E-09	1.0280E-07	3.0173E-06
-2.9288E-09	9.4173E-09	6.0128E-07	3.6721E-06
1.1082E-08	-1.1015E-09	1.1066E-06	2.4684E-06
9.8755E-09	-4.1429E-09	7.2750E-08	2.5413E-06
1.6079E-08	4.0390E-10	1.4109E-07	2.7325E-06
4.2871E-09	3.2106E-08	-1.9181E-07	3.0861E-06
-2.8134E-08	-2.0257E-08	2.2545E-07	3.5296E-06
-1.8251E-08	-1.9628E-09	8.6441E-07	3.2390E-06
-1.8037E-08	3.1024E-09	2.6291E-07	2.5992E-06
-7.8229E-09	2.0834E-08	3.5924E-07	3.5178E-06
1.8049E-10	1.7552E-08	6.8794E-07	2.6978E-06
1.5328E-08	-3.3034E-10	4.7475E-07	3.3509E-06
-1.5811E-09	-1.3728E-08	9.4192E-07	2.0971E-06
3.9884E-08	-4.3836E-08	-5.7065E-07	3.0540E-06
6.3453E-09	-3.6678E-08	1.1534E-06	3.0402E-06
2.6768E-08	7.1662E-11	-1.3136E-07	2.3315E-06
-1.7050E-08	-2.5084E-08	6.0260E-07	2.9610E-06
-4.7316E-08	3.1047E-08	-1.3134E-07	2.1164E-06
-9.8765E-09	1.3554E-08	-1.2444E-07	2.8006E-06
-6.3646E-09	1.3763E-08	-6.6198E-07	2.5278E-06
-3.1395E-08	1.7720E-08	-4.6609E-07	3.5211E-06
-1.1035E-08	-1.6263E-08	-1.9261E-07	3.2755E-06
-9.9565E-09	-3.0104E-09	1.1336E-07	3.4133E-06
-7.9730E-09	-2.1738E-08	-2.3307E-07	3.0575E-06
-1.3494E-08	7.0311E-08	1.2492E-07	3.5505E-06
-2.2833E-08	1.1284E-08	-1.7355E-07	2.9345E-06
5.5493E-09	-2.4487E-08	-6.5971E-08	3.6010E-06
5.6335E-09	-2.6406E-08	-4.8373E-07	3.1586E-06
1.0790E-08	2.1312E-08	2.6019E-07	4.8170E-06
-9.8578E-09	1.3553E-08	1.5451E-06	2.5521E-06
-1.0900E-08	3.0861E-09	-6.3361E-07	2.7882E-06
4.9526E-08	-2.8596E-09	4.0339E-07	3.4286E-06
6.8382E-09	-1.4787E-08	-5.5467E-08	2.7372E-06
2.8365E-08	-1.7593E-08	-4.9787E-07	3.0751E-06
-1.0166E-08	-2.8858E-08	-4.0542E-07	3.9197E-06
1.2454E-08	-1.0576E-08	5.2310E-07	3.3833E-06
2.6796E-08	-2.3851E-08	-4.1447E-07	3.4217E-06
2.7160E-08	-1.8401E-08	9.6788E-07	3.8932E-06
6.8186E-09	-1.7936E-08	5.7711E-07	1.8049E-06
5.1702E-09	1.0186E-08	-1.3950E-06	2.5532E-06
2.6815E-08	9.3509E-10	-8.2331E-07	3.9180E-06
-4.2399E-09	3.7516E-09	-2.7325E-07	3.5606E-06
6.5762E-09	-2.1344E-09	-4.8578E-07	3.6167E-06
1.1323E-08	-7.7354E-09	-4.8168E-07	3.6459E-06
-5.7809E-11	1.1703E-08	-4.9373E-07	4.0943E-06
6.6432E-09	-1.0354E-08	-9.2908E-08	3.8993E-06
1.1064E-08	-1.6975E-08	-3.6289E-07	4.3441E-06
6.5872E-10	1.1205E-08	8.6499E-07	4.2482E-06
9.4832E-09	2.4892E-08	3.2332E-07	3.2073E-06
-2.6003E-08	9.4684E-09	2.4692E-07	3.6927E-06
1.0112E-08	-5.3067E-08	1.0279E-07	3.0045E-06
-9.2471E-09	-8.8989E-09	-4.3142E-07	3.9246E-06
3.0342E-08	1.9088E-08	8.3701E-07	3.4792E-06
1.1919E-08	-5.2440E-09	-5.5104E-07	2.7972E-06
-2.2285E-08	-4.0259E-09	2.1911E-07	4.0510E-06
-4.0176E-08	-9.8509E-09	1.8626E-07	2.0539E-06
3.3430E-08	8.8714E-09	-1.5936E-06	3.1976E-06
-2.3606E-08	-9.9968E-09	-7.5347E-07	3.5592E-06
1.4451E-08	1.0500E-09	-1.5010E-06	3.8239E-06
-1.5148E-08	-1.2382E-08	-9.8203E-07	4.5967E-06
4.1843E-09	-8.1151E-09	-6.1140E-07	4.9210E-06
2.6307E-08	3.0258E-10	3.0432E-07	4.8413E-06
-1.6330E-08	1.7724E-10	7.4501E-07	4.1798E-06
5.1980E-09	1.1904E-08	2.3873E-07	3.1111E-06
2.5938E-09	1.2241E-08	-6.0453E-07	3.9582E-06
5.5423E-10	-6.6610E-10	-1.0858E-08	3.8665E-06
-1.3033E-08	3.0162E-09	8.6208E-09	4.5039E-06
-8.3569E-09	6.4107E-09	1.2777E-06	2.8209E-06
5.2754E-09	7.4367E-09	-1.3500E-06	2.5591E-06
2.2497E-08	-2.4147E-08	-5.4237E-07	3.6744E-06
-2.4441E-08	-1.1256E-09	-1.4497E-06	3.5158E-06
-2.1612E-08	3.8678E-10	-3.8771E-07	4.0696E-06
1.4162E-08	3.0897E-08	-1.7512E-06	3.5814E-06
-1.5196E-08	5.4834E-09	-2.6194E-07	5.1227E-06
1.0092E-08	2.8205E-09	-7.9087E-07	2.9519E-06
-1.4317E-08	7.5779E-09	-1.5727E-06	4.7765E-06
-6.3487E-09	1.9597E-08	-9.4527E-07	4.3184E-06
-1.3367E-08	3.1857E-08	-9.0063E-07	5.4084E-06
-2.0104E-08	-4.4005E-09	2.1702E-07	4.3442E-06
2.0262E-09	-3.1798E-10	-7.5313E-07	4.2455E-06
-2.8156E-08	1.2995E-08	-4.4721E-07	4.4614E-06
1.3547E-08	2.1073E-08	-4.3192E-07	4.3372E-06
-4.1351E-09	1.9819E-08	-6.4681E-07	4.1903E-06
-6.8777E-09	1.1852E-09	-3.5138E-07	4.5489E-06
7.6158E-09	-1.5258E-08	-3.8421E-07	3.5570E-06
1.0376E-08	-2.2146E-08	-1.2308E-06	3.9889E-06
8.5130E-09	2.7509E-08	-1.2071E-06	3.8613E-06
2.9439E-08	-1.2493E-08	-1.9276E-06	4.5925E-06
-1.9523E-08	-4.0810E-09	-1.2197E-06	4.8069E-06
-5.3301E-09	-9.6673E-09	-1.9954E-06	5.0227E-06
-1.4222E-08	1.6313E-08	-8.5949E-07	6.1725E-06
-2.5476E-08	-2.5895E-08	-4.4071E-07	4.8104E-06
3.1256E-09	6.5995E-11	-1.3928E-06	5.7703E-06
1.5985E-08	-1.5964E-08	5.5455E-07	6.1932E-06
1.8794E-08	-3.4840E-09	9.2697E-07	4.3901E-06
-2.0224E-08	6.9016E-09	6.4912E-08	3.5398E-06
-3.2848E-08	-7.3173E-10	-8.7723E-07	3.6784E-06
-1.7878E-08	8.0019E-09	-8.5250E-07	3.5358E-06
4.5353E-09	-3.9012E-09	-2.3285E-06	3.6078E-06
2.2545E-08	-1.2499E-08	-1.7432E-06	4.8172E-06
2.7528E-08	-3.9455E-09	-2.4202E-06	3.7691E-06
1.3448E-08	-2.6843E-08	-3.3953E-06	5.7147E-06
-1.9515E-08	4.6073E-09	-2.2479E-06	6.4473E-06
-1.2960E-08	-8.5635E-09	-1.4370E-06	6.8813E-06
2.4283E-09	-7.8257E-09	-5.1960E-07	6.0235E-06
-9.5372E-09	1.1875E-08	-8.4541E-07	5.5798E-06
-1.1374E-08	1.5227E-08	-1.1077E-06	5.2093E-06
-5.0522E-09	-2.3686E-08	-1.4689E-06	5.6133E-06
-1.7443E-08	-5.2447E-09	-1.5076E-06	5.3972E-06
1.0448E-08	6.4754E-09	-1.8249E-06	6.3932E-06
1.0316E-08	1.9931E-08	-3.8845E-07	6.0221E-06
-1.2250E-09	6.3640E-09	-1.2931E-06	4.9768E-06
-4.4534E-08	-9.8741E-09	-1.8231E-06	5.5234E-06
-1.5716E-08	2.4463E-09	-1.9335E-06	5.8568E-06
1.4593E-08	2.7746E-09	-1.7543E-06	5.9591E-06
1.7564E-08	-1.1235E-08	-2.2022E-06	6.0445E-06
-1.7077E-08	-3.1457E-09	-2.0653E-06	6.6745E-06
-1.4013E-08	-1.3331E-08	-1.8530E-06	6.8588E-06
-2.4097E-08	2.3052E-08	-1.3249E-06	6.9155E-06
-1.0240E-08	-2.5218E-09	-1.6304E-06	6.4507E-06
1.5295E-09	-2.0205E-08	-1.5566E-06	7.1797E-06
-1.4729E-08	1.3530E-08	-1.1155E-06	6.4345E-06
-1.0504E-08	-1.4154E-09	-2.1389E-06	6.8557E-06
4.0505E-09	-6.7742E-09	-1.0704E-06	7.5415E-06
-3.4560E-09	5.2693E-09	-9.2108E-07	6.4259E-06
4.3137E-09	1.1368E-08	-1.7250E-06	6.4582E-06
-1.7397E-08	1.2765E-08	-1.7708E-06	6.8062E-06
3.1317E-08	1.0410E-08	-2.0493E-06	6.7299E-06
-5.3987E-08	1.3041E-08	-2.3071E-06	7.6129E-06
3.0851E-08	1.7224E-08	-1.2777E-06	7.5306E-06
-1.9445E-09	-2.4462E-09	-2.1007E-06	6.8553E-06
-6.2763E-10	-1.4622E-08	-2.4012E-06	8.0034E-06
-2.3203E-08	-9.5645E-09	-1.5773E-06	8.1927E-06
-2.0241E-08	1.3624E-09	-1.4513E-06	7.7476E-06
3.5528E-10	8.8532E-09	-1.7238E-06	7.7213E-06
-7.5522E-09	5.5581E-09	-1.9293E-06	7.6979E-06
-5.4903E-09	8.1899E-12	-2.2459E-06	8.3175E-06
9.0516E-09	3.1183E-10	-1.6938E-06	8.3904E-06
-4.8032E-09	-9.0005E-09	-2.0110E-06	8.6688E-06
1.6161E-08	-8.4456E-09	-1.0983E-06	8.4711E-06
-1.9177E-08	1.3599E-08	-2.4096E-06	8.1206E-06
3.2231E-09	-5.3340E-09	-1.6001E-06	9.4465E-06
-1.3737E-08	-1.7678E-08	-1.7428E-06	8.4941E-06
-1.3852E-08	-2.5135E-08	-1.3711E-06	9.6737E-06
-1.4031E-09	-3.6924E-08	-1.0498E-06	7.8868E-06
-2.2337E-08	-9.4796E-09	-2.8728E-06	9.2149E-06
6.3657E-09	-3.4506E-09	-9.4753E-07	9.7877E-06
-2.5322E-09	1.2053E-08	-1.6283E-06	8.4343E-06
1.7913E-09	-1.4373E-08	-2.2289E-06	9.3761E-06
-1.0057E-08	-1.0376E-10	-1.9292E-06	9.4452E-06
-1.6491E-08	1.0194E-09	-2.1165E-06	9.8021E-06
-1.4721E-08	-2.2037E-08	-1.9359E-06	9.6606E-06
1.7535E-08	5.2136E-09	-2.6358E-06	1.0440E-05
6.4261E-09	-2.5332E-08	-1.1857E-06	1.0736E-05
2.1002E-09	2.2307E-09	-2.2588E-06	9.8995E-06
7.7292E-08	4.5996E-08	-1.6102E-06	1.1466E-05
1.2173E-08	5.6642E-09	-1.3072E-06	1.0037E-05
-2.1193E-08	5.0260E-09	-1.9253E-06	1.0884E-05
1.0939E-08	-1.3027E-08	-1.8783E-06	1.0068E-05
7.1884E-09	-1.1159E-08	-3.0865E-06	1.1615E-05
1.0181E-09	-1.2476E-08	-1.3665E-06	1.1890E-05
2.0926E-08	1.1190E-08	-1.9822E-06	1.1246E-05
-4.9337E-09	-1.7337E-08	-2.0593E-06	1.1559E-05
1.4623E-08	-1.4531E-08	-2.6797E-06	1.1875E-05
7.6608E-09	-1.1190E-08	-2.3342E-06	1.2653E-05
5.6574E-09	-7.2261E-09	-2.4576E-06	1.2589E-05
1.7734E-08	8.4731E-09	-2.4474E-06	1.3533E-05
-1.4380E-08	-4.1521E-09	-1.6455E-06	1.3159E-05
3.7731E-08	-1.5195E-08	-3.1639E-06	1.3021E-05
-5.6939E-09	-3.8775E-10	-2.9108E-06	1.5239E-05
-6.7175E-09	-4.9022E-09	-1.6084E-06	1.4865E-05
7.7537E-09	-2.3003E-08	-2.1368E-06	1.4728E-05
-1.1238E-08	-2.0522E-08	-2.7084E-06	1.5242E-05
-1.1171E-08	-3.3919E-08	-2.4575E-06	1.6716E-05
1.5667E-08	-4.9483E-08	-1.9562E-06	1.6307E-05
2.2012E-08	-8.4270E-09	-3.1055E-06	1.7791E-05
-4.5566E-09	-3.2849E-08	-1.5952E-06	1.8889E-05
2.6763E-09	-1.8427E-08	-2.2650E-06	1.9253E-05
2.3760E-09	6.2959E-08	-1.2151E-06	2.1585E-05
-2.1913E-08	1.7595E-08	2.0064E-07	2.1756E-05
7.0986E-10	1.2120E-08	7.7288E-07	2.2794E-05
3.3908E-08	4.6480E-09	2.1650E-06	2.3523E-05
2.0447E-09	1.5748E-08	3.0186E-06	2.4502E-05
2.9677E-09	7.9016E-09	5.3567E-06	2.5982E-05
-4.0903E-08	2.0235E-08	8.2446E-06	2.5545E-05
-2.4055E-08	-4.0883E-09	9.9142E-06	2.4914E-05
-3.7042E-08	-5.6384E-08	1.2320E-05	2.4429E-05
2.3757E-08	-2.3522E-08	1.4392E-05	2.2582E-05
-4.0580E-09	-1.4970E-08	1.5760E-05	2.0941E-05
-3.4666E-09	-9.1869E-09	1.7217E-05	1.8490E-05
7.6045E-09	-2.5486E-08	1.7265E-05	1.5896E-05
1.1477E-08	-2.0802E-08	1.7140E-05	1.3377E-05
-1.3785E-09	1.0421E-08	1.5200E-05	1.1139E-05
3.1632E-08	-6.8789E-09	1.3853E-05	1.0994E-05
2.4965E-08	-6.5741E-09	1.3357E-05	1.0030E-05
-1.3485E-08	-1.4234E-08	1.1943E-05	8.8358E-06
1.8258E-08	-1.2017E-08	9.7214E-06	9.0709E-06
9.8881E-09	9.8248E-09	9.7030E-06	9.7357E-06
2.6749E-08	-4.0391E-08	7.6358E-06	8.4878E-06
-1.6638E-08	-1.3353E-08	5.4000E-06	1.1342E-05
-1.7886E-08	-6.5029E-09	6.1196E-06	1.3118E-05
6.1076E-09	-1.9722E-08	6.7283E-06	1.4879E-05
-2.5232E-08	1.1973E-08	8.3772E-06	1.5033E-05
1.7332E-08	3.1685E-09	8.6438E-06	1.5512E-05
2.2654E-08	-2.5117E-08	1.0116E-05	1.5457E-05
8.2778E-09	1.9230E-08	1.0155E-05	1.5273E-05
9.6216E-09	-1.6726E-10	1.1303E-05	1.5625E-05
2.4726E-08	8.9534E-09	1.2400E-05	1.4938E-05
1.9692E-08	-2.6170E-08	1.2715E-05	1.3502E-05
2.7468E-08	-3.5180E-08	1.1849E-05	1.3394E-05
2.9847E-08	-3.2588E-08	1.2363E-05	1.3325E-05
5.7141E-09	7.9638E-09	1.2016E-05	1.3334E-05
-5.7546E-09	7.1512E-09	1.2844E-05	1.3059E-05
-9.0155E-09	-2.3290E-09	1.1883E-05	1.3056E-05
2.2969E-08	6.7302E-09	1.3720E-05	1.3757E-05
8.0305E-09	1.0225E-08	1.3134E-05	1.1738E-05
3.1322E-09	1.7569E-09	1.3150E-05	1.3556E-05
-1.1873E-08	8.2937E-09	1.4954E-05	1.1875E-05
4.4396E-09	-8.1353E-09	1.3924E-05	1.1164E-05
-1.1330E-08	1.9362E-08	1.3876E-05	1.0596E-05
-1.5768E-08	-7.5915E-09	1.3207E-05	1.1310E-05
-2.3740E-08	2.3845E-09	1.4891E-05	1.0502E-05
-2.6906E-08	4.7487E-08	1.3078E-05	9.0436E-06
4.0153E-09	-3.1370E-09	1.2819E-05	1.0169E-05
-1.6929E-08	-1.1004E-08	1.2625E-05	9.7515E-06
-1.1239E-09	3.1606E-08	1.2556E-05	1.0150E-05
-1.2709E-08	2.5199E-08	1.1834E-05	9.7698E-06
-1.0155E-08	-9.3184E-09	1.1560E-05	1.1456E-05
2.9374E-09	2.1656E-08	1.2809E-05	1.1404E-05
-8.3580E-09	1.1038E-08	1.2473E-05	1.1437E-05
-1.6275E-08	9.0927E-09	1.3047E-05	1.2209E-05
3.9459E-09	-3.6932E-08	1.4172E-05	1.2373E-05
-2.1865E-08	-3.1029E-08	1.5256E-05	1.1561E-05
-1.2943E-08	-4.2474E-09	1.5118E-05	1.0557E-05
2.3508E-08	8.6227E-11	1.5064E-05	1.0682E-05
-1.9279E-08	-1.4450E-08	1.5811E-05	9.9361E-06
-3.2802E-09	-4.5093E-09	1.5179E-05	9.1909E-06
-1.2008E-08	-1.8880E-08	1.5479E-05	8.7785E-06
-4.1569E-09	2.3546E-08	1.3819E-05	7.6778E-06
9.4084E-09	-3.4517E-09	1.3252E-05	9.6827E-06
-3.1620E-08	-2.5741E-08	1.4281E-05	9.0759E-06
1.6246E-10	-2.0150E-08	1.3221E-05	9.2728E-06
2.0820E-08	1.0353E-08	1.3522E-05	9.8121E-06
-1.8053E-09	-2.4245E-08	1.3332E-05	1.0284E-05
6.8764E-09	-1.9911E-09	1.4105E-05	1.0750E-05
-2.4413E-09	1.1689E-09	1.4285E-05	1.0257E-05
-2.2344E-08	5.3980E-09	1.3496E-05	1.0630E-05
-2.7456E-08	-2.9766E-08	1.4220E-05	1.2125E-05
-1.0399E-08	-1.4729E-08	1.5081E-05	1.1433E-05
9.1303E-09	-3.0961E-08	1.4536E-05	1.2627E-05
-1.7843E-08	2.9742E-08	1.6611E-05	1.2897E-05
2.7121E-08	3.0023E-08	1.5994E-05	1.2439E-05
7.7807E-09	-1.2155E-08	1.7179E-05	1.4123E-05
2.0268E-08	-2.2350E-08	1.8346E-05	1.3713E-05
-9.5282E-09	-1.8967E-09	1.9400E-05	1.5033E-05
6.6413E-09	-3.8172E-09	2.2221E-05	1.4811E-05
1.5531E-08	7.9386E-09	2.3977E-05	1.4322E-05
3.5950E-09	-1.7578E-09	2.7613E-05	1.3156E-05
1.0831E-08	7.1420E-09	2.9490E-05	8.5659E-06
-2.9560E-08	-5.9524E-09	2.8069E-05	5.5724E-06
2.9747E-08	-4.0113E-08	2.7807E-05	4.1389E-06
-3.1952E-08	-1.2426E-08	2.7099E-05	1.4737E-06
-1.3275E-08	2.1914E-08	2.5118E-05	6.6459E-08
1.3219E-08	-1.0277E-08	2.3648E-05	-8.7963E-07
5.2404E-08	-5.2525E-08	2.1545E-05	-9.2366E-07
-1.0050E-08	-2.3443E-08	2.0962E-05	-5.2041E-07
8.8784E-09	1.3137E-09	1.9142E-05	-5.1715E-07
-5.0147E-09	-1.9932E-08	1.9166E-05	1.9738E-06
5.8525E-09	-1.1596E-08	2.0763E-05	1.1764E-06
-1.2129E-08	2.6387E-09	1.9740E-05	1.0077E-06
-2.5298E-08	-2.6906E-08	2.0388E-05	1.5339E-06
-3.4904E-08	-1.2600E-09	2.0581E-05	1.4314E-06
-1.2734E-08	1.0472E-08	2.1706E-05	1.3519E-06
1.9975E-08	-3.5288E-09	2.1948E-05	1.3704E-07
-7.3936E-09	2.3382E-09	2.2116E-05	-1.4607E-07
-1.9908E-08	-1.6367E-08	2.2565E-05	-9.4828E-07
1.0902E-08	-4.5452E-08	2.3399E-05	-2.0241E-06
-3.8332E-08	2.6586E-08	2.2587E-05	-4.6203E-06
-1.1382E-09	-2.6619E-09	2.1145E-05	-4.0024E-06
1.3010E-08	3.0912E-08	2.2476E-05	-5.7244E-06
2.6961E-08	6.9155E-09	1.9523E-05	-7.2788E-06
-1.2694E-09	1.5774E-09	1.9644E-05	-6.3312E-06
5.2821E-08	-4.7722E-08	1.8364E-05	-8.3979E-06
2.8680E-08	9.8478E-10	1.6658E-05	-7.2539E-06
9.5293E-10	-1.6734E-08	1.6575E-05	-7.5459E-06
1.3728E-08	-1.4270E-08	1.5551E-05	-7.3927E-06
-7.8162E-09	4.9686E-09	1.5150E-05	-7.3840E-06
-1.4117E-08	1.2706E-08	1.4689E-05	-7.5934E-06
2.3061E-08	3.8354E-09	1.3215E-05	-8.1076E-06
-2.7872E-09	-1.2630E-08	1.2012E-05	-6.7435E-06
-2.4484E-09	1.0527E-08	1.1927E-05	-6.1863E-06
2.2255E-08	-1.7727E-08	1.1673E-05	-5.4845E-06
3.3571E-08	4.7840E-08	1.1371E-05	-5.1689E-06
-1.1699E-08	4.1677E-08	1.1620E-05	-3.9663E-06
4.4331E-09	-1.3252E-08	1.2317E-05	-4.2447E-06
6.1260E-09	1.8832E-08	1.2699E-05	-4.0505E-06
3.1107E-08	-5.2003E-09	1.2847E-05	-5.4215E-06
1.7311E-08	-2.3781E-08	1.1851E-05	-5.0670E-06
1.7444E-08	7.8213E-09	1.2126E-05	-5.8209E-06
-1.5660E-08	-1.8656E-08	1.0595E-05	-5.8240E-06
8.9548E-09	-2.8010E-08	1.0080E-05	-5.5792E-06
-5.4355E-09	8.4420E-09	9.0378E-06	-4.1295E-06
2.1998E-08	-4.0887E-09	1.0638E-05	-3.7261E-06
-2.7608E-09	-1.5682E-08	9.6731E-06	-4.5583E-06
-1.2466E-08	-1.5982E-08	9.5664E-06	-3.6317E-06
1.4398E-08	-3.0391E-08	9.3476E-06	-3.7273E-06
-1.4644E-08	-1.4012E-08	9.2728E-06	-3.0953E-06
-4.1930E-08	-7.8472E-09	9.2243E-06	-3.1629E-06
9.9801E-09	-3.0843E-08	8.8602E-06	-2.5571E-06
-2.2725E-08	1.6369E-08	9.2331E-06	-2.3549E-06
5.2975E-09	-8.9677E-10	8.3571E-06	-2.0923E-06
-4.5617E-09	-1.0027E-09	9.2931E-06	-3.7277E-07
-3.2499E-09	-3.4497E-10	9.9574E-06	-1.8205E-06
1.0036E-08	-3.8021E-08	8.6766E-06	-1.0141E-07
-6.7702E-10	-1.8804E-09	1.1535E-05	1.2870E-07
-1.6256E-08	3.1155E-09	1.0717E-05	-1.6487E-06
8.2951E-09	-7.5636E-10	1.0172E-05	-8.9285E-07
4.1684E-09	3.3717E-09	9.8377E-06	1.3995E-07
8.3618E-09	2.7440E-09	1.1871E-05	1.4617E-06
-1.6382E-08	7.3273E-09	1.3094E-05	9.3718E-08
-2.6335E-09	1.4804E-08	1.3584E-05	2.0944E-07
4.2240E-08	2.8421E-09	1.5446E-05	-8.6552E-07
1.2356E-08	-5.1789E-09	1.5803E-05	-3.3026E-06
-4.2091E-09	1.2065E-08	1.4854E-05	-5.1690E-06
3.9522E-08	1.7053E-08	1.3196E-05	-6.4145E-06
-5.1584E-09	1.6081E-08	1.1503E-05	-6.2437E-06
-1.2365E-08	3.8624E-09	1.0491E-05	-6.1436E-06
2.5797E-08	-5.2718E-08	9.3908E-06	-5.1539E-06
-7.1474E-09	-5.4709E-09	9.3060E-06	-4.8577E-06
4.6488E-08	1.1878E-08	8.2948E-06	-3.5329E-06
2.9677E-09	4.1473E-08	9.7655E-06	-2.6633E-06
1.9187E-08	1.4934E-08	9.7874E-06	-2.6678E-06
5.4284E-09	-1.9404E-08	1.1534E-05	-2.9654E-06
4.6325E-08	4.7796E-08	1.0292E-05	-4.6843E-06
4.1118E-08	-2.6689E-09	1.0488E-05	-3.7682E-06
-2.2258E-08	6.7872E-09	9.8407E-06	-5.4480E-06
3.3343E-09	-6.4728E-09	8.9268E-06	-3.9725E-06
3.7694E-08	-4.0366E-09	9.8945E-06	-5.0100E-06
-5.5165E-09	-1.7071E-08	8.1262E-06	-5.6105E-06
-1.6104E-09	-2.1349E-08	7.0762E-06	-4.9161E-06
2.7639E-10	-1.1997E-08	6.4774E-06	-3.7514E-06
2.5127E-09	6.9223E-09	7.0158E-06	-2.9076E-06
-1.2921E-08	-3.6326E-09	7.4983E-06	-3.5452E-06
1.0368E-08	-5.4998E-09	5.4419E-06	-3.8192E-06
-3.9138E-10	-1.8653E-08	5.6100E-06	-9.9687E-07
7.1982E-09	-1.5742E-08	6.8839E-06	-2.4394E-06
-8.3318E-10	-2.4433E-08	4.1630E-06	-1.4200E-06
-2.0725E-08	1.0568E-08	5.5312E-06	1.0403E-06
1.2505E-08	-2.0914E-08	6.2926E-06	1.1190E-06
7.3294E-10	1.1596E-09	7.1156E-06	1.5199E-06
-9.7209E-10	1.1533E-08	7.0360E-06	1.5427E-06
1.7883E-08	-1.4430E-08	7.7391E-06	2.3127E-06
-1.7215E-08	1.1733E-08	7.7046E-06	2.2982E-06
-1.1284E-09	-1.3626E-08	8.4431E-06	3.7796E-06
-8.8203E-09	3.0459E-08	9.8769E-06	3.7643E-06
-1.4853E-08	-3.4453E-09	1.1302E-05	3.8208E-06
-1.5365E-08	2.7410E-08	1.2177E-05	2.0891E-06
-1.2736E-08	-4.5668E-08	1.1451E-05	1.6546E-06
2.2321E-09	2.0237E-08	1.0985E-05	1.5725E-06
-1.9724E-08	6.7449E-09	1.1049E-05	3.0922E-06
1.3720E-08	2.5055E-09	1.2641E-05	2.9053E-06
8.8777E-09	1.0764E-08	1.3338E-05	3.0343E-06
3.9313E-08	6.7952E-09	1.4345E-05	1.1846E-06
3.4560E-08	-4.4851E-08	1.2775E-05	2.0826E-06
-1.8526E-08	-6.8667E-09	1.5700E-05	1.5368E-06
3.8707E-09	2.8430E-09	1.2987E-05	-4.7700E-08
-1.3766E-09	1.1202E-08	1.4495E-05	2.6793E-06
-2.7056E-08	-2.5797E-08	1.5115E-05	9.2265E-07
2.3335E-08	-1.9340E-08	1.6251E-05	2.0385E-06
5.0714E-09	-1.0286E-08	1.6777E-05	-6.7455E-07
-4.5423E-09	-6.2090E-09	1.5845E-05	4.9729E-07
-1.8639E-08	-1.5725E-08	1.7111E-05	-4.9503E-07
1.6179E-09	8.8650E-09	1.6770E-05	-1.1873E-07
2.3317E-08	-1.9622E-08	1.7687E-05	-1.1064E-06
2.2974E-09	-3.1472E-09	1.7174E-05	-1.4636E-07
-3.2383E-08	1.0482E-08	1.9578E-05	-7.9601E-07
-5.5525E-08	1.4238E-08	1.8855E-05	-1.1678E-06
-9.8539E-09	8.7175E-09	2.2123E-05	-2.4472E-07
-1.8001E-08	-5.1734E-09	2.4642E-05	-3.9117E-06
5.9454E-09	4.8803E-10	2.4858E-05	-7.0660E-06
-3.5940E-08	1.9253E-08	2.4433E-05	-1.0948E-05
2.9373E-09	-1.1887E-08	2.1174E-05	-1.4030E-05
-1.9100E-08	7.9388E-09	1.8136E-05	-1.4291E-05
-9.6710E-09	-5.7867E-09	1.5748E-05	-1.3988E-05
-1.5269E-08	-2.6456E-08	1.5313E-05	-1.2488E-05
-5.6853E-09	7.1827E-09	1.4843E-05	-1.4108E-05
7.3650E-10	6.0291E-09	1.2474E-05	-1.2646E-05
-1.0934E-08	2.0783E-08	1.3817E-05	-1.2542E-05
2.9522E-08	2.7044E-08	1.2222E-05	-1.3422E-05
8.7975E-09	5.4449E-09	1.1746E-05	-1.3270E-05
-2.1848E-08	2.2111E-08	1.0096E-05	-1.3088E-05
1.5862E-08	1.3628E-08	9.9907E-06	-1.2478E-05
7.2488E-09	-1.3755E-08	8.5327E-06	-1.1953E-05
1.0308E-08	2.8958E-08	9.3749E-06	-1.0964E-05
-1.1051E-08	1.6287E-09	8.0109E-06	-1.1496E-05
-1.2874E-08	1.6426E-09	8.2407E-06	-9.3901E-06
8.6535E-09	-1.3840E-08	8.8907E-06	-9.8642E-06
7.1693E-09	1.2510E-08	8.8847E-06	-9.5660E-06
-1.8593E-08	-9.3961E-09	8.4306E-06	-9.5431E-06
-1.0001E-08	-1.9645E-08	9.5591E-06	-8.4739E-06
-4.0546E-08	2.7264E-09	9.8216E-06	-1.0362E-05
9.0371E-09	1.7904E-08	8.9549E-06	-9.6839E-06
1.9786E-08	-2.6552E-08	9.3304E-06	-1.0555E-05
8.7013E-09	-2.0527E-08	8.1459E-06	-1.0108E-05
-1.9486E-08	1.0617E-08	8.5830E-06	-9.9996E-06
-1.1301E-08	-1.4800E-08	8.1601E-06	-9.6789E-06
1.8739E-08	-9.7604E-09	8.9832E-06	-9.8600E-06
2.2237E-08	-2.8101E-09	8.5007E-06	-1.0596E-05
5.9993E-09	-8.0018E-09	7.9982E-06	-1.0762E-05
2.2460E-08	-1.1317E-11	7.6111E-06	-1.0323E-05
3.5127E-09	-1.3048E-08	7.9998E-06	-1.1111E-05
3.4964E-10	2.8029E-08	5.8974E-06	-1.1148E-05
-5.3926E-09	-2.5056E-08	6.5900E-06	-9.2373E-06
-2.8973E-08	-3.2921E-08	7.1299E-06	-1.0624E-05
3.2623E-08	-9.8022E-09	5.7294E-06	-1.0224E-05
1.3589E-08	-1.0079E-08	5.9134E-06	-9.5532E-06
-2.2037E-08	-1.0798E-09	5.8558E-06	-8.9864E-06
-1.4595E-08	2.4366E-08	6.8713E-06	-8.7369E-06
-6.6150E-09	-1.4719E-08	7.1664E-06	-9.5355E-06
-1.8361E-09	-2.1342E-08	7.1493E-06	-1.0152E-05
9.4993E-09	4.3744E-09	6.5066E-06	-1.0956E-05
-3.8687E-08	-1.1760E-08	5.3781E-06	-1.1283E-05
5.7193E-09	5.4917E-09	3.8015E-06	-1.0171E-05
9.4678E-09	3.6138E-09	5.0675E-06	-8.6930E-06
-2.0132E-08	4.1345E-09	4.8187E-06	-9.8056E-06
2.9102E-09	-1.4757E-09	5.3749E-06	-8.4038E-06
2.5365E-08	-2.5449E-08	4.7222E-06	-1.0647E-05
-1.2549E-10	-3.0303E-09	4.6317E-06	-7.8921E-06
-1.3686E-10	-1.3283E-09	5.7280E-06	-1.0030E-05
-1.5181E-09	-1.9816E-09	3.5940E-06	-9.8512E-06
-3.9663E-10	-2.8360E-09	4.2336E-06	-8.2468E-06
-1.5032E-10	-1.5210E-09	4.6167E-06	-9.4045E-06
-1.3695E-09	-1.8713E-09	3.7267E-06	-8.3335E-06
-5.3318E-10	-2.7943E-09	5.2527E-06	-8.8215E-06
-1.6364E-12	-1.6830E-09	3.8017E-06	-9.5195E-06
-1.1557E-09	-1.5631E-09	4.0992E-06	-8.8362E-06
-9.2662E-10	-2.6040E-09	3.4618E-06	-9.2235E-06
-6.5702E-11	-2.1772E-09	3.5320E-06	-8.7943E-06
-5.2503E-10	-1.5071E-09	2.6031E-06	-8.7274E-06
-1.0561E-09	-1.9093E-09	3.4225E-06	-7.7327E-06
-7.1803E-10	-2.4209E-09	2.5598E-06	-8.5311E-06
-1.0909E-10	-2.1095E-09	3.2625E-06	-6.2853E-06
-4.7739E-10	-1.3739E-09	4.4695E-06	-8.5657E-06
-1.2799E-09	-1.9298E-09	2.3603E-06	-7.5433E-06
-4.2927E-10	-2.6945E-09	4.4171E-06	-7.1129E-06
1.5290E-10	-1.5486E-09	3.5202E-06	-8.6867E-06
-1.1835E-09	-1.3281E-09	2.5458E-06	-7.7335E-06
-9.0314E-10	-2.6922E-09	3.0060E-06	-6.8033E-06
2.8014E-10	-1.8968E-09	3.9634E-06	-6.8852E-06
-9.1983E-10	-1.1375E-09	4.3317E-06	-7.7426E-06
-1.0576E-09	-2.5546E-09	3.3450E-06	-8.5229E-06
3.2696E-10	-2.0081E-09	2.9264E-06	-7.3232E-06
-8.2745E-10	-9.5123E-10	3.7339E-06	-7.9339E-06
-1.3000E-09	-2.5428E-09	2.7814E-06	-7.6514E-06
4.7765E-10	-2.3062E-09	4.0746E-06	-7.7210E-06
-4.5050E-10	-6.5650E-10	2.8237E-06	-9.2786E-06
-1.6809E-09	-2.1558E-09	1.7012E-06	-8.1086E-06
1.7652E-10	-2.7936E-09	1.8204E-06	-7.6908E-06
1.8114E-10	-8.6879E-10	1.7364E-06	-7.1159E-06
-1.5253E-09	-1.4388E-09	2.0928E-06	-7.1049E-06
-5.3233E-10	-2.7404E-09	1.6337E-06	-6.7203E-06
2.9294E-10	-1.5594E-09	2.8423E-06	-6.2814E-06
-8.3527E-10	-1.1976E-09	2.1768E-06	-7.9835E-06
-8.2823E-10	-2.1156E-09	8.9730E-07	-5.9212E-06
-1.8123E-10	-1.9104E-09	3.1602E-06	-5.9688E-06
-4.0878E-10	-1.5301E-09	2.0002E-06	-6.9241E-06
-5.8957E-10	-1.6815E-09	2.5533E-06	-5.8594E-06
-5.2722E-10	-1.7885E-09	2.7752E-06	-6.8520E-06
-3.7589E-10	-1.7785E-09	2.2449E-06	-6.5760E-06
-4.1404E-10	-1.5485E-09	2.5863E-06	-6.4739E-06
-6.7082E-10	-1.7329E-09	2.5478E-06	-7.0445E-06
-2.4925E-10	-1.9198E-09	1.8391E-06	-6.6719E-06
-2.6110E-10	-1.2703E-09	2.7855E-06	-6.7971E-06
-1.0308E-09	-1.6313E-09	1.1573E-06	-7.7844E-06
-2.1639E-10	-2.3613E-09	1.1193E-06	-5.6434E-06
2.8085E-10	-1.1084E-09	1.9450E-06	-6.6881E-06
-1.2784E-09	-1.0526E-09	1.0649E-06	-5.6836E-06
-7.4040E-10	-2.7175E-09	2.5184E-06	-6.3488E-06
7.8426E-10	-1.5666E-09	4.3021E-07	-6.6614E-06
-8.6479E-10	-4.5036E-10	1.3399E-06	-4.7255E-06
-1.3590E-09	-2.3956E-09	1.8336E-06	-5.5974E-06
6.1755E-10	-2.1901E-09	2.1070E-06	-4.9655E-06
-2.2321E-10	-4.8449E-10	2.4845E-06	-6.2550E-06
-1.3975E-09	-1.7963E-09	1.3229E-06	-5.4534E-06
1.4310E-10	-2.3056E-09	3.0208E-06	-5.4376E-06
-8.3123E-12	-8.3250E-10	1.9744E-06	-7.0413E-06
-1.1420E-09	-1.5393E-09	1.2099E-06	-5.9778E-06
-6.9161E-11	-2.1712E-09	1.4437E-06	-5.9900E-06
2.1853E-11	-9.8551E-10	1.3356E-06	-5.6373E-06
-1.0333E-09	-1.3840E-09	1.3892E-06	-5.9629E-06
-2.7412E-10	-2.1570E-09	8.2225E-07	-5.3755E-06
1.6961E-10	-1.2286E-09	1.5032E-06	-5.1276E-06
-7.4200E-10	-1.0887E-09	1.3124E-06	-5.3532E-06
-6.6453E-10	-1.8786E-09	1.3102E-06	-5.1156E-06
-1.1855E-11	-1.7197E-09	1.3692E-06	-4.7567E-06
-1.2905E-10	-1.1648E-09	2.0774E-06	-4.7452E-06
-6.6697E-10	-1.1994E-09	2.3433E-06	-5.1752E-06
-6.7091E-10	-1.8308E-09	2.5626E-06	-6.2694E-06
1.3459E-10	-1.7847E-09	5.9163E-07	-6.7629E-06
-7.6589E-11	-8.1894E-10	4.5638E-07	-4.8289E-06
-1.0964E-09	-1.3210E-09	1.4332E-06	-5.2980E-06
-2.2701E-10	-2.2424E-09	5.3761E-07	-5.3247E-06
4.2185E-10	-1.0421E-09	9.5803E-07	-4.3584E-06
-9.6460E-10	-8.4030E-10	1.5506E-06	-5.0222E-06
-6.0839E-10	-2.2090E-09	7.2415E-07	-4.9116E-06
5.0981E-10	-1.3135E-09	1.3511E-06	-4.2757E-06
-7.7988E-10	-6.8044E-10	1.6422E-06	-4.8211E-06
-7.6029E-10	-2.1422E-09	1.4079E-06	-5.2026E-06
6.0688E-10	-1.4399E-09	6.8532E-07	-4.8354E-06
-6.6957E-10	-4.4788E-10	1.5008E-06	-4.3624E-06
-1.0648E-09	-2.0975E-09	1.2138E-06	-5.1930E-06
6.9579E-10	-1.8075E-09	8.2327E-07	-4.7803E-06
-2.2819E-10	-2.2872E-10	4.1798E-07	-4.4409E-06
-1.3752E-09	-1.6368E-09	1.3099E-06	-3.4781E-06
2.9572E-10	-2.2213E-09	1.7254E-06	-4.5995E-06
3.1583E-10	-5.5279E-10	1.2328E-06	-4.0762E-06
-1.1114E-09	-1.0059E-09	2.2481E-06	-4.3175E-06
-3.4642E-10	-2.0541E-09	1.8085E-06	-5.6089E-06
2.9636E-10	-1.1865E-09	3.3803E-07	-4.9402E-06
-4.8185E-10	-8.9799E-10	1.6852E-06	-4.1999E-06
-5.2509E-10	-1.4815E-09	7.2696E-07	-5.7221E-06
-1.4721E-10	-1.4284E-09	2.5878E-07	-3.8197E-06
-1.6730E-10	-1.2084E-09	1.1810E-06	-4.3900E-06
-3.1643E-10	-1.1485E-09	1.1144E-06	-3.8955E-06
-4.1861E-10	-1.3363E-09	1.4483E-06	-5.0504E-06
-1.1497E-10	-1.3983E-09	3.5339E-07	-4.2389E-06
-1.9703E-10	-9.9188E-10	1.3129E-06	-4.3448E-06
-6.0660E-10	-1.3250E-09	8.5750E-07	-4.5607E-06
3.3159E-11	-1.5971E-09	4.6170E-07	-4.9079E-06
1.5167E-11	-7.0139E-10	1.2860E-07	-3.4205E-06
-9.8659E-10	-1.1508E-09	1.4992E-06	-4.5933E-06
-3.2855E-11	-2.0598E-09	-5.8072E-07	-4.1050E-06
5.7054E-10	-6.5294E-10	1.1850E-06	-3.1811E-06
-1.1215E-09	-5.5318E-10	5.8125E-07	-3.9711E-06
-5.9636E-10	-2.2977E-09	1.5335E-06	-3.6405E-06
9.4132E-10	-1.1624E-09	4.7573E-07	-4.9127E-06
-6.5750E-10	-8.3707E-11	8.6883E-08	-3.4403E-06
-1.0985E-09	-1.9179E-09	8.9307E-07	-3.5709E-06
6.9963E-10	-1.6795E-09	7.8841E-07	-4.0746E-06
-1.2207E-10	-1.9704E-10	1.4904E-07	-3.6173E-06
-1.0696E-09	-1.4140E-09	1.1980E-06	-3.6766E-06
2.9782E-10	-1.7344E-09	-2.9948E-07	-4.4480E-06
3.0620E-11	-4.8474E-10	9.1959E-08	-2.5299E-06
-8.7629E-10	-1.2087E-09	7.8434E-07	-3.5870E-06
1.1287E-10	-1.6581E-09	3.8820E-07	-2.9908E-06
1.0648E-10	-6.2727E-10	9.3695E-07	-3.8196E-06
-7.7291E-10	-1.0080E-09	-5.2366E-07	-3.6184E-06
-1.5231E-10	-1.6365E-09	-1.1540E-07	-2.3537E-06
2.2446E-10	-9.3970E-10	6.2552E-07	-2.4982E-06
-4.1241E-10	-7.5394E-10	3.9690E-07	-2.8374E-06
-5.0457E-10	-1.2794E-09	1.8307E-07	-2.1808E-06
-5.7029E-11	-1.3911E-09	9.2669E-07	-1.8783E-06
1.5138E-10	-9.4287E-10	1.3185E-06	-2.2283E-06
-3.9400E-10	-6.4767E-10	1.3245E-06	-2.6116E-06
-6.8437E-10	-1.3836E-09	7.9728E-07	-2.6505E-06
2.8275E-10	-1.5411E-09	8.5898E-07	-1.6248E-06
1.7491E-10	-4.0193E-10	2.2896E-06	-1.7662E-06
-9.8759E-10	-8.8756E-10	2.1087E-06	-2.7679E-06
-8.2654E-11	-1.8854E-09	2.2414E-06	-2.7986E-06
5.6106E-10	-6.3698E-10	1.5592E-06	-3.5273E-06
-8.4975E-10	-5.0832E-10	1.7165E-06	-2.1717E-06
-3.8572E-10	-1.8486E-09	2.9844E-06	-3.9740E-06
6.4128E-10	-8.4642E-10	4.9735E-07	-4.3011E-06
-7.2269E-10	-3.4978E-10	1.0362E-06	-2.7617E-06
-5.5682E-10	-1.8306E-09	1.1333E-06	-3.2109E-06
7.7073E-10	-1.0081E-09	1.5165E-06	-2.7913E-06
-5.7053E-10	-9.0777E-11	1.5141E-06	-3.8543E-06
-8.9639E-10	-1.7310E-09	3.5402E-07	-3.4642E-06
7.8248E-10	-1.4167E-09	7.7373E-07	-2.5604E-06
-8.9910E-11	3.7649E-11	1.2100E-06	-3.2106E-06
-1.1164E-09	-1.2244E-09	5.4214E-08	-2.8624E-06
3.1799E-10	-1.7376E-09	1.1504E-06	-1.7864E-06
3.5215E-10	-3.6307E-10	1.2030E-06	-2.7696E-06
-7.7524E-10	-6.9497E-10	1.2648E-06	-1.9333E-06
-2.3662E-10	-1.4885E-09	1.7178E-06	-2.7329E-06
2.3823E-10	-9.1961E-10	1.5803E-06	-2.0029E-06
-2.2146E-10	-6.8494E-10	2.9195E-06	-3.2854E-06
-3.2778E-10	-9.8396E-10	1.0560E-06	-4.3450E-06
-1.5510E-10	-1.0820E-09	3.0623E-07	-3.1318E-06
1.4328E-11	-9.5589E-10	8.1247E-07	-2.3676E-06
-1.6019E-10	-7.2068E-10	1.2362E-06	-2.9963E-06
-3.7799E-10	-1.0299E-09	2.2814E-07	-2.4271E-06
9.8313E-11	-1.1142E-09	1.5320E-06	-1.7103E-06
-6.5852E-11	-5.3182E-10	1.4280E-06	-2.5886E-06
-6.1260E-10	-1.0326E-09	1.7208E-06	-2.0158E-06
2.4121E-10	-1.3716E-09	2.0112E-06	-3.0664E-06
2.0888E-10	-2.5767E-10	1.1111E-06	-2.6861E-06
-9.7898E-10	-7.8541E-10	2.0320E-06	-2.4390E-06
8.1314E-11	-1.8221E-09	1.6179E-06	-3.4368E-06
7.4693E-10	-3.1772E-10	1.1843E-06	-2.5460E-06
-1.0033E-09	-2.0179E-10	2.1883E-06	-3.1667E-06
-4.8426E-10	-1.9453E-09	6.3726E-07	-3.7235E-06
9.9274E-10	-8.4167E-10	8.6293E-07	-1.9921E-06
-5.2249E-10	1.4140E-10	2.0233E-06	-2.6234E-06
-8.7283E-10	-1.5426E-09	1.8365E-06	-3.0703E-06
7.1395E-10	-1.2563E-09	1.6692E-06	-3.7254E-06
-8.6074E-11	-1.5174E-11	7.6323E-07	-3.3674E-06
-8.0827E-10	-1.1281E-09	1.3685E-06	-3.1365E-06
3.8166E-10	-1.2819E-09	7.7518E-07	-3.6786E-06
3.7037E-11	-2.4755E-10	5.4970E-07	-2.9508E-06
-6.6804E-10	-9.4485E-10	9.7638E-07	-2.9965E-06
1.9899E-10	-1.2542E-09	7.3420E-07	-3.4884E-06
1.5019E-10	-4.0410E-10	-5.3278E-08	-2.8661E-06
-5.4392E-10	-7.1027E-10	1.0437E-06	-2.5533E-06
-1.0979E-10	-1.2011E-09	1.5535E-09	-3.6072E-06
2.1731E-10	-7.6809E-10	-2.5482E-07	-1.6536E-06
-1.3151E-10	-5.1950E-10	1.2580E-06	-2.1791E-06
-3.9904E-10	-7.8535E-10	8.0453E-07	-2.7474E-06
-1.4023E-10	-1.1553E-09	5.1007E-07	-2.9090E-06
3.6052E-10	-7.9724E-10	1.1485E-07	-2.5053E-06
-1.9776E-10	-2.2512E-10	1.6994E-07	-2.3437E-06
-7.0918E-10	-1.0526E-09	2.5770E-07	-2.0376E-06
3.8516E-10	-1.3479E-09	-3.8257E-08	-2.1479E-06
3.2607E-10	-8.9635E-11	4.4463E-07	-9.1681E-07
-9.1202E-10	-5.9418E-10	1.2610E-06	-2.3435E-06
4.1026E-11	-1.6009E-09	-6.7682E-08	-1.4242E-06
6.2368E-10	-3.1337E-10	1.8640E-06	-1.6454E-06
-7.8801E-10	-2.9364E-10	1.9892E-07	-2.7802E-06
-2.0434E-10	-1.5794E-09	2.7557E-07	-1.2342E-06
7.1494E-10	-4.8193E-10	8.0066E-07	-1.3582E-06
-6.9534E-10	-1.2009E-10	1.3070E-06	-1.5566E-06
-4.0706E-10	-1.5868E-09	5.9689E-07	-2.0534E-06
8.5442E-10	-6.8978E-10	6.6407E-07	-1.1676E-06
-4.9063E-10	1.4147E-10	9.7475E-07	-1.2998E-06
-7.5478E-10	-1.4237E-09	1.3957E-06	-1.1707E-06
7.8327E-10	-1.1111E-09	1.2014E-06	-1.8915E-06
1.1510E-12	1.7416E-10	8.0627E-07	-1.1558E-06
-8.7816E-10	-9.0080E-10	1.5509E-06	-1.2302E-06
2.8701E-10	-1.3335E-09	1.2054E-06	-1.5410E-06
3.3688E-10	-2.6976E-10	1.1998E-06	-9.3729E-07
-4.9213E-10	-4.7769E-10	2.1768E-06	-9.5629E-07
-1.7339E-10	-1.0348E-09	2.0238E-06	-2.2311E-06
1.6201E-10	-7.4216E-10	7.3326E-07	-1.5208E-06
-1.9636E-11	-5.3283E-10	2.1338E-06	-6.0339E-07
-2.0714E-10	-6.0338E-10	2.3204E-06	-2.1111E-06
-1.7519E-10	-8.5373E-10	1.5730E-06	-1.6726E-06
1.6617E-10	-7.5940E-10	1.8541E-06	-1.8015E-06
-8.2637E-11	-3.8208E-10	1.7945E-06	-1.2782E-06
-3.7491E-10	-8.4146E-10	2.5946E-06	-2.1576E-06
2.8126E-10	-9.1031E-10	1.1847E-06	-2.0008E-06
1.1880E-11	-1.6320E-10	2.6078E-06	-1.2026E-06
-6.5039E-10	-8.3283E-10	2.5411E-06	-2.8841E-06
3.9479E-10	-1.2181E-09	1.4353E-06	-2.8746E-06
3.4063E-10	7.0647E-11	7.4674E-07	-1.9648E-06
-9.7725E-10	-5.2219E-10	2.0940E-06	-1.1232E-06
1.5339E-10	-1.6293E-09	2.3163E-06	-2.5608E-06
8.3509E-10	-8.3896E-11	1.6318E-06	-2.3147E-06
-9.0426E-10	2.1123E-11	1.6665E-06	-2.4970E-06
-3.8589E-10	-1.6511E-09	1.2030E-06	-2.1369E-06
9.7060E-10	-5.9282E-10	1.6475E-06	-1.7360E-06
-4.3483E-10	2.5331E-10	2.0540E-06	-2.1112E-06
-6.7439E-10	-1.2526E-09	1.7645E-06	-2.4467E-06
6.8302E-10	-9.1734E-10	1.6902E-06	-2.5540E-06
-8.4086E-11	8.1670E-11	8.4539E-07	-2.5089E-06
-5.9946E-10	-9.1369E-10	1.3342E-06	-1.1954E-06
4.0796E-10	-9.3640E-10	2.4197E-06	-2.0825E-06
3.2020E-11	-1.0705E-10	1.6874E-06	-2.6162E-06
-4.9838E-10	-7.3104E-10	1.5211E-06	-2.2847E-06
2.0960E-10	-9.4149E-10	1.7158E-06	-2.3936E-06
1.6668E-10	-2.9298E-10	1.1782E-06	-2.5303E-06
-3.3802E-10	-4.7911E-10	1.4319E-06	-1.6901E-06
-1.2278E-10	-8.4143E-10	2.0698E-06	-2.3322E-06
1.6982E-10	-6.8567E-10	1.7526E-06	-2.5596E-06
1.0346E-10	-3.6351E-10	1.5053E-06	-3.1870E-06
-3.3540E-10	-3.9033E-10	1.9402E-07	-2.4894E-06
-2.3767E-10	-9.9383E-10	1.1123E-06	-1.2092E-06
5.1023E-10	-7.0218E-10	2.0527E-06	-1.7469E-06
-6.9894E-11	8.5666E-11	2.1668E-06	-2.4336E-06
-7.3343E-10	-8.2135E-10	1.8082E-06	-3.0451E-06
4.5510E-10	-1.1894E-09	8.7909E-07	-3.2222E-06
3.9500E-10	1.3838E-10	2.7203E-07	-2.0878E-06
-8.6093E-10	-4.1294E-10	1.3265E-06	-1.3441E-06
1.4572E-10	-1.3743E-09	2.2465E-06	-1.9475E-06
6.2836E-10	-6.0496E-11	2.0899E-06	-3.2389E-06
-7.6109E-10	-1.6646E-10	8.2871E-07	-3.0675E-06
-6.4052E-11	-1.3758E-09	1.3347E-06	-2.7610E-06
7.3862E-10	-2.0881E-10	4.1486E-07	-3.2731E-06
-6.8048E-10	2.9182E-11	5.0091E-07	-2.1409E-06
-3.0153E-10	-1.3853E-09	5.9780E-07	-2.8472E-06
8.6629E-10	-4.6291E-10	1.7467E-08	-1.9192E-06
-4.2295E-10	2.7181E-10	7.3927E-07	-2.1049E-06
-6.3294E-10	-1.1589E-09	1.5845E-07	-1.6968E-06
7.1594E-10	-8.7041E-10	1.2173E-06	-1.7856E-06
5.4215E-11	2.1438E-10	3.2398E-08	-2.2230E-06
-6.6380E-10	-6.4578E-10	7.8459E-07	-8.6826E-07
2.1688E-10	-9.9736E-10	9.7311E-07	-2.0307E-06
2.8872E-10	-2.4219E-10	6.5347E-07	-8.3865E-07
-2.6155E-10	-3.2330E-10	2.1374E-06	-1.7572E-06
-1.5238E-10	-6.7667E-10	6.9817E-07	-2.5046E-06
8.1934E-11	-6.3223E-10	6.1183E-07	-1.3594E-06
1.3340E-10	-4.1471E-10	1.4354E-06	-1.3248E-06
-1.5417E-10	-3.1369E-10	1.4452E-06	-2.2279E-06
-2.0219E-10	-7.1607E-10	4.9645E-07	-1.6764E-06
2.9302E-10	-5.9994E-10	1.7882E-06	-1.1199E-06
-6.6396E-11	-1.1119E-10	1.8553E-06	-2.6759E-06
-3.9848E-10	-7.3513E-10	5.5956E-07	-2.5949E-06
4.3124E-10	-7.6140E-10	6.8571E-07	-1.7710E-06
4.7643E-11	1.2880E-10	8.6073E-07	-2.2154E-06
-7.0199E-10	-6.9555E-10	1.5196E-07	-1.5588E-06
4.9834E-10	-1.1044E-09	1.3734E-06	-1.1786E-06
4.1584E-10	3.0599E-10	1.0888E-06	-2.2287E-06
-9.7064E-10	-3.3677E-10	7.3238E-07	-1.6844E-06
1.9408E-10	-1.4567E-09	9.6428E-07	-1.9669E-06
8.4881E-10	7.7142E-11	3.2281E-07	-1.6458E-06
-8.1890E-10	1.4848E-10	1.3875E-06	-1.0088E-06
-2.9850E-10	-1.3952E-09	1.2965E-06	-2.9173E-06
8.9448E-10	-3.9548E-10	-6.8548E-07	-1.4622E-06
-3.8007E-10	2.9031E-10	1.5411E-06	-8.9252E-07
-5.0482E-10	-1.0196E-09	2.0415E-07	-2.2017E-06
6.1826E-10	-6.4654E-10	6.9190E-07	-2.7641E-07
-9.6841E-11	1.2326E-10	1.7992E-06	-1.5741E-06
-4.3568E-10	-7.3822E-10	1.0197E-06	-2.1581E-06
3.8503E-10	-6.7323E-10	-6.8792E-08	-1.8169E-06
2.6619E-11	-3.6752E-11	5.7986E-07	-4.4145E-07
-3.5636E-10	-5.4338E-10	1.1952E-06	-1.1301E-06
1.6230E-10	-6.9263E-10	1.2995E-06	-1.0440E-06
1.6546E-10	-2.5863E-10	9.8514E-07	-1.6479E-06
-1.5253E-10	-2.9244E-10	1.0472E-06	-6.6714E-07
-1.7183E-10	-5.3923E-10	1.8582E-06	-1.5720E-06
1.0106E-10	-6.5651E-10	1.1251E-06	-1.9630E-06
2.9523E-10	-2.5493E-10	4.1797E-07	-1.9076E-06
-3.0294E-10	-7.6464E-11	2.9230E-07	-7.1319E-07
-3.2986E-10	-8.8043E-10	1.1846E-06	-5.4382E-07
6.1332E-10	-6.2739E-10	1.9577E-06	-1.0145E-06
1.4861E-12	3.1176E-10	8.6853E-07	-2.1798E-06
-7.4673E-10	-6.6319E-10	6.4054E-07	-1.5443E-07
5.0498E-10	-1.0452E-09	2.2112E-06	-1.4608E-06
4.0354E-10	3.0770E-10	5.0073E-07	-1.3087E-06
-8.2209E-10	-3.0830E-10	1.8282E-06	-4.6141E-07
2.3525E-10	-1.1842E-09	1.8866E-06	-1.6476E-06
5.9570E-10	1.3784E-10	1.2479E-06	-1.5173E-06
-7.4768E-10	-9.3829E-11	1.5369E-06	-1.2208E-06
4.1833E-11	-1.2087E-09	1.3835E-06	-1.5913E-06
7.2517E-10	-8.6627E-12	1.6372E-06	-1.0536E-06
-6.5949E-10	1.2237E-10	1.7641E-06	-2.1484E-06
-2.2526E-10	-1.2009E-09	8.4195E-07	-1.3930E-06
8.2345E-10	-3.0206E-10	1.7230E-06	-1.4077E-06
-3.5612E-10	3.2809E-10	1.5850E-06	-1.6169E-06
-5.2005E-10	-9.1990E-10	1.5151E-06	-2.3931E-06
6.0533E-10	-6.7466E-10	4.2424E-07	-1.5352E-06
8.6097E-11	1.9270E-10	1.7488E-06	-1.4994E-06
-4.6932E-10	-4.3777E-10	7.3366E-07	-2.2352E-06
1.2711E-10	-7.1726E-10	6.9310E-07	-1.4211E-06
2.3169E-10	-2.5254E-10	7.3660E-07	-1.2692E-06
-7.3318E-11	-2.0423E-10	1.3034E-06	-1.1466E-06
-1.6059E-10	-3.9680E-10	1.0776E-06	-1.6254E-06
1.5973E-11	-5.6938E-10	1.1015E-06	-1.2071E-06
2.5436E-10	-3.1016E-10	1.5090E-06	-1.7497E-06
-1.4935E-10	-9.2190E-11	5.4597E-07	-2.1297E-06
-2.2386E-10	-6.4308E-10	3.2859E-07	-1.1603E-06
4.0522E-10	-4.6345E-10	5.3918E-07	-1.1351E-06
-8.6745E-11	1.0728E-10	6.9168E-07	-4.6505E-07
-4.2976E-10	-6.8101E-10	1.2470E-06	-7.0916E-07
5.5424E-10	-6.4743E-10	1.6966E-06	-4.3305E-07
5.9107E-11	3.5461E-10	2.0892E-06	-1.8762E-06
-7.4488E-10	-5.9907E-10	8.0419E-07	-1.5407E-06
5.6528E-10	-1.0080E-09	1.2327E-06	-1.5336E-06
4.4904E-10	4.6568E-10	7.4155E-07	-1.0626E-06
-9.4467E-10	-2.1117E-10	1.4363E-06	-1.7004E-06
2.1934E-10	-1.2907E-09	-2.8140E-07	-1.1142E-06
8.1077E-10	1.8432E-10	1.4122E-06	4.5637E-08
-7.3529E-10	2.0576E-10	1.2331E-06	-1.0419E-06
-2.1474E-10	-1.1673E-09	1.4034E-06	-3.9875E-07
7.8880E-10	-2.4001E-10	1.6392E-06	-6.7121E-07
-3.3810E-10	2.7879E-10	2.2265E-06	-5.9632E-07
-3.5858E-10	-8.2551E-10	2.3571E-06	-1.6589E-06
5.3548E-10	-4.3645E-10	1.4764E-06	-1.7904E-06
-1.0352E-10	1.2693E-10	1.7895E-06	-1.3084E-06
-3.0357E-10	-5.8382E-10	1.4813E-06	-2.4660E-06
3.2786E-10	-4.7759E-10	2.6544E-07	-9.6854E-07
3.3309E-11	-2.0268E-11	2.2668E-06	-9.3748E-07
-2.2921E-10	-3.7271E-10	1.3745E-06	-2.1952E-06
7.9452E-11	-4.9419E-10	8.0135E-07	-1.7929E-06
1.5945E-10	-2.7775E-10	5.9298E-07	-7.5545E-07
1.7227E-11	-1.4056E-10	1.9987E-06	-1.3459E-06
-2.3670E-10	-2.8941E-10	2.8652E-07	-1.5220E-06
3.1102E-11	-6.6001E-10	1.7818E-06	-3.0830E-07
4.5034E-10	-1.7714E-10	1.5125E-06	-1.7773E-06
-2.8959E-10	1.6331E-10	1.2985E-06	-1.2041E-06
-4.0015E-10	-8.0289E-10	9.8345E-07	-1.2664E-06
6.8354E-10	-5.5991E-10	1.7607E-06	-7.2617E-07
3.1078E-11	4.6732E-10	1.6690E-06	-1.5941E-06
-7.4063E-10	-5.6322E-10	1.6775E-06	-1.6571E-06
5.4456E-10	-9.1057E-10	5.8499E-07	-1.6886E-06
3.7318E-10	4.2841E-10	1.6434E-06	-5.8576E-07
-7.8407E-10	-2.5878E-10	1.4324E-06	-1.7318E-06
3.1191E-10	-1.0227E-09	1.9060E-06	-1.1486E-06
5.4266E-10	2.8462E-10	8.5346E-07	-2.5656E-06
-7.3063E-10	-5.8904E-11	9.6496E-07	-8.0790E-08
1.1935E-10	-1.0645E-09	2.5000E-06	-2.4452E-06
6.8510E-10	1.2568E-10	-1.6496E-07	-1.7338E-06
-6.2076E-10	1.7031E-10	1.6251E-06	-5.9210E-07
-1.6750E-10	-1.0257E-09	1.4963E-06	-1.8664E-06
7.4119E-10	-1.9529E-10	1.0600E-06	-1.5426E-06
-2.8413E-10	3.2645E-10	1.2472E-06	-1.7295E-06
-4.1191E-10	-7.0369E-10	3.1899E-07	-1.7732E-06
4.7072E-10	-5.1838E-10	8.2623E-07	-2.7606E-07
1.0845E-10	1.2942E-10	2.0136E-06	-1.5288E-06
-2.9548E-10	-2.6772E-10	6.6326E-07	-1.7991E-06
2.9696E-11	-4.9210E-10	8.8354E-07	-1.1741E-06
1.8086E-10	-2.8754E-10	6.2377E-07	-1.0960E-06
7.8021E-11	-1.0774E-10	1.2942E-06	-2.5584E-07
-1.9042E-10	-1.8742E-10	2.4406E-06	-1.4128E-06
-2.8336E-11	-5.4416E-10	1.0202E-06	-2.5599E-06
3.5150E-10	-2.1347E-10	2.4185E-07	-1.3719E-06
-1.7891E-10	7.1878E-11	6.0526E-07	-9.8464E-07
-2.3617E-10	-6.1865E-10	9.8414E-07	-5.5684E-07
5.0369E-10	-3.4694E-10	1.4719E-06	-1.1091E-06
-1.2827E-10	2.7729E-10	1.0173E-06	-1.1747E-06
-4.5858E-10	-6.6125E-10	1.0577E-06	-9.6764E-07
6.4917E-10	-5.5867E-10	1.3575E-06	-6.8004E-07
5.4214E-11	5.1704E-10	1.7921E-06	-1.4012E-06
-7.6867E-10	-5.3262E-10	8.3435E-07	-1.5393E-06
6.0115E-10	-9.1873E-10	9.3660E-07	-7.4271E-07
4.4742E-10	5.5982E-10	1.5005E-06	-5.2479E-07
-8.9693E-10	-1.3462E-10	2.4264E-06	-1.1173E-06
2.3405E-10	-1.1286E-09	1.5580E-06	-2.4476E-06
7.3518E-10	2.4746E-10	7.0801E-07	-1.3358E-06
-6.5103E-10	2.1131E-10	1.6123E-06	-1.6877E-06
-1.3773E-10	-9.6394E-10	3.8248E-07	-1.6961E-06
6.6653E-10	-1.2393E-10	1.4621E-06	-9.0206E-07
-2.9964E-10	2.3623E-10	9.2212E-07	-2.2189E-06
-2.3810E-10	-6.5972E-10	5.4100E-07	-1.0574E-06
4.4013E-10	-2.8318E-10	8.5178E-07	-1.7346E-06
-9.6754E-11	1.0331E-10	1.0455E-07	-9.3756E-07
-1.9916E-10	-4.4140E-10	8.0520E-07	-7.2553E-07
2.4346E-10	-3.3886E-10	1.0707E-06	-5.9392E-07
5.2643E-11	-4.4661E-11	1.1514E-06	-1.5279E-06
-1.1571E-10	-2.1607E-10	1.8027E-07	-5.2220E-07
-2.6169E-11	-3.3810E-10	1.6698E-06	-6.4451E-07
1.5192E-10	-3.3131E-10	4.7425E-07	-1.1367E-06
1.6635E-10	-1.7016E-11	1.1621E-06	2.8206E-08
-3.0855E-10	-8.9443E-11	1.7838E-06	-5.0178E-07
-3.1441E-11	-6.8092E-10	2.2310E-06	-1.2762E-06
5.6783E-10	-1.1789E-10	7.6888E-07	-1.8805E-06
-2.9238E-10	3.3611E-10	1.0112E-06	-4.4226E-07
-4.4474E-10	-7.5134E-10	1.4676E-06	-1.0363E-06
7.2526E-10	-4.9206E-10	1.8184E-06	-8.5763E-07
2.6451E-11	5.6514E-10	1.3199E-06	-2.2804E-06
-7.1687E-10	-5.0659E-10	1.1637E-07	-6.0410E-07
5.7323E-10	-7.8279E-10	2.0497E-06	-5.3434E-07
3.1632E-10	5.0862E-10	1.5958E-06	-1.7116E-06
-7.4386E-10	-2.4463E-10	1.0996E-06	-1.8034E-06
3.7048E-10	-8.8182E-10	4.4492E-07	-1.4225E-06
4.7646E-10	3.8394E-10	6.1719E-07	-9.6365E-07
-7.0318E-10	-4.6946E-11	7.5810E-07	-4.1846E-07
1.6852E-10	-9.3166E-10	1.7698E-06	-9.9289E-07
6.2228E-10	2.0396E-10	3.6833E-07	-1.4019E-06
-5.6321E-10	1.8485E-10	1.1274E-06	2.1956E-07
-1.2544E-10	-8.5370E-10	2.3218E-06	-1.0868E-06
6.2929E-10	-1.3014E-10	1.2330E-06	-2.0833E-06
-2.0831E-10	2.8496E-10	1.2467E-08	-1.0084E-06
-3.1195E-10	-5.0646E-10	1.6301E-06	-6.7552E-08
3.2387E-10	-3.9531E-10	1.3260E-06	-1.7774E-06
1.2646E-10	4.4552E-11	7.9568E-07	-3.1606E-07
-1.4737E-10	-1.2507E-10	2.1106E-06	-1.4066E-06
-7.0232E-11	-3.1708E-10	4.5305E-07	-1.6753E-06
1.4287E-10	-3.3379E-10	6.7142E-07	-6.3388E-07
1.9416E-10	-2.1858E-11	1.1931E-06	-3.2601E-07
-2.3790E-10	-3.6963E-11	2.0506E-06	-1.2407E-06
-5.0890E-11	-5.4415E-10	3.7363E-07	-1.8557E-06
4.2748E-10	-1.1911E-10	4.5123E-07	1.7566E-07
-2.3240E-10	1.9083E-10	2.4146E-06	-4.5295E-07
-2.3935E-10	-6.2409E-10	1.3740E-06	-2.1177E-06
5.8508E-10	-2.4494E-10	4.3158E-07	-8.1159E-07
-1.8064E-10	4.0516E-10	1.3616E-06	-9.3425E-07
-4.7908E-10	-6.5770E-10	6.1797E-07	-7.9722E-07
7.1368E-10	-4.8371E-10	1.5222E-06	-2.8895E-07
3.7457E-11	6.2364E-10	1.6954E-06	-9.3646E-07
-7.6891E-10	-4.8406E-10	1.6040E-06	-1.3390E-06
6.0978E-10	-8.2691E-10	1.1213E-06	-1.1804E-06
4.1754E-10	6.0201E-10	1.3985E-06	-1.5518E-06
-8.2894E-10	-9.2888E-11	2.8424E-07	-1.0307E-06
2.3993E-10	-9.6706E-10	1.6468E-06	-8.8974E-07
6.3484E-10	2.7776E-10	-1.0227E-07	-1.3450E-06
-5.6500E-10	1.8532E-10	1.5895E-06	5.2210E-07
-7.1530E-11	-7.7923E-10	1.1930E-06	-1.7396E-06
5.3792E-10	-4.1974E-11	1.0439E-06	5.5209E-07
-2.5773E-10	1.7993E-10	2.5586E-06	-1.5776E-06
-1.4439E-10	-5.1076E-10	6.4109E-07	-9.5115E-07
3.3724E-10	-1.7854E-10	2.0746E-06	-9.2946E-07
-7.2603E-11	6.4355E-11	1.1399E-06	-1.5693E-06
-1.1829E-10	-3.0293E-10	1.0873E-06	-1.2278E-06
1.4041E-10	-2.4419E-10	7.4447E-07	-7.8274E-07
8.4150E-11	-9.4524E-11	1.6720E-06	-3.3684E-07
-1.5365E-11	-6.9908E-11	2.3657E-06	-1.2418E-06
-1.4175E-10	-2.1568E-10	1.6696E-06	-2.5124E-06
1.4675E-10	-4.0019E-10	3.0393E-07	-2.1264E-06
2.9175E-10	8.6047E-11	7.4351E-08	-1.3721E-06
-3.7917E-10	6.5568E-11	1.9049E-07	-7.0248E-07
-7.9060E-11	-7.0529E-10	4.8733E-07	-3.6604E-07
6.4989E-10	-6.6126E-11	1.4768E-06	-3.1321E-08
-3.0632E-10	4.5191E-10	1.6849E-06	-1.5848E-06
-4.6137E-10	-7.1538E-10	4.2641E-07	-1.2816E-06
7.4402E-10	-4.1841E-10	4.2648E-07	-8.6599E-07
-1.9187E-12	6.1812E-10	5.9805E-07	3.5914E-08
-6.7617E-10	-4.7776E-10	1.5769E-06	-5.3944E-07
5.9129E-10	-6.5957E-10	1.0326E-06	-6.0151E-07
2.4619E-10	5.5571E-10	1.5174E-06	-6.6522E-07
-6.9683E-10	-2.4814E-10	1.3801E-06	-8.5183E-07
4.0920E-10	-7.5441E-10	1.2481E-06	-1.4315E-06
4.0515E-10	4.4105E-10	3.3031E-07	-6.6189E-07
-6.5903E-10	-4.5819E-11	1.3803E-06	-2.7855E-07
1.9299E-10	-8.0176E-10	1.3933E-06	-7.4233E-07
5.4371E-10	2.3655E-10	1.3944E-06	-1.1408E-06
-4.8600E-10	1.7701E-10	7.5920E-07	-9.4034E-07
-9.4824E-11	-6.8243E-10	9.0067E-07	-7.9606E-07
5.0040E-10	-9.6142E-11	7.2420E-07	-1.4834E-07
-1.2793E-10	2.2005E-10	1.7494E-06	-4.5264E-07
-2.2165E-10	-3.2595E-10	1.0930E-06	-6.8263E-07
1.7721E-10	-3.0113E-10	1.7028E-06	-6.2886E-07
1.4672E-10	-4.6160E-11	1.0180E-06	-9.3686E-07
-2.5953E-11	-1.9347E-12	1.4900E-06	-4.4819E-07
-1.6621E-10	-1.8755E-10	1.2175E-06	-9.4804E-07
1.2360E-10	-3.8179E-10	1.3245E-06	-2.4669E-07
2.7996E-10	6.0226E-11	2.1364E-06	-8.1179E-07
-2.9572E-10	6.4710E-11	1.3118E-06	-1.7267E-06
-5.1487E-11	-5.5918E-10	5.8124E-07	-6.8388E-07
4.8604E-10	-2.6013E-11	1.4229E-06	-4.7235E-07
-2.9732E-10	2.7324E-10	1.4719E-06	-7.4370E-07
-2.3180E-10	-6.4446E-10	1.2251E-06	-1.0557E-06
6.4818E-10	-1.5498E-10	1.2670E-06	-1.9690E-07
-2.3344E-10	4.9443E-10	1.9756E-06	-1.3871E-06
-4.8511E-10	-6.5797E-10	3.8530E-07	-6.2557E-07
7.4901E-10	-4.1580E-10	2.3032E-06	-1.4244E-07
1.4648E-11	6.8047E-10	1.8202E-06	-1.6710E-06
-7.4257E-10	-4.4578E-10	8.4000E-07	-1.7427E-06
5.9680E-10	-7.2930E-10	1.8802E-07	-8.5223E-08
3.6848E-10	6.0253E-10	2.3935E-06	-5.6517E-08
-7.4224E-10	-7.5167E-11	1.3100E-06	-1.4317E-06
2.3888E-10	-8.0736E-10	1.8978E-06	-7.0146E-07
5.2300E-10	2.8155E-10	9.2186E-07	-1.8272E-06
-4.7518E-10	1.4257E-10	8.7774E-07	-4.0999E-07
-1.8496E-11	-6.1100E-10	8.0817E-07	-6.1012E-07
4.1224E-10	7.9610E-12	2.1327E-06	6.3375E-07
-2.0665E-10	1.2052E-10	2.7095E-06	-1.9076E-06
-7.6012E-11	-3.7308E-10	1.0234E-06	-1.2186E-06
2.3240E-10	-1.1668E-10	1.8423E-06	-1.4130E-06
-2.9514E-11	1.7189E-11	8.2184E-07	-1.3931E-06
-5.6643E-11	-1.6716E-10	1.3477E-06	-1.0776E-06
2.8294E-11	-1.8513E-10	5.3769E-07	-1.1677E-06
1.2663E-10	-1.5874E-10	1.3814E-06	-2.8398E-09
7.1644E-11	6.4517E-11	1.7710E-06	-1.3781E-06
-2.5584E-10	-1.2317E-10	9.3568E-07	-5.7250E-07
1.4722E-10	-4.7163E-10	2.0724E-06	-9.7510E-07
3.9141E-10	1.7198E-10	1.1030E-06	-1.2016E-06
-4.4228E-10	1.7767E-10	1.7784E-06	-1.0347E-06
-1.0726E-10	-7.2566E-10	8.6286E-07	-1.3994E-06
6.9954E-10	-1.7313E-11	1.3796E-06	-4.3338E-07
-3.2664E-10	5.1792E-10	1.7560E-06	-1.0461E-06
-4.5110E-10	-6.8898E-10	1.6850E-06	-1.3028E-06
7.4388E-10	-3.3990E-10	1.2873E-06	-1.3346E-06
-4.4181E-11	6.3443E-10	1.4268E-06	-1.3350E-06
-6.2077E-10	-4.6566E-10	1.1134E-06	-9.3616E-07
5.9752E-10	-5.4283E-10	2.3226E-06	-1.5593E-06
1.7308E-10	5.7273E-10	2.9252E-07	-2.3904E-06
-6.4053E-10	-2.5796E-10	8.7469E-07	-4.7025E-07
4.2645E-10	-6.3764E-10	1.1432E-06	-1.7073E-06
3.3402E-10	4.5895E-10	5.8137E-07	-8.5960E-07
-5.9620E-10	-4.9021E-11	1.0430E-06	-8.9239E-07
1.9568E-10	-6.7268E-10	1.3858E-06	-7.2640E-07
4.5527E-10	2.3104E-10	1.3627E-06	-1.6002E-06
-3.9203E-10	1.5419E-10	4.6986E-07	-1.0677E-06
-7.4110E-11	-5.1450E-10	1.3357E-06	-1.8321E-07
3.6490E-10	-8.7164E-11	2.3376E-06	-1.4746E-06
-4.4527E-11	1.4372E-10	8.4114E-07	-2.0481E-06
-1.4437E-10	-1.6308E-10	1.0381E-06	-1.4163E-06
3.9040E-11	-2.3449E-10	3.9262E-07	-1.4797E-06
1.7227E-10	-1.3278E-10	1.2907E-06	-1.0593E-06
6.7333E-11	1.0547E-10	-4.9713E-08	-1.9300E-06
-2.5483E-10	-1.0006E-10	6.2640E-07	2.7874E-07
1.2372E-10	-4.2631E-10	1.6250E-06	-1.3976E-06
3.3842E-10	1.4003E-10	1.0052E-06	-1.1154E-06
-3.5842E-10	1.2545E-10	7.3212E-07	-2.0854E-06
-3.3863E-11	-5.8178E-10	-2.5064E-07	-6.7790E-07
5.2763E-10	6.3255E-11	6.9084E-07	-7.4235E-07
-3.6455E-10	3.2445E-10	3.9577E-07	-5.0519E-08
-2.1476E-10	-6.6871E-10	1.8279E-06	-4.2475E-07
6.8988E-10	-7.6784E-11	1.2832E-06	-1.3192E-06
-2.8070E-10	5.4722E-10	8.7835E-07	-1.3680E-06
-4.7500E-10	-6.5429E-10	4.9943E-07	-8.8357E-07
7.5543E-10	-3.5171E-10	9.4097E-07	-7.2624E-07
-1.1289E-11	6.9332E-10	1.0339E-06	-8.2470E-07
-6.9192E-10	-4.1283E-10	1.0250E-06	-1.1001E-06
5.6513E-10	-6.2662E-10	1.0013E-06	-1.0185E-06
3.0709E-10	5.6990E-10	6.5563E-07	-1.6382E-06
-6.4187E-10	-7.2374E-11	-9.9809E-08	-5.7915E-07
2.2954E-10	-6.5286E-10	9.6352E-07	-4.1861E-07
4.0895E-10	2.6316E-10	6.3962E-07	-6.4069E-07
-3.8248E-10	9.4557E-11	1.1109E-06	-4.8431E-07
1.7614E-11	-4.5832E-10	8.6239E-07	-8.8698E-07
2.9444E-10	2.8048E-11	8.6390E-07	-4.4385E-07
-1.4536E-10	6.5310E-11	1.3873E-06	-7.1135E-07
-3.2607E-11	-2.4384E-10	9.2025E-07	-1.2333E-06
1.2878E-10	-9.1240E-11	7.6451E-07	-6.4302E-07
2.9329E-11	-3.2385E-11	1.0733E-06	-1.1006E-06
-1.2628E-11	-3.5330E-11	4.3858E-07	-8.3019E-07
-8.5701E-11	-1.5425E-10	8.7653E-07	-6.9795E-07
1.7606E-10	-2.2735E-10	5.4179E-07	-6.2413E-07
1.4266E-10	1.8543E-10	1.0749E-06	-5.1706E-07
-3.6097E-10	-5.7378E-11	6.8196E-07	-7.3452E-07
1.5361E-10	-5.3553E-10	1.1935E-06	-4.4869E-07
4.6269E-10	2.4354E-10	7.8142E-07	-1.2101E-06
-4.9506E-10	2.5029E-10	3.2559E-07	-4.1224E-07
-1.1607E-10	-7.3662E-10	7.7533E-07	-1.7524E-08
7.1888E-10	3.0974E-11	1.6977E-06	-4.1277E-08
-3.5017E-10	5.4235E-10	1.5622E-06	-1.3383E-06
-4.1872E-10	-6.6630E-10	7.1067E-07	-9.9179E-07
7.2644E-10	-2.5877E-10	7.0249E-07	-8.3716E-07
-9.2618E-11	6.2177E-10	8.7074E-07	-3.2511E-07
-5.5484E-10	-4.6001E-10	1.1592E-06	-9.3369E-07
5.8920E-10	-4.3403E-10	8.3378E-07	-6.4310E-07
1.0380E-10	5.6322E-10	7.7191E-07	-1.3188E-06
-5.7507E-10	-2.6485E-10	-2.2881E-07	-3.9892E-08
4.2081E-10	-5.2902E-10	1.3767E-06	9.1391E-08
2.6607E-10	4.4261E-10	8.0983E-07	-1.9017E-07
-5.1647E-10	-5.1073E-11	1.8583E-06	-1.4784E-07
1.7883E-10	-5.4375E-10	1.1758E-06	-9.8930E-07
3.6194E-10	1.9604E-10	1.1271E-06	-6.4508E-07
-2.8658E-10	1.2403E-10	8.3511E-07	-3.6481E-07
-6.3393E-11	-3.5273E-10	1.7466E-06	-5.2099E-07
2.3122E-10	-9.7158E-11	6.9250E-07	-7.9972E-07
3.9339E-11	6.7021E-11	1.8155E-06	-3.0232E-08
-8.3566E-11	-1.7861E-11	1.5047E-06	-1.2805E-06
-8.5106E-11	-1.9273E-10	1.4944E-06	-1.0147E-06
2.0396E-10	-2.0730E-10	4.7491E-07	-1.5503E-06
1.3212E-10	2.0046E-10	8.0942E-07	-4.2174E-09
-3.3386E-10	-4.8897E-11	1.3193E-06	-9.3564E-07
1.4106E-10	-4.6259E-10	1.1296E-06	-3.8003E-07
3.7229E-10	2.1782E-10	1.6776E-06	-1.0912E-06
-4.2071E-10	1.5388E-10	9.7673E-07	-1.4142E-06
-2.9161E-12	-6.0421E-10	3.9951E-07	-9.3175E-07
5.5203E-10	1.4641E-10	1.0538E-06	-4.1061E-07
-4.2645E-10	3.4995E-10	9.1264E-07	-7.5098E-07
-1.8989E-10	-6.8709E-10	1.7286E-06	-6.8483E-07
7.0817E-10	-9.3614E-12	3.7097E-07	-1.8916E-06
-3.1825E-10	5.6731E-10	8.6679E-07	2.8438E-09
-4.4883E-10	-6.4059E-10	2.0293E-06	-6.5923E-07
7.3471E-10	-2.8911E-10	5.5042E-07	-1.1470E-06
-3.7431E-11	6.6980E-10	1.4140E-06	-8.7263E-07
-6.2102E-10	-3.8044E-10	4.5724E-07	-1.6915E-06
5.1774E-10	-5.2068E-10	1.3262E-07	-4.5265E-07
2.4046E-10	5.1276E-10	1.0975E-06	-7.2797E-07
-5.3290E-10	-7.5646E-11	1.7259E-07	-1.1633E-06
2.1077E-10	-5.0635E-10	4.0580E-07	-2.4611E-07
3.0066E-10	2.2702E-10	2.8566E-07	-7.5289E-07
-2.8778E-10	5.0861E-11	1.5947E-07	3.7597E-07
3.5019E-11	-3.1996E-10	1.1644E-06	1.8389E-07
1.8847E-10	2.2045E-11	1.2940E-06	-9.4068E-08
-7.4238E-11	1.9798E-11	1.2704E-06	-5.9248E-07
-1.2021E-11	-1.2155E-10	9.3707E-07	-5.6278E-07
3.0169E-11	-9.4733E-11	5.1284E-07	-2.6990E-07
9.9862E-11	-7.8965E-11	1.5324E-06	5.7949E-07
1.5757E-11	9.0313E-11	1.8529E-06	-1.0672E-06
-1.9415E-10	-1.4456E-10	7.8067E-07	-3.8557E-07
2.2903E-10	-2.9148E-10	1.6655E-06	-4.7955E-07
1.9614E-10	2.9137E-10	1.2434E-06	-7.1701E-07
-4.5079E-10	-1.4998E-11	1.4670E-06	-8.7487E-07
1.6620E-10	-5.8439E-10	8.8359E-07	-9.9317E-07
5.0548E-10	3.0288E-10	9.8229E-07	-5.2446E-07
-5.3492E-10	2.8813E-10	1.1757E-06	-8.2841E-07
-1.0676E-10	-7.3460E-10	5.0518E-07	-5.8489E-07
7.1167E-10	7.9198E-11	1.4676E-06	2.8279E-07
-3.7269E-10	5.3362E-10	2.0591E-06	-1.0677E-06
-3.6926E-10	-6.4224E-10	1.0959E-06	-1.4522E-06
6.9382E-10	-1.7831E-10	4.7443E-07	-7.8414E-07
-1.3949E-10	5.8680E-10	1.7549E-06	-4.0301E-07
-4.8166E-10	-4.5243E-10	6.8512E-07	-2.1196E-06
5.6526E-10	-3.3475E-10	2.4553E-07	2.2605E-07
4.4165E-11	5.3064E-10	1.7127E-06	-1.4427E-06
-5.0082E-10	-2.6261E-10	-3.2776E-07	-4.6881E-07
3.9333E-10	-4.2745E-10	1.8969E-06	-3.8028E-07
2.0443E-10	3.9772E-10	1.9115E-11	-1.4446E-06
-4.2261E-10	-4.8405E-11	8.0437E-07	4.8449E-07
1.4594E-10	-4.1654E-10	1.4185E-06	-9.2707E-07
2.6956E-10	1.3942E-10	5.8186E-07	-5.8288E-07
-1.7468E-10	9.2843E-11	9.6957E-07	-3.2357E-07
-6.2182E-11	-2.0092E-10	1.1208E-06	-3.8461E-07
1.0726E-10	-1.2146E-10	1.2475E-06	-5.9436E-07
1.2187E-10	-1.8181E-12	1.1269E-06	-6.1903E-07
-4.0763E-11	1.0914E-10	1.3790E-06	-8.5378E-07
-1.9077E-10	-1.7329E-10	7.0153E-07	-1.1518E-06
2.4191E-10	-2.6502E-10	8.0672E-07	-5.5125E-07
1.7028E-10	2.8432E-10	4.6358E-07	-9.5448E-07
-4.0075E-10	-2.8199E-11	5.4182E-07	4.4187E-07
1.7239E-10	-4.8786E-10	1.9657E-06	-4.8968E-07
3.8512E-10	2.9151E-10	9.0965E-07	-1.0033E-06
-4.7688E-10	1.5728E-10	1.0098E-06	-7.3808E-07
3.6773E-11	-6.2064E-10	5.1872E-07	-5.0576E-07
5.5960E-10	2.2017E-10	1.4244E-06	6.7946E-08
-4.7650E-10	3.5380E-10	1.7318E-06	-1.1362E-06
-1.5861E-10	-6.9320E-10	6.2673E-07	-1.2226E-06
7.0291E-10	4.7177E-11	7.5164E-07	-4.3938E-07
-3.4295E-10	5.5837E-10	1.0479E-06	-6.4945E-07
-4.0794E-10	-6.1401E-10	1.2084E-06	-6.2862E-07
6.9019E-10	-2.2814E-10	9.6207E-07	-1.3551E-06
-6.0633E-11	6.1709E-10	2.7262E-07	-5.8143E-07
-5.3489E-10	-3.4570E-10	9.9142E-07	-6.9687E-07
4.5774E-10	-4.1538E-10	1.0751E-07	-6.6544E-07
1.7537E-10	4.3796E-10	7.2531E-07	2.8373E-07
-4.2006E-10	-7.8475E-11	1.2655E-06	-1.2847E-07
1.8197E-10	-3.7146E-10	1.5002E-06	-3.5830E-07
2.0441E-10	1.7626E-10	1.2816E-06	-9.6039E-07
-1.9229E-10	1.7408E-11	9.1958E-07	-6.7220E-07
3.3612E-11	-1.9609E-10	9.4341E-07	-9.6106E-07
9.7142E-11	-6.3536E-12	1.9928E-07	-1.8831E-07
4.7485E-12	-1.3489E-11	1.6707E-06	2.5248E-07
-1.1200E-11	-7.2329E-12	1.4318E-06	-7.0970E-07
-5.9773E-11	-1.2044E-10	2.0777E-06	-6.9679E-07
1.7710E-10	-1.1902E-10	5.5454E-07	-2.1102E-06
3.0269E-11	2.0584E-10	1.0469E-06	9.2873E-08
-2.9072E-10	-1.5082E-10	2.3039E-06	-1.4445E-06
2.8213E-10	-3.4498E-10	-8.4431E-08	-1.4258E-06
2.3115E-10	3.8018E-10	9.1413E-07	-3.2129E-07
-5.2102E-10	6.4859E-12	1.0387E-06	-6.2585E-07
1.8420E-10	-6.1427E-10	1.5862E-06	-1.3255E-06
5.2105E-10	3.5051E-10	-6.4614E-08	-1.7835E-06
-5.6040E-10	2.9599E-10	-8.7774E-08	-1.0407E-07
-8.2536E-11	-7.1846E-10	1.0723E-06	-1.7478E-07
6.8186E-10	1.2547E-10	8.8428E-07	-1.0970E-06
-3.9046E-10	4.9920E-10	8.4638E-09	-4.6281E-07
-3.0856E-10	-6.1339E-10	8.8722E-07	2.6567E-07
6.4761E-10	-1.0294E-10	1.6147E-06	-3.4388E-07
-1.7874E-10	5.3460E-10	1.3013E-06	-1.1989E-06
-4.0480E-10	-4.3734E-10	7.9687E-07	-1.0105E-06
5.2515E-10	-2.4705E-10	5.3516E-07	-1.2911E-06
-2.2685E-12	4.7816E-10	6.3532E-08	-3.5397E-07
-4.1964E-10	-2.4818E-10	8.4965E-07	-5.9614E-07
3.4601E-10	-3.3340E-10	1.9660E-07	-1.3732E-07
1.5114E-10	3.3003E-10	1.6292E-06	-2.8129E-07
-3.1927E-10	-3.9314E-11	3.6293E-07	-1.2248E-06
1.0011E-10	-2.9437E-10	7.7882E-07	1.5055E-07
1.8303E-10	6.7996E-11	1.2904E-06	-1.1631E-06
-6.1959E-11	6.5320E-11	-5.3180E-08	-8.1464E-07
-7.0506E-11	-6.3262E-11	5.9636E-07	4.2907E-08
-1.3415E-12	-1.5649E-10	7.5890E-07	-2.5505E-07
2.0066E-10	-5.7392E-11	1.4548E-06	3.1157E-08
-1.6748E-11	2.1707E-10	1.3626E-06	-1.6775E-06
-2.7575E-10	-1.7328E-10	-2.5543E-07	-7.2323E-07
2.8439E-10	-3.0393E-10	7.9599E-07	-3.4501E-07
1.8433E-10	3.5684E-10	2.8138E-07	-4.7423E-07
-4.5397E-10	-3.1858E-11	6.8156E-07	-3.5350E-07
2.1278E-10	-5.0067E-10	2.0003E-07	-3.4602E-08
3.7983E-10	3.5786E-10	1.2283E-06	-1.8921E-08
-5.2249E-10	1.4206E-10	3.7788E-07	-4.0680E-07
8.0117E-11	-6.2679E-10	1.0590E-06	3.0096E-07
5.5043E-10	2.8135E-10	8.8911E-07	-1.2897E-07
-5.1055E-10	3.3958E-10	1.7485E-06	2.3284E-07
-1.2326E-10	-6.8322E-10	1.4434E-06	-1.1782E-06
6.7478E-10	9.2454E-11	5.9956E-07	-4.8699E-07
-3.5354E-10	5.2477E-10	1.0257E-06	1.3282E-08
-3.5559E-10	-5.7363E-10	1.9905E-06	-3.1266E-07
6.2550E-10	-1.7021E-10	1.2887E-06	-1.4931E-06
-7.8583E-11	5.4255E-10	8.9108E-07	-6.5769E-07
-4.3979E-10	-3.0655E-10	1.2775E-06	-1.2707E-06
3.8750E-10	-3.1510E-10	3.9932E-07	-1.2250E-06
1.1708E-10	3.5158E-10	4.9225E-07	-7.1697E-07
-3.0833E-10	-7.5873E-11	5.6565E-07	-8.6425E-07
1.4258E-10	-2.5121E-10	2.1034E-07	-5.9081E-07
1.2407E-10	1.1409E-10	6.6523E-07	-3.9810E-07
-9.8210E-11	-2.2173E-12	1.8088E-07	-4.8682E-07
1.4258E-11	-8.7029E-11	1.0694E-06	4.1303E-07
2.1696E-11	-5.2492E-11	1.4918E-06	-1.3516E-06
8.7918E-11	-3.3440E-11	-2.8328E-07	-8.5485E-07
-2.6969E-11	9.7236E-11	6.3407E-07	1.4475E-07
-1.3818E-10	-1.6156E-10	8.6438E-07	-3.3886E-07
2.5535E-10	-1.4972E-10	1.2463E-06	-4.7805E-07
3.2210E-11	3.0752E-10	5.7817E-07	-1.4591E-06
-3.7080E-10	-1.6827E-10	-3.2950E-07	-3.6934E-07
3.3186E-10	-3.8336E-10	4.7119E-07	5.2969E-08
2.4735E-10	4.5047E-10	6.5586E-07	-1.3490E-07
-5.6955E-10	1.0239E-11	4.1308E-07	-4.6234E-07
2.0573E-10	-6.2327E-10	2.0992E-07	5.4036E-07
5.1172E-10	3.8668E-10	1.3766E-06	1.0618E-07
-5.7103E-10	2.7971E-10	7.2607E-07	8.1488E-08
-4.7969E-11	-6.8795E-10	1.8204E-06	-2.1686E-07
6.3338E-10	1.6736E-10	4.0710E-07	-8.0291E-07
-4.0038E-10	4.4646E-10	1.2573E-06	3.4510E-07
-2.4268E-10	-5.7692E-10	1.1053E-06	-7.3654E-07
5.8922E-10	-3.6455E-11	1.3309E-06	-1.0090E-07
-2.0604E-10	4.7003E-10	1.1323E-06	-1.2440E-06
-3.2778E-10	-4.1084E-10	6.0699E-07	-4.1996E-07
4.6934E-10	-1.7225E-10	9.2635E-07	-8.2564E-07
-3.3663E-11	4.0982E-10	6.1602E-07	-6.8368E-07
-3.3438E-10	-2.2019E-10	4.2556E-08	-8.5425E-07
2.8186E-10	-2.4768E-10	2.2737E-07	6.4202E-07
1.0767E-10	2.4615E-10	1.2673E-06	-3.6887E-07
-2.1189E-10	-2.2700E-11	2.1017E-07	1.3872E-07
4.4495E-11	-1.8070E-10	1.6701E-06	3.5723E-07
1.0652E-10	-1.1692E-11	1.1466E-06	-7.1157E-07
4.6288E-11	4.5302E-11	1.0888E-06	-7.1586E-08
-8.8057E-11	5.6988E-11	1.4207E-06	-8.0604E-07
-9.0701E-11	-1.9863E-10	4.0879E-07	-5.6812E-07
2.7342E-10	-9.6198E-11	1.2357E-06	9.4266E-08
-1.0868E-11	3.0565E-10	1.1649E-06	-6.2742E-07
-3.3913E-10	-1.8879E-10	1.4550E-06	-3.3003E-07
3.2879E-10	-3.2351E-10	9.5742E-07	-1.3119E-06
1.7781E-10	4.1740E-10	8.3857E-07	3.5827E-08
-4.9224E-10	-5.3207E-11	1.7659E-06	-1.3938E-06
2.5698E-10	-5.0014E-10	1.9920E-07	-1.0511E-06
3.5947E-10	4.1370E-10	8.7180E-07	-1.0327E-06
-5.5388E-10	1.1424E-10	-2.4867E-07	-5.8650E-07
1.2264E-10	-6.1950E-10	1.1217E-06	-2.0455E-07
5.2538E-10	3.2768E-10	9.8326E-08	-8.7285E-07
-5.2601E-10	3.1114E-10	9.3233E-07	1.9779E-07
-8.6153E-11	-6.5528E-10	6.4148E-07	-1.0965E-06
6.2605E-10	1.2631E-10	2.7436E-07	3.0681E-07
-3.4957E-10	4.7183E-10	1.6072E-06	-2.6643E-07
-2.9568E-10	-5.1976E-10	1.1748E-06	-1.0845E-06
5.4503E-10	-1.1717E-10	3.0281E-07	-1.4032E-06
-8.9066E-11	4.5357E-10	-1.9249E-07	-5.0714E-09
-3.4174E-10	-2.6153E-10	1.3151E-06	-2.5281E-07
3.0961E-10	-2.2385E-10	2.4501E-07	-1.0008E-06
6.9879E-11	2.5911E-10	5.7835E-07	2.8394E-08
-2.0182E-10	-6.4353E-11	7.9930E-07	-7.8879E-07
9.3202E-11	-1.4774E-10	3.4564E-07	-3.8345E-07
6.2047E-11	4.4037E-11	6.5990E-07	-5.0328E-07
-7.7573E-12	-6.4530E-12	3.7019E-07	-4.9936E-07
-2.0582E-11	6.8356E-12	3.3136E-07	-2.4905E-07
-3.7127E-11	-1.1104E-10	8.0930E-07	-1.1092E-07
1.7120E-10	-4.0065E-11	5.0413E-07	-8.7977E-07
-5.5482E-11	1.8958E-10	-4.5595E-08	1.1730E-07
-2.0240E-10	-2.1157E-10	1.0493E-06	1.3896E-07
3.2950E-10	-1.6912E-10	1.1034E-06	-4.6960E-07
2.3330E-11	3.9212E-10	6.8716E-07	-1.2329E-06
-4.3094E-10	-1.9264E-10	-4.6522E-07	-4.6061E-07
3.7545E-10	-4.0401E-10	4.2332E-07	1.2765E-07
2.4585E-10	5.0145E-10	1.7498E-07	-2.1725E-07
-5.9550E-10	-1.5699E-13	3.5337E-07	2.5586E-07
2.2864E-10	-6.1146E-10	5.8565E-07	9.6504E-08
4.8127E-10	4.1117E-10	4.1500E-07	1.2759E-08
-5.6656E-10	2.4553E-10	5.1491E-07	7.3236E-07
-7.8419E-12	-6.4383E-10	1.6018E-06	7.0051E-08
5.7063E-10	2.0203E-10	4.3223E-07	-3.5178E-07
-3.9968E-10	3.8214E-10	1.1244E-06	6.0536E-07
-1.7687E-10	-5.3115E-10	1.4501E-06	-4.0683E-07
5.2059E-10	1.7896E-11	8.9401E-07	-5.2179E-07
-2.1834E-10	3.9741E-10	6.0611E-07	-7.8856E-08
-2.5355E-10	-3.7110E-10	1.5863E-06	-1.9720E-08
3.9974E-10	-1.1134E-10	9.7821E-07	-1.2651E-06
-4.9246E-11	3.2996E-10	2.6231E-07	-4.4593E-07
-2.4818E-10	-1.7910E-10	5.4649E-07	-3.8532E-07
2.0498E-10	-1.7166E-10	4.4359E-07	-2.9321E-07
7.5243E-11	1.5257E-10	9.0585E-08	-1.3267E-07
-1.0580E-10	1.5539E-12	6.8956E-07	8.2122E-07
-1.7548E-11	-7.9110E-11	1.4399E-06	-1.7850E-07
4.3476E-11	-9.4020E-11	7.6148E-07	-1.1005E-07
1.4567E-10	3.5139E-11	1.2633E-06	-3.1686E-07
-1.1380E-10	1.5724E-10	3.9605E-07	-4.4114E-07
-1.5846E-10	-2.4465E-10	9.3785E-07	4.3447E-07
3.3813E-10	-1.1701E-10	1.3500E-06	-4.0868E-07
-2.1026E-11	3.7466E-10	7.1931E-07	-2.2032E-07
-3.8096E-10	-2.1559E-10	1.3397E-06	-6.7342E-08
3.7206E-10	-3.2490E-10	1.0779E-06	-6.2684E-07
1.5503E-10	4.6476E-10	1.1347E-06	-2.2481E-07
-5.1463E-10	-8.5931E-11	1.4216E-06	-9.7980E-07
2.9998E-10	-4.8637E-10	5.1091E-07	-1.0777E-06
3.2724E-10	4.5591E-10	5.6787E-07	-6.6135E-07
-5.6840E-10	7.8899E-11	3.2174E-07	-8.3233E-07
1.6065E-10	-5.9734E-10	1.8334E-07	-2.8464E-07
4.8614E-10	3.5747E-10	5.7460E-07	-4.5765E-07
-5.2185E-10	2.7212E-10	2.2196E-10	-6.0804E-07
-4.9643E-11	-6.0967E-10	-3.1818E-07	5.0814E-08
5.6020E-10	1.4837E-10	1.1139E-07	1.0034E-06
-3.3133E-10	4.0503E-10	1.5334E-06	5.7414E-07
-2.3252E-10	-4.5401E-10	5.7699E-07	-4.3463E-07
4.5354E-10	-7.1437E-11	6.8725E-07	1.0864E-06
-9.0340E-11	3.5689E-10	2.1761E-06	2.2662E-07
-2.4632E-10	-2.1020E-10	1.6463E-06	-7.6646E-07
2.2670E-10	-1.4526E-10	9.3628E-07	-1.0637E-06
3.6702E-11	1.6514E-10	4.2296E-07	-2.0382E-07
-1.0401E-10	-4.2330E-11	1.3968E-06	-2.6636E-07
3.5282E-11	-6.2613E-11	8.3017E-07	-9.7622E-07
1.9184E-11	-3.0445E-11	4.5662E-07	-5.6831E-07
7.6608E-11	4.2433E-12	5.2197E-07	-2.3095E-07
-6.7493E-11	8.4859E-11	8.5296E-07	-4.7099E-07
-7.9324E-11	-1.7663E-10	1.6767E-07	-2.7897E-07
2.5023E-10	-3.4516E-11	1.2573E-06	2.3381E-07
-9.2827E-11	2.6725E-10	8.2455E-07	-1.2540E-06
-2.5056E-10	-2.6478E-10	-6.6285E-08	-4.4299E-08
3.9497E-10	-1.7645E-10	1.0099E-06	-1.7440E-07
5.5196E-12	4.5704E-10	2.7389E-07	-7.0564E-07
-4.6934E-10	-2.2037E-10	-1.6817E-07	1.8870E-07
4.1051E-10	-4.0631E-10	8.7152E-07	7.8341E-07
2.2872E-10	5.3276E-10	9.6990E-07	-2.0106E-07
-5.9943E-10	-2.0940E-11	8.2301E-07	6.6407E-07
2.5035E-10	-5.8063E-10	1.7558E-06	-4.0579E-07
4.3414E-10	4.2346E-10	4.8283E-07	-6.3226E-08
-5.4740E-10	1.9954E-10	1.9421E-06	-3.7596E-08
3.2918E-11	-5.8769E-10	7.3072E-07	-1.0138E-06
4.9780E-10	2.2669E-10	1.0855E-06	-8.1923E-09
-3.8658E-10	3.1208E-10	1.0890E-06	-7.5361E-07
-1.1575E-10	-4.7558E-10	1.0284E-06	-5.8616E-07
4.4389E-10	5.7679E-11	5.0653E-07	-8.0242E-07
-2.1436E-10	3.2062E-10	9.3874E-07	-2.3779E-07
-1.8483E-10	-3.1821E-10	4.2735E-07	-9.6997E-07
3.1912E-10	-6.4925E-11	5.7149E-07	3.0335E-07
-4.9501E-11	2.4319E-10	1.1749E-06	-7.5350E-07
-1.6462E-10	-1.2668E-10	5.5216E-07	-1.7196E-07
1.1980E-10	-1.0688E-10	1.3053E-06	-7.7913E-07
5.4420E-11	5.5485E-11	3.6385E-07	-7.5551E-07
-6.1643E-12	3.2829E-11	7.5381E-07	-7.7201E-07
-8.2904E-11	7.2502E-12	-1.9484E-07	-4.9589E-07
-3.9691E-12	-1.7421E-10	9.5944E-07	2.7031E-07
2.3249E-10	3.5825E-11	9.1649E-07	-9.7857E-07
-1.4629E-10	2.3586E-10	3.1011E-07	-6.8073E-07
-2.0403E-10	-2.9148E-10	1.1982E-08	-5.9517E-07
3.9280E-10	-1.2039E-10	3.1213E-07	3.4045E-07
-4.4265E-11	4.2419E-10	1.1612E-06	-6.5164E-07
-4.0233E-10	-2.4913E-10	-2.3194E-07	-9.1408E-07
4.1081E-10	-3.1026E-10	-2.2045E-07	2.2314E-07
1.2046E-10	4.9762E-10	4.3132E-07	4.8559E-07
-5.2087E-10	-1.2412E-10	8.6308E-07	-1.1569E-08
3.3711E-10	-4.6017E-10	2.7589E-07	8.4428E-09
2.8618E-10	4.8212E-10	9.3347E-07	4.5664E-07
-5.6487E-10	4.0458E-11	9.2923E-07	-3.2675E-07
1.9103E-10	-5.6027E-10	4.6250E-07	1.7583E-07
4.3499E-10	3.6997E-10	1.4638E-06	3.2860E-07
-4.9859E-10	2.2623E-10	1.1427E-06	-1.1509E-06
-1.6205E-11	-5.4817E-10	-2.2877E-07	1.0927E-07
4.8137E-10	1.5847E-10	1.6840E-06	2.9190E-07
-2.9990E-10	3.3004E-10	3.6303E-07	-8.2519E-07
-1.7060E-10	-3.7868E-10	1.0371E-06	8.4273E-07
3.5567E-10	-3.5216E-11	1.7324E-06	-6.1554E-07
-8.1431E-11	2.5862E-10	1.3736E-06	-4.8562E-07
-1.5843E-10	-1.5278E-10	1.2305E-06	-1.5672E-06
1.4129E-10	-8.1986E-11	1.0921E-07	-9.0998E-07
1.8922E-11	7.3705E-11	4.2343E-07	-7.7017E-07
-1.7735E-11	-9.6497E-12	7.2077E-08	-2.7466E-07
-2.8997E-11	3.5544E-12	8.1679E-07	-2.8390E-07
-5.1062E-12	-1.0566E-10	3.5098E-07	-7.3974E-07
1.5233E-10	2.8138E-11	-1.9431E-08	-1.9008E-08
-1.2250E-10	1.4662E-10	1.0124E-06	5.4962E-07
-1.0557E-10	-2.4386E-10	1.6046E-06	-5.9662E-07
3.2080E-10	-1.8496E-11	1.0564E-06	-1.0805E-06
-1.3521E-10	3.2820E-10	5.0518E-07	-1.4572E-06
-2.8171E-10	-3.1614E-10	-1.8815E-07	-9.9887E-07
4.4805E-10	-1.7179E-10	-4.4955E-07	-6.0994E-07
-1.9118E-11	5.0084E-10	-1.3730E-07	4.2460E-07
-4.8578E-10	-2.4815E-10	6.8792E-07	-2.2153E-07
4.3515E-10	-3.9112E-10	2.7700E-08	-3.4960E-08
1.9885E-10	5.4485E-10	7.5754E-07	1.0248E-07
-5.8302E-10	-4.8008E-11	5.9789E-07	-2.3916E-07
2.6814E-10	-5.3355E-10	6.4820E-07	-4.3627E-07
3.7516E-10	4.2316E-10	6.1734E-08	-1.5126E-07
-5.1443E-10	1.4772E-10	8.9182E-07	2.5031E-07
6.9785E-11	-5.2154E-10	8.1632E-07	-5.6095E-07
4.1893E-10	2.3918E-10	5.1946E-07	-2.2422E-07
-3.6029E-10	2.4142E-10	8.8043E-07	-4.5322E-07
-6.2992E-11	-4.1065E-10	2.9075E-07	-6.4232E-07
3.6164E-10	8.1629E-11	6.7212E-07	2.4165E-08
-1.9423E-10	2.4334E-10	8.4263E-07	-1.0792E-06
-1.2395E-10	-2.5358E-10	-2.5071E-07	-3.7081E-07
2.3106E-10	-3.3009E-11	8.3045E-07	-2.9003E-07
-3.5750E-11	1.5428E-10	-1.0007E-08	-7.9789E-07
-8.7191E-11	-6.5474E-11	1.6248E-07	-2.0653E-07
3.0916E-11	-5.4623E-11	-1.1911E-07	-1.7245E-07
4.5255E-11	-3.9347E-11	6.2475E-07	2.0291E-07
8.2583E-11	7.0053E-11	1.2955E-07	-5.2707E-07
-1.4853E-10	7.6172E-11	3.3828E-07	5.7245E-07
-3.4829E-11	-2.4816E-10	1.0138E-06	-3.9110E-07
3.0405E-10	4.7224E-11	1.7840E-07	-2.8773E-07
-1.8346E-10	2.9241E-10	5.8695E-07	2.0605E-07
-2.2819E-10	-3.3606E-10	1.2742E-06	-2.9296E-07
4.3578E-10	-1.0820E-10	3.2393E-07	-1.1669E-06
-7.6849E-11	4.5478E-10	2.5256E-07	2.0806E-07
-4.0500E-10	-2.8476E-10	1.2093E-06	-1.1834E-06
4.4181E-10	-2.8238E-10	-8.7742E-07	-1.1582E-06
7.8620E-11	5.1501E-10	-5.3809E-07	3.0157E-07
-5.1126E-10	-1.6246E-10	-8.7462E-09	6.7925E-07
3.6465E-10	-4.2291E-10	9.9069E-07	3.9799E-07
2.3937E-10	4.9093E-10	6.3446E-07	-2.1544E-07
-5.4326E-10	2.7417E-12	7.3264E-07	-2.0064E-07
2.1158E-10	-5.0948E-10	2.7958E-07	-2.3517E-07
3.7491E-10	3.6538E-10	7.8132E-07	8.3692E-08
-4.5787E-10	1.7728E-10	6.4863E-07	-2.5881E-07
1.1934E-11	-4.7368E-10	1.2038E-06	-2.7568E-07
3.9430E-10	1.5670E-10	5.2406E-07	-1.2954E-06
-2.5679E-10	2.5240E-10	-8.2942E-08	-4.8726E-07
-1.1392E-10	-2.9654E-10	1.2656E-07	-2.5397E-07
2.5594E-10	-1.0236E-11	5.7088E-07	-2.4367E-07
-6.2013E-11	1.6409E-10	-1.3601E-07	-6.5452E-07
-8.1874E-11	-9.0189E-11	3.5803E-07	6.6991E-07
5.6093E-11	-3.5527E-11	1.1961E-06	-5.9323E-07
1.6643E-11	-1.1741E-11	5.6406E-07	-5.3592E-07
5.5001E-11	3.2540E-11	5.8275E-07	-1.3643E-06
-9.6719E-11	5.0960E-11	-7.6991E-07	-4.8985E-07
-1.2361E-11	-1.7793E-10	5.0692E-07	-5.6182E-08
2.1712E-10	6.2522E-11	-1.2550E-07	-6.0462E-07
-1.8124E-10	1.9196E-10	3.6336E-07	7.8776E-08
-1.1697E-10	-3.0772E-10	4.1640E-07	-7.1494E-07
3.7935E-10	5.8280E-12	1.2561E-07	-4.2491E-07
-1.7896E-10	3.7104E-10	2.0979E-07	-7.5780E-07
-2.9575E-10	-3.6146E-10	-2.4510E-07	-5.5221E-07
4.8613E-10	-1.5610E-10	-6.1793E-08	-5.4786E-07
-4.8139E-11	5.2314E-10	-5.9073E-07	-4.6822E-07
-4.8126E-10	-2.7308E-10	-3.6580E-07	7.4078E-08
4.4807E-10	-3.6059E-10	-3.8515E-07	7.0115E-08
1.5988E-10	5.3868E-10	2.1014E-08	6.6701E-07
-5.4866E-10	-7.7292E-11	7.8553E-07	1.1413E-07
2.7956E-10	-4.7379E-10	4.8358E-07	-5.7664E-07
3.0930E-10	4.1011E-10	-1.4505E-07	-5.5867E-07
-4.6893E-10	9.5435E-11	-2.0974E-07	-9.2774E-08
9.9045E-11	-4.4785E-10	-3.1029E-08	1.3008E-07
3.3790E-10	2.3813E-10	5.8148E-07	-2.5422E-08
-3.2099E-10	1.7442E-10	6.5664E-08	-8.1232E-07
-2.1200E-11	-3.3776E-10	-3.8798E-07	-1.1957E-07
2.7675E-10	8.9492E-11	-7.5165E-09	5.1048E-08
-1.5926E-10	1.6893E-10	4.3326E-07	-2.1705E-07
-7.2698E-11	-1.7979E-10	-4.7142E-07	-8.2190E-07
1.3964E-10	-1.5159E-11	-2.4976E-07	5.9290E-07
-9.9150E-12	6.7823E-11	3.4653E-07	-7.8618E-07
-1.8992E-11	1.3960E-12	-8.6982E-07	2.1000E-07
-5.7146E-11	-1.5842E-11	6.3324E-07	-2.3422E-07
4.7268E-11	-1.2701E-10	-1.1417E-06	-6.4718E-07
1.5703E-10	1.1163E-10	-4.9652E-07	7.5726E-07
-2.1154E-10	1.2640E-10	-2.9231E-07	4.9236E-07
-4.9282E-11	-3.1267E-10	5.2721E-07	6.8252E-07
3.5866E-10	6.8056E-11	1.7964E-07	-3.3436E-07
-2.2278E-10	3.2734E-10	1.4395E-08	3.6609E-07
-2.3285E-10	-3.7556E-10	4.1703E-07	-1.5753E-07
4.6577E-10	-8.3416E-11	8.4684E-08	-2.1617E-07
-1.1465E-10	4.6729E-10	3.4767E-08	-4.3336E-07
-3.9123E-10	-3.1816E-10	-4.0773E-07	-4.8149E-07
4.6236E-10	-2.4454E-10	-9.1398E-07	-6.0354E-08
3.3855E-11	5.1644E-10	-3.8960E-07	6.9010E-07
-4.8675E-10	-1.9652E-10	-2.0637E-07	5.7668E-08
3.7986E-10	-3.7656E-10	-5.7248E-07	7.9620E-07
1.8986E-10	4.8194E-10	3.2641E-07	7.2012E-07
-5.0477E-10	-3.1145E-11	4.2038E-07	7.0543E-07
2.2090E-10	-4.4729E-10	1.2215E-06	-4.4755E-07
3.0936E-10	3.4463E-10	-9.2054E-07	-8.0422E-07
-4.0226E-10	1.2880E-10	6.9417E-08	1.0299E-06
3.2848E-11	-3.8990E-10	4.6730E-07	-5.9633E-07
3.0382E-10	1.4343E-10	-2.6436E-07	-1.9829E-08
-2.0396E-10	1.7709E-10	-2.4094E-07	-6.2977E-07
-6.5873E-11	-2.1065E-10	-1.0695E-06	5.7507E-07
1.5853E-10	2.3945E-12	3.6819E-07	4.9023E-07
-3.2563E-11	7.7559E-11	-3.3977E-07	2.0984E-07
-1.9331E-11	-2.4029E-11	7.2353E-07	3.8802E-07
-2.6210E-11	-6.3277E-12	-7.5837E-08	-1.0039E-06
2.8728E-11	-8.8364E-11	-8.3553E-07	8.2267E-08
1.1290E-10	8.2002E-11	-3.1336E-07	1.7474E-07
-1.6459E-10	8.0478E-11	-2.2040E-07	3.4830E-07
-4.9487E-12	-2.4381E-10	1.8538E-07	-3.4421E-07
2.6904E-10	1.0403E-10	-1.0819E-06	-4.9553E-07
-2.3941E-10	2.2105E-10	-7.6715E-07	7.6308E-07
-1.1512E-10	-3.6385E-10	-5.8321E-08	6.2959E-08
4.2314E-10	3.5952E-11	-8.1621E-07	-1.0068E-07
-2.2076E-10	3.9519E-10	-8.1160E-07	2.7706E-07
-2.9358E-10	-3.9750E-10	-1.0916E-06	3.0621E-07
