jMRUI Data Textfile

Filename: Export_to_jmrui.txt

PointsInDataset: 2048
DatasetsInFile: 1
SamplingInterval: 0.250000
ZeroOrderPhase: 0E0
BeginTime: 0E0
TransmitterFrequency: 1.2326E8
MagneticField: 2.8936E0
TypeOfNucleus:  
NameOfPatient:  
DateOfExperiment:  
Spectrometer:  
AdditionalInfo: 
SignalNames:  


Signal and FFT
sig(real)	sig(imag)	fft(real)	fft(imag)
Signal 1 out of 1 in file
1.4928E-06	6.0209E-07	1.3372E-06	-5.1793E-07
6.0830E-07	1.0399E-07	9.2869E-08	4.2739E-07
4.2505E-07	-1.4469E-07	1.1622E-06	3.7078E-07
2.7693E-07	-2.4469E-07	2.5424E-07	2.3139E-07
3.4112E-08	-2.3825E-07	9.2759E-07	9.0873E-07
-7.2147E-08	-1.2222E-07	8.6491E-07	1.2391E-07
-1.0551E-07	-8.9145E-08	3.4020E-07	7.7155E-07
-7.0283E-08	3.8163E-08	1.2310E-06	8.5442E-07
-2.1184E-08	4.7950E-08	6.2856E-07	1.4589E-07
6.7421E-08	8.5044E-08	4.4698E-07	1.2280E-06
1.2255E-07	1.3841E-08	1.2155E-06	1.1464E-06
1.4930E-07	-8.4436E-08	1.6350E-06	1.0785E-06
5.4339E-08	-1.0822E-07	1.6395E-06	-8.3239E-08
3.2157E-08	-1.4195E-07	3.9604E-07	5.3510E-07
-6.6067E-08	-1.1324E-07	1.3821E-06	1.3178E-06
-9.8980E-08	-3.2815E-08	1.9928E-06	6.4842E-07
-8.3621E-08	4.3331E-08	1.7819E-06	-7.4820E-08
-1.7486E-08	1.5913E-08	1.4543E-06	-1.4582E-07
2.3377E-08	-2.0704E-08	9.7270E-07	-6.6780E-07
-6.6894E-09	-1.5895E-08	2.0117E-07	2.2953E-07
-3.1761E-08	-3.0243E-08	8.2427E-07	4.0337E-07
-5.0537E-08	9.6131E-10	6.3795E-07	6.2905E-07
-9.5961E-08	-2.0337E-08	1.1077E-06	3.8910E-07
-9.1622E-08	2.4003E-08	6.4123E-07	7.1610E-07
-9.2479E-08	6.3542E-08	1.6260E-06	4.2236E-07
-4.5848E-08	4.2080E-08	4.6439E-07	-7.8453E-08
5.4004E-08	6.3070E-08	8.2258E-07	9.2563E-07
6.4193E-08	1.0855E-08	1.1310E-06	6.1270E-07
3.0421E-08	-1.8188E-08	1.5832E-06	2.8608E-07
-1.4705E-08	-5.8263E-08	5.5653E-07	-4.7905E-07
-8.7066E-08	-8.3148E-08	2.3715E-07	7.6847E-07
-1.3584E-07	1.9691E-08	7.6378E-07	6.1848E-07
-1.1944E-07	8.3457E-08	5.9086E-07	1.0821E-06
-8.3268E-08	1.1329E-07	1.6799E-06	9.9221E-07
-7.0948E-09	1.0121E-07	1.1352E-06	-2.4046E-07
4.2206E-08	1.1032E-07	3.7811E-07	9.3035E-07
5.8950E-08	8.4710E-08	1.8650E-06	5.5537E-07
5.1373E-08	4.7127E-08	4.0549E-07	-4.7537E-07
4.5393E-08	4.2860E-08	1.1243E-07	1.1328E-06
4.4290E-08	6.2674E-08	1.1462E-06	1.3215E-06
2.1323E-08	3.5137E-08	1.8007E-06	5.3522E-07
9.1471E-08	2.7414E-09	6.6731E-07	-2.5626E-07
7.8504E-08	4.2387E-08	2.7944E-07	1.0093E-06
1.0444E-07	7.1915E-09	1.0543E-06	1.1640E-06
1.0907E-07	-3.1958E-08	1.3623E-06	9.1281E-07
1.1185E-07	-7.1397E-08	1.3271E-06	7.2525E-07
6.9733E-08	-4.4053E-08	1.6182E-06	3.2924E-07
1.6718E-08	-3.6482E-08	4.9113E-07	2.1655E-07
2.4942E-08	-3.1544E-08	1.5727E-06	1.2850E-06
-2.9620E-09	-2.8743E-08	1.1881E-06	-5.0918E-07
4.8362E-08	1.3556E-08	4.7138E-07	7.5893E-07
7.7230E-08	1.5274E-08	1.5618E-06	8.2559E-07
6.1211E-08	-1.5869E-08	8.9207E-07	2.9286E-07
-4.4126E-10	-5.7119E-08	9.7509E-07	4.5073E-07
-1.6431E-08	-8.4809E-08	5.1404E-07	1.0339E-06
-3.3903E-08	-9.2904E-08	1.9976E-06	1.0966E-06
-6.9990E-08	-3.5092E-08	1.1813E-06	-3.2891E-07
-7.1173E-08	3.2647E-09	5.3285E-07	9.5498E-07
-5.6986E-08	-6.1022E-09	1.9276E-06	9.2826E-07
6.3580E-09	1.1949E-08	1.4430E-06	-5.7807E-07
6.0041E-09	2.7982E-08	9.8390E-08	3.5382E-07
4.7070E-08	-3.5666E-09	1.1222E-06	1.0098E-06
4.8535E-08	-5.8091E-08	1.2636E-06	6.1108E-07
3.8471E-08	-6.2122E-08	1.5736E-06	-5.6666E-08
-1.1425E-08	-1.0304E-07	-2.1913E-07	-8.7317E-08
-4.0234E-08	-4.8137E-08	9.6966E-07	2.0027E-06
-7.7421E-08	-1.4798E-08	1.9982E-06	-3.4302E-08
-8.5622E-08	5.8038E-09	4.3880E-07	2.7500E-07
-1.0547E-07	-3.5756E-08	1.0975E-06	5.5212E-07
-5.3877E-08	4.9767E-08	4.9297E-07	4.8154E-07
-5.6329E-08	6.4892E-08	9.0283E-07	1.0882E-06
-3.7773E-08	6.6259E-08	1.1296E-06	9.8084E-07
-4.2698E-08	5.0830E-08	1.8172E-06	8.8335E-07
2.1670E-08	-5.2653E-10	1.5340E-06	-3.7133E-07
3.5274E-08	4.5517E-08	3.2964E-07	-3.5426E-08
4.1509E-08	7.5048E-09	1.9288E-07	7.3692E-07
6.7346E-08	6.1793E-09	7.3349E-07	1.6455E-06
3.2988E-08	-4.0200E-08	1.9029E-06	8.8191E-07
1.4327E-08	-5.2681E-08	9.6668E-07	4.7925E-07
-2.9033E-08	1.8095E-08	1.7287E-06	8.1719E-07
-4.5551E-08	1.8518E-08	8.5819E-07	-2.2925E-07
-3.0418E-08	5.5198E-08	7.4699E-07	1.3185E-06
-6.5081E-10	1.3922E-08	1.6925E-06	4.6281E-07
2.6122E-09	7.8373E-08	1.0816E-06	6.8392E-07
1.6610E-08	7.5246E-08	1.7493E-06	1.8769E-07
3.5185E-08	5.5768E-08	6.9498E-07	-6.5559E-08
3.9335E-08	1.8037E-08	6.7744E-07	4.8768E-07
9.6874E-08	-1.4685E-08	5.9439E-07	9.9032E-07
2.6562E-08	-8.1343E-08	1.5388E-06	1.0450E-06
1.8335E-08	-5.9980E-08	1.3567E-06	4.8004E-07
-4.1889E-08	-9.7032E-09	1.4803E-06	3.8579E-07
-4.0737E-08	-1.3326E-09	9.5202E-07	2.6381E-07
-1.8058E-08	2.5242E-09	1.3616E-06	5.4839E-07
6.3912E-09	1.4431E-08	9.6357E-07	2.0897E-07
4.2970E-08	-1.2551E-08	1.5811E-06	5.7841E-07
3.0849E-08	1.0360E-08	9.5300E-07	-7.2778E-07
1.2885E-08	-2.1139E-08	1.8386E-07	6.5574E-07
2.7244E-08	-5.5276E-08	1.1149E-06	2.9794E-07
2.9401E-08	-4.2478E-08	3.2128E-07	3.2291E-07
1.2834E-08	-2.0936E-08	5.0997E-07	7.1086E-07
9.8501E-09	-5.4867E-09	5.6550E-07	1.1178E-06
9.5423E-09	-4.1303E-09	1.1403E-06	9.2896E-07
-3.3557E-09	-2.6844E-08	9.9309E-07	1.0464E-06
-2.6943E-09	2.8372E-10	1.6693E-06	5.4328E-07
-3.5046E-08	-9.5518E-09	5.4241E-07	3.6710E-07
-1.4212E-08	9.2939E-09	1.4764E-06	1.2762E-06
1.3246E-09	-4.3061E-08	1.5149E-06	-2.6231E-07
-4.4075E-08	-2.5458E-08	2.0400E-07	3.2041E-07
-5.8651E-08	1.1960E-08	7.0696E-07	1.1986E-06
-3.9625E-08	1.0975E-08	1.5597E-06	1.1452E-06
-2.4874E-08	-1.0020E-08	1.8663E-06	-1.0990E-07
4.0875E-09	3.5570E-08	1.2165E-07	-5.5819E-07
2.4153E-08	1.3384E-08	-2.8203E-07	1.3717E-06
4.1200E-08	1.2564E-08	1.2177E-06	1.5728E-06
-8.2103E-09	-9.8591E-10	1.2140E-06	1.0770E-06
-2.9047E-08	-1.9281E-08	1.6806E-06	1.0198E-06
-3.3406E-08	-2.3839E-08	1.2444E-06	4.3158E-07
-3.8800E-08	8.7818E-09	1.5686E-06	1.2208E-06
-3.5745E-08	-8.9173E-10	2.2336E-06	-3.4342E-07
5.2664E-10	4.8692E-08	1.3143E-07	-3.4817E-07
-1.8812E-08	5.7224E-08	7.9367E-07	1.1226E-06
-1.2188E-09	3.0632E-09	9.6453E-07	4.8109E-07
1.0882E-08	1.1723E-08	1.1024E-06	1.2550E-06
7.6773E-09	1.9049E-08	1.9080E-06	3.8259E-07
2.0461E-08	7.1241E-09	1.1378E-06	1.3756E-09
9.5692E-10	-4.3886E-08	8.2510E-07	1.5116E-07
-4.3746E-09	-3.1662E-08	9.5703E-07	7.4872E-07
-2.5385E-08	-1.3868E-08	1.3424E-06	-3.4308E-07
-1.9664E-08	-1.6025E-09	-6.9482E-07	3.7406E-07
-1.3738E-08	3.7628E-08	1.1797E-06	2.3030E-06
3.1083E-10	3.0956E-08	2.2246E-06	2.7766E-07
-5.0873E-09	5.4283E-08	9.8774E-07	-1.4545E-07
-1.4677E-08	1.0323E-08	5.8271E-07	3.1686E-07
1.2083E-08	2.3198E-08	8.1388E-07	8.2354E-07
6.1370E-08	3.0506E-08	1.2656E-06	5.7091E-07
1.0505E-08	5.7687E-09	1.0783E-06	1.2013E-07
4.3527E-08	-1.2790E-08	5.8280E-07	2.1495E-07
3.5195E-08	-1.2619E-08	6.2815E-07	4.5515E-07
5.6425E-09	-3.2894E-08	3.8428E-07	5.4229E-07
-1.3608E-08	-3.6490E-08	6.4128E-07	8.8233E-07
2.2879E-08	-2.0962E-08	4.5133E-07	7.2442E-07
9.5296E-09	2.1927E-09	7.4494E-07	1.4570E-06
-1.6241E-08	-2.8665E-08	1.3415E-06	7.1011E-07
-2.0734E-08	-1.7110E-08	5.0249E-07	8.7649E-07
-2.5036E-08	-2.5029E-08	1.4625E-06	1.4175E-06
-5.6042E-09	-1.5266E-08	1.5063E-06	1.3268E-07
-4.0613E-08	-2.0987E-08	5.0724E-07	5.1736E-07
-2.7579E-08	-1.3323E-08	9.5591E-07	8.4782E-07
-5.6587E-08	4.2554E-09	7.6370E-07	7.3318E-07
2.8362E-09	-1.0628E-08	9.3745E-07	8.9952E-07
4.2711E-09	1.2454E-08	7.2853E-07	9.1049E-07
1.1662E-08	1.3793E-08	1.1589E-06	1.3314E-06
-1.1213E-08	2.6320E-08	1.5423E-06	8.1335E-07
2.6498E-09	7.4281E-09	1.2658E-06	4.1728E-07
1.5061E-08	5.2818E-09	8.4231E-07	6.0002E-07
2.1671E-09	2.7769E-08	1.0622E-06	7.4522E-07
1.5004E-08	2.9213E-08	8.8823E-07	8.9685E-07
6.9963E-10	7.2771E-10	1.7323E-06	6.5946E-07
1.0883E-08	3.8519E-08	4.1798E-07	-2.2427E-07
-2.2815E-09	1.4921E-08	5.7554E-07	1.5616E-06
4.4813E-09	2.4140E-08	1.4277E-06	3.1384E-07
1.4411E-08	-4.6357E-08	2.4268E-07	8.0786E-07
-2.6402E-08	4.4965E-09	9.9268E-07	1.0786E-06
-1.9964E-08	-2.1641E-08	7.9840E-07	1.0585E-06
-3.9196E-08	-2.3228E-08	1.0589E-06	8.6351E-07
-9.7462E-09	1.6037E-08	5.2970E-07	1.2777E-06
-3.2524E-08	2.0234E-08	1.3710E-06	1.4198E-06
-5.4573E-08	6.2071E-09	1.0538E-06	1.4139E-06
-2.5479E-08	2.9414E-08	2.2488E-06	1.3027E-06
-1.9600E-08	3.8336E-08	1.1093E-06	2.9835E-07
3.7472E-08	3.1652E-08	1.8695E-06	1.7020E-06
1.8198E-08	1.6703E-08	2.0911E-06	-5.4379E-07
2.3452E-08	1.5531E-08	3.1100E-07	8.4223E-07
2.0472E-08	-3.1995E-08	2.1347E-06	7.5605E-07
3.7482E-08	-1.2769E-08	8.3151E-07	-6.0515E-08
-1.1645E-08	-1.5838E-08	1.1871E-06	7.3338E-07
2.1793E-08	-3.3433E-08	6.7612E-07	1.9836E-07
-2.0393E-09	-6.4689E-09	6.9023E-07	1.3469E-06
2.7843E-08	-1.1073E-08	1.5348E-06	1.0438E-06
4.1335E-09	-5.5241E-09	1.4957E-06	7.3493E-07
5.2520E-09	2.9453E-09	1.5294E-06	4.6109E-07
2.0941E-08	-1.2450E-08	1.2242E-06	1.2912E-07
3.1701E-08	-3.2364E-08	5.8705E-07	3.6041E-07
4.9704E-08	-3.8301E-08	7.9327E-07	1.1071E-06
-6.7986E-09	-4.0506E-09	1.4544E-06	9.3648E-07
-9.3014E-09	-3.7816E-08	1.2838E-06	3.9270E-07
-3.9060E-08	-7.4599E-08	9.9084E-07	6.7443E-07
-5.3112E-08	-5.0814E-08	1.2549E-06	4.6245E-07
-7.6770E-08	1.3406E-08	7.0761E-07	5.7452E-07
-3.9078E-08	7.6642E-09	1.1959E-06	7.3827E-07
-3.9444E-08	6.5235E-09	5.3005E-07	4.1265E-07
4.3274E-09	1.2259E-08	7.4185E-07	1.4801E-06
-5.9278E-09	2.6957E-08	1.4753E-06	9.6825E-07
4.1793E-09	2.3031E-08	9.5554E-07	8.4243E-07
-1.4824E-08	1.0658E-08	1.3629E-06	1.4566E-06
9.4293E-09	4.5878E-08	1.9616E-06	6.2765E-07
-1.0701E-08	1.6820E-08	1.1709E-06	7.2480E-07
4.3685E-09	-1.4167E-08	2.3310E-06	6.3648E-07
1.6316E-08	1.6145E-08	1.1148E-06	-8.8736E-07
-1.8746E-09	-1.3293E-08	1.3032E-07	5.7759E-07
-1.0373E-08	1.2107E-09	9.6924E-07	1.0426E-06
-1.6002E-08	6.5166E-09	1.3167E-06	5.7678E-07
-3.7885E-08	1.3998E-08	7.0767E-07	6.7666E-07
2.9531E-09	-2.0204E-08	1.7831E-06	8.1402E-07
-8.2147E-09	-2.3519E-08	3.9763E-07	-6.5363E-07
4.5046E-09	-2.3293E-08	-2.4353E-07	1.9172E-06
4.5515E-09	6.6425E-09	1.9390E-06	1.6360E-06
-3.0957E-08	1.1301E-08	1.8758E-06	6.6204E-07
-1.4166E-08	2.8397E-08	1.5132E-06	-1.1727E-07
2.3175E-08	4.9282E-08	5.3754E-07	2.5180E-07
1.6964E-08	3.9261E-08	7.1969E-07	7.0211E-07
1.9608E-08	3.0636E-08	7.2287E-07	8.8444E-07
6.5217E-08	-5.7951E-09	9.4044E-07	1.0521E-06
6.8318E-08	1.2069E-09	1.2422E-06	8.9015E-07
4.1613E-08	-2.0288E-08	7.9238E-07	7.6398E-07
4.1833E-08	-4.0737E-09	1.3526E-06	1.3194E-06
2.7295E-08	2.2724E-08	1.1992E-06	3.6929E-07
-6.3728E-09	9.3407E-09	8.9643E-07	1.3352E-06
1.3301E-08	-6.6707E-09	1.6748E-06	7.7792E-07
2.8388E-09	-1.7737E-08	1.3540E-06	7.3286E-07
4.7657E-09	-2.2439E-08	1.2198E-06	1.0149E-07
1.3262E-08	-3.0735E-08	4.6953E-07	1.1133E-06
3.5809E-09	-2.6013E-08	1.7624E-06	9.1071E-07
9.1590E-09	-1.5913E-08	8.8318E-07	3.4625E-07
-4.2398E-09	-2.5516E-08	9.6039E-07	9.1919E-07
-2.2877E-08	-1.9989E-08	1.0316E-06	9.1037E-07
1.6027E-08	1.3985E-08	1.0877E-06	8.7076E-07
-2.2014E-08	2.8773E-08	9.7615E-07	1.2633E-06
2.4189E-08	-1.9500E-09	1.7523E-06	1.2873E-06
-4.6725E-09	2.2888E-08	1.9821E-06	6.1152E-07
1.7401E-08	1.0380E-08	1.3510E-06	-1.7369E-07
-2.2987E-09	-2.6617E-09	4.6501E-07	8.1887E-07
-1.7427E-08	3.0803E-08	1.5942E-06	1.0284E-06
-5.4813E-10	-8.9187E-09	1.2465E-06	4.7035E-07
-5.2989E-09	-1.8454E-08	1.3330E-06	4.9055E-07
-3.3643E-08	-1.9597E-09	7.0821E-07	4.7461E-07
-1.8134E-08	2.6384E-09	1.2198E-06	1.0732E-06
-2.1649E-08	3.9890E-08	1.1393E-06	3.8096E-07
-1.1672E-09	2.8066E-09	8.0623E-07	9.8924E-07
1.3563E-08	4.2250E-09	1.3800E-06	8.4925E-07
-3.1139E-09	-1.7269E-09	9.5547E-07	5.8304E-07
-3.5123E-09	4.5501E-08	8.9651E-07	1.1331E-06
1.5136E-08	1.4468E-08	1.4680E-06	1.1056E-06
-2.1208E-08	2.7400E-08	1.2895E-06	6.8731E-07
-2.8725E-08	-1.5330E-09	1.2851E-06	1.0578E-06
2.3541E-08	-2.2273E-08	1.4838E-06	5.3860E-07
-4.0442E-09	2.8484E-09	8.9023E-07	1.1132E-06
-2.5823E-10	-1.2642E-08	2.1449E-06	8.8876E-07
1.3556E-08	7.8464E-09	8.5402E-07	1.2067E-07
-7.7194E-09	1.4073E-08	1.4404E-06	1.3329E-06
3.1115E-08	-4.2543E-09	1.2854E-06	3.3187E-07
1.3503E-08	1.7799E-09	1.5495E-06	1.3446E-06
1.8817E-08	3.3625E-08	1.6761E-06	8.9034E-09
3.8088E-08	5.2672E-08	1.3211E-06	9.9437E-07
5.2964E-08	7.4492E-09	1.5316E-06	-3.8505E-07
5.2873E-08	-1.7264E-08	3.6195E-07	1.1941E-06
-4.2460E-09	-2.4224E-08	1.9453E-06	4.5091E-07
4.6868E-08	-3.6876E-08	5.5221E-07	8.7350E-07
4.6965E-08	-7.4142E-09	2.0386E-06	7.1332E-07
-6.6193E-09	-2.7447E-08	7.4929E-07	6.2403E-07
-3.2623E-09	-2.8656E-08	2.1929E-06	7.1830E-07
-2.8812E-08	-1.5588E-08	6.5758E-07	6.4987E-08
-2.2347E-08	-2.9338E-09	1.9869E-06	1.0745E-06
-3.1930E-08	5.6059E-09	9.8908E-07	-7.7735E-07
-2.5645E-09	3.2714E-09	2.5235E-07	1.1702E-06
3.0925E-09	-1.9377E-09	1.5270E-06	1.0210E-06
-2.8716E-08	-1.8694E-08	1.3807E-06	5.6334E-07
-1.6918E-08	-2.4328E-08	1.1738E-06	7.7595E-07
-1.8129E-08	1.0460E-09	1.8330E-06	6.8086E-07
8.6871E-09	-1.0132E-08	1.2592E-06	-2.6605E-08
-1.1789E-08	-3.1779E-08	1.0414E-06	5.3299E-07
2.7031E-08	-2.9633E-08	1.0996E-06	5.4716E-07
-1.4950E-09	-9.3218E-09	1.4643E-06	6.8264E-07
2.2187E-08	-9.5110E-09	1.2825E-06	8.3866E-08
3.3846E-09	-3.0673E-08	9.3669E-07	5.2536E-07
7.2653E-10	-4.8680E-10	1.3554E-06	4.8983E-07
-3.2709E-08	-1.4698E-08	1.0888E-06	1.2533E-07
-3.1581E-08	-2.4547E-08	8.3271E-07	4.7284E-07
-2.3148E-08	1.5179E-08	9.5241E-07	5.1922E-07
3.1021E-09	1.3027E-08	1.2340E-06	8.7537E-07
-9.3245E-09	-2.5721E-09	1.5611E-06	-3.6076E-07
-1.1323E-09	-2.9112E-09	-3.2063E-07	2.4805E-07
5.9371E-09	2.2644E-08	1.0887E-06	1.3911E-06
-1.5872E-08	-3.0518E-08	8.7561E-07	5.2174E-07
2.1884E-08	2.3673E-08	1.2714E-06	1.0510E-06
-2.5003E-08	2.4766E-08	1.0861E-06	2.7284E-07
-2.6511E-09	2.1022E-08	8.7404E-07	6.8140E-07
5.7263E-09	-7.1259E-09	6.1640E-07	8.1044E-07
-3.4367E-09	2.5055E-08	1.5028E-06	1.3306E-06
1.7825E-08	1.2353E-08	1.2625E-06	2.0762E-07
1.8843E-08	-3.0525E-08	1.1803E-06	1.1075E-06
4.8580E-09	-6.0359E-09	1.7024E-06	-6.7896E-08
-6.2445E-11	-2.6730E-08	1.5387E-07	1.9879E-07
3.7685E-09	1.5515E-08	7.5956E-07	1.5342E-06
-2.1748E-08	-1.5427E-08	1.8783E-06	8.7745E-07
-4.7908E-09	-1.8936E-08	1.1817E-06	2.2228E-07
2.9354E-09	-2.0013E-08	1.3565E-06	5.3103E-07
-7.7998E-09	-4.6844E-09	8.0054E-07	-5.0931E-08
-2.6282E-09	1.9332E-08	6.9892E-07	8.8210E-07
1.3034E-08	-7.7695E-09	1.0086E-06	4.2946E-07
1.9238E-08	2.2998E-08	6.8250E-07	7.7585E-07
3.4418E-08	-1.0577E-09	7.9577E-07	8.9403E-07
-6.3987E-10	8.1241E-09	1.3966E-06	1.2605E-06
1.0908E-08	-1.0970E-08	1.5233E-06	7.2950E-08
3.1448E-08	1.4628E-08	5.9532E-07	3.9434E-07
-2.3400E-08	1.4364E-08	5.1921E-07	6.8805E-07
-1.7947E-08	1.0030E-08	9.7066E-07	1.5405E-06
1.4919E-08	4.3333E-09	1.5477E-06	3.7511E-07
2.7466E-09	-2.4703E-08	5.4003E-07	1.1173E-06
-4.9260E-09	2.1157E-08	1.9790E-06	7.6838E-07
3.9141E-09	4.9647E-09	4.7666E-07	1.9628E-07
2.4659E-08	2.6414E-09	1.3036E-06	1.4976E-06
1.0070E-08	1.0716E-08	1.5781E-06	1.8651E-07
-1.2049E-08	1.1384E-08	8.5446E-07	5.8194E-07
1.9222E-08	-2.6611E-08	1.2295E-06	3.9753E-07
-1.2255E-08	-4.3633E-08	2.9914E-07	3.2378E-07
5.7069E-09	4.1316E-09	5.4731E-07	1.7248E-06
-1.4250E-08	-5.3976E-09	1.9248E-06	1.1410E-06
1.1127E-08	-1.2960E-08	1.1620E-06	4.3289E-07
1.0191E-08	1.4546E-08	1.3889E-06	9.4818E-07
-3.3611E-08	-1.1844E-08	1.2607E-06	2.2458E-07
3.6961E-08	-1.3772E-08	8.3223E-07	1.0131E-06
6.7407E-09	-7.8228E-09	1.8691E-06	6.4895E-07
9.8448E-09	-1.1398E-08	8.8703E-07	-4.5721E-08
-4.0835E-08	-5.2610E-09	8.5568E-07	8.3863E-07
1.9296E-08	-2.1455E-08	9.7150E-07	5.0921E-07
-1.0631E-08	-1.7828E-08	9.8188E-07	1.1727E-06
-1.9267E-08	-2.0658E-08	1.7785E-06	4.6987E-07
-1.3582E-08	2.6868E-09	7.6036E-07	1.5760E-07
3.3332E-08	2.7408E-08	9.6098E-07	8.9390E-07
5.5782E-09	2.6691E-09	1.2699E-06	5.7953E-07
-1.9508E-08	6.2218E-09	1.2301E-06	4.4402E-07
6.7411E-09	3.2709E-09	1.0710E-06	-5.4738E-08
-1.7818E-08	1.5863E-08	-7.4332E-08	2.0777E-07
-1.9231E-08	-3.0361E-09	4.2301E-07	1.6616E-06
9.2239E-10	1.2247E-08	1.4031E-06	9.6517E-07
-1.9358E-08	1.6376E-08	9.5601E-07	9.2407E-07
-3.8347E-08	2.2015E-08	1.3885E-06	7.4741E-07
-1.6847E-08	6.0999E-09	9.7234E-07	6.0631E-07
4.8387E-09	-1.2851E-08	1.0842E-06	4.8552E-07
8.3121E-09	-2.1400E-08	3.7518E-07	7.9835E-07
-1.4829E-08	-1.5699E-08	1.1716E-06	1.2620E-06
-8.6176E-09	2.2801E-09	8.1917E-07	8.5910E-07
-1.9855E-09	6.8014E-09	1.4030E-06	1.6197E-06
1.5237E-08	2.6082E-08	1.9332E-06	5.4433E-07
-1.1272E-08	2.0490E-08	1.0343E-06	2.5340E-07
2.0358E-08	2.1179E-08	7.5980E-07	1.2067E-06
3.6163E-09	4.1912E-09	2.2954E-06	1.1850E-06
-5.2723E-10	-1.6456E-09	1.5944E-06	-5.0495E-07
2.6674E-08	-6.7347E-09	8.6336E-07	4.7609E-07
2.4834E-08	4.4333E-09	1.1864E-06	-6.3019E-08
6.2032E-09	1.4498E-09	3.2159E-07	6.4130E-07
1.0800E-08	-3.5231E-08	1.5324E-06	7.6921E-07
-4.9573E-09	-3.7790E-08	7.3971E-07	-2.2691E-07
3.1870E-08	7.2595E-09	4.1829E-07	9.5342E-07
-1.1449E-08	-2.7571E-08	1.2222E-06	3.7151E-07
-7.6717E-09	-4.3938E-08	4.1425E-08	6.9555E-07
-1.6110E-08	8.2587E-09	1.6855E-06	1.3420E-06
-2.7540E-08	-2.9384E-11	7.8104E-07	-6.4656E-07
-4.3250E-08	3.5736E-08	-5.6730E-08	1.2179E-06
-5.1304E-09	2.2609E-08	9.0385E-07	5.7097E-07
2.2238E-08	2.9417E-08	2.6653E-08	1.3974E-06
1.7623E-08	-5.4596E-09	1.4195E-06	1.3497E-06
2.5432E-08	-1.6700E-08	8.4763E-07	1.0403E-06
2.5550E-08	1.3819E-08	1.6738E-06	1.0172E-06
-2.1085E-08	1.4323E-09	9.1021E-07	2.1402E-07
2.6060E-08	3.6681E-08	7.3750E-07	8.5082E-07
-3.2408E-09	-3.5356E-08	6.6573E-07	7.6660E-07
-4.2262E-08	1.4291E-08	7.0154E-07	1.3237E-06
-1.4409E-09	-3.4158E-08	1.3094E-06	1.2585E-06
8.2947E-09	3.0379E-08	1.3592E-06	8.8964E-07
1.9466E-08	-6.5397E-09	1.5303E-06	6.7500E-07
3.9222E-08	2.6039E-08	9.9119E-07	-1.6731E-07
-1.1034E-09	-8.1079E-10	-1.3327E-07	7.2746E-07
2.4149E-08	2.7739E-08	7.2895E-07	1.5697E-06
-2.0187E-08	-1.3369E-08	1.1475E-06	1.0433E-06
2.5199E-08	3.2370E-08	6.7024E-07	9.7579E-07
-9.8240E-09	-1.2639E-08	1.1532E-06	1.6238E-06
-4.0629E-09	-7.5483E-09	1.3682E-06	5.3362E-07
2.6246E-08	2.8817E-09	3.4982E-07	1.3586E-06
-1.7465E-10	-1.0100E-08	1.5693E-06	1.5985E-06
4.6614E-10	1.3953E-08	1.3983E-06	1.1802E-06
-1.3211E-09	-3.9132E-08	1.7128E-06	9.2362E-07
6.1263E-09	-2.0396E-08	1.2753E-06	1.0310E-06
-1.6055E-08	4.1989E-09	1.9840E-06	5.9578E-07
-9.8871E-09	3.5649E-08	7.3679E-07	5.2311E-07
1.5689E-08	-3.8571E-08	1.9090E-06	1.1544E-06
-1.7343E-08	-3.8863E-08	1.2553E-06	-1.7338E-07
-1.6667E-08	-3.8336E-08	8.3164E-07	6.4497E-07
2.0985E-08	5.2047E-09	7.5397E-07	6.4256E-07
3.0313E-08	-2.6677E-09	1.1087E-06	1.0048E-06
4.4275E-10	-1.7108E-09	7.8354E-07	7.9033E-07
-3.3102E-08	-3.7023E-08	1.4987E-06	1.2921E-06
-1.7304E-08	-2.5995E-08	1.0557E-06	3.1405E-07
-2.7081E-08	-5.8538E-09	1.1508E-06	1.4081E-06
-3.4827E-08	-3.9581E-08	1.5615E-06	3.9492E-07
-3.7958E-08	3.1049E-08	1.1448E-06	9.1510E-07
2.3522E-09	-3.2448E-09	1.4713E-06	1.2787E-07
-9.0297E-09	3.0265E-08	5.4315E-07	5.9969E-07
7.1435E-09	-2.0788E-09	1.0723E-06	6.7793E-07
-1.5859E-08	4.6237E-09	6.7839E-07	7.7840E-07
9.1287E-09	-1.0023E-08	9.6746E-07	8.1664E-07
-1.0824E-08	4.9548E-09	6.2806E-07	1.0332E-06
-2.3428E-08	1.3233E-09	1.2238E-06	1.2369E-06
-9.8090E-09	2.5194E-08	1.1098E-06	7.7678E-07
3.9024E-09	7.8333E-09	7.9288E-07	1.0513E-06
2.1174E-09	9.4188E-09	1.1636E-06	1.5728E-06
-2.4281E-08	-1.7864E-08	1.9314E-06	1.1241E-06
-1.3640E-08	-7.8403E-09	1.5680E-06	3.6720E-07
2.5888E-08	1.3470E-08	9.6676E-07	5.4970E-07
-5.9242E-10	9.2061E-10	1.1045E-06	9.7005E-07
-9.2504E-09	-1.8556E-08	1.2721E-06	8.0860E-07
1.5923E-08	1.1379E-08	1.2663E-06	8.1288E-07
-2.5895E-08	1.4210E-08	1.0300E-06	6.2498E-07
-1.7684E-08	4.0782E-08	1.0588E-06	1.4339E-06
9.5872E-09	-3.5616E-10	2.1408E-06	7.3902E-07
1.0121E-08	-3.3125E-09	8.9471E-07	1.5558E-07
1.6515E-08	-1.3353E-08	1.2703E-06	1.3213E-06
3.2973E-08	9.6694E-09	1.8279E-06	3.3312E-07
5.0413E-10	2.6303E-09	1.0324E-06	3.5883E-07
-4.2005E-09	5.1664E-09	1.2165E-06	4.9732E-07
-3.4559E-08	-5.7282E-09	9.3458E-07	4.3855E-07
9.0924E-09	-3.5339E-08	8.2835E-07	7.1769E-07
2.6802E-08	-8.8527E-09	1.1975E-06	1.1074E-06
1.7965E-08	1.9137E-08	1.4997E-06	2.6512E-07
7.6881E-10	-3.4359E-08	4.8542E-07	8.1331E-07
5.1490E-08	8.5462E-09	1.8159E-06	9.3335E-07
1.8719E-08	1.3060E-08	6.4396E-07	1.9133E-07
1.9391E-09	-2.1720E-08	1.6367E-06	1.4011E-06
1.5110E-08	1.0151E-08	1.3363E-06	-4.9392E-07
1.3128E-08	-2.4635E-09	6.0278E-07	1.0065E-06
1.2862E-11	1.1067E-08	1.4036E-06	-1.1463E-07
-2.8552E-08	2.0372E-08	-4.5962E-08	6.7367E-07
3.4113E-09	1.3705E-09	9.7227E-07	8.6744E-07
1.0834E-08	1.0293E-08	2.9173E-07	1.2616E-06
-4.9682E-09	1.5283E-08	1.7396E-06	1.4126E-06
-1.3671E-08	1.0663E-08	1.1366E-06	6.1651E-07
3.8328E-09	1.5262E-08	1.6559E-06	9.2574E-07
1.7095E-08	-1.1917E-08	1.1868E-06	4.8477E-08
-3.7443E-09	-3.9129E-09	8.4042E-07	5.1322E-07
-1.6661E-08	1.9425E-08	6.0697E-07	6.0035E-07
3.6391E-08	-7.9497E-09	9.2364E-07	1.0931E-06
7.5539E-08	-3.3041E-08	9.4979E-07	8.8349E-07
-1.0006E-09	-3.4611E-09	1.3642E-06	1.2104E-06
2.8014E-09	-3.9513E-08	1.5519E-06	5.6296E-07
-1.7396E-08	1.3005E-08	1.4945E-06	2.9558E-07
1.1300E-08	-6.6170E-09	5.3319E-07	-1.1116E-07
1.0441E-08	-7.7775E-09	7.0240E-07	1.2317E-06
-1.8877E-08	2.3429E-08	1.1519E-06	1.6632E-07
-1.3622E-09	4.4729E-08	3.5268E-07	1.1691E-06
-1.5069E-08	1.0251E-08	1.6583E-06	5.6690E-07
-2.6628E-09	2.2838E-08	3.3187E-07	4.4391E-07
1.3935E-08	2.2166E-08	1.2317E-06	5.9699E-07
-1.2561E-08	2.8107E-09	-5.2644E-07	2.6939E-07
-5.2535E-09	2.2107E-08	5.8492E-07	2.4826E-06
-3.5520E-08	-5.6846E-09	1.2530E-06	9.3814E-07
1.4493E-08	-3.6981E-08	8.2501E-07	2.2144E-06
-2.2885E-09	-1.9912E-08	2.7609E-06	1.2591E-06
-2.0536E-08	-3.3022E-08	1.4230E-06	-2.3070E-09
1.9167E-08	-1.0222E-08	1.0791E-06	8.2134E-07
-9.8166E-09	-1.1791E-08	1.2689E-06	8.0111E-07
4.2457E-08	-1.9400E-08	1.4495E-06	1.0611E-06
3.6010E-09	-1.2300E-08	2.0484E-06	4.6505E-07
-1.7872E-08	2.7360E-08	1.1920E-06	-2.2115E-07
-1.1224E-08	1.4323E-08	8.0226E-07	4.8744E-07
-1.1849E-09	-1.9758E-08	1.0650E-06	5.5620E-07
-1.0532E-09	4.7032E-09	1.2247E-06	5.5343E-07
1.5876E-09	9.9778E-09	1.0063E-06	1.0764E-07
-2.4459E-08	1.4892E-08	6.4502E-07	6.5825E-07
2.3273E-08	-2.0418E-08	1.0980E-06	5.9536E-07
3.4841E-08	1.9088E-08	8.8156E-07	5.9215E-07
2.3197E-08	-2.1574E-08	1.0603E-06	5.3995E-07
6.4789E-09	-1.8983E-08	9.6309E-07	6.6703E-07
-2.1099E-08	5.2609E-09	1.2911E-06	1.7057E-07
-2.7854E-08	-2.0094E-08	1.7608E-07	3.3522E-07
2.3467E-08	3.0976E-08	1.1727E-06	1.2656E-06
1.6834E-08	2.9401E-08	1.3911E-06	3.9647E-08
-1.5052E-08	1.8368E-08	7.7285E-07	-8.4294E-08
-3.0913E-08	-1.3154E-08	-2.4910E-07	-3.5191E-08
-6.3568E-09	3.2183E-08	1.3858E-08	1.7956E-06
-2.1556E-10	-1.2810E-08	1.4629E-06	1.1057E-06
-1.3979E-09	-1.8471E-08	1.2106E-06	7.4128E-07
9.5105E-09	-1.7799E-08	1.2126E-06	-5.4543E-08
-3.8499E-08	-4.1168E-08	3.0564E-07	5.2497E-07
1.5541E-08	3.3325E-10	1.0371E-06	6.4728E-08
-1.1757E-08	-1.3216E-08	-6.0341E-07	4.7532E-07
2.1300E-08	-1.2152E-08	1.0373E-06	1.3610E-06
5.1779E-09	-5.7258E-09	3.0880E-08	1.2966E-07
2.5987E-08	1.4454E-08	5.3339E-07	1.7197E-06
1.3945E-08	-1.1830E-08	6.6666E-07	2.7554E-07
-9.5231E-09	-1.9871E-09	1.8282E-07	1.6869E-06
-2.4909E-08	8.9197E-10	1.3434E-06	5.8371E-07
7.5874E-09	-2.3681E-08	-1.5090E-07	9.0307E-07
-1.6189E-08	1.2068E-08	1.0241E-06	1.4580E-06
-2.3261E-08	-9.0994E-09	5.9030E-07	6.7998E-07
-2.9635E-08	-1.8654E-09	5.6052E-07	1.2469E-06
3.1848E-08	-3.2881E-08	5.8298E-07	1.0091E-06
2.4613E-08	2.0481E-08	5.0493E-07	1.6368E-06
1.5657E-08	3.3927E-09	1.5126E-06	1.4859E-06
-1.5829E-08	6.1801E-09	1.2455E-06	5.4044E-07
1.1378E-08	3.3209E-08	7.1580E-07	6.6616E-07
-4.1475E-08	-4.7562E-09	3.7102E-07	8.6853E-07
2.6950E-08	6.2383E-10	7.3016E-07	1.7241E-06
-1.3874E-08	5.8073E-10	1.6894E-06	9.2266E-07
8.6670E-09	-6.7217E-09	7.8274E-07	2.8525E-07
1.3863E-08	6.5369E-09	4.1037E-07	6.8435E-07
2.2702E-09	2.2326E-08	1.2103E-07	1.2387E-06
-2.3903E-08	1.0053E-08	1.1396E-06	1.7662E-06
-1.4547E-08	1.5994E-08	1.3835E-06	5.3843E-07
3.3587E-08	5.6062E-09	5.4024E-07	4.8688E-07
5.8964E-09	-1.4335E-08	3.9035E-08	5.9544E-07
-1.1249E-08	5.4043E-09	-3.5913E-07	1.8462E-06
-8.3158E-10	-2.7155E-09	9.6472E-07	2.3073E-06
-1.0355E-08	1.2502E-08	1.4088E-06	1.9016E-06
-1.3746E-09	-4.8336E-09	1.9795E-06	1.3223E-06
6.3162E-09	5.3992E-10	1.5364E-06	6.8991E-07
2.6169E-09	7.1747E-09	1.4196E-06	4.0035E-07
-9.8113E-09	2.9364E-08	4.5298E-07	4.3534E-07
2.3602E-08	-1.1400E-08	9.0581E-07	1.1710E-06
3.4383E-08	-2.2906E-08	8.7466E-07	5.9438E-07
-2.0237E-08	1.0618E-08	5.9015E-07	8.0161E-07
-4.2442E-08	-1.6623E-08	3.3159E-07	1.0764E-06
-3.4892E-08	1.9794E-08	9.2104E-07	1.3970E-06
2.3121E-08	-2.2342E-08	7.0827E-07	9.7507E-07
1.7037E-08	3.6754E-08	9.4882E-07	1.2627E-06
-1.0490E-08	1.5275E-09	6.0936E-07	9.4451E-07
-1.6384E-08	8.4934E-09	9.7644E-07	1.3256E-06
3.6346E-09	2.3895E-08	2.8847E-07	9.0005E-07
-2.0845E-08	-1.2139E-08	1.0220E-06	2.2316E-06
4.9538E-08	-2.7142E-08	1.4083E-06	7.3792E-07
1.8406E-09	2.5907E-09	9.0934E-07	1.4654E-06
1.7799E-08	1.7273E-08	1.0140E-06	5.8130E-07
1.0208E-08	2.1727E-08	5.1490E-07	2.0899E-06
-2.3664E-08	-8.6927E-09	2.3640E-06	8.5311E-07
5.3856E-09	5.4916E-09	3.0138E-07	1.8020E-07
-1.3472E-08	-8.7295E-09	4.6390E-07	1.5372E-06
1.3409E-08	-8.2199E-09	1.0805E-06	1.6720E-06
-1.1834E-08	-1.0774E-08	1.4737E-06	1.0199E-06
1.1616E-09	-1.0606E-08	8.5261E-07	1.1029E-06
3.9349E-09	2.9868E-08	1.2634E-06	1.2324E-06
1.3354E-08	-3.9111E-08	1.3671E-06	1.1820E-06
2.9592E-08	8.1384E-09	1.5071E-06	3.1625E-07
-7.7045E-09	-2.0330E-08	2.9022E-07	6.8207E-07
4.5187E-08	-3.4466E-09	9.2425E-07	1.0890E-06
-2.0436E-08	1.8607E-08	4.1615E-07	1.1953E-06
7.6496E-09	-9.5430E-09	1.4585E-06	1.5308E-06
4.4502E-08	4.9017E-09	1.0275E-06	4.7363E-07
-1.0251E-09	-1.2019E-08	5.9880E-07	1.0148E-06
2.9915E-08	-4.0001E-08	4.5698E-07	1.2408E-06
-1.4724E-08	6.1875E-09	1.1743E-06	1.9600E-06
-3.8068E-08	1.0783E-08	1.7953E-06	7.1248E-07
-1.3565E-08	-2.4638E-08	5.7913E-07	6.2410E-07
4.0907E-08	-2.1992E-09	9.1376E-07	1.2022E-06
-7.5408E-09	-1.2153E-08	6.7728E-07	9.0802E-07
8.2826E-09	-1.6294E-08	7.5993E-07	1.4900E-06
1.0068E-08	-3.4252E-08	9.7752E-07	1.2604E-06
-8.1849E-09	-3.4398E-09	1.0966E-06	1.5295E-06
-2.4440E-09	-3.7321E-09	1.3319E-06	1.1398E-06
-6.1710E-09	1.3769E-08	1.2736E-06	1.1463E-06
1.9955E-08	-1.5819E-08	1.1021E-06	8.7212E-07
1.0585E-08	-4.3859E-09	1.3090E-06	1.2314E-06
-2.2578E-08	-5.3980E-08	1.0079E-06	3.6342E-07
4.8766E-08	5.2920E-09	6.2798E-07	1.6677E-06
1.5627E-08	-1.9045E-08	1.7865E-06	7.1548E-07
1.2033E-09	3.3310E-08	4.2046E-07	9.7794E-07
2.0590E-08	-2.4047E-08	1.8411E-06	1.3318E-06
-1.0118E-08	-8.2249E-09	1.1814E-06	-1.7826E-07
-5.1457E-09	-1.2163E-08	-1.8705E-07	6.1231E-07
-7.6524E-09	-1.0150E-08	6.6065E-07	2.0876E-06
-5.0566E-09	8.9515E-09	1.6789E-06	8.0923E-07
-3.8115E-08	-2.3961E-08	6.1374E-07	9.4400E-07
-9.4410E-09	1.6527E-08	1.1296E-06	7.9754E-07
5.6099E-09	2.4051E-08	3.1564E-07	1.3800E-06
1.4174E-08	1.0358E-08	1.9336E-06	1.2962E-06
-4.4995E-09	-4.1295E-08	7.6367E-07	9.3696E-08
1.2451E-08	2.8513E-09	4.1441E-07	1.0347E-06
1.2405E-08	1.7888E-08	6.9819E-07	1.6021E-06
1.1306E-08	1.4306E-08	1.9122E-06	8.5938E-07
2.4789E-08	-6.2058E-09	2.0630E-07	7.7903E-08
1.8550E-08	1.1435E-08	5.8943E-07	1.6361E-06
-1.4808E-08	4.0701E-08	1.1269E-06	7.9246E-07
-1.1423E-08	-5.8169E-09	4.5589E-07	7.3174E-07
1.1408E-08	1.4805E-09	4.5828E-07	1.7349E-06
8.8740E-09	-1.3433E-08	2.0575E-06	8.5550E-07
2.0209E-08	-3.3184E-09	-7.3947E-08	-3.0581E-07
9.6220E-10	1.4270E-09	3.1755E-08	1.5922E-06
-1.4507E-10	1.7748E-09	3.8759E-08	1.1007E-06
-6.8829E-09	-3.5512E-09	5.4867E-07	2.5685E-06
2.9684E-08	6.0220E-09	1.7568E-06	1.1095E-06
-2.3398E-08	3.7437E-09	4.9183E-07	8.4664E-07
-2.3698E-08	-1.0211E-08	3.9514E-07	1.3554E-06
1.8822E-08	8.9433E-10	4.7992E-07	2.0493E-06
2.4279E-08	1.9061E-08	1.7295E-06	2.0191E-06
5.1015E-09	-3.3786E-09	1.6014E-06	6.2714E-07
5.2624E-09	6.1217E-09	5.0099E-07	1.0040E-06
1.5005E-08	1.9999E-08	9.8881E-07	1.4561E-06
-5.6316E-09	3.6008E-08	8.5735E-07	1.4250E-06
1.4849E-08	-4.8060E-09	1.5557E-06	1.6463E-06
7.8742E-10	1.6670E-09	1.6088E-06	6.5452E-07
-3.8273E-09	-2.9808E-08	7.0420E-07	6.2840E-07
-4.4875E-09	5.1039E-09	8.9772E-07	1.6236E-06
1.0655E-08	-4.2609E-10	1.9421E-06	6.7278E-07
4.0824E-09	1.9144E-08	5.1499E-07	2.6338E-07
6.5389E-09	1.4809E-08	9.5160E-07	9.7291E-07
-4.2415E-09	-3.7492E-08	6.5345E-07	6.8356E-07
3.3120E-08	-2.2045E-10	1.4180E-06	5.4825E-07
2.9329E-08	-2.8464E-08	-3.3553E-07	-7.6698E-07
8.8313E-10	-3.9314E-09	-1.1668E-06	1.7282E-06
4.3973E-09	1.7987E-08	5.0139E-07	1.9770E-06
1.2720E-08	2.8690E-08	5.6447E-07	1.1725E-06
1.7678E-08	-2.6390E-09	-2.8688E-07	1.5505E-06
-1.4261E-08	-1.7859E-08	8.4555E-07	2.2919E-06
9.5386E-09	-3.9837E-08	5.4465E-07	1.2200E-06
1.1768E-08	-5.7520E-09	6.2755E-07	2.3843E-06
-9.3554E-09	3.9794E-08	1.5507E-06	1.5190E-06
-2.6795E-08	1.9364E-09	1.2124E-06	8.8126E-07
-1.0460E-08	3.7512E-09	-2.0087E-07	5.6377E-07
-1.9704E-08	-4.9783E-09	-6.5716E-08	2.7611E-06
3.6077E-09	-1.0406E-08	1.3711E-06	1.9912E-06
2.6778E-08	-7.9882E-09	1.3118E-06	2.1824E-06
7.6816E-09	-1.2339E-08	2.0793E-06	7.9097E-07
-3.0238E-09	1.1090E-08	4.4009E-07	6.0647E-07
2.9155E-08	-8.9810E-09	3.3274E-07	1.0646E-06
1.4456E-08	-4.5547E-09	-3.0329E-09	2.0937E-06
-3.2717E-08	3.1878E-08	1.3855E-06	1.7916E-06
-1.5867E-08	-3.3485E-08	1.7832E-07	1.6760E-06
1.9004E-08	2.6104E-08	1.7249E-06	2.6213E-06
-1.0640E-08	1.7456E-08	1.6143E-06	9.2038E-07
-3.2387E-08	-1.1193E-08	1.2869E-06	1.4796E-06
-3.0854E-08	-1.1592E-08	1.3572E-06	6.1182E-07
1.2689E-08	-7.4206E-11	6.0739E-07	9.7047E-07
3.3753E-08	1.2281E-08	6.9501E-07	9.2186E-07
1.9422E-08	1.1436E-08	3.5129E-07	1.1481E-06
1.0626E-08	-1.6820E-08	1.5252E-07	1.1776E-06
4.9971E-09	9.5258E-09	1.6864E-08	2.0472E-06
-2.1504E-08	9.8151E-09	6.8602E-07	2.0389E-06
1.4099E-08	1.2795E-08	9.4577E-07	2.3772E-06
8.5490E-09	4.1840E-08	1.7939E-06	1.2087E-06
-3.5982E-10	-2.4419E-08	1.5203E-08	9.3583E-07
-1.5667E-08	3.2508E-08	4.2069E-07	2.2730E-06
3.2952E-09	-1.2966E-08	9.0965E-07	1.9131E-06
2.5467E-10	3.7221E-08	6.0189E-07	1.6954E-06
-1.3098E-08	-1.7714E-08	3.1477E-07	2.7829E-06
-6.4584E-10	1.9940E-08	2.1985E-06	2.7059E-06
-2.0639E-08	4.4331E-09	1.6912E-06	1.2987E-06
-2.2405E-08	-6.7274E-09	1.5044E-06	1.2733E-06
2.5672E-08	-5.3665E-09	2.3810E-07	1.2166E-06
1.7029E-09	3.9394E-08	1.1609E-06	2.9619E-06
-2.4599E-08	1.5432E-08	2.0735E-06	1.3801E-06
-3.2908E-08	2.2650E-08	1.1041E-06	1.5481E-06
-1.0915E-08	3.3929E-09	1.5690E-06	1.3676E-06
-9.3712E-09	2.0491E-08	6.6380E-07	1.3056E-06
6.7128E-09	-2.7022E-08	1.2360E-06	2.3684E-06
-1.0605E-08	-2.0504E-08	1.9605E-06	1.2248E-06
-1.3830E-08	-2.2308E-09	7.6260E-07	1.2618E-06
-1.3466E-08	4.3126E-10	1.3220E-06	1.7596E-06
-1.3008E-08	2.2550E-08	1.1619E-06	1.5545E-06
-2.3699E-08	2.0763E-08	1.5220E-06	1.3857E-06
-4.6196E-09	-1.7754E-08	6.1426E-07	1.3530E-06
6.0104E-10	2.2913E-08	1.2807E-06	2.1010E-06
3.4909E-08	3.2028E-08	1.2948E-06	1.8024E-06
3.5654E-10	1.1552E-08	2.0277E-06	1.5679E-06
1.3787E-08	2.1298E-08	8.0432E-07	1.0739E-06
-7.4092E-09	-2.7322E-08	1.8312E-06	2.0891E-06
1.1521E-08	8.5762E-09	1.1698E-06	6.2885E-07
3.7933E-09	4.1201E-08	1.1689E-06	2.0817E-06
2.9851E-09	1.7491E-08	1.3297E-06	1.1444E-06
1.0616E-08	1.6090E-08	1.7226E-06	2.1967E-06
-1.5859E-08	8.0675E-09	1.7579E-06	1.1928E-07
-6.7265E-09	2.3026E-08	1.8508E-07	2.0553E-06
-1.3737E-08	3.3823E-09	2.4775E-06	1.6884E-06
-1.6835E-08	-1.9636E-08	1.2354E-06	6.7333E-07
5.8828E-09	1.5400E-08	1.2112E-06	1.3326E-06
1.2153E-09	-1.1736E-08	1.2978E-06	1.3387E-06
1.0506E-08	1.5665E-08	1.4731E-06	1.3527E-06
-1.1556E-08	-7.1662E-09	1.7186E-06	1.0743E-06
1.5319E-08	-1.5343E-08	1.1038E-06	7.3916E-07
1.6155E-08	9.7772E-09	1.4721E-06	1.4589E-06
-3.7820E-08	1.5583E-08	1.5305E-06	4.3096E-07
1.6450E-08	1.3112E-08	1.2192E-06	9.5645E-07
-3.1670E-08	2.2075E-08	1.1504E-06	-1.7783E-07
5.0029E-09	-2.6213E-09	-2.8276E-07	1.0249E-06
1.9578E-09	4.1996E-08	1.1654E-06	1.4721E-06
-2.6009E-08	1.7583E-08	9.9549E-07	5.5586E-07
-5.6453E-09	-1.3130E-08	2.5053E-07	2.9985E-07
1.7915E-08	2.9913E-09	-4.4257E-07	1.1633E-06
9.4609E-09	-2.9897E-08	-1.3602E-07	1.6347E-06
-7.7776E-09	1.7521E-08	-2.9860E-08	2.2966E-06
-1.3905E-08	-2.0588E-08	7.8982E-07	2.3881E-06
-1.9725E-08	-7.2372E-10	1.2372E-06	2.2262E-06
-5.1749E-10	-1.2120E-08	1.4023E-06	1.4085E-06
1.3554E-09	1.6895E-08	7.3447E-07	1.4470E-06
-2.6677E-08	-4.3579E-10	6.3649E-07	1.7683E-06
-5.5386E-09	-3.3432E-08	1.2279E-06	2.4188E-06
-8.3951E-09	2.2238E-08	2.0075E-06	1.1842E-06
-2.6101E-08	-2.2586E-08	6.7682E-07	7.7745E-07
-2.4960E-08	5.1610E-09	4.7257E-07	1.7695E-06
2.4355E-08	1.4958E-08	1.4500E-06	1.8296E-06
-3.5547E-09	6.7240E-09	8.7562E-07	9.1470E-07
4.1774E-09	1.2967E-08	9.3719E-07	1.9402E-06
1.8938E-08	-9.1435E-10	1.1461E-06	8.2536E-07
-1.1395E-08	4.4586E-08	6.3702E-07	1.8326E-06
2.3294E-08	3.2589E-09	1.2299E-06	5.8180E-07
2.0322E-08	-6.3364E-09	-3.6570E-07	1.8901E-06
8.5082E-09	5.1566E-09	1.9053E-06	1.6835E-06
4.7711E-09	7.8401E-09	1.3499E-07	3.8022E-07
2.0032E-08	-1.0792E-08	-1.0616E-07	1.5552E-06
4.0744E-08	2.1127E-08	-5.1244E-07	2.1668E-06
2.1962E-08	1.3754E-10	9.2598E-07	3.0741E-06
-3.3278E-08	-1.6441E-08	1.1576E-06	1.7482E-06
-2.3897E-08	-3.7923E-09	5.1994E-07	2.2451E-06
1.5271E-08	-2.6673E-08	1.4032E-06	2.4792E-06
-8.8927E-09	-2.1539E-10	1.2482E-06	1.4948E-06
-7.6816E-09	-1.3308E-08	7.8004E-07	2.3388E-06
1.0195E-09	1.0121E-09	1.8109E-06	1.8223E-06
-4.3897E-09	-1.8599E-08	1.0174E-06	1.6085E-06
1.1016E-08	4.5861E-08	1.5620E-06	1.4225E-06
-1.1525E-08	-6.7509E-10	3.5535E-07	1.2211E-06
-6.3791E-09	-7.3525E-09	9.4210E-07	2.2422E-06
-2.1199E-08	1.3510E-08	1.0764E-06	1.4992E-06
1.1413E-08	-3.0874E-09	4.7679E-07	1.8707E-06
2.2762E-08	-1.7198E-08	1.1308E-06	2.8345E-06
1.7965E-08	-3.1671E-08	2.4632E-06	1.5199E-06
-9.5132E-09	-1.6595E-08	6.9094E-07	8.5753E-07
8.5362E-09	-1.2561E-08	1.3833E-06	1.9159E-06
-2.2423E-09	-3.4487E-09	1.0189E-06	5.9799E-07
-1.4481E-08	8.4874E-09	3.2620E-07	1.6853E-06
1.6967E-08	-1.4111E-08	1.0437E-06	1.2710E-06
-1.9094E-08	-2.1222E-08	-1.6809E-07	1.1773E-06
-3.4033E-08	-1.6394E-08	-8.9081E-09	2.6820E-06
-7.0707E-09	-1.4903E-08	1.2961E-06	2.5284E-06
-2.5447E-08	-1.0034E-08	1.2432E-06	1.7563E-06
-1.2407E-08	1.1961E-08	8.5767E-07	1.6197E-06
-1.2150E-08	2.8479E-08	6.1486E-07	2.1095E-06
3.0225E-09	2.2776E-08	1.4891E-06	2.2466E-06
2.1107E-08	2.4081E-08	1.4802E-06	1.0226E-06
2.6594E-08	1.5857E-08	-4.5951E-09	1.2200E-06
6.4100E-09	1.6779E-08	7.3626E-07	2.6218E-06
1.8509E-08	-5.0093E-09	1.2660E-06	1.2580E-06
3.0827E-08	1.9275E-08	1.8006E-07	1.9527E-06
3.7904E-09	-2.1685E-09	1.0718E-06	1.8182E-06
2.6146E-09	4.2629E-09	3.9049E-07	2.1374E-06
1.4876E-08	-8.5034E-10	1.6492E-06	1.5970E-06
2.0944E-08	-9.7806E-09	-4.6837E-07	1.2867E-06
1.0409E-08	2.6446E-08	1.1598E-06	3.2024E-06
5.3069E-09	-4.4088E-09	1.3768E-06	9.4222E-07
-2.4165E-08	2.7237E-08	3.4326E-07	1.6824E-06
7.0598E-09	-7.2152E-09	4.4349E-07	1.2962E-06
3.0987E-08	-1.1466E-08	-2.6793E-07	1.9543E-06
2.0901E-08	8.4032E-09	5.9253E-08	2.4759E-06
-1.3207E-09	2.0815E-08	8.0639E-07	2.7910E-06
-2.1466E-08	5.3104E-08	9.2409E-07	1.7476E-06
1.6747E-09	-1.8162E-09	3.5539E-07	2.3400E-06
1.1886E-08	4.1411E-09	1.1442E-06	1.8987E-06
1.6489E-08	1.0506E-08	2.2929E-07	1.5119E-06
5.9685E-09	-2.5061E-08	1.7534E-07	2.0118E-06
1.9412E-09	1.1491E-08	1.4937E-07	1.9950E-06
2.0159E-08	-6.0859E-09	-7.1187E-09	2.0188E-06
1.7324E-08	-1.4854E-08	-8.2280E-08	2.3442E-06
9.2963E-09	1.1550E-08	-2.8600E-08	1.9503E-06
1.1019E-08	-5.2374E-09	-1.1044E-06	2.6314E-06
1.2751E-08	3.0112E-09	6.1124E-08	3.6719E-06
1.4300E-08	8.7511E-09	4.4111E-07	2.8548E-06
-2.2934E-08	2.3575E-08	4.1640E-07	2.5752E-06
6.5501E-10	4.4598E-09	-6.8117E-07	2.3427E-06
-1.7698E-08	2.7449E-08	-2.9804E-07	3.8434E-06
1.2607E-08	-9.3180E-09	1.2978E-07	2.8156E-06
1.1834E-08	3.5783E-09	-5.4398E-07	3.8772E-06
-9.9322E-09	1.8199E-08	6.9588E-07	3.3802E-06
1.4872E-08	-5.3714E-09	-5.1645E-07	3.0837E-06
-8.5264E-09	-2.0567E-09	-3.4078E-07	3.8079E-06
-2.6898E-09	-1.4036E-08	-6.2058E-07	3.9622E-06
2.5365E-09	-2.5051E-08	-4.8023E-07	4.6716E-06
-3.9469E-08	-4.2116E-09	-5.3024E-08	5.1249E-06
9.2111E-09	1.2023E-08	4.5109E-07	5.1203E-06
-7.6544E-09	-1.5117E-08	8.0121E-07	5.2275E-06
-2.4075E-09	-1.6218E-08	7.2248E-07	4.4527E-06
-2.4666E-08	-1.2284E-08	-2.1800E-07	5.8260E-06
2.4382E-08	-5.3011E-09	1.5779E-06	6.0770E-06
4.0530E-08	8.3596E-09	5.4947E-07	5.9442E-06
-1.9800E-08	1.2070E-08	2.2859E-06	7.6614E-06
5.6230E-08	-1.9800E-08	3.4431E-06	6.1949E-06
1.5802E-08	-3.9561E-09	3.7114E-06	6.1267E-06
1.7807E-09	2.0741E-09	4.1741E-06	5.0504E-06
-2.7007E-08	-1.9002E-08	3.6049E-06	4.7155E-06
1.4555E-08	2.5419E-09	3.3528E-06	5.1093E-06
9.4179E-09	2.4469E-09	4.4296E-06	5.6366E-06
-3.1350E-08	-6.4711E-11	5.1430E-06	4.3239E-06
-3.0734E-09	2.4826E-08	4.6200E-06	3.9079E-06
1.5213E-09	-1.0873E-08	4.6795E-06	3.7938E-06
2.5831E-08	2.0210E-09	4.8612E-06	3.6782E-06
-1.0132E-08	1.1064E-08	5.2200E-06	3.2406E-06
2.5182E-08	7.5596E-09	5.5731E-06	2.3496E-06
-2.0983E-08	1.6086E-08	4.5720E-06	8.2129E-07
1.6634E-08	1.2850E-08	2.7587E-06	1.4521E-06
4.6181E-08	-3.4591E-09	2.7893E-06	2.6028E-06
2.5142E-08	1.0070E-08	3.2732E-06	3.1234E-06
3.2005E-08	-1.9028E-08	4.0877E-06	2.8274E-06
-2.3875E-08	-1.0542E-08	3.8302E-06	2.0348E-06
-2.2138E-08	2.0008E-09	3.1555E-06	2.1008E-06
2.0573E-08	1.7544E-08	3.0666E-06	2.8790E-06
9.3408E-09	-1.0173E-08	4.1105E-06	2.7966E-06
1.2362E-08	3.4637E-08	3.6236E-06	1.7779E-06
-2.8843E-09	-1.2164E-09	3.0562E-06	2.4236E-06
-3.1741E-08	-2.8038E-09	3.2052E-06	2.6899E-06
-1.8029E-08	-6.1910E-09	3.8557E-06	3.4621E-06
-1.1227E-08	-2.2851E-09	5.0745E-06	2.1316E-06
-8.5629E-09	5.2374E-09	3.6351E-06	1.6318E-06
-1.3791E-08	1.6364E-08	4.5603E-06	2.4807E-06
3.9608E-08	7.3283E-09	4.8609E-06	7.3300E-07
2.7626E-09	5.5449E-09	3.6206E-06	4.4038E-07
1.1925E-08	4.7666E-09	3.1385E-06	5.8601E-07
1.4461E-08	-1.0745E-08	3.0094E-06	9.8267E-07
-7.3383E-09	-1.9362E-09	3.1807E-06	1.3952E-07
-8.9401E-09	2.1689E-08	1.2728E-06	-8.6566E-08
1.5157E-08	1.0088E-08	6.9332E-07	1.4762E-06
-2.2276E-08	-8.6732E-09	4.3539E-07	2.3102E-06
-6.2707E-10	1.0129E-08	1.1199E-06	4.2675E-06
1.0309E-08	2.9320E-08	3.1577E-06	4.0300E-06
3.3052E-08	-1.6352E-08	3.2656E-06	3.2715E-06
-1.0036E-08	2.7953E-08	3.6410E-06	3.1907E-06
3.1128E-09	-1.1351E-08	3.7539E-06	2.7263E-06
4.5827E-09	1.1250E-08	3.8486E-06	2.6698E-06
3.6508E-09	2.0568E-08	4.0077E-06	2.0888E-06
4.3176E-08	-4.6106E-09	3.2634E-06	2.1589E-06
-2.4573E-08	-5.2570E-09	4.0790E-06	2.6949E-06
-7.0572E-09	1.2547E-08	4.0028E-06	1.5200E-06
-1.5087E-08	3.1932E-08	3.4659E-06	2.2185E-06
3.0343E-09	1.7418E-08	4.1231E-06	1.8964E-06
-1.1739E-08	-5.5918E-10	3.7329E-06	1.9650E-06
6.0275E-09	-2.3482E-08	4.4264E-06	2.0911E-06
-7.1716E-09	-1.4400E-08	5.1042E-06	1.3686E-06
2.2096E-09	2.1369E-08	4.5629E-06	-3.1872E-07
-1.7513E-08	-1.5646E-08	3.0412E-06	2.7652E-07
1.6352E-08	5.1652E-09	3.7390E-06	1.3290E-07
-2.7360E-09	7.4457E-09	2.1066E-06	-4.0868E-07
3.5176E-08	2.8667E-09	1.8859E-06	1.2803E-06
1.3776E-08	-1.9449E-08	2.9269E-06	1.1582E-06
-1.4242E-08	-1.6910E-08	2.4340E-06	3.7539E-07
1.3448E-08	-3.3039E-09	1.7351E-06	1.0043E-06
5.1644E-09	-7.8640E-09	1.9268E-06	1.2694E-06
3.0334E-08	-9.6594E-09	1.9206E-06	1.6447E-06
-4.8658E-09	4.4087E-08	2.0946E-06	1.2069E-06
-2.5973E-08	1.4314E-08	1.2357E-06	1.8614E-06
-2.2286E-08	-3.0084E-08	2.1596E-06	2.1799E-06
-4.4626E-09	1.3245E-08	1.5232E-06	1.8843E-06
-1.6229E-08	5.2495E-08	1.7097E-06	2.6795E-06
1.3655E-08	-2.1551E-08	1.9692E-06	2.6522E-06
-2.2537E-08	1.6240E-08	1.8505E-06	2.4852E-06
-2.1518E-09	-1.8398E-08	1.1093E-06	3.2132E-06
-1.9650E-08	3.0679E-08	1.5791E-06	4.2037E-06
2.0946E-09	1.7065E-09	1.9146E-06	5.4222E-06
-2.0775E-08	2.4695E-08	4.2242E-06	6.0288E-06
-7.1613E-09	8.0944E-09	5.1954E-06	5.0542E-06
-2.0446E-08	-1.2815E-09	6.4151E-06	4.5272E-06
-1.3099E-08	-1.1903E-08	6.8210E-06	3.1527E-06
-5.9614E-08	-1.5164E-08	7.1610E-06	1.9293E-06
8.2343E-09	1.1906E-08	5.8500E-06	8.5895E-07
-3.9425E-09	-6.9498E-09	6.0488E-06	1.5210E-06
4.3041E-09	-1.6388E-08	6.0751E-06	2.3112E-07
7.7081E-09	-6.5031E-09	5.6523E-06	2.9253E-07
4.7492E-10	-2.4908E-08	5.6179E-06	-1.0206E-06
1.9731E-08	-1.0224E-08	3.6166E-06	-1.1372E-06
-7.1571E-08	-3.6663E-08	3.4105E-06	3.3072E-07
-2.0284E-08	3.6990E-09	4.1531E-06	3.6233E-07
-8.4384E-10	3.1199E-09	4.4668E-06	-6.6397E-08
-9.1737E-09	1.2175E-08	3.8630E-06	-1.5432E-06
-8.8746E-09	2.3435E-08	1.5247E-06	-3.6870E-07
9.1732E-09	-3.2634E-09	3.0358E-06	1.1497E-06
1.6640E-09	8.5268E-09	2.7461E-06	4.0781E-07
2.4139E-08	1.8588E-08	3.6726E-06	1.4911E-06
-1.7067E-08	9.9918E-09	4.0624E-06	-6.3415E-07
-2.3319E-08	-5.9780E-09	2.0250E-06	-3.0453E-07
2.8009E-08	1.0751E-11	2.1565E-06	8.9592E-07
4.9493E-10	-2.1441E-09	2.4600E-06	1.1852E-06
3.0769E-08	-1.0759E-08	2.6986E-06	1.7330E-06
-6.7938E-09	8.5714E-09	3.6856E-06	1.6211E-06
9.1468E-09	1.7588E-08	3.4215E-06	1.3145E-06
3.3687E-09	1.1387E-08	4.5076E-06	1.5750E-06
6.7415E-09	2.8049E-09	4.4430E-06	-1.3420E-08
-1.4955E-08	-8.5367E-09	3.8205E-06	1.2065E-07
-6.2783E-09	2.4605E-08	3.7120E-06	-3.4905E-07
1.2975E-09	1.1593E-08	3.0608E-06	-5.1736E-07
2.8767E-08	-2.2284E-08	2.1007E-06	1.9695E-07
4.0101E-09	2.1938E-08	3.4373E-06	9.6151E-07
1.9025E-08	-4.1703E-09	2.2734E-06	-3.4809E-07
3.9932E-08	2.8713E-08	2.6720E-06	2.7684E-06
1.2149E-08	-4.6506E-09	5.6302E-06	6.4887E-07
5.4707E-09	1.2266E-08	4.2458E-06	-3.8749E-07
2.9225E-08	1.6032E-08	4.6870E-06	-1.6610E-06
-5.1628E-09	-3.7841E-08	1.8728E-06	-2.0515E-06
-3.0952E-08	-1.8806E-08	2.1682E-06	-1.3394E-07
5.6304E-09	-1.0228E-08	2.5870E-06	-7.4058E-07
-5.4726E-09	-2.5223E-08	1.9799E-06	-8.8427E-07
1.9617E-08	-8.1786E-09	1.4687E-06	-2.2804E-07
-1.0888E-08	-1.4590E-08	2.1822E-06	-5.6574E-09
5.0407E-09	-6.3006E-09	1.6813E-06	-7.3673E-07
-1.8584E-09	8.8386E-09	9.0795E-07	-3.5406E-08
1.1236E-08	1.6858E-08	1.3128E-06	4.8610E-07
-7.3310E-10	-2.7465E-09	8.9722E-07	3.4519E-07
1.4619E-08	-3.0525E-10	1.2161E-06	1.8192E-06
1.3857E-08	-4.5977E-09	2.6477E-06	5.2809E-07
-1.8063E-08	2.5558E-09	7.4453E-07	3.7522E-07
-5.9146E-09	7.9793E-09	1.6780E-06	1.4029E-06
-9.0519E-09	3.1566E-08	8.9949E-07	6.7732E-07
-1.0305E-08	-2.7053E-08	9.4326E-07	2.4463E-06
-7.3026E-10	-2.8237E-08	2.4136E-06	2.3970E-06
3.1511E-09	-1.5219E-08	2.9641E-06	1.2096E-06
7.2906E-09	-6.7806E-09	1.2343E-06	8.1426E-07
8.7640E-09	4.3967E-09	2.1890E-06	2.9133E-06
-4.8831E-09	2.7688E-08	3.4227E-06	6.4524E-07
-4.7184E-09	7.8127E-09	1.2647E-06	7.9586E-07
1.2858E-08	3.1472E-08	1.9015E-06	1.3416E-06
-5.9229E-09	-5.9973E-09	3.4397E-07	1.1031E-06
-3.1344E-08	-3.8181E-08	2.1484E-07	4.0755E-06
3.0226E-09	1.1285E-08	3.0436E-06	4.6738E-06
2.5965E-08	2.7024E-09	3.6992E-06	3.6903E-06
3.5369E-09	5.4926E-09	5.1715E-06	3.9017E-06
2.8718E-08	1.1413E-08	6.2502E-06	1.1628E-06
6.7086E-09	6.0828E-09	4.2231E-06	3.1023E-07
2.6250E-10	-5.2361E-10	4.5331E-06	7.4436E-07
-1.2503E-09	-2.5511E-08	4.1304E-06	-6.0903E-07
-3.4895E-09	4.2427E-08	2.5759E-06	-4.7474E-07
7.8692E-09	-4.6465E-09	2.2235E-06	5.2391E-07
1.4563E-08	-1.3519E-08	2.4810E-06	8.5954E-07
-2.5396E-08	2.6905E-09	2.3276E-06	9.2790E-07
1.4106E-08	-3.6521E-09	2.1508E-06	1.7285E-06
1.5571E-08	-7.2024E-09	3.3699E-06	2.2069E-06
-3.2388E-08	9.4332E-09	3.6017E-06	1.3016E-06
-5.6462E-09	-1.4637E-08	3.7444E-06	1.7000E-06
4.4340E-09	-8.1664E-09	4.4229E-06	7.6248E-07
-1.5879E-08	-2.0655E-09	3.8502E-06	3.7800E-07
2.3092E-08	-5.1356E-09	3.8049E-06	1.1820E-08
1.7029E-08	1.0487E-08	3.2721E-06	3.9975E-08
-2.6469E-09	1.5205E-10	3.4026E-06	-9.2602E-08
4.0968E-08	-1.0269E-08	3.0154E-06	-3.4367E-07
-1.4814E-08	1.1168E-08	2.4062E-06	-5.2234E-07
1.2038E-08	2.1960E-09	1.9031E-06	4.7781E-07
-4.9077E-09	8.8330E-09	2.6740E-06	4.8892E-07
-1.1644E-08	2.6919E-08	2.3241E-06	4.9363E-07
3.7737E-08	-3.5345E-08	2.6123E-06	3.7225E-07
-2.5233E-08	2.3197E-08	2.0785E-06	7.3888E-07
-1.1727E-08	-2.4713E-08	3.0598E-06	7.3793E-07
-3.8450E-09	-9.9229E-10	2.3611E-06	6.9589E-08
1.4078E-08	-4.3881E-09	2.3157E-06	5.3228E-07
2.0708E-08	-1.7049E-09	2.1908E-06	6.6134E-07
2.6012E-08	-2.8747E-09	2.8199E-06	4.8122E-07
-8.2255E-10	1.3132E-08	1.8041E-06	-5.6977E-08
3.3105E-09	-2.6291E-08	1.9558E-06	8.7669E-07
1.9490E-08	1.8867E-08	1.7558E-06	3.2047E-07
-1.2971E-08	2.1975E-08	1.3909E-06	1.3798E-06
7.0272E-09	-9.9003E-09	2.3754E-06	1.4338E-06
-4.4753E-08	-1.4937E-08	2.2703E-06	8.4198E-07
2.2677E-08	-2.6133E-08	2.0176E-06	1.0194E-06
2.2272E-08	2.2478E-08	1.9820E-06	6.5499E-07
1.6898E-08	7.4933E-09	9.7347E-07	1.3053E-06
1.8656E-08	-7.4807E-09	1.9502E-06	2.0724E-06
-9.6551E-09	-6.0008E-09	1.7081E-06	1.8254E-06
1.7080E-08	-1.0499E-08	2.7757E-06	2.4729E-06
-2.1900E-08	-2.1764E-09	2.7623E-06	7.2969E-07
-1.6150E-09	6.8596E-09	1.2602E-06	1.0851E-06
7.2491E-08	1.5817E-08	5.8104E-07	2.2384E-06
1.2169E-08	-3.5003E-08	1.6968E-06	4.2010E-06
1.6567E-09	-1.0881E-09	3.4295E-06	3.2834E-06
1.1859E-08	7.2345E-09	3.1937E-06	3.1501E-06
2.5537E-08	-2.3319E-08	4.2967E-06	2.5815E-06
-3.0018E-09	-8.1464E-09	3.2357E-06	1.5554E-06
-1.2917E-08	-7.8514E-09	2.9634E-06	2.6448E-06
-5.8432E-09	3.6714E-08	3.5961E-06	2.3221E-06
1.4053E-08	1.0444E-08	2.8876E-06	2.2587E-06
-2.3139E-09	-8.9471E-10	2.7204E-06	3.2587E-06
-1.2061E-08	-6.6383E-09	3.5496E-06	4.1493E-06
-1.4882E-08	-6.0640E-09	4.2243E-06	4.2388E-06
2.7563E-09	-3.5515E-09	5.4130E-06	5.7117E-06
-5.5378E-09	2.5516E-08	9.1331E-06	4.2525E-06
-1.2193E-08	-8.2419E-09	8.4928E-06	1.0483E-06
-1.3265E-08	-1.9867E-08	8.3965E-06	6.3817E-07
2.1021E-08	-1.2751E-08	7.6560E-06	-1.6099E-06
2.0536E-08	1.2101E-08	5.9690E-06	-1.2028E-06
-5.7519E-09	1.1634E-08	6.1273E-06	-1.4297E-06
-2.2470E-09	1.0964E-09	5.0933E-06	-1.6568E-06
-2.4763E-08	7.8152E-09	4.9524E-06	-1.0310E-06
-5.7809E-10	-1.9185E-08	5.2813E-06	-1.2223E-06
-2.8354E-08	-5.5841E-09	5.1488E-06	-1.6025E-06
-1.0743E-08	5.9527E-09	5.0772E-06	-2.0292E-06
6.0771E-09	-6.1545E-09	4.6710E-06	-2.6322E-06
-5.6258E-09	-8.8488E-10	3.5714E-06	-3.5200E-06
4.0137E-09	-1.8889E-08	1.3313E-06	-2.0470E-06
4.3750E-09	-1.5816E-08	3.2636E-06	-1.2863E-07
-1.5945E-08	-2.8756E-09	3.5316E-06	-1.9507E-06
1.8424E-08	5.0774E-09	3.0244E-06	-1.3806E-06
-4.6615E-09	-1.1102E-08	2.6658E-06	-2.4697E-06
1.5324E-08	-4.6769E-09	1.3709E-06	-9.1413E-07
2.6635E-09	-6.9785E-09	2.6454E-06	-9.4259E-07
1.8092E-09	1.2811E-08	1.3511E-06	-6.9951E-07
-3.8661E-09	-2.0074E-08	2.8414E-06	6.6393E-07
6.1059E-09	-7.2570E-09	3.6006E-06	-1.0619E-06
4.9509E-09	-3.0595E-08	2.1967E-06	-1.5200E-06
2.7202E-09	-1.7397E-08	1.6907E-06	-3.7713E-07
-3.6079E-08	-6.8769E-09	2.7895E-06	-5.5430E-09
-5.9326E-09	-1.2594E-08	2.7863E-06	-1.1368E-06
3.0733E-08	5.2599E-09	1.7673E-06	-9.8042E-07
5.0897E-09	1.4998E-08	1.6357E-06	-3.8189E-07
-1.2497E-08	1.3108E-08	1.6117E-06	1.4632E-07
-7.9762E-09	-1.7142E-08	2.2607E-06	6.7323E-07
-6.3443E-09	1.0718E-08	2.9754E-06	1.0511E-07
6.1201E-09	7.2525E-09	2.3837E-06	-4.8666E-07
5.3601E-08	-1.8507E-08	2.1914E-06	1.6802E-07
-3.3785E-09	-8.2425E-09	2.5867E-06	-1.1663E-07
4.1654E-08	-6.0229E-09	2.2163E-06	-8.3367E-08
1.6983E-08	1.2788E-08	2.0719E-06	-1.4822E-07
-7.1817E-09	-1.1165E-08	1.7517E-06	9.3720E-07
5.6430E-09	1.7880E-08	3.3558E-06	6.8067E-07
-1.2289E-08	1.5932E-09	2.2498E-06	4.4273E-08
-3.4445E-10	9.7729E-09	3.2491E-06	1.1882E-06
2.6226E-08	-2.5400E-08	3.7179E-06	-3.4689E-07
7.0848E-09	-4.2316E-09	2.9554E-06	-5.3416E-07
-1.3255E-08	1.2583E-08	2.4371E-06	-3.5575E-07
-1.0909E-08	6.6974E-09	2.9965E-06	8.8870E-08
7.0717E-09	2.5136E-08	2.4813E-06	-8.6411E-07
4.0277E-09	-1.7650E-08	2.1481E-06	6.5364E-07
7.0424E-09	-3.5066E-08	3.5762E-06	-4.8195E-07
-3.7332E-09	-6.8962E-10	1.6357E-06	6.2485E-08
-3.7599E-09	-1.6007E-08	3.7931E-06	6.0124E-09
2.1212E-09	5.9788E-10	2.3030E-06	-9.6023E-07
6.3085E-10	5.0213E-10	1.9000E-06	-1.5574E-07
2.2818E-09	-8.4373E-10	2.5845E-06	8.1490E-07
1.7672E-09	2.1598E-09	3.2888E-06	-5.2895E-07
1.5877E-10	-1.2268E-09	2.0794E-06	-8.6659E-08
3.1490E-09	9.6557E-10	2.9144E-06	1.4223E-07
3.2572E-10	4.5913E-11	2.8633E-06	7.5117E-08
2.3592E-09	8.3532E-10	3.3270E-06	-7.4474E-07
2.3859E-10	-5.2363E-10	1.8188E-06	-5.8442E-07
3.1951E-09	5.8631E-10	3.0880E-06	4.8432E-07
2.3115E-11	8.3302E-10	3.1323E-06	-1.4659E-06
1.9479E-09	-6.3642E-10	1.1163E-06	-6.2033E-07
1.6941E-09	6.7880E-10	2.6634E-06	8.2311E-07
1.2287E-09	3.3415E-10	2.9017E-06	-1.0513E-06
1.4269E-09	3.0926E-10	1.5521E-06	-2.1124E-07
1.0412E-09	-3.2516E-10	2.2870E-06	1.1376E-07
2.7588E-09	6.9384E-10	2.2189E-06	4.1790E-07
-4.7103E-10	6.7254E-10	2.9930E-06	4.8886E-08
2.8760E-09	-1.1501E-09	2.5011E-06	1.3607E-08
7.7341E-10	1.6690E-09	3.3054E-06	-2.8814E-07
1.6763E-09	-7.3000E-10	2.2678E-06	-9.5422E-07
8.6188E-10	8.7007E-10	2.3037E-06	-1.9558E-07
1.9467E-09	-7.7685E-10	2.2600E-06	-6.1909E-07
1.4305E-09	1.3320E-09	1.7756E-06	-1.3113E-07
5.6284E-10	-3.3707E-10	2.4488E-06	3.0787E-07
2.1249E-09	-3.9843E-10	2.3105E-06	-6.1817E-07
1.3862E-09	1.3106E-09	1.5828E-06	7.4808E-07
6.4288E-10	-6.4610E-10	3.6737E-06	4.7999E-07
1.8909E-09	4.4211E-10	2.7065E-06	-8.1103E-07
1.2932E-09	-2.1701E-10	2.8169E-06	-6.5225E-07
1.3059E-09	1.0668E-09	1.4494E-06	-1.0000E-06
8.0803E-10	-9.4509E-10	2.0277E-06	6.9259E-07
2.1068E-09	6.9541E-10	2.6420E-06	-3.1616E-07
9.6633E-10	1.2196E-10	2.3118E-06	-2.0423E-07
8.7966E-10	3.2709E-10	1.9092E-06	-3.8425E-07
1.8096E-09	-7.8414E-10	2.2371E-06	4.9993E-07
1.3630E-09	1.3102E-09	2.3901E-06	-3.2346E-07
6.8582E-10	-5.4042E-10	2.1582E-06	6.0186E-07
1.5669E-09	3.4176E-11	3.0929E-06	-9.8357E-08
1.6228E-09	2.6665E-10	2.3909E-06	-2.3753E-07
6.8170E-10	3.6754E-10	2.6213E-06	-1.7702E-07
1.3812E-09	-3.0477E-10	2.4961E-06	-2.4806E-07
1.3897E-09	-8.2923E-11	2.3287E-06	-2.6134E-07
1.5068E-09	8.9146E-10	2.7472E-06	9.9028E-08
1.8789E-10	-6.6062E-10	2.5062E-06	-8.9492E-07
2.4309E-09	1.7037E-10	2.1688E-06	3.6232E-07
5.3327E-10	2.9657E-10	3.2614E-06	-9.4379E-07
1.3867E-09	2.7027E-10	1.4043E-06	-4.1048E-07
7.6108E-10	-7.3944E-10	3.1820E-06	3.8681E-11
2.2482E-09	7.8046E-10	1.8872E-06	-1.2479E-06
-1.4513E-11	1.3091E-11	1.9397E-06	1.6559E-07
1.7663E-09	-3.7401E-10	2.4235E-06	-2.9707E-07
1.1955E-09	2.2122E-10	2.3162E-06	-4.0790E-07
1.1221E-09	2.8431E-10	1.8698E-06	-2.2668E-07
8.9439E-10	-6.8837E-11	2.5764E-06	3.1027E-07
1.1676E-09	-4.7554E-10	2.8381E-06	-3.5063E-07
2.0420E-09	7.3472E-10	2.9400E-06	-5.6656E-07
-5.8629E-10	-9.7447E-12	2.7268E-06	-1.2492E-06
2.7913E-09	-9.3344E-10	1.9452E-06	-1.6365E-06
1.3032E-10	1.3598E-09	8.3822E-07	-6.3367E-07
1.6590E-09	-1.0635E-09	2.2478E-06	1.5136E-07
4.5992E-10	8.7518E-10	1.8552E-06	-1.0832E-06
1.7737E-09	-1.1813E-09	1.4666E-06	-1.7586E-07
1.0547E-09	1.5121E-09	1.6791E-06	-2.4686E-07
1.6464E-10	-1.0912E-09	2.0998E-06	2.2101E-07
2.3732E-09	-4.6124E-11	2.2203E-06	-7.0657E-07
2.9354E-10	9.5187E-10	1.8344E-06	-9.6103E-08
1.1407E-09	-1.1071E-09	2.4590E-06	-9.2064E-07
1.1249E-09	8.1183E-10	1.0255E-06	-8.4764E-07
1.2580E-09	-1.0006E-09	1.7665E-06	2.1492E-08
9.5394E-10	1.5528E-09	1.4555E-06	-9.7048E-07
3.7723E-10	-1.9051E-09	6.2225E-07	2.0678E-07
2.4346E-09	1.3180E-09	1.7744E-06	5.1519E-07
-3.5541E-10	-5.1173E-10	1.5053E-06	1.8882E-07
1.8245E-09	4.4451E-11	2.0892E-06	4.7072E-07
5.3865E-10	-3.2085E-10	1.6544E-06	-3.7603E-07
1.7482E-09	2.6941E-10	1.2182E-06	8.3390E-07
4.5864E-11	2.7234E-10	2.5028E-06	7.0846E-07
1.4212E-09	-1.2293E-09	1.9738E-06	1.2744E-07
1.6650E-09	1.3259E-09	2.3834E-06	8.9105E-07
-4.6300E-10	-8.5182E-10	3.0112E-06	-1.2333E-07
2.4441E-09	8.4664E-11	2.3588E-06	-7.5775E-08
-2.5919E-10	-1.1091E-10	3.1156E-06	-6.4234E-07
2.3894E-09	1.0863E-10	1.6231E-06	-1.4703E-06
-9.1282E-10	1.1380E-10	1.0323E-06	-4.2642E-07
2.7525E-09	-1.1469E-09	7.7946E-07	5.5704E-07
8.0046E-11	1.6060E-09	2.6567E-06	1.3656E-06
7.0004E-10	-1.4565E-09	2.8321E-06	-6.4596E-07
1.6363E-09	4.3314E-10	1.8846E-06	-1.8999E-07
4.2929E-10	-4.5887E-11	2.1255E-06	-3.5405E-07
1.3305E-09	-1.2269E-10	1.8033E-06	-1.9096E-07
1.1897E-10	-4.6039E-12	1.8111E-06	-2.1372E-07
2.1047E-09	-8.0714E-10	1.7011E-06	5.9541E-08
2.2705E-11	1.4581E-09	1.7666E-06	1.7836E-07
9.3232E-10	-1.8785E-09	2.1309E-06	4.5577E-07
1.4340E-09	1.1276E-09	2.4122E-06	1.2475E-07
5.4602E-10	-7.1996E-10	2.7875E-06	-2.6324E-07
7.8778E-10	5.0965E-10	1.7302E-06	-1.2263E-06
9.1862E-10	-1.0712E-09	1.2236E-06	3.9422E-07
1.3803E-09	7.7279E-10	2.3860E-06	-1.5766E-07
9.6157E-11	-2.7410E-10	1.3733E-06	-1.3554E-07
1.1869E-09	-6.4683E-10	2.2402E-06	3.7037E-07
1.2203E-09	4.4305E-10	1.7734E-06	-5.7763E-07
3.2428E-10	-2.8316E-10	1.1994E-06	9.0383E-07
1.0282E-09	-2.2431E-12	3.3967E-06	9.1271E-07
7.8882E-10	-7.6566E-10	2.8968E-06	-1.1062E-06
1.4180E-09	9.5715E-10	2.0347E-06	-6.4605E-07
-4.3408E-10	-9.2665E-10	1.8438E-06	-8.4763E-07
2.1415E-09	-7.7329E-11	1.6990E-06	-1.8447E-07
1.2502E-10	1.9379E-10	2.1162E-06	-7.4243E-07
9.7277E-10	-1.4846E-10	1.4143E-06	-8.3138E-07
5.8513E-10	-5.4006E-10	1.0063E-06	-6.7764E-07
1.3258E-09	1.5526E-10	7.7493E-07	2.0565E-07
4.5687E-10	2.5448E-11	1.4335E-06	3.5724E-07
4.7457E-10	-3.6898E-10	1.5635E-06	3.0630E-07
1.5218E-09	-4.8508E-10	1.5569E-06	-8.5539E-08
3.7314E-10	7.5741E-10	1.0091E-06	4.0876E-07
5.8127E-10	-9.0696E-10	1.6956E-06	7.7541E-07
1.0592E-09	-5.7095E-11	1.6982E-06	4.0954E-07
1.0346E-09	1.4983E-10	1.7711E-06	8.2828E-07
5.4579E-13	-1.9783E-10	2.4675E-06	1.8466E-07
1.4286E-09	-4.9006E-10	9.6819E-07	-2.0021E-07
4.3733E-10	5.5864E-11	1.4204E-06	1.7903E-06
1.1524E-09	1.1563E-10	2.8170E-06	9.6783E-07
-2.3802E-10	-5.3396E-10	2.6793E-06	5.9838E-07
2.0717E-09	-3.5114E-10	2.4847E-06	-1.8996E-08
-1.8371E-10	6.6491E-10	2.2005E-06	7.4379E-07
8.4350E-10	-9.6341E-10	3.0236E-06	2.5513E-07
9.9886E-10	3.7134E-11	2.7848E-06	5.2733E-08
6.5631E-10	5.2371E-11	2.7466E-06	-6.9069E-07
5.9210E-10	-2.4067E-10	2.0130E-06	-1.1784E-07
4.6837E-10	-3.2504E-10	2.5565E-06	-6.5478E-07
1.5389E-09	-3.4393E-10	1.2453E-06	-7.1620E-08
-2.1275E-10	7.7231E-10	2.6938E-06	5.3375E-07
1.0429E-09	-1.5675E-09	2.3783E-06	-3.4050E-07
8.8765E-10	9.6442E-10	2.6474E-06	-2.0855E-07
5.5069E-10	-8.4539E-10	2.1192E-06	-6.4061E-07
4.3771E-10	5.0352E-10	2.5461E-06	-1.5776E-07
8.8453E-10	-1.2832E-09	2.5979E-06	-1.4127E-06
1.0871E-09	1.0327E-09	8.9944E-07	-1.6826E-06
-2.9321E-10	-7.7537E-10	-2.9822E-08	4.7181E-07
1.4868E-09	-4.4538E-10	2.4479E-06	1.3920E-06
4.3404E-10	4.5743E-10	2.5772E-06	-5.8456E-07
5.4345E-10	-6.9585E-10	1.8660E-06	-2.1839E-07
6.3271E-10	3.4352E-10	1.8522E-06	-4.7945E-07
6.8287E-10	-1.2285E-09	1.6126E-06	8.6604E-08
1.2233E-09	1.3755E-09	2.0626E-06	-1.1399E-07
-8.7941E-10	-1.5625E-09	2.0404E-06	3.0673E-08
2.5823E-09	3.2083E-10	2.4052E-06	-8.6787E-07
-9.5587E-10	7.8065E-11	7.9870E-07	-7.0358E-07
1.6109E-09	-6.2121E-10	1.7419E-06	5.5693E-07
-1.5207E-10	1.1193E-10	1.9468E-06	-7.3304E-07
1.4103E-09	-7.0516E-10	7.8191E-07	-2.8807E-07
2.0272E-10	8.4618E-10	1.0175E-06	7.8516E-07
6.6392E-11	-1.3979E-09	2.2192E-06	8.9506E-07
2.0127E-09	3.9499E-10	2.1056E-06	-2.1622E-07
-9.3471E-10	1.4210E-10	1.5372E-06	2.6183E-07
1.6771E-09	-1.0013E-09	1.7282E-06	4.2113E-07
-1.9996E-10	4.9338E-10	2.1698E-06	8.8078E-07
1.5618E-09	-8.1729E-10	2.6141E-06	1.1285E-08
-5.5052E-10	8.3419E-10	2.1546E-06	3.1338E-07
1.2738E-09	-1.7621E-09	2.7554E-06	-2.9888E-07
7.2484E-10	1.3107E-09	1.6858E-06	-4.0674E-08
-8.6298E-11	-1.0233E-09	3.1294E-06	2.7866E-07
1.0747E-09	-3.8858E-11	2.3860E-06	-1.4193E-06
3.6116E-10	-2.4591E-10	1.5254E-06	-4.2935E-07
9.0512E-10	-5.6866E-11	1.8560E-06	-6.0436E-07
-2.4049E-10	-1.4109E-11	1.3376E-06	-5.0138E-08
1.3962E-09	-1.2238E-09	2.3585E-06	-8.7050E-08
3.5686E-10	1.4498E-09	1.4352E-06	-8.3743E-07
-8.1790E-11	-1.7570E-09	1.4564E-06	3.5263E-07
1.4537E-09	7.9183E-10	1.9528E-06	-5.9460E-10
-1.6912E-10	-9.0355E-10	2.4128E-06	2.5057E-07
1.1629E-09	5.9872E-10	2.4151E-06	-1.3434E-06
-4.5423E-10	-9.8029E-10	9.9470E-07	-6.5106E-07
1.8007E-09	-4.9004E-11	1.1887E-06	-7.3104E-07
-3.7735E-10	4.5700E-10	2.8068E-07	8.9850E-07
5.0540E-10	-1.1634E-09	2.9866E-06	7.1794E-07
1.2124E-09	3.2632E-10	1.2057E-06	-8.3853E-07
-2.1747E-10	-2.3957E-10	1.6577E-06	1.0914E-06
1.0093E-09	-2.0280E-10	2.6464E-06	8.2988E-08
-1.3718E-10	-4.8074E-10	2.5490E-06	-7.0762E-07
1.6035E-09	-2.7140E-11	9.6796E-07	-1.0633E-06
-7.6112E-10	1.6512E-10	1.3457E-06	6.8575E-07
1.2680E-09	-1.0276E-09	1.9342E-06	-2.6677E-07
3.5446E-10	3.9018E-10	1.5469E-06	2.8228E-07
4.9733E-10	-2.1803E-10	1.9569E-06	-1.3765E-07
8.9816E-11	-4.6964E-10	1.5979E-06	2.5780E-07
1.0908E-09	-2.5281E-10	2.2435E-06	1.1028E-07
2.1378E-10	1.3149E-10	2.1075E-06	-1.9278E-07
2.0679E-10	-3.2712E-10	2.0959E-06	-4.0690E-07
7.9717E-10	-6.6531E-10	1.9511E-06	-6.5537E-07
5.4199E-10	4.6097E-10	1.2026E-06	-7.8164E-07
1.4696E-10	-5.6201E-10	1.3957E-06	1.0692E-07
4.4866E-10	-2.1061E-10	1.2956E-06	-7.1591E-07
9.6376E-10	-4.0744E-10	6.8794E-07	8.2446E-07
-8.1253E-11	4.9433E-10	2.4978E-06	2.9584E-07
5.2062E-10	-1.0893E-09	1.2960E-06	-3.3924E-07
6.7628E-10	2.3519E-10	1.7356E-06	2.8643E-07
5.0375E-10	-1.9367E-10	1.5586E-06	-6.3172E-08
-1.4562E-10	-1.7390E-10	1.5584E-06	-2.7532E-08
1.1114E-09	-7.1336E-10	1.0229E-06	5.5430E-07
1.7497E-10	4.6576E-10	2.5083E-06	8.7536E-07
3.5469E-10	-5.4354E-10	2.0248E-06	-3.6887E-07
3.2657E-10	-3.0639E-10	2.0644E-06	2.0626E-07
8.7433E-10	-1.8814E-10	1.8147E-06	-5.3619E-07
6.9364E-11	1.2898E-10	1.6525E-06	1.0650E-07
1.8742E-10	-5.7734E-10	1.4036E-06	-4.0533E-07
1.0596E-09	-4.6378E-10	1.3328E-06	1.0812E-06
8.1341E-12	7.4044E-10	3.0130E-06	6.3104E-08
2.1281E-10	-1.3485E-09	1.5767E-06	-6.9789E-07
8.9231E-10	6.0883E-10	1.7881E-06	4.6567E-08
7.4374E-11	-8.6067E-10	1.4355E-06	-3.5685E-07
6.4247E-10	6.4927E-10	1.6186E-06	5.8999E-07
-2.3546E-10	-1.2626E-09	2.2628E-06	-3.8629E-07
1.5499E-09	4.2499E-10	1.0013E-06	-1.6838E-07
-7.5337E-10	-2.3643E-11	1.7541E-06	5.8353E-07
8.7393E-10	-9.6631E-10	1.7681E-06	1.8292E-07
5.9700E-10	4.4062E-10	1.9986E-06	3.4341E-07
-3.2170E-11	-5.3991E-10	1.9256E-06	2.6249E-07
7.0685E-10	1.1866E-10	2.6302E-06	8.2325E-08
-1.6545E-10	-8.6295E-10	1.6368E-06	-7.6336E-07
1.5387E-09	4.4513E-10	1.6967E-06	5.3341E-07
-1.2532E-09	-3.0310E-10	2.2535E-06	-2.8825E-07
1.7978E-09	-8.3630E-10	1.6831E-06	5.6710E-08
-4.6466E-10	6.1548E-10	2.2957E-06	1.4067E-07
8.4642E-10	-7.7731E-10	2.5425E-06	-6.1087E-07
-2.1127E-10	1.9235E-10	1.2466E-06	-1.0838E-06
9.4205E-10	-9.1828E-10	1.2443E-06	3.9266E-07
3.0094E-10	8.1902E-10	1.7712E-06	4.6486E-08
-4.0851E-10	-1.0141E-09	2.3615E-06	6.4112E-07
1.5265E-09	-1.9253E-10	2.7826E-06	-1.4348E-06
-6.1609E-10	4.4212E-10	4.7724E-07	-7.8455E-07
9.4656E-10	-1.0388E-09	1.3792E-06	3.3899E-07
-2.4819E-10	5.7252E-10	1.5166E-06	3.7049E-07
1.0890E-09	-1.2919E-09	2.2309E-06	1.7382E-07
-1.6132E-10	1.4272E-09	1.7819E-06	-3.0749E-08
3.8081E-11	-2.0640E-09	2.4826E-06	3.0202E-08
1.3824E-09	1.1103E-09	1.8586E-06	-7.7078E-07
-8.4188E-10	-6.7106E-10	1.9703E-06	1.6112E-07
1.1047E-09	-2.8939E-10	2.6082E-06	-1.2429E-06
-1.5758E-10	-5.1887E-11	4.5171E-07	-9.9192E-07
8.5414E-10	-5.1025E-10	1.8196E-06	5.6909E-07
-1.8629E-10	6.0544E-10	1.6245E-06	-1.1301E-06
2.6797E-10	-1.5753E-09	9.3643E-07	4.1779E-07
1.2232E-09	1.1224E-09	2.1271E-06	-8.7791E-08
-1.0823E-09	-9.2951E-10	1.8343E-06	3.9272E-09
1.5376E-09	-7.7151E-11	2.3215E-06	-9.0586E-07
-5.5476E-10	-2.6312E-10	1.1339E-06	-6.9269E-07
1.1509E-09	-5.6857E-13	1.7355E-06	-6.1355E-07
-7.8069E-10	-2.5352E-10	9.0970E-07	-7.3355E-07
1.3004E-09	-7.1553E-10	1.1801E-06	-2.4218E-07
-6.9111E-11	6.6192E-10	9.1594E-07	-2.7193E-07
-4.6276E-11	-8.4806E-10	1.1157E-06	2.7920E-07
8.5692E-10	-1.1292E-10	1.7313E-06	1.3778E-07
-8.2276E-11	-6.8429E-11	1.3426E-06	-5.0221E-07
6.4136E-10	-1.7373E-10	1.1486E-06	3.9835E-07
-4.7109E-10	-3.1568E-10	1.9504E-06	5.8421E-09
1.4389E-09	-5.3658E-10	1.9647E-06	-1.9157E-07
-7.1336E-10	7.6170E-10	1.7021E-06	-1.4095E-06
6.5770E-10	-1.3877E-09	1.9789E-07	-4.7365E-07
3.5294E-10	6.0942E-10	8.8893E-07	5.0953E-08
2.5644E-10	-6.0016E-10	1.0481E-06	6.0199E-07
8.5896E-11	1.6092E-10	1.7567E-06	-6.2166E-07
3.0887E-10	-7.3788E-10	6.3755E-08	3.0883E-07
6.6593E-10	1.3333E-10	2.0207E-06	3.8147E-07
-2.6882E-10	8.6291E-11	3.0318E-07	-1.8939E-07
3.6663E-10	-1.0133E-09	1.5262E-06	1.1061E-06
7.4164E-10	5.2731E-10	1.3216E-06	4.2970E-07
-3.3921E-10	-4.9112E-10	2.6088E-06	4.3928E-07
5.1999E-10	-1.1080E-10	8.9594E-07	-1.2258E-06
2.4218E-10	-5.5123E-10	7.5100E-07	1.0600E-06
4.5309E-10	3.9669E-10	1.6805E-06	1.9307E-07
-2.2154E-10	-6.1776E-10	1.2700E-06	5.4899E-07
5.7967E-10	-2.0081E-10	1.5801E-06	5.9249E-07
4.3969E-10	-1.3892E-10	2.2526E-06	6.2031E-07
-2.4990E-10	1.6577E-10	1.9796E-06	-5.3209E-07
4.8872E-10	-9.8267E-10	1.3354E-06	2.0150E-08
4.5570E-10	4.7460E-10	1.5656E-06	5.8445E-08
-4.5630E-11	-4.0890E-10	1.7999E-06	1.2851E-07
1.8004E-10	-2.3423E-10	1.6804E-06	-7.0096E-07
5.3804E-10	-3.5527E-10	4.7056E-07	-4.1270E-07
1.4265E-10	1.4511E-10	6.2800E-07	9.7886E-07
-7.9490E-12	-2.7366E-10	1.8952E-06	7.4699E-07
3.8792E-10	-6.7482E-10	1.3078E-06	2.3017E-07
5.9278E-10	5.2303E-10	1.6132E-06	7.7305E-07
-5.3292E-10	-6.3989E-10	1.6589E-06	6.5646E-07
8.8217E-10	-1.1121E-10	2.5053E-06	7.1063E-07
-1.1630E-10	-3.3844E-10	2.1253E-06	-3.6513E-07
5.8839E-10	2.8518E-10	1.9706E-06	-1.3841E-08
-5.5100E-10	-7.3014E-10	1.4826E-06	-5.5640E-07
1.2398E-09	-1.1479E-10	1.3663E-06	5.2621E-07
-5.0006E-10	2.4768E-10	2.0774E-06	2.6586E-08
3.4979E-10	-7.0789E-10	1.8306E-06	-9.4993E-08
3.8134E-10	1.8777E-11	1.6699E-06	-5.6302E-07
1.1286E-10	-2.6174E-10	8.4801E-07	-3.9807E-08
3.4535E-10	1.0682E-10	1.5130E-06	8.5322E-07
-4.1021E-10	-6.8128E-10	2.4617E-06	8.0045E-08
1.4402E-09	-4.2026E-11	1.4612E-06	-5.2120E-07
-1.1710E-09	3.9621E-10	1.7670E-06	3.4286E-07
1.1353E-09	-1.2985E-09	2.0327E-06	-6.6847E-07
-2.0298E-10	8.9096E-10	1.0041E-06	-6.9772E-07
4.3628E-10	-1.0293E-09	4.8351E-07	3.5129E-07
-4.8917E-11	6.6083E-10	2.1429E-06	1.1432E-06
1.5269E-10	-1.2296E-09	2.2377E-06	-9.6950E-07
8.7394E-10	7.0203E-10	7.4728E-07	-2.2988E-07
-9.3022E-10	-3.6713E-10	1.2921E-06	5.8343E-08
1.1349E-09	-8.4052E-10	9.6803E-07	4.3300E-07
-1.7754E-10	8.3849E-10	1.8079E-06	6.6079E-07
1.7584E-10	-1.1172E-09	2.0362E-06	8.3017E-08
2.0419E-10	6.8629E-10	1.7572E-06	-5.5777E-07
1.2856E-10	-1.3192E-09	7.3542E-07	-2.3551E-07
6.8865E-10	1.1894E-09	1.2138E-06	7.9214E-07
-9.3857E-10	-1.2960E-09	1.9178E-06	1.8916E-07
1.5129E-09	2.2511E-10	1.1530E-06	3.6082E-08
-8.0166E-10	-2.1122E-11	1.6091E-06	9.3663E-07
7.0158E-10	-4.4137E-10	2.5654E-06	9.2152E-08
-2.2980E-10	-8.2095E-12	1.5263E-06	-9.5159E-07
6.4496E-10	-5.7509E-10	5.2995E-07	4.0853E-07
-3.0539E-11	6.9677E-10	2.1705E-06	7.5423E-07
-3.4401E-10	-1.2755E-09	1.4387E-06	-4.8328E-07
1.3702E-09	5.3708E-10	1.1338E-06	7.1082E-07
-1.1879E-09	-2.5937E-10	1.6887E-06	7.6372E-07
1.2686E-09	-4.4746E-10	2.6467E-06	1.0173E-06
-7.8049E-10	7.8218E-11	2.9225E-06	-7.3762E-07
1.2362E-09	-5.1184E-10	1.6513E-06	-7.0350E-07
-9.1726E-10	5.8862E-10	1.4637E-06	-4.2867E-07
7.3770E-10	-1.3939E-09	1.6228E-06	1.5284E-07
3.9343E-10	9.6833E-10	1.8660E-06	-4.9864E-07
-5.8302E-10	-7.1235E-10	1.4015E-06	4.2961E-08
8.5038E-10	-2.4932E-10	2.0984E-06	-3.0271E-07
-3.0430E-10	9.8477E-11	1.5957E-06	-4.7833E-07
6.5112E-10	-4.4905E-10	1.6883E-06	-6.7461E-07
-5.5612E-10	3.5638E-10	1.1221E-06	-6.2094E-07
7.7148E-10	-1.2295E-09	9.5125E-07	-4.3160E-07
8.1439E-11	1.1777E-09	1.0454E-06	3.9307E-07
-3.4925E-10	-1.2483E-09	1.9577E-06	-3.6700E-07
7.3410E-10	3.4631E-10	8.6040E-07	-5.1114E-07
-1.2954E-10	-4.1215E-10	1.2358E-06	-2.2126E-07
2.3763E-10	1.7733E-10	5.2322E-07	-1.0322E-07
-1.3687E-10	-5.7389E-10	1.3527E-06	5.4011E-07
6.3296E-10	-1.1526E-10	1.1743E-06	-2.1190E-07
-1.3664E-10	2.7851E-10	9.6276E-07	3.8751E-07
-1.1648E-10	-7.6030E-10	1.5085E-06	4.2955E-07
7.2391E-10	1.2030E-10	1.5145E-06	-4.3096E-07
-3.1304E-10	-1.7503E-10	-6.8309E-08	2.9448E-07
3.3743E-10	-4.1097E-11	1.8128E-06	2.0105E-06
-1.6138E-10	-6.0421E-10	2.6371E-06	-1.4666E-07
8.0318E-10	2.6909E-10	1.5356E-06	7.6725E-08
-6.7830E-10	-2.0049E-10	2.0326E-06	-4.9265E-08
5.9921E-10	-4.6867E-10	1.7022E-06	-2.3793E-07
1.3467E-10	9.0726E-12	1.6933E-06	-4.0482E-07
1.9484E-11	6.3086E-11	1.4469E-06	-3.9921E-07
-9.6850E-12	-5.5106E-10	1.2043E-06	-6.4702E-07
3.8793E-10	5.1099E-13	7.7465E-07	-1.2064E-07
1.2552E-10	-1.2773E-10	8.2424E-07	-8.9935E-08
-2.0329E-10	-8.0746E-12	8.9537E-07	1.0865E-06
3.8842E-10	-6.9053E-10	2.7228E-06	-1.6964E-07
2.5612E-10	4.0905E-10	2.2951E-07	-1.0473E-06
-2.3002E-10	-3.1216E-10	1.0155E-06	1.0489E-06
1.9578E-10	-4.4380E-10	1.2070E-06	-2.7029E-07
5.0775E-10	1.3323E-10	8.7283E-07	1.0172E-06
-4.3462E-10	-1.6313E-10	2.0395E-06	2.9822E-07
4.9926E-10	-2.6497E-10	1.3043E-06	-8.8181E-08
-2.0303E-10	-2.7097E-10	1.0137E-06	2.3727E-07
7.2926E-10	1.1402E-10	1.4469E-06	9.7536E-07
-8.4421E-10	-1.5288E-10	2.2885E-06	2.3971E-07
9.6912E-10	-6.8415E-10	1.8115E-06	-3.9394E-07
-2.0503E-10	5.9879E-10	1.0755E-06	-3.5014E-07
-5.5001E-11	-6.4063E-10	1.4307E-06	5.9079E-07
3.3887E-10	-6.0083E-11	1.9270E-06	-5.2659E-07
-7.1024E-14	-1.6529E-10	8.0182E-07	-1.3889E-07
3.4849E-10	-2.2043E-11	1.4408E-06	1.2126E-07
-5.3952E-10	-1.5476E-10	1.2468E-06	1.1066E-07
9.5913E-10	-6.8291E-10	1.7745E-06	-3.7508E-07
-4.5617E-10	8.9899E-10	3.8028E-07	-7.1117E-07
1.3592E-10	-1.2668E-09	4.2517E-07	6.9183E-07
3.1891E-10	6.5831E-10	1.0818E-06	7.0559E-07
-1.4797E-11	-7.6844E-10	1.3419E-06	6.5109E-07
1.7670E-10	5.8991E-10	1.3362E-06	4.2715E-07
-3.0907E-10	-9.7797E-10	1.2714E-06	7.6719E-07
9.4028E-10	3.2190E-10	2.1393E-06	9.1889E-07
-7.8602E-10	6.4085E-11	2.5001E-06	-4.6675E-07
5.4124E-10	-8.5300E-10	9.8636E-07	-8.0570E-07
1.2463E-10	5.9548E-10	9.2928E-07	2.7656E-07
-9.1062E-11	-7.7518E-10	1.3608E-06	-3.1013E-08
2.8956E-10	6.0631E-10	7.1409E-07	-1.1701E-08
-4.0037E-10	-1.1746E-09	9.2717E-07	7.5033E-07
1.1830E-09	8.3672E-10	1.3134E-06	5.3344E-07
-1.4290E-09	-5.6243E-10	1.3549E-06	8.3615E-07
1.4699E-09	-4.2906E-10	1.9967E-06	3.5486E-07
-7.8076E-10	4.7372E-10	1.2841E-06	4.5346E-08
5.6356E-10	-7.1103E-10	1.5163E-06	5.7468E-07
-2.6793E-10	4.0252E-10	1.7462E-06	1.2540E-07
2.4165E-10	-9.0899E-10	1.3099E-06	-1.1680E-08
4.8597E-10	7.7647E-10	1.1827E-06	5.0713E-07
-9.9065E-10	-7.3687E-10	1.7662E-06	4.4949E-07
1.4251E-09	-2.5582E-10	1.4234E-06	1.7289E-07
-9.9401E-10	5.4698E-10	1.8041E-06	6.3724E-07
7.6262E-10	-9.4643E-10	2.1309E-06	-3.1456E-07
-4.8300E-10	5.8026E-10	1.1208E-06	-3.2976E-07
6.7801E-10	-9.7975E-10	1.4096E-06	1.2366E-07
-2.9286E-10	1.0057E-09	1.0585E-06	-1.8306E-07
-1.3050E-10	-1.3283E-09	1.1136E-06	5.1113E-07
7.9105E-10	5.9916E-10	1.3346E-06	1.3538E-07
-6.7527E-10	-2.3430E-10	1.1815E-06	5.8993E-07
5.2582E-10	-3.8353E-10	1.5726E-06	2.1558E-07
-2.0724E-10	1.2274E-10	1.1331E-06	5.6336E-07
4.7013E-10	-4.7858E-10	1.8365E-06	4.4379E-07
-3.7491E-10	6.1164E-10	1.2026E-06	3.1128E-07
1.5158E-10	-1.3138E-09	1.9050E-06	9.7765E-07
6.0529E-10	1.0494E-09	2.4006E-06	-8.0138E-08
-8.2278E-10	-8.7693E-10	1.3700E-06	-3.9760E-07
8.6031E-10	1.7875E-10	1.4566E-06	5.0201E-07
-4.9065E-10	-3.4530E-10	1.9457E-06	-1.5909E-08
6.3633E-10	1.1431E-10	1.6719E-06	1.3175E-07
-6.4968E-10	-1.4847E-10	1.9996E-06	-3.8627E-07
6.3959E-10	-5.9507E-10	1.3865E-06	-2.4776E-07
5.3460E-11	6.1785E-10	1.6561E-06	-7.1314E-07
-5.0739E-10	-6.6134E-10	2.6522E-07	-4.8964E-08
7.9884E-10	-6.3745E-11	2.0880E-06	9.2407E-07
-4.7848E-10	3.7094E-11	2.1186E-06	-1.0716E-06
4.9226E-10	-1.9491E-10	7.3361E-07	-1.0327E-06
-5.4118E-10	-1.2449E-10	2.6171E-07	-8.4888E-08
8.1833E-10	-3.8097E-10	9.4054E-07	3.7525E-07
-4.7805E-10	4.6162E-10	1.2325E-06	3.1942E-07
1.2000E-10	-6.9741E-10	1.6176E-06	-7.4319E-07
2.5806E-10	3.3184E-11	-4.3021E-07	-4.8779E-07
2.9746E-11	8.9331E-11	8.0376E-07	8.7852E-07
-1.9911E-10	-3.2651E-10	1.3210E-07	1.3539E-08
2.9272E-10	-1.4580E-10	7.7692E-07	1.4425E-06
1.0171E-10	-1.0188E-10	7.0060E-07	2.6899E-07
-1.1727E-10	1.5828E-10	6.4900E-07	1.7593E-06
-4.2966E-12	-6.3187E-10	1.4411E-06	1.0563E-06
3.9147E-10	2.2422E-10	1.7990E-06	1.5936E-06
-2.0910E-10	-1.1275E-10	1.8187E-06	-4.6687E-09
-6.5343E-11	-2.2882E-10	1.0412E-06	1.7544E-06
4.1215E-10	-2.7517E-10	3.1020E-06	3.5370E-07
-1.8045E-10	2.7958E-10	7.9795E-07	1.5129E-07
5.8741E-11	-4.1686E-10	2.4102E-06	1.3143E-06
-4.0836E-11	-1.0827E-10	2.1732E-06	-3.3648E-07
4.8683E-10	-9.7875E-11	1.4899E-06	1.0006E-07
-5.6785E-10	1.8537E-10	1.4285E-06	2.7014E-07
4.2608E-10	-7.2512E-10	1.6423E-06	5.5943E-07
5.2610E-11	4.1216E-10	1.9197E-06	3.5552E-07
-7.3550E-11	-3.1943E-10	1.7151E-06	-2.3985E-08
6.4537E-12	-7.3344E-11	1.3556E-06	5.9898E-07
1.2800E-10	-2.8430E-10	2.5547E-06	5.2602E-07
2.5110E-10	1.1143E-10	1.9755E-06	-7.3470E-07
-4.9696E-10	-7.5314E-12	1.2949E-06	-5.8855E-08
5.3252E-10	-7.8058E-10	1.6674E-06	-8.1683E-08
-3.9675E-12	8.5800E-10	1.3331E-06	2.1109E-08
-3.1746E-10	-9.5846E-10	2.0355E-06	1.4338E-07
4.7313E-10	4.8208E-10	1.6507E-06	-1.1674E-06
-3.2105E-10	-6.7999E-10	5.1448E-08	-4.3959E-07
5.5228E-10	5.4372E-10	6.3902E-07	1.0610E-06
-8.1907E-10	-5.8166E-10	2.0112E-06	8.3753E-07
1.0219E-09	-2.0311E-10	1.7898E-06	-5.2175E-07
-5.7834E-10	5.3171E-10	6.9746E-07	1.3243E-07
5.4883E-11	-8.8342E-10	1.6156E-06	5.2000E-07
3.9752E-10	4.4208E-10	1.3420E-06	-8.9988E-08
-3.8901E-10	-5.0034E-10	1.2839E-06	3.4353E-07
5.5554E-10	3.5700E-10	1.6206E-06	1.4415E-08
-8.4148E-10	-5.9782E-10	9.4015E-07	-3.3904E-07
1.2983E-09	2.9437E-11	7.4771E-07	7.8481E-07
-1.2215E-09	3.5068E-10	1.9213E-06	2.2620E-07
8.5245E-10	-9.4449E-10	5.1388E-07	-2.0028E-07
-3.1840E-10	6.8046E-10	9.5075E-07	1.1818E-06
2.1238E-10	-6.9294E-10	1.4297E-06	9.1422E-07
-1.0849E-10	4.8701E-10	2.3427E-06	1.1131E-06
-9.9876E-11	-8.4018E-10	2.3411E-06	-6.5088E-07
6.9475E-10	5.1049E-10	9.4983E-07	-2.6271E-07
-1.0153E-09	-1.7560E-10	1.0110E-06	2.3577E-07
9.9081E-10	-6.7064E-10	1.3047E-06	9.3883E-07
-5.4576E-10	7.7470E-10	2.2104E-06	6.5431E-08
3.4194E-10	-9.6939E-10	8.3817E-07	-2.1866E-07
-2.4650E-10	7.8915E-10	1.3002E-06	1.0935E-06
1.8126E-10	-1.2250E-09	2.2935E-06	2.8353E-07
3.3120E-10	1.1708E-09	1.2747E-06	-3.7373E-07
-8.3760E-10	-1.0802E-09	1.1876E-06	1.0416E-06
1.1039E-09	2.2150E-10	2.8932E-06	2.8160E-07
-7.9040E-10	1.4105E-10	1.5085E-06	-1.1289E-06
4.6035E-10	-5.3311E-10	8.8462E-07	2.7195E-07
-2.3891E-10	3.5803E-10	2.0017E-06	1.7095E-07
2.3092E-10	-7.4662E-10	1.5243E-06	-8.5851E-07
1.1335E-10	8.6272E-10	5.2099E-07	-1.3698E-07
-6.3709E-10	-1.1115E-09	1.5849E-06	2.9299E-07
1.1497E-09	5.1593E-10	7.4313E-07	-1.0188E-06
-1.1098E-09	-1.5529E-10	-3.1598E-07	1.0589E-06
8.3736E-10	-3.1671E-10	1.9781E-06	1.3469E-06
-5.6372E-10	8.7410E-11	1.5950E-06	7.5597E-08
6.2063E-10	-2.7829E-10	1.6888E-06	3.3668E-07
-5.4060E-10	3.3642E-10	1.1573E-06	-2.2804E-07
2.1527E-10	-7.8800E-10	1.2998E-06	7.8795E-07
3.7161E-10	5.0237E-10	1.8280E-06	-2.0966E-07
-6.2521E-10	-2.5242E-10	9.1614E-07	1.2427E-07
5.6369E-10	-3.1292E-10	1.4030E-06	2.6942E-07
-3.3324E-10	1.7285E-10	1.2364E-06	3.4835E-07
4.2418E-10	-2.6939E-10	1.5697E-06	1.3430E-07
-5.8433E-10	2.1710E-10	1.2761E-06	2.5649E-07
5.8821E-10	-7.5593E-10	1.7029E-06	-1.8236E-07
-1.6730E-10	7.6890E-10	6.3462E-07	-1.5563E-07
-2.0080E-10	-7.3466E-10	1.1081E-06	5.9948E-07
2.9663E-10	1.4125E-10	1.2646E-06	5.5508E-07
-4.9499E-11	-1.1777E-10	1.9731E-06	3.1589E-07
-2.5672E-11	4.8697E-12	1.4450E-06	-4.1987E-07
-9.4034E-11	-1.9502E-10	1.1349E-06	-4.0641E-07
2.6280E-10	-2.5817E-10	3.5651E-07	7.7359E-08
-4.2107E-11	4.2851E-10	1.4333E-06	5.1874E-07
-3.3341E-10	-6.3828E-10	7.0650E-07	-3.6579E-07
5.6777E-10	1.4640E-10	7.6049E-07	4.7287E-07
-3.5506E-10	-3.1355E-11	2.8913E-07	2.7508E-07
8.5110E-11	-1.0452E-10	1.2271E-06	1.3911E-06
-8.1826E-14	-2.8482E-10	9.8606E-07	-3.0820E-07
1.7286E-10	1.4687E-10	2.0673E-07	1.6039E-06
-1.4887E-10	-1.1463E-10	1.8743E-06	8.9118E-07
-1.1477E-10	-1.6721E-10	8.5070E-07	8.5371E-07
4.3043E-10	-2.3467E-10	1.6161E-06	1.2303E-06
-3.4776E-10	4.4398E-10	1.8088E-06	1.0137E-06
2.0372E-11	-7.2630E-10	2.1491E-06	4.1542E-07
2.4645E-10	3.1483E-10	1.5537E-06	6.7762E-08
-1.4439E-10	-2.0351E-10	9.4702E-07	3.0881E-07
-1.3454E-11	1.8498E-11	1.5721E-06	1.4750E-06
-1.5092E-11	-2.9060E-10	2.4191E-06	-1.6411E-07
2.6771E-10	1.0595E-11	6.7147E-07	3.6443E-07
-2.9836E-10	2.2400E-10	2.0243E-06	8.6901E-07
-1.7086E-12	-7.1886E-10	1.5435E-06	2.2976E-07
4.4377E-10	5.1792E-10	1.9238E-06	2.1313E-07
-5.8068E-10	-3.9706E-10	9.8978E-07	-3.9746E-08
4.7672E-10	9.0651E-11	1.4092E-06	6.1029E-07
-4.0486E-10	-3.4721E-10	8.8238E-07	4.6854E-07
6.1970E-10	2.3558E-10	1.8435E-06	1.4744E-06
-8.1807E-10	-1.1562E-10	2.2033E-06	8.4086E-08
7.0297E-10	-4.9136E-10	1.5971E-06	3.8933E-07
-2.2987E-10	5.5663E-10	1.7602E-06	2.6228E-08
-1.7372E-10	-5.6426E-10	1.1711E-06	4.2965E-07
3.1303E-10	1.7392E-10	1.8892E-06	7.0198E-07
-3.1635E-10	-2.9429E-10	1.8480E-06	5.2812E-08
5.4262E-10	2.0764E-10	1.4763E-06	2.8539E-07
-9.1474E-10	-1.7916E-10	1.8063E-06	3.5651E-07
1.1005E-09	-4.8216E-10	1.8485E-06	9.3387E-08
-8.2352E-10	8.3100E-10	1.6747E-06	-3.6577E-07
3.3993E-10	-1.1109E-09	7.4249E-07	-1.7896E-08
-3.4089E-12	7.7760E-10	1.3927E-06	8.3448E-07
-7.9041E-11	-7.6831E-10	1.6339E-06	2.2105E-07
2.2060E-10	6.2662E-10	1.4190E-06	5.1176E-07
-5.7205E-10	-6.8808E-10	1.8629E-06	4.6074E-07
9.3174E-10	1.0295E-10	1.8706E-06	-7.8982E-09
-9.0348E-10	4.0453E-10	1.3969E-06	-7.5929E-08
4.8681E-10	-9.9282E-10	1.3276E-06	1.5580E-07
-2.4286E-11	8.8973E-10	1.1834E-06	5.9990E-07
-1.7354E-10	-9.0612E-10	2.4249E-06	6.6847E-07
2.4742E-10	7.7707E-10	1.8082E-06	-1.0751E-06
-4.8441E-10	-1.0143E-09	3.6847E-07	1.5899E-07
9.0418E-10	7.2678E-10	1.5404E-06	9.3388E-07
-1.1469E-09	-3.6187E-10	1.9542E-06	2.8194E-07
9.6542E-10	-3.3550E-10	1.7545E-06	-4.4694E-08
-5.2632E-10	4.4712E-10	1.5723E-06	-1.4541E-07
2.1311E-10	-5.4396E-10	1.2156E-06	-3.8277E-08
-1.1512E-10	4.0193E-10	1.5618E-06	3.8530E-07
-3.9049E-11	-7.2121E-10	1.8460E-06	-1.9863E-07
4.6393E-10	7.1346E-10	1.4793E-06	-5.8095E-07
-9.6871E-10	-6.1431E-10	5.5986E-07	-6.6809E-07
1.1654E-09	-4.2483E-11	3.2168E-07	5.7714E-07
-9.6755E-10	3.3500E-10	1.0075E-06	7.1068E-07
6.7055E-10	-5.7257E-10	1.1994E-06	1.0739E-06
-5.6134E-10	4.1470E-10	2.1651E-06	7.6538E-07
5.2412E-10	-6.7446E-10	2.1178E-06	-2.2414E-07
-2.6661E-10	7.7834E-10	1.0711E-06	-6.1914E-07
-2.5551E-10	-9.0573E-10	6.9777E-07	6.5831E-07
6.8229E-10	3.7437E-10	1.8809E-06	6.3327E-07
-7.2531E-10	3.8968E-11	1.9047E-06	-4.2718E-08
4.7619E-10	-4.7012E-10	1.6004E-06	-7.4140E-07
-3.0971E-10	3.7447E-10	4.7827E-07	-4.7449E-07
3.2658E-10	-5.5032E-10	6.3518E-07	2.4387E-07
-3.0463E-10	6.6367E-10	7.2453E-07	2.9640E-07
-8.9598E-12	-1.0005E-09	4.5055E-07	3.0049E-07
4.3360E-10	7.5196E-10	2.3853E-07	1.5898E-06
-6.2259E-10	-4.4805E-10	2.3250E-06	1.6171E-06
4.2949E-10	-3.6775E-11	1.6687E-06	-1.8649E-07
-1.6790E-10	-2.8167E-11	1.0299E-06	1.1176E-06
1.0571E-10	-1.2821E-11	2.4448E-06	4.5390E-07
-2.0455E-10	-1.3489E-11	8.3308E-07	-3.5651E-07
1.1698E-10	-3.7937E-10	1.0787E-06	1.4877E-06
2.1166E-10	3.9937E-10	2.1835E-06	5.7846E-07
-5.3358E-10	-3.2605E-10	1.7786E-06	6.3508E-07
5.1580E-10	-1.0831E-10	2.2069E-06	-1.6112E-07
-2.8457E-10	8.6067E-11	9.7860E-07	1.1209E-07
1.4245E-10	-3.7363E-11	1.7636E-06	4.8082E-07
-2.7024E-10	-2.0109E-10	1.2044E-06	3.8860E-07
3.8052E-10	-4.5053E-11	2.2378E-06	7.9619E-07
-2.4608E-10	1.4001E-10	1.9931E-06	-5.0912E-07
-8.9920E-11	-2.1659E-10	1.1292E-06	-2.6643E-07
2.3109E-10	-2.0254E-10	8.7332E-07	3.9361E-07
-8.0731E-11	3.4374E-10	1.5158E-06	7.1779E-07
-1.6673E-10	-4.1076E-10	1.4968E-06	5.9067E-07
1.6013E-10	1.0085E-10	1.9879E-06	7.0383E-07
1.5787E-12	-1.7170E-10	2.1765E-06	5.6207E-07
-6.4458E-11	2.2182E-10	3.0777E-06	-4.1889E-07
-1.5009E-10	-3.9761E-10	1.0473E-06	-1.5562E-06
3.2980E-10	4.8052E-11	8.5966E-07	4.8857E-07
-2.2765E-10	2.1575E-10	1.8783E-06	-1.4203E-07
-1.6124E-10	-4.6672E-10	1.3753E-06	-4.7133E-07
4.3208E-10	1.9295E-10	9.2580E-07	-1.8452E-07
-4.5840E-10	-9.4697E-11	1.7069E-06	6.1840E-08
3.6736E-10	-1.1725E-11	8.2567E-07	-1.2304E-06
-4.8667E-10	-1.7348E-10	-6.7845E-08	5.5675E-07
6.9279E-10	-6.2262E-11	1.3247E-06	5.0893E-07
-7.2494E-10	3.3176E-10	6.7855E-07	1.5466E-07
3.6466E-10	-7.2774E-10	8.0690E-07	1.0359E-06
7.6462E-11	5.6469E-10	1.9859E-06	9.8092E-07
-3.2643E-10	-3.6317E-10	1.9316E-06	-4.0511E-07
2.9840E-10	4.6097E-11	7.1758E-07	-3.7251E-07
-3.4062E-10	-1.1729E-10	3.5985E-07	7.1595E-07
5.3144E-10	-6.2991E-11	1.8417E-06	1.3022E-06
-7.3040E-10	3.0667E-10	1.7699E-06	-4.3512E-07
5.7047E-10	-8.5601E-10	5.2476E-07	-2.3686E-07
-1.6038E-10	9.6286E-10	1.1711E-06	1.2679E-06
-2.3362E-10	-9.0773E-10	1.6547E-06	7.0830E-07
3.1677E-10	5.5870E-10	2.2115E-06	4.8752E-07
-3.2165E-10	-5.6440E-10	1.6635E-06	-8.4454E-07
4.4168E-10	4.5797E-10	2.2069E-07	8.7642E-08
-7.2990E-10	-3.3149E-10	1.3029E-06	1.0337E-06
7.9175E-10	-2.5655E-10	1.3634E-06	1.9097E-07
-5.1830E-10	6.3292E-10	1.0707E-06	9.2507E-07
2.6874E-11	-8.7216E-10	2.0644E-06	8.0236E-07
2.6654E-10	6.5975E-10	2.0379E-06	3.3579E-08
-3.9180E-10	-6.6223E-10	1.5938E-06	-3.8594E-07
5.1414E-10	6.1924E-10	8.0076E-07	-1.1324E-07
-8.6776E-10	-6.6700E-10	1.1596E-06	8.0075E-07
1.1597E-09	2.1353E-10	1.9253E-06	1.7967E-08
-1.1502E-09	2.5276E-10	5.7844E-07	-2.9092E-07
7.3271E-10	-7.2201E-10	8.0674E-07	1.2456E-06
-3.0832E-10	6.6760E-10	1.9731E-06	9.2754E-07
3.8389E-11	-6.4278E-10	2.0792E-06	2.1189E-07
9.2131E-11	5.4813E-10	1.4923E-06	-7.2619E-08
-4.1803E-10	-6.7489E-10	1.8868E-06	3.8144E-07
8.3322E-10	3.9799E-10	1.7797E-06	-1.0463E-06
-1.1132E-09	1.8207E-11	-4.4740E-08	-2.9079E-07
9.4702E-10	-6.3367E-10	7.7344E-07	1.0969E-06
-5.8840E-10	7.8342E-10	1.5182E-06	7.8179E-07
2.8258E-10	-8.1957E-10	1.6161E-06	4.2153E-07
-2.1134E-10	6.8805E-10	1.4558E-06	3.8369E-07
5.5115E-11	-8.5771E-10	1.7693E-06	3.4897E-07
2.6536E-10	7.9548E-10	1.4840E-06	-3.0608E-07
-6.7393E-10	-5.8719E-10	7.0014E-07	3.1127E-07
7.5395E-10	-1.2189E-11	1.5625E-06	8.5550E-07
-5.4342E-10	3.3521E-10	1.6191E-06	2.3917E-07
2.2538E-10	-5.2067E-10	1.7963E-06	4.1645E-07
-1.4251E-10	4.2438E-10	1.6590E-06	-4.3792E-07
1.0281E-10	-6.2229E-10	9.0422E-07	1.5147E-07
6.2752E-11	7.5801E-10	1.5030E-06	2.3515E-07
-4.8214E-10	-8.5608E-10	1.0474E-06	1.4464E-08
7.6662E-10	4.6705E-10	1.1105E-06	6.4808E-07
-7.6537E-10	-1.2718E-10	1.8382E-06	5.2361E-07
4.8462E-10	-1.5870E-10	1.6103E-06	-2.8253E-07
-3.2985E-10	6.8599E-11	9.8274E-07	1.5557E-07
2.9514E-10	-1.6603E-10	1.4870E-06	3.6658E-07
-2.6097E-10	2.8952E-10	1.4309E-06	6.2711E-08
-6.9708E-11	-5.4537E-10	1.4084E-06	1.9655E-08
4.5414E-10	3.6433E-10	1.1427E-06	-8.4998E-08
-6.6704E-10	-7.6833E-11	1.1077E-06	1.4712E-07
5.0534E-10	-2.9225E-10	9.8244E-07	1.2804E-07
-3.1666E-10	2.4362E-10	1.2469E-06	5.4703E-07
2.5275E-10	-2.1338E-10	1.3888E-06	-3.1938E-07
-3.5385E-10	1.7471E-10	1.8759E-07	3.2189E-07
2.5419E-10	-4.1144E-10	1.2901E-06	1.1502E-06
4.7474E-12	3.7141E-10	1.5719E-06	4.9196E-07
-2.7127E-10	-1.8429E-10	1.5892E-06	5.9568E-08
1.9033E-10	-2.3356E-10	5.3512E-07	2.2678E-07
4.4092E-11	2.9219E-10	1.4641E-06	1.3023E-06
-2.2667E-10	-2.3524E-10	1.8911E-06	4.4777E-07
1.2282E-10	5.1363E-11	2.1907E-06	1.1226E-07
-4.0401E-11	-2.0070E-10	9.4059E-07	-8.3672E-07
9.8581E-11	2.6922E-10	8.8659E-07	1.0202E-06
-3.2316E-10	-2.6453E-10	1.9679E-06	-1.5745E-07
3.1689E-10	-8.0587E-11	9.1169E-07	3.6516E-08
-8.4574E-11	2.1342E-10	1.5108E-06	-1.8244E-07
-2.4757E-10	-1.9336E-10	2.9071E-07	-5.2932E-07
3.0175E-10	-1.0140E-10	-1.4727E-07	8.9619E-07
-2.2553E-10	1.2619E-10	1.1828E-06	1.6276E-06
1.7811E-10	-9.6956E-11	1.5663E-06	4.9518E-07
-3.7637E-10	1.8467E-12	8.4910E-07	9.2668E-07
4.9619E-10	-2.7221E-10	1.6535E-06	1.3568E-06
-3.9696E-10	4.9779E-10	2.2148E-06	7.1543E-07
2.8789E-11	-6.2787E-10	1.7342E-06	1.7585E-07
1.9704E-10	3.5524E-10	1.8594E-06	3.9970E-07
-2.3578E-10	-1.7412E-10	1.3939E-06	-3.0577E-07
1.4800E-10	4.4908E-11	9.9733E-07	6.5993E-07
-2.7186E-10	-1.0261E-10	1.5085E-06	5.4673E-07
4.3857E-10	-1.4821E-10	1.7020E-06	7.2633E-07
-4.7361E-10	4.8359E-10	1.5240E-06	1.2601E-07
1.3703E-10	-8.5805E-10	1.8436E-06	1.2797E-06
2.4523E-10	7.9434E-10	2.9414E-06	-7.3478E-07
-4.9056E-10	-6.2289E-10	5.2887E-07	-5.9435E-07
4.7156E-10	3.8696E-10	1.4512E-06	4.8424E-07
-5.3132E-10	-3.9756E-10	1.2925E-06	3.0722E-08
6.7110E-10	2.1918E-10	1.4594E-06	7.3941E-08
-8.0710E-10	8.6139E-11	8.8618E-07	9.7178E-08
5.7490E-10	-5.9215E-10	1.3734E-06	6.4619E-07
-1.3031E-10	7.5302E-10	1.4410E-06	1.8986E-07
-3.2870E-10	-6.9320E-10	1.3694E-06	4.0390E-07
4.8835E-10	4.1354E-10	1.5338E-06	9.1194E-08
-5.8460E-10	-3.6330E-10	8.8199E-07	3.1542E-07
7.2577E-10	2.5869E-10	1.7885E-06	9.4433E-07
-9.9364E-10	-8.2776E-11	1.6874E-06	-1.8161E-07
1.0067E-09	-4.1384E-10	1.5336E-06	6.2645E-07
-7.3186E-10	7.4878E-10	1.8799E-06	-4.4160E-07
2.4684E-10	-8.7834E-10	1.1336E-06	3.5587E-07
3.5724E-11	6.5403E-10	1.9974E-06	-5.7630E-07
-1.8242E-10	-5.5317E-10	2.7753E-07	-2.2658E-07
2.9582E-10	4.6719E-10	1.2560E-06	4.3836E-07
-6.1857E-10	-4.1084E-10	7.3756E-07	3.1280E-07
8.5972E-10	-9.6371E-12	1.4084E-06	6.9513E-07
-8.6044E-10	4.7427E-10	1.3369E-06	5.5488E-07
5.0055E-10	-8.6959E-10	1.9001E-06	1.1614E-07
-1.6765E-10	8.5827E-10	8.6328E-07	1.2057E-07
-4.3844E-11	-8.1843E-10	1.8336E-06	4.0067E-07
1.1886E-10	7.6801E-10	6.2957E-07	-1.7092E-07
-3.8458E-10	-8.4461E-10	1.6113E-06	1.4541E-06
7.0744E-10	6.1056E-10	2.3032E-06	-4.9443E-07
-9.2418E-10	-1.9327E-10	6.8644E-07	-1.3701E-07
7.3224E-10	-3.4860E-10	1.4438E-06	6.3493E-07
-3.8806E-10	5.4291E-10	1.5936E-06	-1.1929E-07
6.9216E-11	-5.8884E-10	9.2170E-07	4.0268E-08
3.5253E-11	5.3686E-10	1.1193E-06	7.3797E-07
-2.2837E-10	-6.7947E-10	2.2015E-06	5.7055E-07
5.3247E-10	6.5520E-10	1.7307E-06	-9.7888E-07
-9.0020E-10	-4.4497E-10	4.8380E-07	-1.4518E-07
9.3859E-10	-4.5637E-11	7.3678E-07	8.3084E-08
-7.2053E-10	3.3013E-10	6.7602E-07	1.3060E-06
3.8634E-10	-4.2613E-10	2.5028E-06	2.4017E-07
-2.7014E-10	3.1282E-10	4.0142E-07	-2.7731E-07
1.8388E-10	-3.9136E-10	1.4936E-06	1.2728E-06
-1.8838E-11	4.5892E-10	1.8583E-06	3.3998E-07
-3.5628E-10	-4.5065E-10	2.3061E-06	-4.9645E-10
5.8087E-10	9.4450E-11	1.1858E-06	-9.7841E-07
-5.6659E-10	2.3271E-10	8.0657E-07	2.4755E-08
3.1045E-10	-4.3137E-10	8.3479E-07	1.2138E-07
-1.9866E-10	3.3346E-10	1.2140E-06	3.3546E-07
1.9972E-10	-3.4203E-10	8.2969E-07	3.7515E-07
-2.3049E-10	4.2143E-10	2.0503E-06	5.4538E-07
5.9126E-12	-5.7310E-10	8.5244E-07	-9.1394E-07
2.4556E-10	4.0784E-10	6.8341E-07	9.3084E-07
-3.6417E-10	-1.2154E-10	1.3886E-06	1.1784E-07
1.6509E-10	-1.7307E-10	1.4643E-06	7.4983E-07
2.1584E-11	1.5039E-10	1.8111E-06	-1.0285E-06
-9.1113E-11	-1.0430E-10	-4.5726E-07	-8.2494E-08
-4.3475E-12	1.0650E-10	9.1289E-07	1.2699E-06
-7.6291E-11	-3.0419E-10	1.4191E-06	7.3188E-07
2.7330E-10	3.0944E-10	1.7006E-06	7.7260E-08
-4.7353E-10	-1.4534E-10	3.8920E-07	-8.8318E-08
3.5335E-10	-1.6468E-10	8.7391E-07	1.5046E-06
-1.0574E-10	2.0227E-10	2.0806E-06	7.3240E-07
-1.0867E-10	-9.0604E-11	1.7528E-06	1.8227E-07
6.8671E-11	-9.0165E-11	1.4599E-06	-2.4501E-07
-5.4591E-11	3.6301E-11	7.7930E-07	4.3507E-07
1.4012E-10	-1.6630E-11	1.8703E-06	5.3594E-07
-3.5360E-10	1.0323E-10	1.2812E-06	-2.0952E-07
3.3309E-10	-4.2161E-10	1.3389E-06	2.0783E-07
-1.0966E-10	5.6914E-10	9.5923E-07	4.6627E-08
-2.1000E-10	-5.0685E-10	1.6636E-06	5.5692E-07
2.7320E-10	2.2082E-10	1.2047E-06	-7.4096E-07
-2.1595E-10	-1.0044E-10	5.7910E-07	5.5288E-07
1.5294E-10	5.2629E-11	1.4566E-06	5.8009E-08
-2.8000E-10	-1.5687E-11	8.7245E-07	1.0326E-07
3.0539E-10	-2.7824E-10	8.1595E-07	-2.0652E-07
-1.3712E-10	5.4416E-10	8.5476E-08	9.7025E-07
-2.6050E-10	-6.5149E-10	1.8405E-06	9.9302E-07
5.0388E-10	4.2861E-10	1.0787E-06	3.7921E-08
-5.6288E-10	-2.3116E-10	1.3110E-06	5.9213E-07
4.7837E-10	1.1635E-10	1.1794E-06	-5.9486E-09
-5.5577E-10	-1.2412E-10	7.5781E-07	1.0771E-07
6.4007E-10	-8.3104E-11	2.2758E-07	8.0519E-07
-6.0103E-10	3.8597E-10	1.5034E-06	1.3751E-06
2.3412E-10	-6.6326E-10	1.1281E-06	3.6491E-07
1.5798E-10	5.9252E-10	1.3518E-06	1.4686E-06
-4.2734E-10	-3.8906E-10	1.9815E-06	5.3389E-07
4.5852E-10	1.7407E-10	1.8658E-06	7.9463E-07
-5.5888E-10	-1.3336E-10	2.1136E-06	-2.7752E-07
7.1461E-10	-3.1609E-11	1.2347E-06	1.1001E-07
-8.5660E-10	3.4150E-10	1.4794E-06	-2.4224E-07
6.6117E-10	-7.7405E-10	8.7157E-07	4.9907E-07
-2.7579E-10	9.3232E-10	1.7986E-06	-1.8492E-07
-1.3408E-10	-8.4653E-10	1.8711E-07	2.6355E-07
2.8946E-10	5.9352E-10	1.9310E-06	8.3128E-07
-3.9854E-10	-4.7969E-10	6.4715E-07	-2.5289E-07
5.3695E-10	3.3433E-10	1.5521E-06	1.3395E-06
-7.6964E-10	-7.4887E-11	1.6319E-06	-5.2934E-07
7.5570E-10	-4.2165E-10	8.0834E-07	6.7607E-07
-4.7993E-10	7.9829E-10	1.5209E-06	-1.0583E-07
1.5979E-11	-9.3566E-10	4.0291E-07	6.7347E-07
2.6371E-10	7.8025E-10	1.8170E-06	7.3670E-07
-4.1520E-10	-6.7220E-10	7.7524E-07	2.3976E-07
5.1421E-10	5.9419E-10	1.7396E-06	1.2967E-06
-7.6736E-10	-4.9426E-10	1.8306E-06	-2.7323E-07
9.1742E-10	1.2025E-10	8.0919E-07	5.7172E-07
-8.4222E-10	3.0971E-10	1.8325E-06	8.6976E-07
4.5153E-10	-6.2203E-10	2.2132E-06	7.1394E-08
-9.8045E-11	6.0478E-10	1.1786E-06	-9.2717E-07
-1.3575E-10	-5.2441E-10	1.2934E-07	8.7066E-07
2.3452E-10	4.7425E-10	2.3060E-06	1.0554E-06
-4.8457E-10	-5.0649E-10	1.5706E-06	-5.4154E-07
7.6808E-10	3.1828E-10	9.5479E-07	4.1057E-07
-9.5157E-10	4.4013E-11	1.6826E-06	3.8791E-07
7.8129E-10	-4.5998E-10	1.2937E-06	-1.3895E-07
-4.8849E-10	5.9876E-10	1.1267E-06	6.4263E-07
2.2359E-10	-5.7484E-10	1.9938E-06	1.5465E-07
-1.4391E-10	5.0470E-10	1.1940E-06	-1.6883E-07
-1.8817E-11	-5.7055E-10	1.3943E-06	1.3525E-07
2.8094E-10	5.2405E-10	1.1777E-06	2.8354E-07
-5.9811E-10	-2.8389E-10	2.1621E-06	6.1009E-09
6.2997E-10	-1.5937E-10	7.7348E-07	-1.1017E-06
-4.4361E-10	4.4891E-10	4.9196E-07	6.1491E-07
1.6203E-10	-5.3553E-10	1.3103E-06	1.5041E-07
-7.1878E-11	4.6687E-10	9.1587E-07	5.2796E-07
1.0201E-11	-5.2014E-10	2.0092E-06	4.5342E-07
1.1179E-10	5.8070E-10	1.6645E-06	-1.0591E-06
-3.9776E-10	-5.3196E-10	-1.6545E-07	-5.0540E-07
5.3378E-10	2.1473E-10	7.1009E-07	1.0336E-06
-4.4955E-10	9.6924E-11	1.5809E-06	2.2490E-07
1.5662E-10	-2.4986E-10	8.8250E-07	-1.6478E-07
2.5157E-12	1.6491E-10	6.0032E-07	1.0259E-07
-4.7370E-11	-1.3262E-10	6.7646E-07	9.0841E-07
4.6395E-11	1.8845E-10	1.7001E-06	2.8195E-07
-2.3789E-10	-2.7955E-10	4.2123E-07	6.7809E-08
4.2606E-10	1.4407E-10	1.4216E-06	1.0756E-06
-4.8017E-10	9.7147E-11	1.2946E-06	-1.1462E-07
2.6063E-10	-2.8330E-10	1.4202E-06	6.6419E-07
-6.4452E-11	2.0260E-10	1.4365E-06	-1.0059E-06
-9.6055E-12	-6.3319E-11	-4.5869E-07	2.6559E-07
-7.4499E-11	-2.0346E-12	1.0570E-06	1.2004E-06
2.2563E-11	-8.1635E-11	1.2319E-06	5.2375E-07
1.2024E-10	4.5231E-11	1.1234E-06	4.2039E-07
-2.5914E-10	1.4187E-10	1.2030E-06	7.2253E-07
1.3049E-10	-3.9858E-10	1.5088E-06	1.3875E-07
9.2118E-11	4.2766E-10	1.0866E-06	4.0514E-07
-2.6303E-10	-2.8965E-10	1.4698E-06	-2.4026E-07
2.0116E-10	1.1852E-10	2.3500E-07	1.5933E-07
-1.4987E-10	-1.2052E-10	1.0427E-06	6.9652E-07
1.7828E-10	1.1842E-10	8.7972E-07	6.6411E-07
-3.0424E-10	2.9595E-12	1.4131E-06	3.2043E-07
2.2259E-10	-2.8984E-10	4.4591E-07	8.5060E-07
3.7801E-11	4.4589E-10	2.5429E-06	1.0117E-06
-3.7259E-10	-3.8393E-10	1.3096E-06	-1.1525E-06
4.8020E-10	1.4886E-10	2.4007E-07	1.1901E-07
-4.7067E-10	-2.1623E-11	4.4633E-07	8.2640E-07
4.4266E-10	-2.6148E-11	1.6315E-06	8.3914E-07
-5.4973E-10	9.6892E-11	7.9673E-07	9.2877E-09
5.4142E-10	-3.5620E-10	1.3891E-06	9.6373E-07
-3.3805E-10	5.9735E-10	1.1962E-06	-2.8672E-07
-7.1399E-11	-6.4894E-10	9.2748E-07	6.3929E-07
3.4957E-10	4.1757E-10	1.1969E-06	-2.9285E-07
-4.5546E-10	-1.6434E-10	1.4480E-07	2.0097E-07
4.2440E-10	-3.8125E-12	3.0340E-07	8.7294E-07
-5.0595E-10	9.4774E-11	1.0318E-06	1.3956E-06
5.6997E-10	-3.3449E-10	1.4700E-06	3.9314E-07
-5.0350E-10	6.5456E-10	3.6737E-07	4.8791E-07
1.5289E-10	-8.9193E-10	7.2339E-07	1.8846E-06
2.1229E-10	8.2212E-10	2.6437E-06	1.2673E-06
-4.4904E-10	-5.9224E-10	1.3764E-06	-4.3631E-07
4.6513E-10	3.6595E-10	1.1099E-06	1.2356E-06
-5.1961E-10	-2.6094E-10	2.2218E-06	-5.3459E-08
6.0952E-10	7.4835E-11	5.7140E-07	-9.5838E-08
-6.7144E-10	2.4996E-10	1.1051E-06	7.7714E-07
4.4422E-10	-6.4027E-10	9.7844E-07	4.9609E-07
-5.8467E-11	8.0326E-10	1.4783E-06	1.2360E-06
-3.2922E-10	-7.2560E-10	2.1997E-06	-9.7436E-08
4.8883E-10	5.2682E-10	6.4645E-07	-1.5830E-07
-5.9521E-10	-4.2410E-10	1.2799E-06	6.1943E-07
7.2126E-10	3.1348E-10	1.0595E-06	2.2929E-08
-9.0984E-10	-7.8310E-11	9.1658E-07	2.3079E-07
8.7419E-10	-3.3614E-10	2.4982E-07	5.3534E-07
-5.9640E-10	6.6273E-10	1.2118E-06	1.5963E-06
1.5454E-10	-7.5321E-10	1.9398E-06	7.5396E-07
1.3688E-10	6.0828E-10	2.1265E-06	-1.1889E-07
-3.1602E-10	-4.7565E-10	4.2574E-07	-7.3418E-07
4.5231E-10	3.8180E-10	5.9069E-07	9.3225E-07
-7.0471E-10	-2.3952E-10	7.6586E-07	2.0443E-07
8.5314E-10	-1.1497E-10	6.4986E-07	1.2704E-06
-7.8400E-10	5.2400E-10	1.4762E-06	7.7822E-07
4.3836E-10	-7.8695E-10	1.3847E-06	3.6371E-07
-1.2048E-10	7.6445E-10	2.8758E-07	2.2964E-07
-8.3000E-11	-6.4793E-10	1.2066E-06	1.6778E-06
1.6513E-10	5.6411E-10	9.9431E-07	-3.8163E-08
-3.5818E-10	-5.2121E-10	7.2010E-07	2.2075E-06
5.6749E-10	3.1010E-10	2.1779E-06	-9.4579E-08
-6.7234E-10	5.7520E-11	4.8319E-07	5.5817E-07
4.7717E-10	-4.2861E-10	2.5504E-06	1.8555E-06
-1.8557E-10	5.6139E-10	1.6024E-06	1.7031E-09
-5.5018E-11	-5.2376E-10	1.3757E-06	1.1267E-06
1.2005E-10	4.6558E-10	1.7092E-06	9.6491E-07
-2.3373E-10	-5.0842E-10	2.1579E-06	1.1560E-06
4.2310E-10	4.8121E-10	2.6841E-06	4.4047E-07
-6.4318E-10	-2.7901E-10	2.2314E-06	-5.7561E-07
6.1988E-10	-6.3782E-11	9.2432E-07	-2.2222E-07
-4.1110E-10	2.8216E-10	1.6187E-06	9.2210E-07
1.3940E-10	-3.0493E-10	2.5046E-06	-3.0809E-07
-3.8525E-11	2.2096E-10	8.7165E-07	-1.0634E-06
-2.6890E-11	-2.3364E-10	2.7468E-07	5.4216E-07
1.4649E-10	2.7998E-10	1.4799E-06	1.0419E-06
-3.9649E-10	-2.2136E-10	2.0747E-06	2.0576E-10
5.1641E-10	-3.8325E-11	7.2650E-07	-3.5874E-07
-4.3835E-10	2.9675E-10	1.3361E-06	8.5038E-07
1.8882E-10	-3.8656E-10	1.2287E-06	-5.2074E-07
-5.3613E-11	2.8093E-10	4.6220E-07	9.9159E-07
2.5811E-11	-1.9637E-10	1.8672E-06	5.3388E-07
-3.5753E-11	1.9913E-10	1.3435E-06	2.6436E-07
-1.0549E-10	-2.0949E-10	1.3825E-06	-1.8313E-07
2.3618E-10	4.5978E-11	7.8355E-07	3.4346E-07
-2.3528E-10	2.1072E-10	9.6871E-07	3.3664E-08
4.8085E-12	-3.7945E-10	7.0973E-07	1.1438E-06
1.9907E-10	3.1380E-10	1.3088E-06	-9.6776E-08
-2.7264E-10	-1.6461E-10	2.4312E-07	5.5048E-07
1.9351E-10	8.6485E-11	2.2777E-06	1.7886E-06
-2.0087E-10	-1.1586E-10	1.6207E-06	-2.0449E-07
2.6627E-10	6.4332E-11	1.5481E-06	7.2905E-07
-3.0166E-10	1.1593E-10	1.4365E-06	1.4847E-07
1.0588E-10	-3.1341E-10	1.7112E-06	5.2476E-07
1.6626E-10	3.0762E-10	1.4170E-06	-1.3069E-07
-3.6617E-10	-1.2880E-10	1.3617E-06	2.0832E-07
3.4731E-10	-6.2628E-11	9.5722E-07	6.7554E-08
-3.0946E-10	1.1333E-10	1.3845E-06	5.9333E-07
3.2625E-10	-1.3776E-10	1.2155E-06	1.0893E-07
-4.0445E-10	2.6050E-10	1.5156E-06	3.6636E-07
3.0159E-10	-4.8380E-10	9.4451E-07	-1.6978E-07
-4.2358E-11	5.8490E-10	1.3363E-06	5.6990E-07
-2.6258E-10	-4.6596E-10	8.3391E-07	-5.4533E-07
3.6482E-10	2.0755E-10	2.8134E-07	1.0856E-06
-3.5115E-10	-2.6609E-11	1.4831E-06	7.6877E-07
3.2105E-10	-6.9283E-11	1.3498E-06	7.7077E-07
-3.9315E-10	1.9676E-10	1.7971E-06	6.4426E-08
3.6336E-10	-4.6189E-10	9.2688E-07	-1.2056E-07
-1.5531E-10	7.1001E-10	6.0640E-07	1.1861E-08
-2.2063E-10	-7.6166E-10	-1.4961E-08	1.0511E-06
4.8105E-10	5.6877E-10	1.5228E-06	1.8791E-06
-5.7691E-10	-3.2912E-10	2.1604E-06	4.5753E-07
5.4911E-10	1.6398E-10	1.1661E-06	1.6676E-07
-5.9470E-10	-3.8971E-11	1.1974E-06	6.3481E-07
6.0848E-10	-2.0372E-10	1.0763E-06	5.4335E-07
-4.8217E-10	5.2120E-10	1.0667E-06	1.0045E-06
1.0601E-10	-7.3489E-10	1.3774E-06	1.3471E-06
2.8713E-10	6.7811E-10	2.4977E-06	1.2740E-06
-5.5198E-10	-4.5393E-10	2.2651E-06	-1.4007E-07
6.1590E-10	2.3636E-10	1.6006E-06	3.4492E-07
-6.8451E-10	-1.0429E-10	1.8646E-06	1.5222E-07
7.6331E-10	-8.0844E-11	1.9083E-06	2.8983E-07
-7.8616E-10	3.8375E-10	1.8461E-06	-6.8927E-07
5.5051E-10	-7.0435E-10	6.6114E-07	7.8638E-08
-1.7092E-10	8.1620E-10	1.6688E-06	4.1993E-07
-1.9415E-10	-6.8924E-10	1.2161E-06	5.1908E-08
3.5583E-10	4.6341E-10	1.6906E-06	5.2103E-07
-4.5332E-10	-3.0691E-10	1.8704E-06	-2.6800E-07
5.6297E-10	1.6128E-10	1.3477E-06	-3.7766E-07
-7.1023E-10	9.3592E-11	1.2801E-06	-5.0144E-07
6.6580E-10	-4.7252E-10	3.2478E-07	-6.1136E-07
-4.1082E-10	7.6891E-10	1.7734E-07	8.0381E-07
3.2696E-11	-8.3495E-10	1.0998E-06	9.3860E-07
2.0959E-10	7.0438E-10	1.7961E-06	9.7950E-07
-3.4078E-10	-5.6970E-10	1.9196E-06	-7.6647E-07
4.3662E-10	4.7759E-10	-1.4056E-07	2.8273E-07
-6.2046E-10	-3.2754E-10	1.9245E-06	1.1816E-06
7.1382E-10	6.1983E-12	1.1934E-06	-2.9817E-07
-6.0890E-10	3.6961E-10	1.4746E-06	1.0042E-06
2.7364E-10	-6.0114E-10	2.1417E-06	-5.2465E-07
3.8065E-11	5.9449E-10	8.3228E-07	-4.3666E-07
-2.3830E-10	-4.9297E-10	9.9349E-07	-3.4505E-07
3.3325E-10	4.2813E-10	-7.6205E-08	6.5251E-08
-5.0613E-10	-3.8249E-10	1.1705E-06	1.4172E-06
6.8227E-10	2.0300E-10	1.7508E-06	-4.1319E-07
-7.4415E-10	1.1439E-10	1.6345E-07	6.0603E-08
5.4292E-10	-4.0759E-10	7.7107E-07	6.2763E-07
-2.5162E-10	4.9055E-10	4.6941E-07	9.7677E-07
1.7243E-11	-4.0466E-10	1.5672E-06	1.3403E-06
6.2550E-11	3.0738E-10	1.7464E-06	7.2386E-07
-1.6617E-10	-2.8613E-10	2.0590E-06	2.2571E-07
3.2709E-10	2.2204E-10	1.1712E-06	-8.8814E-08
-4.9498E-10	-1.2659E-11	1.6389E-06	4.1429E-07
4.5468E-10	-2.8207E-10	1.3552E-06	-3.7267E-07
-2.5643E-10	4.5446E-10	9.5433E-07	4.2288E-08
2.8345E-11	-4.2998E-10	9.9572E-07	2.5958E-07
3.8870E-11	3.1758E-10	1.4302E-06	-5.2484E-08
-5.2904E-11	-2.7960E-10	1.9546E-07	-2.6675E-07
1.0784E-10	2.8736E-10	7.0066E-07	1.1547E-06
-2.6068E-10	-2.0541E-10	1.1047E-06	6.0755E-07
3.0648E-10	-2.3496E-11	1.5761E-06	1.0275E-06
-1.8478E-10	2.4451E-10	1.5498E-06	-1.4998E-07
-5.9577E-11	-2.9943E-10	1.0149E-06	6.4675E-07
1.9040E-10	1.9520E-10	1.5471E-06	2.5876E-07
-2.0516E-10	-1.0532E-10	1.5079E-06	6.4069E-07
1.8119E-10	1.0789E-10	2.1528E-06	-5.4435E-07
-2.7020E-10	-1.1422E-10	5.3491E-07	-7.9565E-07
3.4585E-10	-1.0294E-11	1.8543E-07	9.3328E-08
-2.9542E-10	2.1170E-10	4.4960E-07	1.2773E-06
5.4582E-11	-3.1446E-10	2.0917E-06	7.6973E-07
1.6215E-10	2.1617E-10	1.2442E-06	-2.6350E-07
-2.5116E-10	-3.3772E-11	1.1004E-06	1.8423E-07
2.0564E-10	-7.7842E-11	8.8200E-07	2.0897E-07
-2.1696E-10	1.0413E-10	1.3985E-06	3.7531E-07
2.6910E-10	-1.8373E-10	8.3861E-07	-2.4580E-07
-2.7394E-10	3.6655E-10	8.5989E-07	6.6925E-07
7.8147E-11	-5.2995E-10	1.1421E-06	1.7681E-08
1.8568E-10	5.0076E-10	6.9809E-07	7.2920E-07
-3.6818E-10	-2.9288E-10	1.7138E-06	3.6210E-07
3.5151E-10	7.0066E-11	9.2732E-07	-1.2338E-07
-2.9384E-10	4.6308E-11	9.5807E-07	3.0093E-07
2.6962E-10	-1.2942E-10	1.0067E-06	3.4502E-07
-2.7432E-10	2.9294E-10	1.2071E-06	-7.7639E-08
1.2035E-10	-5.1100E-10	1.4717E-07	1.9566E-07
1.6850E-10	6.0513E-10	1.1781E-06	1.0617E-06
-4.7143E-10	-4.7999E-10	9.9312E-07	-3.3600E-08
5.8079E-10	2.3244E-10	5.8346E-07	8.9650E-07
-5.5975E-10	-4.1763E-11	1.2556E-06	9.0783E-07
5.0864E-10	-6.3101E-11	1.7308E-06	8.6634E-07
-5.2014E-10	1.9339E-10	1.8351E-06	-2.3913E-07
4.3626E-10	-4.1785E-10	7.6368E-07	-3.5386E-08
-1.8944E-10	6.1617E-10	1.2300E-06	4.6499E-07
-1.8816E-10	-6.2160E-10	1.1594E-06	-1.1361E-08
4.5867E-10	4.1755E-10	9.8881E-07	5.1502E-07
-5.6846E-10	-1.6644E-10	1.8256E-06	-1.0887E-08
5.6718E-10	-8.6022E-12	6.5776E-07	-6.7607E-07
-6.1230E-10	1.5158E-10	5.7652E-07	2.2251E-07
6.2365E-10	-3.7940E-10	3.3392E-07	1.8500E-07
-4.9779E-10	6.6456E-10	1.1236E-06	1.1021E-06
