jMRUI Data Textfile

Filename: Export_to_jmrui.txt

PointsInDataset: 2048
DatasetsInFile: 1
SamplingInterval: 0.250000
ZeroOrderPhase: 0E0
BeginTime: 0E0
TransmitterFrequency: 1.2326E8
MagneticField: 2.8936E0
TypeOfNucleus:  
NameOfPatient:  
DateOfExperiment:  
Spectrometer:  
AdditionalInfo: 
SignalNames:  


Signal and FFT
sig(real)	sig(imag)	fft(real)	fft(imag)
Signal 1 out of 1 in file
4.2509E-06	1.3690E-07	-7.2645E-07	3.7070E-06
3.6828E-06	-2.3596E-06	7.2809E-07	5.2256E-06
1.5143E-06	-3.3513E-06	3.0080E-06	2.8330E-06
-3.4247E-07	-3.5133E-06	5.6042E-07	2.1321E-06
-1.9279E-06	-2.1844E-06	1.7188E-06	3.3461E-06
-2.2467E-06	-8.1001E-07	1.7645E-06	2.1617E-06
-2.1926E-06	7.4540E-07	1.5785E-06	2.0276E-06
-1.0339E-06	1.4017E-06	7.8150E-07	1.9466E-06
-1.5001E-08	1.5154E-06	9.2239E-07	2.9148E-06
9.6628E-07	8.8396E-07	2.0309E-06	3.1039E-06
1.1987E-06	9.4904E-08	2.4471E-06	1.1894E-06
1.1515E-06	-6.9820E-07	1.4420E-07	1.7551E-06
4.4516E-07	-1.0136E-06	1.8869E-06	2.6648E-06
-1.1937E-07	-1.0966E-06	7.4549E-07	1.3094E-06
-7.0299E-07	-7.0560E-07	6.2326E-07	2.7580E-06
-8.3476E-07	-4.3720E-07	6.6591E-07	3.0638E-06
-8.6212E-07	-6.5080E-08	2.5138E-06	3.7149E-06
-6.3317E-07	1.0745E-07	2.2327E-06	1.4486E-06
-5.4223E-07	1.8953E-07	1.5804E-06	2.3938E-06
-3.5787E-07	2.2644E-07	1.5155E-06	1.4930E-06
-3.8653E-07	3.3771E-07	9.3410E-07	2.9318E-06
-2.9702E-07	4.8646E-07	2.2994E-06	2.2121E-06
-2.3079E-07	6.1447E-07	1.0615E-06	2.0980E-06
3.0414E-08	5.6120E-07	1.9224E-06	2.8224E-06
1.7135E-07	4.0446E-07	1.9327E-06	1.8305E-06
3.6824E-07	2.0009E-07	1.2631E-06	2.1624E-06
3.5309E-07	-4.3559E-08	1.3169E-06	2.5595E-06
2.0571E-07	-2.5044E-07	2.0214E-06	3.3206E-06
-7.0080E-08	-2.2777E-07	3.1983E-06	1.5513E-06
-1.9083E-07	-8.8307E-08	6.9869E-07	1.3299E-06
-3.6062E-07	2.3600E-07	2.0270E-06	2.6787E-06
-2.4552E-07	5.4278E-07	7.6681E-07	1.2222E-06
-8.7260E-09	7.1895E-07	1.0320E-06	4.0111E-06
2.6486E-07	6.3989E-07	2.7787E-06	2.1229E-06
4.4771E-07	4.3187E-07	1.0304E-06	2.4818E-06
5.6216E-07	1.9813E-07	2.2089E-06	2.9355E-06
5.2147E-07	-1.8545E-08	1.7691E-06	2.5805E-06
4.5717E-07	-1.1953E-07	2.5212E-06	2.9088E-06
3.5189E-07	-1.5184E-07	2.0276E-06	1.9176E-06
2.9196E-07	-2.1830E-07	1.8837E-06	3.3236E-06
1.8724E-07	-1.6693E-07	3.3279E-06	2.1322E-06
2.3861E-07	-2.5579E-07	1.6239E-06	2.0067E-06
1.8638E-07	-3.2435E-07	2.9262E-06	2.5262E-06
8.1203E-08	-4.8744E-07	1.7291E-06	1.4543E-06
-1.1703E-07	-4.1533E-07	2.0206E-06	2.7075E-06
-2.6132E-07	-4.1937E-07	1.6582E-06	2.3250E-06
-3.0180E-07	-1.9461E-07	2.9426E-06	3.4512E-06
-2.9438E-07	-3.0056E-08	2.6936E-06	1.2024E-06
-1.8479E-07	1.2032E-07	1.7112E-06	2.9534E-06
7.0152E-09	1.2020E-07	2.9576E-06	2.3564E-06
1.2636E-07	4.1308E-08	2.7731E-06	2.5759E-06
1.7856E-07	-1.2099E-07	3.0406E-06	1.1629E-06
1.0281E-07	-2.3391E-07	1.1499E-06	2.3282E-06
-7.8250E-08	-3.6478E-07	3.3351E-06	3.2774E-06
-2.6036E-07	-2.7495E-07	3.3464E-06	1.3208E-06
-3.8346E-07	-9.3632E-08	2.0789E-06	1.7099E-06
-3.9976E-07	1.1231E-07	2.8770E-06	2.3969E-06
-2.4451E-07	2.1118E-07	2.9228E-06	1.2247E-06
-3.9812E-08	2.7245E-07	1.9965E-06	1.7627E-06
1.1707E-07	1.4189E-07	2.6444E-06	1.9915E-06
1.3984E-07	-4.5367E-08	2.4044E-06	1.5630E-06
1.9193E-07	-1.4027E-07	2.0444E-06	2.0003E-06
-1.8337E-08	-2.2580E-07	2.7878E-06	2.4568E-06
-9.7635E-08	-2.2047E-07	3.2477E-06	1.3426E-06
-2.1109E-07	2.5852E-09	1.9413E-06	1.0205E-06
-1.9531E-07	1.5246E-07	1.9877E-06	2.2937E-06
-1.2798E-07	2.4855E-07	2.7520E-06	1.5866E-06
3.4610E-08	2.2620E-07	1.7118E-06	2.0083E-06
1.3046E-07	2.0415E-07	3.0821E-06	2.4286E-06
1.4980E-07	7.1606E-08	2.9150E-06	1.6240E-06
8.9372E-08	-1.5187E-08	3.4643E-06	6.6645E-07
-1.2085E-09	-5.2869E-08	3.8683E-07	2.7898E-07
-9.6924E-08	-3.6417E-08	1.9097E-06	3.5541E-06
-8.2724E-08	7.3500E-08	2.7296E-06	1.0348E-06
-3.7572E-08	1.8667E-07	1.5527E-06	2.2801E-06
3.5883E-08	1.4372E-07	2.1309E-06	1.8963E-06
1.1834E-07	2.3259E-07	1.9373E-06	2.9677E-06
1.8640E-07	7.5609E-08	3.1166E-06	2.6582E-06
1.3889E-07	-2.1263E-08	3.8456E-06	2.1467E-06
7.7742E-08	-1.1503E-07	2.8575E-06	2.4800E-07
-8.9853E-10	-8.5909E-08	1.8508E-06	2.0757E-06
-3.4546E-08	-2.2647E-08	3.0947E-06	1.2179E-06
-4.7563E-08	6.0265E-08	1.8688E-06	1.0661E-06
4.9679E-08	9.7420E-08	1.3563E-06	1.5953E-06
1.5332E-07	1.3839E-07	2.1598E-06	2.9783E-06
1.8056E-07	9.3250E-10	2.6266E-06	1.4892E-06
2.1341E-07	-6.6345E-08	2.1315E-06	2.8828E-06
1.4577E-07	-2.0635E-07	3.4125E-06	1.4664E-06
-2.5322E-08	-2.2148E-07	2.0059E-06	2.2078E-06
-1.6100E-07	-2.1306E-07	3.6193E-06	1.6298E-06
-2.2249E-07	-9.9415E-08	1.9851E-06	1.3590E-06
-1.8577E-07	7.4495E-08	3.1022E-06	1.9882E-06
-5.3723E-08	2.1305E-07	2.4925E-06	8.9375E-07
1.1896E-07	1.9764E-07	1.9783E-06	1.8779E-06
2.6622E-07	1.1229E-07	3.2905E-06	1.7826E-06
2.4821E-07	-5.3346E-08	2.0929E-06	2.6296E-07
2.3701E-07	-1.3485E-07	1.6998E-06	2.1773E-06
8.4041E-08	-2.7003E-07	2.3665E-06	8.8143E-07
-6.7781E-08	-2.7491E-07	1.1845E-06	2.2197E-06
-1.7765E-07	-1.9239E-07	2.2430E-06	1.8219E-06
-2.2387E-07	-9.4620E-08	1.8990E-06	3.0049E-06
-2.4534E-07	-1.9857E-08	3.3923E-06	1.1351E-06
-2.2481E-07	6.7446E-08	5.9664E-07	2.4423E-06
-1.5450E-07	1.2546E-07	3.9393E-06	3.1010E-06
-7.5884E-08	1.0420E-07	2.4785E-06	1.4197E-06
-8.6726E-08	6.7313E-08	3.6562E-06	1.9034E-06
-7.7463E-08	8.9758E-08	1.6407E-06	3.4470E-07
-2.4745E-08	7.5120E-08	1.5518E-06	3.2011E-06
-2.4466E-08	9.2189E-08	3.7306E-06	2.8903E-06
5.4271E-08	1.0375E-07	4.2668E-06	7.1674E-07
6.1789E-08	5.8281E-08	1.3658E-06	2.4131E-07
7.5397E-08	-2.4431E-08	2.3450E-06	2.8135E-06
4.8190E-08	-7.4484E-08	3.2299E-06	6.4512E-07
-8.1043E-09	-9.4836E-08	1.1266E-06	1.2838E-06
-9.4752E-08	-4.7824E-08	2.1842E-06	2.6275E-06
-1.5866E-07	1.1155E-08	2.7092E-06	1.9166E-06
-1.3111E-07	1.0696E-07	2.6762E-06	2.0458E-06
-7.6437E-08	1.2991E-07	2.9227E-06	1.3198E-06
-3.1721E-08	2.2459E-07	1.8334E-06	1.6401E-06
7.5685E-08	1.4909E-07	2.8021E-06	2.4838E-06
1.4309E-07	5.5672E-08	3.2041E-06	1.3568E-06
1.4958E-07	-5.9425E-08	2.2746E-06	1.3581E-06
5.8247E-08	-7.0704E-08	2.8460E-06	1.9447E-06
2.5656E-09	-8.7628E-08	2.9502E-06	9.2446E-07
-8.5907E-08	-9.0374E-08	2.2096E-06	9.6820E-07
-9.8685E-08	-2.4458E-08	1.6226E-06	1.2212E-06
-6.7592E-08	1.3036E-07	2.3011E-06	2.2035E-06
-6.6551E-09	1.1796E-07	1.9921E-06	8.3089E-07
3.9788E-09	7.6230E-08	1.6122E-06	3.1719E-06
9.6591E-08	7.0450E-08	4.0125E-06	1.1193E-06
9.8734E-08	4.7179E-09	9.0398E-07	9.0307E-07
5.8564E-08	-1.4685E-08	2.1415E-06	2.6325E-06
1.4737E-09	-7.3522E-09	2.5943E-06	2.2685E-06
-2.1345E-08	-5.6104E-08	3.2111E-06	1.0433E-06
1.9312E-08	-2.5838E-08	9.4212E-07	1.4147E-06
7.5463E-08	-3.3676E-08	2.8140E-06	2.7996E-06
7.0363E-08	-4.1946E-08	2.4693E-06	9.4039E-07
8.3357E-08	-6.0684E-08	1.1824E-06	1.8284E-06
4.8878E-08	-8.8697E-08	2.0250E-06	3.6147E-06
5.0460E-08	-1.5470E-07	4.3412E-06	2.0239E-06
-6.0150E-08	-9.3426E-08	2.2861E-06	6.4460E-07
-1.0419E-07	-6.5092E-08	1.8759E-06	1.4201E-06
-1.0534E-07	2.3943E-08	1.3133E-06	2.7246E-06
-1.1041E-07	4.7198E-08	3.6863E-06	2.2195E-06
-8.8468E-08	1.1792E-07	1.0624E-06	1.3968E-06
4.0932E-09	4.7110E-08	3.0304E-06	3.8331E-06
6.6284E-08	4.5875E-08	3.2768E-06	1.7796E-06
6.7434E-08	4.0816E-08	3.9286E-06	2.1381E-06
2.5706E-08	-8.6829E-08	2.4228E-06	1.5267E-07
1.5815E-08	-1.0306E-07	2.4603E-06	2.7941E-06
-1.5344E-09	-9.9385E-08	3.5759E-06	2.3503E-07
-8.1742E-08	-3.3279E-08	8.7246E-07	1.1384E-06
-8.2353E-08	-4.7629E-08	1.9237E-06	2.5128E-06
-7.0555E-08	2.7678E-08	2.5885E-06	2.3270E-06
-4.8791E-08	8.4374E-08	2.4697E-06	1.7183E-06
1.2803E-09	8.6678E-08	2.0522E-06	2.3487E-06
2.6998E-08	7.1385E-08	2.7418E-06	2.8066E-06
-1.1322E-08	1.0975E-08	3.7671E-06	2.2737E-06
4.2437E-08	4.7507E-08	3.1116E-06	1.1915E-06
3.9748E-08	-6.5323E-08	3.0721E-06	1.6231E-06
2.2297E-08	-3.8536E-08	2.5549E-06	8.0064E-07
6.0653E-08	-3.0896E-08	2.1609E-06	1.8625E-06
-2.0672E-08	-7.8564E-09	2.5215E-06	1.5691E-06
-7.4472E-08	-2.4976E-08	2.6574E-06	1.9764E-06
-4.6436E-08	1.2800E-08	2.5098E-06	1.0291E-06
-3.6154E-08	4.5420E-08	1.9848E-06	2.1991E-06
-3.7678E-08	5.3841E-08	2.7723E-06	1.3360E-06
-4.6118E-09	6.0638E-08	1.3282E-06	2.2294E-06
4.6876E-08	7.6535E-08	3.1994E-06	2.8467E-06
2.7448E-08	8.7887E-08	2.7289E-06	1.7516E-06
4.7166E-08	2.0437E-08	3.1253E-06	2.6311E-06
8.6195E-08	2.9984E-08	3.9941E-06	1.3591E-06
3.5511E-08	9.5274E-09	2.5382E-06	5.6654E-07
9.3777E-08	-2.8726E-08	2.2078E-06	2.0618E-06
-1.6348E-08	-4.8437E-08	3.6528E-06	1.3786E-06
1.0870E-08	-2.4214E-08	2.1139E-06	3.4664E-07
-1.5937E-08	9.5013E-09	1.7221E-06	1.7228E-06
-1.0590E-08	-4.3578E-08	1.9738E-06	1.7460E-06
1.5359E-08	-4.1350E-08	2.0719E-06	2.6725E-06
-3.1520E-08	1.1832E-08	3.4518E-06	2.5036E-06
-1.1362E-08	-2.5536E-08	3.7776E-06	1.3539E-06
-1.8357E-09	-4.7678E-08	2.8739E-06	2.7957E-08
-7.5518E-09	-5.3090E-08	8.5207E-07	1.2230E-06
-1.1120E-11	-7.7525E-08	2.7292E-06	2.8124E-06
7.0397E-09	-2.2281E-08	2.8522E-06	6.3968E-07
6.8731E-09	-3.0562E-08	1.4680E-06	1.8615E-06
-9.0605E-09	-3.4221E-08	2.6368E-06	1.5475E-06
-3.4183E-08	-1.2542E-08	8.5242E-07	1.9673E-06
-4.6581E-08	-1.2358E-08	3.0323E-06	3.8517E-06
-2.1921E-08	1.2297E-08	3.7597E-06	1.4709E-06
-5.1513E-08	-1.6568E-08	3.0683E-06	1.7280E-06
-4.3402E-09	7.2080E-09	2.9711E-06	3.8556E-07
-5.6778E-08	-1.0357E-09	1.0467E-06	1.6239E-06
-2.2913E-08	3.2683E-08	2.6138E-06	2.5785E-06
-4.2007E-08	4.2327E-08	2.5067E-06	2.0911E-06
-3.5914E-08	2.8403E-09	3.4047E-06	2.2099E-06
-2.0091E-08	1.4373E-08	2.6998E-06	9.6170E-07
3.3016E-08	-1.0997E-08	2.2559E-06	2.5138E-06
1.8086E-08	1.2418E-08	4.1621E-06	1.8756E-06
1.5026E-08	3.0148E-08	3.0126E-06	3.4577E-07
-4.6602E-08	-1.2881E-08	2.5227E-06	1.1388E-06
-1.8898E-08	3.2876E-08	2.4749E-06	6.5922E-07
-2.5905E-08	2.0303E-08	1.9606E-06	1.1141E-06
-3.6592E-08	3.2935E-08	1.8504E-06	9.6570E-07
-4.4166E-09	-1.1488E-09	1.4355E-06	1.8795E-06
-1.8374E-09	2.4040E-08	2.2466E-06	1.9914E-06
4.4464E-08	7.9088E-09	2.5433E-06	1.9092E-06
1.2010E-08	-9.2348E-09	2.3594E-06	6.6746E-07
5.5461E-09	2.6252E-08	8.1697E-07	1.9843E-06
-1.9327E-08	-4.8050E-08	2.5546E-06	2.2671E-06
-2.4271E-08	-3.2764E-08	1.3645E-06	1.9096E-06
3.5207E-08	-8.0715E-09	2.7718E-06	2.9697E-06
6.0585E-09	2.9072E-08	2.4307E-06	1.3176E-06
1.4046E-08	3.3692E-08	1.7729E-06	2.5389E-06
3.9108E-08	-3.5635E-09	2.7197E-06	2.5650E-06
1.4653E-08	-3.6033E-09	2.7849E-06	2.1644E-06
2.7964E-08	1.3419E-08	2.6431E-06	2.3810E-06
5.3747E-08	-5.9221E-08	3.6487E-06	2.1514E-06
4.1664E-08	-5.4388E-08	2.7051E-06	8.5482E-07
3.7744E-08	-3.3557E-08	2.1518E-06	2.4292E-06
1.1686E-08	-1.8667E-08	3.8752E-06	1.8185E-06
1.8495E-08	-7.9237E-10	2.4502E-06	5.4046E-07
2.5558E-08	-1.4372E-08	2.2474E-06	2.1159E-06
5.8484E-08	-2.2415E-08	3.2293E-06	1.0519E-06
2.5109E-08	-6.0190E-09	1.7952E-06	1.0685E-06
2.6492E-08	-1.8251E-08	2.2841E-06	1.4676E-06
-4.4132E-08	-4.7488E-09	1.2940E-06	1.5486E-06
-1.7562E-08	-3.6602E-08	2.2080E-06	2.9258E-06
-7.5962E-09	-4.3139E-09	3.0217E-06	1.9406E-06
-1.2017E-08	-1.9248E-09	2.5756E-06	1.7370E-06
1.9695E-09	1.1746E-08	2.7767E-06	1.7113E-06
4.9736E-08	1.5873E-08	2.2216E-06	1.2584E-06
1.9621E-08	4.7467E-08	2.3027E-06	2.6581E-06
1.7539E-08	-3.8446E-08	4.0230E-06	1.0048E-06
-1.3510E-09	-2.4998E-08	1.2771E-06	2.4540E-07
-1.6347E-08	-6.4176E-09	1.5898E-06	1.9933E-06
2.9005E-08	4.0661E-09	1.2393E-06	2.2579E-06
-3.6716E-08	-3.7012E-08	3.1565E-06	3.3018E-06
-1.1550E-08	4.6937E-08	3.1181E-06	1.0256E-06
-1.8381E-08	-4.1135E-08	2.4036E-06	1.8171E-06
1.6390E-08	1.9841E-09	2.5040E-06	1.0079E-06
-1.5244E-08	-3.8483E-08	1.6971E-06	1.6789E-06
3.0611E-08	2.3081E-08	1.9417E-06	1.7437E-06
3.2651E-08	5.0507E-08	1.6960E-06	2.4257E-06
8.7536E-09	1.3394E-08	2.7175E-06	2.6773E-06
3.4581E-08	1.6865E-08	3.0147E-06	1.7727E-06
-1.3699E-08	-9.6369E-09	2.2976E-06	1.7642E-06
-3.1086E-08	5.4352E-08	2.8232E-06	1.9838E-06
1.1962E-08	2.2328E-08	2.4702E-06	1.6852E-06
-1.2292E-08	3.0917E-08	3.2378E-06	1.6208E-06
-1.5390E-08	5.6605E-08	1.7409E-06	5.3224E-07
3.3304E-08	3.9020E-08	1.9576E-06	2.7628E-06
5.2177E-09	2.7516E-08	3.1762E-06	1.0899E-06
2.7722E-08	1.5627E-08	1.6076E-06	1.3180E-06
-1.0403E-08	1.3563E-08	2.1000E-06	1.7645E-06
4.8506E-08	-3.8548E-09	2.0323E-06	1.7126E-06
2.0525E-08	-2.2856E-08	1.7363E-06	1.5507E-06
2.4301E-08	-3.7725E-09	1.6568E-06	2.6162E-06
3.6806E-08	-2.2466E-08	2.7377E-06	2.1798E-06
-1.8360E-08	-3.0295E-08	2.2801E-06	2.0640E-06
2.8905E-11	7.2416E-09	3.1215E-06	1.7311E-06
7.6888E-09	-2.7305E-08	1.8171E-06	5.8552E-07
2.0341E-08	-2.4046E-08	9.4389E-07	2.5715E-06
2.1288E-09	-3.1152E-08	3.2627E-06	2.6488E-06
1.0212E-09	-1.4153E-08	2.1781E-06	5.8372E-07
-1.7197E-08	-3.0717E-08	1.0798E-06	2.4417E-06
-3.0356E-08	-2.4398E-08	2.7549E-06	2.5014E-06
4.7443E-08	-2.1922E-08	2.4695E-06	1.4309E-06
1.2129E-08	3.8732E-08	1.6378E-06	1.5173E-06
6.2482E-08	-4.4959E-08	1.5685E-06	2.3089E-06
4.1792E-08	1.2296E-08	2.0891E-06	2.4923E-06
-4.2841E-09	3.0906E-10	2.4752E-06	2.0069E-06
2.3430E-08	-3.0488E-08	1.3334E-06	1.9223E-06
9.5484E-09	-1.6968E-08	2.4194E-06	3.4487E-06
-5.7568E-09	-3.6430E-08	2.8390E-06	1.4774E-06
-4.7607E-09	1.4175E-08	1.6891E-06	2.9270E-06
-2.9565E-09	-5.8137E-08	3.8083E-06	2.1738E-06
1.9832E-08	-1.9199E-08	2.1242E-06	9.6247E-07
-6.3568E-09	5.6810E-09	1.8895E-06	2.0409E-06
7.0776E-09	1.1339E-08	2.2696E-06	2.0224E-06
1.4987E-08	-9.0219E-09	1.8453E-06	1.6293E-06
2.6874E-08	2.2000E-08	1.7735E-06	2.9875E-06
-4.8941E-08	-1.3396E-08	3.3244E-06	1.7369E-06
-4.4146E-08	9.3563E-09	1.0747E-06	1.5039E-06
-1.9899E-08	1.4003E-08	2.2179E-06	3.0941E-06
-2.2811E-09	-1.1980E-08	2.4100E-06	2.2806E-06
-1.9977E-08	2.4972E-08	3.0904E-06	2.3644E-06
-1.8235E-08	1.1900E-08	2.2904E-06	1.0590E-06
-1.9056E-08	-5.0159E-10	1.8919E-06	2.2995E-06
4.2617E-09	7.6725E-08	2.4642E-06	1.5589E-06
2.1530E-08	-2.5968E-09	1.5422E-06	1.6743E-06
4.1372E-08	-1.8117E-09	1.3867E-06	2.0944E-06
5.4919E-09	1.3813E-08	1.4838E-06	2.9518E-06
4.6719E-08	2.2319E-08	2.3346E-06	2.7700E-06
2.7516E-08	4.9023E-08	2.0431E-06	2.9358E-06
4.8895E-08	-6.9917E-09	3.5577E-06	3.0122E-06
1.0257E-08	-1.3263E-08	3.0989E-06	6.8702E-07
-1.9320E-08	-3.2334E-08	9.1286E-07	1.6632E-06
1.6448E-09	-5.1515E-08	1.9939E-06	3.0334E-06
-1.4940E-08	-2.1868E-08	2.5387E-06	2.2418E-06
-6.0682E-09	1.3246E-08	1.9626E-06	2.2061E-06
1.0823E-08	-3.6643E-08	2.4351E-06	2.8504E-06
2.2385E-09	-1.2057E-08	2.9714E-06	1.6529E-06
5.7944E-09	3.1631E-08	1.3506E-06	1.7814E-06
-1.9273E-08	-5.6888E-09	2.2409E-06	3.0196E-06
2.3120E-08	1.4926E-10	2.8298E-06	1.9172E-06
-3.3166E-08	3.9347E-08	1.8527E-06	1.3009E-06
1.7748E-10	-3.4107E-09	6.6833E-07	2.4136E-06
2.9255E-08	2.1247E-08	1.9376E-06	3.7105E-06
3.6980E-08	2.0310E-08	2.7238E-06	2.9838E-06
3.2870E-08	7.1171E-09	2.9413E-06	2.4253E-06
2.0791E-08	-2.5255E-09	2.0271E-06	1.9989E-06
8.9431E-09	-3.5908E-08	2.1865E-06	2.9429E-06
3.2339E-08	-3.8796E-08	2.3540E-06	2.7722E-06
1.3918E-08	-3.6545E-08	3.3754E-06	3.2611E-06
3.6818E-08	-1.2775E-09	3.5636E-06	1.1516E-06
3.0471E-08	-6.5678E-08	1.8272E-06	1.6341E-06
-1.2012E-08	-3.7128E-08	2.4906E-06	2.0453E-06
-2.0099E-08	-4.3638E-08	1.9380E-06	1.4352E-06
1.6130E-08	-1.3694E-08	1.1859E-06	2.3627E-06
-3.6330E-08	-4.4734E-10	2.2806E-06	2.8162E-06
-6.4335E-08	-2.5327E-09	1.5100E-06	2.0869E-06
-2.6735E-08	-1.9952E-08	1.8990E-06	3.8333E-06
-7.1626E-09	1.9601E-09	3.0802E-06	2.7289E-06
-1.9654E-08	-5.7982E-09	2.7070E-06	2.7321E-06
-3.4475E-08	1.2881E-08	2.6998E-06	2.1445E-06
-2.4401E-08	-3.4761E-08	2.8116E-06	2.8759E-06
2.1385E-09	7.5878E-09	2.8729E-06	1.2544E-06
-6.2188E-08	-8.9202E-09	1.6576E-06	3.0834E-06
1.0589E-08	3.6042E-08	3.7648E-06	1.9356E-06
-3.5574E-09	3.1459E-08	1.6846E-06	2.1956E-06
3.2816E-09	3.0688E-08	4.0948E-06	1.9894E-06
-2.0816E-08	-9.5620E-09	1.2102E-06	3.0380E-07
-1.6607E-08	6.9416E-09	1.6331E-06	2.8608E-06
3.6107E-09	2.1851E-08	1.7551E-06	2.1098E-06
-3.8587E-08	-4.9008E-09	2.4887E-06	3.1078E-06
-2.2867E-08	-3.7179E-09	2.5186E-06	1.7858E-06
-7.0281E-09	1.7345E-09	2.5149E-06	2.4652E-06
1.9776E-10	1.3931E-09	2.3158E-06	1.2108E-06
1.7695E-08	1.1640E-08	1.4827E-06	2.4523E-06
3.5523E-09	1.9619E-08	2.4980E-06	2.1753E-06
7.7167E-09	-3.3489E-08	2.1494E-06	1.9406E-06
1.8804E-08	-4.3862E-08	1.8604E-06	1.3941E-06
-6.7711E-09	-2.8830E-08	9.5593E-07	2.5341E-06
-1.1874E-08	-4.0366E-08	2.5481E-06	2.4141E-06
5.6547E-10	1.8704E-08	7.9150E-07	1.5795E-06
-1.0384E-08	-2.4999E-08	1.5676E-06	4.0581E-06
-1.8764E-08	4.4702E-08	3.1638E-06	2.1251E-06
-5.4904E-09	1.2693E-09	1.7692E-06	1.9824E-06
1.8366E-08	-2.6519E-09	1.8833E-06	1.4277E-06
4.8727E-08	2.0148E-08	-7.3528E-08	2.5405E-06
-1.3382E-08	4.1043E-09	1.9710E-06	3.9318E-06
7.4845E-09	-3.9665E-08	1.8811E-06	2.7585E-06
-1.8436E-09	-2.3124E-09	2.4610E-06	3.1712E-06
5.8155E-09	-2.1439E-08	1.8893E-06	1.9675E-06
-1.2012E-08	-1.5931E-08	1.4179E-06	3.1078E-06
-3.8213E-08	-2.2640E-08	1.9385E-06	3.0659E-06
4.2848E-08	-2.7444E-08	2.3815E-06	3.2020E-06
2.1034E-08	2.0246E-08	2.2856E-06	2.2386E-06
4.5873E-09	-1.9084E-08	1.6387E-06	2.7235E-06
1.8058E-08	-3.7521E-09	1.6662E-06	2.6760E-06
-1.6491E-08	-1.8786E-08	1.2577E-06	3.7483E-06
-2.4170E-08	-2.4196E-08	3.2953E-06	4.2899E-06
5.8179E-09	1.4177E-08	4.0614E-06	1.7221E-06
1.6542E-08	3.8400E-08	1.4334E-06	8.1029E-07
-1.8760E-09	3.8393E-08	6.9775E-07	2.9321E-06
6.2732E-09	-2.7161E-09	1.9787E-06	3.2331E-06
2.4536E-08	1.4884E-09	1.6711E-06	2.6808E-06
1.3819E-09	1.8679E-08	1.8263E-06	3.5691E-06
4.2427E-08	-1.7008E-08	2.5993E-06	2.4232E-06
-5.7900E-09	1.7732E-08	7.8573E-07	2.7763E-06
3.0774E-08	-3.9945E-08	2.1089E-06	3.9916E-06
1.4627E-08	7.9731E-09	2.0759E-06	3.3939E-06
-1.4332E-09	-3.8409E-08	3.3808E-06	3.4967E-06
8.0969E-09	1.0323E-09	2.1050E-06	1.4169E-06
-8.6421E-09	3.8528E-08	1.2889E-06	3.5619E-06
7.5673E-09	-3.8864E-08	2.5464E-06	2.8147E-06
-2.1298E-08	-3.1268E-08	1.6613E-06	2.9183E-06
-2.4086E-09	2.1701E-08	2.0569E-06	3.0155E-06
9.8007E-09	-3.0930E-08	1.6292E-06	2.8959E-06
-1.5483E-08	3.7865E-08	1.3407E-06	3.7594E-06
1.3605E-08	4.8090E-08	3.0694E-06	4.0049E-06
3.1193E-09	-1.8098E-08	2.1104E-06	1.7813E-06
-3.2494E-08	5.5866E-08	6.8583E-07	4.0304E-06
-2.9359E-08	5.4671E-09	2.5716E-06	4.1983E-06
1.8743E-08	5.3021E-09	2.4624E-06	3.7604E-06
-4.2652E-10	-2.0803E-08	2.3714E-06	3.4496E-06
2.8721E-08	1.1298E-08	2.2519E-06	4.7289E-06
3.5360E-08	4.3228E-08	4.4539E-06	4.1313E-06
2.5150E-08	-1.2466E-08	3.8384E-06	2.4117E-06
-1.3478E-08	4.6526E-08	3.1642E-06	2.3159E-06
4.9325E-08	1.8373E-08	2.8198E-06	2.3795E-06
-5.2366E-09	8.5585E-09	2.6200E-06	2.3283E-06
5.2301E-08	-2.0070E-08	2.5484E-06	2.6084E-06
-7.7300E-09	-1.5544E-08	2.4848E-06	2.2937E-06
-1.5867E-08	-5.4342E-09	2.5633E-06	2.6928E-06
1.1043E-08	6.9175E-08	2.2873E-06	1.4798E-06
-1.0421E-08	-1.4349E-08	9.6244E-07	3.1896E-06
-2.4697E-08	2.7197E-08	3.2423E-06	2.9684E-06
-2.8571E-09	5.7689E-09	1.6658E-06	1.5073E-06
2.1373E-08	-8.5744E-10	8.7103E-07	2.6773E-06
-3.5075E-08	2.4620E-08	9.4024E-07	4.1030E-06
-5.5032E-08	2.2828E-08	3.2075E-06	4.0523E-06
3.3584E-08	5.2973E-09	2.3744E-06	2.1314E-06
-2.2497E-08	2.6494E-08	1.3861E-06	3.1698E-06
-1.6623E-08	5.5624E-08	2.1097E-06	4.0090E-06
-3.3874E-08	-1.0764E-08	3.3022E-06	3.0926E-06
-3.1067E-08	-1.3172E-08	1.9069E-06	2.2934E-06
3.4061E-09	-1.8375E-08	2.0830E-06	3.3451E-06
-2.6664E-08	2.1767E-08	2.2085E-06	2.9010E-06
-1.5762E-08	-1.0174E-08	2.2181E-06	2.9108E-06
-4.7780E-08	-7.0329E-09	1.5240E-06	3.1107E-06
-2.0643E-08	3.0058E-08	2.9295E-06	3.8373E-06
2.6870E-08	-3.3935E-08	2.5190E-06	1.7019E-06
2.6390E-08	9.5365E-09	1.1354E-06	2.9738E-06
2.5356E-08	-6.0925E-09	1.8944E-06	3.0834E-06
2.4690E-08	-2.0878E-09	1.5857E-06	3.4032E-06
-2.1879E-08	2.5989E-09	2.3967E-06	3.2943E-06
1.2561E-08	-1.8621E-08	1.8620E-06	2.4564E-06
4.3717E-08	2.4384E-08	1.0046E-06	3.1448E-06
-6.5060E-09	-1.3603E-08	1.6481E-06	3.6209E-06
6.9170E-09	3.0641E-08	1.1271E-06	3.4895E-06
-7.0782E-10	3.0252E-08	2.0212E-06	4.5735E-06
8.1439E-09	-3.4663E-08	2.3270E-06	2.9799E-06
-4.2062E-08	2.0468E-08	1.1349E-06	3.8318E-06
9.2607E-09	-1.0603E-08	1.8640E-06	4.0324E-06
-7.4960E-09	-2.5182E-09	1.5900E-06	4.6441E-06
-3.9633E-09	1.2722E-08	3.1710E-06	4.7525E-06
2.9276E-08	8.3184E-09	3.2406E-06	3.3414E-06
-1.1833E-08	-1.1038E-08	2.3557E-06	2.9474E-06
3.4231E-08	2.9066E-08	1.8237E-06	3.7056E-06
1.5884E-09	5.2720E-09	2.6421E-06	3.9784E-06
1.9252E-08	1.4698E-08	2.7186E-06	3.2498E-06
1.5062E-08	-3.9515E-09	2.0957E-06	3.1260E-06
7.6867E-09	-4.1066E-08	2.1235E-06	3.6285E-06
-3.6863E-08	-2.9347E-09	2.1377E-06	3.0864E-06
-3.1352E-08	-7.6329E-09	1.2746E-06	3.8572E-06
1.6485E-08	-1.6735E-08	2.4313E-06	4.4141E-06
1.6645E-08	4.6016E-09	2.4043E-06	3.6437E-06
1.7226E-08	2.6486E-09	2.3488E-06	3.9288E-06
1.1563E-08	-2.9348E-08	2.4090E-06	3.4935E-06
-5.5143E-08	-1.2418E-08	1.7939E-06	3.9070E-06
-2.8292E-09	-2.2488E-08	2.5826E-06	4.4682E-06
-1.4761E-08	-2.2838E-08	2.8681E-06	3.7694E-06
1.3372E-08	-2.8526E-08	2.7796E-06	3.8138E-06
-1.0056E-08	3.6457E-09	3.0380E-06	3.3223E-06
-3.4203E-09	4.1859E-08	2.5375E-06	2.7783E-06
-1.7639E-08	-1.3876E-08	1.5808E-06	3.0211E-06
-2.2565E-08	-1.2456E-08	1.8859E-06	3.8098E-06
-2.7944E-08	2.7031E-08	1.3928E-06	3.5127E-06
1.4443E-08	1.7367E-08	2.0617E-06	5.3119E-06
-6.3353E-09	1.4469E-08	3.4159E-06	3.1813E-06
2.8223E-08	-3.2620E-09	1.0525E-06	3.8552E-06
2.1271E-09	4.1124E-08	3.0913E-06	4.7239E-06
-7.9642E-08	-2.3542E-08	2.4396E-06	3.2395E-06
-1.3755E-08	-2.6730E-08	2.0719E-06	3.9302E-06
-3.9053E-08	2.8028E-08	2.0393E-06	4.2456E-06
-1.1707E-08	-2.1929E-08	2.8658E-06	4.3163E-06
-1.1997E-08	1.3854E-08	2.3764E-06	3.7916E-06
4.3356E-08	-2.9853E-08	2.9113E-06	4.5047E-06
-3.6576E-08	-3.7532E-08	3.6072E-06	3.1211E-06
1.2148E-08	4.5980E-08	1.7091E-06	2.0793E-06
-1.2002E-09	-4.6392E-09	4.5253E-07	4.4175E-06
-2.2952E-09	2.8516E-08	2.4764E-06	4.9474E-06
-2.5536E-08	1.7304E-08	2.0731E-06	4.5597E-06
1.4651E-08	-3.4563E-09	3.3502E-06	4.7145E-06
3.2281E-08	3.1295E-08	2.4979E-06	3.5256E-06
-8.5016E-09	5.2031E-09	2.6089E-06	4.4211E-06
2.8837E-08	2.3469E-09	2.5168E-06	3.9707E-06
2.2320E-08	2.4318E-08	3.0441E-06	4.2847E-06
-1.0005E-08	1.1713E-08	2.2890E-06	3.3768E-06
5.1932E-08	1.5300E-08	2.4155E-06	4.6968E-06
2.6543E-08	6.9124E-09	2.6853E-06	3.8343E-06
-2.8648E-08	-7.4016E-08	2.6960E-06	4.7046E-06
4.8484E-08	-9.7530E-09	3.0758E-06	3.5398E-06
-2.3569E-08	9.7611E-09	2.2181E-06	4.5148E-06
2.2888E-08	4.2888E-09	3.5837E-06	4.2431E-06
-9.7615E-09	5.8800E-09	3.1187E-06	3.5317E-06
-1.1571E-08	-1.1689E-08	2.8625E-06	3.2987E-06
-1.9509E-09	6.9235E-09	2.5636E-06	3.5162E-06
-2.3041E-09	-4.8835E-08	2.3225E-06	2.9505E-06
3.2198E-09	1.1041E-08	1.3498E-06	4.0197E-06
-1.1873E-08	-2.7288E-08	2.4919E-06	4.1352E-06
5.0413E-09	8.8939E-09	1.4287E-06	4.0518E-06
-1.1202E-09	3.0385E-08	2.5604E-06	5.3806E-06
-1.1881E-08	1.1289E-08	3.2047E-06	3.7671E-06
-6.0506E-09	-3.9837E-08	1.7402E-06	3.9767E-06
9.8158E-09	2.7712E-08	2.4024E-06	4.9958E-06
9.5096E-09	1.6087E-08	2.6338E-06	4.4082E-06
-4.1520E-08	1.6007E-08	2.5081E-06	5.1683E-06
6.5900E-09	-1.2369E-10	3.7792E-06	4.8247E-06
4.7360E-08	2.1934E-08	3.3760E-06	3.9994E-06
1.1724E-08	-1.1612E-08	3.5144E-06	3.9996E-06
-2.6539E-08	4.5148E-09	2.9303E-06	3.3072E-06
-2.9201E-08	1.9970E-08	2.5726E-06	4.4437E-06
1.5054E-08	-1.2819E-08	4.1210E-06	3.9453E-06
-2.4362E-08	1.4649E-08	3.0981E-06	2.3633E-06
-8.7536E-09	-3.3397E-09	2.0082E-06	3.0412E-06
-2.8805E-09	1.1980E-08	1.8935E-06	3.4492E-06
-3.3829E-09	2.1732E-08	1.8814E-06	3.7815E-06
2.4526E-08	-1.9432E-08	1.5500E-06	4.0879E-06
5.1310E-08	2.2631E-09	2.4208E-06	4.9352E-06
-2.6722E-08	1.8413E-08	2.5622E-06	3.6211E-06
-1.8345E-08	-6.2150E-09	1.9289E-06	4.8486E-06
-1.1895E-09	-1.2441E-08	3.4448E-06	3.6993E-06
5.1327E-10	-9.7729E-09	1.0865E-06	3.6530E-06
-3.2867E-08	-1.2884E-08	2.8691E-06	5.1569E-06
-7.9292E-09	2.4614E-08	2.1827E-06	2.9877E-06
-2.6452E-08	-7.6890E-10	1.1556E-06	4.9815E-06
1.8296E-08	-2.5918E-08	2.5290E-06	4.8236E-06
-2.0742E-08	-1.0137E-08	2.2388E-06	4.8164E-06
1.0288E-08	1.0618E-08	2.7187E-06	4.6226E-06
-3.4852E-08	3.9744E-08	2.5036E-06	4.6234E-06
-1.9716E-08	1.7269E-08	2.8438E-06	4.1539E-06
-2.0641E-08	1.6282E-08	1.7737E-06	4.2110E-06
1.3109E-08	4.5709E-08	2.4542E-06	5.0653E-06
-9.8490E-09	1.0219E-08	2.4908E-06	4.2111E-06
4.1676E-08	-4.8080E-09	1.9109E-06	4.7357E-06
-4.4551E-08	-2.9284E-09	2.2170E-06	5.0834E-06
-3.6122E-08	-3.4684E-09	2.7794E-06	5.4389E-06
7.3306E-09	1.5884E-08	3.4259E-06	4.1829E-06
1.2076E-08	1.2845E-08	1.3928E-06	4.0802E-06
4.6568E-08	-3.3546E-08	2.3084E-06	6.3671E-06
6.9974E-09	4.1457E-08	4.1245E-06	4.7638E-06
-4.1104E-09	-1.2942E-08	2.4825E-06	3.5890E-06
7.4933E-09	-6.9666E-10	1.4956E-06	5.1537E-06
3.3696E-08	1.5053E-08	3.3887E-06	6.1860E-06
-1.1787E-08	-3.6868E-09	4.0367E-06	4.0381E-06
1.0820E-08	6.8991E-09	2.6242E-06	4.0662E-06
6.3685E-09	-3.0341E-08	2.7447E-06	3.9662E-06
-7.3940E-09	2.8105E-08	1.7786E-06	4.4325E-06
3.1394E-08	1.8713E-08	2.4137E-06	4.9059E-06
-4.0229E-08	9.1465E-09	2.1242E-06	5.1108E-06
2.8755E-08	-2.3625E-08	3.1191E-06	5.1404E-06
-1.2482E-08	-1.6147E-08	2.2468E-06	4.6292E-06
-3.2634E-09	-1.2031E-08	2.9938E-06	5.7549E-06
-3.2727E-08	-1.0673E-08	3.5340E-06	4.4871E-06
7.5368E-10	-4.2828E-08	2.9139E-06	4.4876E-06
-2.5315E-08	-1.8069E-08	3.0679E-06	4.1552E-06
1.3085E-08	2.7387E-08	2.1296E-06	3.8646E-06
-1.3635E-08	-3.2895E-08	1.8680E-06	5.0646E-06
-1.5500E-08	1.3698E-08	2.7912E-06	4.6147E-06
2.5685E-08	2.8742E-09	1.4876E-06	4.7533E-06
-2.1271E-10	1.9645E-08	2.7184E-06	5.8239E-06
5.9006E-08	4.5143E-10	2.6543E-06	4.6760E-06
-5.9576E-09	-1.6874E-08	2.5188E-06	5.1142E-06
5.0045E-10	-3.6172E-08	2.0255E-06	4.9105E-06
-8.2364E-10	2.4146E-09	2.6464E-06	6.1246E-06
-1.3794E-08	-1.2811E-08	3.3099E-06	4.9865E-06
-9.0169E-10	8.3395E-09	2.9670E-06	5.0084E-06
-7.0889E-09	-2.8104E-08	2.5331E-06	4.4592E-06
6.2491E-09	1.4273E-08	2.4970E-06	5.6481E-06
-1.0039E-08	-2.7428E-08	3.2561E-06	4.4225E-06
4.7055E-10	-5.3363E-09	1.7537E-06	4.8429E-06
3.2295E-08	2.4398E-08	2.5529E-06	5.5123E-06
-3.3423E-08	2.8291E-08	2.6462E-06	5.2047E-06
2.5700E-08	-4.5290E-08	2.4499E-06	4.9197E-06
-1.6824E-09	3.5364E-08	2.0240E-06	5.6208E-06
1.5275E-08	-6.3938E-08	2.8388E-06	5.7571E-06
-8.3311E-09	-1.5797E-08	2.8470E-06	5.4589E-06
4.3967E-10	2.5214E-08	2.8120E-06	5.2951E-06
2.1226E-08	4.1057E-09	2.9054E-06	5.4784E-06
-1.8520E-08	-5.3926E-08	2.6813E-06	4.7895E-06
-2.0036E-08	1.3311E-08	2.3186E-06	6.1299E-06
2.0060E-08	-1.3282E-08	4.1308E-06	4.8150E-06
2.1909E-08	7.3253E-08	1.3555E-06	4.0050E-06
-1.5506E-09	-1.4487E-08	1.9528E-06	6.3859E-06
5.4031E-08	1.1237E-08	2.5811E-06	5.3867E-06
1.5720E-08	-2.1123E-08	2.1021E-06	6.0553E-06
8.6878E-09	-2.5181E-08	2.8048E-06	6.0169E-06
1.4549E-08	2.7377E-08	2.4976E-06	5.9688E-06
4.7926E-08	1.1549E-08	3.2250E-06	6.5410E-06
-3.5108E-08	8.3693E-09	3.8322E-06	5.0374E-06
-2.7201E-08	2.8577E-09	1.9655E-06	4.9309E-06
3.4855E-08	-1.2281E-08	2.3785E-06	6.1996E-06
-2.2928E-08	-1.1605E-09	2.4984E-06	5.9711E-06
-2.8758E-08	2.6733E-09	2.8034E-06	6.3672E-06
3.6361E-08	2.3890E-10	2.7495E-06	6.1823E-06
-2.2027E-08	-2.8604E-09	3.3208E-06	6.6805E-06
-4.8941E-08	5.5935E-08	3.5918E-06	5.8706E-06
-2.5184E-08	1.9209E-08	3.5447E-06	5.7923E-06
1.0558E-08	4.2326E-08	2.8363E-06	5.1447E-06
4.6519E-08	-1.5293E-09	2.6522E-06	6.6630E-06
-4.0201E-09	-7.5022E-09	3.9205E-06	5.7561E-06
1.6476E-08	-1.4535E-09	2.7169E-06	5.7281E-06
-2.1237E-08	2.2028E-08	3.5933E-06	6.0768E-06
-2.7622E-08	1.0729E-08	2.9630E-06	5.3510E-06
-9.9990E-09	-2.7925E-08	2.8004E-06	6.2133E-06
-4.0791E-08	3.3753E-08	3.3919E-06	6.1439E-06
2.5798E-08	1.5309E-08	3.2730E-06	5.7443E-06
2.8433E-08	4.7032E-08	2.9801E-06	6.0713E-06
4.9728E-08	-7.6399E-09	3.3531E-06	6.1220E-06
-1.2183E-08	-3.9771E-08	3.2341E-06	6.3245E-06
3.0331E-08	2.9632E-08	4.3822E-06	6.2178E-06
1.5799E-08	-4.3017E-08	3.7949E-06	4.3992E-06
4.2407E-09	-7.2654E-09	1.8271E-06	5.4234E-06
2.8020E-08	-1.3033E-08	3.3035E-06	7.0848E-06
6.2007E-09	5.1053E-08	4.1191E-06	5.1333E-06
9.5901E-09	-8.4338E-09	2.2320E-06	5.5928E-06
-8.8805E-09	1.8999E-09	3.5885E-06	6.4621E-06
2.0005E-08	2.5764E-08	3.1928E-06	5.4088E-06
-3.3000E-08	-2.6491E-08	3.3271E-06	6.1761E-06
-1.2457E-08	-1.8164E-09	3.5624E-06	5.1731E-06
1.8516E-08	-1.5551E-08	2.6777E-06	5.3090E-06
-9.9871E-09	5.4905E-08	2.4496E-06	5.4803E-06
-7.2160E-09	-4.0717E-09	1.9234E-06	6.3969E-06
1.3603E-08	3.6117E-08	3.5023E-06	7.3379E-06
7.0914E-09	7.2533E-09	4.3210E-06	5.1056E-06
-2.3496E-08	7.8020E-09	1.9492E-06	5.1248E-06
-3.0559E-08	-2.4795E-09	2.9088E-06	6.3254E-06
3.1032E-08	2.4233E-08	2.1928E-06	5.4610E-06
-4.0267E-08	1.0900E-08	2.5687E-06	6.8976E-06
1.1297E-08	-6.8356E-09	2.7285E-06	5.5553E-06
-1.9596E-08	1.6063E-08	1.8653E-06	7.0282E-06
3.0517E-08	9.3731E-09	3.5085E-06	6.6674E-06
-9.4197E-09	-1.9335E-08	2.7438E-06	5.8686E-06
-7.4226E-09	6.0600E-10	2.1834E-06	5.9447E-06
-9.6005E-09	-5.6243E-08	1.6557E-06	7.0772E-06
-2.8415E-10	-1.0601E-08	2.9977E-06	7.2934E-06
-2.5461E-08	-1.4536E-09	2.4563E-06	6.5934E-06
-2.2089E-08	-3.4487E-08	2.5741E-06	7.5218E-06
-9.3251E-09	-1.8183E-10	3.4263E-06	6.9014E-06
-3.0445E-08	2.0980E-08	2.4827E-06	6.1438E-06
-1.0353E-08	1.6864E-08	1.5603E-06	7.1481E-06
-2.6936E-08	1.7232E-08	2.0502E-06	8.4081E-06
2.9556E-08	4.6152E-08	3.5278E-06	8.6204E-06
2.9780E-08	3.2960E-08	3.7421E-06	7.3988E-06
2.2898E-08	2.0577E-08	3.3908E-06	7.9239E-06
-7.4255E-09	-2.0095E-08	4.3719E-06	7.1744E-06
-3.7593E-08	5.4528E-09	3.0326E-06	6.7252E-06
-1.2682E-08	-5.1860E-09	3.5993E-06	7.7098E-06
-1.9082E-08	-6.6061E-09	3.6295E-06	6.6318E-06
-2.1247E-08	2.7147E-08	2.9122E-06	7.2612E-06
2.9553E-08	4.0267E-08	3.2439E-06	7.2735E-06
-2.9077E-08	-1.7238E-08	3.0882E-06	7.8878E-06
-5.3515E-08	-2.5960E-09	4.1544E-06	7.3984E-06
1.3716E-09	-2.7627E-09	3.1044E-06	7.0668E-06
-4.8010E-08	4.0221E-08	3.8530E-06	7.4706E-06
-3.1698E-08	1.4187E-08	2.8256E-06	6.7740E-06
-6.7074E-09	5.6183E-08	3.3289E-06	8.2076E-06
-3.5427E-08	-5.8569E-08	3.4860E-06	7.0160E-06
-1.0191E-08	1.9135E-08	3.0802E-06	8.1529E-06
2.2155E-08	-1.3277E-08	3.9953E-06	7.4923E-06
3.6761E-08	2.0053E-08	3.4550E-06	7.3640E-06
-5.5113E-09	3.7547E-08	2.9740E-06	7.1226E-06
-2.1706E-08	-6.4092E-09	2.7294E-06	8.5805E-06
-3.2421E-08	5.7532E-08	3.9732E-06	8.2453E-06
3.6931E-09	1.4095E-08	3.9100E-06	8.2713E-06
4.7172E-08	1.8522E-08	4.2844E-06	7.1732E-06
-5.1127E-09	-8.7322E-09	2.7258E-06	7.9058E-06
-5.8452E-09	6.0509E-08	4.3461E-06	8.5845E-06
-2.2022E-08	-2.5838E-08	4.0025E-06	7.3176E-06
-6.6016E-09	-6.1848E-09	3.3528E-06	7.9406E-06
-1.0385E-08	1.5651E-08	4.1035E-06	8.5449E-06
-1.8445E-08	4.5181E-08	4.6124E-06	7.4257E-06
-7.7650E-09	7.1326E-10	3.6327E-06	7.4299E-06
1.5639E-08	-1.9947E-08	3.6743E-06	7.6383E-06
-1.7834E-08	9.0444E-09	3.8799E-06	8.3737E-06
-3.9991E-10	1.9583E-08	4.9905E-06	6.7405E-06
-3.4422E-08	-3.9382E-08	2.1549E-06	6.3732E-06
-4.9765E-08	-1.0475E-08	2.4920E-06	8.5321E-06
1.0311E-08	-3.7503E-10	3.0014E-06	8.5341E-06
-2.2721E-08	1.2672E-08	3.4277E-06	8.7448E-06
3.7678E-09	3.6888E-08	3.4987E-06	8.9607E-06
3.3015E-08	1.1969E-08	4.6031E-06	8.4982E-06
-1.5359E-08	2.5530E-08	3.2909E-06	7.6814E-06
1.8576E-08	2.9417E-08	3.5276E-06	8.8758E-06
9.7938E-09	2.1944E-10	3.4310E-06	8.3032E-06
9.4782E-09	-2.9770E-10	3.3926E-06	9.4961E-06
-3.7434E-08	-1.0717E-08	4.7687E-06	9.1705E-06
1.4410E-08	-2.5272E-08	4.4976E-06	7.8878E-06
-2.3150E-08	3.3195E-08	3.2110E-06	8.3539E-06
-9.1651E-09	-2.5134E-09	4.1605E-06	9.3165E-06
3.0044E-08	1.8016E-08	4.5618E-06	8.2575E-06
2.2827E-09	-6.3125E-09	3.7873E-06	7.8738E-06
-5.2399E-08	1.7423E-08	2.9101E-06	8.6036E-06
-2.2800E-08	2.2950E-09	3.8278E-06	9.4816E-06
6.3369E-09	-2.1209E-08	3.9858E-06	8.8339E-06
3.0565E-08	3.7094E-08	4.1318E-06	9.0931E-06
9.7572E-09	2.7396E-10	3.9440E-06	8.4703E-06
1.5215E-08	-5.8059E-10	3.7581E-06	9.1897E-06
1.3888E-08	1.5529E-09	4.2728E-06	8.3517E-06
-3.9602E-09	2.0468E-08	2.6563E-06	8.6059E-06
3.4026E-08	1.3462E-08	3.6856E-06	9.9634E-06
-3.4283E-08	6.4798E-09	3.5249E-06	8.5577E-06
1.4225E-08	1.7250E-08	2.6148E-06	1.0492E-05
-4.9579E-08	-2.6578E-08	4.8292E-06	9.9692E-06
4.6351E-08	2.0422E-08	3.0906E-06	9.4510E-06
5.0736E-09	5.7156E-09	4.5433E-06	1.0854E-05
-1.6008E-08	1.5615E-08	4.5324E-06	8.9644E-06
1.7318E-08	2.5091E-08	3.3796E-06	9.7148E-06
1.4690E-09	-3.7607E-09	3.7627E-06	1.0495E-05
3.3462E-08	-4.2964E-09	4.7645E-06	1.0339E-05
3.8159E-08	-2.1218E-08	4.1988E-06	9.4997E-06
4.6591E-08	1.1049E-08	3.9955E-06	1.0070E-05
-2.1022E-09	3.5184E-08	3.7672E-06	1.0131E-05
7.3983E-09	2.6551E-11	4.3362E-06	1.0826E-05
1.6208E-08	2.1117E-08	4.6587E-06	1.0057E-05
-2.0397E-08	6.9565E-09	4.2823E-06	9.7736E-06
1.5715E-08	5.0800E-09	3.0797E-06	1.0051E-05
-2.5380E-08	-4.4724E-08	3.9382E-06	1.1795E-05
1.2817E-08	2.9769E-08	4.7219E-06	1.0556E-05
-3.6199E-08	-2.0035E-08	4.0194E-06	1.1183E-05
-2.3303E-08	-1.4483E-08	4.9216E-06	1.0913E-05
-3.7907E-09	1.6779E-08	4.0393E-06	1.0796E-05
1.4017E-08	-1.3469E-08	4.7941E-06	1.1759E-05
3.6211E-08	-3.6829E-08	5.4917E-06	1.0307E-05
5.8816E-09	-7.1873E-09	3.5109E-06	9.9471E-06
6.7698E-09	-2.5690E-08	3.0485E-06	1.1848E-05
1.8126E-08	3.6819E-08	4.3235E-06	1.3009E-05
-1.6375E-08	-4.2218E-09	5.8464E-06	1.1979E-05
3.1531E-10	-1.2027E-08	4.5617E-06	1.1374E-05
3.8214E-08	1.2024E-08	5.3183E-06	1.2257E-05
1.1995E-08	3.0510E-09	4.9572E-06	1.1432E-05
1.4188E-08	3.1290E-08	5.2580E-06	1.2326E-05
-3.2095E-08	9.7785E-09	5.4567E-06	1.1578E-05
-3.5912E-08	2.5529E-08	5.3839E-06	1.1479E-05
1.4129E-08	-1.9370E-09	3.8972E-06	1.1629E-05
-3.3446E-08	-7.9724E-09	5.6487E-06	1.3794E-05
1.4378E-08	-1.5763E-08	6.0646E-06	1.1221E-05
1.5010E-08	2.9847E-08	5.4291E-06	1.2755E-05
-4.8394E-08	6.3038E-08	6.1454E-06	1.0606E-05
1.5056E-08	2.5548E-08	3.7593E-06	1.2257E-05
2.9407E-09	5.7932E-08	5.7446E-06	1.2421E-05
2.2434E-08	9.5504E-09	4.5782E-06	1.2446E-05
5.2421E-09	2.9544E-08	5.8927E-06	1.2432E-05
2.7891E-08	7.2543E-09	4.3310E-06	1.1887E-05
6.0383E-09	-2.1947E-08	4.6540E-06	1.3062E-05
-1.7286E-08	2.4406E-09	4.3384E-06	1.3251E-05
-2.7768E-08	1.0377E-08	5.2934E-06	1.3876E-05
1.8787E-08	-2.0149E-08	4.7156E-06	1.3206E-05
4.9328E-08	-3.7583E-08	4.9208E-06	1.4826E-05
1.8643E-08	2.0221E-08	6.3841E-06	1.4067E-05
-2.9707E-08	2.6130E-08	5.4811E-06	1.3232E-05
-6.0957E-09	2.8328E-08	4.7409E-06	1.3975E-05
2.0186E-08	-1.3180E-08	5.0397E-06	1.4994E-05
-3.3343E-08	3.4365E-09	5.8699E-06	1.4935E-05
1.7936E-10	1.8472E-09	5.4970E-06	1.4959E-05
5.6130E-09	-3.1018E-08	6.3043E-06	1.5456E-05
7.5633E-09	-2.4532E-08	6.0691E-06	1.4640E-05
-6.0642E-09	4.0030E-08	5.8312E-06	1.5561E-05
-3.8574E-09	3.6760E-09	6.3771E-06	1.5397E-05
7.6876E-09	-3.5691E-08	6.3199E-06	1.5328E-05
-1.8019E-08	1.6223E-08	5.4144E-06	1.5210E-05
2.2725E-08	-2.2568E-08	5.5347E-06	1.7420E-05
1.1454E-08	1.3699E-08	7.7171E-06	1.6801E-05
2.8229E-08	7.6509E-09	6.7936E-06	1.5598E-05
1.9834E-08	5.0540E-09	5.8536E-06	1.6558E-05
4.6847E-08	2.8874E-08	6.8441E-06	1.7718E-05
1.7628E-08	1.1626E-09	7.2836E-06	1.6627E-05
4.4103E-08	-2.1553E-08	6.1771E-06	1.7348E-05
-1.6985E-09	2.8294E-08	6.9321E-06	1.8365E-05
8.2802E-09	4.3602E-08	7.8489E-06	1.8072E-05
1.7508E-08	-5.1819E-09	6.8117E-06	1.7336E-05
2.6622E-08	4.1097E-08	6.4014E-06	1.9423E-05
-2.4030E-08	-3.2534E-08	7.6775E-06	1.9645E-05
-5.3466E-08	3.9243E-08	8.1180E-06	2.0064E-05
1.7374E-08	4.6819E-08	8.3153E-06	1.9391E-05
-1.5604E-08	-4.2657E-09	8.0548E-06	2.0616E-05
-2.7212E-08	-1.8549E-08	8.6230E-06	2.0067E-05
4.6775E-08	-3.1653E-08	8.0056E-06	2.1768E-05
1.9350E-08	-1.1995E-08	9.5514E-06	2.1325E-05
1.0495E-08	1.4328E-08	8.1511E-06	2.2676E-05
2.3116E-08	-7.9143E-09	1.0488E-05	2.3646E-05
-1.5266E-08	1.2771E-08	1.0238E-05	2.4089E-05
-3.5684E-09	1.0355E-08	1.3045E-05	2.4651E-05
-2.1760E-08	-1.2845E-08	1.2805E-05	2.3089E-05
-3.6137E-09	4.2353E-09	1.3514E-05	2.3526E-05
8.5794E-09	-4.9938E-09	1.2526E-05	2.2598E-05
-1.0903E-08	-1.6946E-08	1.2208E-05	2.5230E-05
2.0956E-08	-4.9863E-08	1.4875E-05	2.5750E-05
2.4958E-08	-6.5637E-09	1.4863E-05	2.4234E-05
4.0381E-08	2.8319E-08	1.3949E-05	2.6179E-05
2.0728E-08	-3.7228E-08	1.6313E-05	2.7086E-05
1.1622E-08	-2.8186E-08	1.6283E-05	2.6837E-05
-1.2695E-08	2.7139E-08	1.6666E-05	2.8668E-05
7.0793E-09	-1.7739E-09	1.8974E-05	3.1181E-05
-1.3312E-08	6.7547E-10	2.3192E-05	3.0301E-05
2.1569E-09	-1.5836E-08	2.2860E-05	2.9196E-05
-8.0888E-09	-1.4746E-08	2.4900E-05	3.1802E-05
-2.6786E-09	2.1607E-08	2.9757E-05	3.2061E-05
-1.6297E-08	6.5217E-09	3.3641E-05	2.9050E-05
4.8366E-09	-2.0905E-08	3.5250E-05	2.7651E-05
-1.1147E-08	-1.6247E-08	3.9870E-05	2.4388E-05
3.3240E-08	1.3259E-08	3.9889E-05	1.9708E-05
1.0133E-08	1.3215E-08	4.1883E-05	1.6445E-05
2.9192E-08	-1.3991E-09	4.0144E-05	1.0994E-05
2.6309E-08	2.2110E-08	3.9623E-05	8.8865E-06
-3.0169E-09	-1.7067E-08	3.7118E-05	3.6279E-06
-3.5366E-08	-1.0129E-08	3.3548E-05	2.6446E-06
3.3963E-09	6.7715E-09	3.0427E-05	7.1203E-08
-8.3294E-09	-3.2603E-08	2.5914E-05	1.0655E-06
-3.6519E-09	-2.1140E-08	2.3781E-05	1.7032E-06
9.0180E-09	-5.6887E-09	2.0871E-05	4.0460E-06
-3.1588E-08	9.0699E-09	2.1519E-05	5.8472E-06
-1.7136E-08	1.7189E-09	1.9899E-05	5.4952E-06
-1.1816E-08	-4.8449E-08	1.8490E-05	8.2656E-06
2.5941E-08	2.3879E-08	1.9030E-05	9.2479E-06
2.0277E-08	2.1813E-08	1.7656E-05	1.1391E-05
-1.8487E-08	-2.0273E-08	1.9692E-05	1.4120E-05
6.1527E-09	4.6715E-08	2.1095E-05	1.4803E-05
-2.1146E-08	-1.3241E-08	2.3725E-05	1.5253E-05
4.0700E-08	1.6346E-09	2.4006E-05	1.3639E-05
-4.7028E-09	-3.0377E-10	2.4379E-05	1.4811E-05
-1.9442E-08	-3.0354E-08	2.5998E-05	1.4554E-05
5.0392E-09	-8.0777E-09	2.7410E-05	1.3578E-05
-5.1313E-08	1.3659E-08	2.6509E-05	1.1876E-05
-2.2084E-08	-3.3084E-08	2.6249E-05	1.3287E-05
-6.6201E-10	-2.4054E-08	2.7004E-05	1.2738E-05
-1.5420E-08	-3.0286E-08	2.6898E-05	1.3866E-05
-3.7156E-08	-6.1931E-09	2.8629E-05	1.4121E-05
3.3024E-09	-1.4295E-09	2.9890E-05	1.4343E-05
3.5457E-09	1.4801E-09	3.2176E-05	1.3326E-05
-2.9412E-09	4.1505E-09	3.3037E-05	1.1790E-05
-3.6043E-08	6.8046E-09	3.4164E-05	9.8995E-06
1.0669E-08	-3.8541E-08	3.3224E-05	7.6793E-06
1.3628E-08	1.5241E-08	3.2676E-05	7.7530E-06
1.3401E-08	1.2535E-10	3.3349E-05	6.2982E-06
2.6737E-09	7.7042E-09	3.2007E-05	5.2482E-06
2.7036E-08	4.0243E-08	3.2269E-05	4.8548E-06
9.4598E-10	2.8658E-08	3.0664E-05	3.0317E-06
-1.5538E-08	-2.6212E-08	2.8820E-05	4.2387E-06
1.3423E-08	7.8918E-09	2.8678E-05	5.2066E-06
-1.0985E-08	-2.0242E-08	2.9309E-05	6.2243E-06
1.3069E-08	2.4398E-08	2.9666E-05	5.4362E-06
-8.1037E-09	-8.6280E-10	2.8818E-05	6.9357E-06
4.5776E-08	-2.5106E-08	3.1442E-05	7.8586E-06
1.6605E-08	-2.6323E-08	3.2304E-05	6.3919E-06
-6.6212E-08	-6.9491E-09	3.3126E-05	6.3977E-06
5.5892E-09	-5.3615E-08	3.4262E-05	4.9671E-06
1.9234E-08	-2.8430E-08	3.4589E-05	4.0760E-06
-9.3852E-09	5.2460E-08	3.5282E-05	2.1633E-06
-3.3846E-09	1.6546E-08	3.4122E-05	6.5850E-07
1.2834E-08	-2.1803E-08	3.3540E-05	-2.9945E-08
2.5619E-08	1.3160E-08	3.2503E-05	-5.9549E-07
-4.9289E-09	1.6472E-09	3.1848E-05	-7.9778E-07
7.5050E-09	9.4820E-09	3.1129E-05	-6.0814E-07
-4.4698E-08	-4.8496E-08	3.0738E-05	-1.2558E-06
1.1036E-08	2.8209E-09	2.8467E-05	2.4401E-07
-3.3847E-08	2.1368E-08	3.1023E-05	2.2293E-06
-7.7518E-09	-4.8595E-08	3.0884E-05	1.2241E-07
-7.4199E-09	1.2056E-08	3.0343E-05	2.0405E-06
2.6947E-08	-1.6295E-08	3.2006E-05	1.9279E-06
-2.9006E-08	7.4873E-09	3.2378E-05	1.6969E-06
1.5862E-08	3.2062E-08	3.2422E-05	1.4325E-06
8.7456E-09	-2.8621E-08	3.2905E-05	2.8432E-06
-9.0763E-09	-2.3101E-08	3.5226E-05	2.6815E-06
-1.9690E-08	2.6186E-09	3.5976E-05	1.7736E-06
-2.9757E-08	-6.8361E-10	3.6891E-05	1.8033E-06
-5.9512E-09	9.1160E-09	3.8435E-05	1.7005E-06
-1.8869E-08	3.3325E-09	4.0860E-05	1.4450E-06
-4.5847E-09	2.2129E-08	4.3712E-05	-1.2588E-06
2.0961E-08	-3.3711E-09	4.3558E-05	-3.2745E-06
-2.4949E-08	-1.8188E-08	4.7205E-05	-4.3003E-06
-1.7785E-08	-2.6729E-08	4.8469E-05	-1.0984E-05
-5.8608E-09	1.4047E-08	4.6316E-05	-1.3970E-05
2.3917E-08	-6.8745E-09	4.6096E-05	-1.7931E-05
-4.3892E-10	-2.9785E-09	4.2752E-05	-2.2034E-05
-1.9375E-08	1.1952E-08	3.8364E-05	-2.4266E-05
-4.6847E-09	-2.3676E-08	3.4046E-05	-2.3376E-05
1.7825E-08	4.9055E-10	3.2864E-05	-2.2688E-05
1.5858E-08	-3.4223E-09	3.0132E-05	-2.2850E-05
1.9988E-09	-1.1959E-08	2.8286E-05	-2.1056E-05
-4.8062E-09	-1.5422E-08	2.7302E-05	-1.9304E-05
4.6408E-09	1.3801E-08	2.8537E-05	-1.7414E-05
-2.5081E-08	2.5910E-08	2.9248E-05	-1.8450E-05
1.1367E-08	-2.7596E-08	2.9361E-05	-1.7475E-05
5.7679E-09	-3.3823E-08	3.1222E-05	-1.9180E-05
2.2378E-08	3.3129E-08	3.0045E-05	-1.9902E-05
-2.0404E-08	-3.8357E-08	3.2216E-05	-2.0957E-05
4.1903E-09	2.1617E-08	3.0902E-05	-2.4559E-05
4.8738E-09	-5.7709E-08	2.9834E-05	-2.5354E-05
-6.2040E-08	1.1048E-08	2.8969E-05	-2.8033E-05
1.7216E-09	-2.0429E-08	2.6067E-05	-3.0630E-05
-4.9685E-08	1.7444E-08	2.1499E-05	-3.0584E-05
2.3123E-08	-1.5675E-08	2.0413E-05	-2.9010E-05
8.7988E-09	8.6152E-09	1.8430E-05	-2.9931E-05
-2.0287E-08	-8.8318E-09	1.6023E-05	-2.9038E-05
-3.9520E-08	-1.2086E-08	1.3945E-05	-2.7754E-05
4.2627E-08	2.1708E-08	1.4030E-05	-2.6719E-05
-9.2162E-09	1.3913E-08	1.1248E-05	-2.7553E-05
-1.0230E-10	6.9020E-09	9.5678E-06	-2.4418E-05
-5.1490E-08	-5.8227E-08	9.0804E-06	-2.3593E-05
-1.7846E-10	-3.0437E-08	8.7997E-06	-2.1409E-05
3.0011E-08	-2.6932E-08	8.6167E-06	-2.1305E-05
-1.3797E-08	-3.3760E-08	8.4779E-06	-1.9571E-05
2.1322E-08	-1.3067E-08	7.8155E-06	-2.0289E-05
1.5006E-08	8.4316E-10	6.5813E-06	-1.7141E-05
5.6594E-09	-1.7648E-08	8.1949E-06	-1.6997E-05
-3.1827E-09	-6.2699E-09	7.1988E-06	-1.5225E-05
-3.4293E-08	3.1619E-08	9.8600E-06	-1.4785E-05
2.5709E-08	1.9652E-08	9.0983E-06	-1.5825E-05
9.0056E-09	-3.8791E-09	9.4226E-06	-1.5050E-05
1.9220E-08	2.2642E-08	9.4095E-06	-1.5904E-05
1.6187E-08	1.4306E-08	7.7446E-06	-1.5571E-05
-2.3391E-08	5.4432E-08	8.2570E-06	-1.3277E-05
7.4883E-09	-3.9263E-08	9.8576E-06	-1.4575E-05
-1.1048E-08	-1.0385E-09	8.0826E-06	-1.5056E-05
-1.7469E-08	-2.2087E-08	7.5558E-06	-1.4211E-05
-2.4292E-08	9.9900E-09	7.0817E-06	-1.3090E-05
-1.2900E-08	-4.1688E-08	7.7668E-06	-1.2617E-05
-6.5933E-09	-2.5480E-10	7.3133E-06	-1.2291E-05
7.7206E-09	-1.2609E-08	7.6888E-06	-1.1737E-05
4.7310E-08	1.3953E-08	7.2728E-06	-1.1583E-05
-3.0874E-09	-1.4486E-08	7.0094E-06	-1.0473E-05
1.9193E-08	1.6099E-08	7.9971E-06	-9.2990E-06
1.5544E-08	-2.5310E-08	8.6765E-06	-1.0244E-05
-1.5432E-08	-8.0567E-09	7.1662E-06	-9.1762E-06
1.0499E-08	-4.5685E-08	8.8182E-06	-7.2947E-06
-7.8964E-09	-5.4669E-08	9.9637E-06	-7.3891E-06
-2.4453E-08	1.1213E-08	1.1546E-05	-7.0246E-06
-4.1625E-08	-8.0167E-09	1.2866E-05	-8.3347E-06
1.6067E-08	-7.7199E-09	1.3197E-05	-9.1356E-06
1.5909E-08	8.7276E-09	1.3805E-05	-1.0566E-05
-8.9057E-09	1.4851E-08	1.2319E-05	-1.1862E-05
1.0858E-08	-2.1750E-08	1.1814E-05	-1.0368E-05
-1.3971E-08	-2.2686E-08	1.3607E-05	-1.1006E-05
1.0294E-09	-3.7806E-09	1.2940E-05	-1.2125E-05
-2.8808E-08	-1.0967E-08	1.4532E-05	-1.2240E-05
-6.7011E-08	1.4332E-08	1.4296E-05	-1.7168E-05
6.8622E-09	2.8875E-08	8.5683E-06	-1.7781E-05
-7.8939E-09	1.0510E-08	7.2716E-06	-1.4949E-05
-3.5162E-08	-1.4531E-08	6.4004E-06	-1.3797E-05
1.2487E-08	1.4794E-08	7.0231E-06	-1.2091E-05
-6.9156E-09	-4.6366E-08	6.9411E-06	-1.2057E-05
-2.1911E-08	-1.7160E-08	7.9343E-06	-1.1092E-05
-2.4956E-08	3.7008E-08	7.3485E-06	-1.2741E-05
-1.5680E-08	-2.7735E-08	6.3141E-06	-1.0593E-05
-1.4012E-08	2.4804E-08	7.8219E-06	-1.0811E-05
-4.7228E-09	-1.5502E-08	7.5338E-06	-1.0777E-05
-2.2380E-08	-3.2909E-08	7.7473E-06	-1.1680E-05
-7.2110E-09	-5.0510E-08	6.4729E-06	-1.0981E-05
-1.9690E-09	-1.5224E-08	7.6770E-06	-1.1003E-05
-6.3888E-09	-1.4615E-08	6.6784E-06	-1.2395E-05
-3.5293E-08	-5.2245E-09	4.7137E-06	-1.2390E-05
2.8167E-08	-2.1185E-08	3.2308E-06	-1.0343E-05
5.9246E-09	-8.9902E-09	3.9009E-06	-9.1561E-06
4.9726E-10	-2.5271E-08	3.5026E-06	-8.3390E-06
1.5643E-09	1.7706E-08	4.0929E-06	-7.3506E-06
1.7541E-08	1.8442E-08	4.2269E-06	-6.8612E-06
1.7488E-08	-9.1768E-10	4.6755E-06	-6.4359E-06
2.2248E-08	2.2255E-08	4.4218E-06	-6.3391E-06
4.0643E-09	-1.6981E-08	3.5281E-06	-5.2244E-06
1.6356E-08	-6.7962E-10	4.6841E-06	-2.4999E-06
7.6603E-09	-2.2597E-09	7.3479E-06	-3.3709E-06
-5.8651E-09	-2.9199E-09	6.4379E-06	-4.0778E-06
7.2165E-09	-3.8283E-09	6.6331E-06	-3.3753E-06
7.0496E-09	-2.8738E-09	6.1705E-06	-2.5482E-06
3.2097E-08	8.3195E-09	7.3240E-06	-7.4838E-07
-6.2193E-09	-4.0625E-08	9.1402E-06	-1.9851E-07
3.0905E-08	8.6536E-09	1.1009E-05	-7.7609E-07
1.6500E-08	-6.7895E-09	1.1157E-05	-1.5732E-06
-1.3529E-08	2.3020E-08	1.2109E-05	-9.9846E-07
-9.6931E-09	6.2160E-09	1.3523E-05	-2.0928E-06
2.5523E-08	2.8915E-08	1.3090E-05	-2.9773E-06
1.6200E-08	-9.0830E-09	1.3321E-05	-2.1967E-06
2.8791E-08	2.2957E-08	1.4843E-05	-2.3847E-06
3.3778E-10	-2.5003E-08	1.5597E-05	-3.4534E-06
-1.4803E-08	2.3460E-08	1.5619E-05	-4.3764E-06
3.7114E-09	1.3869E-09	1.5146E-05	-4.5067E-06
-8.4918E-09	-1.3012E-09	1.5689E-05	-3.2738E-06
-3.4254E-08	-7.7379E-09	1.8581E-05	-4.0450E-06
2.6031E-08	-4.2346E-08	1.7801E-05	-6.6540E-06
9.7775E-09	-1.3003E-08	1.8030E-05	-5.2951E-06
-1.2936E-08	2.4722E-08	1.9618E-05	-7.4710E-06
-8.0330E-09	-5.3264E-09	1.8741E-05	-7.6895E-06
7.0943E-09	4.3647E-10	2.0248E-05	-8.8709E-06
3.5894E-09	-1.6636E-08	1.9265E-05	-1.0169E-05
8.3045E-09	1.9773E-08	1.9620E-05	-1.0300E-05
-1.1747E-09	-1.0430E-08	2.0025E-05	-1.1108E-05
-1.1868E-09	-2.2242E-08	2.0416E-05	-1.2439E-05
2.6532E-08	-3.7660E-08	2.0063E-05	-1.3339E-05
-2.0218E-08	-4.2710E-09	2.0253E-05	-1.4020E-05
-6.2922E-09	3.7619E-09	2.1163E-05	-1.4720E-05
-3.4240E-08	-1.5708E-08	2.1946E-05	-1.6970E-05
-3.5434E-08	9.8787E-09	2.3232E-05	-1.9117E-05
-1.6183E-08	2.6256E-08	2.2323E-05	-2.5899E-05
-4.0733E-08	5.4452E-09	1.6047E-05	-2.7667E-05
-1.3959E-08	-4.8129E-08	1.3490E-05	-2.8277E-05
-6.1020E-08	2.4278E-08	8.6502E-06	-2.7700E-05
1.7809E-08	-2.0189E-08	6.9834E-06	-2.6210E-05
-8.4793E-09	4.9065E-08	4.0156E-06	-2.4426E-05
-1.0158E-08	7.4970E-09	4.2025E-06	-2.2832E-05
2.8093E-08	-1.6180E-08	1.9608E-06	-2.1716E-05
-6.6294E-09	2.4860E-08	3.1360E-06	-2.0105E-05
-2.8606E-08	4.1929E-09	9.4431E-07	-2.0878E-05
-2.0020E-08	6.7555E-09	-2.6742E-08	-1.8256E-05
-4.1550E-09	1.1347E-08	-8.3308E-07	-1.6500E-05
-8.3585E-08	2.5914E-09	1.4199E-06	-1.4090E-05
-2.4614E-08	-2.6828E-08	1.6639E-06	-1.5986E-05
-2.7474E-08	-2.1735E-08	6.5492E-07	-1.4549E-05
-3.1993E-09	-2.0259E-08	6.1463E-07	-1.4227E-05
-4.2033E-09	-6.7373E-08	8.6327E-07	-1.2261E-05
4.0723E-08	-9.4138E-10	2.4256E-06	-1.2952E-05
-3.0600E-08	1.5659E-08	1.2374E-06	-1.2894E-05
1.7915E-08	-9.7484E-09	2.1619E-06	-1.1698E-05
-8.8629E-09	1.0831E-08	2.7767E-06	-1.2898E-05
-4.2397E-09	-6.5331E-09	1.2749E-06	-1.2911E-05
-2.8879E-08	3.0012E-08	1.4378E-06	-1.1549E-05
1.7180E-08	-3.3289E-08	2.0860E-06	-1.1949E-05
2.6405E-08	-2.5347E-08	8.2825E-07	-1.2068E-05
8.4327E-09	-1.7195E-08	9.8085E-07	-1.0132E-05
-1.6566E-08	-1.7587E-09	2.1042E-06	-1.0894E-05
2.1476E-08	2.9519E-09	8.7141E-07	-1.0259E-05
-1.4323E-08	-3.2907E-08	2.0809E-06	-9.6764E-06
-1.0508E-08	-5.4477E-09	1.5268E-06	-9.7580E-06
2.1077E-08	3.5751E-08	2.2568E-06	-9.0232E-06
-3.7674E-08	-3.0389E-08	2.5058E-06	-8.9506E-06
-5.4371E-09	3.5279E-08	3.5864E-06	-9.2956E-06
7.6405E-09	-2.9176E-08	2.9542E-06	-1.0242E-05
1.4176E-09	-1.1702E-08	2.1604E-06	-1.0188E-05
-2.7005E-08	-3.9062E-08	1.7137E-06	-8.4968E-06
-8.5298E-09	-2.1115E-08	3.7152E-06	-9.0718E-06
-1.6643E-09	-1.0082E-08	1.8271E-06	-9.2016E-06
-1.0653E-08	-1.1929E-08	3.9572E-06	-7.7118E-06
5.2184E-08	7.0825E-09	4.4297E-06	-1.0103E-05
-2.6229E-08	-8.4789E-09	2.6152E-06	-1.0895E-05
1.2047E-08	-5.3241E-08	1.9249E-06	-8.5722E-06
-5.1605E-09	-6.1165E-08	3.7159E-06	-1.0709E-05
1.2346E-08	1.0471E-08	-4.8626E-07	-8.6043E-06
-2.7710E-08	-1.9983E-10	4.3471E-06	-7.4850E-06
-1.9211E-08	1.3399E-08	2.2950E-06	-9.7310E-06
1.4477E-08	-8.3286E-09	3.0754E-06	-7.9082E-06
-2.0949E-08	3.0217E-08	1.2413E-06	-8.6517E-06
-5.1153E-09	4.2614E-09	4.5032E-06	-8.6507E-06
-4.7770E-09	3.8419E-09	1.5673E-06	-9.8824E-06
-4.1380E-09	3.6087E-09	1.3100E-06	-7.3670E-06
-3.5741E-09	3.9046E-09	3.1980E-06	-7.7822E-06
-3.3583E-09	4.2789E-09	2.1047E-06	-7.6447E-06
-3.2663E-09	4.7612E-09	3.7608E-06	-7.2344E-06
-3.6619E-09	5.2243E-09	3.6232E-06	-8.2795E-06
-4.1871E-09	5.1879E-09	3.6792E-06	-8.8875E-06
-4.5695E-09	4.9826E-09	2.3948E-06	-9.0616E-06
-4.9114E-09	4.4797E-09	2.5433E-06	-8.0712E-06
-4.7725E-09	3.8196E-09	3.3024E-06	-8.6973E-06
-4.3841E-09	3.4350E-09	1.6601E-06	-9.7290E-06
-3.8536E-09	3.1917E-09	8.3253E-07	-7.4636E-06
-3.2331E-09	3.3817E-09	2.0689E-06	-7.3934E-06
-2.9813E-09	3.8209E-09	1.8870E-06	-7.1226E-06
-2.9180E-09	4.2529E-09	2.0694E-06	-6.9440E-06
-3.2148E-09	4.7399E-09	3.2633E-06	-6.2439E-06
-3.7889E-09	4.7787E-09	3.3098E-06	-8.8502E-06
-4.1608E-09	4.5423E-09	8.7891E-07	-7.3841E-06
-4.5087E-09	4.1340E-09	1.9338E-06	-6.3737E-06
-4.4749E-09	3.4379E-09	2.6964E-06	-5.4222E-06
-4.0366E-09	3.0236E-09	3.9759E-06	-7.2489E-06
-3.5768E-09	2.8219E-09	2.2958E-06	-6.7580E-06
-2.9632E-09	2.8898E-09	3.2464E-06	-6.8737E-06
-2.6171E-09	3.3663E-09	2.4498E-06	-5.7383E-06
-2.6137E-09	3.8063E-09	4.8963E-06	-6.3123E-06
-2.8276E-09	4.2456E-09	3.8018E-06	-7.0747E-06
-3.3864E-09	4.4003E-09	5.0528E-06	-7.8364E-06
-3.8216E-09	4.1452E-09	3.1380E-06	-8.5611E-06
-4.1264E-09	3.7707E-09	3.7369E-06	-8.8040E-06
-4.1878E-09	3.1174E-09	7.5257E-07	-8.5325E-06
-3.7580E-09	2.6275E-09	2.9604E-06	-6.2039E-06
-3.2988E-09	2.4644E-09	2.3893E-06	-8.1275E-06
-2.7423E-09	2.4578E-09	2.7809E-06	-6.7323E-06
-2.2976E-09	2.9063E-09	2.2424E-06	-8.1251E-06
-2.3203E-09	3.4032E-09	2.2917E-06	-6.3246E-06
-2.5075E-09	3.7738E-09	2.9519E-06	-7.7122E-06
-2.9913E-09	4.0228E-09	2.3624E-06	-6.9702E-06
-3.5208E-09	3.8029E-09	2.8333E-06	-8.0992E-06
-3.7908E-09	3.3976E-09	1.2190E-06	-7.6794E-06
-3.8925E-09	2.8334E-09	1.4893E-06	-6.9710E-06
-3.5439E-09	2.2741E-09	1.2658E-06	-6.3587E-06
-3.0365E-09	2.0970E-09	2.3091E-06	-5.9659E-06
-2.5379E-09	2.0895E-09	2.4879E-06	-6.8086E-06
-2.0466E-09	2.4571E-09	1.9613E-06	-7.0029E-06
-2.0265E-09	3.0121E-09	1.5205E-06	-6.6649E-06
-2.2370E-09	3.3536E-09	1.8773E-06	-6.3106E-06
-2.6334E-09	3.6342E-09	1.5112E-06	-6.9453E-06
-3.2255E-09	3.5011E-09	7.0629E-07	-5.9170E-06
-3.5120E-09	3.0441E-09	1.2521E-06	-5.4761E-06
-3.5974E-09	2.5556E-09	1.2303E-06	-4.4759E-06
-3.3653E-09	1.9769E-09	3.3186E-06	-4.7563E-06
-2.8151E-09	1.7250E-09	2.1729E-06	-6.3059E-06
-2.3303E-09	1.7628E-09	2.1865E-06	-4.9774E-06
-1.8617E-09	2.0454E-09	2.5061E-06	-6.1704E-06
-1.7468E-09	2.6109E-09	1.0112E-06	-5.2612E-06
-1.9866E-09	2.9909E-09	2.3252E-06	-3.9035E-06
-2.3364E-09	3.2474E-09	3.3757E-06	-4.9457E-06
-2.9228E-09	3.2106E-09	2.5769E-06	-5.4227E-06
-3.2764E-09	2.7386E-09	2.7646E-06	-4.7819E-06
-3.3292E-09	2.2692E-09	2.8270E-06	-5.2268E-06
-3.1894E-09	1.7250E-09	2.7755E-06	-4.2800E-06
-2.6473E-09	1.3752E-09	4.2692E-06	-4.9899E-06
-2.1244E-09	1.4474E-09	3.0446E-06	-5.7346E-06
-1.7162E-09	1.6866E-09	3.8354E-06	-4.7772E-06
-1.5063E-09	2.2026E-09	3.8816E-06	-6.2976E-06
-1.7358E-09	2.6657E-09	3.1060E-06	-5.6706E-06
-2.1003E-09	2.8877E-09	3.7064E-06	-5.7596E-06
-2.6250E-09	2.9093E-09	4.0669E-06	-6.5240E-06
-3.0570E-09	2.4880E-09	2.0829E-06	-7.7336E-06
-3.1110E-09	1.9838E-09	1.5991E-06	-4.6604E-06
-3.0015E-09	1.4920E-09	3.5654E-06	-6.0071E-06
-2.5228E-09	1.0750E-09	1.9812E-06	-5.1513E-06
-1.9438E-09	1.1271E-09	4.2741E-06	-5.5277E-06
-1.5783E-09	1.3738E-09	2.6363E-06	-6.4226E-06
-1.3200E-09	1.8115E-09	3.6168E-06	-6.2082E-06
-1.4871E-09	2.3485E-09	1.9143E-06	-6.9579E-06
-1.9014E-09	2.5720E-09	2.6458E-06	-5.7409E-06
-2.3572E-09	2.5974E-09	2.0068E-06	-6.8856E-06
-2.8329E-09	2.2742E-09	1.4298E-06	-6.1816E-06
-2.9446E-09	1.7231E-09	1.5712E-07	-5.3614E-06
-2.8116E-09	1.2556E-09	2.1050E-06	-2.7932E-06
-2.4163E-09	8.3273E-10	3.9107E-06	-5.1281E-06
-1.8106E-09	8.0889E-10	2.3704E-06	-5.4356E-06
-1.4319E-09	1.0836E-09	3.0001E-06	-4.8064E-06
-1.1809E-09	1.4641E-09	2.9529E-06	-5.8236E-06
-1.2612E-09	2.0218E-09	2.1674E-06	-4.8881E-06
-1.7093E-09	2.2967E-09	3.5844E-06	-5.0973E-06
-2.1360E-09	2.2960E-09	2.8257E-06	-5.5702E-06
-2.6037E-09	2.0684E-09	3.6509E-06	-6.0413E-06
-2.8088E-09	1.5049E-09	1.4354E-06	-6.2708E-06
-2.6436E-09	1.0137E-09	3.3946E-06	-4.3925E-06
-2.3061E-09	6.3232E-10	3.1000E-06	-7.2423E-06
-1.7280E-09	5.1521E-10	1.7973E-06	-5.9324E-06
-1.2850E-09	7.9437E-10	1.9669E-06	-6.3827E-06
-1.0657E-09	1.1701E-09	1.3990E-06	-5.6662E-06
-1.0797E-09	1.6906E-09	1.2643E-06	-5.4283E-06
-1.5076E-09	2.0411E-09	2.2487E-06	-4.6133E-06
-1.9577E-09	2.0301E-09	1.8238E-06	-6.4215E-06
-2.3874E-09	1.8515E-09	7.1590E-07	-4.3253E-06
-2.6748E-09	1.3283E-09	2.8194E-06	-4.7352E-06
-2.5153E-09	7.8394E-10	1.8702E-06	-5.7874E-06
-2.1889E-09	4.4614E-10	1.2452E-06	-5.3490E-06
-1.6775E-09	2.6523E-10	1.3192E-06	-4.6965E-06
-1.1603E-09	5.0179E-10	1.4903E-06	-4.7878E-06
-9.5280E-10	9.1586E-10	1.5522E-06	-4.5295E-06
-9.4761E-10	1.3760E-09	1.2472E-06	-4.6828E-06
-1.3029E-09	1.7838E-09	1.6030E-06	-3.6338E-06
-1.8014E-09	1.8101E-09	2.3435E-06	-4.5239E-06
-2.2047E-09	1.6264E-09	1.7764E-06	-4.5840E-06
-2.5257E-09	1.1746E-09	1.4292E-06	-4.6786E-06
-2.4252E-09	5.8956E-10	1.4965E-06	-3.6548E-06
-2.0795E-09	2.5455E-10	2.0887E-06	-4.4740E-06
-1.6316E-09	6.0573E-11	1.2318E-06	-3.8782E-06
-1.0765E-09	2.2094E-10	2.1316E-06	-4.0209E-06
-8.3625E-10	6.7568E-10	8.5685E-07	-4.1626E-06
-8.4947E-10	1.0982E-09	1.3213E-06	-2.2654E-06
-1.1169E-09	1.5186E-09	3.2640E-06	-2.9274E-06
-1.6455E-09	1.6245E-09	2.1300E-06	-4.0574E-06
-2.0625E-09	1.4124E-09	2.7071E-06	-2.5989E-06
-2.3661E-09	1.0226E-09	3.1974E-06	-4.5985E-06
-2.3541E-09	4.4141E-10	1.3333E-06	-3.3850E-06
-1.9975E-09	5.8316E-11	3.0592E-06	-2.6185E-06
-1.5729E-09	-1.1482E-10	3.4576E-06	-3.4121E-06
-1.0339E-09	-2.6319E-11	3.2100E-06	-4.3207E-06
-7.2833E-10	4.2995E-10	2.3694E-06	-3.4807E-06
-7.6008E-10	8.6136E-10	3.3694E-06	-3.6426E-06
-9.6910E-10	1.2576E-09	2.7821E-06	-3.4009E-06
-1.4823E-09	1.4491E-09	4.0413E-06	-3.7415E-06
-1.9483E-09	1.2298E-09	2.8885E-06	-4.1255E-06
-2.2167E-09	8.6370E-10	4.0327E-06	-3.6976E-06
-2.2802E-09	3.3001E-10	3.2144E-06	-4.5037E-06
-1.9508E-09	-1.2458E-10	4.5778E-06	-3.9406E-06
-1.5042E-09	-2.8181E-10	3.3969E-06	-6.5232E-06
-1.0150E-09	-2.2827E-10	2.3003E-06	-4.2019E-06
-6.4757E-10	1.7815E-10	3.8496E-06	-5.6384E-06
-6.6212E-10	6.5172E-10	1.7651E-06	-5.5722E-06
-8.6190E-10	1.0211E-09	2.4754E-06	-5.2953E-06
-1.3219E-09	1.2643E-09	7.4405E-07	-5.4381E-06
-1.8391E-09	1.0844E-09	1.0709E-06	-3.5963E-06
-2.0969E-09	7.0698E-10	1.5697E-06	-3.4166E-06
-2.1938E-09	2.3275E-10	2.5879E-06	-3.0189E-06
-1.9293E-09	-2.7399E-10	2.7077E-06	-4.1759E-06
-1.4442E-09	-4.5060E-10	2.0637E-06	-3.7505E-06
-9.9798E-10	-3.9196E-10	2.5312E-06	-3.5780E-06
-6.0327E-10	-6.2956E-11	2.2197E-06	-3.7753E-06
-5.5706E-10	4.4923E-10	2.5191E-06	-2.4346E-06
-7.7999E-10	8.2151E-10	4.8602E-06	-3.8287E-06
-1.1822E-09	1.0681E-09	2.2509E-06	-5.7014E-06
-1.7179E-09	9.6415E-10	2.2697E-06	-3.2131E-06
-2.0107E-09	5.7078E-10	3.0477E-06	-4.4770E-06
-2.1027E-09	1.3006E-10	2.4498E-06	-3.8093E-06
-1.9119E-09	-3.8276E-10	2.9040E-06	-4.3721E-06
-1.4118E-09	-6.1458E-10	2.4121E-06	-4.1121E-06
-9.7142E-10	-5.3773E-10	2.3064E-06	-4.1510E-06
-5.8787E-10	-2.7313E-10	2.9707E-06	-3.4906E-06
-4.6193E-10	2.4246E-10	2.5221E-06	-5.4253E-06
-7.0203E-10	6.5409E-10	9.4485E-07	-2.9361E-06
-1.0740E-09	8.7559E-10	3.7328E-06	-3.3698E-06
-1.5850E-09	8.4940E-10	1.9948E-06	-4.1750E-06
-1.9445E-09	4.6763E-10	3.0480E-06	-2.9361E-06
-2.0235E-09	1.8378E-11	3.4709E-06	-4.0366E-06
-1.8817E-09	-4.6118E-10	3.0779E-06	-4.5053E-06
-1.4121E-09	-7.5701E-10	2.5656E-06	-4.2058E-06
-9.4077E-10	-6.8443E-10	2.9115E-06	-4.4107E-06
-5.8237E-10	-4.4370E-10	2.1624E-06	-4.1251E-06
-3.9535E-10	3.5945E-11	3.1675E-06	-3.7194E-06
-6.1578E-10	5.0073E-10	3.3439E-06	-4.6917E-06
-9.9245E-10	7.0646E-10	2.8400E-06	-5.5274E-06
-1.4557E-09	7.2725E-10	1.5218E-06	-5.4721E-06
-1.8777E-09	3.9452E-10	8.0565E-07	-4.7565E-06
-1.9680E-09	-8.9129E-11	9.3684E-07	-3.1820E-06
-1.8370E-09	-5.2847E-10	1.9823E-06	-3.7793E-06
-1.4326E-09	-8.6497E-10	1.1385E-06	-2.6323E-06
-9.2163E-10	-8.3657E-10	3.6608E-06	-3.0961E-06
-5.7004E-10	-5.8299E-10	1.9427E-06	-4.0211E-06
-3.6343E-10	-1.5485E-10	3.9001E-06	-3.4804E-06
-5.2517E-10	3.4340E-10	1.9599E-06	-6.1196E-06
-9.2101E-10	5.7031E-10	1.2321E-06	-3.8431E-06
-1.3483E-09	5.9993E-10	1.2318E-06	-4.7480E-06
-1.7972E-09	3.3519E-10	5.8047E-07	-3.0802E-06
-1.9336E-09	-1.7380E-10	1.5305E-06	-3.1077E-06
-1.7911E-09	-5.9865E-10	1.6985E-06	-3.0567E-06
-1.4533E-09	-9.3951E-10	1.1369E-06	-3.2801E-06
-9.2629E-10	-9.8253E-10	1.8960E-06	-2.0931E-06
-5.4779E-10	-7.0915E-10	1.7339E-06	-3.5113E-06
-3.5568E-10	-3.1642E-10	1.3585E-06	-1.4914E-06
-4.4505E-10	1.7676E-10	3.0756E-06	-2.6682E-06
-8.4363E-10	4.6035E-10	1.7795E-06	-2.4686E-06
-1.2699E-09	4.8123E-10	2.7664E-06	-2.0799E-06
-1.7055E-09	2.7208E-10	2.9458E-06	-2.2924E-06
-1.9056E-09	-2.2568E-10	2.9933E-06	-2.8456E-06
-1.7612E-09	-6.7157E-10	2.9770E-06	-2.1040E-06
-1.4603E-09	-9.9480E-10	3.6694E-06	-3.2563E-06
-9.5398E-10	-1.1044E-09	2.6539E-06	-2.4474E-06
-5.2691E-10	-8.3663E-10	4.3703E-06	-3.0107E-06
-3.5296E-10	-4.4769E-10	3.0034E-06	-3.8505E-06
-3.8860E-10	1.0867E-11	3.1106E-06	-3.3690E-06
-7.5619E-10	3.5935E-10	2.8864E-06	-3.0195E-06
-1.2120E-09	3.8468E-10	3.7710E-06	-3.4289E-06
-1.6165E-09	1.9863E-10	3.2060E-06	-3.6143E-06
-1.8684E-09	-2.5044E-10	3.1244E-06	-4.8674E-06
-1.7550E-09	-7.3504E-10	2.1398E-06	-2.8331E-06
-1.4542E-09	-1.0476E-09	4.4922E-06	-2.1173E-06
-9.9162E-10	-1.1917E-09	3.2263E-06	-4.9776E-06
-5.2338E-10	-9.6661E-10	2.9981E-06	-3.2224E-06
-3.4105E-10	-5.6048E-10	3.0172E-06	-4.6008E-06
-3.5714E-10	-1.3727E-10	2.2192E-06	-3.8388E-06
-6.6840E-10	2.5247E-10	1.7791E-06	-3.3482E-06
-1.1568E-09	3.1291E-10	3.3747E-06	-2.3978E-06
-1.5441E-09	1.2287E-10	2.6341E-06	-4.2145E-06
-1.8165E-09	-2.6460E-10	2.8739E-06	-1.9785E-06
-1.7651E-09	-7.7567E-10	4.1541E-06	-4.1393E-06
-1.4479E-09	-1.1054E-09	2.5961E-06	-3.6278E-06
-1.0238E-09	-1.2485E-09	3.1141E-06	-3.6795E-06
-5.4527E-10	-1.0880E-09	3.1026E-06	-3.0427E-06
-3.1955E-10	-6.7041E-10	3.6986E-06	-4.1555E-06
-3.3957E-10	-2.5665E-10	2.6205E-06	-3.5445E-06
-5.9543E-10	1.3718E-10	3.6403E-06	-3.4035E-06
-1.0903E-09	2.5591E-10	3.8956E-06	-3.7446E-06
-1.4913E-09	6.0318E-11	3.7778E-06	-4.9169E-06
-1.7578E-09	-2.8348E-10	2.9015E-06	-4.2496E-06
-1.7749E-09	-7.8955E-10	3.6055E-06	-4.7710E-06
-1.4550E-09	-1.1620E-09	2.7837E-06	-4.8142E-06
-1.0437E-09	-1.2903E-09	2.7703E-06	-5.0580E-06
-5.8673E-10	-1.1871E-09	2.3128E-06	-4.2736E-06
-3.0017E-10	-7.8542E-10	3.0943E-06	-5.0910E-06
-3.2114E-10	-3.4999E-10	1.7582E-06	-4.5971E-06
-5.4613E-10	2.3419E-11	3.0806E-06	-4.6634E-06
-1.0112E-09	1.9885E-10	1.8104E-06	-5.1766E-06
-1.4489E-09	2.1834E-11	2.4552E-06	-4.7812E-06
-1.7063E-09	-3.1110E-10	1.4145E-06	-5.2636E-06
-1.7704E-09	-7.8512E-10	1.9531E-06	-4.6033E-06
-1.4798E-09	-1.2032E-09	9.3087E-07	-5.4507E-06
-1.0570E-09	-1.3321E-09	7.4986E-07	-3.7474E-06
-6.3230E-10	-1.2586E-09	1.5616E-06	-4.1718E-06
-2.9673E-10	-9.0068E-10	1.2260E-06	-3.8755E-06
-2.9425E-10	-4.3115E-10	2.0070E-06	-4.0766E-06
-5.1641E-10	-7.5217E-11	1.2040E-06	-4.9806E-06
-9.3064E-10	1.3302E-10	4.8346E-07	-3.8045E-06
-1.4028E-09	5.6486E-12	1.4584E-06	-3.7643E-06
-1.6713E-09	-3.3899E-10	8.5578E-07	-4.0137E-06
-1.7492E-09	-7.7655E-10	1.1537E-06	-3.4920E-06
-1.5141E-09	-1.2183E-09	1.3550E-06	-3.6580E-06
-1.0765E-09	-1.3789E-09	1.5367E-06	-4.2762E-06
-6.6800E-10	-1.3089E-09	8.6862E-08	-4.2837E-06
-3.1449E-10	-1.0031E-09	6.8338E-07	-2.9123E-06
-2.6310E-10	-5.1483E-10	7.9442E-07	-3.7799E-06
-4.9257E-10	-1.5208E-10	4.2389E-07	-2.6982E-06
-8.6247E-10	6.1570E-11	1.5648E-06	-3.3120E-06
-1.3448E-09	-1.0455E-12	1.2446E-07	-3.6125E-06
-1.6501E-09	-3.5412E-10	7.2207E-07	-2.0814E-06
-1.7211E-09	-7.7341E-10	1.5253E-06	-3.0607E-06
-1.5443E-09	-1.2081E-09	8.9027E-07	-2.9892E-06
-1.1113E-09	-1.4233E-09	1.1584E-06	-3.2194E-06
-6.9052E-10	-1.3512E-09	1.9397E-07	-3.0976E-06
-3.4678E-10	-1.0819E-09	3.8903E-07	-1.9371E-06
-2.3939E-10	-6.0643E-10	1.6598E-06	-1.5924E-06
-4.6127E-10	-2.1204E-10	2.3175E-06	-3.3814E-06
-8.1318E-10	-3.8699E-12	2.3321E-07	-3.5543E-06
-1.2777E-09	-1.2715E-11	5.1570E-07	-2.4109E-06
-1.6307E-09	-3.4923E-10	-2.6501E-08	-2.0550E-06
-1.6996E-09	-7.7432E-10	1.5653E-06	-9.5929E-07
-1.5612E-09	-1.1843E-09	1.3017E-06	-2.7492E-06
-1.1600E-09	-1.4526E-09	9.2045E-07	-8.5306E-07
-7.0833E-10	-1.3952E-09	2.6243E-06	-2.0913E-06
-3.8047E-10	-1.1363E-09	1.2761E-06	-1.8773E-06
-2.3263E-10	-6.9943E-10	3.0383E-06	-1.9632E-06
-4.1879E-10	-2.6715E-10	1.5290E-06	-3.4324E-06
-7.7765E-10	-5.2618E-11	1.5005E-06	-1.7276E-06
-1.2124E-09	-3.5592E-11	2.6027E-06	-2.6659E-06
-1.6002E-09	-3.2807E-10	1.6923E-06	-3.5619E-06
-1.6918E-09	-7.6927E-10	4.3498E-07	-2.9056E-06
-1.5660E-09	-1.1607E-09	1.2101E-06	-1.7262E-06
-1.2116E-09	-1.4589E-09	1.3798E-06	-2.6639E-06
-7.3426E-10	-1.4408E-09	6.3978E-07	-1.8141E-06
-4.0572E-10	-1.1765E-09	1.5589E-06	-1.3679E-06
-2.4280E-10	-7.8135E-10	1.8549E-06	-1.8268E-06
-3.7268E-10	-3.2745E-10	1.4761E-06	-1.6295E-06
-7.4372E-10	-8.3109E-11	2.8279E-06	-1.1138E-06
-1.1587E-09	-6.4366E-11	3.0575E-06	-3.3842E-06
-1.5543E-09	-3.0213E-10	1.1861E-06	-3.3690E-06
-1.6936E-09	-7.4811E-10	4.6110E-07	-2.7029E-06
-1.5682E-09	-1.1444E-09	6.2095E-07	-7.9860E-07
-1.2536E-09	-1.4446E-09	2.5444E-06	-1.3569E-06
-7.7564E-10	-1.4793E-09	1.9534E-06	-2.0164E-06
-4.2242E-10	-1.2154E-09	2.2119E-06	-2.2307E-06
-2.6050E-10	-8.4344E-10	1.4266E-06	-2.2975E-06
-3.3539E-10	-3.9396E-10	1.5600E-06	-1.7443E-06
-7.0147E-10	-1.0392E-10	2.0301E-06	-1.3913E-06
-1.1181E-09	-8.7320E-11	2.5649E-06	-2.4500E-06
-1.4997E-09	-2.8196E-10	1.3906E-06	-2.2482E-06
-1.6935E-09	-7.0860E-10	2.0353E-06	-2.2142E-06
-1.5775E-09	-1.1312E-09	9.6402E-07	-2.0540E-06
-1.2811E-09	-1.4204E-09	2.0197E-06	-1.3393E-06
-8.2925E-10	-1.5004E-09	1.6849E-06	-2.0590E-06
-4.3899E-10	-1.2600E-09	1.6993E-06	-1.5173E-06
-2.7404E-10	-8.8687E-10	1.9258E-06	-1.2696E-06
-3.1485E-10	-4.5885E-10	2.7435E-06	-1.9478E-06
-6.4996E-10	-1.2733E-10	1.2258E-06	-2.0934E-06
-1.0828E-09	-9.5557E-11	2.4541E-06	-8.0714E-07
-1.4481E-09	-2.6998E-10	2.6692E-06	-2.2222E-06
-1.6814E-09	-6.5823E-10	2.2565E-06	-2.2147E-06
-1.5964E-09	-1.1102E-09	1.4637E-06	-2.1246E-06
-1.2990E-09	-1.3971E-09	2.4218E-06	-1.2187E-06
-8.8412E-10	-1.5011E-09	2.1065E-06	-2.6122E-06
-4.6505E-10	-1.3070E-09	1.6210E-06	-1.2685E-06
-2.7787E-10	-9.2116E-10	2.5910E-06	-1.8280E-06
-3.0899E-10	-5.1222E-10	2.0373E-06	-1.7840E-06
-5.9694E-10	-1.6051E-10	2.6167E-06	-1.8283E-06
-1.0422E-09	-8.9399E-11	2.1697E-06	-2.4799E-06
-1.4078E-09	-2.5980E-10	1.7414E-06	-1.6827E-06
-1.6553E-09	-6.0870E-10	2.9527E-06	-2.2322E-06
-1.6182E-09	-1.0727E-09	8.4846E-07	-3.2685E-06
-1.3182E-09	-1.3780E-09	8.5121E-07	-4.3710E-07
-9.2973E-10	-1.4873E-09	2.7417E-06	-1.5550E-06
-5.0381E-10	-1.3461E-09	1.0755E-06	-1.7698E-06
-2.7601E-10	-9.5677E-10	2.0436E-06	6.4911E-08
-3.0786E-10	-5.4987E-10	3.5914E-06	-1.4996E-06
-5.5223E-10	-2.0101E-10	1.8761E-06	-1.7008E-06
-9.9041E-10	-7.7622E-11	3.5804E-06	-7.1006E-07
-1.3777E-09	-2.4209E-10	3.2639E-06	-3.0013E-06
-1.6220E-09	-5.6765E-10	2.4027E-06	-2.4118E-06
-1.6327E-09	-1.0183E-09	1.5526E-06	-3.1485E-06
-1.3466E-09	-1.3580E-09	8.5343E-07	-1.0379E-06
-9.6311E-10	-1.4698E-09	2.0116E-06	-1.1415E-06
-5.4987E-10	-1.3681E-09	2.2569E-06	-8.9993E-08
-2.7837E-10	-9.9772E-10	4.0551E-06	-1.6743E-06
-3.0118E-10	-5.7633E-10	1.9242E-06	-2.0447E-06
-5.2018E-10	-2.3932E-10	3.2765E-06	-6.7497E-07
-9.3069E-10	-7.0699E-11	3.7141E-06	-2.4971E-06
-1.3490E-09	-2.1219E-10	2.3646E-06	-2.4031E-06
-1.5911E-09	-5.3383E-10	3.1739E-06	-1.7989E-06
-1.6337E-09	-9.5516E-10	2.6908E-06	-3.4922E-06
-1.3840E-09	-1.3282E-09	1.0160E-06	-1.7703E-06
-9.8998E-10	-1.4562E-09	3.1321E-06	-1.2761E-06
-5.9355E-10	-1.3719E-09	2.6412E-06	-2.4954E-06
-2.9300E-10	-1.0395E-09	2.6125E-06	-2.3401E-06
-2.8551E-10	-6.0120E-10	1.7511E-06	-2.6177E-06
-4.9683E-10	-2.6639E-10	1.9701E-06	-1.3304E-06
-8.7230E-10	-7.3418E-11	2.9994E-06	-2.0131E-06
-1.3118E-09	-1.7364E-10	2.1115E-06	-2.9757E-06
-1.5679E-09	-4.9889E-10	7.1692E-07	-1.6485E-06
-1.6232E-09	-8.9379E-10	2.8922E-06	-5.5621E-08
-1.4219E-09	-1.2834E-09	3.7260E-06	-2.8083E-06
-1.0195E-09	-1.4461E-09	1.5360E-06	-2.2551E-06
-6.2810E-10	-1.3645E-09	2.9219E-06	-1.7373E-06
-3.2020E-10	-1.0734E-09	1.8443E-06	-2.6234E-06
-2.6588E-10	-6.3198E-10	2.1891E-06	-1.2421E-06
-4.7345E-10	-2.8021E-10	2.7743E-06	-2.1633E-06
-8.2346E-10	-8.2251E-11	2.4195E-06	-2.2644E-06
-1.2622E-09	-1.3535E-10	1.7472E-06	-2.6407E-06
-1.5494E-09	-4.5428E-10	1.4504E-06	-1.3013E-06
-1.6093E-09	-8.3974E-10	2.3417E-06	-1.4985E-06
-1.4506E-09	-1.2262E-09	2.1730E-06	-1.1776E-06
-1.0571E-09	-1.4320E-09	3.1413E-06	-1.4443E-06
-6.5435E-10	-1.3559E-09	2.8887E-06	-2.1326E-06
-3.5258E-10	-1.0936E-09	2.5641E-06	-2.3625E-06
-2.5128E-10	-6.6881E-10	2.2552E-06	-1.9401E-06
-4.4330E-10	-2.8690E-10	2.8895E-06	-2.2210E-06
-7.8543E-10	-8.8950E-11	2.0777E-06	-2.8675E-06
-1.2047E-09	-1.0501E-10	1.4753E-06	-2.0477E-06
-1.5277E-09	-3.9770E-10	2.1063E-06	-1.5988E-06
-1.6001E-09	-7.9057E-10	1.9855E-06	-2.0105E-06
-1.4656E-09	-1.1647E-09	2.1555E-06	-1.1498E-06
-1.1007E-09	-1.4057E-09	3.2269E-06	-2.0980E-06
-6.7937E-10	-1.3519E-09	2.1688E-06	-2.8430E-06
-3.8070E-10	-1.1011E-09	1.5299E-06	-2.5221E-06
-2.4772E-10	-7.0497E-10	1.3527E-06	-1.5885E-06
-4.0650E-10	-2.9590E-10	2.2071E-06	-1.9671E-06
-7.5206E-10	-8.7227E-11	9.2599E-07	-2.0189E-06
-1.1482E-09	-8.3739E-11	1.6036E-06	-6.2789E-07
-1.4958E-09	-3.3469E-10	2.3519E-06	-1.2646E-06
-1.5972E-09	-7.3872E-10	2.0915E-06	-1.4901E-06
-1.4704E-09	-1.1066E-09	1.9451E-06	-1.2699E-06
-1.1426E-09	-1.3643E-09	2.2873E-06	-1.1088E-06
-7.1069E-10	-1.3506E-09	2.4026E-06	-1.3158E-06
-3.9970E-10	-1.1031E-09	2.3035E-06	-1.4778E-06
-2.5407E-10	-7.3225E-10	2.0991E-06	-1.0190E-06
-3.6945E-10	-3.1312E-10	3.0013E-06	-1.0309E-06
-7.1463E-10	-7.7382E-11	2.6713E-06	-1.7253E-06
-1.0991E-09	-6.5888E-11	2.7576E-06	-1.4173E-06
-1.4532E-09	-2.7442E-10	2.6334E-06	-2.0380E-06
-1.5955E-09	-6.7787E-10	2.2116E-06	-1.4542E-06
-1.4732E-09	-1.0541E-09	2.9432E-06	-1.6893E-06
-1.1757E-09	-1.3126E-09	2.1771E-06	-2.2132E-06
-7.5053E-10	-1.3448E-09	2.0433E-06	-1.4978E-06
-4.1228E-10	-1.1071E-09	2.0549E-06	-1.5991E-06
-2.6344E-10	-7.4722E-10	2.1629E-06	-8.1147E-07
-3.3964E-10	-3.3724E-10	2.9790E-06	-1.3946E-06
-6.6832E-10	-6.5700E-11	2.2148E-06	-1.2764E-06
-1.0573E-09	-4.3838E-11	3.4213E-06	-8.3652E-07
-1.4054E-09	-2.2325E-10	3.4119E-06	-2.4891E-06
-1.5867E-09	-6.0776E-10	1.8402E-06	-2.1684E-06
-1.4805E-09	-1.0025E-09	2.5958E-06	-7.0915E-07
-1.1983E-09	-1.2591E-09	3.8950E-06	-2.1418E-06
-7.9428E-10	-1.3278E-09	2.0544E-06	-2.9398E-06
-4.2603E-10	-1.1154E-09	1.9567E-06	-1.3980E-06
-2.6866E-10	-7.5346E-10	2.8288E-06	-1.7663E-06
-3.2003E-10	-3.6139E-10	2.3913E-06	-2.1582E-06
-6.1543E-10	-5.9469E-11	2.3083E-06	-2.0111E-06
-1.0169E-09	-1.3899E-11	1.7861E-06	-2.3615E-06
-1.3598E-09	-1.8071E-10	9.6609E-07	-1.0446E-06
-1.5657E-09	-5.3415E-10	2.5270E-06	4.0199E-08
-1.4927E-09	-9.4486E-10	3.7790E-06	-9.1337E-07
-1.2149E-09	-1.2103E-09	3.6188E-06	-2.3571E-06
-8.3407E-10	-1.2986E-09	2.2883E-06	-2.3712E-06
-4.4748E-10	-1.1241E-09	2.5676E-06	-1.7650E-06
-2.6744E-10	-7.5874E-10	2.1909E-06	-2.0432E-06
-3.0710E-10	-3.7866E-10	2.4379E-06	-1.0357E-06
-5.6323E-10	-6.1639E-11	3.6002E-06	-1.8547E-06
-9.7078E-10	2.1012E-11	2.5888E-06	-2.9170E-06
-1.3199E-09	-1.4068E-10	1.8490E-06	-2.0909E-06
-1.5342E-09	-4.6443E-10	2.3313E-06	-1.9510E-06
-1.5041E-09	-8.7731E-10	1.7498E-06	-2.1788E-06
-1.2323E-09	-1.1664E-09	1.6025E-06	-9.2337E-07
-8.6456E-10	-1.2621E-09	3.4153E-06	-9.7970E-07
-4.7744E-10	-1.1265E-09	2.7532E-06	-2.9357E-06
-2.6356E-10	-7.6926E-10	1.3785E-06	-1.7483E-06
-2.9378E-10	-3.8715E-10	2.2010E-06	-1.1904E-06
-5.1850E-10	-6.9071E-11	2.6724E-06	-1.0648E-06
-9.1649E-10	5.3691E-11	2.9553E-06	-2.0638E-06
-1.2833E-09	-9.6499E-11	2.0977E-06	-1.3359E-06
-1.4988E-09	-4.0230E-10	3.5518E-06	-1.5850E-06
-1.5079E-09	-8.0220E-10	2.8157E-06	-2.3437E-06
-1.2542E-09	-1.1219E-09	3.1746E-06	-2.8346E-06
-8.8647E-10	-1.2254E-09	1.1177E-06	-3.1572E-06
-5.1081E-10	-1.1183E-09	1.7543E-06	-1.1468E-06
-2.6350E-10	-7.8540E-10	2.4020E-06	-2.2405E-06
-2.7481E-10	-3.9092E-10	1.7727E-06	-2.0013E-06
-4.8281E-10	-7.5392E-11	1.8670E-06	-2.0850E-06
-8.5728E-10	7.7942E-11	1.1575E-06	-1.8583E-06
-1.2435E-09	-4.5967E-11	1.5112E-06	-6.5558E-07
-1.4663E-09	-3.4564E-10	2.4751E-06	-1.2292E-06
-1.5007E-09	-7.2626E-10	1.8992E-06	-9.4154E-07
-1.2787E-09	-1.0702E-09	3.2425E-06	-1.0167E-06
-9.0561E-10	-1.1925E-09	2.6469E-06	-1.9733E-06
-5.4065E-10	-1.1009E-09	2.6963E-06	-1.9453E-06
-2.7134E-10	-8.0201E-10	1.9256E-06	-1.9540E-06
-2.5049E-10	-3.9659E-10	2.7055E-06	-1.6603E-06
-4.5190E-10	-7.6025E-11	1.8997E-06	-2.3294E-06
-7.9953E-10	9.2825E-11	2.1471E-06	-1.8426E-06
-1.1956E-09	7.2888E-12	9.9407E-07	-2.0357E-06
-1.4385E-09	-2.8880E-10	2.0224E-06	-2.7746E-07
-1.4852E-09	-6.5575E-10	2.5353E-06	-1.7225E-06
-1.2998E-09	-1.0089E-09	2.3481E-06	-1.1520E-06
-9.2825E-10	-1.1620E-09	2.3140E-06	-2.2466E-06
-5.6318E-10	-1.0800E-09	1.3325E-06	-1.0371E-06
-2.8587E-10	-8.1253E-10	2.7773E-06	-8.0061E-07
-2.2611E-10	-4.0832E-10	2.7371E-06	-1.8209E-06
-4.1928E-10	-7.1547E-11	2.0482E-06	-1.6876E-06
-7.4786E-10	1.0286E-10	2.4588E-06	-1.5142E-06
-1.1393E-09	5.6768E-11	1.8169E-06	-1.7398E-06
-1.4119E-09	-2.2729E-10	2.3825E-06	-9.6130E-07
-1.4671E-09	-5.9227E-10	2.1947E-06	-1.6931E-06
-1.3123E-09	-9.4114E-10	2.5237E-06	-6.2031E-07
-9.5653E-10	-1.1285E-09	3.4467E-06	-1.8933E-06
-5.8013E-10	-1.0617E-09	2.6123E-06	-2.3299E-06
-3.0174E-10	-8.1385E-10	2.1765E-06	-2.6070E-06
-2.0783E-10	-4.2507E-10	1.3981E-06	-2.1058E-06
-3.8112E-10	-6.7004E-11	1.6607E-06	-1.4028E-06
-7.0198E-10	1.1430E-10	2.3112E-06	-1.7952E-06
-1.0796E-09	9.7877E-11	1.2118E-06	-2.3313E-06
-1.3803E-09	-1.6128E-10	9.3515E-07	-1.0332E-06
-1.4512E-09	-5.3210E-10	1.4365E-06	-6.8694E-07
-1.3153E-09	-8.7310E-10	2.0282E-06	-4.7830E-07
-9.8714E-10	-1.0875E-09	2.3380E-06	-5.4927E-07
-5.9686E-10	-1.0476E-09	3.2609E-06	-1.4701E-06
-3.1367E-10	-8.0830E-10	9.3130E-07	-2.0850E-06
-1.9821E-10	-4.4183E-10	2.1738E-06	6.1325E-07
-3.3882E-10	-6.7974E-11	3.2794E-06	-1.7158E-06
-6.5739E-10	1.3050E-10	1.9283E-06	-1.3475E-06
-1.0225E-09	1.3093E-10	1.7895E-06	-1.0607E-06
-1.3397E-09	-9.5379E-11	2.7103E-06	9.2197E-08
-1.4378E-09	-4.6951E-10	3.3207E-06	-1.4988E-06
-1.3127E-09	-8.0973E-10	3.1101E-06	-1.1309E-06
-1.0140E-09	-1.0385E-09	2.7467E-06	-2.7788E-06
-6.1808E-10	-1.0346E-09	1.5941E-06	-9.9844E-07
-3.2031E-10	-8.0156E-10	2.9041E-06	-1.8811E-06
-1.9457E-10	-4.5366E-10	1.6314E-06	-1.3740E-06
-2.9757E-10	-7.6460E-11	2.4526E-06	-1.6626E-06
-6.0915E-10	1.4966E-10	1.3422E-06	-1.0257E-06
-9.7095E-10	1.6033E-10	2.7010E-06	-7.8065E-07
-1.2912E-09	-3.5159E-11	2.1865E-06	-1.4376E-06
-1.4229E-09	-4.0121E-10	1.6564E-06	-9.5883E-07
-1.3102E-09	-7.5135E-10	2.7027E-06	5.1665E-07
-1.0328E-09	-9.8552E-10	4.0542E-06	-1.6694E-06
-6.4436E-10	-1.0171E-09	2.3579E-06	-1.2413E-06
-3.2489E-10	-7.9838E-10	3.5796E-06	-1.9502E-06
-1.9133E-10	-4.5935E-10	1.5959E-06	-1.4532E-06
-2.6233E-10	-8.9645E-11	3.8312E-06	-1.1606E-06
-5.5570E-10	1.6650E-10	1.9503E-06	-2.4012E-06
-9.2308E-10	1.9091E-10	3.1635E-06	-1.0175E-06
-1.2395E-09	1.6844E-11	2.1004E-06	-2.8438E-06
-1.4015E-09	-3.2870E-10	2.1108E-06	-5.1471E-07
-1.3108E-09	-6.9413E-10	3.4301E-06	-2.4214E-06
-1.0438E-09	-9.3383E-10	1.4398E-06	-2.0571E-06
-6.7203E-10	-9.9153E-10	2.6929E-06	-1.3972E-06
-3.3255E-10	-7.9932E-10	1.9388E-06	-2.7831E-06
-1.8414E-10	-4.6202E-10	7.1038E-07	-1.3715E-06
-2.3435E-10	-1.0222E-10	1.8366E-06	-4.6389E-07
-4.9990E-10	1.7626E-10	2.4009E-06	-7.4066E-07
-8.7393E-10	2.2422E-10	2.7630E-06	-1.1573E-06
-1.1899E-09	6.2656E-11	2.3696E-06	-1.4735E-06
-1.3717E-09	-2.5710E-10	2.4750E-06	-1.2297E-06
-1.3129E-09	-6.3346E-10	2.3979E-06	-1.5065E-06
-1.0513E-09	-8.8628E-10	2.4479E-06	-1.1172E-06
-6.9613E-10	-9.5885E-10	2.8802E-06	-1.7164E-06
-3.4638E-10	-8.0075E-10	2.1199E-06	-1.7430E-06
-1.7291E-10	-4.6649E-10	2.6601E-06	-1.6878E-06
-2.1062E-10	-1.1037E-10	1.5765E-06	-2.2346E-06
-4.4680E-10	1.7805E-10	1.7065E-06	-8.5511E-07
-8.1934E-10	2.5761E-10	2.0359E-06	-1.3189E-06
-1.1439E-09	1.0697E-10	2.3506E-06	-5.6352E-07
-1.3356E-09	-1.9133E-10	2.7728E-06	-1.8596E-06
-1.3118E-09	-5.6752E-10	1.6143E-06	-1.0847E-06
-1.0600E-09	-8.4144E-10	2.8731E-06	-7.5926E-07
-7.1414E-10	-9.2360E-10	3.0568E-06	-1.7989E-06
-3.6523E-10	-7.9791E-10	1.6374E-06	-2.3212E-06
-1.6149E-10	-4.7558E-10	1.7808E-06	-4.1937E-08
-1.8653E-10	-1.1441E-10	3.7131E-06	-1.6918E-06
-3.9983E-10	1.7512E-10	1.7858E-06	-1.7815E-06
-7.5909E-10	2.8646E-10	3.0328E-06	-1.4896E-06
-1.0992E-09	1.5346E-10	1.7993E-06	-2.2367E-06
-1.2981E-09	-1.3287E-10	2.1442E-06	-1.2565E-06
-1.3033E-09	-4.9862E-10	2.2000E-06	-1.6769E-06
-1.0718E-09	-7.9507E-10	2.2709E-06	-1.9450E-06
-7.2753E-10	-8.9053E-10	1.0547E-06	-1.7785E-06
-3.8471E-10	-7.8846E-10	2.0058E-06	-6.0484E-07
-1.5462E-10	-4.8814E-10	1.8946E-06	-1.6930E-06
-1.5940E-10	-1.1824E-10	1.4833E-06	-5.2110E-07
-3.5855E-10	1.7219E-10	2.4691E-06	-5.7084E-07
-6.9683E-10	3.0767E-10	2.8069E-06	-6.5713E-07
-1.0516E-09	2.0201E-10	3.2637E-06	-1.7005E-06
-1.2626E-09	-7.9075E-11	2.0868E-06	-2.0809E-06
-1.2866E-09	-4.3128E-10	1.6952E-06	-1.4958E-06
-1.0846E-09	-7.4358E-10	1.8179E-06	-3.8685E-07
-7.4038E-10	-8.6130E-10	3.6825E-06	-1.0935E-06
-4.0057E-10	-7.7403E-10	1.8501E-06	-2.2374E-06
-1.5441E-10	-5.0012E-10	2.9972E-06	-5.8290E-07
-1.3036E-10	-1.2629E-10	2.4384E-06	-3.2767E-06
-3.1926E-10	1.7193E-10	9.7556E-07	-5.2969E-07
-6.3735E-10	3.2185E-10	3.3347E-06	-1.7281E-06
-9.9825E-10	2.4902E-10	1.2802E-06	-1.6791E-06
-1.2290E-09	-2.5632E-11	2.6609E-06	-1.2682E-06
-1.2650E-09	-3.6893E-10	1.5702E-06	-1.4548E-06
-1.0940E-09	-6.8675E-10	3.2243E-06	-1.0517E-06
-7.5608E-10	-8.3362E-10	1.8629E-06	-2.8618E-06
-4.1162E-10	-7.5866E-10	1.6382E-06	-8.4874E-07
-1.5909E-10	-5.0772E-10	2.6389E-06	-2.4331E-06
-1.0323E-10	-1.4023E-10	3.5275E-07	-1.5979E-06
-2.7802E-10	1.7328E-10	2.8522E-06	-3.2933E-07
-5.8323E-10	3.3259E-10	1.8999E-06	-3.2703E-06
-9.3997E-10	2.9006E-10	3.6376E-07	-9.0636E-07
-1.1943E-09	3.0120E-11	1.5495E-06	-1.5273E-06
-1.2427E-09	-3.1160E-10	1.6159E-07	3.2475E-08
-1.0968E-09	-6.2784E-10	3.1186E-06	2.9247E-07
-7.7482E-10	-8.0331E-10	1.9962E-06	-1.7413E-06
-4.2042E-10	-7.4572E-10	1.3599E-06	-1.3785E-07
-1.6455E-10	-5.1014E-10	3.0545E-06	-5.4484E-08
-8.1557E-11	-1.5797E-10	2.5576E-06	-1.6264E-06
-2.3363E-10	1.7257E-10	2.2375E-06	-2.7487E-08
-5.3328E-10	3.4359E-10	4.0974E-06	-1.7334E-06
-8.8042E-10	3.2313E-10	1.8721E-06	-2.4340E-06
-1.1547E-09	8.7295E-11	1.9089E-06	-2.0671E-06
-1.2226E-09	-2.5631E-10	3.8102E-07	-1.0705E-06
-1.0934E-09	-5.7114E-10	2.6538E-06	1.6811E-07
-7.9361E-10	-7.6754E-10	2.4201E-06	-1.7955E-06
-4.3105E-10	-7.3548E-10	1.5240E-06	-9.5581E-07
-1.6751E-10	-5.0995E-10	2.2613E-06	-2.4613E-07
-6.5996E-11	-1.7534E-10	3.1699E-06	-1.3684E-06
-1.8838E-10	1.6649E-10	1.5759E-06	-1.5907E-06
-4.8388E-10	3.5596E-10	2.2387E-06	-3.9727E-07
-8.2329E-10	3.4979E-10	2.8728E-06	-7.6718E-07
-1.1087E-09	1.4231E-10	3.2537E-06	-1.7317E-06
-1.2036E-09	-1.9964E-10	2.0302E-06	-1.6467E-06
-1.0868E-09	-5.1894E-10	3.3950E-06	-1.6466E-06
-8.0866E-10	-7.2681E-10	1.6960E-06	-3.3148E-06
-4.4606E-10	-7.2522E-10	8.3385E-07	-1.5234E-06
-1.6775E-10	-5.1099E-10	1.3811E-06	-1.1965E-06
-5.4081E-11	-1.8920E-10	1.6945E-06	-1.2426E-06
-1.4630E-10	1.5455E-10	9.0924E-07	-1.1572E-06
-4.3191E-10	3.6757E-10	1.6101E-06	2.8426E-07
-7.6977E-10	3.7382E-10	3.2127E-06	-2.0796E-07
-1.0583E-09	1.9163E-10	3.4064E-06	-2.2743E-06
-1.1824E-09	-1.4040E-10	8.6111E-07	-2.2439E-06
-1.0805E-09	-4.7016E-10	1.8344E-06	-5.2128E-07
-8.1812E-10	-6.8438E-10	1.6667E-06	-1.4401E-06
-4.6471E-10	-7.1145E-10	2.1460E-06	-2.3596E-07
-1.6796E-10	-5.1545E-10	2.7636E-06	-1.7763E-06
-4.2251E-11	-1.9951E-10	1.5633E-06	-1.4299E-06
-1.1019E-10	1.3924E-10	2.3379E-06	-1.0989E-06
-3.7706E-10	3.7485E-10	2.2559E-06	-2.3043E-06
-7.1799E-10	3.9828E-10	3.7379E-07	-2.0451E-06
-1.0074E-09	2.3423E-10	8.8687E-07	-1.5185E-07
-1.1558E-09	-8.0494E-11	1.7514E-06	-5.8767E-07
-1.0758E-09	-4.2143E-10	1.8335E-06	-4.4203E-07
-8.2335E-10	-6.4380E-10	2.1191E-06	-7.8008E-07
-4.8368E-10	-6.9262E-10	2.1385E-06	-8.9610E-07
-1.7152E-10	-5.2238E-10	1.7044E-06	-1.2815E-06
-2.8556E-11	-2.0902E-10	1.4335E-06	-2.4604E-07
-7.9772E-11	1.2406E-10	2.7652E-06	-2.2522E-07
-3.2192E-10	3.7553E-10	2.8055E-06	-1.4819E-06
-6.6477E-10	4.2341E-10	1.8451E-06	-1.6376E-06
-9.5878E-10	2.7206E-10	1.7325E-06	-1.2715E-06
-1.1230E-09	-2.3454E-11	1.2622E-06	-1.2634E-06
-1.0711E-09	-3.6983E-10	1.2291E-06	-1.5514E-07
-8.2764E-10	-6.0638E-10	2.3887E-06	-9.0817E-08
-4.9958E-10	-6.7013E-10	2.4931E-06	-7.4486E-07
-1.7986E-10	-5.2851E-10	2.5319E-06	-8.7068E-07
-1.3992E-11	-2.2100E-10	2.3939E-06	-1.2999E-06
-5.2188E-11	1.1095E-10	2.0268E-06	-1.2874E-06
-2.6997E-10	3.7027E-10	1.7057E-06	-8.1453E-07
-6.0820E-10	4.4664E-10	3.1016E-06	-5.3681E-07
-9.1267E-10	3.0830E-10	2.2379E-06	-2.9279E-06
-1.0865E-09	2.8178E-11	3.9803E-07	-5.2291E-07
-1.0631E-09	-3.1504E-10	2.8878E-06	-7.3026E-07
-8.3370E-10	-5.7053E-10	1.3610E-06	-1.4983E-06
-5.1136E-10	-6.4713E-10	2.0007E-06	-6.8263E-07
-1.9161E-10	-5.3077E-10	1.6509E-06	-7.4717E-07
-1.5852E-12	-2.3675E-10	2.9708E-06	-6.0282E-07
-2.4265E-11	9.9056E-11	2.3389E-06	-2.1924E-06
-2.2309E-10	3.6207E-10	1.3164E-06	-1.8647E-06
-5.4912E-10	4.6472E-10	8.3288E-07	-8.8184E-07
-8.6658E-10	3.4487E-10	2.1078E-06	-6.8073E-07
-1.0494E-09	7.4543E-11	1.3616E-06	-1.6327E-06
-1.0499E-09	-2.5946E-10	7.8403E-07	-8.5654E-07
-8.4171E-10	-5.3326E-10	9.4450E-07	2.4890E-07
-5.2075E-10	-6.2612E-10	2.4808E-06	-4.7653E-08
-2.0372E-10	-5.2842E-10	1.7370E-06	-5.3800E-07
5.9649E-12	-2.5477E-10	2.5483E-06	-4.6031E-07
5.1300E-12	8.5657E-11	1.6710E-06	-7.5474E-07
-1.8044E-10	3.5402E-10	2.6308E-06	-6.5318E-07
-4.9045E-10	4.7609E-10	1.0879E-06	-7.2681E-07
-8.1755E-10	3.8111E-10	3.5764E-06	2.7358E-07
-1.0139E-09	1.1811E-10	1.7238E-06	-2.8143E-06
-1.0317E-09	-2.0640E-10	1.0261E-06	7.2810E-07
-8.4931E-10	-4.9257E-10	3.3773E-06	-7.5055E-07
-5.3077E-10	-6.0719E-10	2.1639E-06	-1.3566E-06
-2.1381E-10	-5.2338E-10	1.7550E-06	-1.1484E-06
8.2481E-12	-2.7204E-10	2.0755E-06	-5.5436E-07
3.4417E-11	6.8410E-11	1.8464E-06	-9.5375E-07
-1.3938E-10	3.4712E-10	2.6679E-06	-1.2397E-07
-4.3506E-10	4.8191E-10	2.5775E-06	-1.9471E-06
-7.6442E-10	4.1440E-10	1.5994E-06	-7.1685E-07
-9.7945E-10	1.6166E-10	2.6329E-06	-1.1247E-06
-1.0110E-09	-1.5774E-10	2.2036E-06	-1.4987E-06
-8.5348E-10	-4.4888E-10	1.6862E-06	-1.7077E-06
-5.4338E-10	-5.8813E-10	1.7050E-06	-1.1059E-06
-2.2180E-10	-5.1865E-10	1.3309E-06	-1.5498E-06
7.3251E-12	-2.8621E-10	1.5528E-06	-4.0274E-07
6.0623E-11	4.7148E-11	1.9989E-06	-1.4346E-06
-9.7665E-11	3.3983E-10	1.5426E-06	-1.1564E-06
-3.8378E-10	4.8499E-10	8.1405E-07	-1.7109E-06
-7.0863E-10	4.4222E-10	6.4887E-07	3.8323E-07
-9.4359E-10	2.0618E-10	2.1148E-06	-5.1857E-07
-9.9052E-10	-1.1276E-10	1.4476E-06	-1.9922E-07
-8.5271E-10	-4.0464E-10	2.0792E-06	-5.2209E-07
-5.5811E-10	-5.6621E-10	2.1779E-06	-1.3276E-07
-2.2975E-10	-5.1604E-10	2.5080E-06	-1.6903E-06
6.1082E-12	-2.9722E-10	1.0409E-06	-7.9507E-07
8.1609E-11	2.3968E-11	1.8602E-06	-1.1706E-06
-5.5127E-11	3.2942E-10	7.2963E-07	-2.8707E-07
-3.3505E-10	4.8771E-10	2.0239E-06	-6.0276E-07
-6.5313E-10	4.6404E-10	7.3115E-07	3.4480E-07
-9.0411E-10	2.5020E-10	3.8062E-06	-2.5366E-08
-9.7123E-10	-6.9025E-11	9.8123E-07	-2.3530E-06
-8.4801E-10	-3.6243E-10	9.5178E-07	7.3003E-07
-5.7256E-10	-5.4027E-10	2.2984E-06	-9.1217E-09
-2.4014E-10	-5.1497E-10	2.6453E-06	-1.4028E-07
6.2395E-12	-3.0706E-10	2.2466E-06	-1.2980E-06
9.7516E-11	1.6531E-12	1.4625E-06	-3.6391E-07
-1.3722E-11	3.1409E-10	2.3960E-06	2.8194E-08
-2.8634E-10	4.9037E-10	3.0915E-06	-9.3840E-07
-6.0025E-10	4.8150E-10	1.7835E-06	-1.7609E-06
-8.6063E-10	2.9097E-10	1.6382E-06	-5.7503E-07
-9.5177E-10	-2.4307E-11	1.9023E-06	-1.0306E-06
-8.4193E-10	-3.2313E-10	1.8881E-06	-5.5883E-07
-5.8426E-10	-5.1148E-10	2.0096E-06	-1.4810E-06
-2.5390E-10	-5.1303E-10	8.6323E-07	-7.8169E-07
7.0380E-12	-3.1805E-10	1.6233E-06	-1.3453E-07
1.1046E-10	-1.8307E-11	2.1031E-06	-2.1395E-07
2.4010E-11	2.9435E-10	2.2435E-06	-1.1196E-06
-2.3612E-10	4.9122E-10	1.3757E-06	-5.4666E-07
-5.5025E-10	4.9714E-10	2.5300E-06	-7.5306E-07
-8.1489E-10	3.2648E-10	1.3875E-06	-1.3736E-06
-9.2970E-10	2.1720E-11	1.7331E-06	-7.8028E-07
-8.3668E-10	-2.8547E-10	9.4002E-07	-1.1630E-06
-5.9242E-10	-4.8239E-10	1.3863E-06	3.6009E-09
-2.6982E-10	-5.0789E-10	1.6044E-06	-7.5663E-07
6.2001E-12	-3.3107E-10	1.5694E-06	-3.0465E-07
1.2283E-10	-3.6614E-11	1.5305E-06	-9.4011E-07
5.6796E-11	2.7250E-10	1.1865E-06	-4.0593E-07
-1.8505E-10	4.8799E-10	1.1245E-06	-7.0470E-07
-5.0138E-10	5.1243E-10	7.7697E-07	2.0042E-07
-7.6940E-10	3.5681E-10	1.4755E-06	1.5290E-07
-9.0339E-10	6.7350E-11	1.1537E-06	2.9929E-07
-8.3253E-10	-2.4720E-10	1.5207E-06	9.4539E-07
-5.9832E-10	-4.5504E-10	2.7883E-06	9.5536E-07
-2.8547E-10	-4.9889E-10	2.8275E-06	-5.6099E-07
1.6216E-12	-3.4494E-10	2.0349E-06	-3.2707E-07
1.3555E-10	-5.5409E-11	2.0407E-06	-3.9108E-07
8.5436E-11	2.5101E-10	2.1857E-06	6.5953E-08
-1.3541E-10	4.7966E-10	2.2529E-06	-8.7175E-07
-4.5147E-10	5.2683E-10	1.4674E-06	1.1302E-07
-7.2564E-10	3.8388E-10	2.6807E-06	-2.6870E-07
-8.7322E-10	1.1019E-10	1.6594E-06	-5.1572E-07
-8.2780E-10	-2.0690E-10	2.1645E-06	-3.7711E-08
-6.0415E-10	-4.2957E-10	2.0367E-06	-2.3702E-07
-2.9901E-10	-4.8744E-10	2.1651E-06	-2.0892E-07
-7.0541E-12	-3.5738E-10	2.2455E-06	2.6318E-07
1.4756E-10	-7.6523E-11	3.3746E-06	-7.0052E-07
1.1203E-10	2.3081E-10	1.7371E-06	-1.3770E-06
-8.9464E-11	4.6720E-10	2.0271E-06	-4.2012E-07
-3.9962E-10	5.3832E-10	1.7134E-06	-8.3705E-07
-6.8316E-10	4.0993E-10	1.8712E-06	-1.8588E-07
-8.4122E-10	1.4888E-10	2.0476E-06	-3.9174E-07
-8.2024E-10	-1.6501E-10	2.4089E-06	-6.3177E-07
-6.1130E-10	-4.0428E-10	1.4265E-06	-9.8583E-07
-3.1039E-10	-4.7575E-10	1.9789E-06	7.6596E-08
-1.8257E-11	-3.6670E-10	1.9499E-06	-1.0163E-06
1.5675E-10	-1.0007E-10	1.6418E-06	-5.4015E-08
1.3831E-10	2.1088E-10	2.0862E-06	-1.0876E-06
-4.7921E-11	4.5278E-10	5.3457E-07	5.9083E-09
-3.4685E-10	5.4501E-10	2.8743E-06	9.0680E-07
-6.4014E-10	4.3585E-10	2.5636E-06	-1.7436E-06
-8.0958E-10	1.8396E-10	5.0045E-07	-2.8676E-07
-8.0869E-10	-1.2348E-10	2.5396E-06	4.2149E-07
-6.1935E-10	-3.7708E-10	1.6896E-06	-1.1793E-06
-3.2127E-10	-4.6521E-10	1.3178E-06	2.2711E-07
-2.9705E-11	-3.7296E-10	1.6910E-06	-2.3853E-07
1.6166E-10	-1.2438E-10	1.6360E-06	8.9347E-07
1.6438E-10	1.8926E-10	3.1484E-06	-7.8203E-09
-9.6016E-12	4.3818E-10	2.0688E-06	-7.7106E-07
-2.9531E-10	5.4657E-10	1.8263E-06	-3.3669E-07
-5.9495E-10	4.6066E-10	1.9222E-06	1.9356E-07
-7.7913E-10	2.1725E-10	2.6989E-06	-2.7527E-07
-7.9384E-10	-8.4321E-11	2.0073E-06	-5.9331E-07
-6.2648E-10	-3.4700E-10	2.3903E-06	-3.2560E-07
-3.3356E-10	-4.5542E-10	2.3441E-06	-1.2229E-06
-4.0029E-11	-3.7775E-10	6.9624E-07	-1.5584E-06
1.6248E-10	-1.4722E-10	5.1103E-08	1.1513E-06
1.8872E-10	1.6464E-10	2.9446E-06	1.1910E-06
2.7492E-11	4.2361E-10	2.1765E-06	-6.9459E-08
-2.4674E-10	5.4439E-10	3.2861E-06	3.4260E-07
-5.4743E-10	4.8237E-10	2.2573E-06	-1.8118E-06
-7.4890E-10	2.5037E-10	9.4378E-07	2.7664E-07
-7.7761E-10	-4.8181E-11	2.8526E-06	9.4624E-08
-6.3089E-10	-3.1491E-10	1.6369E-06	-9.0728E-07
-3.4801E-10	-4.4467E-10	1.5586E-06	7.6828E-07
-4.9609E-11	-3.8287E-10	3.0946E-06	1.3048E-07
1.6088E-10	-1.6738E-10	2.3215E-06	-4.3638E-07
2.0938E-10	1.3740E-10	2.9649E-06	-6.0586E-07
6.4619E-11	4.0778E-10	1.3532E-06	-1.3639E-06
-2.0129E-10	5.4055E-10	1.8000E-06	5.8218E-07
-4.9903E-10	4.9948E-10	2.4469E-06	-7.9892E-07
-7.1702E-10	2.8352E-10	1.7114E-06	-1.8655E-07
-7.6166E-10	-1.4033E-11	1.7232E-06	-7.8932E-07
-6.3207E-10	-2.8276E-10	8.8884E-07	1.1233E-06
-3.6365E-10	-4.3131E-10	3.8816E-06	9.4110E-07
-6.0077E-11	-3.8894E-10	2.9639E-06	-1.3233E-06
1.5865E-10	-1.8533E-10	2.1368E-06	-8.7053E-07
2.2544E-10	1.0926E-10	1.5968E-06	-9.1010E-07
1.0141E-10	3.8904E-10	1.3099E-06	2.6329E-07
-1.5770E-10	5.3632E-10	2.7425E-06	5.5587E-07
-4.5171E-10	5.1203E-10	2.6364E-06	-9.0142E-07
-6.8222E-10	3.1540E-10	1.7479E-06	6.7994E-08
-7.4623E-10	1.9905E-11	3.2682E-06	-1.8045E-07
-6.3108E-10	-2.5217E-10	2.4040E-06	-1.2839E-06
-3.7856E-10	-4.1493E-10	1.9956E-06	-1.1942E-06
-7.2964E-11	-3.9501E-10	7.6960E-07	-5.5849E-07
1.5649E-10	-2.0269E-10	2.3819E-06	9.2281E-07
2.3760E-10	8.2049E-11	3.0254E-06	-9.8817E-07
1.3620E-10	3.6672E-10	2.0117E-06	-1.3134E-06
-1.1436E-10	5.3136E-10	7.3031E-07	-1.1554E-06
-4.0662E-10	5.2148E-10	1.1649E-06	9.9012E-07
-6.4475E-10	3.4426E-10	2.6399E-06	-1.1273E-07
-7.3015E-10	5.4772E-11	1.8353E-06	-1.2330E-07
-6.2962E-10	-2.2334E-10	2.2022E-06	-3.9244E-07
-3.9122E-10	-3.9662E-10	1.5074E-06	1.9844E-07
-8.8523E-11	-3.9932E-10	2.6727E-06	2.2834E-07
1.5360E-10	-2.2091E-10	2.1013E-06	1.1280E-07
2.4758E-10	5.6488E-11	3.8539E-06	2.0733E-07
1.6731E-10	3.4171E-10	2.8048E-06	-2.5732E-06
-7.0666E-11	5.2420E-10	5.1770E-07	-7.9675E-07
-3.6339E-10	5.2951E-10	2.0332E-06	4.3506E-08
-6.0618E-10	3.6916E-10	1.5424E-06	-3.0094E-07
-7.1181E-10	9.0225E-11	2.7620E-06	4.4672E-07
-6.2876E-10	-1.9509E-10	2.4349E-06	-1.8041E-06
-4.0157E-10	-3.7808E-10	3.5203E-07	3.1803E-08
-1.0558E-10	-4.0056E-10	2.9615E-06	1.3193E-06
1.4843E-10	-2.4016E-10	3.8316E-06	-1.1605E-06
2.5685E-10	3.1846E-11	1.7271E-06	-2.1828E-06
1.9422E-10	3.1576E-10	8.4104E-07	-3.0094E-07
-2.7410E-11	5.1339E-10	2.1241E-06	-1.4061E-07
-3.2059E-10	5.3687E-10	2.0308E-06	-2.5510E-07
-5.6821E-10	3.9060E-10	2.6930E-06	-1.0386E-06
-6.9042E-10	1.2473E-10	1.0926E-06	-1.2768E-06
-6.2813E-10	-1.6588E-10	1.7921E-06	-4.5716E-07
-4.1081E-10	-3.6031E-10	6.2661E-07	-1.3405E-06
-1.2242E-10	-3.9884E-10	4.0496E-07	1.1080E-06
1.3995E-10	-2.5921E-10	2.4091E-06	8.4094E-07
2.6556E-10	6.7091E-12	2.4308E-06	1.6586E-07
2.1779E-10	2.9029E-10	2.5447E-06	-4.2194E-07
1.3794E-11	4.9868E-10	2.0035E-06	-3.0516E-07
-2.7693E-10	5.4288E-10	2.6428E-06	-7.6047E-07
-5.3157E-10	4.1005E-10	8.4508E-07	-1.1588E-06
-6.6658E-10	1.5672E-10	1.5819E-06	1.2020E-06
-6.2631E-10	-1.3501E-10	3.3032E-06	-4.2557E-07
-4.2045E-10	-3.4302E-10	2.0082E-06	-1.3251E-06
-1.3801E-10	-3.9544E-10	9.3390E-07	-8.7928E-07
1.2846E-10	-2.7642E-10	1.3802E-06	8.2830E-07
2.7263E-10	-1.9827E-11	2.6763E-06	-1.1880E-07
2.3955E-10	2.6549E-10	2.3472E-06	-1.4789E-07
5.1703E-11	4.8115E-10	2.5627E-06	-1.3767E-06
-2.3229E-10	5.4615E-10	1.1014E-06	-4.5541E-07
-4.9561E-10	4.2876E-10	2.4338E-06	-6.8400E-07
-6.4174E-10	1.8563E-10	1.1610E-06	-6.0746E-07
-6.2191E-10	-1.0310E-10	2.4631E-06	-6.3576E-07
-4.3109E-10	-3.2491E-10	9.8346E-07	-1.1769E-06
-1.5261E-10	-3.9182E-10	1.6542E-06	-6.1101E-07
1.1531E-10	-2.9084E-10	4.7791E-07	-8.1843E-07
2.7659E-10	-4.7428E-11	1.2129E-06	-9.9639E-08
2.6047E-10	2.4035E-10	4.0695E-08	1.2697E-07
8.6269E-11	4.6245E-10	2.0611E-06	1.3086E-06
-1.8778E-10	5.4564E-10	1.2230E-06	-1.5291E-07
-4.5898E-10	4.4688E-10	2.5500E-06	1.4958E-06
-6.1716E-10	2.1222E-10	2.7462E-06	-1.3288E-06
-6.1457E-10	-7.1627E-11	1.0886E-06	-5.0246E-07
-4.4206E-10	-3.0478E-10	9.3723E-07	-1.4461E-07
-1.6739E-10	-3.8855E-10	1.7185E-06	9.6664E-07
1.0196E-10	-3.0280E-10	2.0783E-06	-5.1623E-07
2.7675E-10	-7.4764E-11	1.0663E-06	1.4057E-07
2.8034E-10	2.1360E-10	1.4606E-06	5.2981E-07
1.1854E-10	4.4361E-10	1.9761E-06	5.7840E-07
-1.4496E-10	5.4148E-10	1.3948E-06	3.7759E-07
-4.2076E-10	4.6341E-10	2.5731E-06	1.5658E-06
-5.9302E-10	2.3788E-10	3.2045E-06	-2.8769E-07
-6.0515E-10	-4.1783E-11	2.4855E-06	-3.7266E-07
-4.5192E-10	-2.8241E-10	1.7999E-06	-7.7091E-07
-1.8344E-10	-3.8496E-10	1.8688E-06	3.3497E-07
8.8975E-11	-3.1352E-10	1.9382E-06	-1.5756E-07
2.7367E-10	-1.0046E-10	2.8472E-06	6.8737E-07
2.9798E-10	1.8476E-10	2.6535E-06	-1.7405E-06
1.4975E-10	4.2450E-10	1.0840E-06	-2.5882E-08
-1.0477E-10	5.3482E-10	2.2880E-06	-4.5137E-07
-3.8114E-10	4.7700E-10	1.8733E-06	5.5424E-08
-5.6841E-10	2.6350E-10	2.4198E-06	-1.3910E-06
-5.9502E-10	-1.3734E-11	3.3212E-07	-2.2759E-07
-4.5953E-10	-2.5872E-10	2.1977E-06	3.8183E-07
-2.0088E-10	-3.7971E-10	1.5232E-06	-1.1068E-07
7.5763E-11	-3.2409E-10	2.5863E-06	2.6984E-07
2.6869E-10	-1.2401E-10	2.3940E-06	-1.1256E-06
3.1222E-10	1.5452E-10	1.1453E-06	-1.0726E-06
1.8041E-10	4.0407E-10	1.2947E-06	1.3164E-07
-6.6934E-11	5.2696E-10	1.8160E-06	-8.6066E-07
-3.4129E-10	4.8697E-10	4.7264E-07	-4.8749E-08
-5.4216E-10	2.8890E-10	1.7780E-06	5.0528E-07
-5.8508E-10	1.3385E-11	1.7412E-06	1.5657E-07
-4.6481E-10	-2.3508E-10	2.3788E-06	-4.1473E-07
-2.1877E-10	-3.7182E-10	1.1708E-06	-9.2923E-07
6.1147E-11	-3.3464E-10	1.0540E-06	-4.4897E-07
2.6300E-10	-1.4603E-10	8.4797E-08	8.0434E-08
3.2276E-10	1.2428E-10	1.3328E-06	1.6796E-06
2.0987E-10	3.8132E-10	2.5083E-06	4.1659E-07
-3.0378E-11	5.1847E-10	1.8181E-06	-7.2446E-08
-3.0250E-10	4.9375E-10	1.9737E-06	7.3407E-08
-5.1373E-10	3.1296E-10	1.5270E-06	-7.7232E-07
-5.7509E-10	4.0688E-11	3.8397E-07	5.0570E-07
-4.6865E-10	-2.1229E-10	2.0877E-06	1.0189E-06
-2.3581E-10	-3.6137E-10	1.4306E-06	3.0064E-08
4.4356E-11	-3.4433E-10	1.9187E-06	1.4255E-06
2.5683E-10	-1.6761E-10	3.2194E-06	-1.9529E-07
3.3032E-10	9.5186E-11	1.3975E-06	-9.6153E-07
2.3692E-10	3.5608E-10	1.0935E-06	3.8637E-07
5.9076E-12	5.0886E-10	1.8724E-06	4.8528E-07
-2.6530E-10	4.9853E-10	1.8716E-06	-9.6561E-08
-4.8366E-10	3.3449E-10	1.0836E-06	2.1424E-07
-5.6400E-10	6.8650E-11	1.9392E-06	1.0594E-06
-4.7216E-10	-1.9014E-10	2.1645E-06	-1.7817E-09
-2.5123E-10	-3.4936E-10	1.7783E-06	7.4275E-07
2.5636E-11	-3.5197E-10	3.0208E-06	-3.7309E-08
2.4945E-10	-1.8945E-10	1.5172E-06	-1.1631E-06
3.3609E-10	6.7432E-11	5.5386E-07	3.8847E-07
2.6062E-10	3.2918E-10	2.0145E-06	1.2992E-06
4.2071E-11	4.9710E-10	2.5399E-06	-1.1583E-07
-2.2922E-10	5.0235E-10	1.4820E-06	6.7596E-08
-4.5312E-10	3.5307E-10	2.0717E-06	5.6292E-07
-5.5076E-10	9.6748E-11	2.4077E-06	-3.1850E-09
-4.7582E-10	-1.6765E-10	1.7666E-06	-4.6860E-07
-2.6525E-10	-3.3694E-10	1.7798E-06	2.8171E-07
6.0810E-12	-3.5690E-10	1.8781E-06	-8.8700E-07
2.3981E-10	-2.1127E-10	8.1185E-08	3.2833E-07
3.4082E-10	4.0289E-11	1.8480E-06	1.5588E-06
2.8096E-10	3.0188E-10	2.2753E-06	7.2929E-07
7.7306E-11	4.8247E-10	2.6570E-06	2.8616E-07
-1.9329E-10	5.0538E-10	1.7395E-06	-2.1179E-07
-4.2313E-10	3.6928E-10	1.8013E-06	8.3047E-07
-5.3509E-10	1.2386E-10	2.8023E-06	6.9933E-07
-4.7914E-10	-1.4389E-10	2.9914E-06	-5.6404E-07
-2.7880E-10	-3.2462E-10	1.6738E-06	-5.7766E-07
-1.3127E-11	-3.5945E-10	2.1554E-06	-1.0012E-07
2.2747E-10	-2.3204E-10	1.5347E-06	-3.8753E-07
3.4438E-10	1.2795E-11	2.1331E-06	3.5763E-07
2.9882E-10	2.7497E-10	2.1232E-06	-6.7919E-07
1.1046E-10	4.6516E-10	1.6240E-06	-3.0673E-07
-1.5686E-10	5.0692E-10	1.4714E-06	-6.4038E-07
-3.9384E-10	3.8413E-10	6.0192E-07	1.1092E-07
-5.1766E-10	1.4909E-10	1.3593E-06	1.4102E-06
-4.8108E-10	-1.1873E-10	3.0777E-06	9.8295E-07
-2.9269E-10	-3.1196E-10	2.9892E-06	-7.3406E-07
-3.1491E-11	-3.6057E-10	1.6719E-06	-1.0468E-06
2.1286E-10	-2.5071E-10	1.1777E-06	2.3529E-07
3.4592E-10	-1.5445E-11	3.0140E-06	3.2786E-08
3.1522E-10	2.4839E-10	1.4508E-06	-1.9176E-06
1.4084E-10	4.4611E-10	7.1414E-07	2.6636E-07
-1.2011E-10	5.0597E-10	1.9117E-06	-7.8043E-07
-3.6456E-10	3.9833E-10	9.0992E-08	-4.4312E-07
-4.9954E-10	1.7234E-10	7.2084E-07	7.9586E-07
-4.8084E-10	-9.2897E-11	1.2450E-06	1.3819E-06
-3.0700E-10	-2.9803E-10	3.0285E-06	6.5946E-07
-4.9418E-11	-3.6110E-10	1.6201E-06	-9.1793E-07
1.9703E-10	-2.6691E-10	1.3525E-06	5.5555E-07
3.4460E-10	-4.3930E-11	2.0441E-06	-2.0098E-07
3.3060E-10	2.2138E-10	1.2959E-06	-1.1603E-07
1.6863E-10	4.2640E-10	1.5173E-06	2.0217E-07
-8.3957E-11	5.0200E-10	1.8935E-06	8.6874E-09
-3.3440E-10	4.1175E-10	1.1329E-06	-7.3524E-07
-4.8145E-10	1.9430E-10	7.4750E-07	8.3391E-07
-4.7840E-10	-6.7478E-11	2.1315E-06	-8.6184E-08
-3.2099E-10	-2.8214E-10	2.2368E-07	-1.3468E-08
-6.7775E-11	-3.6115E-10	1.5903E-06	1.4478E-06
1.8092E-10	-2.8113E-10	1.9048E-06	2.7904E-07
3.4026E-10	-7.1614E-11	1.7256E-06	1.8985E-07
3.4454E-10	1.9323E-10	8.0928E-07	2.8963E-07
1.9466E-10	4.0648E-10	1.8223E-06	1.6003E-06
-4.9368E-11	4.9538E-10	2.3570E-06	3.4732E-07
-3.0296E-10	4.2358E-10	2.2789E-06	6.5825E-07
-4.6329E-10	2.1581E-10	2.4101E-06	-4.3659E-07
-4.7446E-10	-4.3157E-11	1.5307E-06	8.8679E-08
-3.3364E-10	-2.6438E-10	2.1424E-06	4.6900E-08
-8.7144E-11	-3.6010E-10	1.9217E-06	-2.4019E-07
1.6471E-10	-2.9427E-10	1.6344E-06	-5.7392E-07
3.3355E-10	-9.7628E-11	9.7423E-07	-1.5011E-07
3.5615E-10	1.6387E-10	1.0293E-06	5.6895E-07
2.1967E-10	3.8602E-10	2.1531E-06	1.0957E-06
-1.6731E-11	4.8703E-10	2.7233E-06	-4.5013E-07
-2.7068E-10	4.3298E-10	1.5685E-06	-7.3460E-07
-4.4433E-10	2.3724E-10	1.2482E-06	-3.4739E-07
-4.6990E-10	-1.9813E-11	1.6833E-06	-1.3678E-07
-3.4437E-10	-2.4553E-10	7.2945E-07	-1.1570E-06
-1.0735E-10	-3.5709E-10	8.1294E-08	1.2783E-06
1.4790E-10	-3.0692E-10	2.4657E-06	5.8319E-07
3.2544E-10	-1.2181E-10	1.2478E-06	-1.5215E-07
3.6474E-10	1.3399E-10	1.6609E-06	1.3953E-07
2.4382E-10	3.6425E-10	1.2272E-06	2.0470E-07
1.4334E-11	4.7778E-10	2.0057E-06	1.1029E-07
-2.3848E-10	4.3970E-10	1.5046E-06	-2.5910E-07
-4.2381E-10	2.5817E-10	1.8603E-06	-7.2486E-07
-4.6507E-10	3.2663E-12	3.2446E-07	-9.8786E-07
-3.5335E-10	-2.2648E-10	2.5824E-07	3.2790E-08
-1.2756E-10	-3.5168E-10	-6.5848E-08	8.5550E-07
1.2977E-10	-3.1891E-10	1.6286E-06	1.6376E-06
3.1657E-10	-1.4471E-10	2.3148E-06	3.3089E-07
3.7033E-10	1.0454E-10	2.0406E-06	-1.1152E-06
2.6652E-10	3.4063E-10	-5.1523E-07	-9.4241E-07
4.4589E-11	4.6785E-10	2.9020E-07	1.3725E-06
-2.0719E-10	4.4420E-10	1.2967E-06	5.5957E-07
-4.0156E-10	2.7773E-10	8.9975E-07	1.3694E-08
-4.5961E-10	2.6772E-11	-2.1525E-07	8.9895E-07
-3.6132E-10	-2.0765E-10	1.6559E-06	1.9029E-06
-1.4688E-10	-3.4419E-10	1.6297E-06	3.5529E-07
1.1002E-10	-3.2950E-10	1.5879E-06	5.6495E-07
3.0688E-10	-1.6703E-10	8.1891E-07	1.1202E-07
3.7361E-10	7.6131E-11	1.3302E-06	9.4151E-07
2.8695E-10	3.1533E-10	5.4639E-07	3.0861E-07
7.4535E-11	4.5675E-10	1.6852E-06	2.0383E-06
-1.7696E-10	4.4728E-10	1.9981E-06	-4.3446E-07
-3.7811E-10	2.9522E-10	6.1019E-07	1.1132E-06
-4.5276E-10	5.0817E-11	1.9481E-06	7.0337E-07
-3.6895E-10	-1.8874E-10	1.6156E-06	8.6124E-07
-1.6491E-10	-3.3541E-10	2.1434E-06	-1.1694E-07
8.9066E-11	-3.3790E-10	1.0202E-06	2.1785E-07
2.9575E-10	-1.8908E-10	1.7413E-06	2.5023E-07
3.7541E-10	4.8702E-11	1.2683E-06	-1.1127E-07
3.0463E-10	2.8912E-10	9.8280E-07	1.5226E-07
1.0402E-10	4.4379E-10	1.7710E-06	2.8248E-07
-1.4732E-10	4.4948E-10	4.0580E-07	-1.3963E-06
-3.5429E-10	3.1058E-10	-4.3834E-07	1.9071E-06
-4.4394E-10	7.4844E-11	2.7128E-06	3.4104E-07
-3.7633E-10	-1.6909E-10	1.7333E-07	-5.0946E-07
-1.8193E-10	-3.2603E-10	6.6839E-07	2.7051E-07
6.7730E-11	-3.4384E-10	-2.8867E-07	1.0876E-06
2.8257E-10	-2.1050E-10	2.1719E-06	1.0557E-06
3.7611E-10	2.1672E-11	-1.5274E-07	-6.7854E-07
3.1977E-10	2.6285E-10	1.9309E-07	2.0929E-06
1.3233E-10	4.2862E-10	1.4328E-06	1.1671E-06
-1.1759E-10	4.5073E-10	1.6253E-06	9.5812E-07
-3.3066E-10	3.2435E-10	1.0604E-06	3.1588E-07
-4.3320E-10	9.8029E-11	1.5155E-06	1.0359E-06
-3.8293E-10	-1.4823E-10	1.4210E-06	-2.1355E-07
-1.9858E-10	-3.1620E-10	1.0146E-06	1.8817E-07
4.6731E-11	-3.4774E-10	1.8108E-07	-5.2557E-07
2.6724E-10	-2.3053E-10	-1.1004E-07	1.7053E-06
3.7549E-10	-5.4988E-12	1.8968E-06	5.5290E-07
3.3300E-10	2.3695E-10	1.9592E-07	1.2642E-08
1.5872E-10	4.1154E-10	6.1226E-07	8.9474E-07
-8.7470E-11	4.5043E-10	6.1362E-07	7.2560E-07
-3.0718E-10	3.3721E-10	1.1105E-06	7.4978E-07
-4.2114E-10	1.1984E-10	8.5500E-07	2.7481E-08
-3.8798E-10	-1.2629E-10	5.3483E-07	4.9561E-08
-2.1529E-10	-3.0547E-10	-1.2887E-07	-4.1362E-07
2.6233E-11	-3.5030E-10	-1.1821E-06	8.3349E-07
2.5032E-10	-2.4855E-10	2.1126E-07	1.6542E-06
3.7291E-10	-3.2849E-11	2.0921E-07	6.5320E-07
3.4494E-10	2.1117E-10	2.4844E-08	8.9377E-07
1.8290E-10	3.9327E-10	-5.6646E-07	4.0113E-07
-5.7288E-11	4.4797E-10	-9.8504E-07	1.7311E-06
-2.8332E-10	3.4948E-10	-1.0683E-07	1.5387E-06
-4.0845E-10	1.4034E-10	-5.9917E-07	1.5076E-06
-3.9105E-10	-1.0391E-10	-7.2674E-07	1.7509E-06
-2.3192E-10	-2.9320E-10	-6.4646E-07	2.4080E-06
5.8503E-12	-3.5202E-10	-4.7052E-07	2.0664E-06
2.3259E-10	-2.6449E-10	-1.0918E-06	2.8906E-06
