jMRUI Data Textfile

Filename: Export_to_jmrui.txt

PointsInDataset: 2048
DatasetsInFile: 1
SamplingInterval: 0.250000
ZeroOrderPhase: 0E0
BeginTime: 0E0
TransmitterFrequency: 1.2326E8
MagneticField: 2.8936E0
TypeOfNucleus:  
NameOfPatient:  
DateOfExperiment:  
Spectrometer:  
AdditionalInfo: 
SignalNames:  


Signal and FFT
sig(real)	sig(imag)	fft(real)	fft(imag)
Signal 1 out of 1 in file
2.4800E-06	-1.1673E-06	-2.9831E-07	-2.0676E-07
1.8224E-06	-2.1455E-06	1.4547E-06	5.8390E-07
5.0557E-07	-2.3162E-06	8.9464E-07	-1.1273E-06
-3.7304E-07	-2.1165E-06	3.5045E-07	2.3692E-07
-1.0926E-06	-1.3693E-06	1.4493E-06	-1.0040E-07
-1.3576E-06	-5.1764E-07	1.0768E-06	-7.7907E-07
-1.0792E-06	1.5344E-07	3.0327E-07	-5.2355E-07
-5.6264E-07	5.5663E-07	8.8478E-07	3.2105E-07
3.5259E-08	5.1669E-07	1.1027E-06	-6.4729E-07
3.2315E-07	2.1160E-07	3.7349E-07	5.1303E-08
4.8383E-07	-2.4980E-07	1.2738E-06	-3.5819E-08
2.7658E-07	-4.5199E-07	5.5442E-07	-1.9456E-07
9.0489E-09	-6.4903E-07	1.2261E-06	4.7100E-07
-3.4142E-07	-4.9695E-07	1.5352E-06	-2.6068E-07
-4.8112E-07	-2.8698E-07	1.4017E-06	-6.2896E-07
-4.3712E-07	-5.6649E-08	5.4718E-07	-9.8117E-07
-4.1522E-07	4.0692E-09	1.9555E-07	3.4088E-09
-3.1132E-07	6.8495E-08	4.8894E-07	2.5352E-07
-2.1714E-07	7.2746E-10	9.5000E-07	8.5401E-07
-2.5670E-07	7.2601E-09	1.7428E-06	8.5933E-08
-3.5190E-07	2.2801E-08	9.8421E-07	-2.4800E-07
-3.9902E-07	1.5279E-07	9.8825E-07	3.6610E-07
-3.5408E-07	2.4008E-07	1.8469E-06	3.0216E-07
-1.7719E-07	3.7614E-07	1.3193E-06	-1.0531E-06
-2.2820E-08	2.8692E-07	6.1459E-08	5.4141E-07
1.1145E-07	2.2924E-07	2.3858E-06	7.6981E-07
1.8638E-07	5.3894E-08	1.4694E-06	-1.1186E-06
1.9697E-07	-7.6439E-08	6.3287E-07	9.8883E-08
1.8759E-09	-9.8491E-08	1.3800E-06	4.8017E-07
-6.7852E-08	2.9353E-08	2.1877E-06	2.1191E-07
-2.0348E-07	1.4410E-07	2.0371E-06	-1.1261E-06
-1.5125E-07	3.3406E-07	6.9900E-07	-8.8934E-07
-6.9894E-09	3.9186E-07	1.1353E-06	2.1539E-08
1.9835E-07	3.5149E-07	1.5168E-06	-7.1621E-07
2.7892E-07	2.7123E-07	6.9038E-07	-6.1274E-07
3.4387E-07	1.1425E-07	1.1171E-06	-1.9922E-07
3.2892E-07	-8.2181E-08	9.7005E-07	-7.2970E-07
2.4865E-07	-9.3457E-08	3.4408E-07	-4.6532E-07
1.6171E-07	-1.2926E-07	4.0015E-07	3.9644E-07
1.0837E-07	-4.7451E-08	1.2562E-06	2.6118E-07
7.1139E-08	-6.7810E-08	7.8544E-07	7.4300E-08
1.3159E-07	-6.2109E-08	1.4798E-06	3.8792E-07
9.6641E-08	-1.3085E-07	9.0749E-07	-4.1976E-07
1.7604E-07	-2.1913E-07	8.7058E-07	1.0189E-06
4.2786E-08	-3.0050E-07	2.4955E-06	4.1300E-07
-1.9931E-08	-2.8718E-07	2.0919E-06	-9.2822E-07
-1.4244E-07	-1.8814E-07	1.1020E-06	-1.0510E-06
-1.2890E-07	-9.5699E-08	9.5822E-07	-5.9865E-07
-1.5217E-07	-2.8601E-08	5.6562E-07	-8.6549E-07
-8.4495E-10	9.6814E-08	1.0331E-07	1.9763E-07
5.3684E-08	6.6404E-08	1.1759E-06	4.8796E-07
7.1534E-08	-1.7432E-08	1.3194E-06	-2.5114E-07
3.3995E-08	-1.1513E-07	5.6002E-07	-4.2302E-07
7.1670E-09	-9.6588E-08	5.0370E-07	7.8727E-07
-9.3076E-08	-9.3799E-08	2.0005E-06	3.3472E-07
-1.5801E-07	-1.0560E-08	8.5783E-07	-7.8416E-07
-1.8623E-07	4.2872E-08	7.4689E-07	6.8283E-07
-8.9743E-08	9.9940E-08	1.6710E-06	-3.5483E-07
-2.2401E-08	1.3309E-07	9.7802E-08	7.8500E-08
8.1831E-08	4.2130E-08	1.8034E-06	1.0396E-06
6.0079E-08	-3.3971E-08	1.4128E-06	-7.5207E-07
2.8093E-08	-1.3245E-07	7.5059E-07	5.0370E-07
-7.5673E-08	-1.1119E-07	1.6579E-06	6.3618E-08
-1.3575E-07	-7.1073E-08	1.1771E-06	1.1090E-07
-2.1115E-07	9.8033E-09	1.7885E-06	-5.5146E-08
-1.5225E-07	1.3248E-07	1.2452E-06	-7.2751E-07
-1.0562E-07	2.1464E-07	5.8705E-07	-1.5562E-07
3.7135E-09	1.9432E-07	1.3956E-06	3.1019E-07
8.0306E-08	1.8232E-07	1.1582E-06	-8.0500E-07
1.3172E-07	5.6634E-08	4.3649E-07	1.1548E-07
1.2344E-07	-1.6086E-08	1.0443E-06	-2.3272E-07
5.4376E-08	-2.5972E-08	1.7213E-08	2.9499E-07
-4.8522E-08	-4.3274E-09	1.1731E-06	9.9040E-07
-9.0024E-08	3.6412E-08	1.1266E-06	3.1434E-07
-3.1599E-08	8.6544E-08	1.1544E-06	8.2539E-07
2.4421E-08	1.1950E-07	1.9879E-06	6.1785E-07
1.2224E-07	1.0013E-07	1.5834E-06	-5.2855E-07
1.1042E-07	6.8114E-08	6.8595E-07	5.8388E-07
9.5778E-08	1.0962E-08	2.1296E-06	5.6248E-07
5.9007E-08	-5.0290E-08	1.7474E-06	5.3032E-08
2.0692E-08	-1.1944E-08	2.4127E-06	-7.0898E-07
1.9099E-08	3.6844E-08	2.3488E-07	-1.0688E-06
-3.3297E-08	7.8285E-08	1.2209E-06	8.0145E-07
4.3753E-08	1.1148E-07	1.4430E-06	-2.9409E-07
1.4566E-07	8.5280E-08	2.0564E-06	-3.8898E-08
1.1551E-07	-1.8142E-08	7.8856E-07	-1.8621E-06
1.6497E-07	-5.4629E-08	5.5886E-08	5.9937E-07
1.1899E-07	-1.2924E-07	1.4446E-06	-4.6305E-07
-2.6933E-09	-1.6816E-07	5.4870E-07	-1.2216E-07
-8.9571E-08	-1.2635E-07	5.7453E-07	-1.0498E-06
-1.5100E-07	-5.7056E-08	-1.1311E-06	6.9683E-07
-1.3310E-07	5.0145E-08	7.2837E-07	1.2824E-06
-4.9420E-08	1.6136E-07	4.7094E-07	1.6750E-06
1.0027E-07	1.2265E-07	2.4091E-06	9.3975E-07
1.3653E-07	3.9802E-08	4.3228E-07	5.0302E-07
2.0700E-07	-1.2200E-08	2.6415E-06	1.8185E-06
1.7209E-07	-1.5810E-07	2.1431E-06	-8.0611E-07
9.7206E-08	-1.8497E-07	1.4677E-06	1.3544E-07
-7.4458E-08	-1.8865E-07	1.0163E-06	-6.5521E-07
-1.5543E-07	-1.5135E-07	7.7105E-07	8.3558E-07
-1.8581E-07	-1.3232E-07	1.4056E-06	8.8961E-08
-1.8028E-07	-1.8345E-08	1.0915E-06	1.0341E-06
-1.2990E-07	1.2629E-07	2.3913E-06	-2.2319E-08
-3.7294E-08	5.4811E-08	7.6173E-07	-3.9125E-07
-3.7358E-08	8.1323E-08	1.1489E-06	6.4015E-07
-3.6354E-08	3.1955E-08	1.6357E-06	3.5527E-07
-4.1611E-08	1.8081E-08	1.5261E-06	-4.7238E-07
-5.5623E-08	1.8683E-08	1.2069E-07	1.0247E-07
-3.8408E-08	1.0524E-07	1.2930E-06	1.3488E-06
-1.2989E-08	4.4223E-08	1.8075E-06	2.6224E-07
8.0215E-09	5.7700E-09	1.2042E-06	1.0032E-07
6.9202E-08	1.1290E-08	8.0776E-07	8.2005E-07
7.9452E-08	2.7195E-08	2.2384E-06	1.1635E-06
-2.4313E-09	-3.1104E-08	1.7505E-06	-2.3396E-07
-1.4037E-07	-4.5923E-08	1.8971E-06	9.4463E-07
-3.6112E-08	-3.7554E-08	2.5102E-06	-1.0131E-06
-1.0797E-07	6.9289E-08	2.8070E-07	-2.5955E-07
-3.7356E-08	7.6667E-08	1.6652E-06	7.8620E-07
-2.0020E-08	8.7867E-08	1.8343E-06	-1.0127E-08
2.4225E-08	1.1550E-07	1.7690E-06	-4.8227E-07
7.0772E-08	3.4762E-08	8.0595E-07	-4.2967E-07
6.4701E-08	1.4676E-08	1.1230E-06	2.4875E-07
4.8387E-08	-7.0051E-08	1.2525E-06	2.5303E-08
4.3377E-08	-1.3864E-08	1.2828E-06	-1.1623E-07
-2.3780E-08	-8.1703E-08	7.8614E-07	-2.5267E-07
-4.1965E-08	-2.2527E-08	4.4803E-07	4.1822E-07
-2.3857E-08	3.7175E-08	1.2747E-06	1.0212E-06
-4.0059E-08	2.9178E-08	1.5135E-06	-6.7405E-09
5.2458E-08	4.6322E-08	9.5684E-07	7.4817E-07
3.3858E-08	4.8609E-08	2.0709E-06	5.4129E-09
5.0044E-09	5.9088E-08	5.7022E-07	-2.4489E-07
4.2278E-08	-2.7965E-08	9.8372E-07	4.7772E-07
2.2256E-08	-3.6898E-08	6.7532E-07	9.0910E-07
2.2320E-08	3.3113E-09	2.2747E-06	7.6276E-07
9.1901E-09	9.6645E-09	9.2599E-07	-3.2063E-07
2.7242E-08	-1.5992E-08	1.6015E-06	8.4139E-07
4.0381E-08	-3.7630E-08	1.2284E-06	-6.1886E-07
3.1136E-08	-5.9844E-08	3.4409E-07	4.4013E-07
7.9501E-10	-8.0373E-08	6.4894E-07	1.2657E-06
-3.3051E-09	-4.8790E-08	2.5913E-06	9.2608E-07
-7.5584E-08	-3.7245E-08	1.3115E-06	-5.4892E-07
-7.1701E-08	-9.9863E-08	-2.1406E-07	1.6379E-06
-4.1848E-08	2.1780E-08	2.1707E-06	1.3643E-06
-7.2161E-08	4.9317E-08	1.5406E-06	9.7738E-07
-5.7163E-08	5.6081E-08	2.4729E-06	6.5890E-07
-2.7896E-08	1.6003E-08	1.5417E-06	-9.3083E-08
-3.5354E-08	1.7612E-08	1.3627E-06	6.3826E-07
7.8102E-09	-9.3070E-09	1.8802E-06	6.8534E-07
3.7661E-08	-3.7964E-08	1.9473E-06	6.5533E-08
-4.6340E-08	-5.1186E-08	1.4116E-06	1.3848E-07
-3.3898E-08	-3.8269E-08	1.5344E-06	2.4348E-07
-4.7542E-08	-8.7637E-09	1.4114E-06	3.2676E-07
-4.4854E-08	2.8258E-08	1.6588E-06	1.3027E-07
-3.0277E-08	-2.4564E-08	1.0460E-06	7.5117E-08
-4.3155E-08	-1.1293E-09	1.4442E-06	4.2476E-07
-1.1324E-08	4.4984E-08	6.0901E-07	-2.0367E-07
-2.3288E-10	6.8625E-08	4.7638E-07	1.9614E-06
4.8722E-08	2.3635E-08	2.8099E-06	1.0301E-06
4.5648E-08	3.2532E-08	1.3356E-06	4.8875E-08
4.5589E-08	9.0411E-09	1.7984E-06	6.2155E-07
3.3578E-08	-1.5096E-08	7.1429E-07	3.4886E-07
-2.5598E-08	-2.4748E-08	1.9743E-06	2.0903E-06
-3.3018E-08	7.0555E-09	2.7930E-06	-1.8532E-08
-2.2606E-08	9.5606E-09	1.5126E-06	3.7929E-07
-6.4020E-08	-1.3725E-08	2.1842E-06	3.6216E-07
-5.4051E-08	-3.0240E-08	1.7404E-06	5.8632E-08
-4.6786E-08	1.2745E-08	1.6189E-06	4.1348E-07
4.7384E-08	4.3636E-08	2.2938E-06	5.6515E-07
8.6085E-09	4.3845E-08	2.4392E-06	-6.3788E-07
-1.1122E-08	6.8124E-08	1.2185E-06	-1.0132E-06
7.8937E-08	5.3714E-08	3.2461E-07	-1.6255E-07
4.6142E-08	3.0342E-08	9.1075E-07	7.6116E-07
6.7684E-08	-5.4031E-08	9.8768E-07	5.4723E-07
8.5116E-08	-6.1705E-08	1.5598E-06	1.2200E-06
1.4443E-08	1.1332E-08	1.9924E-06	8.2406E-08
3.8976E-08	-3.0302E-08	1.2056E-06	1.0099E-07
1.3722E-08	-3.9284E-08	7.1004E-07	2.5616E-07
3.7986E-09	1.1155E-08	1.0465E-06	1.5998E-06
-1.6805E-10	-3.8827E-08	1.9151E-06	6.3252E-07
2.5141E-09	-3.9769E-08	1.2210E-06	1.5024E-06
1.1260E-08	-1.0088E-08	3.1487E-06	9.9795E-07
1.0371E-08	-4.0371E-08	2.1075E-06	-2.9993E-07
-7.2985E-09	-3.3485E-08	1.8620E-06	-1.4613E-07
1.3208E-08	-4.1400E-08	1.0500E-06	1.0996E-08
-3.7591E-08	-1.2671E-08	1.5401E-06	3.9215E-07
-2.8458E-08	-6.8218E-08	6.8702E-07	3.8233E-07
7.0555E-09	-4.3016E-08	1.5883E-06	1.5491E-06
-6.1172E-08	-4.0747E-08	1.8785E-06	8.5559E-07
-1.0127E-08	2.5710E-08	2.6799E-06	1.1412E-06
-5.0850E-08	3.8985E-08	2.3624E-06	-6.5366E-07
-2.7473E-08	1.0385E-08	1.2858E-06	3.1990E-07
-4.6656E-08	1.6213E-08	1.6468E-06	2.4015E-07
-3.0487E-08	4.1790E-08	1.8894E-06	9.8399E-07
-2.5608E-08	4.2056E-08	2.3073E-06	-5.5005E-07
8.2535E-09	1.8108E-08	9.4617E-07	8.1358E-07
-2.4717E-08	-2.8508E-08	3.2873E-06	-8.3895E-08
3.9441E-09	-2.1764E-08	5.8286E-07	-1.3063E-06
1.8260E-08	-2.5861E-08	9.1472E-07	5.2739E-07
-1.7016E-08	4.2036E-09	5.1546E-07	2.4917E-07
-2.5958E-08	-7.6995E-08	1.1632E-06	1.3901E-06
-2.2070E-08	3.6978E-09	1.2884E-06	1.1033E-06
1.4010E-08	4.2863E-10	2.5745E-06	1.5573E-06
-5.7883E-09	2.4748E-08	2.2873E-06	-2.8523E-07
-3.5976E-08	2.8811E-08	1.6690E-06	5.2015E-07
4.7921E-11	8.9457E-09	1.7549E-06	-3.0863E-08
1.3339E-08	1.4218E-08	1.5192E-06	6.2793E-07
-1.3327E-08	-4.3667E-09	1.6918E-06	3.1908E-08
6.8734E-09	-1.4907E-08	1.1733E-06	8.8875E-07
-2.8282E-08	2.0265E-08	2.3013E-06	6.8334E-07
9.0460E-09	4.9128E-08	1.7717E-06	1.0541E-07
3.7023E-08	3.2543E-08	1.9072E-06	3.8097E-07
1.7305E-08	4.1084E-08	1.7546E-06	-3.6725E-07
1.9158E-08	-6.0042E-08	6.7601E-07	1.7118E-07
3.9732E-08	-2.9315E-08	1.2144E-06	9.7398E-07
3.4190E-08	-5.6541E-08	1.5374E-06	1.1755E-06
4.7712E-08	-4.0892E-08	2.5107E-06	5.6245E-07
-9.4536E-09	1.8384E-08	9.8781E-07	1.2040E-07
4.0921E-08	-3.3353E-08	2.1740E-06	1.7704E-06
1.5254E-08	1.3563E-08	2.7597E-06	-2.2954E-07
-1.4155E-08	-5.9193E-08	1.6182E-06	9.1700E-08
2.2902E-08	1.7003E-08	1.8398E-06	1.1143E-07
-2.8048E-09	-2.6057E-08	1.7359E-06	1.2767E-07
3.2401E-08	-6.0778E-08	1.5195E-06	-3.3062E-08
-9.1132E-09	-5.3292E-08	1.4098E-06	3.1960E-08
-3.1719E-09	-6.7184E-08	6.2293E-07	4.1556E-07
-2.1466E-08	-2.2512E-08	1.8165E-06	1.4001E-06
-6.8308E-08	-4.7580E-08	1.7227E-06	2.1923E-07
-2.6535E-08	-3.1627E-08	1.9147E-06	1.0753E-06
-3.8755E-08	3.4144E-08	2.0902E-06	-2.1600E-08
3.4358E-08	2.7539E-08	1.9106E-06	5.2616E-07
3.4743E-09	2.8117E-08	1.9510E-06	-4.7313E-07
3.4799E-09	4.3855E-08	1.3286E-06	-1.6274E-07
4.2181E-09	-8.0769E-09	4.3749E-07	-3.5831E-07
-8.3466E-09	-3.1535E-08	8.8465E-07	1.5589E-06
2.0614E-08	-7.4689E-09	1.4073E-06	-3.7713E-08
-4.8128E-09	-4.3753E-08	3.9421E-07	1.8757E-06
-3.9923E-08	-3.2563E-08	2.6173E-06	1.0313E-06
-2.2666E-08	-1.7844E-08	1.0331E-06	6.7189E-07
-1.3934E-08	-1.1717E-08	1.9581E-06	1.4864E-06
-3.3087E-08	1.3191E-08	2.1428E-06	8.8480E-07
-4.1783E-08	4.1379E-08	1.9928E-06	7.7950E-07
1.2953E-08	3.6625E-08	2.4029E-06	9.6905E-07
-3.3577E-08	6.5209E-08	2.1553E-06	-5.3187E-09
-3.0969E-08	-2.3390E-08	2.0490E-06	1.0065E-06
-3.3430E-08	1.7441E-08	2.6882E-06	-7.0469E-07
8.2330E-09	-2.1428E-09	4.1635E-07	6.0068E-08
3.4139E-09	7.4030E-10	1.7509E-06	1.2120E-06
1.6296E-09	-8.5577E-09	1.9344E-06	6.4568E-07
2.2911E-08	5.8728E-08	1.9467E-06	4.0579E-07
4.9576E-08	2.4059E-08	1.6592E-06	7.8431E-07
4.9982E-09	2.8800E-08	2.5311E-06	6.2991E-07
-1.2883E-08	7.5976E-08	2.1902E-06	-4.1709E-07
5.8210E-08	3.2236E-09	8.3807E-07	-1.1607E-07
3.7857E-09	8.3877E-09	1.6360E-06	1.2398E-06
1.7434E-08	-1.0545E-08	1.9381E-06	6.6336E-08
6.7660E-08	7.4120E-09	1.8222E-06	6.5414E-07
3.3003E-08	-4.2473E-11	1.2377E-06	-6.7551E-07
1.8438E-08	-3.8427E-08	4.9540E-07	2.0183E-06
5.7024E-08	-3.4568E-08	3.0915E-06	6.2447E-07
-1.3430E-08	2.3219E-10	1.1798E-06	3.8647E-07
5.6191E-08	-4.6652E-08	2.1144E-06	5.1266E-07
3.6988E-09	-3.4526E-08	1.1525E-06	9.6742E-07
1.4438E-08	-3.7514E-08	2.7410E-06	7.6250E-07
2.7922E-08	5.1098E-09	1.5443E-06	3.6948E-07
-2.5564E-08	-2.7854E-08	2.6865E-06	3.5943E-07
-2.0715E-08	7.3069E-09	1.0572E-06	-3.3825E-07
-4.1455E-08	6.1747E-11	1.7029E-06	1.0462E-06
6.9128E-09	1.6532E-08	1.9117E-06	1.5023E-07
3.5864E-09	7.2845E-09	1.3468E-06	6.1537E-08
2.0551E-08	4.9436E-08	6.1292E-07	1.0473E-06
-2.8726E-09	7.2114E-09	2.1803E-06	1.9622E-06
2.6992E-09	1.2845E-08	3.1006E-06	6.5968E-07
1.6641E-08	-1.9306E-08	2.0819E-06	-5.8652E-07
-1.5423E-08	-4.5377E-08	1.2462E-06	1.0733E-06
-1.7096E-08	3.0141E-08	3.3132E-06	1.1072E-07
-8.8032E-09	-2.4875E-08	8.5873E-07	-7.1631E-07
-1.6184E-08	-7.3364E-09	2.0166E-06	1.2024E-06
-3.2907E-08	-1.3654E-08	2.3067E-06	-8.3114E-07
-2.7139E-08	-5.5033E-08	7.4938E-07	-3.1367E-07
-1.2152E-08	1.0380E-08	1.1192E-06	2.5905E-07
1.4521E-08	5.6224E-08	5.9045E-07	1.5189E-07
2.1509E-09	-3.5330E-09	8.6380E-07	1.4189E-06
5.0087E-09	-2.8229E-08	1.6479E-06	6.5833E-07
-4.7712E-08	-2.9228E-09	1.1738E-06	1.0631E-06
-1.8132E-08	-6.0593E-09	1.5734E-06	5.2255E-07
-3.7244E-08	-7.5052E-09	8.9889E-07	1.4377E-06
-1.3704E-08	2.3143E-08	2.0968E-06	1.0821E-06
-5.3175E-09	2.4213E-08	1.6441E-06	1.2916E-06
-4.3094E-08	4.1474E-08	2.1870E-06	2.6847E-07
3.8266E-08	2.3662E-08	8.7586E-07	1.9083E-06
1.2944E-08	8.8594E-09	4.1300E-06	7.6178E-07
9.5424E-09	8.6896E-09	9.1668E-07	-6.8416E-07
4.2489E-08	-2.1049E-08	2.3716E-06	1.0410E-06
3.3563E-08	-1.2202E-08	1.2816E-06	-6.1739E-07
2.3911E-08	-4.6145E-09	1.2382E-06	4.8984E-07
5.4075E-10	-4.2775E-08	2.5823E-07	5.7866E-07
2.5655E-08	-1.7128E-08	1.8573E-06	1.7966E-06
-7.6389E-09	-2.0346E-08	1.0698E-06	3.9855E-07
9.1441E-09	-1.0703E-08	1.8102E-06	2.0896E-06
4.3734E-08	1.6606E-08	2.3016E-06	3.2548E-07
9.5586E-09	5.0427E-09	1.5738E-06	5.3226E-07
1.5606E-08	2.7206E-08	8.3740E-07	5.1078E-07
2.0601E-08	-1.4699E-08	1.5344E-06	1.7745E-06
-3.2112E-08	-6.8413E-09	1.7846E-06	4.2163E-07
4.9484E-08	9.6389E-09	7.0829E-07	1.0977E-06
3.2941E-08	-1.5277E-08	1.1264E-06	1.9252E-06
6.6412E-08	1.9177E-08	1.8472E-06	1.9740E-06
2.0478E-08	1.1158E-08	2.1239E-06	2.2079E-06
-1.9852E-08	1.2589E-08	3.4005E-06	1.1443E-06
2.3390E-08	-2.5366E-08	1.6026E-06	7.5002E-07
4.4500E-08	-5.2374E-08	3.4205E-06	1.3356E-06
1.6987E-08	-1.4663E-08	1.3742E-06	-1.1209E-06
8.7528E-09	6.9246E-09	2.9903E-07	1.9586E-06
1.1742E-08	1.9452E-08	1.9959E-06	2.2838E-06
9.5663E-09	-1.9458E-08	3.0236E-06	1.7739E-06
-1.6632E-09	-3.2759E-08	2.1339E-06	1.0561E-06
-1.3294E-08	-3.1821E-08	3.6560E-06	1.8868E-06
-5.1840E-08	-1.7971E-08	2.8318E-06	-1.0226E-06
7.4183E-09	-4.2433E-09	1.1600E-06	7.6522E-07
1.2525E-08	-3.6917E-08	1.4863E-06	8.7603E-07
1.8360E-09	-2.3406E-08	1.9774E-06	2.3380E-06
-6.5108E-09	3.2354E-08	3.0764E-06	1.0533E-06
1.0507E-08	2.5489E-09	2.7288E-06	1.3826E-06
-1.7441E-08	1.2994E-08	3.2538E-06	2.4129E-07
-1.4666E-08	-1.1846E-08	2.2394E-06	4.0169E-07
-8.7897E-09	3.0429E-08	2.3977E-06	3.3695E-07
-1.2566E-08	3.6906E-08	2.1264E-06	4.3940E-07
-1.3602E-08	7.9232E-09	1.6015E-06	5.1338E-07
-2.8069E-08	-6.7693E-09	2.4407E-06	1.6086E-06
5.2131E-09	1.7780E-08	2.5568E-06	-5.7642E-08
-1.7242E-08	6.1105E-09	1.6977E-06	1.3348E-06
2.4500E-08	2.7548E-08	3.0797E-06	6.4758E-07
-9.2843E-09	3.3003E-08	2.3248E-06	3.3044E-07
3.6441E-08	-3.0683E-08	2.0510E-06	-7.8926E-08
-9.3638E-09	5.2265E-09	1.3952E-06	1.1582E-06
-1.4814E-08	1.1235E-08	2.6989E-06	8.8311E-07
6.6730E-09	-2.2308E-08	2.1410E-06	6.3033E-07
-1.9561E-08	2.8885E-08	2.1903E-06	3.5445E-07
2.0685E-08	1.0519E-08	1.5831E-06	1.3425E-06
3.2351E-08	3.6598E-09	3.1838E-06	1.1038E-06
-2.6619E-08	2.9610E-08	2.3719E-06	4.8586E-07
4.4365E-08	9.1381E-09	3.0959E-06	5.7415E-07
2.9961E-08	-2.6651E-08	2.1913E-06	-2.9599E-07
-9.8770E-10	-3.7727E-08	1.9940E-06	6.2063E-07
-4.5982E-08	8.4125E-09	2.3286E-06	7.3786E-07
2.9949E-09	-7.4168E-09	3.2906E-06	4.6771E-07
-2.5802E-10	-2.9689E-08	2.4277E-06	-1.2241E-06
2.9629E-08	2.0926E-08	1.1513E-06	6.5983E-08
-3.0064E-10	1.3638E-08	2.0049E-06	-4.7834E-08
5.7144E-08	-9.2294E-10	8.3737E-07	3.2126E-07
4.1721E-08	1.3118E-08	2.3815E-06	1.0832E-06
3.4715E-08	-1.9375E-08	1.7685E-06	-6.2258E-07
2.0160E-08	-6.4561E-09	9.7167E-07	6.4465E-07
9.7251E-09	-4.1276E-08	1.4687E-06	5.3873E-07
1.5353E-08	-3.5682E-08	1.3796E-06	9.7582E-07
-1.9517E-08	-2.3836E-08	1.5580E-06	5.1580E-07
-5.2392E-08	2.2051E-10	9.5539E-07	1.3053E-06
1.5890E-08	-3.2819E-08	2.0392E-06	1.5114E-06
3.5597E-09	1.4024E-08	1.8366E-06	1.0113E-06
1.4766E-08	1.0214E-08	1.9128E-06	1.4101E-06
-5.5327E-09	1.9205E-08	2.3250E-06	1.1694E-06
-1.0240E-08	-1.8922E-08	2.0797E-06	1.1141E-06
-1.1205E-08	4.6664E-09	2.6393E-06	1.1414E-06
-5.2575E-08	-1.2600E-08	2.0110E-06	5.5159E-07
9.5101E-09	3.7146E-08	2.4055E-06	1.7756E-06
-2.9412E-08	-3.1365E-09	3.4954E-06	3.9794E-07
-1.1791E-08	9.8875E-10	2.3063E-06	-1.8636E-07
2.6181E-08	3.6472E-10	1.7258E-06	1.3912E-07
1.7949E-08	2.9569E-08	1.8704E-06	1.1187E-06
-3.8618E-09	2.3068E-09	2.8309E-06	4.5884E-07
1.2898E-08	1.7038E-10	2.1266E-06	-4.8760E-08
1.9293E-08	1.0688E-08	1.7872E-06	7.3766E-08
-3.1602E-08	-4.3868E-09	1.8467E-06	4.7462E-07
2.2571E-08	-9.7462E-09	1.7365E-06	-3.5914E-07
-2.0425E-08	-5.2545E-09	5.0945E-07	7.1355E-07
9.0419E-09	4.7301E-08	1.8211E-06	1.2438E-06
1.6643E-08	5.0398E-08	1.6128E-06	6.6879E-07
1.6535E-11	-8.0389E-09	1.4406E-06	6.0127E-07
1.0079E-08	1.9237E-08	7.7567E-07	1.4572E-06
-1.6091E-08	4.3659E-08	2.1475E-06	1.8236E-06
1.1101E-08	-7.1502E-09	1.6884E-06	1.5106E-06
2.2295E-08	-1.1843E-08	3.1747E-06	1.9427E-06
-3.8072E-08	2.4953E-08	2.6684E-06	4.9138E-08
-8.4658E-09	1.6806E-08	2.1469E-06	9.0735E-07
7.5205E-09	-2.3196E-08	2.0702E-06	2.3308E-07
-2.9868E-08	-2.4043E-08	1.8779E-06	1.1597E-06
-7.5643E-10	-7.8470E-09	2.0133E-06	2.8150E-07
2.9393E-08	2.2919E-08	1.5543E-06	2.0030E-06
2.0170E-09	1.4158E-08	4.1661E-06	4.9824E-07
7.1455E-09	5.9360E-09	1.2649E-06	-1.2177E-06
2.7571E-08	-5.2890E-09	9.9204E-07	1.0363E-06
-2.6755E-09	-3.0753E-08	1.4198E-06	7.1304E-07
1.9379E-08	5.4906E-11	1.3132E-06	1.6060E-06
9.8848E-09	1.9759E-08	2.5974E-06	1.3587E-06
2.6029E-09	-6.1859E-09	1.9439E-06	7.1194E-08
1.6816E-09	2.1046E-08	9.4913E-07	1.2167E-06
1.3690E-08	-4.4297E-09	2.0228E-06	1.4474E-06
-2.2591E-09	-1.1875E-08	1.6359E-06	1.4226E-06
-8.7587E-10	-9.2666E-09	2.6628E-06	1.4581E-06
-4.3352E-08	1.9294E-09	1.8619E-06	5.9340E-07
-4.4542E-09	1.0283E-08	1.8697E-06	1.4219E-06
-1.1189E-08	5.0816E-09	1.8933E-06	1.3941E-06
-3.9155E-09	1.5410E-08	2.8156E-06	1.6133E-06
-2.6404E-08	8.9616E-09	2.1114E-06	3.0442E-07
-1.5097E-08	3.0857E-08	1.6709E-06	1.9785E-06
-1.4615E-09	1.0217E-08	3.2953E-06	1.4859E-06
2.9934E-08	7.5906E-09	2.8856E-06	5.5718E-07
5.6322E-09	7.1012E-08	2.5121E-06	3.7991E-07
2.8026E-08	2.3143E-08	2.0785E-06	3.6005E-07
3.6821E-09	3.6080E-08	1.6720E-06	9.0480E-07
2.2532E-09	7.2657E-09	2.5264E-06	1.3912E-06
-2.5110E-08	1.5124E-08	2.7746E-06	4.7166E-07
-4.5671E-09	2.4457E-08	2.2759E-06	1.7476E-07
-2.5276E-08	1.0522E-08	1.6008E-06	5.8277E-07
-5.8363E-09	2.7132E-08	2.8492E-06	1.0305E-06
-4.6171E-08	-4.3994E-08	2.1538E-06	-1.1314E-06
6.1508E-09	6.3885E-09	1.6264E-07	3.9612E-07
5.0119E-08	-2.2238E-09	1.1321E-06	1.3525E-06
1.3164E-08	1.6532E-08	1.2674E-06	1.6484E-06
1.7153E-08	1.1921E-08	2.1839E-06	1.7127E-06
-8.3767E-09	3.8068E-08	2.1126E-06	1.0481E-06
1.7050E-08	-1.5438E-08	2.0043E-06	1.4376E-06
-2.5021E-08	2.8394E-08	2.7153E-06	8.3673E-07
-3.6427E-08	-1.7902E-09	1.2435E-06	3.9686E-07
2.7539E-08	-3.9103E-09	1.9071E-06	2.3591E-06
-2.2828E-08	3.0386E-08	3.5564E-06	5.7803E-07
-1.9109E-08	-1.8316E-08	1.6123E-06	-4.6956E-07
-6.1975E-08	1.0943E-08	7.4099E-07	7.2504E-07
-2.6800E-08	-8.5392E-09	9.6818E-07	1.8183E-06
-9.1989E-09	-1.1629E-08	2.3732E-06	2.2942E-06
-3.4349E-08	-1.3813E-08	2.9756E-06	5.6008E-07
3.3693E-08	1.9929E-08	1.3072E-06	5.6661E-07
8.9273E-09	1.8430E-09	2.0055E-06	1.1199E-06
-1.9179E-09	3.1583E-10	9.6680E-07	7.5583E-07
-2.5198E-08	-1.5199E-08	1.8212E-06	2.0988E-06
2.1373E-08	1.0743E-09	1.7710E-06	6.6625E-07
1.5208E-09	1.3039E-08	9.5561E-07	1.8988E-06
-2.9059E-08	4.1549E-08	1.8005E-06	2.2791E-06
5.4028E-08	-1.4865E-08	2.7618E-06	2.0879E-06
5.7353E-08	-4.6134E-08	1.9671E-06	9.2272E-07
5.0013E-09	-1.4350E-08	2.1741E-06	2.5342E-06
-2.4563E-08	2.1341E-09	3.1305E-06	8.0095E-07
1.1432E-08	3.2229E-09	1.6395E-06	1.0712E-06
-1.2562E-08	-3.8450E-08	1.6203E-06	1.3315E-06
3.3529E-08	-5.6097E-09	1.8184E-06	2.7746E-06
1.5595E-08	-2.3761E-08	3.5088E-06	1.4689E-06
6.8599E-09	-1.6857E-08	1.7723E-06	1.2608E-06
2.0089E-08	7.6820E-09	3.0597E-06	2.2237E-06
-7.5619E-09	2.0227E-08	3.1804E-06	5.6806E-07
1.4124E-08	-2.8148E-08	1.9912E-06	8.8315E-07
2.9084E-08	6.6442E-10	2.7006E-06	8.9931E-07
-3.1431E-08	-1.2940E-08	9.7016E-07	3.2336E-07
-5.1106E-09	-2.2404E-08	1.6491E-06	2.8383E-06
8.5982E-09	-4.0630E-09	2.6854E-06	1.1102E-06
1.2698E-08	-1.2847E-10	1.7961E-06	2.0787E-06
1.2549E-08	-2.6106E-10	2.4784E-06	1.4989E-06
-1.0508E-08	-2.0869E-08	2.4853E-06	2.6095E-06
-2.5896E-08	5.8052E-08	3.3731E-06	6.4507E-07
-2.5160E-08	6.4050E-08	1.7058E-06	2.3045E-06
-2.5398E-09	1.0700E-08	4.2338E-06	7.8138E-07
-2.2197E-09	-8.0856E-09	1.8520E-06	1.0035E-06
2.6529E-08	-2.2834E-08	3.3483E-06	2.9934E-06
1.9096E-08	-6.2420E-09	3.4476E-06	4.9851E-07
-1.6656E-08	3.3632E-09	2.8684E-06	7.0359E-07
-1.7616E-09	2.7164E-08	2.1757E-06	4.9120E-07
-1.0372E-08	4.2523E-09	2.1647E-06	7.8049E-07
2.2657E-08	2.1121E-08	1.4614E-06	1.4183E-06
-3.8244E-08	-8.9660E-10	2.9071E-06	1.4826E-06
1.2497E-09	1.0574E-08	1.4279E-06	9.2389E-07
6.0977E-09	-1.1357E-08	2.5616E-06	2.2905E-06
-1.8716E-08	1.6773E-08	2.3110E-06	1.2210E-06
3.4856E-08	-2.3796E-08	2.8076E-06	2.0806E-06
-1.0736E-08	1.6809E-08	2.9178E-06	1.3173E-06
-1.7415E-08	1.5971E-08	3.7701E-06	1.0264E-06
-3.6069E-09	2.1609E-08	1.8196E-06	-6.9254E-07
1.5384E-08	1.2174E-08	1.3782E-06	1.8615E-06
3.0208E-09	-1.1265E-08	2.0391E-06	1.0070E-06
2.4915E-08	1.4629E-08	1.9842E-06	2.4945E-06
3.3305E-08	-1.4891E-09	3.2798E-06	8.6987E-07
-8.6287E-09	-1.9718E-08	1.6178E-06	1.2812E-06
4.5519E-08	-2.5231E-08	2.5171E-06	1.1946E-06
-1.8467E-08	-8.5289E-09	9.6704E-07	1.7458E-06
-3.2201E-09	-1.4811E-08	3.1103E-06	3.1219E-06
-3.7955E-08	-1.0242E-08	3.2530E-06	8.2051E-07
2.0029E-08	-4.7457E-09	2.0006E-06	1.7556E-06
-1.8388E-08	1.2250E-08	3.2529E-06	1.8074E-06
-2.0317E-08	1.1274E-09	2.5855E-06	9.6163E-07
-2.6285E-08	-8.2484E-09	2.5113E-06	1.7531E-06
-3.2129E-08	5.3204E-09	2.9380E-06	1.2024E-06
4.3411E-09	-2.9350E-08	2.3206E-06	1.3424E-06
7.7511E-09	3.1706E-08	2.8476E-06	1.4095E-06
1.8492E-08	-1.2495E-08	2.0666E-06	8.6654E-07
1.7093E-08	-2.6228E-08	1.7172E-06	2.2109E-06
3.6672E-08	-2.8086E-08	2.7984E-06	2.5095E-06
-4.7119E-09	-2.4638E-08	3.3303E-06	2.4527E-06
9.5868E-09	1.5892E-08	4.2124E-06	1.7807E-06
-2.4627E-09	4.3084E-09	4.0617E-06	8.3489E-07
2.0851E-08	2.0087E-08	3.7310E-06	-8.0824E-08
4.7598E-09	2.1479E-09	2.2141E-06	-2.6402E-07
-9.7973E-09	-6.7450E-09	1.8061E-06	6.9325E-07
9.9983E-09	2.8067E-08	1.8222E-06	1.4744E-06
1.4432E-08	1.9137E-08	3.0649E-06	1.3738E-06
-3.3004E-08	-2.6605E-08	1.8319E-06	3.3045E-07
-5.7736E-09	3.0598E-08	1.7788E-06	2.1471E-06
-1.9238E-08	2.2852E-08	2.5723E-06	1.5341E-06
-2.7710E-08	2.0157E-08	2.5679E-06	2.3209E-06
7.2584E-09	2.7850E-08	3.6332E-06	1.1429E-06
-1.3813E-10	-1.9217E-08	2.2959E-06	1.3890E-06
-3.6458E-08	-8.8177E-09	3.8981E-06	1.3932E-06
-5.2964E-08	-3.2461E-09	2.2579E-06	-2.1145E-07
-5.8502E-10	2.9701E-08	1.7445E-06	2.0256E-06
2.3472E-09	3.2512E-08	3.3413E-06	1.6792E-06
-2.1346E-08	-8.6039E-09	3.1798E-06	1.1680E-06
-1.4061E-08	-2.0377E-08	3.3509E-06	5.2628E-07
4.8487E-08	1.6953E-09	2.3751E-06	4.5089E-07
-1.5586E-08	-4.8707E-08	2.9541E-06	6.6979E-07
-1.4953E-08	-1.2202E-08	1.8312E-06	-4.1754E-07
-1.3018E-08	1.2106E-08	9.9027E-07	1.4808E-06
-7.0737E-09	-1.1610E-08	2.6098E-06	1.4990E-06
-2.6255E-09	1.1912E-08	1.9402E-06	4.1792E-07
-3.4898E-09	-1.6937E-08	7.0054E-07	1.4533E-06
-4.3683E-08	8.2706E-09	2.2893E-06	3.1453E-06
-3.3437E-08	6.0657E-09	3.4178E-06	8.0621E-07
-8.5552E-09	3.2594E-08	1.1323E-06	1.3330E-06
3.7751E-09	1.4241E-08	2.6300E-06	2.2406E-06
2.5412E-08	4.3457E-09	2.0836E-06	1.7893E-06
1.7732E-08	-2.7661E-08	3.4995E-06	2.2635E-06
-2.3391E-08	6.5205E-08	2.7809E-06	4.9263E-07
-4.2192E-09	-3.8692E-09	2.5885E-06	1.5534E-06
1.1762E-08	-7.7414E-09	2.4246E-06	4.3429E-08
7.9535E-09	-1.2421E-08	4.9693E-07	1.5240E-06
-1.3437E-08	-6.5555E-09	1.9877E-06	3.0707E-06
2.1804E-08	-3.6300E-08	3.2831E-06	2.3833E-06
1.6423E-08	-7.6850E-09	3.0017E-06	1.3410E-06
2.2103E-08	-9.7572E-09	2.6639E-06	1.7443E-06
-2.7950E-08	-1.6668E-08	3.0836E-06	1.3078E-06
-9.7136E-09	-4.3342E-08	2.4584E-06	1.1511E-06
-2.7617E-08	7.5908E-09	2.6081E-06	1.4531E-06
-5.8798E-09	-1.5076E-08	2.5206E-06	9.9202E-07
-6.1911E-09	-1.3878E-08	1.8360E-06	1.4475E-06
-1.9113E-08	-1.7076E-10	2.5803E-06	1.8943E-06
-3.9575E-08	5.2999E-08	2.3981E-06	1.3542E-06
1.6024E-08	-1.7689E-08	2.6565E-06	1.8040E-06
-2.2325E-09	1.6688E-08	2.7113E-06	7.8434E-07
-9.0092E-09	2.3342E-08	1.4302E-06	1.1074E-06
6.5510E-09	-8.9636E-09	1.7123E-06	2.4563E-06
-1.0054E-08	-2.8690E-08	3.1043E-06	2.0106E-06
1.3684E-08	2.6753E-08	1.9485E-06	1.1240E-06
-4.8166E-08	2.3878E-10	2.2264E-06	2.7386E-06
1.0074E-08	-4.0387E-08	3.5507E-06	1.5341E-06
-3.9634E-08	1.1699E-08	2.1388E-06	4.6251E-07
-3.8408E-08	2.5562E-08	8.6496E-07	2.1120E-06
8.8558E-11	-1.5784E-08	3.0637E-06	2.9234E-06
-5.0800E-08	-1.9953E-08	2.1665E-06	1.1324E-06
-1.2405E-08	-1.1337E-08	2.3818E-06	3.2789E-06
-6.7522E-09	-2.3491E-08	3.7009E-06	1.2897E-06
1.0569E-08	-5.7084E-09	2.0896E-06	1.5745E-06
3.8580E-08	-2.5152E-08	2.4590E-06	1.7353E-06
4.4154E-09	-2.8423E-08	2.5247E-06	2.4111E-06
1.5104E-08	-8.4401E-09	3.2159E-06	1.1546E-06
1.1580E-08	1.3449E-08	1.6123E-06	1.6157E-06
9.1453E-09	-1.5362E-08	2.6074E-06	2.2620E-06
-1.8741E-08	2.8905E-08	2.6298E-06	1.5765E-06
-1.7600E-08	-1.4286E-08	1.5274E-06	1.2938E-06
-1.2086E-08	1.1684E-08	1.3579E-06	3.5819E-06
-8.0938E-09	2.2771E-08	3.6979E-06	2.9481E-06
8.6567E-09	1.0793E-08	2.8737E-06	2.1376E-06
1.0014E-08	1.3665E-08	3.3004E-06	2.2127E-06
-2.1305E-08	3.9681E-09	2.9394E-06	1.8326E-06
1.3400E-08	-3.4881E-08	2.7916E-06	2.0755E-06
1.3459E-08	-2.2762E-08	3.5779E-06	2.2671E-06
2.0634E-08	-1.5268E-08	2.9917E-06	4.8642E-07
1.0942E-08	-1.5865E-08	1.7650E-06	2.5029E-06
-9.7315E-10	-4.0642E-08	3.7752E-06	1.5093E-06
-4.3537E-08	-1.4415E-08	1.7045E-06	1.3461E-06
9.8367E-09	1.1892E-08	2.6712E-06	1.8213E-06
-2.6095E-08	1.4423E-09	1.0657E-06	1.9129E-06
2.2680E-08	-9.2250E-09	2.3655E-06	3.8089E-06
-1.3568E-08	1.7327E-09	3.7119E-06	3.0408E-06
-3.8475E-08	2.9628E-08	3.7371E-06	1.4592E-06
-1.5864E-08	1.7618E-08	2.0653E-06	2.2674E-06
-2.4405E-09	4.0402E-09	4.0355E-06	2.4929E-06
-1.5240E-08	4.7652E-09	2.6134E-06	1.1718E-06
9.4010E-09	1.1304E-08	2.8121E-06	2.3210E-06
-7.6884E-12	-2.0020E-08	2.4585E-06	2.1709E-06
1.5872E-08	-1.9480E-08	3.7989E-06	3.0253E-06
5.3760E-09	2.3789E-10	4.0323E-06	8.7693E-07
-9.8713E-10	1.0058E-08	2.3077E-06	8.5091E-07
3.0722E-08	1.8252E-08	1.9752E-06	2.0650E-06
6.6619E-08	-3.8300E-09	2.8093E-06	2.1035E-06
-3.4058E-09	-8.2526E-09	2.1991E-06	2.1721E-06
3.3458E-08	3.0126E-08	3.1082E-06	2.5905E-06
-8.9444E-09	-2.3581E-08	2.8318E-06	2.1467E-06
-2.1347E-08	-1.5618E-08	3.7315E-06	2.2721E-06
-3.7299E-08	-2.3595E-08	3.0813E-06	6.7825E-07
-1.0634E-08	1.5596E-10	1.5941E-06	1.3724E-06
1.9309E-08	4.9248E-09	1.7246E-06	2.8846E-06
-2.8360E-08	-2.1033E-08	3.2405E-06	2.6409E-06
-1.1085E-08	1.8394E-08	2.3369E-06	1.9249E-06
-3.7115E-08	-6.6836E-09	2.5897E-06	2.7844E-06
2.7689E-08	1.4706E-08	2.9081E-06	2.5673E-06
9.4848E-09	-1.4729E-08	3.0290E-06	1.9839E-06
3.6744E-09	1.7043E-08	1.7496E-06	2.7219E-06
-5.4506E-09	2.1768E-09	3.7658E-06	3.4566E-06
5.7145E-08	-1.3691E-08	2.9745E-06	1.8927E-06
2.0254E-08	1.0692E-08	3.2377E-06	3.0538E-06
1.3137E-08	6.1385E-10	3.2797E-06	2.3083E-06
-1.3705E-08	9.6551E-09	4.0395E-06	2.7069E-06
7.9442E-09	1.5738E-08	3.3216E-06	1.0726E-06
3.5672E-08	3.9086E-08	3.0704E-06	2.4493E-06
3.0346E-08	-4.6300E-09	3.2204E-06	9.7487E-07
-6.7217E-09	5.8574E-09	1.8746E-06	2.3013E-06
3.4313E-08	2.8763E-08	2.9955E-06	2.5475E-06
2.3582E-08	6.4816E-09	3.2268E-06	2.4118E-06
8.4141E-09	-1.4419E-08	2.8403E-06	1.3817E-06
-5.6528E-08	-1.5053E-09	2.1086E-06	2.9899E-06
2.9746E-08	-1.9729E-08	3.8737E-06	2.0757E-06
-5.6230E-09	8.5122E-09	1.8787E-06	1.8068E-06
3.1641E-08	-5.7022E-08	3.1175E-06	3.0016E-06
-1.2343E-08	-2.3306E-09	2.6343E-06	1.6905E-06
8.6360E-09	2.0941E-08	2.1283E-06	2.9175E-06
-1.5682E-08	-7.7517E-09	2.9062E-06	3.2485E-06
-1.0980E-08	1.8791E-08	4.0010E-06	2.7282E-06
7.8849E-10	-2.4299E-09	2.6924E-06	1.2315E-06
-1.4377E-08	-5.6856E-08	2.1943E-06	3.2769E-06
2.7716E-08	3.2320E-08	3.4299E-06	2.3441E-06
3.0826E-08	-1.5040E-08	2.5428E-06	2.8462E-06
-1.0558E-08	-2.2794E-09	3.5283E-06	2.1751E-06
3.8511E-08	6.8924E-09	1.9468E-06	2.4296E-06
4.8112E-08	2.2642E-08	3.0405E-06	3.0703E-06
5.1704E-08	-1.6880E-08	2.4812E-06	2.9559E-06
4.7958E-09	2.2908E-08	3.6545E-06	3.2233E-06
1.5753E-09	-2.1956E-08	3.0298E-06	2.2296E-06
-4.6376E-09	-1.6219E-09	2.7335E-06	2.6374E-06
3.3943E-08	-3.3332E-08	2.4298E-06	3.4768E-06
8.2896E-09	-1.6834E-08	4.3162E-06	3.3347E-06
-3.4735E-09	-6.1300E-09	3.2063E-06	1.7400E-06
5.9273E-09	-1.2160E-08	2.6689E-06	2.4158E-06
1.9683E-09	2.1698E-08	2.0004E-06	3.1128E-06
-8.7547E-09	3.6593E-08	3.6679E-06	3.7533E-06
1.3304E-08	6.0302E-09	3.0358E-06	2.4756E-06
-1.9766E-08	-8.4146E-09	3.2577E-06	3.0354E-06
6.3759E-09	3.5285E-09	1.9331E-06	2.7955E-06
3.1193E-08	4.4616E-08	3.4719E-06	5.1134E-06
2.9653E-08	-5.8223E-09	4.5575E-06	2.8092E-06
4.0111E-08	6.0676E-09	3.7044E-06	3.0304E-06
-1.8350E-08	-2.6439E-08	3.5879E-06	2.6088E-06
2.7250E-09	-1.8704E-09	3.8062E-06	3.2769E-06
-6.8667E-09	-2.2808E-09	3.8183E-06	2.2469E-06
3.7538E-08	-2.7689E-08	3.5321E-06	2.7252E-06
-9.9661E-10	4.0612E-09	2.9973E-06	2.2107E-06
3.1374E-08	3.1591E-08	3.4221E-06	3.6428E-06
-1.9203E-08	-2.2676E-09	3.8009E-06	2.0049E-06
1.8168E-08	1.3562E-09	2.9828E-06	3.1928E-06
9.7840E-09	-5.9883E-08	3.8452E-06	2.1112E-06
6.8149E-09	-8.7403E-09	2.4725E-06	2.7197E-06
-4.3932E-09	-1.4449E-08	3.1480E-06	2.7668E-06
-6.6820E-09	3.7211E-08	2.6346E-06	3.4403E-06
1.1328E-08	1.4174E-08	3.7781E-06	3.1041E-06
-6.2022E-09	-1.0313E-08	3.0491E-06	2.9241E-06
-4.9759E-08	-1.2436E-08	3.3531E-06	2.6471E-06
5.9014E-09	-3.8602E-09	2.1665E-06	3.2873E-06
-3.0177E-08	-5.2317E-08	3.6953E-06	3.9415E-06
1.9556E-08	2.8390E-09	3.1902E-06	2.9273E-06
1.8821E-08	1.5028E-08	3.3691E-06	3.7637E-06
2.7214E-09	6.3941E-09	3.6959E-06	3.0585E-06
3.0021E-09	-4.4183E-08	3.2046E-06	3.1043E-06
2.6990E-08	4.1556E-08	3.2027E-06	3.4618E-06
-2.5273E-08	-1.9311E-08	3.8698E-06	3.2076E-06
9.5010E-09	3.0748E-08	2.4924E-06	2.2213E-06
1.6667E-08	-2.6475E-08	1.8072E-06	5.0111E-06
-3.4700E-08	-3.4868E-09	4.9711E-06	4.6927E-06
-2.3839E-08	-3.1407E-08	3.7151E-06	2.7754E-06
3.4309E-08	1.4383E-08	3.5652E-06	4.0059E-06
1.1263E-08	-1.6744E-08	3.9655E-06	3.5487E-06
-4.5958E-09	-4.9954E-09	4.2934E-06	3.7510E-06
-1.7502E-08	-1.3055E-08	4.5455E-06	2.6077E-06
-4.9990E-08	1.5311E-08	3.5167E-06	2.1068E-06
1.1484E-09	4.2702E-08	2.3681E-06	2.5984E-06
4.4285E-08	3.0287E-08	2.5620E-06	3.8021E-06
-1.5163E-08	4.0589E-08	2.8854E-06	3.9626E-06
1.7201E-08	-1.2322E-08	3.6913E-06	4.1182E-06
3.2706E-08	2.3151E-08	3.0140E-06	3.1683E-06
1.8814E-08	1.1044E-08	3.0022E-06	4.6409E-06
-3.5493E-08	-3.9818E-08	3.5479E-06	3.6061E-06
1.2149E-08	1.3765E-08	2.6972E-06	4.9737E-06
1.0026E-09	3.1604E-08	4.8158E-06	4.6787E-06
2.2587E-08	-3.9847E-09	3.8260E-06	3.4144E-06
2.2928E-08	5.1939E-09	3.5166E-06	4.1422E-06
1.2337E-09	2.4482E-09	3.7666E-06	4.3124E-06
3.3525E-08	1.4266E-08	4.0074E-06	4.2645E-06
-5.2698E-08	4.8548E-09	4.2349E-06	4.2666E-06
3.6240E-09	-6.6642E-09	4.3771E-06	3.5026E-06
1.0919E-08	-2.7733E-08	3.3031E-06	3.5951E-06
-7.4385E-09	-7.2336E-08	3.5292E-06	4.4240E-06
2.0522E-08	-1.0385E-08	3.9749E-06	4.4458E-06
1.9004E-08	1.5971E-08	4.1473E-06	4.0433E-06
2.6875E-08	2.2537E-08	3.7148E-06	4.1874E-06
-3.1346E-09	8.1648E-09	4.1522E-06	4.1104E-06
2.4471E-08	5.0414E-08	3.1688E-06	4.1111E-06
2.0900E-08	5.9522E-09	4.1270E-06	5.3161E-06
-2.2552E-09	2.8111E-08	4.1798E-06	4.0805E-06
-2.2350E-08	-1.4313E-08	4.1792E-06	5.5795E-06
-8.3434E-09	-9.1244E-09	5.9037E-06	3.7778E-06
3.2290E-08	4.9332E-09	3.8278E-06	3.2174E-06
-1.1859E-08	-1.9003E-08	3.8304E-06	3.4820E-06
-4.6062E-08	-5.9250E-08	2.4643E-06	4.6738E-06
2.1531E-08	-2.0291E-08	4.8415E-06	5.1600E-06
-3.2971E-09	7.8560E-09	2.9812E-06	3.8568E-06
-1.9057E-09	-3.8096E-09	4.0818E-06	6.4377E-06
6.5695E-08	-7.8945E-10	5.1705E-06	4.6639E-06
-6.4883E-09	1.8435E-08	5.1438E-06	4.6876E-06
2.4787E-08	5.5042E-09	4.4358E-06	3.1323E-06
1.8369E-08	7.4811E-09	3.2733E-06	4.6525E-06
-1.0401E-08	-2.6568E-08	4.1324E-06	4.7871E-06
6.0822E-09	6.6458E-09	4.3355E-06	4.7113E-06
3.0161E-08	-4.9971E-09	3.6210E-06	3.9451E-06
-5.0389E-08	3.2521E-09	3.0787E-06	5.5405E-06
3.7682E-08	-1.3160E-08	4.1198E-06	5.4927E-06
2.3567E-08	1.4247E-08	4.0844E-06	5.5245E-06
-3.0423E-08	-2.3833E-08	3.9781E-06	5.3694E-06
-3.7418E-09	2.4855E-08	4.1569E-06	6.2014E-06
1.6439E-08	2.0904E-08	4.6797E-06	5.8481E-06
-1.2476E-08	6.4829E-09	5.0226E-06	6.2399E-06
-5.2642E-09	3.0892E-08	5.5647E-06	5.2889E-06
-2.2203E-08	3.0377E-08	5.0410E-06	4.8457E-06
-1.9168E-09	-9.6553E-09	3.7845E-06	5.0395E-06
-4.7451E-09	-6.1168E-09	5.0741E-06	6.9914E-06
-1.6205E-08	-1.4306E-08	5.9698E-06	4.4170E-06
1.4275E-08	4.8841E-09	3.9782E-06	5.1518E-06
-3.6431E-09	-2.3627E-09	4.5234E-06	5.4264E-06
4.9619E-09	-8.7011E-10	4.4352E-06	6.2298E-06
-4.0899E-09	3.3570E-08	4.9924E-06	5.2584E-06
-1.1270E-08	2.8046E-08	3.9304E-06	6.5350E-06
-2.8589E-08	-3.5864E-08	5.8105E-06	6.0781E-06
5.8284E-08	-3.7765E-08	4.4380E-06	5.5250E-06
1.1556E-08	2.1692E-08	4.6359E-06	5.9612E-06
-1.0822E-08	1.2590E-08	4.0010E-06	6.7874E-06
-2.4614E-08	-1.0305E-08	5.6267E-06	6.9862E-06
-9.3592E-09	8.2486E-10	4.8536E-06	6.2193E-06
-2.2242E-08	-4.1868E-08	5.2024E-06	6.9421E-06
2.3115E-09	5.1712E-09	5.1704E-06	6.5477E-06
-4.2053E-09	2.5642E-09	4.9452E-06	7.0708E-06
-6.7442E-09	2.3463E-08	5.9807E-06	7.5883E-06
-1.8597E-10	1.9538E-09	6.1202E-06	5.6077E-06
-1.5379E-08	-1.9544E-08	3.7858E-06	6.9708E-06
6.8342E-09	-3.4301E-08	5.9751E-06	8.0998E-06
5.6221E-08	-3.0549E-08	5.4271E-06	7.0633E-06
3.7595E-09	6.2713E-09	6.1520E-06	7.9697E-06
2.1502E-09	1.5038E-08	6.1802E-06	6.6325E-06
-3.3230E-09	-1.1261E-08	5.0665E-06	7.2667E-06
1.1233E-08	-5.5859E-09	5.7119E-06	8.3105E-06
-1.9309E-08	-1.8706E-08	6.6587E-06	7.6249E-06
-1.6670E-08	-1.2348E-08	5.8477E-06	7.0162E-06
4.7432E-09	5.2636E-08	5.0514E-06	7.5360E-06
2.9209E-08	1.1955E-08	5.3219E-06	9.0750E-06
-1.8763E-08	-3.3607E-08	6.6720E-06	8.1053E-06
-1.7312E-09	-2.0412E-08	4.7202E-06	8.3122E-06
-2.1180E-08	-9.8371E-09	5.8930E-06	9.8092E-06
1.6036E-08	-5.2266E-10	5.5886E-06	9.6144E-06
1.7927E-08	-7.1376E-09	6.6878E-06	1.0875E-05
7.4621E-10	-2.3026E-08	7.0737E-06	1.0146E-05
-2.7996E-09	-1.6257E-08	7.5413E-06	1.0657E-05
1.7847E-08	1.9812E-09	7.3201E-06	1.0185E-05
-5.4243E-08	1.6230E-08	7.9405E-06	1.1566E-05
-2.4718E-10	-2.1944E-08	8.9066E-06	1.0377E-05
-9.2706E-09	4.7136E-09	8.1432E-06	1.0871E-05
-2.4225E-08	2.8534E-08	9.0059E-06	1.0940E-05
-2.9854E-09	-1.6399E-08	8.4678E-06	1.1114E-05
3.0819E-08	3.0227E-09	9.3846E-06	1.2022E-05
-6.7868E-09	4.1858E-09	9.8840E-06	1.1396E-05
7.0413E-09	-6.3068E-09	9.5975E-06	1.1870E-05
-2.8386E-08	7.2868E-09	1.0257E-05	1.2145E-05
1.7301E-08	8.2213E-09	9.9766E-06	1.2339E-05
-8.6563E-09	-3.4640E-08	1.0367E-05	1.3530E-05
-4.0014E-08	-1.6454E-08	1.1142E-05	1.4204E-05
-1.1374E-08	2.7080E-09	1.2071E-05	1.5256E-05
-3.4178E-08	-2.8022E-08	1.3807E-05	1.5943E-05
4.9209E-09	-5.3662E-08	1.5361E-05	1.5954E-05
2.1555E-08	-3.0536E-08	1.6888E-05	1.6373E-05
2.9881E-08	6.1678E-09	1.9266E-05	1.6279E-05
1.4591E-08	-2.8612E-09	2.1614E-05	1.5703E-05
9.0517E-09	4.1924E-08	2.4548E-05	1.3898E-05
9.5241E-09	2.0818E-08	2.5919E-05	1.1121E-05
2.7969E-08	4.0156E-08	2.7084E-05	8.4278E-06
5.3455E-09	-2.7038E-08	2.6666E-05	5.2315E-06
3.8528E-09	2.9633E-08	2.5989E-05	3.4171E-06
7.8150E-10	2.6993E-08	2.5212E-05	1.4102E-06
1.6894E-08	-1.5597E-08	2.4548E-05	-3.0145E-08
-5.1034E-09	-3.4657E-08	2.3500E-05	-2.2870E-06
1.5933E-08	4.1053E-08	2.1453E-05	-3.6957E-06
1.6917E-08	-4.8664E-08	1.9375E-05	-4.5277E-06
3.9138E-08	-4.2178E-08	1.7327E-05	-4.7437E-06
2.5028E-09	-2.9565E-08	1.4904E-05	-4.4020E-06
-2.1833E-08	-2.6909E-08	1.3797E-05	-2.4838E-06
-2.3064E-08	1.5611E-08	1.3718E-05	-2.4413E-06
-2.0327E-08	2.4323E-08	1.2002E-05	-1.6438E-06
1.8239E-08	-3.2514E-08	1.1763E-05	-2.4586E-07
-3.8955E-08	4.3452E-08	1.0891E-05	8.7639E-07
-8.4549E-09	1.2176E-08	1.1366E-05	3.5500E-06
3.7603E-09	-2.2250E-09	1.3874E-05	4.4620E-06
5.7444E-09	9.9605E-09	1.5230E-05	3.2660E-06
-3.4421E-08	-3.4222E-08	1.4834E-05	2.8864E-06
-7.3749E-09	-9.4769E-10	1.5714E-05	3.4197E-06
4.9256E-08	-1.3266E-08	1.6270E-05	2.2879E-06
2.6230E-08	-1.1156E-08	1.5938E-05	2.6005E-06
-9.4867E-09	3.6052E-08	1.7148E-05	2.0385E-06
-6.9900E-09	-6.7340E-09	1.6290E-05	1.2492E-06
-1.2533E-08	-1.1803E-09	1.6850E-05	1.8497E-06
2.2379E-08	-2.7708E-08	1.6873E-05	8.7740E-07
9.4595E-09	4.5033E-08	1.7003E-05	1.5575E-06
-2.5069E-08	-4.3591E-09	1.8012E-05	6.5630E-07
9.2970E-09	-1.6853E-09	1.8411E-05	1.9199E-07
-4.3589E-08	-9.4579E-09	1.8942E-05	-2.6125E-06
3.1193E-08	3.0362E-09	1.5182E-05	-3.4633E-06
-4.3514E-10	-4.9784E-10	1.4971E-05	-1.2286E-06
1.3255E-08	-7.9626E-10	1.4589E-05	-1.5243E-06
-3.3311E-08	-3.0766E-08	1.4801E-05	6.3285E-07
2.1374E-08	-7.5729E-09	1.7208E-05	-3.7643E-07
2.2459E-08	1.7173E-09	1.6441E-05	-2.1026E-06
1.0896E-08	7.7211E-10	1.5367E-05	-2.5881E-06
8.3746E-09	2.9552E-08	1.4112E-05	-1.6780E-06
-2.7556E-08	4.3790E-08	1.4987E-05	-1.2222E-06
-3.5216E-08	-4.4026E-10	1.3791E-05	-1.6423E-06
-6.4809E-08	1.8839E-08	1.4006E-05	2.8308E-07
2.0989E-08	-8.5332E-09	1.4924E-05	2.6665E-08
-7.7143E-09	3.1027E-08	1.5077E-05	7.2894E-07
-2.9935E-08	1.1224E-08	1.6315E-05	8.9149E-07
9.0864E-09	1.0497E-08	1.7730E-05	2.9582E-07
-2.2802E-08	-8.5567E-09	1.7439E-05	-1.5866E-06
9.1665E-09	-2.6693E-08	1.7164E-05	-5.2263E-07
9.5652E-09	3.6380E-08	1.8865E-05	-2.3462E-06
2.9792E-09	8.0047E-09	1.7145E-05	-3.4417E-06
-8.4404E-09	-9.3788E-09	1.6953E-05	-3.9265E-06
-9.1316E-10	1.8808E-08	1.5121E-05	-3.5421E-06
-1.7630E-08	1.4813E-08	1.6221E-05	-2.7958E-06
-1.3240E-08	1.3457E-08	1.5472E-05	-3.7743E-06
-1.2501E-08	-1.2382E-08	1.4882E-05	-3.5361E-06
1.9123E-08	-8.8383E-09	1.3522E-05	-2.0399E-06
1.7854E-08	1.9149E-08	1.6546E-05	-8.1740E-07
-2.2493E-08	-8.4578E-09	1.5478E-05	-3.6150E-06
-2.3582E-08	1.3967E-08	1.4874E-05	-7.4893E-07
9.5990E-10	-2.1027E-09	1.7129E-05	-1.8853E-06
2.0706E-08	1.5428E-08	1.5945E-05	-2.3822E-06
2.6558E-09	2.0149E-09	1.6099E-05	-1.5659E-06
-8.7447E-09	2.4093E-08	1.6825E-05	-1.1352E-06
-5.2457E-09	-9.7330E-09	1.7553E-05	-9.4642E-07
-5.7407E-09	1.6729E-08	1.9359E-05	-1.1911E-06
-1.4668E-08	2.8649E-08	1.9335E-05	-3.1370E-06
3.5675E-08	-3.1956E-08	1.9108E-05	-2.5593E-06
3.0966E-08	-1.7750E-08	2.0009E-05	-3.2125E-06
1.0214E-08	-3.8566E-09	2.0439E-05	-3.3858E-06
7.3871E-09	-7.7116E-09	2.1107E-05	-4.0289E-06
-2.3324E-08	6.0544E-09	2.2807E-05	-4.1440E-06
-4.8093E-08	5.1154E-09	2.4403E-05	-7.4056E-06
-4.0864E-08	4.7076E-09	2.3559E-05	-9.7961E-06
-3.0957E-09	1.9516E-08	2.2762E-05	-1.2423E-05
-1.0759E-08	1.2569E-08	2.0659E-05	-1.4490E-05
-6.5661E-09	3.3561E-08	1.7206E-05	-1.6107E-05
-1.4218E-08	-3.9889E-08	1.4055E-05	-1.4136E-05
1.4435E-09	7.2638E-10	1.3374E-05	-1.3317E-05
-9.5183E-09	3.0845E-08	1.1797E-05	-1.1851E-05
-4.1541E-10	-3.1662E-08	1.1366E-05	-1.0578E-05
1.4364E-08	1.1112E-08	1.1285E-05	-8.0386E-06
7.8843E-09	3.3159E-08	1.3514E-05	-7.7114E-06
1.9889E-08	-2.1754E-08	1.3299E-05	-7.8432E-06
-2.5274E-08	9.0008E-10	1.4222E-05	-7.0434E-06
-2.9701E-08	1.1634E-08	1.5762E-05	-7.0610E-06
-1.9564E-09	-2.4630E-08	1.6594E-05	-8.6901E-06
-1.8622E-08	-3.0661E-08	1.6691E-05	-8.9071E-06
-2.0700E-08	6.8218E-09	1.7024E-05	-1.0900E-05
-5.7277E-08	-3.8978E-08	1.6113E-05	-1.0020E-05
3.0133E-08	-1.6301E-08	1.8649E-05	-1.2252E-05
-3.3680E-08	-1.0795E-08	1.5994E-05	-1.4539E-05
-1.1970E-08	2.1056E-08	1.5229E-05	-1.5346E-05
3.7071E-08	5.4342E-09	1.2114E-05	-1.4671E-05
-1.8828E-08	2.1538E-09	1.4346E-05	-1.3848E-05
-1.9037E-08	1.9303E-08	1.2169E-05	-1.6578E-05
-3.7434E-09	3.4312E-09	1.0966E-05	-1.5642E-05
-5.7714E-10	1.5160E-08	8.6312E-06	-1.5444E-05
2.7764E-08	-2.9830E-08	9.9489E-06	-1.3619E-05
-7.2869E-09	-7.2018E-09	7.5954E-06	-1.5663E-05
7.3368E-09	-1.9856E-08	7.9092E-06	-1.1393E-05
4.8405E-08	-1.0407E-08	9.3395E-06	-1.5149E-05
-2.8082E-08	-9.7918E-09	5.2406E-06	-1.3325E-05
-4.7067E-08	2.1902E-09	6.6379E-06	-1.2169E-05
1.0728E-08	7.7837E-09	5.4524E-06	-1.1209E-05
1.1045E-08	-7.7527E-09	7.0018E-06	-1.0400E-05
8.6709E-09	-1.5058E-08	6.6599E-06	-1.0868E-05
-6.1549E-09	-1.6014E-08	6.4472E-06	-1.0448E-05
2.1901E-08	2.5739E-08	6.9603E-06	-9.5510E-06
1.1046E-08	-7.5618E-09	7.3862E-06	-1.1235E-05
-1.1667E-09	-1.2226E-09	5.1190E-06	-9.8572E-06
-4.6340E-09	3.8205E-08	7.1657E-06	-9.1385E-06
1.0634E-09	2.0042E-08	6.0945E-06	-9.4599E-06
2.0994E-08	-8.7404E-09	7.8020E-06	-9.0843E-06
1.7821E-08	-2.3778E-09	6.0175E-06	-1.0563E-05
2.1526E-08	-1.0338E-08	6.5419E-06	-8.6367E-06
-1.8275E-08	9.5182E-09	6.0965E-06	-1.0247E-05
-5.7305E-09	-1.0533E-08	5.5582E-06	-8.2769E-06
1.0776E-08	8.7399E-09	6.1058E-06	-9.4403E-06
2.5727E-09	1.6905E-08	4.5198E-06	-7.7783E-06
-1.8882E-08	1.0094E-08	6.2881E-06	-6.9477E-06
-2.0133E-08	5.5643E-09	6.6528E-06	-7.2872E-06
-3.0829E-08	-1.3830E-09	6.6392E-06	-8.1136E-06
1.2013E-08	-3.5036E-08	5.2210E-06	-6.7737E-06
9.6075E-09	-9.1056E-09	7.5094E-06	-5.5638E-06
1.0508E-08	1.6951E-08	7.7379E-06	-7.0443E-06
2.1596E-08	-3.8481E-08	7.8220E-06	-6.2975E-06
-3.9182E-08	-1.5571E-08	8.7279E-06	-7.1120E-06
-6.6063E-09	-7.4513E-09	8.1807E-06	-7.0446E-06
-7.2987E-09	-1.0254E-08	9.8685E-06	-6.9598E-06
-3.7924E-08	1.3784E-08	9.5867E-06	-9.8438E-06
-1.9416E-08	4.4056E-09	6.6471E-06	-9.0538E-06
2.8157E-08	2.0264E-08	7.7594E-06	-6.8755E-06
-5.0259E-08	4.4269E-08	9.1610E-06	-7.2708E-06
9.7380E-09	-4.8226E-08	1.0308E-05	-8.1741E-06
-1.8987E-08	9.9504E-11	9.8016E-06	-9.7046E-06
-5.5406E-09	1.3436E-08	1.0691E-05	-9.4552E-06
-7.8150E-09	-5.0092E-09	1.1041E-05	-1.4117E-05
5.2665E-09	-1.2327E-08	4.9728E-06	-1.4751E-05
-2.2837E-08	-2.0378E-08	4.3419E-06	-1.1237E-05
-5.9984E-09	-4.5812E-09	4.1352E-06	-1.1082E-05
1.1582E-08	-3.6886E-08	3.4787E-06	-9.6730E-06
-4.8308E-08	3.0899E-08	3.6767E-06	-8.1079E-06
-3.6679E-09	7.0410E-09	5.7166E-06	-7.7191E-06
6.0214E-09	-1.0932E-08	4.9656E-06	-9.1385E-06
1.3236E-08	3.8374E-08	4.9240E-06	-7.6146E-06
-9.7461E-09	-6.8641E-09	5.5092E-06	-8.1027E-06
-4.2120E-08	-2.6475E-08	6.2126E-06	-7.7285E-06
-3.8880E-09	-2.7106E-08	5.9180E-06	-9.8347E-06
1.5306E-09	8.0525E-09	4.2565E-06	-8.5255E-06
3.6648E-08	-7.3472E-09	5.0143E-06	-8.6853E-06
8.4821E-09	1.6517E-08	4.0779E-06	-8.1002E-06
-1.8078E-08	4.6128E-08	4.8061E-06	-8.1712E-06
-8.6518E-09	7.2801E-10	3.8910E-06	-8.0964E-06
4.5702E-08	3.2930E-09	3.9355E-06	-7.9587E-06
-1.1761E-08	-4.4445E-08	2.8557E-06	-7.2183E-06
-2.9314E-09	4.4565E-09	3.4120E-06	-6.1092E-06
-1.1095E-08	1.0665E-09	3.9116E-06	-5.5375E-06
6.4138E-09	1.9345E-08	4.5038E-06	-6.2564E-06
-2.6670E-08	5.7339E-09	3.0734E-06	-5.2254E-06
1.3062E-08	6.4387E-09	5.2485E-06	-4.1902E-06
-5.3507E-09	-1.6924E-09	4.7608E-06	-5.5561E-06
6.9420E-09	4.1470E-08	4.8771E-06	-4.2828E-06
-1.4737E-08	3.3407E-08	5.2664E-06	-4.9130E-06
-3.9558E-08	-2.6776E-09	4.6939E-06	-4.1967E-06
3.4772E-08	6.4588E-09	5.0901E-06	-3.3077E-06
-1.7310E-08	-4.9358E-08	6.0924E-06	-2.4728E-06
-3.1896E-09	-1.4783E-08	7.4237E-06	-2.5507E-06
1.6907E-08	-6.5610E-09	8.3716E-06	-3.4569E-06
-3.0623E-08	-3.9965E-08	7.5313E-06	-4.0451E-06
1.0400E-09	-2.2124E-08	8.2418E-06	-2.5587E-06
-3.6159E-08	-1.2622E-08	9.8545E-06	-3.7226E-06
-2.9206E-08	-3.2243E-08	9.5197E-06	-4.4096E-06
8.7729E-09	-6.2310E-09	9.3708E-06	-4.8823E-06
-3.4727E-09	-1.5466E-08	8.9957E-06	-3.7350E-06
-1.1872E-08	3.6065E-08	1.1372E-05	-3.8059E-06
2.5217E-08	2.6329E-08	1.1230E-05	-5.7528E-06
-7.1274E-09	1.8732E-08	1.0800E-05	-5.8383E-06
4.3044E-08	3.7931E-08	1.0478E-05	-6.0130E-06
2.8261E-08	-1.6284E-09	1.0623E-05	-5.4336E-06
2.5087E-08	6.1679E-09	1.1356E-05	-5.0883E-06
-1.3696E-08	-3.0398E-08	1.2987E-05	-5.5629E-06
2.5473E-08	3.8162E-08	1.2994E-05	-7.2516E-06
4.8081E-08	3.9517E-09	1.2785E-05	-7.3538E-06
2.4614E-08	1.9177E-08	1.2974E-05	-7.9021E-06
2.6706E-08	-2.2429E-10	1.3312E-05	-8.0288E-06
-7.5347E-08	-8.9622E-11	1.3794E-05	-8.8884E-06
-7.7615E-09	3.2981E-09	1.3921E-05	-9.7139E-06
-1.0366E-08	2.3825E-08	1.3419E-05	-1.0534E-05
-1.8776E-08	-4.1255E-09	1.3198E-05	-1.0161E-05
-1.3280E-08	-7.6356E-09	1.4173E-05	-9.7602E-06
-1.2992E-08	9.6012E-10	1.6371E-05	-1.0786E-05
-6.4014E-09	1.8540E-08	1.7116E-05	-1.3051E-05
-5.7743E-08	1.7000E-08	1.8754E-05	-1.5761E-05
2.2437E-08	4.9247E-08	1.7103E-05	-2.1335E-05
1.6681E-08	1.2245E-08	1.2553E-05	-2.3719E-05
4.7255E-09	-2.1548E-08	7.6236E-06	-2.3385E-05
-1.1605E-08	-4.2624E-09	6.2729E-06	-2.0695E-05
2.5918E-08	5.0896E-09	4.6635E-06	-2.0863E-05
2.9555E-09	-2.3568E-08	4.2279E-06	-1.8160E-05
1.7529E-08	2.0721E-08	4.2245E-06	-1.9944E-05
-1.8065E-08	2.1276E-09	1.6530E-06	-1.7779E-05
6.8416E-09	-2.3598E-08	2.9538E-06	-1.7631E-05
-2.2158E-08	9.9260E-09	9.5877E-07	-1.7546E-05
-1.1389E-08	-8.3539E-09	4.0459E-07	-1.6317E-05
3.9468E-08	-1.5737E-08	1.3021E-07	-1.4707E-05
1.9471E-08	3.9894E-08	8.2025E-07	-1.4578E-05
-8.3757E-09	-1.2607E-08	4.1480E-07	-1.3666E-05
1.0315E-08	1.1726E-08	1.0309E-06	-1.3854E-05
3.2233E-08	3.2595E-08	4.1441E-07	-1.3135E-05
3.2315E-08	-2.6792E-08	8.0539E-07	-1.3250E-05
7.5432E-09	-6.3070E-08	4.9358E-07	-1.2075E-05
3.2474E-08	-3.1853E-08	1.6451E-06	-1.3055E-05
-1.1086E-08	-1.6861E-08	-3.2487E-08	-1.2473E-05
1.1434E-08	-3.2316E-09	1.2092E-06	-1.1977E-05
-5.1179E-09	6.0276E-09	7.2594E-07	-1.2134E-05
7.1264E-09	-1.0565E-08	9.2479E-07	-1.2322E-05
-1.0566E-08	-1.1403E-08	5.1048E-07	-1.1252E-05
1.5847E-08	-1.7742E-08	2.1029E-06	-1.2521E-05
-7.2354E-09	5.1173E-08	-2.5130E-07	-1.2684E-05
-1.7717E-08	-3.9218E-09	7.1570E-07	-1.1921E-05
-1.2746E-08	2.1156E-08	-2.2527E-07	-1.2070E-05
-2.8698E-09	-2.5547E-08	5.2850E-07	-1.2264E-05
-1.4544E-09	4.0964E-08	-1.6526E-06	-1.2128E-05
3.7144E-08	-3.1507E-08	-2.9751E-07	-1.0658E-05
-2.2202E-08	-1.8159E-08	-1.3061E-06	-1.1537E-05
-7.9765E-08	-3.5669E-09	-9.6530E-07	-9.7216E-06
1.8135E-08	-1.6248E-08	-7.7852E-08	-1.0120E-05
-2.6224E-08	-2.6322E-08	1.7763E-07	-1.0842E-05
-1.5897E-08	-1.8149E-08	-1.2386E-06	-1.1125E-05
1.9587E-08	-1.0767E-08	-1.4237E-06	-9.9713E-06
-1.4573E-09	1.3092E-08	-1.1084E-06	-9.1572E-06
1.6712E-08	3.5009E-08	2.4586E-08	-9.7867E-06
-1.0309E-08	-2.8576E-08	-1.4367E-06	-1.0018E-05
-3.9798E-08	-2.0202E-08	-9.0538E-07	-8.8345E-06
4.4931E-09	1.1686E-08	-2.2244E-07	-9.1126E-06
-2.8834E-08	-1.4516E-08	-1.0820E-06	-1.0131E-05
9.3473E-09	3.1730E-08	-1.0023E-06	-7.5859E-06
1.6883E-08	4.7404E-09	-5.4100E-11	-1.0558E-05
-2.8225E-08	-3.6651E-08	-9.7119E-07	-8.0506E-06
-2.3764E-08	1.1655E-08	-1.0967E-06	-8.5638E-06
-1.0573E-08	-4.0585E-09	-9.1816E-07	-8.8958E-06
5.9716E-10	5.7307E-09	-8.7296E-07	-8.9570E-06
8.6069E-10	7.6025E-09	-1.2343E-06	-8.4234E-06
2.1667E-09	5.3563E-09	-1.2005E-06	-8.1567E-06
3.7372E-10	4.9785E-09	-1.6350E-06	-8.0722E-06
1.2923E-09	5.3728E-09	-1.0271E-06	-5.6545E-06
1.4996E-09	5.3086E-09	2.1937E-06	-7.4183E-06
3.0581E-09	4.9940E-09	5.1970E-07	-9.5010E-06
1.6520E-09	4.0503E-09	-4.2981E-07	-9.3045E-06
1.9469E-09	6.6803E-09	-9.7333E-07	-8.5036E-06
3.3973E-09	5.5347E-09	-1.5867E-07	-8.8730E-06
1.7861E-09	5.5570E-09	-1.7026E-06	-9.3888E-06
1.6784E-09	5.8102E-09	-1.7783E-06	-7.6675E-06
8.7638E-10	6.3282E-09	-6.2065E-07	-8.3919E-06
2.3873E-09	5.7600E-09	-2.3985E-06	-8.9046E-06
6.7347E-10	3.7869E-09	-2.4395E-06	-6.9968E-06
6.1944E-10	5.6365E-09	-1.8435E-06	-6.9995E-06
2.3203E-09	4.3956E-09	-1.2583E-06	-6.3043E-06
1.9548E-09	4.1135E-09	-7.3014E-07	-7.7146E-06
2.2995E-09	3.7992E-09	-2.5311E-06	-7.2854E-06
1.6007E-09	5.1164E-09	-1.7055E-06	-5.7305E-06
3.7686E-09	5.4657E-09	-8.5958E-07	-6.4607E-06
2.2181E-09	3.8976E-09	-1.5848E-06	-6.3408E-06
1.4492E-09	5.9607E-09	-7.7644E-07	-6.0022E-06
2.1360E-09	5.4231E-09	-1.6095E-06	-6.4637E-06
1.7076E-09	5.2615E-09	-8.5621E-07	-4.7796E-06
1.5153E-09	3.8644E-09	2.7570E-07	-6.2102E-06
8.4581E-11	4.6879E-09	-3.6016E-07	-6.2785E-06
2.5275E-09	4.7378E-09	-3.4764E-07	-6.9896E-06
1.8335E-09	2.5973E-09	-1.4210E-06	-6.4505E-06
1.6105E-09	3.9490E-09	-1.1703E-06	-6.0915E-06
2.4058E-09	3.8889E-09	-1.3889E-06	-5.1505E-06
2.9690E-09	4.6396E-09	2.3155E-07	-5.1980E-06
3.1546E-09	3.3719E-09	-4.0740E-07	-6.2584E-06
1.0962E-09	4.7717E-09	-4.3203E-07	-5.4924E-06
2.9105E-09	5.6475E-09	-1.2628E-07	-5.9630E-06
1.9721E-09	3.8425E-09	-2.8643E-07	-5.7442E-06
1.2121E-09	4.3878E-09	-6.5288E-08	-6.2883E-06
9.0500E-10	3.9099E-09	-9.9052E-07	-5.9879E-06
1.6528E-09	4.5250E-09	-3.8182E-07	-5.4216E-06
2.4378E-09	2.2747E-09	-3.6956E-07	-5.4869E-06
6.5609E-10	2.9721E-09	5.3902E-07	-5.7114E-06
2.7995E-09	3.9889E-09	-5.1194E-07	-7.0383E-06
2.8427E-09	2.8800E-09	-1.5774E-06	-5.8585E-06
2.8269E-09	3.4339E-09	-1.5272E-06	-4.9289E-06
1.9466E-09	3.5161E-09	-2.8345E-07	-3.6425E-06
2.4619E-09	5.2942E-09	1.4580E-06	-5.0729E-06
3.0788E-09	3.3306E-09	2.6870E-07	-6.5033E-06
5.9103E-10	3.6823E-09	-5.3720E-07	-5.5922E-06
1.6341E-09	4.4033E-09	9.0082E-08	-5.6430E-06
1.5063E-09	3.3005E-09	-5.2283E-07	-5.5292E-06
2.0004E-09	2.7690E-09	3.9486E-07	-5.5496E-06
9.6064E-10	1.9479E-09	-9.7563E-07	-6.2196E-06
1.9147E-09	3.8324E-09	-6.1728E-07	-4.5825E-06
3.5510E-09	2.0488E-09	-3.7301E-08	-4.9309E-06
1.8708E-09	2.3972E-09	1.0185E-06	-5.2858E-06
2.6869E-09	3.5137E-09	-9.3804E-07	-6.8218E-06
2.4747E-09	3.7425E-09	-5.2738E-07	-3.8445E-06
3.1746E-09	3.5795E-09	6.5674E-07	-6.4542E-06
1.2236E-09	2.6138E-09	-1.5300E-06	-4.9168E-06
1.1858E-09	4.6575E-09	2.1691E-07	-4.9165E-06
2.4543E-09	2.8190E-09	-5.3443E-07	-4.6085E-06
9.7164E-10	2.2811E-09	8.0716E-07	-5.0653E-06
1.4359E-09	2.2936E-09	-2.7975E-07	-5.4197E-06
1.4043E-09	2.5968E-09	6.3631E-09	-5.2896E-06
3.3066E-09	2.2466E-09	-3.0896E-07	-4.6885E-06
1.9801E-09	9.8372E-10	6.6431E-07	-5.6606E-06
2.0742E-09	3.4660E-09	-1.2497E-06	-5.0891E-06
3.4900E-09	2.7394E-09	7.3107E-07	-4.4999E-06
2.4372E-09	2.7985E-09	-6.0348E-07	-5.4640E-06
2.1405E-09	2.7150E-09	6.1056E-07	-4.3490E-06
1.0368E-09	3.6344E-09	-1.2173E-07	-6.0480E-06
2.7087E-09	3.3371E-09	-5.1680E-07	-4.6794E-06
1.1075E-09	1.2602E-09	-3.8928E-07	-4.9980E-06
7.3446E-10	2.8181E-09	2.5860E-08	-4.2710E-06
2.0645E-09	1.9090E-09	-1.4781E-07	-5.1763E-06
2.1361E-09	1.6873E-09	-2.4487E-07	-3.8820E-06
2.4354E-09	8.5607E-10	6.7129E-07	-4.5163E-06
1.4738E-09	2.2297E-09	7.6801E-07	-4.3537E-06
3.7684E-09	2.8137E-09	8.9155E-07	-5.6306E-06
2.6162E-09	1.2780E-09	-1.5793E-07	-4.6919E-06
1.8141E-09	2.9977E-09	1.1192E-06	-5.0341E-06
2.1015E-09	2.8381E-09	2.3582E-07	-5.2469E-06
2.0314E-09	3.0510E-09	1.1996E-06	-5.4497E-06
1.8703E-09	1.3747E-09	-1.6484E-07	-6.4336E-06
7.8822E-11	2.1675E-09	-4.6592E-07	-5.4211E-06
2.2808E-09	2.4460E-09	-8.0356E-07	-5.2087E-06
1.8603E-09	4.2923E-10	1.6874E-07	-4.1907E-06
1.6764E-09	1.2323E-09	7.0321E-07	-5.7553E-06
2.0154E-09	1.2222E-09	-5.3865E-07	-5.6929E-06
2.8800E-09	2.2741E-09	-6.2512E-07	-5.0799E-06
3.3646E-09	7.9275E-10	1.6922E-07	-4.6062E-06
1.2480E-09	2.0275E-09	2.2520E-07	-6.3462E-06
2.8047E-09	3.1441E-09	-1.8657E-06	-5.0796E-06
2.1629E-09	1.7869E-09	5.8571E-07	-4.0869E-06
1.5836E-09	1.9933E-09	5.7902E-08	-6.6165E-06
7.3800E-10	1.5438E-09	-1.6541E-06	-5.8132E-06
1.4466E-09	2.5275E-09	-1.7954E-06	-4.7770E-06
2.3935E-09	2.2351E-10	-8.0996E-07	-4.1273E-06
5.8801E-10	5.6637E-10	-8.1590E-07	-5.0749E-06
2.3086E-09	1.5145E-09	-1.1807E-06	-4.5720E-06
2.5617E-09	7.9228E-10	-1.4868E-06	-4.7331E-06
2.9630E-09	9.8271E-10	-1.2321E-06	-3.3628E-06
1.8147E-09	8.9986E-10	-1.5970E-07	-4.5111E-06
2.2977E-09	3.0033E-09	-1.3210E-06	-4.4416E-06
3.1616E-09	1.2915E-09	-1.1227E-06	-4.2755E-06
8.8059E-10	1.4603E-09	-1.5594E-06	-3.4454E-06
1.4312E-09	2.1159E-09	-2.7701E-07	-3.5042E-06
1.2315E-09	1.5597E-09	-8.7910E-07	-3.9991E-06
2.0239E-09	8.6313E-10	-6.9849E-07	-3.6879E-06
7.0965E-10	-2.5661E-10	-7.3157E-07	-3.5978E-06
1.3963E-09	1.6750E-09	-4.1366E-07	-4.0013E-06
3.1320E-09	1.1626E-10	-1.2266E-06	-3.9115E-06
1.8724E-09	1.9553E-10	-1.3037E-06	-3.6612E-06
2.3895E-09	9.8336E-10	-1.6479E-06	-2.1720E-06
2.1245E-09	1.6853E-09	7.5119E-07	-2.5930E-06
3.2563E-09	1.5940E-09	-1.0139E-06	-3.6920E-06
1.3231E-09	4.6537E-10	1.6075E-07	-1.9890E-06
9.9217E-10	2.5481E-09	3.6039E-07	-3.9876E-06
2.1284E-09	1.1725E-09	-9.8479E-07	-3.1213E-06
1.0165E-09	6.0103E-10	-2.2447E-07	-2.0861E-06
1.1317E-09	1.9633E-10	1.1479E-06	-2.7210E-06
7.7428E-10	7.7341E-10	1.4221E-07	-3.6661E-06
2.9078E-09	4.9313E-10	5.5575E-07	-2.8764E-06
1.7665E-09	-1.0326E-09	9.7156E-08	-3.9374E-06
1.6872E-09	1.1563E-09	-1.7118E-07	-2.5458E-06
2.9531E-09	8.0173E-10	7.4380E-07	-3.2781E-06
2.4598E-09	9.8772E-10	-1.6864E-07	-3.0378E-06
2.1246E-09	5.5160E-10	7.4400E-07	-2.3922E-06
7.2619E-10	1.7308E-09	9.7871E-07	-3.4490E-06
2.4578E-09	1.7659E-09	-1.0767E-07	-2.7093E-06
1.0685E-09	-2.9058E-10	1.8241E-06	-1.6740E-06
4.7027E-10	9.0944E-10	2.9382E-06	-3.7245E-06
1.3370E-09	2.7605E-10	1.9235E-06	-5.4561E-06
1.7595E-09	2.2249E-10	-3.8203E-07	-5.0071E-06
2.1123E-09	-1.0657E-09	7.2661E-07	-3.4269E-06
9.0822E-10	2.1488E-10	5.8497E-07	-5.0684E-06
3.1850E-09	1.0070E-09	-4.1288E-07	-4.2606E-06
2.4580E-09	-3.9877E-10	-7.6849E-07	-4.0357E-06
1.7519E-09	9.2165E-10	-2.9554E-07	-2.6409E-06
1.6283E-09	1.0142E-09	2.2438E-07	-3.5361E-06
1.8307E-09	1.6540E-09	3.1548E-08	-2.3236E-06
1.8095E-09	-1.8203E-10	1.7319E-06	-3.4166E-06
-2.3847E-10	4.9023E-10	1.8363E-07	-4.2705E-06
1.6095E-09	9.5945E-10	9.2892E-08	-3.1933E-06
1.4163E-09	-8.0404E-10	5.7242E-07	-3.2395E-06
1.3660E-09	-5.1299E-10	6.6463E-07	-3.0353E-06
1.2520E-09	-5.9920E-10	1.8916E-06	-3.7295E-06
2.2699E-09	7.3507E-10	-1.0597E-07	-5.5297E-06
3.0803E-09	-8.4925E-10	-1.0810E-06	-2.5656E-06
1.0347E-09	1.3410E-10	1.2033E-06	-3.1880E-06
2.2813E-09	1.3704E-09	-2.8840E-07	-3.5932E-06
1.8772E-09	5.2520E-10	7.0799E-07	-2.2941E-06
1.5900E-09	4.7775E-10	1.5592E-06	-3.5322E-06
3.0793E-10	-3.2984E-11	6.3575E-07	-4.0736E-06
8.6496E-10	1.2796E-09	3.8798E-07	-3.5991E-06
1.9459E-09	-9.2361E-10	3.0902E-07	-3.3149E-06
2.3250E-10	-9.2172E-10	1.2383E-06	-3.1043E-06
1.4977E-09	-1.5478E-10	6.6782E-07	-4.4934E-06
1.8293E-09	-4.7902E-10	-8.7833E-08	-3.0328E-06
2.6702E-09	-5.5306E-10	1.0754E-06	-3.3406E-06
1.3740E-09	-8.8813E-10	7.1101E-07	-3.2319E-06
1.7469E-09	1.4093E-09	1.5660E-06	-3.8095E-06
2.8018E-09	3.5821E-11	3.5347E-07	-4.2604E-06
8.6192E-10	6.9662E-11	6.5689E-07	-3.1727E-06
9.9230E-10	5.6034E-10	1.5821E-06	-3.9052E-06
6.2793E-10	5.2601E-10	6.6293E-07	-4.7681E-06
1.7026E-09	-1.8667E-10	5.0284E-07	-4.0283E-06
2.4712E-10	-1.5916E-09	2.5590E-07	-5.1393E-06
6.1515E-10	2.6840E-10	-1.4844E-06	-3.4593E-06
2.3202E-09	-1.0100E-09	9.4930E-07	-2.3052E-06
1.5260E-09	-1.1165E-09	1.0396E-06	-4.3291E-06
1.8286E-09	-7.4792E-10	1.5355E-07	-3.5568E-06
1.4283E-09	3.0754E-10	1.5064E-06	-4.2493E-06
2.9278E-09	3.7355E-10	-1.0007E-06	-5.3296E-06
1.1636E-09	-8.8255E-10	6.1706E-08	-2.9328E-06
5.8896E-10	1.1086E-09	1.6711E-06	-4.6479E-06
1.5008E-09	2.0083E-10	-1.6848E-06	-4.1222E-06
7.7949E-10	-2.7362E-10	5.4869E-07	-2.8128E-06
6.6972E-10	-1.0892E-09	-4.5715E-07	-3.8686E-06
-5.9396E-11	-3.4790E-10	5.8319E-07	-2.8302E-06
2.1698E-09	-4.8230E-10	7.2142E-08	-4.1249E-06
1.2846E-09	-2.1789E-09	4.6178E-07	-3.0811E-06
1.0890E-09	-3.9669E-10	2.6153E-07	-4.8789E-06
2.1030E-09	-4.6354E-10	-1.2100E-06	-3.3382E-06
2.1202E-09	-7.4865E-11	3.6576E-07	-3.2731E-06
1.8838E-09	-8.4111E-10	-6.8390E-07	-4.0268E-06
2.3587E-10	4.5093E-10	-7.6993E-07	-2.7194E-06
1.9203E-09	8.3145E-10	1.7967E-07	-3.0053E-06
8.0237E-10	-1.0735E-09	-5.3594E-07	-3.3432E-06
9.5975E-11	-2.5921E-10	-1.6718E-07	-2.1849E-06
4.4714E-10	-6.9768E-10	1.0992E-06	-3.3002E-06
1.1063E-09	-5.0168E-10	-6.1231E-07	-4.2679E-06
1.5864E-09	-2.1466E-09	-1.1443E-06	-2.4778E-06
1.9377E-10	-1.0822E-09	6.6167E-08	-2.2805E-06
2.3177E-09	-1.4450E-10	-1.2909E-08	-2.6791E-06
1.9912E-09	-1.3304E-09	1.1105E-07	-2.2111E-06
1.5023E-09	-4.2222E-10	9.2248E-07	-2.6530E-06
9.9313E-10	-2.1478E-10	5.0456E-08	-3.1134E-06
1.3662E-09	8.5760E-10	1.0277E-06	-2.1146E-06
1.5560E-09	-1.0065E-09	1.0615E-06	-4.7699E-06
-6.1799E-10	-5.1262E-10	-1.8618E-06	-3.1168E-06
7.9979E-10	7.8954E-11	5.7049E-07	-1.9280E-06
7.5645E-10	-1.3265E-09	-5.8935E-07	-3.3876E-06
9.1626E-10	-1.4669E-09	-5.4007E-07	-1.1356E-06
3.9241E-10	-1.7360E-09	1.2112E-06	-1.5313E-06
1.4188E-09	-1.7390E-10	1.6509E-06	-2.3226E-06
2.5327E-09	-1.7490E-09	1.3340E-06	-3.4287E-06
6.8398E-10	-1.0595E-09	5.0991E-07	-3.1471E-06
1.6031E-09	1.6083E-10	8.0817E-07	-3.1308E-06
1.3534E-09	-1.5299E-10	1.0884E-07	-3.3534E-06
1.4331E-09	-3.4994E-10	1.2268E-07	-2.2233E-06
-1.5294E-10	-9.8699E-10	1.3158E-06	-2.7095E-06
1.6982E-10	5.7894E-10	3.1062E-07	-3.5887E-06
1.3244E-09	-1.3906E-09	-2.7942E-07	-2.3654E-06
-1.9300E-10	-1.6719E-09	8.3094E-07	-1.6148E-06
6.2893E-10	-1.1851E-09	1.8702E-06	-2.5224E-06
9.0622E-10	-1.1373E-09	1.2559E-06	-3.2701E-06
2.1625E-09	-1.3654E-09	1.2953E-06	-3.2409E-06
8.4261E-10	-1.9970E-09	6.2971E-07	-3.6813E-06
1.0587E-09	3.4585E-10	5.0807E-07	-2.7484E-06
2.2187E-09	-6.4284E-10	1.1461E-06	-2.9470E-06
7.1784E-10	-6.7179E-10	1.2123E-06	-3.2042E-06
5.3439E-10	-4.2526E-10	1.0523E-06	-3.6821E-06
-6.5731E-11	-4.6709E-12	6.8499E-07	-3.4767E-06
1.2401E-09	-6.0067E-10	9.1886E-07	-3.6323E-06
-2.2767E-10	-2.2355E-09	3.4600E-07	-4.0161E-06
-1.8391E-10	-5.5870E-10	-2.7777E-07	-3.2490E-06
1.3566E-09	-1.5391E-09	5.3931E-07	-2.6956E-06
1.0276E-09	-1.7295E-09	6.2661E-07	-3.1933E-06
1.2137E-09	-1.8275E-09	8.9329E-07	-2.9985E-06
6.2249E-10	-5.6003E-10	7.9697E-07	-3.8610E-06
2.3901E-09	-2.8296E-10	5.8896E-08	-3.4352E-06
9.1309E-10	-1.6030E-09	1.5968E-07	-3.0259E-06
1.7839E-10	1.8257E-10	9.5200E-07	-2.4465E-06
7.8910E-10	-2.9931E-10	1.6417E-06	-4.1110E-06
4.3873E-10	-5.5783E-10	-1.6139E-07	-4.1715E-06
2.3168E-10	-1.7370E-09	2.8739E-07	-3.3732E-06
-8.6962E-10	-9.4395E-10	5.8545E-08	-3.5347E-06
1.3118E-09	-8.9196E-10	5.5227E-07	-3.4109E-06
7.1393E-10	-2.6450E-09	-2.4851E-07	-3.9193E-06
4.7892E-10	-1.3400E-09	2.5495E-07	-2.6643E-06
1.1645E-09	-1.2293E-09	7.9403E-07	-4.4037E-06
1.6017E-09	-5.8662E-10	-1.0531E-06	-3.6493E-06
1.5746E-09	-1.6264E-09	3.2325E-07	-3.2709E-06
-2.4436E-10	-3.5801E-10	-1.0651E-06	-3.9301E-06
1.2938E-09	3.3405E-10	-4.0562E-07	-2.2318E-06
4.6469E-10	-1.2965E-09	1.8739E-07	-3.3031E-06
-2.2430E-10	-8.5582E-10	6.7098E-09	-3.2528E-06
-3.9549E-10	-1.1925E-09	-6.4136E-07	-3.7997E-06
3.7228E-10	-6.9986E-10	-4.4488E-07	-2.7823E-06
1.0208E-09	-2.5738E-09	-9.1800E-07	-4.1520E-06
-4.8085E-10	-1.8105E-09	-1.8490E-06	-1.9690E-06
1.3784E-09	-8.1700E-10	-5.4741E-07	-2.8392E-06
1.3836E-09	-1.7115E-09	-2.1335E-06	-1.2496E-06
1.2110E-09	-1.1883E-09	6.4004E-07	-9.2520E-07
3.7627E-10	-9.9870E-10	-1.8961E-07	-1.6208E-06
8.1616E-10	4.6609E-10	1.6274E-06	-1.4165E-06
1.2460E-09	-1.2968E-09	7.7395E-07	-3.3322E-06
-9.1185E-10	-1.0029E-09	1.0193E-07	-2.8482E-06
4.3381E-11	-3.7621E-10	-4.1804E-07	-2.2192E-06
5.3358E-11	-1.3540E-09	1.2284E-06	-1.8646E-06
4.7250E-10	-1.8123E-09	7.2488E-07	-3.7660E-06
-3.8498E-10	-2.3399E-09	-7.6003E-07	-3.3954E-06
5.2365E-10	-6.3322E-10	-1.0304E-06	-1.4972E-06
1.8753E-09	-2.0980E-09	1.6962E-06	-1.9848E-06
3.3227E-10	-1.7013E-09	-5.2154E-07	-3.9853E-06
9.4247E-10	-6.3099E-10	-3.6475E-07	-1.6639E-06
7.5286E-10	-4.3992E-10	-7.1998E-08	-2.9254E-06
1.2312E-09	-6.7611E-10	-4.3864E-07	-1.6986E-06
-5.0975E-10	-1.4728E-09	1.6541E-07	-2.2360E-06
-4.6605E-10	2.4572E-10	2.1923E-07	-1.8721E-06
6.7954E-10	-1.3908E-09	-1.4399E-07	-2.7479E-06
-5.6136E-10	-1.8629E-09	-5.4463E-07	-8.8240E-07
-1.3070E-10	-1.7293E-09	1.5815E-06	-1.4373E-06
-2.6180E-11	-1.3684E-09	1.1165E-06	-2.6775E-06
1.5783E-09	-1.6424E-09	4.3676E-07	-2.9773E-06
3.4997E-10	-2.5702E-09	6.7413E-08	-2.3481E-06
3.9680E-10	-3.3180E-10	2.0445E-07	-2.5849E-06
1.5595E-09	-9.3230E-10	-2.0200E-07	-1.7743E-06
5.5129E-10	-9.3915E-10	1.0363E-06	-1.8453E-06
1.8153E-10	-9.8655E-10	6.2518E-07	-2.7307E-06
-6.9412E-10	-2.1084E-10	1.6446E-07	-2.3822E-06
7.6436E-10	-5.8647E-10	5.2993E-07	-2.0220E-06
-6.0398E-10	-2.3615E-09	8.5177E-07	-2.6092E-06
-8.4738E-10	-9.6000E-10	2.7625E-07	-2.8403E-06
4.0658E-10	-1.6608E-09	-8.3242E-09	-2.6451E-06
4.9965E-10	-1.8292E-09	-1.5986E-07	-2.2106E-06
6.6764E-10	-2.3947E-09	2.6344E-07	-2.0377E-06
-1.3724E-10	-1.0631E-09	2.8743E-07	-2.3062E-06
1.7767E-09	-5.5839E-10	1.0720E-07	-2.3360E-06
6.6294E-10	-1.8606E-09	-2.3993E-07	-2.1465E-06
-1.2517E-10	-3.6709E-10	-2.4429E-08	-1.4156E-06
1.3378E-10	-5.0311E-10	5.8012E-07	-1.6146E-06
1.0049E-10	-4.5201E-10	5.8885E-07	-1.3990E-06
-8.6663E-11	-1.9121E-09	1.5463E-06	-1.8086E-06
-1.5169E-09	-1.1695E-09	1.0625E-06	-2.5622E-06
4.8124E-10	-9.2749E-10	1.1154E-06	-2.7507E-06
1.6142E-10	-2.6142E-09	1.6491E-07	-3.1707E-06
-2.7891E-11	-1.8096E-09	-1.2264E-07	-2.3925E-06
2.8619E-10	-1.6432E-09	-1.2430E-07	-1.9472E-06
1.0243E-09	-7.2685E-10	6.2686E-07	-1.8684E-06
1.2795E-09	-1.9580E-09	4.7328E-08	-2.0442E-06
-6.0763E-10	-8.2619E-10	1.0867E-06	-1.5160E-06
7.0473E-10	1.0373E-10	4.8951E-07	-2.6933E-06
1.4299E-10	-1.1517E-09	7.0498E-07	-1.4747E-06
-4.0948E-10	-1.0354E-09	1.1262E-06	-2.7476E-06
-1.0643E-09	-1.3625E-09	4.8346E-07	-2.2504E-06
-3.1502E-10	-5.6443E-10	8.5220E-07	-2.6513E-06
5.0709E-10	-2.5264E-09	7.2879E-07	-2.8584E-06
-1.0090E-09	-2.1051E-09	-5.2731E-07	-3.8394E-06
5.0729E-10	-1.1602E-09	-1.8443E-06	-1.2528E-06
7.4275E-10	-1.7195E-09	7.0138E-07	-6.0212E-07
9.5231E-10	-1.5200E-09	4.3937E-07	-1.9322E-06
-1.1984E-10	-1.4619E-09	2.2231E-07	-6.5897E-07
2.9340E-10	3.1445E-10	2.5164E-06	-1.2889E-06
9.5148E-10	-1.2340E-09	8.6992E-07	-3.5742E-06
-1.0518E-09	-1.1256E-09	1.9606E-07	-1.3680E-06
-5.4610E-10	-5.5715E-10	1.7003E-06	-2.5325E-06
-5.8472E-10	-1.0784E-09	9.6800E-08	-2.8069E-06
1.1017E-10	-1.7223E-09	3.4153E-07	-1.8387E-06
-9.8146E-10	-2.5448E-09	7.0933E-07	-2.0066E-06
-2.8620E-10	-7.9567E-10	6.8246E-07	-1.6517E-06
1.2042E-09	-2.0712E-09	2.1732E-06	-2.3983E-06
4.6857E-11	-1.9274E-09	-8.1000E-08	-4.1519E-06
3.9833E-10	-1.1242E-09	-3.5356E-07	-1.6614E-06
1.7733E-10	-4.9682E-10	-3.0053E-07	-2.6598E-06
1.0423E-09	-6.6943E-10	-1.7759E-07	2.8519E-08
-7.0354E-10	-1.6251E-09	2.2083E-06	-2.0322E-06
-9.4227E-10	1.3287E-10	6.5059E-07	-1.9299E-06
1.0130E-10	-1.1125E-09	1.5976E-06	-2.7877E-06
-8.1349E-10	-1.6612E-09	1.8627E-07	-2.2558E-06
-6.9114E-10	-1.9192E-09	1.1787E-06	-3.0119E-06
-8.5039E-10	-1.3291E-09	-8.9462E-07	-1.8553E-06
1.0004E-09	-1.5557E-09	2.2438E-06	-1.5935E-06
-4.1884E-11	-2.7380E-09	-1.8622E-08	-3.9991E-06
-1.4390E-10	-7.3955E-10	-3.4426E-07	-1.4847E-06
9.1674E-10	-9.8990E-10	8.2885E-07	-2.1552E-06
4.0804E-10	-8.8965E-10	1.7414E-07	-2.6035E-06
-1.3976E-11	-1.2465E-09	-2.5887E-07	-1.8670E-06
-1.1685E-09	-2.3564E-10	2.8496E-07	-1.7971E-06
3.4732E-10	-3.2556E-10	-5.4145E-08	-1.3247E-06
-8.3711E-10	-2.1282E-09	1.1312E-06	-1.2688E-06
-1.2955E-09	-1.0645E-09	9.0184E-07	-1.7762E-06
-4.2444E-10	-1.5349E-09	1.4985E-06	-2.1283E-06
1.0720E-11	-1.5847E-09	4.3418E-07	-2.9053E-06
2.4767E-10	-2.5738E-09	-1.5641E-08	-1.9643E-06
-7.5964E-10	-1.3175E-09	5.5891E-07	-1.5048E-06
1.1713E-09	-6.0609E-10	8.0090E-07	-2.2298E-06
4.5022E-10	-1.8022E-09	1.5302E-07	-1.5269E-06
-2.7488E-10	-6.5221E-10	1.3266E-06	-1.7800E-06
-3.8557E-10	-5.4883E-10	6.3093E-07	-2.0847E-06
-1.8068E-10	-1.2979E-10	9.6639E-07	-2.4118E-06
-2.5323E-10	-1.7624E-09	-2.1083E-07	-1.5746E-06
-1.9319E-09	-1.1509E-09	2.0919E-06	-1.6240E-06
-2.3041E-10	-7.4912E-10	8.1761E-08	-3.1562E-06
-3.1814E-10	-2.2531E-09	8.8600E-07	-1.2890E-06
-3.8052E-10	-1.9251E-09	6.2829E-07	-3.0036E-06
-4.4398E-10	-1.8221E-09	2.0010E-07	-1.4057E-06
4.6174E-10	-6.4646E-10	1.3180E-06	-2.3556E-06
1.0292E-09	-1.9722E-09	1.2199E-07	-2.8160E-06
-8.1051E-10	-1.0568E-09	-3.0926E-07	-1.5004E-06
2.2459E-10	8.3184E-12	1.4278E-06	-1.7705E-06
-1.2273E-10	-8.0399E-10	-5.6639E-07	-2.9087E-06
-4.3928E-10	-9.3327E-10	2.7598E-07	-1.9329E-07
-1.4986E-09	-1.3304E-09	1.3972E-06	-2.4079E-06
-8.7975E-10	-2.5511E-10	-4.1492E-08	-1.3235E-06
8.6640E-11	-2.1662E-09	1.5728E-06	-1.5554E-06
-1.3467E-09	-2.0820E-09	8.5528E-07	-2.2407E-06
-2.1236E-10	-1.2918E-09	8.2304E-07	-2.2494E-06
1.3336E-10	-1.5044E-09	2.9503E-07	-2.1381E-06
7.5120E-10	-1.5440E-09	3.2304E-07	-1.7384E-06
-4.5237E-10	-1.7006E-09	7.2547E-07	-1.2619E-06
-1.3810E-10	2.7564E-10	1.3450E-06	-2.1391E-06
7.0070E-10	-9.7260E-10	1.6174E-07	-2.1639E-06
-1.0274E-09	-1.0040E-09	7.6399E-07	-1.3919E-06
-9.1623E-10	-5.8052E-10	7.3109E-07	-1.7998E-06
-1.0971E-09	-6.5786E-10	1.3478E-06	-1.3812E-06
-1.4402E-10	-1.3515E-09	1.2893E-06	-3.0485E-06
-1.3592E-09	-2.4635E-09	-6.2813E-07	-2.1510E-06
-9.3459E-10	-7.8077E-10	3.4391E-07	-7.8474E-07
5.7504E-10	-1.8174E-09	1.2151E-06	-6.6155E-07
-1.5296E-10	-1.8568E-09	2.4016E-06	-1.6650E-06
1.3864E-11	-1.4087E-09	1.3238E-06	-2.3977E-06
-3.1523E-10	-4.4742E-10	2.1002E-06	-2.3262E-06
8.8450E-10	-4.7303E-10	5.2353E-07	-3.5319E-06
-7.2989E-10	-1.5549E-09	8.5422E-07	-1.3649E-06
-1.2146E-09	1.3019E-10	1.8727E-06	-3.4306E-06
-3.6345E-10	-7.0988E-10	-8.8741E-08	-2.8770E-06
-9.3727E-10	-1.2136E-09	1.0088E-06	-2.4535E-06
-1.0211E-09	-1.8627E-09	4.2034E-07	-3.2564E-06
-1.4984E-09	-1.1419E-09	-1.6247E-07	-2.8396E-06
4.7401E-10	-1.2522E-09	-1.1091E-08	-2.4865E-06
-3.1780E-10	-2.6135E-09	-5.4095E-07	-2.9231E-06
-5.2062E-10	-9.6321E-10	-9.7520E-07	-1.2815E-06
3.4420E-10	-9.3661E-10	7.1655E-07	-1.8226E-06
2.9733E-10	-6.5611E-10	-8.5436E-07	-2.2236E-06
-5.1076E-11	-1.3034E-09	8.5541E-08	-9.6919E-07
-1.4511E-09	-1.8360E-10	-1.9730E-07	-2.0861E-06
2.2336E-11	3.4747E-11	-5.8916E-07	-6.7598E-07
-9.2740E-10	-1.6733E-09	3.5534E-07	-8.2845E-07
-1.5047E-09	-9.7447E-10	3.1035E-07	-2.7009E-07
-1.0770E-09	-1.2854E-09	1.8758E-06	-5.7955E-07
-4.0623E-10	-1.1411E-09	1.4607E-06	-1.7688E-06
-3.4977E-11	-2.4720E-09	1.5633E-06	-1.5808E-06
-1.2025E-09	-1.4078E-09	1.3709E-06	-2.6683E-06
6.2260E-10	-5.4443E-10	4.6036E-07	-2.1902E-06
2.7806E-10	-1.5516E-09	8.4655E-07	-2.3845E-06
-2.7185E-10	-7.5898E-10	-2.9259E-07	-2.1820E-06
-7.3482E-10	-5.3512E-10	6.9221E-07	-1.1130E-06
-3.8436E-10	2.6907E-10	9.5261E-07	-2.5611E-06
-2.7864E-10	-1.4139E-09	-4.8613E-07	-2.2597E-06
-2.0981E-09	-9.8498E-10	-2.4602E-07	-1.0100E-06
-7.7365E-10	-4.8061E-10	8.1402E-07	-1.1759E-06
-7.0399E-10	-1.7046E-09	3.1043E-07	-1.8784E-06
-5.7308E-10	-1.7877E-09	6.0700E-08	-1.2242E-06
-9.8412E-10	-1.8508E-09	9.2035E-08	-9.1956E-07
-4.3021E-11	-4.6295E-10	1.1777E-06	-2.7281E-07
8.2283E-10	-1.7839E-09	1.4068E-06	-1.8789E-06
-8.5445E-10	-1.1266E-09	7.0479E-07	-9.7998E-07
-1.1511E-10	-4.4551E-11	1.7472E-06	-2.1436E-06
-3.2243E-10	-3.8548E-10	-4.0471E-07	-1.7909E-06
-3.3353E-10	-6.6244E-10	1.3735E-06	-3.9879E-07
-1.6874E-09	-1.1868E-09	1.4610E-06	-2.2068E-06
-1.2839E-09	1.0573E-10	4.9657E-07	-1.9664E-06
-2.3171E-10	-1.6315E-09	1.6026E-07	-1.4497E-06
-1.4939E-09	-1.8377E-09	6.3148E-07	-6.7499E-07
-7.4038E-10	-1.2968E-09	1.3695E-06	-7.0984E-07
-4.0791E-10	-1.1845E-09	2.0065E-06	-1.2890E-06
6.0219E-10	-1.3668E-09	1.7610E-06	-1.9131E-06
-6.2067E-10	-1.7842E-09	1.8661E-06	-2.4715E-06
-4.4940E-10	2.6217E-10	4.9750E-07	-3.0734E-06
4.9607E-10	-6.3585E-10	1.0771E-08	-1.7435E-06
-8.6556E-10	-7.3822E-10	5.6578E-07	-1.3883E-06
-1.0601E-09	-5.2884E-10	1.0852E-06	-1.4326E-06
-1.4568E-09	-2.1282E-10	9.0919E-07	-1.9476E-06
-2.9392E-10	-8.3156E-10	7.7480E-07	-1.6505E-06
-1.5236E-09	-2.1878E-09	7.4593E-07	-1.7535E-06
-1.3856E-09	-6.7434E-10	8.5032E-07	-1.3716E-06
1.8111E-11	-1.4553E-09	1.2237E-06	-1.7087E-06
-2.7719E-10	-1.5899E-09	9.3610E-07	-1.9544E-06
-2.0742E-10	-1.5474E-09	7.0721E-07	-1.6812E-06
-6.9735E-10	-3.7677E-10	1.2299E-06	-1.5623E-06
7.5335E-10	-2.0055E-10	1.0927E-06	-2.2754E-06
-6.1946E-10	-1.3499E-09	4.9119E-07	-2.0887E-06
-1.2797E-09	1.6330E-10	4.1520E-07	-1.6999E-06
-6.9700E-10	-2.9903E-10	5.4778E-07	-1.3631E-06
-9.4918E-10	-6.4374E-10	1.1144E-06	-9.6436E-07
-1.1308E-09	-1.6448E-09	2.0643E-06	-1.9922E-06
-1.9396E-09	-8.9432E-10	7.1356E-07	-2.7796E-06
2.1081E-11	-8.4989E-10	7.5495E-07	-2.0588E-06
-4.9146E-10	-2.2922E-09	1.9788E-07	-2.5003E-06
-7.2801E-10	-1.0612E-09	2.9592E-07	-1.5679E-06
-1.3095E-10	-8.5603E-10	1.5512E-07	-2.1779E-06
2.0895E-10	-3.4405E-10	-7.7246E-08	-1.1493E-06
3.8673E-11	-1.2321E-09	8.1441E-08	-1.4406E-06
-1.5405E-09	-1.2226E-10	2.7103E-07	1.0388E-07
-2.0185E-10	3.8462E-10	2.1720E-06	-1.2106E-06
-9.0179E-10	-1.1114E-09	3.9055E-07	-1.7362E-06
-1.4910E-09	-7.6716E-10	1.2660E-06	-4.3794E-07
-1.5257E-09	-1.0007E-09	1.9204E-06	-1.3959E-06
-7.3966E-10	-6.1555E-10	1.8773E-06	-1.6246E-06
-1.9760E-10	-2.1793E-09	2.0884E-06	-2.5730E-06
-1.4592E-09	-1.3908E-09	5.9702E-07	-3.0439E-06
1.5685E-10	-4.5605E-10	4.6606E-07	-1.7406E-06
1.3235E-10	-1.2077E-09	9.3461E-07	-2.0528E-06
-1.4749E-10	-7.5044E-10	9.2636E-07	-1.9215E-06
-9.1208E-10	-5.2326E-10	6.4003E-07	-2.4339E-06
-5.1026E-10	6.4135E-10	7.8832E-07	-1.4768E-06
-1.9802E-10	-9.6981E-10	1.1654E-06	-3.1728E-06
-2.0365E-09	-7.4162E-10	-8.0126E-07	-1.9740E-06
-1.1294E-09	-2.0890E-10	8.7342E-07	-1.8280E-06
-9.9499E-10	-1.0848E-09	-7.4245E-07	-2.0299E-06
-6.2791E-10	-1.4813E-09	5.2717E-07	-8.5660E-07
-1.3259E-09	-1.7857E-09	3.2068E-08	-1.5778E-06
-4.6687E-10	-2.5966E-10	1.0372E-06	-6.8451E-07
6.4353E-10	-1.4857E-09	7.3312E-07	-2.2876E-06
-7.6936E-10	-1.0895E-09	4.0374E-08	-1.0604E-06
-3.1078E-10	-1.1004E-10	1.0257E-06	-1.1328E-06
-4.6214E-10	6.7429E-12	1.1071E-06	-1.7834E-06
-1.3435E-10	-3.1310E-10	2.3541E-07	-1.8165E-06
-1.6542E-09	-9.9325E-10	1.2146E-06	-1.2085E-06
-1.5160E-09	4.3332E-10	3.7343E-07	-3.0236E-06
-4.5692E-10	-1.0347E-09	-7.4328E-07	-8.7980E-07
-1.4789E-09	-1.4508E-09	8.8240E-07	-1.4072E-06
-1.0682E-09	-1.2308E-09	-3.5047E-07	-1.1895E-06
-8.6157E-10	-8.4549E-10	8.9873E-07	-9.5542E-07
4.8527E-10	-1.0750E-09	-3.4444E-07	-1.3959E-06
-6.5105E-10	-1.7594E-09	6.5005E-07	1.0913E-07
-6.3540E-10	2.2313E-10	8.9338E-07	-1.1754E-06
3.2754E-10	-3.1408E-10	7.4665E-07	8.2212E-08
-6.1356E-10	-4.0625E-10	2.2972E-06	-1.0417E-06
-1.0022E-09	-4.5442E-10	1.0800E-06	-1.5865E-06
-1.6591E-09	1.7443E-10	1.5610E-06	-1.4153E-06
-3.5918E-10	-2.6844E-10	7.7696E-07	-1.8322E-06
-1.5075E-09	-1.7904E-09	1.1954E-06	-1.2139E-06
-1.6326E-09	-5.3183E-10	7.4010E-07	-2.0777E-06
-4.5133E-10	-1.0724E-09	3.0576E-07	-6.2596E-07
-3.4995E-10	-1.2088E-09	2.1287E-06	-9.8236E-07
-2.8767E-10	-1.5812E-09	1.1195E-06	-2.7101E-06
-9.6178E-10	-3.3426E-10	-1.8733E-07	-1.1808E-06
6.3542E-10	6.4627E-11	1.6057E-06	-7.1747E-07
-4.2125E-10	-1.0767E-09	1.1067E-06	-2.0281E-06
-1.1627E-09	1.8908E-10	1.0369E-06	-1.2135E-06
-9.0004E-10	4.1614E-11	1.2952E-06	-2.2843E-06
-8.7953E-10	-5.0478E-11	-8.1603E-08	-1.8800E-06
-1.0574E-09	-1.3305E-09	3.7417E-07	-7.5983E-07
-2.1703E-09	-6.4223E-10	1.3182E-06	-9.4480E-07
-3.4944E-10	-4.3695E-10	1.0442E-06	-1.7938E-06
-5.9064E-10	-1.8527E-09	6.0887E-07	-1.0769E-06
-7.8528E-10	-1.0699E-09	1.6034E-06	-1.3135E-06
-4.9859E-10	-7.9746E-10	8.7976E-07	-2.2678E-06
1.2612E-10	-3.1457E-11	4.7420E-08	-1.3721E-06
2.0696E-10	-1.0873E-09	9.5873E-07	-7.2220E-07
-1.4603E-09	-8.7337E-11	1.2288E-06	-1.4036E-06
-3.3058E-10	6.5125E-10	1.2049E-06	-1.3165E-06
-7.9913E-10	-5.3320E-10	1.2316E-06	-2.0518E-06
-1.2957E-09	-4.9858E-10	2.7292E-07	-1.6691E-06
-1.7696E-09	-7.3628E-10	9.5680E-07	-1.1549E-06
-9.8894E-10	-9.6738E-11	8.1931E-07	-1.8052E-06
-2.7172E-10	-1.7697E-09	4.7429E-07	-1.1452E-06
-1.5466E-09	-1.3009E-09	1.5637E-06	-1.3950E-06
-2.1416E-10	-3.9069E-10	5.0731E-07	-2.7447E-06
-5.8144E-12	-8.4499E-10	-6.2251E-07	-1.2352E-06
5.1332E-11	-6.7070E-10	4.2541E-07	-8.0143E-07
-9.3687E-10	-5.4268E-10	2.1883E-07	-7.9310E-07
-5.6810E-10	9.1956E-10	9.3293E-07	-5.0749E-07
-5.6428E-11	-5.1049E-10	7.4316E-07	-1.1610E-06
-1.7918E-09	-4.6802E-10	5.1350E-07	-3.3422E-07
-1.3001E-09	1.2732E-11	1.6688E-06	-5.1492E-07
-1.1991E-09	-4.8189E-10	1.0271E-06	-1.3469E-06
-5.8170E-10	-1.0747E-09	1.0989E-06	-2.2242E-07
-1.4841E-09	-1.6603E-09	2.3772E-06	-1.1954E-06
-7.9847E-10	-8.8310E-11	1.0476E-06	-2.1715E-06
4.7098E-10	-1.1483E-09	5.4002E-07	-9.2394E-07
-5.9973E-10	-9.8170E-10	1.6727E-06	-8.7679E-07
-3.7703E-10	-2.1194E-10	1.1965E-06	-1.7691E-06
-5.5414E-10	3.0950E-10	1.0880E-06	-9.4460E-07
1.0818E-10	4.5851E-11	1.5674E-06	-1.9456E-06
-1.4444E-09	-7.8804E-10	2.7154E-08	-1.4952E-06
-1.5826E-09	6.7729E-10	1.0418E-06	-4.0095E-07
-6.0509E-10	-4.6137E-10	1.3742E-06	-9.6467E-07
-1.3440E-09	-9.8463E-10	1.7630E-06	-1.1032E-06
-1.2093E-09	-1.1260E-09	1.1573E-06	-1.9634E-06
-1.2179E-09	-5.4254E-10	6.1562E-07	-7.9968E-07
3.7747E-10	-7.3588E-10	1.9058E-06	-8.9371E-07
-5.8403E-10	-1.6565E-09	1.4870E-06	-1.7685E-06
-7.0624E-10	1.3832E-10	1.2185E-06	-1.6857E-06
1.8211E-10	-6.6208E-11	4.5619E-07	-1.5752E-06
-3.2492E-10	-6.6268E-11	1.1280E-06	-1.6606E-07
-7.8680E-10	-3.8536E-10	2.3355E-06	-1.4805E-06
-1.7139E-09	4.5629E-10	1.1605E-06	-1.9132E-06
-3.6458E-10	2.5731E-10	1.1528E-06	-1.5000E-06
-1.3580E-09	-1.3285E-09	1.1688E-06	-1.3048E-06
-1.6898E-09	-3.8395E-10	1.4584E-06	-1.5548E-06
-8.2592E-10	-7.2717E-10	1.1829E-06	-1.4297E-06
-3.9810E-10	-7.7863E-10	1.6798E-06	-1.7976E-06
-2.6313E-10	-1.5348E-09	7.0409E-07	-2.1593E-06
-1.1140E-09	-3.3943E-10	5.6826E-07	-1.1833E-06
5.1708E-10	2.6777E-10	1.4806E-06	-1.0201E-06
-1.8934E-10	-7.8350E-10	1.4013E-06	-2.2520E-06
-9.0544E-10	1.8900E-10	2.6758E-07	-1.3727E-06
-9.8397E-10	2.6816E-10	1.5521E-06	-1.5050E-06
-7.6167E-10	4.9179E-10	-6.5434E-08	-1.9290E-06
-8.5179E-10	-9.6870E-10	8.0508E-07	-1.3578E-07
-2.2061E-09	-4.1561E-10	1.6349E-06	-1.3154E-06
-6.3459E-10	-7.3431E-11	9.1275E-07	-1.5378E-06
-6.4616E-10	-1.3583E-09	5.1606E-07	-6.9017E-07
-7.2572E-10	-1.0101E-09	2.0614E-06	-3.4655E-07
-7.5914E-10	-7.8138E-10	1.7738E-06	-1.6419E-06
3.4073E-11	2.2946E-10	2.1024E-06	-1.2029E-06
4.0129E-10	-9.0790E-10	1.5964E-06	-2.8954E-06
-1.2487E-09	-8.9857E-11	1.3884E-07	-1.2810E-06
-3.7614E-10	7.9546E-10	2.0367E-06	-8.7744E-07
-6.5934E-10	-6.2340E-12	1.9791E-06	-2.5396E-06
-9.7332E-10	-2.0825E-10	4.8270E-07	-2.6244E-06
-1.8251E-09	-5.2057E-10	4.1437E-07	-1.5586E-06
-1.1576E-09	3.5422E-10	4.2663E-07	-1.5669E-06
-2.9230E-10	-1.3036E-09	8.3577E-07	-7.0409E-07
-1.4959E-09	-1.1569E-09	1.4498E-06	-1.6060E-06
-4.8725E-10	-3.7033E-10	9.3550E-07	-1.3847E-06
-1.5188E-10	-5.1477E-10	1.2717E-06	-1.9542E-06
2.7410E-10	-5.4985E-10	1.7653E-07	-1.6621E-06
-8.4144E-10	-5.9844E-10	5.7688E-07	-1.0865E-06
-5.7084E-10	1.0685E-09	4.9621E-07	-6.0827E-07
1.0192E-10	-9.5109E-11	1.7258E-06	-5.6146E-07
-1.4209E-09	-1.9438E-10	1.3926E-06	-1.4378E-06
-1.3028E-09	1.5917E-10	1.3948E-06	-1.0283E-06
-1.3265E-09	4.2401E-11	1.7274E-06	-1.3210E-06
-4.7490E-10	-6.2350E-10	1.6898E-06	-1.9069E-06
-1.4877E-09	-1.4921E-09	7.4062E-07	-1.7439E-06
-1.0334E-09	2.6279E-11	1.5725E-06	-9.8890E-07
2.8916E-10	-8.2273E-10	1.5932E-06	-2.0635E-06
-3.9375E-10	-8.2684E-10	1.3277E-06	-1.6421E-06
-3.3920E-10	-3.5027E-10	1.3685E-06	-2.4272E-06
-6.1076E-10	4.9010E-10	6.0494E-07	-1.7038E-06
3.4656E-10	3.6465E-10	1.7685E-06	-2.1738E-06
-1.1144E-09	-5.9195E-10	5.6391E-08	-3.3515E-06
-1.5021E-09	8.1625E-10	-9.7564E-07	-1.5154E-06
-6.9262E-10	2.8324E-11	-9.7480E-08	-8.4291E-07
-1.1359E-09	-4.9004E-10	-1.8101E-07	-5.5931E-07
-1.1913E-09	-9.9774E-10	6.1624E-07	3.2157E-07
-1.4726E-09	-3.0471E-10	1.7496E-06	7.8980E-09
2.6057E-10	-3.9962E-10	2.5267E-06	-9.8765E-07
-4.6430E-10	-1.4947E-09	1.3782E-06	-2.3782E-06
-6.8099E-10	1.0647E-11	6.3234E-07	-9.1763E-07
4.9499E-11	7.6984E-11	1.6139E-06	-1.2867E-06
-4.9208E-11	2.4045E-10	1.3658E-06	-1.0805E-06
-4.6767E-10	-3.3242E-10	1.8049E-06	-2.3063E-06
-1.6401E-09	6.1458E-10	-6.3370E-08	-1.2313E-06
-3.3300E-10	6.8962E-10	2.3654E-06	-1.0491E-06
-1.1265E-09	-8.4716E-10	3.6952E-07	-2.4739E-06
-1.5851E-09	-2.4346E-10	1.2738E-06	-7.5894E-07
-1.1023E-09	-4.5226E-10	5.0370E-07	-2.1738E-06
-4.4380E-10	-3.4939E-10	1.0906E-06	3.4903E-08
-1.7492E-10	-1.4233E-09	2.1322E-06	-2.3045E-06
-1.1669E-09	-3.8940E-10	3.2882E-07	-1.7230E-06
3.8976E-10	3.7962E-10	7.1454E-07	-1.2747E-06
2.6913E-11	-5.0443E-10	1.2212E-06	-5.3225E-07
-5.5843E-10	1.6174E-10	1.9402E-06	-2.0563E-06
-9.6599E-10	3.6587E-10	3.2576E-07	-1.7617E-06
-6.2486E-10	9.3171E-10	8.7176E-07	-1.0677E-06
-5.6894E-10	-5.9658E-10	1.1084E-06	-7.5687E-07
-2.0752E-09	-2.2512E-10	2.1290E-06	-1.3826E-06
-8.3374E-10	2.0574E-10	1.2332E-06	-2.3476E-06
-6.8442E-10	-8.5916E-10	5.8507E-07	-1.6235E-06
-5.8840E-10	-8.9349E-10	1.3099E-06	-1.3576E-06
-9.1951E-10	-8.0653E-10	8.9674E-07	-2.2845E-06
-7.5153E-11	4.0929E-10	1.4694E-07	-1.3519E-06
5.7426E-10	-7.2074E-10	7.5699E-07	-9.2529E-07
-9.5124E-10	-1.2396E-10	1.5255E-06	-9.1448E-07
-3.5341E-10	8.0646E-10	1.3260E-06	-2.4555E-06
-5.1624E-10	4.2318E-10	-3.6787E-07	-1.4455E-06
-5.8205E-10	7.6169E-11	8.3161E-07	-3.0765E-07
-1.7198E-09	-3.6143E-10	1.4666E-06	-9.9962E-07
-1.2496E-09	7.0084E-10	1.0156E-06	-1.1192E-06
-2.9028E-10	-8.2933E-10	1.9261E-06	-7.4266E-07
-1.3452E-09	-9.6858E-10	1.4243E-06	-2.2274E-06
-6.6463E-10	-3.9579E-10	1.3444E-06	-6.2112E-07
-3.1342E-10	-2.4844E-10	2.4155E-06	-2.8952E-06
4.7525E-10	-4.0844E-10	-1.1001E-07	-1.9324E-06
-6.6406E-10	-6.7933E-10	1.7606E-06	-1.7962E-06
-5.3103E-10	1.0804E-09	1.3526E-07	-2.2848E-06
2.4071E-10	2.3631E-10	1.0528E-06	-1.8788E-06
-9.8358E-10	6.0827E-11	-7.1848E-07	-2.0961E-06
-1.1644E-09	2.2680E-10	6.1386E-07	-2.7467E-07
-1.3861E-09	4.5057E-10	7.7097E-07	-1.7244E-06
-3.4423E-10	-1.7289E-10	2.7570E-07	-1.0940E-06
-1.3732E-09	-1.2890E-09	2.8735E-07	-7.7520E-07
-1.1717E-09	8.0191E-11	1.1645E-06	-3.9569E-07
9.0538E-11	-5.4226E-10	1.0686E-06	-1.0346E-06
-1.9527E-10	-6.4127E-10	1.5792E-06	-4.7089E-07
-2.2780E-10	-5.0948E-10	2.3312E-06	-1.7774E-06
-6.4132E-10	5.4142E-10	8.2884E-07	-2.8678E-06
5.4275E-10	6.1023E-10	-1.8124E-07	-1.0391E-06
-7.2304E-10	-4.1443E-10	1.7595E-06	-1.4386E-06
-1.3007E-09	8.5114E-10	-3.9587E-07	-2.2462E-06
-7.3256E-10	3.9777E-10	6.1773E-07	-5.5959E-08
-8.9748E-10	-7.9688E-12	1.0682E-06	-1.8795E-06
-1.0499E-09	-8.5095E-10	-3.7618E-07	-7.8606E-07
-1.6249E-09	-1.4017E-10	1.1943E-06	3.3456E-07
1.2514E-10	-1.0109E-10	2.0434E-06	-1.5605E-06
-3.3338E-10	-1.2876E-09	-1.3235E-07	-1.0314E-06
-5.8328E-10	-1.4201E-10	2.2136E-06	1.9884E-07
-7.5360E-11	1.0824E-10	1.5977E-06	-1.9951E-06
1.7454E-10	4.8672E-10	1.7107E-06	-9.1577E-07
-1.0052E-10	-2.9555E-10	1.2498E-06	-2.4917E-06
-1.4617E-09	6.5383E-10	7.8033E-07	-9.7277E-07
-2.8168E-10	9.9473E-10	1.1574E-06	-1.9175E-06
-8.6124E-10	-3.8211E-10	1.0005E-06	-9.0762E-07
-1.3544E-09	-1.1187E-10	1.1957E-06	-2.4598E-06
-1.2795E-09	-2.5959E-10	-2.2322E-07	-7.6450E-07
-5.0041E-10	4.2169E-11	1.5502E-06	-1.0230E-06
-6.2344E-11	-1.2576E-09	6.6572E-07	-9.5574E-07
-1.1380E-09	-4.6674E-10	1.9441E-06	-1.0555E-06
2.5191E-10	3.9221E-10	1.2673E-06	-1.7820E-06
1.8924E-10	-2.6209E-10	1.3653E-06	-1.9357E-06
-1.7323E-10	1.1609E-10	3.6406E-07	-1.8652E-06
-8.6615E-10	3.4262E-10	1.0255E-06	-1.1825E-06
-4.9052E-10	1.2389E-09	8.8711E-07	-2.1050E-06
-2.6051E-10	-2.4258E-10	-2.1724E-07	-1.5081E-06
-1.8139E-09	-6.8901E-11	7.4842E-07	-1.7133E-07
-9.4726E-10	3.8650E-10	1.8045E-06	-1.6612E-06
-7.2330E-10	-3.9366E-10	2.7296E-07	-1.9760E-06
-4.1190E-10	-7.2810E-10	1.2283E-07	-1.1008E-06
-9.9062E-10	-8.5741E-10	6.2705E-07	-3.1085E-07
-2.0116E-10	4.9767E-10	1.5154E-06	-1.2603E-06
6.8948E-10	-5.4421E-10	4.7207E-07	-9.0996E-07
-6.1414E-10	-1.7442E-10	1.9543E-06	-1.2408E-06
-2.7765E-10	6.9550E-10	-1.2970E-07	-1.9329E-06
-3.9381E-10	7.2795E-10	1.2426E-06	1.4534E-07
-1.7639E-10	3.3494E-10	1.3986E-06	-2.0912E-06
-1.4888E-09	-2.5310E-10	4.5382E-07	-6.0101E-07
-1.2684E-09	9.2762E-10	1.6548E-06	-1.3382E-06
-2.8833E-10	-3.8524E-10	7.8470E-07	-1.1564E-06
-1.1332E-09	-7.4199E-10	1.6350E-06	-1.3536E-06
-7.5233E-10	-4.5368E-10	8.0199E-07	-1.8443E-06
-4.8883E-10	-6.0423E-11	6.6238E-07	-1.1632E-06
6.1979E-10	-2.6114E-10	1.4535E-06	-1.0012E-06
-4.4396E-10	-7.6557E-10	1.2493E-06	-2.3912E-06
-4.5932E-10	9.6818E-10	1.0232E-07	-1.2588E-06
3.3521E-10	4.6067E-10	1.5369E-06	-1.9011E-06
-5.3596E-10	2.8634E-10	-9.1022E-07	-2.2586E-06
-9.1791E-10	2.2663E-10	-2.4934E-08	1.2606E-07
-1.3844E-09	7.2601E-10	9.0968E-07	-5.5613E-07
-2.1821E-10	2.4122E-10	1.3917E-06	-7.2017E-07
-1.1798E-09	-1.0553E-09	8.1868E-07	-1.4315E-06
-1.2169E-09	8.4002E-11	1.0798E-06	-8.2783E-07
-1.2287E-10	-3.2544E-10	6.3915E-07	-1.4040E-06
-3.8589E-11	-4.3757E-10	1.3319E-06	-3.9243E-07
-7.4449E-11	-6.6625E-10	1.2288E-06	-2.2275E-06
-6.5127E-10	4.7618E-10	1.4837E-07	-6.9270E-07
6.7182E-10	7.6392E-10	1.4558E-06	-1.2863E-06
-3.2529E-10	-2.5862E-10	4.9551E-07	-1.1829E-06
-1.0088E-09	7.9822E-10	1.0859E-06	-1.2426E-06
-7.3339E-10	6.3074E-10	6.3396E-07	-9.3857E-07
-6.6368E-10	4.2889E-10	1.5391E-06	-1.6723E-06
-8.2409E-10	-6.8638E-10	-6.3243E-07	-1.8190E-06
-1.6769E-09	-4.2084E-11	4.0771E-07	5.7686E-07
-2.8414E-11	1.3787E-10	1.8957E-06	-8.5448E-07
-2.2466E-10	-1.0467E-09	8.7771E-07	-1.0303E-06
-4.3816E-10	-2.9451E-10	2.1034E-06	-8.0047E-07
-1.9213E-10	3.8546E-11	1.1658E-06	-3.0319E-06
3.2135E-10	6.5702E-10	-7.1783E-07	-8.4340E-07
2.6305E-10	-2.6951E-10	1.7682E-06	-7.2763E-07
-1.2055E-09	5.9436E-10	2.6382E-07	-2.1165E-06
-2.2113E-10	1.1584E-09	2.5037E-07	-5.8879E-07
-6.0194E-10	3.8206E-11	7.6411E-07	-9.7678E-07
-1.0375E-09	1.4628E-11	5.6068E-07	-1.0454E-06
-1.3588E-09	-1.4546E-10	1.0725E-07	-3.5840E-07
-5.7135E-10	3.7093E-10	1.8927E-06	5.5624E-08
4.1764E-11	-1.0477E-09	1.2251E-06	-1.9557E-06
-1.0462E-09	-5.4692E-10	6.0877E-07	-2.5208E-07
1.0866E-10	3.1414E-10	2.0346E-06	-1.4349E-06
2.7371E-10	-7.0290E-11	3.8034E-07	-1.5609E-06
2.0257E-10	6.4883E-11	1.1392E-06	-9.7775E-07
-7.0571E-10	2.2204E-10	4.4333E-07	-1.3629E-06
-3.7111E-10	1.4014E-09	1.1462E-06	-4.0329E-07
3.0254E-11	7.1129E-11	1.4497E-06	-1.7506E-06
-1.4623E-09	6.1264E-11	4.4661E-07	-1.5390E-06
-9.7676E-10	4.7099E-10	2.4884E-07	-1.2676E-06
-7.7076E-10	1.0184E-11	5.6206E-07	-1.1480E-07
-2.3002E-10	-5.2225E-10	1.9857E-06	-1.6090E-06
-9.8603E-10	-9.1134E-10	-6.0290E-07	-1.9297E-06
-3.3600E-10	4.9924E-10	6.2496E-07	-4.3877E-08
7.2476E-10	-3.9068E-10	1.6694E-08	-1.5344E-06
-2.8013E-10	-2.2302E-10	-6.8681E-08	1.2048E-06
-1.6365E-10	4.8911E-10	2.5673E-06	-1.1250E-07
-3.0512E-10	8.9773E-10	1.4775E-06	-1.1051E-06
1.9780E-10	5.5352E-10	1.5553E-06	-1.2702E-06
-1.1709E-09	-1.8246E-10	9.3502E-07	-1.2623E-06
-1.2171E-09	1.0358E-09	9.2706E-07	-1.2256E-06
-2.9910E-10	-2.5201E-13	8.9195E-07	-6.0501E-07
-8.9574E-10	-4.8385E-10	1.4573E-06	-1.5325E-06
-7.5952E-10	-5.2308E-10	1.6550E-07	-7.8259E-07
-6.6850E-10	4.8393E-11	1.7942E-06	-7.7211E-07
6.8624E-10	-1.1917E-10	5.7267E-07	-1.2790E-06
-2.1756E-10	-8.3540E-10	1.8944E-06	-9.1982E-07
-3.6433E-10	7.5973E-10	2.9359E-07	-2.3656E-06
3.7337E-10	5.6951E-10	2.6400E-07	-4.9873E-07
-1.2523E-10	4.7487E-10	2.5306E-07	-1.0354E-06
-5.9922E-10	1.7775E-10	7.7933E-07	5.9165E-07
-1.3256E-09	8.6919E-10	2.2044E-06	-7.4062E-07
-1.1515E-10	5.9115E-10	1.6532E-06	-1.2968E-06
-9.4445E-10	-7.9540E-10	1.2352E-06	-1.9109E-06
-1.1757E-09	5.6578E-11	5.7667E-07	-1.3575E-06
-3.4067E-10	-1.7860E-10	7.0339E-07	-1.3374E-06
5.4348E-11	-2.2707E-10	4.8667E-07	-9.7497E-07
9.1068E-11	-7.9613E-10	7.1926E-07	-7.3241E-07
-6.4290E-10	3.2087E-10	1.3682E-06	-7.5026E-07
7.2282E-10	8.1920E-10	1.0718E-06	-1.6749E-06
3.2736E-11	-1.2510E-10	6.3860E-07	-1.2835E-06
-6.5925E-10	6.8245E-10	3.3226E-07	-1.3643E-06
-6.9972E-10	7.2800E-10	7.6512E-07	-4.7071E-07
-4.5878E-10	7.9520E-10	1.1850E-06	-1.9286E-06
-5.5227E-10	-5.0469E-10	-4.5551E-07	-1.7010E-06
-1.6344E-09	5.7329E-12	-8.0950E-07	-8.5168E-07
-1.9105E-10	3.0644E-10	-7.2127E-07	8.0842E-07
-1.6072E-10	-7.8421E-10	1.2699E-06	9.6725E-07
-2.6998E-10	-4.2103E-10	1.3787E-06	-9.2270E-08
-2.9643E-10	-1.0837E-10	1.2982E-06	2.2699E-07
3.8110E-10	7.4549E-10	2.4966E-06	-1.7476E-07
5.7986E-10	-2.4810E-10	1.5572E-06	-1.8002E-06
-8.9979E-10	4.6552E-10	9.5883E-07	-2.9880E-07
-1.5582E-10	1.1831E-09	2.1139E-06	-1.5300E-06
-3.7760E-10	3.9165E-10	2.6042E-08	-1.2480E-06
-6.7420E-10	1.4051E-10	1.7417E-06	1.2759E-07
-1.3447E-09	-9.5769E-11	1.9526E-06	-2.1098E-06
-6.5111E-10	6.2196E-10	-1.9588E-08	-1.8034E-06
1.1373E-10	-8.0594E-10	9.9841E-08	-4.7803E-07
-9.1146E-10	-6.0475E-10	6.3875E-07	-3.2165E-08
-3.0134E-11	1.6568E-10	1.7041E-06	-1.4760E-07
2.7150E-10	6.4199E-11	1.2125E-06	-1.2045E-06
5.2920E-10	2.0429E-11	1.2973E-06	-1.0871E-07
-5.0628E-10	3.6750E-11	2.1545E-06	-1.6846E-06
-2.7093E-10	1.4227E-09	2.2893E-07	-1.5394E-06
2.7140E-10	3.2738E-10	8.7383E-07	-6.4346E-07
-1.0612E-09	1.7507E-10	7.1901E-07	-6.7707E-07
-9.2605E-10	4.7276E-10	1.5603E-06	-5.4685E-07
-8.2554E-10	3.3381E-10	9.6415E-07	-1.6026E-06
-6.9035E-11	-2.8695E-10	1.6440E-07	-5.0244E-07
-9.2114E-10	-9.4465E-10	1.2724E-06	2.5115E-07
-4.6649E-10	4.2946E-10	2.2991E-06	-6.6029E-07
6.7267E-10	-2.6813E-10	1.5393E-06	-1.7948E-06
1.4940E-11	-2.5341E-10	9.2101E-07	-1.1706E-06
-2.5681E-11	2.2253E-10	1.1281E-06	-1.5856E-06
-2.5318E-10	9.3635E-10	2.5990E-08	-8.9422E-07
5.0635E-10	7.2085E-10	1.5177E-06	-3.5317E-07
-8.0545E-10	-1.3425E-10	6.5440E-07	-1.4862E-06
-1.0997E-09	1.0390E-09	9.5254E-07	-1.0152E-08
-3.2567E-10	3.0538E-10	1.5515E-06	-1.1160E-06
-6.6259E-10	-2.0384E-10	1.3347E-06	-7.4695E-07
-6.9820E-10	-5.8138E-10	1.4073E-06	-1.8015E-06
-8.3728E-10	8.7245E-11	4.9244E-07	-1.2411E-06
6.6727E-10	8.2822E-12	3.7518E-07	-1.3951E-06
-1.5708E-11	-8.7013E-10	-3.2329E-08	1.9706E-07
-2.5344E-10	4.9110E-10	1.9762E-06	1.7703E-08
3.5467E-10	5.6668E-10	1.7458E-06	-1.2586E-06
2.1321E-10	6.2108E-10	7.9841E-07	-1.4733E-06
-2.4500E-10	1.0187E-10	9.5874E-07	-2.3064E-07
-1.2138E-09	8.9366E-10	1.8086E-06	-1.2700E-06
-4.3075E-11	8.5717E-10	1.2437E-06	-1.0908E-06
-7.0006E-10	-5.1694E-10	1.4024E-06	-2.2714E-06
-1.0586E-09	1.9588E-11	-2.8737E-07	-1.2862E-06
-5.4680E-10	-9.8518E-11	7.7064E-07	-1.2459E-06
7.4704E-11	-2.0993E-11	-6.1371E-07	-5.7310E-07
2.4296E-10	-8.7862E-10	1.2127E-06	8.6179E-08
-6.1675E-10	1.0984E-10	4.6332E-07	-5.2894E-07
6.9762E-10	7.7975E-10	1.7081E-06	1.5730E-07
3.1651E-10	-1.4262E-11	1.3995E-06	-1.1714E-06
-2.8505E-10	5.3176E-10	1.2712E-06	-6.4962E-07
-6.3386E-10	7.0359E-10	1.4152E-06	-1.0256E-06
-2.9608E-10	1.0727E-09	1.3432E-06	-1.4353E-06
-2.6947E-10	-3.0936E-10	3.4139E-07	-1.2411E-06
-1.5069E-09	2.3620E-11	1.0032E-06	-4.9773E-07
-3.4770E-10	4.0298E-10	9.8043E-07	-9.2259E-07
-1.5244E-10	-5.1373E-10	1.2290E-06	-8.8946E-07
-1.0073E-10	-5.0012E-10	6.9795E-07	-1.0315E-06
-3.8190E-10	-3.0142E-10	1.3054E-06	-6.1673E-07
3.5723E-10	7.5423E-10	9.4745E-07	-1.2547E-06
8.1783E-10	-2.2682E-10	1.2656E-06	-7.4805E-07
-5.7269E-10	2.9979E-10	9.9682E-07	-1.7484E-06
-8.5965E-11	1.0839E-09	4.4937E-07	-9.1628E-07
-2.0549E-10	6.6209E-10	8.7899E-07	-1.4421E-06
-3.0185E-10	2.6782E-10	-3.9148E-07	-9.9522E-07
-1.2455E-09	-9.0852E-11	6.3701E-07	1.5616E-07
-7.2773E-10	7.8925E-10	8.1947E-07	-8.3963E-07
1.4014E-10	-5.4687E-10	4.2137E-07	1.6757E-08
-7.5293E-10	-6.1930E-10	1.2270E-06	-2.2049E-07
-1.5249E-10	-2.5968E-11	1.0996E-06	1.4777E-07
1.8752E-10	1.4034E-10	2.2759E-06	-4.4459E-07
7.7721E-10	-8.4669E-12	1.6188E-06	-1.1273E-06
-2.8923E-10	-1.7759E-10	1.6709E-06	-1.5456E-06
-1.8813E-10	1.3189E-09	4.0623E-07	-1.3956E-06
4.4332E-10	5.1356E-10	9.2381E-07	-6.4625E-07
-6.4900E-10	2.8022E-10	8.2176E-07	-5.4809E-07
-8.0228E-10	4.1225E-10	1.5937E-06	-5.7065E-07
-8.7938E-10	5.6738E-10	1.4162E-06	-5.0833E-07
5.3692E-11	-3.6585E-11	2.8985E-06	-1.7305E-06
-8.1248E-10	-9.3744E-10	-2.2192E-07	-2.7552E-06
-5.7725E-10	3.1056E-10	1.1606E-06	1.3433E-07
5.3934E-10	-1.8097E-10	1.6342E-06	-2.9066E-06
2.4424E-10	-2.5430E-10	-7.5819E-07	-1.6550E-06
1.2240E-10	-6.6240E-11	-1.3875E-07	-7.4824E-07
-2.3326E-10	8.5905E-10	2.2868E-07	4.8413E-08
7.2798E-10	8.2884E-10	1.2293E-06	-4.2159E-07
-4.3031E-10	-9.4930E-11	1.0423E-06	-6.2649E-07
-9.2282E-10	9.5895E-10	1.4169E-06	-9.2332E-07
-3.6330E-10	5.1981E-10	1.1056E-06	-1.4471E-06
-4.5592E-10	8.4627E-11	4.6664E-07	-1.3616E-06
-5.8291E-10	-6.0887E-10	6.9139E-07	-7.1176E-07
-9.7788E-10	7.2201E-11	1.0654E-06	-1.3689E-06
5.6851E-10	1.1365E-10	1.1672E-07	-1.3787E-06
1.3805E-10	-8.5739E-10	4.7313E-07	-4.3184E-07
-1.3358E-10	2.0094E-10	1.0625E-06	-1.2385E-06
2.8773E-10	4.6597E-10	1.8769E-07	-1.1289E-06
4.5716E-10	7.2075E-10	7.3811E-07	-1.1208E-06
1.0967E-10	1.9073E-11	-2.7752E-07	-1.1545E-06
-1.0538E-09	8.2196E-10	6.5550E-07	-4.7750E-07
-1.2184E-12	1.0274E-09	-1.5349E-07	-1.4730E-06
-4.7285E-10	-2.3136E-10	-1.6239E-07	-1.9241E-07
-8.7962E-10	-6.9371E-12	-4.9697E-07	-7.7720E-07
-7.2289E-10	-7.5005E-11	-4.8590E-07	1.6039E-06
2.5781E-11	1.6950E-10	2.3682E-06	8.7603E-07
3.6089E-10	-9.0048E-10	1.9364E-06	-1.0405E-06
-5.7318E-10	-1.2011E-10	1.0267E-06	-1.4318E-06
6.0829E-10	6.5752E-10	2.8722E-07	-1.1522E-06
5.0453E-10	7.2630E-11	1.4488E-07	-4.7344E-07
8.2249E-11	3.7243E-10	8.3305E-07	-4.6210E-07
-5.3768E-10	5.8100E-10	1.0944E-09	-9.3663E-07
-1.7895E-10	1.2503E-09	3.0724E-07	4.6230E-07
-5.1456E-12	-1.0782E-10	1.0724E-06	-5.1206E-07
-1.3080E-09	3.1800E-11	3.2842E-07	-1.2091E-07
-4.8066E-10	4.3305E-10	1.0942E-06	-3.6243E-08
-1.9960E-10	-2.5002E-10	1.0826E-06	-3.6637E-07
5.1096E-11	-5.1800E-10	1.0805E-06	-7.8519E-07
-4.4235E-10	-5.0713E-10	4.7097E-07	-7.4117E-07
2.6404E-10	6.9187E-10	5.7346E-07	-3.4949E-07
9.5738E-10	-2.0408E-10	6.9720E-07	-6.2731E-07
-2.5107E-10	1.2792E-10	-8.1818E-08	-4.4257E-07
-9.7670E-12	8.8572E-10	4.8064E-07	5.5679E-07
-9.1921E-11	8.3957E-10	8.3936E-07	1.1378E-07
4.7306E-11	3.9463E-10	1.2664E-06	4.7187E-07
-1.0739E-09	-1.0966E-10	1.2785E-06	-5.2425E-07
-7.8596E-10	8.7444E-10	1.0378E-06	3.7857E-07
1.1756E-10	-2.8744E-10	1.9862E-06	-5.9571E-07
-5.8829E-10	-5.7720E-10	9.8237E-07	-7.8463E-07
-2.4697E-10	-2.3103E-10	9.2421E-07	-6.8082E-07
3.7732E-11	1.6193E-10	1.0227E-06	2.8365E-08
9.2869E-10	-1.7871E-11	1.6083E-06	-1.2778E-06
-7.5072E-11	-3.8726E-10	-2.8165E-07	-4.9921E-07
-1.1728E-10	1.1151E-09	1.2989E-06	3.7260E-07
5.3830E-10	6.2182E-10	1.0445E-06	-1.2384E-07
-2.5995E-10	3.8043E-10	2.1703E-06	-8.4934E-08
-6.1667E-10	3.1267E-10	1.5489E-06	-1.3854E-06
-9.1992E-10	7.0907E-10	1.2802E-06	-1.1368E-06
1.2984E-10	2.1162E-10	6.3559E-07	-1.4659E-06
-6.7694E-10	-8.7681E-10	5.5752E-07	-8.1674E-07
-6.5378E-10	1.6779E-10	5.9597E-07	-1.0779E-06
3.4174E-10	-1.3043E-10	-5.8378E-08	-1.1794E-06
3.9113E-10	-2.2089E-10	-6.2110E-07	3.8455E-07
2.6709E-10	-3.4136E-10	1.5557E-06	4.2218E-07
-2.3567E-10	6.8953E-10	4.5715E-07	-6.8579E-07
8.5413E-10	8.7242E-10	1.4047E-06	1.3623E-07
-7.9145E-11	-5.5075E-11	3.2811E-07	-1.3600E-06
-6.9603E-10	8.2137E-10	4.6047E-07	7.2926E-07
-4.0212E-10	6.3921E-10	1.1190E-06	-8.0684E-07
-2.8969E-10	3.6494E-10	3.7027E-07	6.0057E-07
-4.3015E-10	-5.9193E-10	2.1273E-06	-3.1836E-07
-1.0741E-09	2.3047E-11	9.7839E-07	-1.2100E-06
4.0613E-10	1.9114E-10	2.2223E-07	-1.0992E-06
2.2858E-10	-7.9266E-10	-1.4474E-07	2.8281E-07
-1.1954E-11	-7.4401E-11	1.1670E-06	2.6028E-07
1.8719E-10	2.8868E-10	1.0999E-06	-2.5611E-07
5.9753E-10	7.7081E-10	7.3991E-07	-5.9550E-07
4.3339E-10	-5.4994E-11	7.1423E-07	3.1381E-07
-8.5285E-10	6.8169E-10	1.4457E-06	-6.6025E-07
1.7666E-11	1.0978E-09	3.6689E-07	-2.3896E-07
-2.8162E-10	4.6451E-11	1.3607E-06	-4.5726E-07
-6.5567E-10	-7.8042E-12	-5.9477E-08	-6.6978E-07
-8.5170E-10	-9.3347E-11	7.1169E-07	7.1461E-07
-7.9139E-11	3.3396E-10	1.4613E-06	-2.7998E-07
4.3095E-10	-8.5731E-10	4.8668E-07	-5.2854E-07
-5.1361E-10	-3.3432E-10	9.9969E-07	5.3653E-07
4.7370E-10	4.7075E-10	1.5000E-06	-1.0284E-06
5.8834E-10	1.3345E-10	-1.9917E-07	-2.0994E-07
4.1428E-10	2.2593E-10	1.2609E-06	2.3244E-07
-4.1439E-10	3.8939E-10	5.6557E-07	-5.0774E-07
-1.0289E-10	1.3243E-09	4.3898E-07	-7.3990E-08
2.1823E-10	8.8685E-11	1.5565E-07	7.4922E-07
-1.0555E-09	4.7134E-11	1.7532E-06	8.6884E-07
-5.7298E-10	4.0764E-10	1.4752E-06	2.1511E-08
-2.9267E-10	-7.9705E-12	2.1113E-06	-2.9841E-07
1.7142E-10	-4.7017E-10	9.1048E-07	-1.3777E-06
-4.7364E-10	-6.9381E-10	2.0623E-07	-5.1732E-07
1.2313E-10	5.7224E-10	3.6487E-08	4.3886E-07
9.9147E-10	-1.8131E-10	1.6364E-06	5.0412E-07
4.0735E-11	-2.4542E-11	4.9196E-07	-5.9699E-07
7.4469E-11	6.1921E-10	9.3191E-07	9.8219E-07
-3.4017E-11	9.2064E-10	1.5404E-06	-1.8993E-07
3.4761E-10	5.1488E-10	1.1525E-06	1.4865E-07
-8.4681E-10	-1.3306E-10	1.4622E-06	-4.6002E-07
-8.1060E-10	8.8545E-10	7.0599E-07	-5.1869E-07
5.1285E-11	-4.5332E-11	4.3228E-07	-7.9922E-08
-4.3281E-10	-4.7423E-10	6.0707E-07	3.7529E-07
-3.0500E-10	-4.2097E-10	7.5801E-07	4.9228E-07
-1.5447E-10	1.3688E-10	1.0306E-06	7.6004E-07
9.7742E-10	-8.7870E-12	1.5595E-06	8.0653E-07
1.1737E-10	-5.6416E-10	1.8601E-06	7.9084E-08
-5.1868E-11	8.4218E-10	1.3855E-06	3.1630E-07
5.5901E-10	6.4952E-10	2.1689E-06	-3.0980E-07
7.8202E-11	4.7490E-10	5.8766E-07	-3.1301E-07
-3.8464E-10	1.9664E-10	1.9357E-06	6.8864E-07
-9.3389E-10	7.6409E-10	1.5930E-06	-4.2049E-07
1.5939E-10	4.3917E-10	2.2538E-06	-2.2537E-07
-5.3091E-10	-7.5849E-10	7.0862E-07	-1.5793E-06
-6.8502E-10	2.6083E-11	8.2936E-07	7.7657E-07
1.0422E-10	-1.1463E-10	1.9240E-06	-8.4322E-07
4.4933E-10	-1.5496E-10	5.8496E-07	-6.5260E-07
3.9553E-10	-5.7300E-10	3.8508E-07	-1.6881E-07
-2.4873E-10	4.5699E-10	1.0584E-06	7.4856E-07
8.8756E-10	8.5007E-10	1.3645E-06	-3.9298E-07
2.2026E-10	-1.0380E-11	6.7522E-07	2.1190E-07
-4.3288E-10	6.5260E-10	9.3972E-07	4.9003E-07
-4.3006E-10	6.6730E-10	2.0745E-06	8.4356E-07
-1.6983E-10	6.1890E-10	1.7617E-06	-1.1601E-06
-2.5743E-10	-5.2480E-10	6.8367E-07	-3.6492E-08
-1.1135E-09	-3.9543E-11	7.3992E-07	-6.6852E-07
2.0347E-10	2.3723E-10	-4.3643E-08	1.1808E-06
2.4944E-10	-6.7928E-10	1.7279E-06	8.1508E-07
1.0372E-10	-3.0459E-10	1.1775E-06	1.0395E-06
7.0343E-11	6.0974E-11	2.4291E-06	5.5526E-07
6.3717E-10	7.6996E-10	1.7157E-06	2.2891E-07
7.0015E-10	-1.1058E-10	2.1296E-06	-1.7471E-07
-6.2157E-10	5.0200E-10	1.1193E-06	5.1431E-08
2.4520E-11	1.0721E-09	1.6961E-06	3.0202E-07
-1.3734E-10	2.9959E-10	1.3577E-06	8.4661E-07
-4.0599E-10	2.5448E-11	2.9566E-06	6.4120E-07
-9.2003E-10	-1.3665E-10	2.3626E-06	-5.4449E-07
-2.1977E-10	4.6366E-10	1.7985E-06	-6.1610E-07
4.4611E-10	-7.5349E-10	1.4040E-06	5.8740E-07
-4.4132E-10	-5.0390E-10	3.3043E-06	-2.8103E-07
3.1593E-10	2.4196E-10	8.7900E-07	-1.0108E-06
5.7150E-10	1.6590E-10	2.5102E-06	1.4277E-06
6.8750E-10	1.0703E-10	3.8482E-06	-1.5438E-06
-2.6968E-10	1.6003E-10	9.6070E-07	-2.2215E-06
-5.8096E-11	1.2984E-09	4.9170E-07	4.2144E-07
3.8587E-10	2.6638E-10	2.9174E-06	1.9943E-07
-7.6981E-10	8.1022E-11	1.9512E-06	-1.1014E-06
-6.1141E-10	3.4120E-10	2.2606E-06	-5.5286E-07
-4.1534E-10	1.9889E-10	1.6832E-06	-1.1847E-06
2.5121E-10	-3.6135E-10	2.2727E-06	-5.6261E-07
-4.7477E-10	-8.3500E-10	1.5212E-06	-2.0082E-06
-4.0391E-11	4.1287E-10	7.5100E-07	-5.3671E-08
9.2470E-10	-1.6209E-10	2.7398E-06	-3.3201E-07
2.8229E-10	-1.3944E-10	2.2674E-06	-1.8581E-06
1.6670E-10	3.1739E-10	1.2285E-06	-1.3920E-06
-2.2123E-11	9.0858E-10	2.3287E-06	-1.5737E-06
5.8113E-10	6.1928E-10	1.5211E-07	-2.9048E-06
-5.8475E-10	-1.4616E-10	3.8333E-07	3.0170E-07
-7.8945E-10	8.3502E-10	2.3585E-06	-2.3076E-06
-4.6690E-11	1.6282E-10	-9.8794E-07	-2.1457E-06
-2.9854E-10	-3.1535E-10	-1.5075E-07	-2.1329E-07
-3.2229E-10	-5.7161E-10	3.0857E-07	-1.1873E-07
-3.6213E-10	7.6355E-11	9.0460E-07	-6.5097E-07
