jMRUI Data Textfile

Filename: Export_to_jmrui.txt

PointsInDataset: 2048
DatasetsInFile: 1
SamplingInterval: 0.250000
ZeroOrderPhase: 0E0
BeginTime: 0E0
TransmitterFrequency: 1.2326E8
MagneticField: 2.8936E0
TypeOfNucleus:  
NameOfPatient:  
DateOfExperiment:  
Spectrometer:  
AdditionalInfo: 
SignalNames:  


Signal and FFT
sig(real)	sig(imag)	fft(real)	fft(imag)
Signal 1 out of 1 in file
2.9353E-06	-1.0024E-06	-4.2420E-07	2.5938E-06
2.1595E-06	-2.2799E-06	1.9399E-06	1.0960E-06
9.0930E-07	-3.0108E-06	4.7515E-07	1.0289E-06
-6.1867E-07	-2.6633E-06	2.2482E-06	1.1536E-06
-1.5608E-06	-1.7637E-06	6.5188E-07	-3.7778E-07
-1.8743E-06	-6.7233E-07	8.2630E-07	1.7931E-06
-1.6731E-06	4.1686E-07	1.9150E-06	1.5570E-07
-8.6684E-07	9.1530E-07	-9.0913E-08	8.4259E-07
-6.4207E-08	9.5743E-07	1.6465E-06	2.4449E-06
6.2853E-07	4.7748E-07	2.7357E-06	9.7278E-07
7.7698E-07	1.7007E-08	2.2564E-06	8.9796E-08
7.1064E-07	-5.0946E-07	1.2962E-06	-1.8663E-07
1.4999E-07	-7.6436E-07	8.2080E-07	6.9895E-07
-2.7199E-07	-7.8786E-07	1.1108E-06	1.1965E-06
-6.6612E-07	-4.4698E-07	1.7488E-06	1.7654E-06
-6.3383E-07	-2.2427E-07	2.7353E-06	1.0146E-06
-6.5186E-07	9.1885E-09	2.0626E-06	4.4277E-07
-4.3410E-07	6.0443E-08	2.4339E-06	8.8292E-07
-3.4760E-07	1.1446E-07	2.4250E-06	-2.5645E-07
-3.1721E-07	1.2746E-07	1.2715E-06	5.0021E-07
-3.0531E-07	2.2689E-07	2.6876E-06	8.8842E-07
-3.2056E-07	2.9283E-07	2.1043E-06	-4.7355E-07
-3.4575E-07	4.6422E-07	1.5121E-06	6.9430E-07
-1.3010E-07	4.8834E-07	2.8503E-06	4.3702E-07
9.4215E-08	4.3496E-07	2.0617E-06	-8.8255E-07
2.5093E-07	2.5961E-07	1.1108E-06	1.3631E-07
2.5348E-07	5.5383E-08	1.8843E-06	1.9509E-07
1.9354E-07	-1.4302E-07	1.1334E-06	3.1937E-07
-5.0918E-08	-1.8794E-07	2.2162E-06	9.8968E-07
-1.5696E-07	-9.6244E-08	2.2139E-06	-2.8045E-07
-2.7961E-07	1.5854E-07	1.2707E-06	-2.8347E-08
-1.8177E-07	3.5979E-07	1.3015E-06	1.0050E-06
-2.0050E-08	5.3861E-07	2.7259E-06	7.8391E-07
1.9863E-07	4.8647E-07	1.8908E-06	-3.4671E-07
3.6174E-07	3.7916E-07	1.6200E-06	4.7598E-07
4.3783E-07	1.2381E-07	1.6308E-06	5.8489E-07
4.2134E-07	1.5417E-08	2.4431E-06	1.0154E-06
3.6222E-07	-1.3070E-07	2.4208E-06	-5.5579E-08
2.1912E-07	-1.4625E-07	1.9476E-06	4.4691E-07
2.1882E-07	-1.8788E-07	2.5488E-06	6.7739E-07
1.5739E-07	-1.7037E-07	3.3543E-06	-3.9764E-07
1.8595E-07	-1.6219E-07	1.4279E-06	-1.3895E-06
1.3844E-07	-2.2121E-07	1.0957E-06	4.5835E-07
1.0698E-07	-3.0038E-07	1.7487E-06	6.0425E-07
-4.6611E-08	-3.8311E-07	2.6192E-06	5.1550E-07
-8.5243E-08	-3.3361E-07	1.7487E-06	-3.3086E-07
-1.9599E-07	-1.9452E-07	2.3038E-06	8.9021E-07
-2.2103E-07	-9.1592E-08	2.3991E-06	-2.5672E-07
-1.1317E-07	2.7270E-08	2.8653E-06	3.4226E-07
-1.1378E-08	5.9495E-08	2.2089E-06	-1.6132E-06
9.2945E-08	4.8414E-08	1.3762E-06	1.8764E-07
6.3219E-08	-9.2631E-08	1.7778E-06	-9.8041E-07
8.3803E-08	-1.2559E-07	1.0519E-06	8.9538E-07
-7.3467E-08	-1.4583E-07	2.6535E-06	-6.9591E-07
-1.6299E-07	-1.6129E-07	3.3308E-07	1.5504E-07
-2.1040E-07	-7.3176E-08	2.2533E-06	9.2074E-07
-2.5513E-07	1.0017E-07	1.9608E-06	3.9724E-07
-1.6972E-07	1.5291E-07	2.7131E-06	-9.6865E-08
-4.9659E-08	1.5893E-07	1.4727E-06	-3.7217E-07
1.1963E-07	8.8686E-08	1.9899E-06	2.0226E-07
1.1506E-07	-5.0909E-08	1.7398E-06	-1.7106E-07
1.1219E-07	-1.5412E-07	1.5397E-06	-5.9898E-08
-1.8568E-08	-1.9218E-07	1.4724E-06	5.0900E-07
-1.8174E-07	-1.6757E-07	1.7146E-06	3.5079E-08
-2.2000E-07	-1.3292E-08	9.8668E-07	1.2763E-06
-1.9852E-07	1.6334E-07	3.0052E-06	1.3065E-06
-1.0406E-07	2.5192E-07	2.6279E-06	6.0204E-07
5.2488E-08	2.1379E-07	3.8745E-06	7.4613E-08
8.5867E-08	1.6763E-07	2.2464E-06	-1.6306E-06
1.3421E-07	1.0270E-07	1.4530E-06	-1.7883E-07
6.8614E-08	-2.9743E-08	1.8925E-06	-1.4142E-07
3.0556E-08	-4.4707E-08	1.8684E-06	-9.7922E-08
-8.6842E-08	-2.4513E-08	1.6693E-06	-2.7885E-07
-8.5514E-08	5.1557E-08	1.1326E-06	1.6592E-07
-5.2779E-08	8.9520E-08	1.5560E-06	1.1535E-06
1.3838E-09	1.5787E-07	2.4385E-06	9.4065E-07
1.2827E-07	1.7138E-07	2.8548E-06	1.0166E-06
1.7476E-07	5.7873E-08	3.7746E-06	-4.2808E-07
1.6138E-07	1.3309E-08	1.7027E-06	-1.0493E-06
1.0855E-07	1.1408E-09	2.1094E-06	6.3986E-07
1.9197E-08	-2.4878E-08	2.9219E-06	-3.8362E-07
1.0903E-08	4.2790E-08	1.9642E-06	-7.0974E-07
-2.3949E-08	4.8232E-08	1.5621E-06	2.7531E-08
1.5024E-08	1.2209E-07	2.1658E-06	7.5724E-07
9.1886E-08	6.4082E-08	3.2336E-06	3.1022E-07
1.6837E-07	-3.4900E-08	2.8696E-06	-7.0166E-07
1.2822E-07	-9.3988E-08	2.8064E-06	-2.6766E-07
1.5156E-07	-1.5909E-07	3.1167E-06	-1.6940E-06
-2.2614E-08	-2.0066E-07	9.0577E-07	-1.4281E-06
-1.1272E-07	-1.5553E-07	1.8393E-06	3.0238E-07
-1.4438E-07	-1.8593E-08	2.7418E-06	-9.8402E-07
-2.0218E-07	6.6536E-08	1.2558E-06	-1.6163E-06
-4.8277E-08	1.1876E-07	8.0188E-07	6.3826E-08
1.1948E-07	1.8195E-07	2.1765E-06	-3.2926E-07
2.5621E-07	1.0347E-07	8.3845E-07	-5.3244E-07
2.3321E-07	-1.3204E-08	1.8935E-06	6.3645E-07
1.6126E-07	-1.4737E-07	1.8699E-06	-4.8909E-07
8.0494E-08	-1.8526E-07	2.0309E-06	3.0259E-07
-3.9203E-08	-2.2040E-07	2.2821E-06	-1.3162E-06
-1.5688E-07	-1.7541E-07	1.6208E-07	-4.4301E-07
-1.9305E-07	-5.9748E-08	1.5291E-06	1.2754E-06
-1.9872E-07	2.7100E-10	2.7317E-06	2.5564E-07
-1.0875E-07	5.9512E-08	2.1439E-06	-6.8848E-07
-9.7589E-08	9.1080E-08	1.5706E-06	-1.0180E-07
-6.0743E-08	1.0109E-07	2.1877E-06	-3.1659E-07
-6.0514E-08	6.9925E-08	1.2807E-06	-3.6558E-07
-1.1766E-07	3.4243E-08	2.1984E-06	3.0641E-07
-1.9229E-08	5.3009E-08	1.7842E-06	-1.0564E-06
-3.3446E-09	9.2688E-08	9.0683E-07	1.7881E-07
3.3816E-09	8.4750E-08	1.9254E-06	3.1387E-07
-2.7804E-08	8.3180E-08	1.8401E-06	3.6923E-08
8.3493E-09	5.0161E-08	1.9249E-06	-7.7182E-08
4.6176E-08	-3.6902E-08	1.6919E-06	-5.2980E-08
1.7865E-08	-5.3352E-08	1.9235E-06	1.9243E-07
-7.1962E-08	-4.0220E-08	2.2019E-06	-4.0779E-07
-1.3112E-07	1.4342E-08	9.9210E-07	-4.1168E-07
-1.1696E-07	6.7808E-08	1.6931E-06	9.5878E-07
-6.0270E-08	1.3051E-07	2.1437E-06	-1.8287E-08
-2.7244E-08	1.4959E-07	2.1026E-06	7.9244E-07
1.1232E-07	8.9064E-08	3.2239E-06	-4.9097E-07
1.5955E-07	4.5723E-08	1.8134E-06	-1.1392E-06
1.0914E-07	-2.2150E-08	9.9654E-07	-8.4061E-07
8.7927E-08	-6.7110E-08	5.5469E-07	1.1278E-06
8.1759E-10	-1.0854E-07	3.2252E-06	1.0208E-06
-1.0492E-08	-8.3785E-08	2.1649E-06	-8.2643E-07
-8.2111E-08	-1.4897E-08	1.8218E-06	4.8866E-07
-4.3628E-08	4.0631E-08	2.8057E-06	1.5282E-07
1.7903E-08	3.3606E-08	2.9137E-06	-5.5086E-07
3.6801E-08	8.1928E-08	2.3396E-06	-1.3775E-06
9.4602E-08	4.7674E-08	1.3150E-06	-9.8819E-07
4.1400E-08	-2.9722E-09	1.4314E-06	-4.6113E-07
5.6249E-08	-3.0726E-08	1.1786E-06	-1.6586E-07
1.3670E-09	-7.3563E-08	2.0101E-06	3.7700E-07
7.5094E-09	-2.5242E-08	2.0149E-06	-5.8950E-07
-8.1248E-09	3.6596E-08	1.7485E-06	-1.7813E-08
-9.2154E-09	-2.6911E-08	1.9435E-06	-4.8464E-07
2.7604E-08	-3.5557E-08	1.9669E-06	1.7674E-07
8.0903E-08	-7.0868E-08	2.4851E-06	-1.0731E-06
6.1855E-08	-7.7524E-08	1.2908E-06	-3.5799E-07
-1.0597E-08	-1.2664E-07	2.5777E-06	-9.5782E-07
-9.9610E-08	-8.2994E-08	6.7956E-07	-1.2033E-06
-8.5580E-08	-6.6654E-08	1.6545E-06	-2.5322E-07
-1.1070E-07	-6.3888E-09	8.2794E-07	-1.0360E-06
-8.3222E-08	4.2325E-08	9.1955E-07	1.8723E-08
-3.4879E-08	5.8799E-08	9.2329E-07	6.7813E-08
-4.1627E-08	9.9783E-08	1.9160E-06	2.3651E-07
6.4996E-08	1.6414E-08	9.6916E-07	-7.9208E-07
2.8863E-08	-1.6438E-08	1.1218E-06	7.3955E-07
-2.3084E-08	-2.4860E-08	1.8111E-06	-2.1021E-07
4.2480E-09	-3.1068E-08	1.3825E-06	-1.2766E-09
-5.1632E-08	-1.1554E-08	1.3249E-06	-3.7062E-07
-4.2689E-08	-6.5760E-08	1.0183E-06	3.6552E-07
-3.0225E-08	-8.9036E-09	1.7425E-06	2.1071E-07
-4.3149E-08	5.4740E-08	1.6812E-06	-2.4672E-07
-2.8545E-08	8.7222E-08	8.3801E-07	-6.3277E-07
-3.1553E-08	1.1856E-07	4.0032E-07	7.9727E-07
5.7069E-08	5.2479E-08	1.5577E-06	1.0728E-06
2.5186E-08	5.0103E-08	2.1955E-06	7.7325E-07
3.4212E-08	-3.3918E-09	2.0776E-06	-5.6751E-07
2.2135E-08	1.9785E-08	6.6543E-07	2.0257E-07
3.1178E-09	3.0590E-09	1.6964E-06	8.8024E-07
8.9099E-09	2.0644E-08	1.7889E-06	5.9590E-07
-3.3905E-08	-4.5453E-08	2.3043E-06	3.5592E-07
-1.3761E-08	-1.0559E-08	1.8245E-06	-3.7397E-08
-3.3342E-08	-1.2698E-08	2.0270E-06	3.2337E-08
-5.6120E-08	2.8318E-08	1.3697E-06	-2.4634E-07
-3.9163E-08	2.2654E-08	1.4940E-06	6.2221E-07
1.1858E-08	4.7421E-08	1.9209E-06	5.0732E-07
1.6268E-08	4.6855E-08	2.5821E-06	6.3079E-07
8.9001E-08	4.9608E-08	2.9422E-06	-9.4286E-07
4.1987E-08	8.2637E-08	1.1654E-06	-1.1458E-06
6.5515E-08	2.4866E-08	1.4107E-06	-2.1171E-07
9.6107E-09	-1.7529E-08	8.8860E-07	-7.2937E-07
2.5841E-08	-2.2876E-08	9.2301E-07	6.8867E-07
4.1547E-08	-8.8842E-08	1.6000E-06	-4.8065E-07
4.9067E-08	-8.8988E-09	1.1400E-07	7.1947E-07
-3.1232E-08	-2.5688E-08	2.2362E-06	9.5691E-07
-1.7058E-08	-6.1903E-08	1.0813E-06	9.4835E-08
1.8299E-08	-3.3884E-08	2.1280E-06	8.7277E-07
2.2876E-08	-4.0059E-08	1.2351E-06	-3.1939E-07
2.9302E-09	-2.7796E-08	1.5644E-06	1.1457E-06
-7.8795E-09	-4.3151E-08	1.6390E-06	2.5382E-08
-9.4044E-09	-1.2725E-08	1.5244E-06	1.4769E-06
-2.2108E-08	-7.4214E-08	2.9671E-06	5.2784E-07
-1.2241E-09	-3.7170E-08	2.5952E-06	-8.8805E-08
-4.6393E-08	-5.2880E-08	2.1769E-06	-1.0840E-06
-3.8137E-08	-2.3182E-08	8.5000E-07	-3.8624E-07
-4.4626E-08	2.1365E-08	1.3507E-06	1.1715E-07
-3.1911E-08	-2.8656E-08	1.0822E-06	1.1607E-07
-4.8691E-08	-3.5040E-08	1.0887E-06	6.2654E-07
-1.9842E-08	-1.0821E-08	1.6659E-06	8.3814E-07
-1.8938E-08	2.5012E-08	1.4891E-06	4.5327E-07
-6.3274E-08	-4.1519E-09	1.8553E-06	1.2915E-06
-6.3461E-09	3.9291E-08	2.5452E-06	2.1988E-07
-1.6065E-09	2.0920E-08	1.6749E-06	3.3525E-07
-2.2561E-08	3.3748E-08	1.9296E-06	6.0702E-07
-1.7942E-08	4.0918E-08	2.5558E-06	1.1236E-06
5.9780E-08	-2.4626E-08	3.2552E-06	-7.1787E-07
-7.9317E-09	-1.2472E-08	1.1626E-06	2.0847E-08
4.9001E-08	3.5048E-09	3.7671E-06	3.7120E-07
5.1107E-09	-6.7812E-09	1.8380E-06	-2.4535E-06
2.3455E-08	4.1096E-08	8.0292E-07	-2.5387E-10
-8.3874E-09	-4.1518E-10	1.6409E-06	-9.6702E-07
2.0115E-09	2.3370E-08	3.0895E-07	9.4277E-08
2.4458E-08	-1.9914E-08	1.7272E-06	3.0888E-07
4.0280E-08	3.0679E-08	1.1022E-06	-1.5031E-07
-3.5258E-10	-5.5672E-09	1.1791E-06	1.8999E-08
1.2214E-08	-4.9183E-10	6.3248E-07	6.7744E-07
3.6238E-08	-9.6552E-09	2.0161E-06	7.3903E-07
-4.1582E-10	3.3422E-08	8.9046E-07	3.0108E-07
1.3796E-08	2.8591E-08	2.5463E-06	1.4009E-06
-1.9997E-08	-1.2554E-09	2.0446E-06	-1.1857E-06
-4.5832E-09	2.3356E-08	6.6760E-07	4.7108E-07
-1.0719E-08	-2.6291E-08	1.4951E-06	2.2603E-07
5.9288E-08	7.1916E-09	1.1977E-06	1.0290E-06
3.5378E-08	-1.7889E-08	2.3695E-06	1.3802E-07
2.5957E-08	-2.6830E-08	7.2127E-07	-8.8982E-08
1.3759E-08	-2.8879E-08	1.2715E-06	1.3246E-06
1.5196E-08	2.2001E-08	2.0764E-06	6.8344E-07
8.8267E-09	-5.8546E-09	1.3460E-06	6.6782E-07
1.9462E-08	-3.5494E-08	2.5369E-06	1.5471E-06
3.9216E-08	-7.0574E-08	2.8387E-06	-6.5545E-07
8.5253E-09	-2.5491E-08	9.1292E-07	2.6883E-07
3.4945E-08	-7.2871E-08	2.4287E-06	8.2312E-07
-4.9335E-09	-5.9137E-08	2.0372E-06	1.9804E-08
-2.2937E-09	-4.2063E-08	2.3173E-06	1.1270E-07
-5.1700E-08	-1.9823E-08	1.7171E-06	-4.1549E-07
-2.6044E-08	-5.7475E-08	1.8111E-06	1.5316E-07
-5.6421E-08	-2.9344E-10	1.6540E-06	-6.3940E-07
-2.5945E-08	2.6491E-08	5.9572E-07	1.8437E-07
-1.0284E-08	2.3735E-08	1.6875E-06	1.1330E-06
2.8833E-08	-7.0338E-09	2.3072E-06	-8.2699E-08
3.0015E-08	-1.9901E-08	8.9797E-07	-8.6156E-08
2.9975E-08	-1.6017E-08	1.8849E-06	1.3548E-06
1.0852E-08	-2.8205E-08	2.8306E-06	-6.2564E-07
-2.6108E-08	-1.1787E-08	6.6716E-07	-7.2832E-07
6.8582E-09	-4.6469E-08	9.5936E-07	5.0376E-07
-9.9101E-09	7.4536E-09	1.0823E-06	6.4366E-07
-7.2461E-09	-7.3599E-09	1.6441E-06	6.5635E-07
-2.7266E-08	3.4049E-08	1.0905E-06	6.3799E-07
-4.2797E-08	2.4243E-08	1.9914E-06	1.2859E-06
-4.4024E-08	3.7151E-08	2.2956E-06	4.4924E-07
-1.3462E-08	2.0252E-08	2.2159E-06	-2.7135E-07
-1.7231E-08	3.0989E-08	4.2503E-07	9.6945E-08
6.7594E-09	5.8315E-09	2.2282E-06	1.8322E-06
9.3009E-09	-7.2189E-09	2.3536E-06	-3.5091E-07
-4.9303E-08	2.9657E-08	1.7986E-06	5.4678E-07
-2.1252E-08	4.3284E-10	1.7544E-06	-3.4582E-07
-5.6524E-08	3.8203E-08	1.4426E-06	8.0001E-07
2.5072E-09	1.5023E-08	1.8542E-06	1.4466E-07
-4.1282E-09	2.3813E-08	2.1209E-06	1.0713E-06
-9.8576E-09	2.8957E-08	2.7780E-06	-8.3934E-07
-1.1164E-08	4.0493E-08	1.1471E-06	-4.1441E-07
5.8581E-08	5.7164E-08	1.1594E-06	-4.3040E-07
9.3016E-08	1.7469E-08	9.4312E-07	9.4851E-07
2.6627E-08	-1.2718E-08	2.1513E-06	-1.7539E-07
3.2449E-08	8.4544E-09	9.0787E-07	2.4549E-07
-1.2146E-08	-9.6884E-09	1.6234E-06	-2.5185E-07
2.7601E-08	-2.7208E-08	2.2513E-07	6.5933E-07
1.4997E-08	-1.7973E-08	1.9179E-06	7.4518E-07
1.0296E-08	-3.1573E-08	6.7904E-07	4.9691E-07
3.5400E-08	-1.5399E-08	1.7449E-06	1.2559E-06
-4.0727E-08	-4.5558E-09	1.7626E-06	1.0884E-06
-8.0177E-10	1.8976E-08	3.2250E-06	1.9678E-07
2.4867E-08	1.9290E-08	9.3782E-07	-1.3591E-06
1.1543E-08	-4.2636E-08	3.5257E-07	8.5646E-07
-2.4655E-08	2.4962E-09	1.4267E-06	1.0849E-06
1.0482E-08	-1.0382E-08	1.7613E-06	6.4323E-07
1.1308E-08	-1.5665E-08	1.5341E-06	8.0415E-07
2.6455E-08	-2.4971E-08	2.3137E-06	2.3182E-07
1.0339E-08	-5.3343E-11	8.2071E-07	-1.2246E-07
-1.3734E-08	-3.1192E-08	1.4682E-06	1.2282E-06
-5.3045E-08	-1.2728E-08	2.0103E-06	3.8627E-07
2.0350E-09	-6.9011E-09	1.7116E-06	-2.2975E-09
1.2127E-08	-2.4487E-08	9.7982E-07	1.9210E-07
-3.1841E-08	-4.5695E-08	1.5439E-06	4.7181E-07
-3.1914E-08	-2.3255E-09	6.1236E-07	1.7558E-07
-1.7997E-08	-1.7295E-08	1.4070E-06	1.5820E-06
-3.7813E-08	2.9095E-08	1.9630E-06	2.1163E-09
-4.1370E-08	2.9556E-08	5.8718E-07	5.2617E-07
1.5233E-08	2.9004E-08	1.4483E-06	1.2312E-06
-2.1615E-08	-1.9277E-08	1.5938E-06	5.2474E-07
-4.1681E-08	-1.7330E-08	1.1007E-06	9.0256E-07
2.6851E-08	4.3316E-09	1.9866E-06	9.3919E-07
-5.4805E-08	-3.6467E-08	1.3287E-06	-1.2172E-08
2.2264E-08	2.3095E-08	8.7628E-07	8.5593E-07
-3.7505E-08	3.4672E-08	1.0845E-06	8.8368E-07
5.3406E-10	2.9441E-08	1.3793E-06	1.3451E-06
3.8937E-08	-2.2039E-09	1.3926E-06	3.6914E-07
1.7054E-08	3.2911E-08	1.6990E-07	1.6856E-06
9.8868E-09	4.5928E-08	2.2186E-06	2.3913E-06
4.9828E-08	2.5688E-08	2.2552E-06	1.0519E-06
2.5934E-08	-1.8701E-09	2.1345E-06	1.0922E-06
6.1557E-08	-1.2952E-08	1.7756E-06	9.8618E-07
-6.6354E-09	2.1705E-08	2.5536E-06	1.4706E-06
3.1605E-08	-1.1580E-08	2.6573E-06	-5.8261E-08
3.4158E-08	1.4255E-08	1.2446E-06	1.6927E-07
1.8747E-08	3.3769E-08	1.4802E-06	1.2010E-06
1.7981E-08	4.8084E-09	2.4530E-06	7.8069E-07
2.5800E-08	-1.2110E-08	1.4928E-06	-1.1568E-08
-6.6745E-09	-2.0123E-08	1.3635E-06	1.0583E-06
1.2589E-08	-3.3428E-09	1.6882E-06	7.9127E-07
-2.9762E-08	-1.8264E-09	1.8847E-06	1.0840E-06
2.7557E-08	-3.5666E-09	1.7345E-06	4.9582E-07
1.2332E-08	-1.6162E-08	1.9322E-06	1.3691E-06
3.4365E-08	5.5698E-09	2.5545E-06	-8.2035E-08
-1.9495E-08	3.9895E-08	8.9232E-07	1.1914E-07
5.1570E-09	9.8386E-09	1.2753E-06	1.0588E-06
2.6287E-08	-2.8042E-08	1.8312E-06	8.4743E-07
6.3359E-09	6.6463E-09	9.7197E-07	3.3128E-07
3.7759E-08	-2.1913E-08	1.2239E-06	2.1594E-06
4.6382E-08	-1.5104E-08	2.6210E-06	7.6613E-07
4.1020E-09	-1.2012E-08	1.4373E-06	1.0673E-06
4.8956E-08	-3.2034E-08	2.5367E-06	5.2267E-07
8.3667E-09	1.1271E-08	7.1357E-07	3.6713E-07
-1.1246E-08	4.7979E-09	1.6068E-06	1.9191E-06
-5.7187E-09	-1.5525E-08	2.5119E-06	1.0619E-06
6.7872E-08	-1.5198E-08	1.8265E-06	1.6022E-07
-6.0058E-09	1.5786E-08	1.0651E-06	1.3290E-06
-9.4049E-09	-5.9898E-09	2.3389E-06	1.1674E-06
-4.9530E-08	-7.1289E-09	1.4774E-06	9.4059E-07
-3.1016E-08	6.1287E-09	2.2574E-06	1.4491E-06
-2.4203E-08	-1.4406E-08	2.2403E-06	8.2333E-07
-2.1805E-08	-5.1638E-08	2.0208E-06	7.1400E-07
-3.0425E-08	-1.7358E-08	1.9249E-06	1.3826E-06
-3.2448E-08	-6.6796E-09	3.0493E-06	7.4299E-07
-1.7886E-08	-2.9389E-08	2.2543E-06	3.2385E-07
-4.3610E-08	-6.9257E-09	2.7970E-06	-3.7184E-07
-3.3384E-08	-2.5313E-08	4.8735E-07	-5.4633E-07
2.3246E-08	3.1798E-08	1.5217E-06	1.3795E-06
-2.4709E-08	2.2810E-08	1.6856E-06	6.0752E-08
4.1959E-08	2.0212E-08	1.1810E-06	5.9960E-07
4.8056E-10	-5.3558E-09	7.4812E-07	5.6567E-07
-3.4636E-09	-6.2597E-09	8.8369E-07	1.9410E-06
2.3648E-10	-2.6365E-08	2.0223E-06	1.8315E-06
-2.3249E-08	1.6752E-08	2.3955E-06	1.4513E-06
-3.1562E-08	1.2303E-08	2.5342E-06	9.7151E-07
-1.8163E-08	6.6710E-09	2.5328E-06	3.7645E-07
-4.7768E-09	1.7035E-08	1.5069E-06	2.2522E-07
-2.4981E-08	4.9406E-08	1.9378E-06	9.9479E-07
-1.8286E-08	-5.2960E-09	1.5485E-06	9.1123E-08
-3.0976E-09	-1.0300E-08	9.9717E-07	1.6888E-06
2.5899E-08	9.6777E-10	3.0061E-06	1.5514E-06
2.4004E-09	-1.6748E-08	2.6976E-06	-1.8412E-07
2.1827E-08	-7.2226E-09	1.3334E-06	-2.7723E-07
1.0022E-08	1.6564E-08	8.6386E-07	8.5123E-07
-4.4248E-08	-1.2074E-08	1.7149E-06	1.2488E-06
9.9616E-09	4.4925E-08	1.7160E-06	9.5592E-07
-3.7976E-09	-1.8349E-08	2.2726E-06	1.1600E-06
6.1956E-08	1.3571E-08	2.0286E-06	-7.7718E-08
1.7042E-08	5.1278E-08	1.0288E-06	1.0962E-06
1.3529E-08	-2.2475E-09	2.7151E-06	7.4803E-07
5.5821E-08	-4.7521E-08	8.4200E-07	-2.4839E-07
3.2967E-08	-4.6597E-08	1.4323E-06	2.0107E-06
-2.1821E-08	-4.7445E-09	2.5816E-06	2.0333E-07
-1.6172E-08	3.7661E-12	9.5965E-07	6.7463E-07
-2.0014E-08	-4.1296E-09	2.1372E-06	9.5257E-07
-2.2639E-08	3.1762E-08	1.2996E-06	6.0856E-07
4.9001E-08	7.9061E-09	2.5747E-06	1.1301E-06
-1.9874E-10	2.7676E-08	1.6977E-06	-1.0637E-06
1.2011E-08	-1.2935E-08	-2.6469E-08	6.4532E-07
-3.1343E-08	-1.2919E-08	9.6450E-07	1.3739E-06
-2.4812E-08	-1.0705E-08	1.3530E-06	1.7224E-06
-3.5789E-08	2.8011E-08	2.1886E-06	1.1501E-06
-1.9731E-08	6.7020E-09	1.8837E-06	6.5073E-07
-3.3370E-08	9.1080E-09	1.4383E-06	2.2903E-07
-3.9663E-10	-6.3535E-09	8.2533E-07	1.0131E-06
3.6845E-09	1.7521E-08	1.3202E-06	1.1315E-06
-3.8564E-08	5.1367E-09	1.3710E-06	1.7062E-06
9.8442E-09	-9.4801E-09	2.5167E-06	8.1801E-07
-1.6534E-08	-1.9104E-08	9.9568E-07	3.8642E-07
3.1413E-08	-2.2952E-08	1.6819E-06	1.3135E-06
-2.1349E-08	-9.2540E-09	1.3469E-06	3.1795E-07
-1.1059E-08	-2.4242E-09	9.6857E-07	1.3868E-06
1.2098E-09	-1.1434E-08	1.8886E-06	8.1635E-07
-4.4696E-09	-1.5458E-08	6.1122E-07	5.3170E-07
2.3711E-08	-9.1267E-09	9.1112E-07	1.7166E-06
6.5023E-09	3.2056E-08	1.0929E-06	1.5406E-06
7.8321E-09	2.8592E-08	2.0021E-06	2.2082E-06
2.1394E-08	-9.3543E-09	2.1716E-06	3.5685E-07
2.1078E-09	3.9509E-09	1.0536E-06	1.3137E-06
3.0492E-08	4.0778E-09	1.7845E-06	4.9845E-07
1.9584E-08	3.7775E-09	2.2245E-07	1.4660E-06
-3.4040E-08	-4.9783E-08	2.1087E-06	1.6466E-06
-3.6318E-09	1.7251E-08	7.9648E-07	8.0173E-07
4.6565E-08	2.2967E-08	1.1700E-06	1.7613E-06
-1.3251E-08	-1.8344E-08	8.1381E-07	1.8697E-06
4.2664E-09	1.3734E-08	2.2394E-06	2.5857E-06
3.1464E-08	-1.2177E-08	2.3892E-06	8.7501E-07
6.9731E-11	2.0556E-08	1.3552E-06	9.7920E-07
6.9869E-09	1.2769E-08	1.4172E-06	1.6182E-06
3.2970E-08	-3.4229E-08	1.9425E-06	1.0314E-06
1.2799E-08	-4.5835E-08	5.8991E-07	1.1379E-06
4.6041E-08	-2.1413E-08	1.4600E-06	2.4386E-06
3.5853E-08	-3.3069E-08	2.1149E-06	1.7596E-06
3.3419E-08	1.3384E-09	2.4185E-06	1.1517E-06
-3.0496E-08	-1.0538E-08	1.0947E-06	2.1991E-07
-2.5594E-08	2.9324E-08	2.6396E-07	2.1233E-06
2.8739E-08	-4.7938E-09	2.2474E-06	2.5084E-06
-2.8204E-09	6.2153E-09	1.8375E-06	6.8109E-07
3.1889E-08	3.1602E-08	5.6653E-07	2.2368E-06
-1.4853E-08	1.7768E-08	2.7315E-06	2.4056E-06
-9.1819E-09	5.3289E-08	2.1426E-06	8.3162E-07
-7.1762E-10	-3.6068E-09	1.4498E-06	1.0084E-06
-5.3653E-09	-3.8106E-08	9.2380E-07	1.6286E-06
1.4743E-08	-1.5641E-08	1.6012E-06	1.7989E-06
-1.5143E-08	2.3271E-08	9.3233E-07	2.0882E-06
-2.3964E-08	2.0850E-08	2.3156E-06	2.4318E-06
-2.6869E-08	8.7381E-09	1.3771E-06	1.6850E-06
-6.0191E-09	1.2472E-08	2.5303E-06	2.9741E-06
-1.3796E-08	-2.2058E-08	2.8247E-06	1.1751E-06
-2.6929E-09	2.1075E-08	2.4540E-06	1.4852E-06
-2.0844E-08	9.4861E-09	2.0428E-06	3.6030E-07
1.2489E-09	7.6912E-09	1.0258E-06	1.5083E-06
-2.6601E-08	3.0801E-08	1.6974E-06	1.5953E-06
6.6792E-09	1.6786E-08	1.3682E-06	1.8996E-06
2.6209E-08	-3.6536E-08	1.9804E-06	2.2809E-06
3.8183E-09	-2.6885E-08	2.6590E-06	1.9416E-06
-2.9845E-08	-1.9276E-08	2.7156E-06	1.0756E-06
5.1108E-08	1.3517E-08	2.1232E-06	2.2713E-07
-1.5121E-09	2.8349E-09	1.4766E-07	8.6733E-07
-8.2936E-09	-3.7719E-08	1.7615E-06	3.0282E-06
-4.4858E-09	-1.3628E-08	2.3759E-06	6.2189E-07
1.4932E-08	-1.3659E-08	8.5674E-07	1.8734E-06
9.8700E-11	1.0562E-08	2.2310E-06	1.3214E-06
-2.2313E-08	3.4044E-08	4.9144E-07	1.4809E-06
3.3333E-08	3.3161E-08	1.8335E-06	2.6539E-06
-6.2072E-09	1.6229E-08	2.0723E-06	1.5510E-06
3.1946E-08	4.2187E-08	1.5741E-06	1.0090E-06
-1.0950E-09	-5.3087E-09	-2.4049E-07	1.8099E-06
-3.3580E-08	2.7405E-10	1.4366E-06	4.3034E-06
2.7436E-08	3.0509E-09	3.2179E-06	2.3477E-06
2.6385E-08	4.7318E-08	1.8460E-06	1.9760E-06
1.9293E-08	-1.8670E-08	2.5110E-06	2.6003E-06
3.1308E-08	-5.8239E-09	2.6081E-06	1.6579E-06
2.6548E-08	6.0717E-09	2.0202E-06	2.1324E-06
-2.5562E-08	6.3281E-10	3.0458E-06	1.9015E-06
2.6974E-08	7.6672E-09	1.9305E-06	1.0498E-06
-6.0208E-08	5.0475E-09	2.1416E-06	2.3643E-06
1.9352E-08	-4.9112E-08	2.6583E-06	1.3012E-06
1.5416E-08	-6.0388E-09	2.0240E-06	1.8029E-06
7.6612E-09	-7.7428E-09	2.7395E-06	1.2432E-06
-1.5974E-08	-1.9545E-08	1.6378E-06	1.1037E-06
3.9562E-08	-3.2206E-08	2.0748E-06	1.7329E-06
4.3121E-09	-1.4613E-08	2.1013E-06	1.0178E-06
-2.6848E-09	-2.7100E-08	1.1797E-06	1.2232E-06
-5.9360E-09	7.1024E-09	1.6380E-06	2.0274E-06
-2.7310E-09	1.0979E-08	1.5331E-06	1.3189E-06
1.5428E-08	8.0320E-09	1.3782E-06	2.4427E-06
4.8715E-08	-1.4245E-09	2.1719E-06	1.2631E-06
1.2373E-08	1.8104E-08	3.5889E-07	2.1304E-06
-3.5067E-08	-3.1444E-09	2.2455E-06	2.9372E-06
-4.3773E-08	3.3829E-08	1.6280E-06	1.9497E-06
-4.8106E-08	1.2132E-08	2.1392E-06	2.6521E-06
-5.5573E-08	-9.3981E-09	1.8361E-06	2.0458E-06
-2.8190E-08	1.2494E-08	2.3509E-06	2.6156E-06
1.7219E-08	4.6149E-09	1.7142E-06	1.7280E-06
-4.5459E-09	4.6837E-09	2.1157E-06	3.6996E-06
4.1835E-09	1.4582E-08	3.9496E-06	1.5784E-06
-2.1134E-08	1.9039E-08	1.3241E-06	1.3234E-06
-9.2393E-09	4.5496E-09	2.6588E-06	3.0133E-06
4.3502E-08	-5.4927E-09	3.0393E-06	1.3080E-06
-3.1181E-08	-1.1154E-08	2.1392E-06	1.6230E-06
2.9881E-08	1.1805E-08	2.5112E-06	1.5308E-06
5.9676E-09	4.7748E-08	2.0056E-06	1.1789E-06
-2.4565E-08	-2.3288E-08	1.5939E-06	1.6287E-06
-5.6773E-09	4.5982E-08	1.9615E-06	1.7540E-06
2.4654E-08	-3.0939E-09	1.4248E-06	1.4249E-06
-2.3574E-08	2.8275E-08	1.0948E-06	2.1974E-06
3.3925E-08	1.4309E-08	1.3100E-06	2.9389E-06
-4.6509E-08	3.9983E-08	2.9038E-06	3.0270E-06
-6.5071E-08	-1.2065E-08	2.0592E-06	1.1381E-06
-4.4413E-08	-9.5208E-09	1.2265E-06	3.1937E-06
2.3945E-08	5.8414E-09	3.0540E-06	2.6025E-06
4.0570E-09	-3.1506E-08	2.3005E-06	2.2130E-06
-1.8830E-09	-6.0311E-08	2.7113E-06	2.1192E-06
1.1190E-08	-4.5470E-08	2.5507E-06	2.0683E-06
-1.0385E-08	3.7184E-08	2.6870E-06	1.1118E-06
3.3778E-09	-2.7692E-08	1.0282E-06	1.5044E-06
-1.2650E-08	-3.5990E-08	1.4787E-06	2.5697E-06
2.3186E-08	-1.2306E-08	1.7885E-06	3.1159E-06
3.3548E-08	1.2072E-08	3.2378E-06	2.7204E-06
4.2871E-08	2.1830E-08	2.5262E-06	1.3088E-06
6.7362E-09	4.5908E-08	1.5109E-06	1.9081E-06
-2.8665E-08	3.2069E-08	2.0210E-06	2.4647E-06
2.0071E-08	-4.1326E-08	1.4236E-06	1.8361E-06
-2.7130E-08	-1.5090E-08	1.1672E-06	3.8432E-06
-1.8407E-08	8.8599E-09	3.1045E-06	3.4062E-06
-1.5148E-08	-2.5567E-08	2.9719E-06	3.0467E-06
2.5024E-08	1.9792E-08	3.3173E-06	1.9828E-06
-1.8131E-08	-1.1339E-08	2.2046E-06	2.8086E-06
-1.0362E-08	-3.3223E-08	3.8991E-06	2.3070E-06
-2.3679E-08	-2.8695E-08	2.5040E-06	1.5620E-06
-1.5659E-08	-7.4154E-09	2.5933E-06	1.7818E-06
-2.9797E-09	-7.2806E-09	1.8522E-06	2.7904E-06
-3.3476E-08	-1.8680E-08	3.9847E-06	2.1739E-06
-2.8207E-09	-4.7651E-08	1.5671E-06	1.3866E-06
-1.2211E-08	-7.3733E-09	3.2192E-06	3.2910E-06
1.3759E-08	4.5084E-08	3.3103E-06	1.1004E-06
-5.0589E-08	-1.1273E-08	2.1665E-06	1.3499E-06
-4.1369E-09	-1.8881E-08	1.6561E-06	2.3517E-06
1.2782E-09	2.5483E-08	3.3300E-06	2.2584E-06
5.5593E-09	-7.5133E-09	1.5335E-06	1.3502E-06
3.8438E-09	-1.4185E-08	2.7224E-06	3.2714E-06
-8.6725E-10	-8.1862E-09	2.8037E-06	1.2595E-06
-1.9287E-08	3.8484E-08	2.0366E-06	2.5265E-06
-1.7709E-08	3.3957E-09	2.9899E-06	1.8959E-06
-2.1720E-08	6.0751E-09	1.9369E-06	1.6555E-06
-3.3258E-08	-1.8762E-09	2.1476E-06	2.8695E-06
1.0130E-08	-4.2069E-08	3.3029E-06	1.8300E-06
-2.5246E-08	2.8533E-08	1.6396E-06	1.7763E-06
2.2121E-08	1.1644E-08	2.8429E-06	2.3607E-06
2.3128E-08	-1.5683E-08	1.5201E-06	1.7320E-06
5.6289E-09	-2.6686E-08	2.7485E-06	3.0397E-06
-5.0569E-08	2.7304E-08	1.9408E-06	1.4363E-06
-1.6260E-09	-4.3561E-08	1.9087E-06	3.5461E-06
-1.7500E-08	-3.6218E-09	3.2559E-06	2.6368E-06
9.9828E-09	1.1595E-08	3.0760E-06	1.9862E-06
3.1803E-08	-1.6095E-08	1.7584E-06	1.9205E-06
1.0003E-08	-2.0382E-08	3.0327E-06	3.4388E-06
-1.3133E-08	1.2219E-08	3.0574E-06	1.4773E-06
-1.3210E-08	-2.5355E-08	2.6666E-06	2.6156E-06
-1.2959E-08	-7.8270E-09	2.8122E-06	1.2588E-06
-3.4861E-08	2.4294E-08	1.8909E-06	2.5934E-06
-3.4784E-08	4.0851E-08	2.8292E-06	2.1002E-06
2.6150E-08	3.2380E-08	2.4514E-06	2.6397E-06
-1.0830E-08	-9.6712E-09	3.2689E-06	1.6306E-06
1.9727E-08	-4.7748E-09	1.6629E-06	1.6707E-06
-4.0424E-08	-5.6608E-09	1.8649E-06	2.8093E-06
-1.0864E-08	1.4647E-08	2.9067E-06	3.4488E-06
-5.5564E-09	1.9780E-08	4.0088E-06	1.7947E-06
-1.6674E-09	2.0005E-08	2.0972E-06	1.1484E-06
1.2277E-08	1.6593E-08	1.9880E-06	2.5996E-06
-4.8395E-08	1.1742E-08	2.9884E-06	2.5543E-06
-1.5528E-08	-4.6054E-08	2.7191E-06	1.7853E-06
1.5019E-08	8.9460E-09	2.6648E-06	2.5203E-06
-4.5382E-08	-7.8531E-09	3.5062E-06	1.1012E-06
-1.2586E-08	-2.9175E-08	6.9111E-07	1.0789E-06
-1.4356E-08	-3.6039E-08	2.2386E-06	4.0810E-06
1.4961E-10	-1.8531E-08	3.8735E-06	1.1700E-06
2.8211E-08	-3.5065E-08	1.0031E-06	1.5579E-06
-3.4062E-08	2.1361E-08	2.4623E-06	2.7551E-06
-1.3606E-08	-4.1097E-08	1.7833E-06	1.9063E-06
-3.1595E-08	1.9925E-08	2.0575E-06	3.0447E-06
-2.0783E-08	-2.3658E-09	2.5000E-06	2.7457E-06
3.0972E-08	-2.0895E-08	3.0398E-06	2.6923E-06
-2.0406E-08	3.3058E-08	2.9420E-06	1.9843E-06
-1.0399E-08	-8.6181E-09	2.8774E-06	1.4020E-06
3.6868E-08	-1.9324E-09	1.1090E-06	1.4576E-06
-5.0190E-09	3.1643E-08	2.0316E-06	3.1244E-06
1.3709E-08	4.7187E-08	2.0998E-06	2.1365E-06
3.0446E-08	3.2592E-08	2.4695E-06	2.9259E-06
-1.2047E-09	3.8427E-09	2.2410E-06	1.6515E-06
2.8095E-08	1.7416E-08	1.8941E-06	2.7701E-06
1.2380E-08	6.2332E-10	1.8948E-06	1.9229E-06
5.8066E-09	-1.0689E-08	1.6718E-06	3.6377E-06
-2.2510E-08	3.5696E-09	3.2877E-06	2.1273E-06
1.8393E-10	1.6903E-08	1.2067E-06	2.0308E-06
2.0354E-08	1.4959E-08	1.7835E-06	3.1747E-06
-1.9804E-08	-1.3044E-09	2.1714E-06	3.2252E-06
3.7644E-09	-1.7423E-09	2.5043E-06	2.5474E-06
-6.8640E-09	-1.7992E-08	1.4276E-06	3.0477E-06
2.5436E-08	3.5404E-08	2.6870E-06	3.7196E-06
-2.4267E-08	1.7696E-08	2.5033E-06	2.9279E-06
-1.9016E-08	6.2063E-09	2.9972E-06	3.5921E-06
-6.3954E-09	-1.5268E-08	3.4856E-06	2.2395E-06
2.0776E-08	-1.0083E-08	2.4539E-06	2.2485E-06
1.8734E-09	7.7059E-09	2.7073E-06	2.1085E-06
-5.3429E-08	-4.5592E-09	1.7303E-06	2.1214E-06
-9.0553E-09	7.3903E-09	2.0030E-06	2.7176E-06
1.5918E-08	2.1468E-08	1.6540E-06	2.9014E-06
3.8402E-08	-1.6289E-08	2.6728E-06	3.2812E-06
-3.1755E-08	2.2236E-09	2.0837E-06	2.1880E-06
3.2061E-08	-1.0877E-09	1.7754E-06	3.2084E-06
3.2796E-08	1.3607E-08	2.0692E-06	3.2095E-06
-4.7549E-08	-1.2583E-08	2.8781E-06	3.3497E-06
2.9673E-08	-2.1048E-08	2.0836E-06	1.9128E-06
9.8033E-09	-1.0069E-08	1.4434E-06	3.7362E-06
-2.6108E-08	-5.5280E-09	2.7788E-06	3.0205E-06
-9.1037E-09	-6.1068E-09	1.8429E-06	2.9875E-06
-2.9211E-08	-1.0262E-08	2.1024E-06	2.9809E-06
-1.5009E-08	-3.0050E-09	1.4041E-06	3.5018E-06
-9.8762E-09	-2.2258E-09	2.3023E-06	3.9851E-06
-7.3366E-08	-1.2943E-08	2.3688E-06	3.5773E-06
-6.1380E-09	4.1427E-08	2.2737E-06	3.4292E-06
-1.0289E-08	-1.6248E-09	1.6857E-06	4.0487E-06
1.0880E-09	2.4659E-08	3.0565E-06	4.9197E-06
-2.2634E-08	2.8776E-08	3.6876E-06	3.3939E-06
-1.2942E-08	-1.5234E-08	2.7615E-06	3.5325E-06
7.5668E-09	3.2861E-08	3.6432E-06	3.4922E-06
1.6038E-08	-2.3834E-09	2.9602E-06	2.6476E-06
1.0552E-08	-3.3990E-09	2.9015E-06	3.0855E-06
3.8491E-08	3.1494E-08	2.5604E-06	2.4732E-06
1.8125E-08	1.3231E-08	1.7985E-06	3.0482E-06
-1.3947E-08	-3.0135E-08	1.7978E-06	3.9877E-06
4.6501E-09	-1.9503E-08	3.1936E-06	4.3327E-06
-4.4442E-09	4.8736E-09	3.0154E-06	2.9367E-06
2.2258E-08	-3.6165E-08	2.4979E-06	3.6470E-06
3.5434E-08	-2.3609E-08	2.9356E-06	3.2278E-06
1.1774E-08	7.0722E-09	2.3576E-06	3.1962E-06
6.1947E-08	-2.8443E-08	1.9749E-06	3.4398E-06
8.0092E-09	1.7157E-08	1.8448E-06	4.4909E-06
1.3326E-08	-3.1265E-08	3.1277E-06	5.2905E-06
-1.2515E-08	-9.9516E-09	4.7124E-06	3.8911E-06
-1.3009E-08	1.1637E-08	3.0359E-06	2.6852E-06
-1.9402E-08	-2.8814E-09	3.7268E-06	3.7531E-06
-7.7121E-09	-2.9264E-08	2.6695E-06	1.7274E-06
-3.6293E-08	5.1610E-09	1.9373E-06	4.6147E-06
9.3729E-09	-1.8004E-08	4.0168E-06	2.5847E-06
1.4579E-08	1.7296E-08	8.9468E-07	3.3557E-06
2.6885E-08	1.5780E-08	3.5693E-06	4.8984E-06
-1.7041E-08	-7.7165E-09	2.9431E-06	2.8085E-06
1.6321E-08	3.1172E-08	2.6104E-06	4.1372E-06
2.5960E-08	-6.5042E-08	3.3727E-06	3.3398E-06
6.8276E-09	3.7908E-09	2.4132E-06	3.1111E-06
1.2691E-09	-1.7175E-08	2.0953E-06	3.7831E-06
2.6274E-08	-2.3302E-08	2.4749E-06	4.5156E-06
7.3832E-09	-1.3988E-08	3.3412E-06	4.0959E-06
1.4216E-08	-1.3093E-08	2.6188E-06	3.8301E-06
2.7935E-08	-1.9030E-08	3.3290E-06	4.3488E-06
-2.0617E-10	-1.9772E-08	2.7708E-06	3.5329E-06
-1.8286E-08	3.1560E-08	3.3461E-06	4.9285E-06
-7.4929E-09	2.0870E-08	4.1082E-06	2.7236E-06
6.0588E-09	5.6903E-09	1.7666E-06	3.3662E-06
-1.0187E-08	-4.0057E-08	2.8661E-06	4.5052E-06
1.7074E-08	5.6806E-08	3.0624E-06	3.9826E-06
5.6475E-08	2.0117E-08	2.7003E-06	3.9455E-06
3.8607E-08	4.3115E-08	2.9756E-06	4.8930E-06
3.4299E-09	-7.9629E-09	3.9271E-06	3.9238E-06
3.0996E-08	1.9371E-08	3.0291E-06	4.0936E-06
-3.0240E-08	2.9057E-08	4.1646E-06	3.7029E-06
-1.9003E-08	-3.1153E-08	2.6006E-06	2.7998E-06
-1.8654E-08	-3.0999E-09	2.4500E-06	4.1587E-06
-1.5755E-08	-3.0128E-08	2.7210E-06	4.1039E-06
-9.8827E-09	6.5236E-09	3.0223E-06	4.5838E-06
1.4187E-08	-2.5759E-09	3.6295E-06	3.8135E-06
6.8591E-09	-3.6143E-09	2.4097E-06	3.2977E-06
-3.7664E-08	2.2959E-10	2.0912E-06	4.6803E-06
-1.8198E-08	-3.2378E-08	2.9169E-06	4.6513E-06
4.2349E-08	-4.3717E-09	2.6192E-06	4.6765E-06
-4.5264E-08	1.3790E-08	2.6562E-06	5.0817E-06
-4.1718E-09	5.3054E-09	3.2820E-06	5.9281E-06
-1.0358E-08	3.2134E-09	4.5275E-06	5.0852E-06
1.7658E-08	1.3155E-08	4.1067E-06	4.6118E-06
4.1008E-08	-3.4192E-08	4.4277E-06	4.0592E-06
-1.4341E-08	-2.5350E-08	3.5787E-06	3.9869E-06
3.0091E-08	-1.7217E-08	4.0266E-06	3.8079E-06
2.8185E-08	-7.0172E-09	2.7271E-06	3.7616E-06
-1.3359E-08	7.3642E-09	3.4977E-06	4.6889E-06
1.3567E-08	5.1535E-09	2.8639E-06	4.1124E-06
-2.9470E-08	1.3994E-08	3.5225E-06	5.7282E-06
1.9662E-08	-1.9207E-08	4.6288E-06	4.2621E-06
4.4083E-08	2.6034E-09	3.7238E-06	4.3965E-06
-2.0293E-09	2.7115E-08	4.6993E-06	3.9514E-06
-1.4111E-08	-6.6103E-09	3.2331E-06	2.9286E-06
2.9549E-08	-5.1073E-10	2.7440E-06	4.4848E-06
3.5648E-08	3.1368E-08	3.4791E-06	4.3415E-06
-1.1914E-08	7.9319E-10	3.1623E-06	4.8331E-06
1.7589E-08	5.0470E-08	4.4866E-06	4.8006E-06
-1.5074E-08	5.1321E-08	4.2796E-06	3.4794E-06
-3.5145E-09	3.0619E-09	3.4330E-06	3.2052E-06
-1.1144E-08	1.0119E-08	2.6704E-06	3.6451E-06
-1.4334E-08	7.2722E-09	2.6935E-06	4.1277E-06
1.9495E-08	-3.3980E-08	2.7812E-06	4.7710E-06
1.4602E-08	-2.3987E-08	3.8527E-06	3.8883E-06
-5.2272E-09	4.9980E-09	1.2965E-06	3.3377E-06
-2.5847E-08	2.1888E-08	1.8384E-06	6.5809E-06
4.9492E-09	-4.3301E-08	4.0494E-06	5.6239E-06
-9.8415E-09	-3.0712E-08	3.7581E-06	4.7183E-06
1.6452E-08	-2.3494E-08	3.1531E-06	4.2139E-06
1.2317E-08	2.6858E-08	2.4347E-06	4.8417E-06
1.1011E-08	2.3820E-10	2.4988E-06	5.7669E-06
-6.2968E-09	-3.8301E-08	4.1589E-06	5.9965E-06
1.1199E-09	4.4647E-08	3.3428E-06	3.9830E-06
1.2220E-09	-1.0400E-08	2.4934E-06	5.9671E-06
2.3523E-09	-5.7460E-09	3.5927E-06	4.9203E-06
2.6294E-09	4.8826E-09	2.0046E-06	6.3567E-06
-6.8645E-09	-2.6818E-08	4.7491E-06	6.6225E-06
2.0572E-08	1.1362E-08	3.6578E-06	5.1585E-06
7.6872E-10	5.8003E-09	4.1340E-06	6.1362E-06
1.7541E-09	3.2351E-08	4.3281E-06	5.2329E-06
1.2348E-08	9.8221E-09	4.0493E-06	5.0702E-06
-7.3485E-09	-1.4133E-08	3.5148E-06	5.2541E-06
-3.5090E-08	9.0584E-09	4.0279E-06	5.2968E-06
1.3204E-09	4.0767E-08	3.0007E-06	5.2622E-06
1.7682E-08	-1.5779E-08	4.1120E-06	6.3509E-06
2.8364E-08	3.6170E-08	3.9602E-06	4.9477E-06
-2.6357E-08	3.6753E-09	3.6906E-06	6.0833E-06
2.6651E-08	-5.0476E-09	4.5094E-06	4.9497E-06
7.8183E-08	-3.2263E-10	2.9041E-06	4.9005E-06
1.2691E-08	2.9280E-08	2.9191E-06	6.0449E-06
-2.4848E-08	7.9062E-09	3.2756E-06	6.5170E-06
-1.2220E-08	2.2871E-08	4.0178E-06	6.8096E-06
1.3436E-08	4.0536E-09	4.4307E-06	6.1816E-06
-3.1692E-08	4.5973E-08	4.1144E-06	6.3244E-06
8.2751E-09	-3.3002E-08	4.8837E-06	6.1675E-06
1.3811E-08	-2.4170E-08	4.4089E-06	5.5272E-06
-4.5935E-09	2.8228E-08	4.4208E-06	5.6059E-06
1.6639E-08	4.4441E-08	3.7395E-06	5.5369E-06
-3.0134E-08	-2.8808E-08	4.4471E-06	6.0801E-06
-2.3440E-08	1.8752E-08	3.7572E-06	4.9595E-06
-1.5525E-09	-1.9458E-08	3.4109E-06	6.3545E-06
2.2787E-08	-1.4567E-08	3.8864E-06	5.6779E-06
-3.4879E-09	7.1729E-09	3.3009E-06	6.4364E-06
2.9396E-08	9.5401E-09	3.8799E-06	6.0331E-06
-2.7918E-09	1.4070E-08	2.8825E-06	6.3632E-06
1.5546E-08	-8.0200E-09	2.8648E-06	7.3072E-06
1.1641E-08	-5.3789E-08	4.1592E-06	8.8427E-06
5.1634E-09	-2.7150E-08	6.1526E-06	6.4278E-06
4.8345E-09	-2.8577E-08	3.1075E-06	5.9772E-06
-6.9455E-10	-1.6714E-08	4.3994E-06	8.0399E-06
7.8774E-09	-1.3979E-08	4.6765E-06	6.6759E-06
-2.6036E-08	1.1738E-08	4.3865E-06	7.2526E-06
6.0432E-10	3.3884E-08	4.5450E-06	6.9703E-06
2.7534E-08	-4.3426E-09	4.4665E-06	7.3053E-06
5.2935E-08	7.0573E-09	4.7252E-06	7.3810E-06
-9.7918E-09	-9.7807E-09	5.2369E-06	6.9592E-06
-3.7897E-08	-2.5104E-09	3.8253E-06	6.5111E-06
-2.0013E-09	9.3981E-10	4.4027E-06	8.7261E-06
1.6374E-08	-3.9384E-09	5.9800E-06	7.1531E-06
-1.2563E-08	-4.4675E-09	4.5918E-06	7.1560E-06
1.6054E-08	1.0842E-08	5.5159E-06	7.5602E-06
2.5635E-08	-1.1021E-08	5.5696E-06	6.7555E-06
1.4834E-08	2.0460E-08	4.8052E-06	6.0358E-06
-9.9957E-10	1.7060E-08	3.6656E-06	7.3668E-06
2.4751E-08	2.2795E-08	5.1900E-06	7.8089E-06
2.9197E-09	-1.5453E-08	4.9904E-06	7.1973E-06
1.9802E-08	-4.6498E-09	5.4508E-06	6.3870E-06
6.5702E-08	3.0579E-09	2.6816E-06	6.0114E-06
5.9159E-08	2.2491E-08	3.2709E-06	9.2806E-06
-1.3089E-08	3.0593E-08	4.8766E-06	8.2986E-06
1.3665E-08	-2.6147E-09	4.6837E-06	8.4790E-06
-1.5952E-08	-1.3537E-08	4.9664E-06	7.5816E-06
-9.8758E-09	8.4515E-09	3.7818E-06	8.1349E-06
-3.7909E-08	-1.9990E-08	4.5126E-06	8.6279E-06
2.2461E-08	9.0158E-09	3.9475E-06	8.3759E-06
2.7547E-08	-3.5684E-08	3.9240E-06	9.6411E-06
1.6871E-08	1.3057E-09	5.0976E-06	9.6355E-06
-2.6858E-08	1.9364E-08	4.7842E-06	9.3041E-06
-1.4997E-08	2.8307E-08	5.5002E-06	9.6697E-06
3.1969E-08	-2.7116E-08	4.9995E-06	8.4145E-06
3.1350E-08	1.0164E-08	4.0275E-06	9.8557E-06
3.6607E-09	-4.6425E-08	5.2093E-06	1.0079E-05
-4.0233E-08	3.4279E-08	4.9124E-06	9.8541E-06
-3.1732E-08	-5.7772E-09	4.8045E-06	1.0116E-05
2.0500E-08	-4.3655E-09	4.8521E-06	1.0915E-05
3.1311E-08	-2.4818E-09	5.6940E-06	1.0743E-05
-8.5916E-10	3.1940E-08	5.2213E-06	1.0750E-05
-1.5131E-08	-5.6350E-09	5.5814E-06	1.1102E-05
-1.8935E-08	-1.8881E-08	5.4862E-06	1.1424E-05
2.2445E-08	-3.5584E-08	6.3294E-06	1.1445E-05
2.8520E-08	-1.6145E-09	5.5945E-06	1.1007E-05
9.1902E-09	2.5098E-08	5.5830E-06	1.2145E-05
5.3586E-08	-1.3597E-08	6.2055E-06	1.2556E-05
-5.5601E-09	-2.5444E-08	7.2076E-06	1.2413E-05
-5.1069E-10	2.3031E-08	6.7447E-06	1.1505E-05
-5.4008E-09	-3.6797E-08	6.3324E-06	1.2088E-05
3.9149E-09	1.5179E-08	5.8249E-06	1.2310E-05
-1.4639E-08	1.3359E-08	6.1922E-06	1.3944E-05
2.6440E-10	3.0081E-08	7.2924E-06	1.3321E-05
4.5853E-08	2.2636E-08	6.2356E-06	1.3627E-05
-2.3772E-09	1.9243E-08	6.7247E-06	1.5097E-05
-6.4608E-08	-4.9940E-08	7.9355E-06	1.5452E-05
-6.0986E-09	1.4817E-08	8.1468E-06	1.5190E-05
2.7695E-08	2.8969E-08	8.5668E-06	1.6141E-05
5.4313E-08	-1.0174E-08	9.6393E-06	1.5840E-05
6.4055E-10	-1.7209E-08	9.5532E-06	1.5989E-05
1.9127E-08	5.7910E-10	1.0291E-05	1.6417E-05
4.3074E-08	2.1776E-08	1.1082E-05	1.6130E-05
4.3858E-09	-2.0087E-08	1.0499E-05	1.5724E-05
1.8047E-08	4.8353E-09	1.0911E-05	1.7273E-05
3.6785E-08	-4.0549E-08	1.1679E-05	1.6538E-05
-3.2220E-08	-2.9024E-08	1.1474E-05	1.8042E-05
-8.2446E-10	-2.5705E-08	1.3004E-05	1.7231E-05
2.2856E-08	-3.1044E-08	1.1424E-05	1.8590E-05
8.3498E-09	7.8328E-09	1.3809E-05	1.9789E-05
-1.2075E-08	-1.0202E-08	1.3315E-05	2.0751E-05
4.4840E-09	-4.4927E-08	1.7155E-05	2.2618E-05
-2.7669E-08	-2.1051E-08	1.8056E-05	2.0926E-05
1.4640E-08	-5.7847E-09	1.9705E-05	2.2491E-05
-2.9481E-09	3.0652E-08	2.1573E-05	2.2462E-05
1.4947E-08	-2.0750E-08	2.5905E-05	2.3987E-05
3.0891E-08	-4.0567E-09	3.0771E-05	1.9834E-05
8.4442E-09	2.3889E-08	3.1385E-05	1.6365E-05
-1.3627E-08	-2.2415E-08	3.3047E-05	1.3867E-05
3.4232E-09	9.2511E-09	3.4074E-05	9.2066E-06
5.3581E-08	1.7965E-08	3.1610E-05	5.7557E-06
3.0156E-09	6.0301E-09	3.1311E-05	4.4062E-06
3.6281E-08	1.4103E-08	2.9493E-05	9.0947E-07
-3.9110E-09	-2.7742E-08	2.7564E-05	1.3761E-07
-1.4397E-08	5.2605E-09	2.5621E-05	-2.3122E-06
-1.0409E-08	6.6964E-09	2.2520E-05	-2.7625E-06
-3.8621E-08	7.0003E-09	1.8957E-05	-3.0091E-06
-1.9540E-08	6.3837E-09	1.6869E-05	8.0188E-07
1.0847E-08	-5.5598E-09	1.8410E-05	8.1727E-07
-2.9324E-08	3.3919E-08	1.5871E-05	8.5810E-07
-2.7871E-08	-1.5650E-08	1.5398E-05	3.1442E-06
-1.8334E-08	9.8521E-09	1.5689E-05	4.2634E-06
-1.6335E-08	9.7167E-09	1.5573E-05	4.9990E-06
2.7282E-08	3.3828E-08	1.5836E-05	7.0971E-06
-9.9702E-10	-1.7948E-08	1.7918E-05	7.4723E-06
1.9950E-08	2.8403E-08	1.8296E-05	7.7188E-06
-3.3460E-08	2.0111E-08	2.0379E-05	7.4832E-06
2.4015E-09	2.3830E-08	1.9824E-05	6.2465E-06
3.2934E-08	2.7040E-08	2.0809E-05	7.2062E-06
-1.8155E-08	4.1794E-08	2.1365E-05	5.4731E-06
-4.8583E-08	-3.2049E-09	2.0940E-05	6.0008E-06
1.0864E-08	4.6055E-09	2.1861E-05	5.0403E-06
2.7947E-08	7.9381E-09	2.0905E-05	4.9504E-06
-6.6859E-09	-1.0578E-08	2.1282E-05	5.2009E-06
-6.3363E-09	-1.7822E-08	2.1224E-05	6.0763E-06
-4.0474E-09	-1.9083E-08	2.3538E-05	6.3201E-06
1.5166E-08	-1.0337E-08	2.4519E-05	4.8227E-06
2.9199E-08	7.9804E-09	2.5413E-05	3.1491E-06
2.2338E-08	-1.1025E-08	2.4270E-05	1.3095E-06
-2.0395E-09	2.7010E-08	2.3548E-05	9.2153E-07
1.8143E-08	-3.6750E-09	2.2206E-05	1.0202E-06
6.0571E-08	-1.8011E-08	2.3392E-05	1.9841E-06
-7.4574E-09	-1.2825E-08	2.3702E-05	1.2823E-07
1.4881E-08	2.0724E-08	2.3289E-05	-4.1433E-07
2.1123E-09	-1.4775E-08	2.2125E-05	-2.0082E-06
-2.0676E-08	-1.4043E-08	2.0058E-05	-1.1163E-06
-3.7043E-08	2.7688E-08	1.9861E-05	2.4745E-07
-3.4600E-09	2.5619E-08	2.0663E-05	8.5255E-07
3.1238E-08	-1.7399E-08	2.0311E-05	4.7361E-07
1.4409E-08	1.0980E-08	2.0561E-05	1.8280E-06
-3.1455E-08	2.2240E-08	2.1370E-05	1.3753E-06
-6.8549E-09	1.0817E-08	2.1322E-05	2.2752E-06
-9.1929E-09	2.5735E-09	2.3179E-05	2.4862E-06
-2.1264E-08	4.3813E-08	2.4516E-05	1.4076E-06
5.3252E-09	-4.1436E-08	2.4929E-05	-3.4982E-07
-5.2265E-09	3.6206E-08	2.4649E-05	-1.4668E-06
-2.1468E-08	-5.8968E-09	2.3870E-05	-3.1069E-06
1.9946E-08	1.0373E-08	2.1904E-05	-2.9272E-06
7.9493E-09	-2.3371E-08	2.1805E-05	-2.0638E-06
-4.8924E-10	3.1155E-08	2.1681E-05	-1.9980E-06
-2.4692E-08	-4.9467E-09	2.1581E-05	-1.6176E-06
1.1693E-08	7.5966E-09	2.1861E-05	-1.3976E-06
3.1097E-09	3.2333E-08	2.1923E-05	-1.5253E-06
-2.4659E-08	-1.9980E-08	2.1823E-05	-1.1159E-06
8.9279E-09	1.2440E-08	2.2667E-05	-9.0193E-07
1.3417E-08	3.8253E-08	2.2530E-05	-1.8755E-06
2.1233E-08	-1.0419E-08	2.1574E-05	-6.4218E-07
-1.7811E-08	-1.3195E-08	2.3229E-05	2.2668E-07
5.3659E-08	1.2200E-08	2.3586E-05	2.6031E-07
9.6459E-09	-1.1471E-08	2.5910E-05	7.8070E-07
-2.6207E-08	-2.1445E-08	2.6605E-05	-1.5532E-06
5.8403E-09	4.5146E-08	2.6188E-05	-1.0713E-06
-4.7377E-10	2.4829E-08	2.7838E-05	-1.3572E-06
-3.1425E-08	2.1806E-08	2.8587E-05	-2.3061E-06
-6.1943E-08	1.2640E-10	2.9465E-05	-3.0066E-06
-2.3706E-08	-2.2663E-09	3.0404E-05	-4.0140E-06
-8.1401E-09	-4.8838E-08	3.1479E-05	-4.9243E-06
8.3744E-09	-2.4997E-08	3.3039E-05	-6.9811E-06
-1.0641E-08	-3.2824E-08	3.3443E-05	-9.2234E-06
1.3753E-08	2.2911E-09	3.4544E-05	-1.2584E-05
-4.8562E-08	-1.4438E-09	3.2398E-05	-1.6667E-05
-3.2767E-08	3.5215E-08	3.0016E-05	-1.9303E-05
-1.2331E-08	7.7662E-09	2.4742E-05	-2.0463E-05
-6.1934E-09	-2.6134E-08	2.3510E-05	-1.7832E-05
9.2494E-09	-3.0957E-08	2.1772E-05	-1.9434E-05
-8.0675E-09	-6.3787E-09	1.9027E-05	-1.6606E-05
-2.8429E-09	8.6584E-09	1.9742E-05	-1.5367E-05
3.0157E-08	1.5305E-09	1.9697E-05	-1.4697E-05
8.1523E-09	1.4602E-08	1.9195E-05	-1.4549E-05
-1.0987E-08	1.3192E-08	1.9697E-05	-1.2338E-05
3.8426E-08	-1.7490E-08	2.1885E-05	-1.3227E-05
-5.8725E-09	4.3401E-08	2.1855E-05	-1.3923E-05
3.5972E-08	-7.0130E-09	2.2356E-05	-1.4681E-05
-3.3756E-08	9.0671E-09	2.2891E-05	-1.4912E-05
-1.4510E-08	-1.7209E-08	2.4105E-05	-1.6980E-05
-1.0752E-08	1.5373E-08	2.3513E-05	-1.9240E-05
1.4151E-09	2.3800E-08	2.2098E-05	-2.1644E-05
-3.8714E-08	4.3957E-08	1.9627E-05	-2.2326E-05
-2.0450E-08	1.3172E-09	1.8125E-05	-2.2682E-05
1.1004E-08	-2.4261E-08	1.6533E-05	-2.2529E-05
1.2214E-08	-6.4298E-09	1.5738E-05	-2.2648E-05
1.7974E-08	4.8760E-08	1.4443E-05	-2.3584E-05
9.4097E-09	-2.7168E-09	1.1133E-05	-2.3331E-05
-1.6704E-08	-6.9598E-09	1.0800E-05	-2.0562E-05
2.6534E-09	1.9286E-08	1.0820E-05	-2.1541E-05
-2.2055E-08	-1.6926E-08	9.1216E-06	-2.0672E-05
-2.8614E-08	-1.5606E-08	8.1821E-06	-2.0307E-05
5.3978E-09	-5.4328E-08	7.5056E-06	-1.8552E-05
1.5730E-08	-1.8219E-08	7.2292E-06	-1.8688E-05
2.8307E-08	1.3208E-08	6.5299E-06	-1.6729E-05
-1.8605E-08	-2.0195E-08	7.0797E-06	-1.7237E-05
8.4694E-09	3.0604E-08	5.6209E-06	-1.5770E-05
-1.5371E-08	-4.5844E-08	6.1590E-06	-1.5175E-05
-2.1263E-08	-9.3858E-09	6.1222E-06	-1.3197E-05
3.0824E-09	-3.1743E-08	8.1689E-06	-1.4501E-05
-9.6550E-09	2.9588E-08	5.6571E-06	-1.3837E-05
1.9364E-08	6.0866E-09	8.3647E-06	-1.2616E-05
5.1509E-09	-3.7283E-08	7.3512E-06	-1.4893E-05
1.2555E-09	-1.7844E-08	6.4492E-06	-1.3429E-05
-1.3422E-08	2.4957E-08	7.0797E-06	-1.3411E-05
-4.1555E-08	-1.6588E-08	6.4246E-06	-1.4045E-05
4.1335E-08	1.5193E-09	5.1353E-06	-1.2939E-05
-8.8861E-09	2.4129E-08	5.6589E-06	-1.1895E-05
1.6934E-08	1.6159E-08	5.8888E-06	-1.1218E-05
-7.9919E-09	-2.7623E-08	6.8238E-06	-1.1488E-05
1.8677E-08	3.3302E-09	5.9898E-06	-1.1629E-05
2.4238E-08	1.9564E-08	6.2444E-06	-1.1101E-05
-3.9094E-09	-1.9716E-08	5.7707E-06	-1.1092E-05
-1.9142E-08	-2.8659E-08	5.4755E-06	-1.0179E-05
-9.9649E-09	9.3057E-09	6.2270E-06	-9.1287E-06
-1.1334E-08	6.6510E-09	6.7332E-06	-1.0022E-05
-1.7385E-08	3.8482E-09	5.4010E-06	-8.6373E-06
4.2845E-08	-1.9290E-08	7.6167E-06	-7.2616E-06
1.9693E-08	1.8159E-08	8.6096E-06	-8.2116E-06
-2.4103E-08	-1.3534E-08	8.8341E-06	-8.6614E-06
1.4759E-08	2.8165E-08	9.2872E-06	-8.2037E-06
-4.8780E-10	2.7480E-08	1.0729E-05	-9.6765E-06
-3.6563E-08	-3.7149E-08	9.2497E-06	-1.0503E-05
-3.0591E-08	1.0012E-08	9.2661E-06	-1.0199E-05
2.2394E-10	2.0027E-09	8.9236E-06	-8.9461E-06
-2.9411E-08	9.4366E-09	1.2363E-05	-9.6080E-06
5.4548E-11	-4.4379E-08	1.0414E-05	-1.2504E-05
4.8583E-08	1.3574E-08	1.1464E-05	-1.0626E-05
-3.0037E-08	2.1473E-08	1.2619E-05	-1.5271E-05
-1.0898E-08	2.2761E-09	8.1715E-06	-1.6550E-05
-2.8817E-08	2.7228E-09	6.3869E-06	-1.5129E-05
5.5133E-09	4.8298E-09	5.5385E-06	-1.3893E-05
1.4617E-08	2.7307E-08	5.5271E-06	-1.3229E-05
2.7044E-08	6.2545E-09	5.0044E-06	-1.2906E-05
-2.0795E-09	-1.9685E-08	4.4422E-06	-1.2092E-05
-1.8119E-08	-3.8043E-09	4.8005E-06	-1.0714E-05
-1.6914E-08	2.5262E-08	6.1358E-06	-1.1305E-05
-1.6609E-08	-3.2570E-08	4.3193E-06	-1.1877E-05
1.2656E-08	-1.9629E-08	5.1073E-06	-9.1841E-06
-1.4083E-09	-3.6640E-09	7.3157E-06	-1.1504E-05
-3.5562E-11	-1.1233E-08	4.5972E-06	-1.2582E-05
-5.4498E-08	-9.4804E-09	4.1088E-06	-1.1238E-05
-1.2006E-08	3.1300E-08	3.8757E-06	-1.0837E-05
-5.1226E-09	1.7256E-08	4.0573E-06	-1.0774E-05
1.2698E-08	1.6807E-08	2.7386E-06	-1.0893E-05
2.2997E-09	-1.3229E-08	1.9289E-06	-9.1188E-06
1.9836E-10	4.1758E-08	2.7615E-06	-7.5714E-06
6.4368E-09	1.0813E-08	3.8683E-06	-7.5706E-06
7.2039E-09	4.1367E-09	3.8926E-06	-7.5154E-06
-1.3609E-08	-1.5376E-08	4.1636E-06	-7.7196E-06
3.0234E-08	1.7940E-08	3.1869E-06	-7.1161E-06
-3.1495E-08	3.5745E-08	4.1451E-06	-5.8234E-06
2.4602E-08	-5.9230E-08	4.7278E-06	-6.0525E-06
-6.2808E-09	-5.2337E-09	5.0076E-06	-5.9854E-06
-1.5982E-08	-3.5617E-11	4.6872E-06	-5.9647E-06
-5.0140E-08	3.1945E-08	4.6642E-06	-4.9294E-06
-1.2027E-08	-1.3234E-08	5.6141E-06	-4.2015E-06
1.0335E-08	-6.7092E-08	6.0657E-06	-4.5407E-06
-1.9356E-09	-5.9363E-09	5.8205E-06	-3.1865E-06
-6.8433E-09	-2.5409E-08	8.1596E-06	-2.5066E-06
-3.0400E-09	-3.8233E-10	8.8662E-06	-3.1815E-06
-3.2262E-09	1.0763E-08	1.0580E-05	-3.2661E-06
-5.3505E-09	-3.8358E-08	1.0930E-05	-5.1333E-06
3.7659E-10	2.1059E-08	1.0800E-05	-5.2786E-06
1.2539E-08	-1.7423E-08	1.0739E-05	-6.2679E-06
1.3149E-08	2.2797E-08	9.7738E-06	-5.4301E-06
4.7472E-10	-2.4106E-08	1.1628E-05	-4.2435E-06
-4.7140E-09	-3.4457E-08	1.3240E-05	-6.1350E-06
-6.8701E-09	-7.5664E-09	1.2312E-05	-7.0093E-06
3.0011E-09	7.6696E-09	1.2853E-05	-6.8306E-06
4.4875E-10	-3.9918E-08	1.3240E-05	-7.4250E-06
-1.4937E-08	5.6793E-08	1.3766E-05	-8.4802E-06
-2.6078E-08	-1.3999E-08	1.2309E-05	-8.7358E-06
3.6654E-09	1.3220E-08	1.4243E-05	-7.4141E-06
-2.0752E-09	-1.8305E-08	1.4611E-05	-1.0612E-05
-1.6223E-08	-1.6386E-08	1.2893E-05	-9.1836E-06
7.1061E-09	-4.9050E-09	1.5648E-05	-9.7303E-06
1.4351E-08	1.0108E-08	1.4413E-05	-1.1629E-05
-4.8502E-08	-9.4832E-09	1.4852E-05	-1.0717E-05
-1.1182E-08	-1.5577E-08	1.5752E-05	-1.2056E-05
-2.5021E-08	-1.0783E-08	1.5840E-05	-1.2511E-05
-3.2651E-08	-3.6785E-09	1.6905E-05	-1.3595E-05
9.3666E-09	7.5073E-09	1.6963E-05	-1.5080E-05
1.0765E-09	1.7158E-08	1.8079E-05	-1.5523E-05
2.3719E-08	3.0162E-08	2.0893E-05	-1.9555E-05
-8.5661E-09	6.2974E-09	1.8163E-05	-2.6210E-05
-8.3845E-09	9.0798E-09	1.2586E-05	-2.8412E-05
-8.4247E-10	-9.7044E-09	7.5602E-06	-2.8255E-05
-7.4411E-08	7.4375E-10	4.3589E-06	-2.5587E-05
-3.2779E-08	1.7388E-08	3.1230E-06	-2.4115E-05
4.6225E-09	2.5759E-08	1.8179E-06	-2.2141E-05
-8.6528E-09	-4.5298E-10	1.9617E-06	-2.0998E-05
-8.9928E-09	4.3990E-10	1.6792E-06	-2.0510E-05
-5.2345E-09	-1.3740E-08	8.8812E-07	-2.0507E-05
-7.7212E-10	-2.5567E-08	1.1659E-07	-1.9306E-05
1.9003E-08	3.7555E-09	-4.3324E-07	-1.9750E-05
-4.9251E-08	4.8365E-09	-2.7227E-06	-1.7410E-05
-2.7888E-08	2.7475E-09	-5.9561E-07	-1.5639E-05
1.2968E-08	-2.0420E-09	-9.9326E-07	-1.6266E-05
-2.2367E-08	-4.6719E-08	-5.3798E-07	-1.5363E-05
-2.2380E-08	-5.6584E-09	-1.3211E-06	-1.6139E-05
1.9584E-08	-7.5198E-09	-2.0979E-06	-1.4174E-05
-3.4474E-08	-3.1449E-08	-8.7026E-07	-1.3772E-05
1.6301E-08	3.0260E-08	-1.1773E-06	-1.3766E-05
-3.6794E-08	-3.1655E-08	-7.5518E-07	-1.3179E-05
1.5613E-08	1.8681E-08	-6.3048E-07	-1.3631E-05
-4.1368E-08	3.0669E-08	-1.2442E-06	-1.3454E-05
-2.1677E-08	-2.5866E-08	-1.5424E-06	-1.2955E-05
3.1974E-09	-8.7698E-09	-1.6936E-06	-1.2248E-05
-1.5464E-08	1.6177E-08	-1.4402E-06	-1.1349E-05
2.2458E-08	-5.4191E-08	-1.1894E-07	-1.1046E-05
4.5706E-09	-1.8257E-08	-2.7830E-08	-1.2258E-05
-2.8475E-08	-2.3691E-08	-4.5881E-07	-1.2157E-05
1.3587E-09	1.2234E-08	-1.1708E-06	-1.2682E-05
-6.1795E-09	-1.6640E-09	-1.7595E-06	-1.1153E-05
-2.7733E-08	-3.3466E-08	-9.2790E-07	-1.1499E-05
2.1145E-10	-3.5715E-08	-2.0044E-06	-1.0903E-05
3.1835E-08	2.2935E-08	-1.1695E-06	-9.7969E-06
-2.2590E-08	4.1348E-09	1.7592E-07	-1.0044E-05
-1.8587E-08	4.2943E-09	-5.8546E-07	-1.1886E-05
-1.4151E-09	7.9474E-09	-1.7234E-06	-9.9021E-06
2.1981E-08	1.3710E-08	-2.2429E-07	-1.0552E-05
2.8322E-09	1.2688E-08	-1.1599E-06	-1.0035E-05
-3.1667E-09	-1.8464E-08	-2.2248E-07	-1.1040E-05
1.9510E-08	4.0925E-08	-2.2771E-06	-1.0221E-05
1.7880E-08	-1.0052E-08	-9.9936E-07	-9.6535E-06
2.0264E-08	2.4504E-09	-1.0975E-06	-8.9622E-06
-8.0071E-09	-9.7707E-09	-3.0160E-07	-1.1204E-05
-4.2087E-08	-5.4870E-09	-3.2973E-06	-8.3083E-06
-1.1398E-09	-1.8574E-08	5.7159E-07	-9.4466E-06
1.9342E-08	1.2429E-08	-1.4812E-06	-8.7067E-06
-2.8611E-08	-2.2366E-08	-9.5587E-07	-9.1246E-06
-2.8765E-08	3.8909E-08	-1.5683E-06	-8.6965E-06
-2.0903E-09	7.5049E-09	-5.3750E-07	-9.6117E-06
-1.8457E-09	6.7501E-09	-1.7649E-06	-7.9670E-06
-2.0228E-09	6.9765E-09	-2.1655E-08	-8.6552E-06
-1.4591E-09	6.3266E-09	-2.0381E-06	-9.1372E-06
-1.5772E-09	7.1003E-09	-7.2701E-07	-6.1521E-06
-1.6413E-09	6.3545E-09	1.3893E-06	-9.0489E-06
-1.5537E-09	6.7101E-09	-8.3601E-07	-9.0762E-06
-1.3454E-09	5.9504E-09	-2.5607E-07	-9.1212E-06
-9.7493E-10	6.7379E-09	-1.1084E-06	-8.6609E-06
-1.3741E-09	6.2183E-09	-1.2843E-07	-9.0722E-06
-1.0615E-09	6.5284E-09	-1.4342E-06	-9.7561E-06
-1.2186E-09	5.8686E-09	-2.4319E-06	-9.0077E-06
-4.7714E-10	6.4598E-09	-2.1263E-06	-7.5669E-06
-1.1323E-09	6.3079E-09	-1.8519E-06	-8.2091E-06
-7.0777E-10	6.4134E-09	-2.0934E-06	-6.6065E-06
-1.1372E-09	6.0126E-09	-6.5697E-07	-7.9570E-06
-2.4105E-10	6.2399E-09	-2.8307E-06	-7.3163E-06
-9.7593E-10	6.4833E-09	-1.3411E-06	-6.1795E-06
-5.8596E-10	6.3017E-09	-1.3698E-06	-6.2048E-06
-1.1250E-09	6.2233E-09	-1.1184E-07	-6.5373E-06
-3.1406E-10	6.0100E-09	-1.3499E-06	-7.1911E-06
-9.0256E-10	6.5656E-09	-1.0084E-06	-6.1119E-06
-6.8188E-10	6.1238E-09	-7.8942E-07	-6.3704E-06
-1.1486E-09	6.3235E-09	-8.9698E-07	-6.1968E-06
-6.1275E-10	5.7134E-09	-7.0852E-07	-5.3098E-06
-8.5255E-10	6.4210E-09	6.8351E-07	-5.6326E-06
-8.8480E-10	5.8475E-09	5.8675E-07	-6.1612E-06
-1.1321E-09	6.1977E-09	1.0426E-06	-6.8649E-06
-9.6425E-10	5.3503E-09	1.8102E-07	-7.0302E-06
-7.5009E-10	6.0209E-09	6.2799E-07	-7.3301E-06
-1.0426E-09	5.5003E-09	-5.7417E-07	-7.3184E-06
-1.0023E-09	5.8406E-09	8.8875E-08	-6.9198E-06
-1.1881E-09	4.9873E-09	-5.7418E-07	-6.9310E-06
-5.5464E-10	5.4497E-09	4.4959E-07	-7.1426E-06
-1.0335E-09	5.1584E-09	-1.6664E-06	-7.5657E-06
-7.3639E-10	5.3520E-09	-2.6324E-07	-5.2945E-06
-1.1771E-09	4.7237E-09	3.0038E-07	-7.4765E-06
-2.9241E-10	4.8606E-09	-1.2200E-06	-7.1510E-06
-8.2053E-10	4.9056E-09	-1.8044E-06	-5.9078E-06
-3.8681E-10	4.8823E-09	2.8280E-08	-4.7104E-06
-9.3809E-10	4.6326E-09	2.8823E-07	-6.1479E-06
-4.8936E-11	4.4034E-09	9.4714E-07	-5.6773E-06
-4.6393E-10	4.7856E-09	4.5150E-07	-7.9008E-06
-6.2800E-11	4.5569E-09	-8.6888E-07	-6.2897E-06
-5.7533E-10	4.7108E-09	-6.4624E-09	-6.9599E-06
7.4425E-11	4.1595E-09	-1.1969E-06	-6.0269E-06
-8.7604E-11	4.7721E-09	4.6840E-07	-5.8552E-06
1.2210E-10	4.4182E-09	-3.7026E-08	-7.1018E-06
-2.2962E-10	4.8677E-09	-1.0955E-06	-6.9231E-06
1.7321E-11	4.1156E-09	-1.2783E-06	-5.7203E-06
1.8190E-10	4.7753E-09	-5.6012E-07	-5.5007E-06
1.1097E-10	4.4131E-09	3.4733E-08	-5.3855E-06
-7.1160E-12	4.9623E-09	1.2528E-07	-6.5222E-06
-1.9998E-10	4.1823E-09	-5.4365E-07	-6.0127E-06
2.7359E-10	4.6840E-09	-4.4462E-07	-6.7834E-06
-6.1031E-11	4.4293E-09	-1.7849E-06	-5.3846E-06
6.5492E-11	4.8696E-09	2.1885E-07	-5.4553E-06
-4.7632E-10	4.2450E-09	-1.8393E-06	-5.9922E-06
1.9950E-10	4.4240E-09	-1.6544E-07	-3.5307E-06
-2.7785E-10	4.3592E-09	7.6249E-07	-6.1690E-06
3.9864E-11	4.5444E-09	-1.1523E-06	-5.6572E-06
-6.7087E-10	4.2198E-09	-2.7667E-07	-3.7001E-06
4.0220E-11	4.0014E-09	1.9630E-06	-4.9862E-06
-3.9739E-10	4.1546E-09	5.7975E-07	-7.1574E-06
4.6482E-12	4.0469E-09	-9.1084E-07	-5.7784E-06
-6.6694E-10	4.0852E-09	2.1357E-07	-5.5040E-06
-1.0149E-10	3.5089E-09	-6.0990E-07	-5.8511E-06
-3.2295E-10	3.8463E-09	1.8298E-07	-4.9281E-06
3.0350E-11	3.5167E-09	5.5282E-08	-6.3247E-06
-4.2763E-10	3.8787E-09	-6.4957E-07	-5.1304E-06
-1.5309E-10	3.0881E-09	3.7553E-07	-5.6983E-06
-5.4223E-11	3.5186E-09	-3.0597E-07	-5.6674E-06
1.3155E-10	3.1079E-09	1.2189E-07	-6.5519E-06
-1.6217E-11	3.6637E-09	-2.3870E-06	-6.1579E-06
-1.0326E-10	2.8637E-09	-1.0350E-06	-3.7643E-06
3.0935E-10	3.2570E-09	-3.6008E-07	-5.2430E-06
2.6543E-10	2.9177E-09	-1.4564E-06	-4.1058E-06
4.2931E-10	3.4867E-09	5.9399E-07	-3.3598E-06
3.3184E-12	2.8821E-09	7.9672E-07	-5.4312E-06
6.1591E-10	3.1003E-09	-7.2595E-07	-4.7821E-06
3.6407E-10	2.9424E-09	3.4383E-07	-3.8742E-06
7.5610E-10	3.3511E-09	1.3096E-06	-4.5003E-06
1.0177E-10	3.0852E-09	1.0681E-06	-6.3247E-06
7.3549E-10	3.0229E-09	-1.3661E-06	-5.3908E-06
3.7953E-10	3.0833E-09	7.1514E-07	-3.6071E-06
8.6303E-10	3.2187E-09	1.1060E-06	-5.7289E-06
1.5115E-10	3.3327E-09	3.7559E-07	-5.3987E-06
6.2398E-10	2.9566E-09	3.2302E-07	-6.1339E-06
3.1503E-10	3.1962E-09	-6.1512E-07	-5.5089E-06
7.4316E-10	3.0384E-09	-1.7123E-07	-5.5582E-06
1.6062E-10	3.4650E-09	-1.2424E-06	-4.9843E-06
3.4444E-10	2.8368E-09	5.9781E-07	-3.8980E-06
2.2453E-10	3.1608E-09	7.1195E-07	-6.3320E-06
4.8281E-10	2.7831E-09	-8.9447E-07	-5.6428E-06
1.8224E-10	3.3750E-09	-7.3459E-07	-5.8998E-06
3.5969E-11	2.6448E-09	-2.3288E-06	-4.4859E-06
1.8172E-10	2.9351E-09	1.3716E-07	-3.0465E-06
2.1874E-10	2.4750E-09	8.5105E-07	-5.1468E-06
2.7473E-10	3.0550E-09	-2.6966E-07	-5.9180E-06
-1.5327E-10	2.4209E-09	-1.6130E-06	-5.3122E-06
2.3635E-10	2.5699E-09	-1.1959E-06	-4.0459E-06
7.4488E-11	2.1805E-09	-5.7654E-07	-4.0729E-06
4.5972E-10	2.5953E-09	-4.4439E-07	-4.5043E-06
-1.3459E-10	2.2407E-09	-1.0811E-06	-4.0076E-06
3.8300E-10	2.1790E-09	3.4928E-08	-3.7156E-06
1.0623E-10	1.9789E-09	-1.9113E-07	-4.2918E-06
6.9760E-10	2.1379E-09	3.0012E-07	-4.8654E-06
8.4363E-11	2.1678E-09	-2.1925E-06	-5.2155E-06
5.6002E-10	1.8826E-09	-1.1881E-06	-1.9431E-06
2.8325E-10	1.9179E-09	7.2690E-07	-3.5328E-06
8.9915E-10	1.8086E-09	2.4169E-07	-3.8177E-06
4.1059E-10	2.2104E-09	1.0286E-07	-4.5605E-06
6.8036E-10	1.7510E-09	-5.0844E-07	-4.0247E-06
5.1049E-10	1.9831E-09	-5.7442E-07	-3.9994E-06
9.6926E-10	1.6617E-09	8.8872E-09	-3.1379E-06
7.1556E-10	2.3074E-09	1.3327E-07	-5.0085E-06
6.7844E-10	1.7766E-09	-2.0839E-06	-3.4719E-06
6.8003E-10	2.0966E-09	-2.1756E-07	-2.0306E-06
8.5995E-10	1.6642E-09	7.6994E-07	-2.5560E-06
8.9672E-10	2.3536E-09	1.2278E-06	-4.0407E-06
5.4839E-10	1.8841E-09	-6.5776E-07	-4.0082E-06
7.2466E-10	2.1512E-09	2.4257E-08	-2.6688E-06
6.0326E-10	1.7238E-09	5.0427E-07	-2.8263E-06
9.1966E-10	2.2526E-09	1.3890E-06	-3.0548E-06
3.5285E-10	1.9719E-09	9.8510E-07	-4.3170E-06
6.4689E-10	2.0624E-09	-2.5544E-07	-4.0042E-06
3.0406E-10	1.7428E-09	-2.6265E-07	-2.3200E-06
8.2252E-10	1.9682E-09	1.9439E-06	-2.3640E-06
1.9632E-10	1.9614E-09	1.3627E-06	-4.0157E-06
5.1052E-10	1.8131E-09	1.2903E-06	-2.9828E-06
9.4025E-11	1.6688E-09	2.1545E-06	-4.0397E-06
6.8480E-10	1.5493E-09	1.4703E-06	-4.1455E-06
1.7504E-10	1.8298E-09	2.1608E-06	-4.8002E-06
4.0143E-10	1.4660E-09	4.6257E-07	-5.5996E-06
6.9035E-11	1.5139E-09	5.2239E-07	-3.7924E-06
5.8057E-10	1.1124E-09	1.7174E-06	-4.9514E-06
3.2784E-10	1.6129E-09	5.1519E-07	-5.3147E-06
3.8023E-10	1.1368E-09	7.7903E-07	-5.5309E-06
2.4191E-10	1.3382E-09	-1.1215E-06	-5.9243E-06
5.4203E-10	7.9024E-10	-1.0972E-06	-3.5962E-06
6.1256E-10	1.3780E-09	2.9760E-07	-4.2780E-06
4.5239E-10	9.3817E-10	-7.9610E-07	-4.5685E-06
5.3505E-10	1.2071E-09	-6.1078E-07	-3.6046E-06
5.5129E-10	6.7135E-10	-2.5853E-07	-3.9749E-06
9.2092E-10	1.1846E-09	-9.6363E-07	-3.5178E-06
5.7083E-10	9.2410E-10	1.6918E-07	-2.6889E-06
8.1735E-10	1.1501E-09	4.1999E-07	-4.0671E-06
5.6156E-10	7.5966E-10	-6.5601E-07	-3.4148E-06
1.1257E-09	1.0542E-09	3.8070E-07	-2.9059E-06
6.6778E-10	1.0608E-09	6.5553E-07	-3.6766E-06
9.6685E-10	1.1444E-09	1.3241E-07	-4.3715E-06
5.3295E-10	9.7352E-10	-1.1908E-06	-3.7114E-06
1.1386E-09	9.6453E-10	-4.9596E-07	-2.3577E-06
6.9630E-10	1.2413E-09	1.1874E-07	-2.4654E-06
9.2791E-10	1.1309E-09	8.6554E-07	-2.3277E-06
4.6116E-10	1.1838E-09	1.0120E-06	-3.3272E-06
9.5109E-10	8.7083E-10	6.3839E-07	-2.9628E-06
6.5722E-10	1.3364E-09	1.1135E-06	-3.4439E-06
7.3471E-10	1.0524E-09	3.1263E-07	-3.1966E-06
3.8251E-10	1.2724E-09	1.5349E-06	-2.6627E-06
6.3892E-10	7.3901E-10	1.7022E-06	-4.2479E-06
5.9617E-10	1.2564E-09	5.5973E-07	-4.1997E-06
4.9073E-10	8.9000E-10	8.9633E-07	-3.7983E-06
3.5286E-10	1.1830E-09	7.5334E-07	-4.6126E-06
3.2759E-10	5.7233E-10	-2.9331E-07	-4.1645E-06
5.7296E-10	9.9365E-10	3.6931E-07	-3.6207E-06
3.1590E-10	6.7783E-10	-6.2023E-08	-4.3590E-06
4.1278E-10	9.4106E-10	-5.9301E-07	-3.3700E-06
1.3595E-10	4.1427E-10	4.9682E-08	-3.2003E-06
6.2150E-10	6.2486E-10	8.3125E-08	-3.0484E-06
2.8883E-10	4.8522E-10	7.5234E-07	-3.3424E-06
5.5891E-10	6.3574E-10	4.8706E-08	-4.0942E-06
1.2458E-10	3.2516E-10	-6.2138E-07	-3.1357E-06
7.2445E-10	2.7242E-10	4.3476E-07	-2.6256E-06
4.1245E-10	3.7783E-10	6.4395E-07	-3.7351E-06
7.3855E-10	3.7367E-10	-3.8106E-07	-3.7266E-06
2.7321E-10	3.4492E-10	-5.4270E-07	-3.0599E-06
8.1843E-10	4.6010E-11	-3.4192E-07	-2.5644E-06
6.1826E-10	3.7879E-10	1.0687E-07	-2.5047E-06
8.7179E-10	2.2899E-10	1.8488E-07	-2.5412E-06
4.9679E-10	4.6287E-10	3.3926E-07	-2.5992E-06
8.2826E-10	-6.5108E-12	2.3007E-07	-2.5840E-06
8.0437E-10	4.5214E-10	2.2823E-07	-2.2877E-06
8.9090E-10	2.1274E-10	1.0216E-06	-2.0185E-06
6.9040E-10	6.1330E-10	9.0621E-07	-3.4449E-06
7.1172E-10	8.4648E-11	-4.0238E-07	-1.9589E-06
8.8631E-10	5.1852E-10	1.9808E-06	-2.1049E-06
7.7665E-10	2.7494E-10	1.4987E-07	-3.3271E-06
7.7951E-10	7.0177E-10	1.2666E-06	-1.5635E-06
4.8978E-10	2.3359E-10	1.0551E-06	-3.5320E-06
8.3478E-10	4.9561E-10	5.8790E-07	-1.7975E-06
5.7220E-10	3.3564E-10	1.5087E-06	-2.9103E-06
7.5064E-10	6.5044E-10	1.0249E-06	-1.9365E-06
2.4397E-10	3.4543E-10	2.2976E-06	-3.4506E-06
6.8313E-10	3.4245E-10	1.7198E-08	-3.0416E-06
3.6590E-10	3.2762E-10	1.9044E-06	-1.9481E-06
6.4856E-10	4.3947E-10	1.5894E-06	-3.6127E-06
8.0398E-11	3.6179E-10	9.7255E-07	-3.0916E-06
5.0387E-10	8.4286E-11	9.5016E-07	-3.0309E-06
2.5031E-10	2.2863E-10	8.6323E-07	-2.6087E-06
5.4440E-10	1.2202E-10	1.5782E-06	-2.2511E-06
7.7928E-11	2.8223E-10	2.0274E-06	-3.3403E-06
3.6891E-10	-1.9570E-10	9.5007E-07	-3.4455E-06
2.7693E-10	6.7645E-11	8.5567E-07	-2.9353E-06
4.9363E-10	-1.9678E-10	1.1246E-06	-2.0248E-06
2.4705E-10	1.5313E-10	2.5141E-06	-3.0061E-06
3.1523E-10	-3.9444E-10	7.7467E-07	-3.2045E-06
4.2943E-10	-9.5801E-11	2.6380E-06	-1.9073E-06
5.0728E-10	-4.0769E-10	2.6352E-06	-4.6013E-06
5.2106E-10	3.3519E-11	8.5908E-07	-3.8702E-06
3.3277E-10	-4.3836E-10	1.3002E-06	-3.2565E-06
6.2936E-10	-2.0676E-10	1.6288E-06	-3.2344E-06
5.5109E-10	-4.4906E-10	1.7183E-06	-3.7235E-06
7.8482E-10	-4.1189E-11	1.1553E-06	-3.7471E-06
3.7847E-10	-3.1993E-10	1.2554E-06	-2.9310E-06
7.7253E-10	-2.4459E-10	2.4164E-06	-3.5460E-06
5.7119E-10	-3.3610E-10	1.1946E-06	-4.2572E-06
9.2708E-10	-7.7179E-11	1.7911E-06	-3.2208E-06
4.0643E-10	-1.0339E-10	1.9213E-06	-4.5524E-06
7.7891E-10	-2.3140E-10	1.2735E-06	-4.3140E-06
5.2997E-10	-1.5297E-10	8.5950E-07	-4.5089E-06
8.9080E-10	-1.1315E-10	1.1277E-06	-3.6810E-06
3.9611E-10	1.0322E-10	1.0494E-06	-5.0015E-06
6.3162E-10	-2.1562E-10	-1.3182E-07	-3.6088E-06
4.3083E-10	-1.1517E-11	1.3797E-06	-3.8132E-06
6.9709E-10	-1.9127E-10	1.3111E-07	-4.2784E-06
3.6287E-10	1.9644E-10	5.1623E-07	-3.0136E-06
3.8581E-10	-2.4082E-10	1.6466E-06	-3.4687E-06
3.1738E-10	2.6291E-12	1.3264E-06	-4.8489E-06
4.3204E-10	-3.2636E-10	-8.3838E-08	-4.5978E-06
3.4564E-10	1.2300E-10	-2.0357E-07	-3.6134E-06
1.4290E-10	-3.1826E-10	6.9874E-07	-3.0679E-06
2.4766E-10	-1.3036E-10	7.6013E-07	-4.5167E-06
2.0422E-10	-4.9174E-10	-8.4454E-07	-3.1689E-06
3.7937E-10	-9.8375E-11	1.3903E-06	-2.4412E-06
2.7898E-12	-4.1914E-10	1.1669E-06	-4.0642E-06
2.5864E-10	-3.5832E-10	7.3589E-07	-3.8133E-06
9.4409E-11	-6.3052E-10	7.4526E-07	-3.7869E-06
4.6857E-10	-3.8848E-10	9.6225E-07	-4.3622E-06
1.7511E-11	-4.9171E-10	-4.3731E-07	-4.2655E-06
3.4177E-10	-5.8614E-10	4.0440E-07	-3.1287E-06
1.2201E-10	-6.8636E-10	4.4022E-07	-3.9901E-06
5.7781E-10	-6.4584E-10	3.9934E-07	-3.6470E-06
1.6884E-10	-4.9371E-10	1.8516E-07	-3.8929E-06
4.4439E-10	-7.2405E-10	8.0819E-07	-3.7445E-06
2.4268E-10	-6.3662E-10	-2.5304E-07	-4.9890E-06
6.4582E-10	-7.9250E-10	-5.3619E-07	-3.4418E-06
3.7997E-10	-4.2163E-10	-7.1196E-07	-4.6339E-06
4.9704E-10	-7.3037E-10	-1.7454E-06	-2.1163E-06
3.7614E-10	-5.0919E-10	9.7632E-07	-2.8599E-06
6.1679E-10	-8.0577E-10	-8.1464E-07	-3.6132E-06
5.5429E-10	-3.1936E-10	-8.6661E-08	-2.8735E-06
4.5225E-10	-6.2777E-10	-1.0509E-06	-3.1201E-06
4.4805E-10	-3.7297E-10	-4.3218E-07	-1.7887E-06
4.7274E-10	-7.2177E-10	1.5221E-07	-1.7074E-06
6.2090E-10	-2.5939E-10	1.9117E-06	-2.1236E-06
3.1331E-10	-4.8690E-10	5.3430E-07	-4.4189E-06
4.2475E-10	-3.0576E-10	-4.1163E-07	-2.0321E-06
2.4913E-10	-6.1137E-10	2.0341E-06	-3.0677E-06
5.6426E-10	-3.0544E-10	-1.0286E-07	-4.6557E-06
1.3646E-10	-3.8799E-10	-4.1338E-07	-2.8619E-06
3.2441E-10	-3.5562E-10	-1.4954E-07	-3.6829E-06
2.3780E-11	-5.4214E-10	-1.2668E-06	-2.1577E-06
4.2432E-10	-4.7583E-10	9.3613E-07	-1.7516E-06
4.5268E-12	-3.8147E-10	5.9870E-07	-2.9516E-06
2.0141E-10	-5.1551E-10	8.1409E-07	-2.8793E-06
-1.1706E-10	-5.4638E-10	1.3098E-07	-3.0894E-06
2.6960E-10	-7.2795E-10	1.3393E-06	-2.5737E-06
-1.5287E-11	-4.6742E-10	7.6099E-07	-4.6943E-06
1.1428E-10	-7.2466E-10	-5.1080E-07	-3.7415E-06
-1.1951E-10	-6.1059E-10	-7.7656E-07	-4.0684E-06
1.5925E-10	-9.7356E-10	-1.6188E-06	-2.2519E-06
9.2632E-11	-6.0270E-10	3.6239E-07	-2.4220E-06
9.4884E-11	-8.9659E-10	-1.1722E-06	-3.0320E-06
1.0612E-11	-6.9007E-10	-8.3128E-08	-1.1794E-06
1.1479E-10	-1.1186E-09	6.5199E-07	-3.0594E-06
2.8129E-10	-7.2913E-10	-5.0594E-07	-2.1903E-06
1.3475E-10	-9.6052E-10	8.6864E-07	-2.9430E-06
2.0834E-10	-7.3878E-10	-1.5706E-06	-3.0834E-06
1.1576E-10	-1.1083E-09	3.3039E-08	-6.3271E-07
4.6124E-10	-8.0597E-10	1.0102E-06	-2.7428E-06
1.9412E-10	-8.9579E-10	-2.9417E-07	-2.3628E-06
3.7867E-10	-7.3706E-10	4.5003E-07	-1.7405E-06
1.1932E-10	-9.5402E-10	1.1873E-06	-2.4435E-06
5.4221E-10	-8.2878E-10	4.9242E-07	-3.3077E-06
2.2728E-10	-7.4247E-10	-6.5479E-08	-3.0425E-06
4.4071E-10	-7.0198E-10	-5.4476E-07	-2.5017E-06
9.0835E-11	-7.2963E-10	5.1941E-07	-2.0696E-06
4.7572E-10	-8.2582E-10	-2.9574E-09	-3.1899E-06
2.0924E-10	-5.8273E-10	-3.2542E-07	-2.3564E-06
3.6517E-10	-6.7512E-10	-4.7569E-07	-2.3988E-06
2.6991E-11	-5.3697E-10	3.2728E-07	-1.6496E-06
2.7781E-10	-8.3564E-10	7.4617E-08	-3.0738E-06
1.4893E-10	-5.0211E-10	-3.2521E-07	-1.9287E-06
1.8700E-10	-6.9554E-10	-4.9063E-07	-2.9817E-06
-4.2004E-11	-4.5915E-10	-1.2590E-06	-4.2774E-07
2.1281E-11	-8.8015E-10	1.9407E-06	-1.3758E-06
8.2018E-11	-5.4924E-10	1.1473E-07	-3.1949E-06
-1.3016E-11	-7.7412E-10	-5.5377E-07	-2.1317E-06
-7.1855E-11	-5.2384E-10	-5.2794E-07	-1.3752E-06
-1.9826E-10	-9.4910E-10	2.8182E-07	-1.0663E-06
4.7881E-11	-7.1353E-10	7.0435E-07	-1.1549E-06
-1.4826E-10	-8.8442E-10	1.0968E-06	-1.7907E-06
-3.3557E-11	-6.9419E-10	6.2935E-07	-1.7772E-06
-3.0551E-10	-1.0049E-09	1.1207E-06	-1.8049E-06
6.4109E-11	-9.3104E-10	1.0330E-06	-2.2713E-06
-1.6773E-10	-9.7587E-10	5.5144E-07	-2.4968E-06
6.4878E-11	-8.9058E-10	5.1601E-07	-1.7491E-06
-2.7717E-10	-1.0051E-09	1.1379E-06	-2.2574E-06
1.1337E-10	-1.1153E-09	8.8556E-07	-2.3688E-06
-7.8546E-11	-1.0024E-09	7.9969E-07	-3.0683E-06
1.7758E-10	-1.0310E-09	1.4610E-08	-2.6636E-06
-1.4805E-10	-9.3024E-10	-2.0321E-07	-2.9033E-06
1.5083E-10	-1.1974E-09	-6.2955E-07	-1.2220E-06
6.0800E-11	-9.5052E-10	1.2498E-06	-2.4928E-06
2.4235E-10	-1.0692E-09	-1.6843E-06	-2.3243E-06
9.7655E-12	-7.9982E-10	7.0772E-07	2.2638E-08
1.2877E-10	-1.1562E-09	9.7240E-07	-2.4062E-06
1.7192E-10	-8.5000E-10	1.2350E-07	-1.5909E-06
2.1343E-10	-1.0123E-09	3.3797E-07	-1.6765E-06
1.2280E-10	-6.6843E-10	5.1642E-07	-1.2275E-06
2.5594E-11	-1.0245E-09	4.8292E-07	-1.3692E-06
1.9572E-10	-7.6104E-10	1.6463E-06	-4.5217E-07
8.7710E-11	-9.1105E-10	2.4719E-06	-3.2753E-06
1.4909E-10	-6.0116E-10	-8.4534E-07	-2.8499E-06
-1.3731E-10	-8.6926E-10	7.9985E-07	-6.6874E-07
1.1934E-10	-7.4295E-10	1.1228E-06	-2.1888E-06
-9.0311E-11	-8.2956E-10	1.1058E-06	-1.3127E-06
9.2626E-11	-6.4112E-10	2.0029E-06	-2.7747E-06
-3.0090E-10	-7.5781E-10	3.2563E-07	-3.3712E-06
-2.1881E-11	-8.2122E-10	-6.2524E-07	-2.2529E-06
-2.4825E-10	-8.1171E-10	5.5244E-07	-7.4349E-07
-5.7949E-12	-7.8561E-10	1.6490E-06	-2.7069E-06
-3.9505E-10	-7.2683E-10	-5.6779E-07	-2.6178E-06
-1.6650E-10	-9.7094E-10	5.3695E-09	-1.1293E-06
-3.2084E-10	-8.6152E-10	8.1516E-07	-1.1231E-06
-9.4593E-11	-9.8367E-10	1.1849E-06	-1.8872E-06
-3.7364E-10	-7.6969E-10	5.5858E-07	-1.8844E-06
-2.6012E-10	-1.1261E-09	4.8065E-07	-1.7020E-06
-2.8248E-10	-9.4615E-10	1.0007E-06	-6.6504E-07
-1.3952E-10	-1.1573E-09	2.1666E-06	-2.4379E-06
-2.4009E-10	-8.4684E-10	2.1184E-07	-1.8384E-06
-2.8146E-10	-1.2110E-09	2.5271E-06	-1.9721E-06
-1.6066E-10	-1.0177E-09	1.3189E-07	-3.5936E-06
-1.3925E-10	-1.2369E-09	7.1581E-07	-1.5247E-06
-4.9775E-11	-9.1188E-10	5.1035E-07	-3.0053E-06
-2.4829E-10	-1.1786E-09	-3.7151E-08	-1.6044E-06
-2.3277E-11	-1.0411E-09	5.3448E-07	-1.7045E-06
-1.2131E-10	-1.1935E-09	1.1932E-06	-1.4338E-06
1.1334E-10	-9.3807E-10	9.0259E-07	-2.9670E-06
-2.0196E-10	-1.0349E-09	-4.7921E-07	-1.7870E-06
5.3990E-11	-1.0118E-09	5.7515E-07	-8.6669E-07
-1.2217E-10	-1.0524E-09	1.6368E-06	-1.1361E-06
1.7482E-10	-9.3076E-10	1.9582E-06	-2.5069E-06
-1.8064E-10	-8.3843E-10	7.7738E-07	-3.3180E-06
2.4123E-11	-9.5567E-10	-6.1969E-07	-2.4803E-06
-1.6348E-10	-8.8128E-10	1.6521E-07	-1.0237E-06
1.0419E-10	-9.1967E-10	8.0821E-07	-1.5647E-06
-1.9727E-10	-6.7339E-10	1.1248E-06	-1.4694E-06
-1.0883E-10	-9.1128E-10	8.7805E-07	-2.4845E-06
-2.3819E-10	-7.5809E-10	2.9064E-07	-1.3293E-06
-7.1265E-11	-9.3671E-10	1.6078E-06	-1.8548E-06
-2.3426E-10	-6.1059E-10	6.3972E-07	-2.2903E-06
-2.9209E-10	-9.0584E-10	1.2869E-06	-1.9680E-06
-3.1425E-10	-7.3496E-10	7.7794E-07	-3.2702E-06
-2.8019E-10	-9.9290E-10	-8.4636E-07	-2.5212E-06
-2.5737E-10	-6.7497E-10	-1.5599E-07	-8.4073E-07
-4.4970E-10	-9.3902E-10	1.0030E-06	-1.7526E-06
-3.5366E-10	-8.1484E-10	-2.0119E-07	-1.7733E-06
-4.4122E-10	-1.0684E-09	8.7911E-07	-9.4123E-07
-2.3975E-10	-8.3566E-10	5.4612E-07	-2.3402E-06
-5.1831E-10	-9.8322E-10	-3.4503E-07	-8.9867E-07
-3.3596E-10	-9.5232E-10	1.2269E-06	-7.2961E-07
-5.0049E-10	-1.1217E-09	1.0063E-06	-1.4833E-06
-1.8185E-10	-1.0223E-09	1.1417E-06	-1.1971E-06
-4.7603E-10	-1.0004E-09	1.5144E-06	-1.5867E-06
-2.7246E-10	-1.0774E-09	1.3679E-06	-2.1997E-06
-4.5415E-10	-1.1136E-09	6.2480E-07	-2.1726E-06
-1.1503E-10	-1.1590E-09	9.6173E-07	-1.6793E-06
-3.5059E-10	-9.6563E-10	1.0072E-06	-2.4555E-06
-2.0269E-10	-1.1300E-09	1.1992E-07	-2.3646E-06
-3.4584E-10	-1.0317E-09	-1.3707E-07	-1.7102E-06
-8.6382E-11	-1.1983E-09	3.8398E-07	-1.1733E-06
-2.0421E-10	-8.8457E-10	4.2942E-07	-1.9161E-06
-1.7405E-10	-1.0881E-09	-5.2741E-07	-8.7521E-07
-2.4159E-10	-9.0164E-10	1.0770E-06	-1.1905E-07
-1.3248E-10	-1.1396E-09	1.5771E-06	-1.0848E-06
-1.0321E-10	-7.9373E-10	1.5717E-06	-1.9132E-06
-2.1543E-10	-9.7556E-10	2.3887E-07	-1.7751E-06
-1.9603E-10	-7.7754E-10	1.4644E-06	-9.9331E-07
-2.5666E-10	-1.0234E-09	6.4870E-07	-2.5791E-06
-8.8038E-11	-7.4328E-10	1.7169E-07	-1.0090E-06
-3.1916E-10	-8.4760E-10	4.1585E-07	-1.6344E-06
-2.2728E-10	-7.1594E-10	2.4315E-07	-3.3487E-08
-4.2261E-10	-9.0782E-10	1.8378E-06	-1.1384E-06
-1.5767E-10	-7.7036E-10	4.2990E-07	-1.1452E-06
-4.4196E-10	-7.6168E-10	1.1839E-06	-4.9204E-07
-3.1246E-10	-7.4640E-10	1.4421E-06	-3.4582E-07
-5.6867E-10	-8.3864E-10	2.4069E-06	-8.5359E-07
-2.7505E-10	-8.7702E-10	2.2051E-06	-1.3021E-06
-5.2537E-10	-7.4954E-10	2.5121E-06	-2.1821E-06
-4.0421E-10	-8.5470E-10	1.2435E-06	-2.2075E-06
-6.3636E-10	-8.2956E-10	1.8732E-06	-1.8892E-06
-3.8903E-10	-1.0248E-09	1.4175E-06	-2.3507E-06
-5.2581E-10	-8.0437E-10	1.6193E-06	-2.6213E-06
-4.5822E-10	-9.8797E-10	1.6074E-07	-2.9714E-06
-5.9904E-10	-8.6092E-10	5.3979E-08	-1.6761E-06
-4.6061E-10	-1.1502E-09	-9.5232E-08	-1.4629E-06
-4.3875E-10	-8.8855E-10	4.0935E-07	-1.8457E-07
-4.5628E-10	-1.0797E-09	1.6367E-06	-4.9720E-07
-4.7601E-10	-8.9578E-10	1.8091E-06	-9.6510E-07
-4.7994E-10	-1.1932E-09	2.1248E-06	-1.1815E-06
-3.0378E-10	-9.5644E-10	2.3156E-06	-1.9908E-06
-4.1314E-10	-1.0825E-09	1.4290E-06	-2.4572E-06
-3.2472E-10	-9.0310E-10	9.7888E-07	-1.7353E-06
-4.6611E-10	-1.1270E-09	1.7210E-06	-1.3687E-06
-1.8741E-10	-9.7895E-10	1.9116E-06	-2.2849E-06
-3.6482E-10	-9.9151E-10	1.2025E-06	-2.1565E-06
-2.1460E-10	-8.7510E-10	1.5034E-06	-1.9477E-06
-4.5137E-10	-9.7158E-10	1.8128E-06	-2.2487E-06
-1.5143E-10	-9.5672E-10	1.1221E-06	-3.3352E-06
-3.4618E-10	-8.4699E-10	-6.1956E-08	-1.7860E-06
-1.9507E-10	-8.2973E-10	1.7734E-06	-1.9199E-06
-4.5978E-10	-7.8620E-10	3.2157E-07	-2.6915E-06
-2.2272E-10	-9.1547E-10	1.1648E-06	-1.6307E-06
-3.7081E-10	-7.1500E-10	6.0315E-07	-3.3152E-06
-2.7331E-10	-7.9782E-10	-9.6730E-07	-1.7616E-06
-4.9242E-10	-6.4282E-10	2.6012E-07	-6.5737E-07
-3.7956E-10	-8.8727E-10	7.1370E-07	-1.0345E-06
-4.2451E-10	-6.5517E-10	1.0759E-06	-6.9104E-07
-4.1219E-10	-8.0300E-10	1.6711E-06	-1.6393E-06
-5.2765E-10	-5.9348E-10	5.5333E-07	-1.4420E-06
-5.6137E-10	-8.8935E-10	1.7826E-06	-8.5687E-07
-4.7527E-10	-6.9234E-10	1.6356E-06	-2.2272E-06
-5.4916E-10	-8.4610E-10	8.4910E-07	-1.8375E-06
-5.3568E-10	-6.4740E-10	1.2740E-06	-1.4160E-06
-6.9703E-10	-9.1290E-10	1.6554E-06	-2.3651E-06
-4.9363E-10	-8.0554E-10	-4.1399E-08	-2.4493E-06
-6.2636E-10	-9.0303E-10	3.6838E-07	-6.9875E-07
-4.9896E-10	-7.6872E-10	1.3138E-06	-1.1479E-06
-7.3760E-10	-9.2835E-10	1.4220E-06	-1.1208E-06
-4.7131E-10	-9.3916E-10	1.9978E-06	-1.9497E-06
-6.1727E-10	-9.3752E-10	6.7197E-07	-2.4089E-06
-4.2615E-10	-8.9531E-10	9.6776E-07	-1.2357E-06
-6.7747E-10	-9.0417E-10	9.6155E-07	-2.1541E-06
-4.2738E-10	-1.0301E-09	6.8379E-07	-6.5753E-07
-5.3729E-10	-9.2177E-10	2.3441E-06	-1.9483E-06
-3.5098E-10	-9.6893E-10	5.6024E-07	-2.2546E-06
-5.5416E-10	-8.2802E-10	1.0327E-06	-1.8284E-06
-3.9825E-10	-1.0372E-09	2.9684E-07	-1.1854E-06
-4.3384E-10	-8.5352E-10	2.1360E-06	-1.2583E-06
-3.1601E-10	-9.6174E-10	8.9622E-07	-2.2327E-06
-4.2791E-10	-7.1808E-10	1.6095E-06	-2.0236E-06
-4.1674E-10	-9.5871E-10	-5.9696E-07	-2.4658E-06
-3.6174E-10	-7.5970E-10	9.9856E-07	4.5462E-07
-3.4937E-10	-8.8633E-10	2.2580E-06	-2.2237E-06
-3.5229E-10	-6.1704E-10	2.5441E-07	-1.6451E-06
-4.9183E-10	-8.2976E-10	1.6868E-06	-2.8696E-07
-3.5665E-10	-6.8394E-10	3.0355E-06	-2.4980E-06
-4.4747E-10	-7.8548E-10	1.7282E-07	-2.9679E-06
-3.5055E-10	-5.7144E-10	1.5554E-06	-1.1685E-06
-6.0043E-10	-7.0327E-10	7.7872E-07	-3.0307E-06
-4.1957E-10	-6.6405E-10	7.9565E-07	-8.5859E-07
-5.7363E-10	-7.0796E-10	1.9435E-06	-2.7806E-06
-4.0903E-10	-6.0680E-10	2.5586E-07	-2.5547E-06
-6.9635E-10	-6.2387E-10	3.5027E-07	-2.2674E-06
-5.1933E-10	-7.1099E-10	-2.8504E-08	-1.8110E-06
-6.7434E-10	-6.8365E-10	-1.3618E-07	-1.3877E-06
-4.8914E-10	-7.1207E-10	6.8630E-07	-3.9159E-07
-7.3253E-10	-6.0862E-10	1.5036E-06	-1.6126E-06
-6.1063E-10	-8.0086E-10	6.8502E-07	-1.7163E-06
-7.0536E-10	-7.1053E-10	5.6825E-07	-1.7148E-06
-5.5030E-10	-8.4204E-10	1.8635E-08	-9.8393E-07
-6.8537E-10	-6.4311E-10	1.2895E-06	3.3821E-08
-6.5755E-10	-8.8483E-10	2.6527E-06	-1.8700E-06
-6.5447E-10	-7.5945E-10	8.8026E-08	-2.5739E-06
-5.7097E-10	-9.3734E-10	8.8871E-07	-3.9547E-07
-5.6866E-10	-6.9355E-10	1.5649E-06	-1.6920E-06
-6.5015E-10	-9.1254E-10	1.3964E-06	-1.6722E-06
-5.4870E-10	-7.9277E-10	4.1592E-07	-2.0297E-06
-5.5700E-10	-9.5226E-10	1.5747E-06	-4.7233E-07
-4.2952E-10	-7.2696E-10	1.5904E-06	-3.4617E-06
-6.0619E-10	-8.5762E-10	-7.4469E-07	-8.0250E-07
-4.4195E-10	-7.8587E-10	2.3411E-06	-1.3017E-06
-5.3417E-10	-8.7661E-10	4.8503E-07	-2.3250E-06
-3.2781E-10	-7.2840E-10	1.1408E-06	-1.8256E-06
-5.5817E-10	-7.3226E-10	-1.4724E-07	-2.4553E-06
-3.8889E-10	-7.3971E-10	-4.8383E-07	-8.5053E-07
-5.3027E-10	-7.4061E-10	5.7731E-07	-4.4822E-08
-3.0872E-10	-7.0624E-10	1.7610E-06	-7.9163E-07
-5.3370E-10	-5.8304E-10	1.1612E-06	-1.6332E-06
-4.1824E-10	-6.7810E-10	6.7247E-07	-1.1724E-06
-5.5752E-10	-6.0046E-10	1.3845E-06	-6.4742E-07
-3.8188E-10	-6.8361E-10	1.6970E-06	-1.8116E-06
-5.4039E-10	-4.6975E-10	7.1807E-07	-1.5416E-06
-5.1870E-10	-6.3213E-10	1.0765E-06	-1.2893E-06
-6.0526E-10	-5.1171E-10	1.1686E-06	-1.0952E-06
-5.1701E-10	-6.8168E-10	1.5252E-06	-1.7141E-06
-5.6353E-10	-4.3740E-10	1.0165E-06	-1.5449E-06
-6.4468E-10	-6.2105E-10	1.2209E-06	-2.3593E-06
-6.4666E-10	-5.0365E-10	-8.1936E-07	-1.4271E-06
-6.5829E-10	-7.0493E-10	1.3175E-06	4.2733E-07
-5.7724E-10	-4.9510E-10	2.0322E-06	-1.6899E-06
-7.3870E-10	-6.4092E-10	9.2016E-07	-1.6052E-06
-6.5527E-10	-5.6697E-10	1.0229E-06	-1.4307E-06
-7.5012E-10	-7.3685E-10	7.6085E-07	-1.1826E-06
-5.6228E-10	-6.1224E-10	1.2886E-06	-8.6458E-07
-7.5904E-10	-6.6720E-10	1.3381E-06	-1.3187E-06
-6.2164E-10	-6.6021E-10	1.3215E-06	-9.5383E-07
-7.6202E-10	-7.4876E-10	1.8503E-06	-1.1099E-06
-5.1993E-10	-7.3346E-10	2.4910E-06	-1.5786E-06
-6.9901E-10	-6.6981E-10	1.8318E-06	-3.5025E-06
-5.6050E-10	-7.3111E-10	-4.7811E-07	-2.4661E-06
-7.0063E-10	-7.1695E-10	4.0817E-07	-1.0319E-06
-4.7348E-10	-8.0478E-10	8.6796E-07	-1.1718E-06
-5.8866E-10	-6.3194E-10	1.1239E-06	-1.3614E-06
-5.0420E-10	-7.4191E-10	1.1662E-06	-1.2029E-06
-6.0382E-10	-6.3826E-10	1.7135E-06	-2.0307E-06
-4.5608E-10	-7.9789E-10	3.5793E-07	-2.2589E-06
-4.7888E-10	-5.6164E-10	4.9968E-07	-1.4614E-06
-4.8551E-10	-6.8608E-10	4.4538E-07	-1.2975E-06
-5.2047E-10	-5.3523E-10	9.0587E-07	-1.3212E-06
-4.9132E-10	-7.2082E-10	3.0765E-07	-1.0903E-06
-4.1651E-10	-4.8937E-10	1.5522E-06	-8.2741E-07
-5.1925E-10	-5.8906E-10	6.1546E-07	-1.8163E-06
-4.8667E-10	-4.4700E-10	1.1514E-06	-4.3760E-07
-5.7754E-10	-6.1079E-10	1.4482E-06	-1.8361E-06
-4.2319E-10	-4.5233E-10	1.1976E-06	-7.8745E-07
-5.9268E-10	-4.9357E-10	2.2816E-06	-2.6922E-06
-5.0990E-10	-4.1017E-10	-7.1057E-07	-2.4953E-06
-6.8491E-10	-5.1369E-10	8.4519E-07	-2.7405E-07
-4.8784E-10	-4.7372E-10	1.5067E-06	-2.2504E-06
-6.7035E-10	-4.3762E-10	1.3867E-07	-2.1338E-06
-5.6874E-10	-4.3943E-10	-2.7956E-07	-1.7468E-06
-7.6791E-10	-4.6149E-10	-3.5492E-07	-3.7754E-07
-5.7560E-10	-5.4823E-10	1.0465E-06	-6.9783E-07
-7.1140E-10	-4.3676E-10	1.5659E-07	-9.7401E-07
-6.2688E-10	-5.1829E-10	9.0354E-07	-2.2543E-07
-7.8730E-10	-4.5890E-10	1.0382E-06	-6.7413E-07
-6.4716E-10	-6.4190E-10	1.7150E-06	-7.6997E-07
-6.9069E-10	-4.7887E-10	1.0064E-06	-1.8667E-06
-6.5335E-10	-6.0548E-10	5.0354E-07	-1.1103E-06
-7.3039E-10	-4.8533E-10	2.7627E-07	-8.8749E-07
-6.7814E-10	-7.0703E-10	1.2552E-06	-7.0152E-08
-6.1286E-10	-5.3312E-10	9.9206E-07	-1.6177E-06
-6.3820E-10	-6.5429E-10	3.2737E-07	3.2475E-07
-6.1892E-10	-5.0962E-10	2.5121E-06	-5.0863E-07
-6.6857E-10	-7.0510E-10	1.2313E-06	-1.4761E-06
-5.1175E-10	-5.6759E-10	1.1765E-06	-6.3439E-07
-5.9557E-10	-6.3541E-10	2.1593E-06	-6.0727E-07
-5.0002E-10	-5.0868E-10	1.8214E-06	-2.1754E-06
-6.3854E-10	-6.2606E-10	1.0133E-06	-8.1905E-07
-4.3506E-10	-5.6558E-10	2.4078E-06	-2.1993E-06
-5.5353E-10	-5.5177E-10	4.1061E-08	-1.8989E-06
-4.2443E-10	-4.7972E-10	1.7766E-06	-1.3125E-06
-6.1384E-10	-4.9433E-10	8.3956E-08	-2.2612E-06
-4.2147E-10	-5.3231E-10	9.3869E-07	-8.0439E-07
-5.3697E-10	-4.3761E-10	2.8315E-07	-1.9302E-06
-4.2273E-10	-4.3969E-10	3.6294E-07	-3.6392E-07
-6.1001E-10	-3.5830E-10	8.9996E-07	-8.3912E-07
-4.8164E-10	-4.8909E-10	1.4344E-06	-7.1488E-07
-5.5348E-10	-3.4205E-10	5.7783E-07	-1.6979E-06
-4.9127E-10	-4.1324E-10	7.8682E-07	1.0616E-07
-6.2399E-10	-2.6824E-10	1.9532E-06	-1.2858E-06
-5.9234E-10	-4.5895E-10	1.0694E-06	-1.3820E-06
-5.8982E-10	-3.0526E-10	6.3485E-07	-1.7852E-06
-5.9480E-10	-4.1654E-10	1.8559E-07	-1.0352E-08
-6.3740E-10	-2.5358E-10	2.3735E-06	-1.0228E-06
-7.0692E-10	-4.5235E-10	-6.8300E-08	-1.9212E-06
-6.2076E-10	-3.3913E-10	1.0438E-06	5.6261E-07
-6.8406E-10	-4.4659E-10	2.0666E-06	-1.9152E-06
-6.2934E-10	-3.1023E-10	-3.3756E-07	-9.0508E-07
-7.7687E-10	-4.6097E-10	1.7625E-06	7.0437E-08
-6.2483E-10	-4.2188E-10	1.1421E-06	-1.1849E-06
-7.1947E-10	-4.8203E-10	1.7770E-06	-2.2373E-07
-5.9077E-10	-4.0392E-10	2.0111E-06	-1.7197E-06
-7.7404E-10	-4.6322E-10	1.2233E-06	-1.9072E-06
-5.9776E-10	-5.0919E-10	-1.8566E-07	-1.6381E-06
-6.8916E-10	-4.9519E-10	9.1406E-07	3.7720E-07
-5.3219E-10	-4.8735E-10	1.3422E-06	-1.3114E-06
-7.0271E-10	-4.3818E-10	1.2545E-06	5.1395E-07
-5.5582E-10	-5.5588E-10	3.2712E-06	-2.1095E-06
-6.1275E-10	-4.6829E-10	-2.3170E-07	-2.2604E-06
-4.7982E-10	-5.2238E-10	9.4440E-07	-4.5335E-07
-5.9616E-10	-3.7981E-10	7.4490E-07	-9.5751E-07
-5.2689E-10	-5.3720E-10	1.5646E-06	-5.0420E-07
-5.2990E-10	-4.0477E-10	1.0662E-06	-1.5235E-06
-4.6208E-10	-4.9658E-10	8.2165E-07	-5.8600E-07
-4.9977E-10	-3.0333E-10	1.1750E-06	-8.6153E-07
-5.3413E-10	-4.5933E-10	1.0826E-06	-4.4062E-07
-4.7984E-10	-3.2909E-10	1.5981E-06	-7.6415E-07
-4.9354E-10	-4.2636E-10	1.1037E-06	-5.4122E-07
-4.4961E-10	-2.3928E-10	2.3578E-06	-2.6512E-07
-5.8140E-10	-3.5448E-10	2.1427E-06	-1.9864E-06
-4.8268E-10	-2.7462E-10	9.3567E-07	-1.4218E-06
-5.6519E-10	-3.4625E-10	1.2778E-06	-1.1454E-06
-4.5695E-10	-2.1811E-10	1.1590E-06	-8.4637E-07
-6.4875E-10	-2.6385E-10	1.8140E-06	-1.0813E-06
-5.3139E-10	-2.6599E-10	1.0906E-06	-1.3655E-06
-6.4671E-10	-2.9040E-10	1.5816E-06	-5.3820E-07
-5.0597E-10	-2.5319E-10	2.1751E-06	-1.4943E-06
-7.0115E-10	-2.1758E-10	1.4949E-06	-1.7591E-06
-5.9770E-10	-3.0521E-10	1.5377E-06	-1.8672E-06
-7.0032E-10	-2.7599E-10	8.3165E-07	-2.1766E-06
-5.6477E-10	-3.3151E-10	2.6909E-07	-1.4277E-06
-7.0623E-10	-2.2193E-10	1.0693E-06	-7.5447E-07
-6.4797E-10	-3.6912E-10	1.1912E-06	-2.2360E-06
-6.9927E-10	-2.9676E-10	-8.3009E-07	-8.9550E-07
-6.0309E-10	-4.1766E-10	1.7231E-06	2.3409E-08
-6.5185E-10	-2.5947E-10	2.6770E-07	-1.6444E-06
-6.6021E-10	-4.2006E-10	1.4166E-06	8.4822E-07
-6.4174E-10	-3.2896E-10	2.2190E-06	-2.1735E-06
-6.0727E-10	-4.6965E-10	3.8521E-07	-7.7677E-07
-5.5420E-10	-3.0098E-10	1.5543E-06	-1.4286E-06
-6.3363E-10	-4.2440E-10	5.3238E-07	-4.9995E-07
-5.5272E-10	-3.4589E-10	2.3125E-06	-1.6275E-06
-5.8485E-10	-4.5903E-10	-6.4110E-07	-1.9031E-06
-4.5169E-10	-3.2198E-10	8.9943E-07	6.5495E-07
-5.8641E-10	-3.6984E-10	1.9538E-06	-1.2421E-06
-4.7254E-10	-3.3264E-10	5.7516E-07	-1.3454E-06
-5.5729E-10	-3.8503E-10	8.9591E-07	-3.4488E-07
-3.8742E-10	-3.1476E-10	1.3637E-06	-1.1090E-06
-5.4379E-10	-2.7245E-10	5.7949E-07	-5.3852E-07
-4.3761E-10	-2.9328E-10	1.8855E-06	-6.3760E-07
-5.4567E-10	-2.7551E-10	7.1141E-07	-1.6799E-06
-3.8880E-10	-2.8988E-10	2.8530E-07	-2.5725E-07
-5.2367E-10	-1.6979E-10	1.1338E-06	1.1189E-07
-4.6270E-10	-2.4696E-10	1.8915E-06	-6.5217E-08
-5.5779E-10	-1.7401E-10	1.9184E-06	-1.0989E-06
-4.5434E-10	-2.6721E-10	8.5067E-07	-6.2000E-07
-5.2755E-10	-1.0344E-10	2.2760E-06	1.9576E-07
-5.3375E-10	-2.1582E-10	2.4298E-06	-1.5458E-06
-5.8387E-10	-1.1926E-10	1.8351E-06	-1.1491E-06
-5.5437E-10	-2.6228E-10	1.7913E-06	-2.1850E-06
-5.4153E-10	-9.9325E-11	5.9263E-07	-1.0428E-06
-6.1470E-10	-2.1165E-10	1.9404E-06	-1.3188E-06
-6.0296E-10	-1.2716E-10	5.2592E-07	-1.4088E-06
-6.4497E-10	-2.7602E-10	1.8561E-06	-4.5282E-07
-5.4620E-10	-1.5559E-10	1.7063E-06	-2.1384E-06
-6.6506E-10	-2.2902E-10	4.5273E-07	-1.4031E-06
-5.9622E-10	-1.8425E-10	1.4575E-06	-7.6791E-07
-6.8838E-10	-2.9377E-10	1.2036E-06	-1.9668E-06
-5.2953E-10	-2.4373E-10	5.6132E-07	-8.2413E-07
-6.5924E-10	-2.4870E-10	1.5940E-06	-1.4353E-06
-5.5904E-10	-2.5537E-10	5.1447E-07	-1.3754E-06
-6.6968E-10	-2.9402E-10	1.1714E-06	-1.1099E-06
-4.9520E-10	-3.2223E-10	1.0452E-06	-1.3656E-06
-5.9843E-10	-2.4924E-10	6.7766E-07	-2.3041E-06
-5.0513E-10	-3.0150E-10	-1.0448E-06	-5.6525E-07
-6.0209E-10	-2.6184E-10	1.5573E-06	3.0698E-08
-4.6141E-10	-3.5584E-10	6.3916E-07	-1.5602E-06
-5.0917E-10	-2.2032E-10	2.6969E-07	-9.6875E-07
-4.5986E-10	-2.9850E-10	-3.9046E-07	-3.1728E-08
-5.1871E-10	-1.9923E-10	1.7337E-06	3.8020E-07
-4.5074E-10	-3.3105E-10	7.1800E-07	-1.2872E-06
-4.2980E-10	-1.6990E-10	4.2823E-07	1.0864E-08
-4.4640E-10	-2.4757E-10	7.8880E-07	3.6837E-07
-4.5556E-10	-1.2632E-10	2.2293E-06	7.1353E-08
-4.7653E-10	-2.6061E-10	1.0358E-06	-8.6270E-07
-3.9190E-10	-1.2108E-10	2.1845E-06	-1.0747E-07
-4.7237E-10	-1.7280E-10	8.4002E-07	-1.9300E-06
-4.3462E-10	-7.2271E-11	7.7603E-07	3.8969E-07
-5.3339E-10	-1.7540E-10	1.4682E-06	-1.1245E-06
-4.0608E-10	-9.9855E-11	4.6391E-07	1.6833E-07
-5.2434E-10	-1.0761E-10	1.7237E-06	9.5132E-08
-4.5510E-10	-6.0402E-11	1.8142E-06	1.0748E-07
-5.9750E-10	-1.0854E-10	2.4979E-06	-5.7815E-07
-4.5865E-10	-1.2022E-10	2.0738E-06	-1.3848E-06
-5.7368E-10	-7.7766E-11	8.9878E-07	-1.3184E-06
-4.9648E-10	-9.5413E-11	1.5470E-06	-4.8153E-08
-6.3717E-10	-7.9803E-11	2.0732E-06	-1.2683E-06
-5.2045E-10	-1.7494E-10	1.4782E-06	-1.2967E-06
-5.9100E-10	-8.9453E-11	6.4813E-07	-1.5784E-06
-5.3109E-10	-1.5958E-10	7.3295E-07	3.1821E-07
-6.2853E-10	-8.8082E-11	2.4920E-06	-8.2382E-07
-5.6231E-10	-2.3717E-10	1.0436E-06	-1.8366E-06
-5.6167E-10	-1.2822E-10	-5.5276E-08	-5.8964E-07
-5.3893E-10	-2.2034E-10	1.5720E-06	1.0806E-06
-5.6837E-10	-1.1498E-10	2.9689E-06	-9.7812E-07
-5.6906E-10	-2.7283E-10	1.8074E-06	-1.5862E-06
-4.9430E-10	-1.6838E-10	1.0156E-06	-2.1517E-06
-5.1707E-10	-2.4573E-10	-1.1986E-07	-3.3872E-07
-4.7729E-10	-1.3674E-10	1.7656E-06	-1.9996E-07
-5.4492E-10	-2.5750E-10	1.1089E-06	-6.1151E-07
-4.1746E-10	-1.8723E-10	2.1881E-06	-6.0879E-07
-4.7926E-10	-2.2006E-10	9.2052E-07	-1.7701E-06
-3.9095E-10	-1.3766E-10	7.5131E-07	-3.1229E-08
-5.0845E-10	-1.8931E-10	1.8479E-06	-7.3465E-07
-3.6614E-10	-1.7637E-10	1.0861E-06	-7.1691E-07
-4.4668E-10	-1.5180E-10	1.8277E-06	-6.5090E-07
-3.4375E-10	-1.1771E-10	1.1475E-06	-1.0778E-06
-4.8028E-10	-9.1077E-11	1.8470E-06	-5.5302E-07
-3.6453E-10	-1.4426E-10	1.3257E-06	-1.9204E-06
-4.3537E-10	-6.9791E-11	6.0637E-07	-9.2102E-07
-3.5253E-10	-9.0773E-11	4.6748E-07	-1.2652E-06
-4.7119E-10	-2.5723E-13	3.5629E-08	4.1548E-07
-4.1387E-10	-1.0950E-10	1.7055E-06	2.7796E-07
-4.4741E-10	-9.3730E-12	1.7669E-06	-8.8903E-08
-4.0876E-10	-7.4864E-11	1.9819E-06	-1.1042E-06
-4.7684E-10	4.8407E-11	7.5767E-07	-7.5801E-07
-4.9142E-10	-8.9004E-11	9.7324E-07	-3.8565E-07
-4.7051E-10	4.5836E-12	9.9958E-07	1.0909E-06
-4.8284E-10	-8.0481E-11	3.9447E-06	1.2226E-07
-4.8187E-10	3.8970E-11	2.2082E-06	-2.3542E-06
-5.6106E-10	-8.8016E-11	1.1739E-06	-1.3491E-06
-4.8590E-10	-3.0510E-11	1.0092E-06	-8.1742E-07
-5.3841E-10	-1.0367E-10	1.8392E-06	-7.9324E-07
-4.7058E-10	-1.8736E-11	7.9899E-07	-1.1490E-06
-5.9024E-10	-9.7565E-11	1.8172E-06	-7.1432E-10
-4.7982E-10	-9.4083E-11	1.6472E-06	-1.6745E-06
-5.4964E-10	-1.2787E-10	8.5801E-07	-2.4138E-07
-4.3770E-10	-9.4480E-11	2.3576E-06	-7.1594E-07
-5.6495E-10	-1.0053E-10	1.6358E-06	-1.6152E-06
-4.5196E-10	-1.5269E-10	1.0266E-06	-1.5835E-06
-5.1278E-10	-1.3343E-10	4.0383E-07	-8.3550E-07
-3.9297E-10	-1.5242E-10	1.3891E-06	-9.5623E-08
-4.9550E-10	-8.2722E-11	1.8245E-06	-1.3702E-06
-4.1612E-10	-1.7621E-10	2.9504E-07	-1.2467E-06
-4.4675E-10	-1.0946E-10	1.0263E-06	2.8260E-08
-3.5668E-10	-1.6779E-10	1.3649E-06	-9.2362E-07
-4.1068E-10	-4.2547E-11	8.1943E-07	-3.5597E-07
-3.9250E-10	-1.5189E-10	1.4858E-06	-4.5807E-07
-3.8268E-10	-6.1134E-11	9.9154E-07	-6.6902E-07
-3.4851E-10	-1.3733E-10	9.6626E-07	1.0198E-07
-3.4363E-10	6.4083E-12	2.2815E-06	2.4006E-07
-3.9584E-10	-8.9471E-11	2.0478E-06	-1.4928E-06
-3.4816E-10	-8.1536E-12	9.6698E-07	-2.6534E-07
-3.7581E-10	-7.8774E-11	2.7557E-06	-8.8866E-07
-3.1651E-10	4.1633E-11	8.2293E-07	-1.9714E-06
-4.2607E-10	-1.5376E-11	1.0672E-06	-3.4983E-07
-3.5421E-10	2.5164E-11	1.3131E-06	-1.2448E-06
-4.2798E-10	-2.0346E-11	7.7478E-07	-5.8836E-07
-3.3154E-10	4.3670E-11	1.2855E-06	-7.1397E-07
-4.6681E-10	4.0812E-11	7.4959E-07	-7.4743E-07
-3.9130E-10	2.2993E-11	8.4408E-07	-8.4993E-08
-4.8031E-10	1.3884E-11	1.2965E-06	-1.6775E-08
-3.7224E-10	7.4515E-12	1.5883E-06	1.6618E-07
-4.9296E-10	6.0394E-11	2.4044E-06	-3.5739E-07
-4.3573E-10	-1.2770E-11	1.8512E-06	-1.1293E-06
-5.0576E-10	1.5193E-11	1.7921E-06	-1.0008E-06
-4.1342E-10	-5.3259E-11	1.3134E-06	-1.6587E-06
-4.8375E-10	4.3248E-11	3.0014E-07	-8.9622E-07
-4.6265E-10	-6.2352E-11	1.1466E-06	2.2273E-07
-4.8858E-10	-7.3631E-12	2.0287E-06	-1.0051E-06
-4.3441E-10	-1.1108E-10	3.1212E-07	-1.0813E-06
-4.3439E-10	5.7634E-12	1.2293E-06	5.6592E-07
-4.5852E-10	-9.7462E-11	2.3490E-06	-8.7120E-07
-4.3279E-10	-3.3777E-11	7.5411E-07	-1.7158E-06
-4.2854E-10	-1.3761E-10	1.2438E-08	1.8777E-07
-3.6004E-10	-2.9193E-11	1.9993E-06	2.9243E-07
-4.2676E-10	-9.5561E-11	1.2621E-06	-8.2152E-07
-3.6095E-10	-4.4918E-11	1.2639E-06	-1.9594E-07
-4.0441E-10	-1.1727E-10	1.0207E-06	1.5648E-08
-2.8970E-10	-4.4537E-11	2.5211E-06	3.0887E-07
-3.8406E-10	-5.1698E-11	1.8603E-06	-1.4743E-06
-3.0357E-10	-3.2756E-11	1.3654E-06	-6.6773E-07
-3.7903E-10	-5.5297E-11	8.7211E-07	-1.0454E-06
-2.5268E-10	-3.6895E-11	1.1788E-06	2.4307E-07
-3.5017E-10	1.8246E-11	1.4940E-06	-6.6225E-07
-2.8437E-10	-3.6976E-12	1.3730E-06	7.6164E-08
-3.6698E-10	2.4143E-11	1.6717E-06	-4.0322E-07
-2.6442E-10	-1.6358E-11	2.2323E-06	-2.1870E-07
-3.3690E-10	8.4759E-11	1.3542E-06	-1.6961E-06
-3.0885E-10	2.6301E-11	1.1320E-06	-1.5869E-08
-3.7205E-10	8.9087E-11	1.0149E-06	-1.5014E-06
-3.1865E-10	1.2116E-12	2.9533E-07	1.1988E-06
-3.4250E-10	1.1882E-10	2.6921E-06	-2.5198E-07
-3.6167E-10	4.1653E-11	1.2075E-06	4.3671E-08
-3.8552E-10	1.1466E-10	2.6124E-06	-5.7149E-07
-3.9006E-10	4.5445E-12	1.3119E-06	-5.6315E-07
-3.5410E-10	1.0593E-10	2.0016E-06	-9.6365E-07
-4.1425E-10	3.6342E-11	6.1223E-07	-1.1143E-07
-3.9209E-10	9.4492E-11	2.5601E-06	1.9367E-09
-4.4602E-10	-6.0232E-12	1.7154E-06	-8.9023E-07
-3.5642E-10	5.3063E-11	1.6966E-06	-1.2482E-06
-4.3863E-10	1.7260E-11	1.6259E-07	-8.3058E-09
-3.7956E-10	4.3071E-11	2.6088E-06	6.3211E-07
-4.6174E-10	-1.8837E-11	2.1893E-06	-7.7133E-07
-3.4158E-10	-1.4801E-11	2.2864E-06	-1.4350E-06
-4.2084E-10	-4.9984E-14	-1.3853E-08	-9.1746E-07
-3.4688E-10	-1.1847E-11	1.9147E-06	8.9103E-07
-4.3130E-10	-1.8245E-11	2.0637E-06	-4.7698E-07
-3.1425E-10	-6.6661E-11	2.3551E-06	-4.9432E-07
-3.6706E-10	-7.3718E-13	1.4300E-06	-5.2358E-07
-3.0569E-10	-4.2909E-11	3.3739E-06	-3.1671E-07
-3.6936E-10	5.3320E-12	1.3597E-06	-2.7759E-06
-2.8919E-10	-7.9964E-11	6.8160E-07	9.1772E-08
-2.9998E-10	2.0260E-11	2.2461E-06	-6.8981E-07
-2.7446E-10	-3.6026E-11	1.9225E-06	-1.1910E-06
-3.0308E-10	4.8433E-11	7.9523E-07	-1.6599E-06
-2.8263E-10	-5.0446E-11	8.4061E-07	3.0343E-07
-2.4742E-10	5.4564E-11	2.3814E-06	-8.7559E-07
-2.6826E-10	3.8222E-12	7.1337E-07	-1.4243E-06
-2.5862E-10	9.4892E-11	6.5859E-07	3.5083E-08
-3.0210E-10	7.1821E-12	1.4381E-06	-5.3633E-08
-2.2900E-10	8.4369E-11	1.3615E-06	4.7020E-07
-2.8981E-10	5.6332E-11	3.1681E-06	-8.3636E-08
-2.4903E-10	1.2361E-10	1.6673E-06	-1.7972E-06
-3.4077E-10	6.7531E-11	1.3264E-06	-3.2065E-07
-2.4754E-10	9.2112E-11	1.6990E-06	-8.1333E-07
-3.2692E-10	9.6849E-11	1.6843E-06	-6.4087E-07
-2.6950E-10	1.1979E-10	1.0475E-06	-9.5867E-07
-3.7947E-10	1.0722E-10	1.6131E-06	4.6576E-07
-2.8902E-10	7.0639E-11	2.6912E-06	-1.0057E-06
-3.5802E-10	1.0872E-10	1.5818E-06	-1.6642E-06
-3.0166E-10	8.3517E-11	2.7353E-07	-1.2677E-06
-3.9584E-10	1.1546E-10	1.0404E-06	6.4008E-07
-3.3066E-10	2.8280E-11	1.8761E-06	-8.9218E-07
-3.6310E-10	9.0756E-11	8.0560E-07	1.8604E-07
-3.2425E-10	3.0955E-11	2.4151E-06	1.4943E-08
-3.7588E-10	9.7480E-11	2.2426E-06	-5.8185E-07
-3.5257E-10	-1.4176E-11	2.1759E-06	-1.8828E-06
-3.3444E-10	5.6435E-11	1.0220E-07	-1.0230E-06
-3.2418E-10	-1.2848E-11	1.4431E-06	-1.8369E-07
-3.2192E-10	6.9756E-11	6.0759E-07	-3.9167E-07
-3.4686E-10	-3.3385E-11	1.8924E-06	5.0919E-07
-2.8137E-10	2.5698E-11	1.7114E-06	-7.5473E-07
-3.0232E-10	-2.6083E-11	1.5700E-06	-3.7572E-07
-2.5262E-10	5.0080E-11	8.7260E-07	-5.3036E-07
-3.1994E-10	-1.5305E-11	1.5549E-06	8.0194E-07
-2.2632E-10	1.4184E-11	2.0879E-06	-8.4291E-08
-2.7142E-10	-1.0670E-12	2.4745E-06	2.9588E-07
-1.9475E-10	4.8108E-11	2.3795E-06	-1.1123E-06
-2.8725E-10	3.7076E-11	1.9785E-06	6.6154E-08
-1.9404E-10	2.5619E-11	2.9055E-06	-1.4574E-06
-2.4786E-10	5.1690E-11	1.2121E-06	-6.8435E-07
-1.7069E-10	6.1268E-11	3.2060E-06	-9.9051E-07
-2.6390E-10	1.0424E-10	1.1745E-06	-2.5971E-06
-1.9917E-10	5.1179E-11	4.4961E-07	-9.2164E-07
-2.4210E-10	1.0841E-10	8.2984E-07	-2.0908E-07
-1.8782E-10	7.7782E-11	1.9859E-06	-3.6192E-07
-2.5638E-10	1.5885E-10	1.0516E-06	-1.2440E-06
-2.3871E-10	7.5694E-11	1.0686E-06	-7.8949E-08
-2.5313E-10	1.4355E-10	1.4661E-06	-5.3788E-07
-2.3497E-10	8.4674E-11	1.3387E-06	-3.0200E-07
-2.5996E-10	1.7850E-10	1.2546E-06	-5.8243E-07
-2.9307E-10	8.6868E-11	9.2766E-07	2.5818E-07
-2.6972E-10	1.4213E-10	2.0758E-06	5.4104E-07
-2.8791E-10	7.5988E-11	2.4406E-06	-2.3591E-07
-2.6265E-10	1.5621E-10	2.3783E-06	-6.6275E-07
-3.3529E-10	8.2247E-11	1.9374E-06	-1.1633E-06
-2.7754E-10	1.0679E-10	1.4518E-06	-5.9707E-07
-3.2087E-10	5.6568E-11	2.1723E-06	-7.0936E-07
-2.5338E-10	1.0353E-10	1.4004E-06	-1.3443E-06
-3.4391E-10	7.0090E-11	1.1360E-06	-2.8462E-07
-2.6783E-10	5.6154E-11	2.2190E-06	-5.7321E-07
-3.1854E-10	3.9318E-11	1.2301E-06	-1.5371E-06
-2.2949E-10	4.4839E-11	8.0859E-07	3.3415E-08
-3.1295E-10	6.3831E-11	2.3079E-06	-4.7821E-07
-2.4274E-10	1.5500E-11	1.2973E-06	-1.2907E-06
-2.8269E-10	3.7570E-11	8.7944E-07	-7.2688E-07
-1.9907E-10	5.7148E-12	8.4721E-07	9.7579E-08
-2.5436E-10	7.3437E-11	2.0850E-06	-1.0321E-07
-2.1430E-10	4.4947E-12	1.2023E-06	-9.4010E-07
-2.3041E-10	5.6905E-11	1.0138E-06	1.0956E-07
-1.7685E-10	1.1826E-12	1.9007E-06	2.6783E-07
-1.9177E-10	9.8687E-11	2.0708E-06	-9.2714E-07
-1.9755E-10	2.8118E-11	5.2664E-07	-1.3840E-07
-1.8505E-10	9.1111E-11	2.4690E-06	6.4222E-07
-1.7573E-10	2.9573E-11	1.7962E-06	-9.0923E-07
-1.4900E-10	1.2832E-10	1.8756E-06	8.0753E-08
-2.0166E-10	7.5054E-11	1.7015E-06	-5.5724E-07
-1.6473E-10	1.2470E-10	2.3374E-06	3.5064E-07
-1.9879E-10	7.4666E-11	2.3247E-06	-1.2615E-06
-1.3915E-10	1.4574E-10	1.7501E-06	-8.0400E-08
-2.2407E-10	1.2399E-10	2.5631E-06	-1.1562E-06
-1.7406E-10	1.4087E-10	1.5376E-06	-6.6282E-07
-2.3620E-10	1.1464E-10	2.3423E-06	-1.1524E-06
-1.5952E-10	1.3826E-10	1.0186E-06	-8.8649E-07
-2.5096E-10	1.5432E-10	2.3123E-06	-1.9290E-07
-2.0299E-10	1.3062E-10	2.2273E-06	-1.3949E-06
-2.6923E-10	1.3302E-10	1.8864E-06	-1.5272E-06
-1.9443E-10	1.0491E-10	9.3975E-07	-1.9046E-06
-2.6412E-10	1.5575E-10	5.8536E-07	-5.0599E-07
-2.3297E-10	9.8224E-11	1.6563E-06	-1.0069E-06
-2.7937E-10	1.2604E-10	9.5371E-08	-1.0788E-06
-2.2416E-10	5.8267E-11	1.1768E-06	6.3598E-07
-2.5064E-10	1.3217E-10	1.8104E-06	-8.6826E-07
-2.4683E-10	5.9834E-11	1.0128E-06	-3.0723E-07
-2.5793E-10	1.0303E-10	1.7692E-06	-4.5047E-07
-2.3480E-10	1.9210E-11	1.6435E-06	-8.9972E-07
-2.1037E-10	9.8265E-11	9.0440E-07	-1.4976E-06
-2.3715E-10	3.5696E-11	1.7089E-07	-2.4355E-07
-2.1110E-10	8.0098E-11	8.8282E-07	-1.1392E-07
-2.2432E-10	6.8868E-12	9.9645E-07	4.6318E-07
-1.5706E-10	7.1117E-11	1.7113E-06	-7.0978E-07
-2.0910E-10	3.9893E-11	-1.0299E-07	2.3218E-08
-1.5754E-10	7.0915E-11	1.4911E-06	8.2515E-07
-2.0180E-10	2.9072E-11	7.9933E-07	5.8675E-07
-1.1232E-10	6.1492E-11	2.4692E-06	1.2700E-06
-1.7645E-10	7.2840E-11	1.8452E-06	-1.0152E-07
-1.1956E-10	7.9629E-11	2.7842E-06	1.0838E-06
-1.8102E-10	7.7844E-11	3.0427E-06	-1.2589E-06
-9.5278E-11	6.9251E-11	1.7461E-06	-6.4556E-07
-1.5354E-10	1.2050E-10	1.8857E-06	-1.1796E-06
-1.1231E-10	9.9518E-11	8.6991E-07	-3.2968E-07
-1.7212E-10	1.3292E-10	1.8382E-06	-2.3130E-09
-1.1317E-10	8.5011E-11	1.8211E-06	-4.0815E-07
-1.4751E-10	1.6090E-10	1.5394E-06	-8.1485E-07
-1.3631E-10	1.1773E-10	7.2233E-07	-1.0324E-07
-1.7611E-10	1.7106E-10	1.5826E-06	6.7407E-07
-1.5742E-10	9.6660E-11	2.1283E-06	1.5750E-07
-1.5520E-10	1.7473E-10	1.7819E-06	-3.2809E-08
-1.7724E-10	1.2319E-10	2.3131E-06	6.1277E-07
-1.8500E-10	1.7699E-10	3.2070E-06	-8.5980E-07
-2.0745E-10	9.6840E-11	1.1062E-06	-1.5006E-06
-1.6586E-10	1.5481E-10	1.0843E-06	6.2129E-07
-2.1298E-10	1.1304E-10	2.5939E-06	-9.1648E-09
-1.8718E-10	1.5033E-10	1.6122E-06	-2.5720E-07
-2.4018E-10	8.7166E-11	2.8257E-06	3.5134E-07
-1.6816E-10	1.0966E-10	2.3721E-06	-1.3412E-06
-2.2436E-10	9.4166E-11	1.8544E-06	-1.6989E-07
-1.7490E-10	1.0535E-10	2.3360E-06	-1.3322E-06
-2.4072E-10	7.6914E-11	9.1162E-07	-2.0299E-07
-1.5719E-10	5.9396E-11	2.8512E-06	-2.5707E-07
-2.0435E-10	7.8958E-11	1.1987E-06	-1.3300E-06
-1.4932E-10	6.3706E-11	1.7520E-06	5.4468E-07
-2.0891E-10	7.7048E-11	2.5601E-06	-9.6325E-07
-1.3749E-10	2.6131E-11	1.2584E-06	-4.7123E-07
-1.6104E-10	7.7858E-11	2.3415E-06	-1.7819E-10
-1.2046E-10	4.3958E-11	2.3416E-06	-5.6696E-07
-1.5877E-10	9.3069E-11	2.8825E-06	-1.2361E-06
-1.2043E-10	2.3624E-11	7.5411E-07	-2.1038E-06
-1.1319E-10	9.2977E-11	1.0710E-06	6.3018E-07
-1.0183E-10	5.3068E-11	2.4378E-06	-1.1279E-06
-1.1124E-10	1.2085E-10	7.6664E-07	-3.8406E-07
-1.1739E-10	5.1268E-11	2.1251E-06	5.2164E-08
-8.0876E-11	1.1641E-10	2.2919E-06	-2.5117E-07
-1.0274E-10	8.3898E-11	2.7691E-06	-1.6742E-06
-8.4105E-11	1.4792E-10	4.6095E-07	-1.7721E-06
-1.3250E-10	9.5183E-11	5.3540E-07	-2.9385E-07
-7.5869E-11	1.3430E-10	6.2160E-07	6.2249E-07
-1.2266E-10	1.1967E-10	2.4812E-06	9.6004E-07
-8.4008E-11	1.5982E-10	2.6058E-06	-5.9135E-07
-1.5929E-10	1.3557E-10	1.7194E-06	-7.9496E-07
-9.6592E-11	1.3457E-10	1.4956E-06	3.5439E-07
-1.5067E-10	1.4279E-10	3.2206E-06	-1.6721E-08
-1.0444E-10	1.4797E-10	2.5175E-06	-1.3792E-06
-1.8315E-10	1.5636E-10	1.9730E-06	-1.6214E-06
-1.2986E-10	1.1401E-10	3.8657E-07	-1.0264E-06
-1.7064E-10	1.4344E-10	1.6016E-06	6.3422E-07
-1.3024E-10	1.1505E-10	2.1373E-06	-2.9539E-07
-1.8865E-10	1.5233E-10	2.5283E-06	-6.1024E-08
-1.5812E-10	8.0852E-11	2.4916E-06	-1.3576E-06
-1.6958E-10	1.2370E-10	1.5440E-06	-7.3325E-07
-1.4594E-10	7.4580E-11	2.4087E-06	-7.2418E-07
-1.6786E-10	1.3031E-10	1.8036E-06	-1.4708E-06
-1.6822E-10	5.1250E-11	1.4956E-06	-8.7189E-07
-1.4461E-10	9.5407E-11	1.4993E-06	-1.1438E-06
-1.4351E-10	4.4780E-11	1.2279E-06	-3.1820E-07
-1.2522E-10	1.0431E-10	2.3128E-06	-1.0122E-06
-1.5724E-10	4.1242E-11	5.8343E-07	-1.4397E-06
-1.0501E-10	7.3320E-11	8.7134E-07	2.8947E-07
-1.2560E-10	3.9657E-11	1.8290E-06	1.3715E-07
-7.6267E-11	8.7569E-11	2.1806E-06	-3.0078E-07
-1.3265E-10	5.8376E-11	1.8724E-06	-4.8218E-07
-6.8069E-11	6.7324E-11	2.3748E-06	-4.4543E-07
-1.0293E-10	6.1877E-11	2.1159E-06	-1.1387E-06
-4.0561E-11	8.5845E-11	1.8495E-06	-1.0604E-06
-1.0722E-10	9.7304E-11	1.5700E-06	-1.0277E-06
-5.0584E-11	7.7859E-11	1.8857E-06	-9.0564E-07
-8.7589E-11	1.0112E-10	1.5081E-06	-1.5693E-06
-3.2357E-11	9.5366E-11	7.5680E-07	-1.0593E-06
-9.1624E-11	1.4177E-10	9.7340E-07	-5.0322E-07
-6.0452E-11	9.6670E-11	9.9869E-07	-3.7691E-07
-8.6184E-11	1.3890E-10	1.5120E-06	1.3678E-07
-5.3632E-11	1.0618E-10	1.7867E-06	-6.8707E-07
-8.9019E-11	1.7209E-10	1.3929E-06	-2.1294E-08
-9.2478E-11	1.1216E-10	2.3144E-06	-7.1707E-07
-9.6446E-11	1.5746E-10	1.3132E-06	-5.9130E-07
-9.3037E-11	1.0868E-10	2.3179E-06	-6.9301E-07
-9.4193E-11	1.7449E-10	1.4026E-06	-1.1651E-06
-1.3065E-10	1.1618E-10	1.6629E-06	-1.1193E-06
-1.0908E-10	1.4836E-10	7.9314E-07	-8.5791E-07
-1.3131E-10	9.9543E-11	1.4993E-06	-1.1877E-06
-9.7568E-11	1.4764E-10	-7.4442E-07	-2.2840E-07
-1.5574E-10	1.0839E-10	2.5429E-06	1.3768E-06
-1.1356E-10	1.1646E-10	1.3010E-06	-1.2598E-06
-1.5041E-10	8.3653E-11	1.6789E-06	7.9346E-07
-9.1525E-11	1.0325E-10	2.2745E-06	-9.2283E-07
-1.5451E-10	9.6014E-11	1.8034E-06	9.5174E-08
-1.0447E-10	7.7305E-11	2.4994E-06	-1.2384E-06
-1.4193E-10	7.1136E-11	1.4975E-06	-7.7521E-07
-7.5353E-11	6.0358E-11	1.7981E-06	-1.2992E-06
-1.2592E-10	8.9069E-11	1.0073E-06	-4.9669E-07
-8.4811E-11	4.9444E-11	2.0723E-06	-7.6137E-07
-1.1054E-10	7.1194E-11	1.2285E-06	-1.0181E-06
-5.6005E-11	3.6420E-11	1.6454E-06	-7.2650E-07
-8.1393E-11	9.4064E-11	1.2426E-06	-1.0413E-06
-6.4396E-11	4.5397E-11	1.4285E-06	-7.1341E-07
-7.1118E-11	8.6329E-11	9.2027E-07	-1.1918E-06
-4.4207E-11	3.9376E-11	8.1886E-07	2.8307E-07
-3.9089E-11	1.0968E-10	2.4778E-06	-6.0415E-07
-5.4177E-11	6.5926E-11	9.6543E-07	-1.2507E-06
-4.1058E-11	1.1027E-10	1.5816E-06	-3.6841E-07
-4.8086E-11	6.4646E-11	1.2741E-06	-1.1147E-06
-1.5219E-11	1.2698E-10	1.3817E-06	-4.8686E-07
-5.9774E-11	1.0021E-10	1.5586E-06	-1.0518E-06
-3.1857E-11	1.3087E-10	1.2239E-06	-1.2261E-06
-6.7913E-11	9.8208E-11	8.0587E-07	-8.2070E-07
-1.6677E-11	1.3422E-10	1.5290E-06	-1.2629E-06
-7.7783E-11	1.3166E-10	-3.5044E-07	-1.2418E-06
-4.4059E-11	1.3654E-10	1.3200E-06	3.4032E-07
-9.4977E-11	1.2395E-10	6.6464E-07	-1.8399E-06
-3.8560E-11	1.2356E-10	-3.1849E-07	2.6833E-07
-9.7072E-11	1.4615E-10	1.1291E-06	4.6526E-07
-6.7907E-11	1.2266E-10	2.1069E-06	-3.6892E-07
-1.1543E-10	1.3147E-10	2.4133E-07	-1.6904E-06
-6.7502E-11	9.6096E-11	6.2353E-07	8.1490E-07
-1.0451E-10	1.3858E-10	1.3094E-06	-1.2681E-06
-8.8999E-11	9.4612E-11	1.3759E-07	4.0432E-07
-1.1723E-10	1.2042E-10	1.6653E-06	-6.6193E-07
-8.8814E-11	6.2307E-11	3.1875E-07	-3.6633E-07
-9.2129E-11	1.1451E-10	8.6658E-07	-7.9089E-07
-9.5810E-11	6.5509E-11	-3.8214E-07	3.3364E-07
-9.6583E-11	9.9529E-11	1.5198E-06	2.9507E-07
-9.3637E-11	3.7349E-11	3.1534E-07	-2.4975E-07
-6.1914E-11	8.6445E-11	1.2094E-06	1.5154E-07
-8.5163E-11	4.9756E-11	-4.9755E-08	-3.6552E-07
-6.0418E-11	8.1140E-11	9.1132E-07	1.4854E-06
-8.2509E-11	3.3590E-11	2.1538E-06	-3.9661E-07
-2.5496E-11	6.6962E-11	5.1435E-07	-8.7316E-07
-6.3010E-11	5.5659E-11	4.1782E-07	-5.1451E-07
-2.3483E-11	7.4424E-11	-1.1549E-06	-3.6312E-07
