jMRUI Data Textfile

Filename: Export_to_jmrui.txt

PointsInDataset: 2048
DatasetsInFile: 1
SamplingInterval: 0.250000
ZeroOrderPhase: 0E0
BeginTime: 0E0
TransmitterFrequency: 1.2326E8
MagneticField: 2.8936E0
TypeOfNucleus:  
NameOfPatient:  
DateOfExperiment:  
Spectrometer:  
AdditionalInfo: 
SignalNames:  


Signal and FFT
sig(real)	sig(imag)	fft(real)	fft(imag)
Signal 1 out of 1 in file
9.0669E-08	3.7246E-07	-5.0688E-07	4.8821E-07
5.0395E-07	9.4992E-08	2.8130E-07	4.6260E-07
5.0610E-07	-2.0343E-07	1.0438E-06	1.9422E-07
1.9240E-07	-3.1249E-07	-1.1663E-07	-1.8426E-06
8.5586E-08	-3.4248E-07	-1.4251E-06	1.1637E-06
-2.2110E-07	-1.8264E-07	1.2593E-06	-2.4553E-07
-1.2950E-07	-1.2665E-07	-1.3095E-06	3.2403E-07
-1.2985E-07	1.3027E-07	1.7344E-06	6.2291E-07
-3.5520E-08	9.7327E-08	-6.4654E-07	-1.1134E-06
1.1495E-07	1.5020E-07	4.9062E-07	9.2409E-07
2.1682E-07	-2.9003E-08	3.5917E-07	-7.4866E-07
1.3085E-07	-7.0858E-08	3.1198E-07	1.7337E-08
7.2851E-08	-1.8765E-07	6.1626E-08	-5.7445E-07
1.5184E-08	-2.2503E-07	5.8157E-07	-1.8473E-07
-7.3400E-08	-1.5950E-07	-1.8871E-07	-1.3432E-06
-8.6717E-08	-8.5312E-08	-5.1950E-07	-2.5600E-07
-1.5890E-07	-8.6801E-09	-6.5346E-07	-6.0584E-07
-6.8691E-08	4.8992E-08	-4.8875E-07	4.2911E-07
-4.1722E-08	3.4494E-08	5.9644E-08	-2.7574E-07
3.7203E-08	-9.5960E-09	-1.8446E-07	-2.8702E-07
-2.4719E-08	-9.4677E-08	-7.5042E-07	-6.3986E-07
-7.8369E-08	-8.4588E-08	-7.9080E-07	6.1529E-07
-1.3454E-07	-1.2253E-07	9.3332E-08	1.0457E-08
-1.1779E-07	-7.3403E-08	-3.6113E-07	-4.8314E-08
-1.2299E-07	-3.4424E-09	-4.1526E-07	-4.3546E-07
-8.0156E-08	5.3991E-08	-1.3400E-06	3.4113E-07
1.4752E-09	9.5410E-08	-2.2868E-07	1.0974E-06
-1.4556E-08	6.8212E-08	1.2206E-07	4.0890E-07
2.5665E-08	2.2326E-08	-7.6359E-08	2.5727E-07
7.7297E-10	3.6376E-08	-1.5339E-07	3.6857E-07
-6.3892E-08	-6.4270E-08	-1.7755E-07	3.0556E-07
-8.2871E-08	-2.8030E-08	-2.2388E-07	1.0151E-06
-1.5922E-07	6.1261E-08	1.2008E-06	4.6280E-07
-8.8655E-08	1.1035E-07	-3.9237E-07	-6.1981E-07
-1.0987E-07	1.3972E-07	-3.1621E-08	1.5759E-06
-1.7987E-08	1.4611E-07	1.7294E-06	9.8882E-08
2.5439E-08	1.2094E-07	5.5964E-07	-7.5575E-07
7.4071E-08	3.4999E-08	1.9753E-07	-4.7563E-07
7.3451E-08	7.2020E-08	5.0404E-07	-4.0223E-07
4.4141E-08	3.4671E-08	-2.9791E-07	-1.3778E-06
6.4014E-08	2.4321E-08	-9.6794E-07	4.8239E-07
1.0449E-07	7.8433E-08	7.7580E-07	-2.6152E-07
1.0700E-07	7.0276E-08	-6.3487E-07	-6.9171E-07
6.8683E-08	4.9947E-08	-2.7003E-07	-3.2593E-07
8.6817E-08	5.9516E-08	-1.2365E-06	-9.2456E-08
6.4193E-08	-2.5340E-10	-3.2068E-07	1.0906E-06
1.0557E-07	-2.3135E-09	7.0028E-07	6.2161E-07
7.7291E-10	-1.9460E-08	8.9949E-07	-9.7844E-07
3.1532E-08	-1.0642E-08	-1.2301E-06	-7.5584E-07
7.9310E-09	-1.0292E-08	-1.4043E-07	5.2424E-07
1.6675E-09	2.5458E-08	-4.0786E-07	-4.3930E-07
6.2554E-08	3.7182E-09	-5.1979E-07	2.9381E-07
4.9880E-08	-2.3846E-08	-4.6349E-07	1.4676E-07
2.0233E-08	-2.1258E-09	-4.0482E-07	4.2525E-07
7.2980E-08	-7.5553E-08	-4.4952E-07	9.6190E-07
2.6721E-08	-3.1898E-08	1.2328E-06	6.9009E-07
1.9613E-08	-8.5941E-08	-2.5367E-07	-7.0203E-07
-3.1053E-09	-7.5358E-08	-2.5535E-07	1.2928E-06
-1.1683E-08	-2.0579E-08	2.1334E-06	-3.2819E-07
-1.7222E-08	-5.7972E-08	-3.7939E-07	-1.5659E-06
2.5619E-09	-4.8607E-08	-4.6661E-07	8.9743E-09
6.6756E-08	-3.9105E-08	-1.0647E-08	-1.6959E-07
2.2466E-08	-4.5760E-08	3.9771E-09	-3.2454E-07
2.9771E-08	-6.1628E-08	-3.6411E-07	-3.7073E-07
9.4351E-09	-6.1913E-08	-8.9416E-08	4.4953E-08
-1.6969E-08	-5.8639E-08	1.8922E-08	-6.2846E-07
-2.3796E-08	-6.2257E-08	-6.9185E-07	-4.1258E-07
-5.8714E-08	-8.9019E-08	-4.9073E-07	-1.1266E-07
-8.2788E-08	-2.0255E-08	-5.9691E-07	-7.2497E-08
-1.2346E-07	-5.8755E-08	-5.5383E-07	1.9385E-08
-7.9560E-08	-3.6161E-08	-6.9008E-07	3.4719E-07
-8.1895E-08	-3.7990E-08	-1.0576E-07	4.4353E-07
-5.9228E-08	2.4993E-08	-3.3185E-07	1.9261E-07
-1.6798E-08	4.8677E-08	1.3250E-07	5.6505E-07
-4.3373E-08	4.1317E-08	1.5779E-07	-3.4429E-07
-2.1576E-08	6.8758E-08	-5.1037E-07	2.9681E-07
1.9705E-08	5.2092E-08	5.6943E-07	1.3889E-07
1.4012E-08	-3.0613E-08	-4.3968E-07	-6.3716E-07
1.1092E-08	2.1430E-09	-3.2780E-07	4.9955E-07
2.0336E-08	-2.8417E-08	4.3209E-08	-7.4931E-08
-5.1592E-08	-1.0715E-08	1.2936E-07	2.2732E-07
-3.1846E-09	-3.1053E-09	-1.1668E-07	-6.9038E-07
-2.9596E-08	3.0140E-08	-3.6365E-07	7.9647E-07
-2.7277E-08	6.3618E-08	1.1839E-06	-9.1874E-07
1.5257E-09	7.7911E-08	-1.3688E-06	-8.2340E-07
3.8285E-08	4.4370E-08	8.1354E-08	6.8877E-09
6.8295E-09	7.6733E-08	-1.5435E-06	-6.2049E-07
3.9594E-08	2.6125E-08	-2.0097E-07	1.3927E-06
2.6293E-08	4.3206E-08	1.1904E-07	-3.9100E-07
3.3626E-08	-3.7389E-08	1.1348E-07	4.5831E-07
1.2093E-08	-3.9859E-08	3.2830E-08	-1.4172E-06
4.0197E-08	1.4438E-08	-1.7765E-06	3.5398E-07
-4.6452E-08	-1.2149E-08	2.6083E-07	5.5641E-07
2.7070E-08	4.7338E-09	-7.5059E-07	-3.1724E-08
1.0614E-08	8.8744E-09	1.9563E-07	7.5380E-07
-5.5160E-09	-8.3487E-09	-7.1799E-09	-3.4854E-07
3.6665E-08	2.1484E-08	-7.2367E-08	3.8781E-07
2.1379E-08	5.8399E-08	3.8628E-07	-4.5242E-07
8.9335E-09	2.3509E-08	-3.5479E-07	-4.0565E-07
-2.5540E-08	5.5725E-08	-8.5009E-08	-4.1307E-07
-2.4340E-08	-2.9382E-08	-7.2163E-07	-7.7572E-07
2.8168E-08	-4.4708E-08	-1.2680E-06	2.2085E-07
5.3525E-08	-8.2268E-09	-1.4949E-08	7.6651E-07
1.9976E-08	4.0326E-08	2.2971E-07	-3.4640E-07
-1.5377E-08	-4.5765E-08	-1.3156E-07	-6.7762E-07
3.6310E-09	-3.4291E-08	-1.3931E-06	-8.6365E-07
2.1686E-08	-2.2192E-08	-1.0014E-06	1.1621E-06
-2.8191E-08	-1.8170E-08	3.3590E-07	-1.9757E-07
1.6100E-09	-1.7625E-08	-7.4979E-07	-2.9414E-08
1.3279E-08	-5.1570E-08	-1.3675E-07	-3.4797E-07
-4.0428E-09	-1.7859E-08	-1.0894E-06	-1.5385E-07
2.8457E-08	4.3656E-09	-6.1179E-07	4.5132E-09
2.6830E-08	-2.5720E-08	-1.0822E-06	4.5078E-07
-1.8076E-08	2.4585E-09	-4.8960E-08	4.1868E-07
1.1524E-09	2.1142E-09	-3.6666E-07	5.5607E-08
1.2902E-08	-4.6790E-08	-2.3320E-07	-5.9872E-07
8.6250E-09	-2.2344E-08	-1.6577E-06	8.9360E-08
3.2291E-08	-8.0040E-09	-2.5146E-07	5.4199E-07
-3.3442E-09	-8.4138E-09	-1.2920E-06	1.3385E-07
-3.5540E-08	-3.7853E-08	-1.0315E-07	1.1442E-06
-5.1053E-08	-5.3506E-08	-1.0517E-07	-2.0804E-07
-1.4834E-09	3.4972E-08	-6.5527E-07	-2.1564E-07
-4.4826E-08	3.1843E-08	-1.5889E-06	5.4057E-07
-1.9796E-08	1.2262E-08	3.1173E-07	1.4320E-06
1.5365E-08	2.1854E-08	-4.0972E-09	-6.0032E-07
2.3077E-08	5.5241E-08	-7.1863E-07	2.3938E-07
2.5617E-08	-1.7188E-09	-7.3861E-07	-1.0871E-07
-2.8726E-09	-1.5681E-08	-9.3957E-07	7.1370E-07
-5.1902E-08	6.3424E-09	-3.0517E-07	5.2078E-07
2.3678E-08	-6.0415E-08	-3.8214E-07	1.3359E-07
-2.9064E-08	-1.0852E-08	-1.2665E-06	2.1996E-07
-5.2635E-08	-5.1381E-09	-5.8371E-07	1.6584E-06
-2.6574E-08	2.2360E-08	7.8137E-07	4.6097E-07
-2.6594E-08	6.9393E-08	-3.8456E-07	-7.0685E-07
-5.5193E-08	8.8201E-08	-1.6916E-06	4.0980E-07
-1.0939E-08	7.1262E-08	-3.8057E-07	1.6130E-06
2.5935E-08	9.8838E-08	7.9147E-08	5.8858E-07
1.2707E-08	3.2647E-08	1.9640E-07	6.5656E-07
2.3115E-08	6.3730E-08	-3.2344E-07	-4.9475E-07
1.2087E-08	-1.7376E-08	-1.2958E-06	1.1451E-06
3.1705E-08	2.4895E-08	5.7322E-07	9.9903E-07
3.2286E-08	-1.2222E-08	-3.1105E-07	2.1130E-07
5.7110E-08	2.2567E-08	1.6091E-07	6.2648E-07
-2.1170E-08	2.1652E-08	-5.2567E-07	1.1351E-07
1.6519E-08	-1.2508E-08	1.5177E-07	1.0838E-06
3.7270E-08	-6.8893E-09	-9.6282E-08	-4.2603E-07
2.5221E-08	-6.2507E-08	-7.5356E-07	1.2355E-06
3.8860E-08	-3.0266E-08	4.7048E-07	3.5978E-07
2.4142E-08	-1.4244E-08	-1.8597E-07	1.2091E-06
-2.2874E-09	-4.3129E-08	1.3531E-06	-3.5465E-07
-3.1835E-08	-3.5353E-08	-4.3095E-07	2.7565E-07
-4.1538E-08	-1.0692E-08	7.2201E-07	1.2086E-06
3.5512E-08	1.2392E-08	8.1421E-07	-1.5911E-06
2.9199E-09	-4.2732E-08	-9.1182E-07	-7.8086E-07
-1.5068E-08	4.9636E-09	-1.4381E-06	-3.4753E-07
1.4944E-08	-1.7548E-10	-8.7844E-07	1.1646E-06
-2.5715E-09	-2.9945E-08	-1.3942E-08	4.3909E-07
-9.7567E-09	-3.1357E-08	8.6436E-08	1.7858E-07
-1.3063E-08	-3.6105E-08	-8.9306E-07	-5.3232E-07
-4.1680E-08	-1.3593E-09	-9.2483E-07	1.1759E-06
1.1596E-09	-2.9330E-08	6.8649E-08	2.8871E-07
-6.0261E-08	1.7899E-08	-6.4456E-07	5.7430E-07
-1.5626E-08	5.5941E-09	-9.2621E-08	5.5574E-07
-2.4937E-09	3.6398E-09	-2.2661E-07	4.9653E-07
1.2051E-08	-2.6527E-08	-2.6957E-07	4.0282E-07
1.4844E-08	-2.0173E-08	2.2072E-08	8.4962E-07
3.8254E-08	-5.6608E-08	2.9124E-07	-1.0557E-07
-2.4764E-08	-3.6279E-08	-4.1779E-07	3.1673E-07
-2.0336E-09	-4.7844E-08	7.5504E-08	-1.1070E-07
-3.5942E-10	-2.0132E-08	-9.6060E-07	2.3407E-07
-4.7442E-08	-5.7973E-08	2.1851E-08	4.9131E-07
-3.6328E-08	1.7400E-08	-1.0564E-06	-2.2595E-08
2.1056E-09	4.2173E-08	-4.8915E-07	1.5358E-06
-5.0160E-08	-2.0130E-08	3.1326E-07	3.5933E-07
-8.5013E-10	1.7240E-08	-7.0575E-07	7.5178E-07
8.8082E-09	3.0400E-08	4.6650E-07	1.3726E-06
5.1936E-08	3.0608E-08	7.4162E-07	-1.8238E-08
1.4344E-08	2.4259E-08	-4.4126E-07	2.7496E-07
2.2486E-08	-1.2203E-08	5.1579E-07	6.5735E-07
-2.3676E-08	1.7229E-08	-3.9022E-07	-1.4919E-08
-1.0460E-09	2.2459E-08	6.7250E-07	1.4822E-06
-9.1620E-09	4.8459E-08	8.7566E-07	-1.1159E-06
-4.5289E-09	4.9321E-09	-7.8477E-07	5.8228E-07
2.6537E-08	9.5223E-09	1.6202E-06	1.1919E-07
5.1629E-08	1.9542E-08	-9.1453E-07	-1.1756E-06
3.9851E-08	5.1834E-09	-1.5089E-07	7.0008E-07
-6.7916E-09	3.5263E-08	-2.3696E-07	-4.6130E-07
1.2567E-08	1.0228E-08	-8.6498E-07	4.0969E-07
4.5582E-08	-2.5468E-08	-1.9537E-07	1.3247E-06
1.1722E-08	2.1654E-08	1.2966E-06	3.5503E-07
1.6438E-08	-4.9365E-08	-8.9648E-08	-3.2858E-07
1.6643E-08	-3.6109E-08	8.0694E-07	1.8354E-07
1.3404E-09	9.5550E-09	-1.8644E-07	-7.9899E-07
3.2490E-08	-6.4444E-09	3.3303E-07	3.2117E-07
-1.0463E-08	-3.3179E-08	3.6050E-07	-9.3639E-07
2.2774E-08	2.2145E-08	9.5735E-08	-8.6637E-07
-2.7073E-09	-5.6474E-10	-1.2272E-06	-1.5786E-06
1.0236E-08	-3.2339E-08	-1.5905E-06	5.9472E-07
-3.0113E-08	-1.1658E-08	-2.2190E-07	2.8723E-07
8.2163E-09	-1.2707E-08	-4.1082E-07	5.8505E-08
-5.4191E-10	1.9182E-08	-2.6568E-07	-1.6288E-07
-4.6631E-09	3.3955E-10	-6.4145E-07	-5.0809E-07
-6.0899E-08	-1.9715E-08	-1.2072E-06	2.5038E-07
-9.5628E-09	8.9096E-09	1.0935E-07	1.7881E-08
5.4219E-08	-1.7862E-08	-1.7242E-06	-9.4941E-07
-4.9726E-09	-3.6105E-09	-1.5382E-06	1.1783E-06
-9.6620E-09	3.3934E-08	-1.0184E-06	7.9579E-07
3.5978E-08	-5.6400E-08	-2.5175E-07	1.4087E-06
1.2594E-08	-5.7703E-08	-5.2877E-07	2.4968E-07
1.8245E-08	-5.5387E-08	-2.5437E-07	1.4495E-06
-2.4871E-10	-6.0775E-08	-2.0949E-07	6.7242E-08
-5.1454E-08	8.0025E-09	-4.7768E-07	1.7027E-06
-2.7204E-08	9.6893E-09	6.5488E-07	3.7357E-07
-5.4158E-08	1.6582E-08	-1.3604E-07	1.2865E-06
-1.8687E-08	1.7124E-08	1.5344E-06	1.7784E-07
-1.0540E-08	6.3054E-09	-1.6346E-07	-4.6325E-07
5.1455E-11	1.6932E-08	-1.3392E-09	3.7213E-07
-2.4785E-08	-9.2158E-09	6.1279E-07	4.1734E-07
-6.8074E-09	2.8467E-08	6.2740E-07	-9.6976E-07
-2.8847E-08	4.6293E-08	-7.4461E-07	-3.1200E-07
-2.7204E-08	3.1452E-08	-1.1841E-08	-1.7481E-07
-1.5427E-08	6.7600E-08	-5.8437E-07	1.3085E-08
2.9639E-08	5.8873E-08	2.4244E-07	-7.1107E-08
-2.8850E-08	2.2942E-08	-5.3507E-07	-5.1763E-07
-4.4664E-08	2.6176E-08	-3.5126E-07	-6.9043E-08
4.0905E-08	3.3034E-09	-6.4202E-07	-6.2070E-07
1.0644E-08	-6.4432E-09	-1.7827E-06	2.5675E-07
1.3168E-08	-2.8963E-08	-5.6448E-08	2.0983E-06
1.7172E-08	-5.4342E-09	1.5430E-06	-5.2672E-07
4.7065E-09	-1.1602E-08	-7.6265E-07	-9.4431E-07
6.5131E-09	2.1249E-08	-6.2629E-07	-2.6890E-07
-1.2238E-08	2.0542E-08	-1.0564E-06	3.8495E-07
8.8861E-09	-1.5206E-08	3.9921E-07	3.2633E-07
5.4710E-08	-4.0008E-09	-3.4095E-07	-8.2979E-07
3.3719E-08	1.1933E-08	-9.7888E-07	-7.1862E-07
1.3293E-08	-7.3074E-09	-1.9759E-06	2.4312E-07
5.1656E-09	2.3276E-08	-6.3193E-07	1.2859E-06
1.6941E-08	-1.6549E-08	-1.9141E-07	6.1713E-07
-3.2703E-08	7.1827E-10	1.5603E-08	5.3618E-08
4.3179E-08	-2.4151E-08	-1.0233E-06	3.4318E-07
3.0231E-08	-2.4370E-09	5.5812E-07	6.8803E-07
4.9491E-09	-1.8381E-08	-6.6638E-07	-8.3904E-07
1.7392E-08	-4.9120E-08	-4.5518E-07	7.0043E-07
9.5250E-09	-2.8267E-08	-5.2416E-07	-8.0815E-07
2.4054E-08	-2.9787E-08	-1.4938E-06	7.7321E-07
-2.1339E-08	-9.2752E-09	-2.7470E-07	6.4720E-07
1.2630E-08	-3.7708E-08	-3.1623E-07	7.6874E-07
5.6270E-09	5.7457E-09	2.5562E-07	-7.0281E-08
5.5666E-08	-3.1018E-08	-8.0922E-07	-1.1795E-07
2.5945E-08	-1.0203E-08	-5.7179E-07	5.0648E-07
-2.6492E-08	-3.0902E-08	9.9653E-08	4.3993E-07
1.2736E-08	-9.3394E-09	-1.2663E-07	-8.5871E-07
-1.0245E-08	-2.1480E-08	-1.5401E-06	-2.3931E-07
-2.6659E-08	-9.3254E-09	-1.2887E-06	5.9805E-07
-6.1491E-08	1.8064E-08	-5.3269E-07	1.3304E-06
-4.2810E-08	3.6264E-08	2.3840E-07	-2.4134E-07
-2.0089E-08	7.2609E-09	-1.6577E-06	4.3855E-07
-3.8315E-08	2.2375E-09	2.7700E-07	1.0697E-06
9.3181E-09	-1.3267E-08	-9.0092E-07	-2.4100E-07
1.7713E-08	-1.7483E-08	-3.6319E-07	1.5026E-06
-5.1420E-08	-7.5878E-09	5.6055E-07	-1.4905E-07
2.7299E-08	-2.2019E-08	-7.4267E-07	-1.5588E-07
-3.3001E-08	2.4498E-08	-4.8294E-07	1.9383E-07
-3.8253E-09	2.5639E-08	-7.7726E-07	-1.2982E-08
-2.4001E-08	1.1251E-08	-1.0012E-06	3.5140E-07
3.2038E-09	-9.5530E-09	-1.0760E-06	6.9280E-07
2.2827E-08	8.2337E-09	-5.3174E-07	1.2210E-06
8.9399E-09	-3.3242E-08	-4.2204E-07	6.7036E-07
1.8284E-09	-2.7702E-08	-1.6110E-07	1.8665E-06
2.5793E-10	-2.9395E-09	1.7024E-06	1.9145E-07
3.6738E-08	-3.4675E-08	-3.6557E-07	-5.4414E-07
-2.3332E-09	9.3339E-09	5.6382E-07	-1.0861E-07
-1.9821E-08	-1.5318E-08	-1.0122E-06	-1.0406E-06
-2.3835E-09	2.5179E-08	-3.3287E-07	4.0364E-07
-3.7018E-08	-9.5404E-10	-1.0017E-06	-1.3242E-06
-3.4788E-08	-4.8044E-09	-2.2018E-06	7.4292E-07
6.5708E-09	2.8627E-08	-8.9508E-07	1.2068E-06
3.9553E-08	-3.9436E-09	-7.3676E-08	1.3867E-06
-2.0262E-08	-1.7476E-08	5.7257E-07	-3.3776E-07
-7.4957E-09	1.9773E-08	-1.5636E-06	-5.3160E-07
2.3954E-08	1.8856E-08	-1.1748E-06	1.4793E-06
5.8441E-09	-9.6032E-09	4.0991E-07	4.3168E-07
-3.3306E-08	-1.9619E-08	-1.2441E-06	-2.5714E-07
3.1404E-08	-4.1245E-08	-8.8326E-07	1.1531E-06
3.6031E-08	2.8719E-08	-6.4137E-07	5.4024E-07
2.9926E-08	2.2827E-08	-7.3531E-07	1.1718E-06
2.8474E-08	-1.8262E-09	-1.0569E-07	1.2864E-06
3.8324E-08	-5.6487E-08	9.3389E-07	4.3785E-07
-2.4167E-09	5.6961E-10	-1.0258E-06	-9.4294E-07
-6.6165E-08	-1.3061E-08	-1.3449E-06	1.7119E-06
-1.9607E-08	1.2369E-08	4.1491E-07	1.1393E-06
5.9382E-09	-3.9577E-09	6.4393E-07	6.9177E-07
3.4531E-10	-3.8623E-08	2.0347E-07	-8.6124E-07
-4.1493E-08	2.5782E-08	-1.1571E-06	3.1702E-07
1.8732E-08	-2.9883E-09	-2.6190E-07	3.4772E-07
-8.2722E-09	8.9849E-09	-7.2136E-07	6.8858E-07
-3.6436E-08	-2.2458E-08	2.3282E-07	5.2450E-07
-1.3715E-08	5.7349E-10	-2.3039E-07	-1.9302E-07
-4.2247E-08	9.2707E-09	-1.0962E-06	2.6078E-08
-2.7169E-08	-3.5895E-08	-3.4595E-07	1.4475E-06
7.7037E-09	1.8957E-08	5.3455E-07	-6.0026E-07
-9.7917E-09	2.0011E-08	-1.6134E-06	3.1018E-07
4.5075E-09	-6.9407E-09	2.5345E-07	6.1405E-07
2.7056E-08	2.5916E-09	-1.1246E-06	-1.3167E-07
-8.3254E-10	-3.5479E-09	-3.7248E-07	7.7052E-07
2.9979E-08	-2.8887E-08	-9.9355E-07	3.1576E-07
-2.4885E-09	4.2909E-08	2.6206E-08	9.9968E-07
-1.9880E-08	1.5715E-08	-8.7488E-07	-2.4492E-07
5.6758E-09	-1.0202E-08	-4.8607E-07	1.6535E-06
1.9990E-08	6.0648E-09	5.4419E-07	-1.8768E-07
-1.7465E-08	-9.9084E-09	-8.7007E-07	1.5747E-07
1.0908E-08	9.4814E-09	-3.9822E-07	2.2199E-07
-1.4558E-08	-2.4425E-08	-5.7560E-07	4.9813E-07
-1.5794E-08	8.6547E-09	-2.8523E-07	-2.7026E-07
-3.7388E-08	1.3163E-08	-1.2558E-06	2.4819E-07
1.3807E-08	-2.4118E-08	-8.1784E-07	-2.4507E-07
-7.4312E-09	1.7893E-08	-2.6767E-06	1.0196E-06
1.1521E-08	-7.2236E-09	5.3903E-08	2.0428E-06
1.7193E-08	3.2255E-08	-1.2587E-06	1.5742E-07
1.0475E-08	6.5659E-09	-8.1930E-07	2.5654E-06
-3.2990E-08	4.5777E-08	3.6708E-07	1.1223E-06
-3.6939E-08	1.1098E-08	1.5266E-07	1.6831E-06
5.0193E-09	-1.5154E-08	1.2026E-06	4.6583E-07
-2.3634E-08	2.2812E-08	9.8200E-08	-3.2840E-07
-1.7704E-08	4.2544E-08	-9.1593E-07	2.2623E-08
-2.1509E-08	-2.6840E-08	-3.5170E-07	1.3767E-06
2.0344E-08	9.3231E-09	4.1301E-07	5.5044E-09
-1.1115E-08	4.0426E-08	-9.0595E-07	3.9798E-07
1.3760E-08	1.3627E-08	-4.2363E-08	7.5739E-07
5.7135E-08	2.0321E-08	-4.0500E-07	2.2274E-07
-3.6040E-08	-9.4331E-09	-7.3168E-07	7.7672E-07
1.4307E-08	-2.7358E-08	1.1237E-07	1.2503E-06
-4.1111E-08	-7.1001E-09	5.9834E-07	4.9238E-08
5.2433E-09	-3.8265E-08	-4.3385E-07	-4.4607E-07
3.7239E-08	4.6875E-08	-1.3848E-06	2.5723E-07
-2.0612E-08	3.0150E-08	-1.8730E-07	1.4212E-06
7.3686E-09	-1.8212E-08	-1.9368E-07	-7.4849E-07
-2.9763E-08	4.0763E-08	-2.2596E-06	1.1432E-06
1.1074E-08	3.8963E-09	6.2278E-08	1.6739E-06
-1.8033E-08	-2.3422E-08	-8.4633E-07	9.8724E-07
-2.0990E-08	-8.9143E-09	1.9806E-07	2.0801E-06
-8.9003E-09	1.8386E-08	8.8819E-07	9.6830E-07
3.0951E-08	-3.8232E-09	6.9347E-07	2.5286E-07
-1.2065E-08	-6.4642E-09	-2.6064E-07	1.1690E-07
1.6093E-09	7.2445E-09	-4.9024E-08	8.7215E-07
2.0219E-08	-2.7978E-08	2.3647E-07	5.6992E-07
1.4016E-08	-2.9939E-08	2.5220E-07	5.3673E-07
-5.6011E-09	-2.1814E-08	3.2156E-07	4.2989E-07
-7.8038E-09	-7.8212E-09	5.5097E-07	2.6518E-07
-1.6993E-08	4.7066E-09	6.1343E-07	-4.2008E-07
-8.8286E-09	-1.0269E-08	-5.4261E-07	-9.9263E-07
1.5904E-08	9.9924E-09	-1.0176E-06	5.2951E-07
-4.6046E-08	-1.1484E-08	1.5975E-07	-8.6854E-08
-7.3079E-09	-2.5452E-08	-1.3053E-06	4.4798E-08
-1.2777E-08	1.0817E-08	-4.6850E-10	7.2915E-07
2.1649E-08	1.9338E-08	-1.1260E-06	-1.7891E-07
-9.8606E-09	4.3701E-08	-3.1078E-07	1.8270E-06
-2.6208E-09	-1.9230E-08	9.3123E-07	-1.8890E-07
1.5419E-08	-1.2702E-09	-5.9035E-07	-2.5961E-07
-2.3686E-08	-1.1696E-08	-2.7966E-07	-1.2710E-07
-2.3901E-09	8.7255E-09	-9.7588E-07	-3.2841E-07
2.4243E-08	-2.0769E-08	-1.3541E-06	3.1596E-07
-6.2335E-09	1.1038E-08	-9.4867E-07	9.6404E-07
2.3729E-08	2.6470E-08	-6.5578E-07	6.3104E-07
-1.4087E-08	6.0639E-09	-6.8119E-07	1.1553E-06
3.1516E-08	-4.5420E-09	4.0126E-08	4.0608E-07
1.4196E-08	3.7083E-09	-1.3168E-06	6.6213E-07
3.7336E-08	-5.8406E-08	2.2376E-07	1.6090E-06
-1.2530E-08	-1.4405E-08	-1.3680E-07	-1.3728E-07
-1.4837E-08	-2.3670E-09	-7.3151E-07	1.2405E-06
6.9156E-09	5.6975E-09	4.4207E-07	5.5659E-07
2.3005E-08	-3.4953E-08	-2.5475E-07	3.2034E-07
-4.0987E-09	-1.5445E-08	-1.3562E-07	-2.2484E-07
-1.1059E-08	-1.2209E-08	-1.8365E-06	3.1790E-07
1.1876E-08	1.6657E-08	-5.9727E-07	2.0533E-06
-8.4766E-09	2.5848E-08	4.8134E-07	1.0470E-06
3.9950E-08	9.2584E-10	1.6005E-07	1.8501E-07
-6.0221E-09	-3.1420E-08	-1.1693E-06	6.4421E-07
5.3478E-08	-2.9179E-09	4.9445E-07	2.2139E-06
3.0263E-08	-5.4356E-09	1.3091E-06	-5.0279E-07
-2.7633E-09	-2.7137E-08	-1.1588E-06	7.4458E-08
-1.7579E-09	-1.2432E-08	5.3042E-07	1.2566E-06
-2.1661E-09	-8.4822E-09	5.5823E-07	-8.8534E-07
2.3070E-08	1.0555E-08	-1.6231E-06	-5.7414E-07
2.5369E-08	-1.5769E-08	-1.5757E-06	1.3855E-06
-4.0612E-09	1.2755E-08	-2.4632E-07	1.7632E-06
1.5503E-08	-3.0724E-08	5.2605E-07	1.3778E-06
9.4270E-09	4.2268E-08	8.4878E-07	3.6135E-07
-1.6002E-08	1.1107E-08	-9.1051E-08	-3.7632E-08
-5.1941E-09	1.2374E-09	-1.9778E-07	5.5921E-07
-4.5360E-10	-3.0272E-08	1.4546E-07	5.3591E-07
2.1400E-08	1.6816E-08	2.6073E-07	1.2954E-07
1.3763E-08	-1.0000E-08	-3.1005E-07	-8.2656E-08
-1.0021E-08	-1.5975E-08	-4.2822E-07	4.1126E-07
-5.3630E-08	1.6165E-09	-2.2390E-07	4.9044E-07
6.0243E-09	-4.4175E-08	1.2624E-07	3.8357E-07
-2.7578E-08	4.7847E-08	-4.1173E-07	-4.0009E-07
-3.4359E-08	-4.5921E-09	-1.3218E-06	9.7325E-07
-6.3599E-09	5.1943E-09	6.8554E-07	1.3973E-06
3.0562E-08	-2.0629E-08	3.1540E-07	-3.9885E-07
2.7485E-08	-2.4703E-08	-4.5004E-07	2.7294E-07
1.9288E-08	5.7484E-10	-4.5912E-07	8.6656E-08
3.0270E-08	3.6347E-08	-6.4684E-07	1.2200E-06
1.3863E-08	-2.0166E-09	9.4698E-07	7.3157E-07
-3.3588E-08	-4.8784E-08	1.9308E-07	-3.1590E-07
2.0773E-08	-2.1427E-10	-1.4100E-07	-2.8968E-08
-1.6785E-08	2.0631E-08	-8.6595E-08	2.2336E-07
-6.3769E-09	-3.9567E-08	3.5183E-07	-5.6868E-07
2.1639E-08	-2.2312E-08	-1.3448E-06	-6.1515E-07
2.8817E-08	4.1305E-09	-4.7984E-07	8.5213E-07
-6.8784E-09	-4.3731E-08	-3.0268E-07	-5.6020E-07
-4.3826E-10	1.5231E-08	-1.4724E-06	3.2275E-07
2.7819E-08	1.3685E-08	-4.5610E-07	8.8467E-07
8.1062E-10	7.4774E-09	-4.2721E-07	1.3197E-07
1.4833E-08	8.3608E-09	-1.1072E-06	4.9254E-07
-3.1099E-08	-2.4073E-08	-7.1032E-07	1.1716E-06
3.6243E-08	8.9065E-10	-1.6202E-07	1.4227E-06
9.1603E-09	4.1338E-08	1.0488E-06	9.6919E-07
-1.5015E-08	-3.0526E-08	6.6482E-07	-4.6992E-07
-2.0312E-08	5.4520E-08	1.2373E-07	-5.0840E-07
-2.5887E-08	-3.1403E-10	-6.7269E-07	-1.1279E-06
-1.3177E-09	-1.4649E-08	-1.7646E-06	1.3124E-07
-2.6246E-08	2.1593E-08	-6.0258E-07	1.0961E-06
4.3529E-08	3.2046E-08	1.8723E-07	4.1667E-08
1.9260E-08	2.3571E-09	-1.0482E-06	-5.0666E-07
3.3143E-08	7.1554E-10	-1.0014E-06	5.0873E-07
-1.9215E-08	-3.5900E-09	-1.1703E-06	-1.7034E-07
8.1079E-09	4.4088E-08	-1.8843E-06	1.3115E-06
1.9362E-08	-4.5892E-08	-3.7390E-07	1.5026E-06
-3.4379E-08	-1.0503E-08	-5.9740E-07	1.3361E-06
-1.6251E-09	-4.8717E-08	5.1651E-07	1.5996E-06
-3.0672E-08	-9.8433E-09	8.9422E-07	4.5135E-07
-6.6535E-09	-8.8469E-09	5.9215E-07	-4.1961E-07
-3.7820E-09	-3.8948E-08	-6.6432E-07	-6.5676E-07
5.9864E-10	-1.2749E-09	-6.7604E-07	1.5621E-07
5.2480E-09	-2.4229E-08	-1.0712E-06	-1.3778E-07
-1.5308E-08	7.6539E-09	-1.0041E-06	1.2155E-06
-1.0800E-08	-1.6895E-08	9.3990E-08	4.6387E-07
2.9563E-08	-3.6098E-08	-5.4467E-07	5.9772E-07
1.8062E-09	2.2315E-08	4.6683E-07	3.6156E-09
-9.0035E-09	-2.1157E-08	-1.2372E-06	-6.2779E-07
-2.3669E-08	-4.7735E-09	-9.5392E-07	6.7843E-07
1.2090E-08	3.6219E-08	-1.1340E-06	4.3923E-07
-1.0389E-09	-4.9817E-08	-1.2277E-07	1.3450E-06
1.4414E-08	-3.7560E-08	-7.9411E-08	-6.8662E-07
-2.2626E-08	-2.2426E-08	-1.6473E-06	4.0408E-07
-1.5080E-09	-9.3710E-09	-7.6423E-07	5.9284E-07
-7.2898E-11	3.3013E-08	-1.2757E-06	1.0039E-06
6.7363E-09	-2.4594E-08	-9.5657E-08	9.4179E-07
-1.4853E-08	1.0412E-08	-1.0368E-06	2.5890E-07
-3.9120E-08	-5.8158E-09	-8.8058E-07	1.1944E-06
-2.5964E-08	-3.3857E-08	-9.2258E-07	1.0561E-06
-3.4314E-08	3.8065E-08	-1.4921E-07	2.1527E-06
3.0311E-08	1.0039E-08	1.2655E-06	5.1859E-07
-3.1278E-09	-7.0930E-08	-4.1924E-07	-4.3672E-07
8.0602E-09	-1.0012E-08	-6.0205E-07	5.6096E-07
2.3807E-08	-1.4559E-09	-5.1839E-07	-3.1833E-08
-2.9126E-08	-1.5403E-08	-1.8385E-06	7.6944E-07
-4.1984E-08	3.2159E-09	-1.5460E-07	2.4928E-06
4.3095E-09	-3.5676E-08	1.1216E-06	1.8448E-07
-1.4086E-08	-1.5616E-08	-9.7019E-07	1.6995E-07
2.5793E-08	2.3152E-08	1.4749E-07	1.1615E-06
2.4419E-09	-1.2951E-08	7.3936E-08	-1.4896E-07
-2.2724E-09	3.0666E-08	-7.8500E-07	1.2457E-07
-9.5360E-09	5.5932E-08	-8.2995E-07	5.4605E-07
3.8540E-09	-4.5352E-09	-9.6504E-07	6.0241E-07
1.4624E-08	1.0425E-08	-1.1627E-06	1.7005E-06
2.2519E-08	3.4079E-08	4.8020E-07	1.9092E-06
-9.4923E-08	-1.6234E-08	8.4311E-07	1.1137E-06
1.9881E-08	1.6967E-08	1.2642E-06	-2.6005E-07
4.4804E-09	3.8046E-08	-7.7229E-07	4.6206E-08
-1.6715E-08	4.4168E-08	-2.0954E-07	1.0283E-06
-1.2427E-08	7.3410E-10	9.6749E-07	-9.5242E-07
4.6361E-08	2.5421E-08	-9.0189E-07	-6.1570E-07
-1.2076E-09	1.1081E-08	-1.1774E-06	-3.8097E-07
-7.8112E-09	2.2955E-09	-1.0564E-06	1.0548E-06
1.6345E-08	3.2985E-08	-2.2451E-07	-1.2268E-07
1.5524E-09	3.3799E-08	-1.3691E-06	8.1111E-07
2.1296E-09	-2.2902E-09	6.6187E-08	5.3463E-07
-5.6587E-09	2.4235E-08	-9.7914E-07	3.0036E-07
-4.6704E-08	1.7000E-11	-3.3899E-07	3.9330E-07
-2.3720E-08	-1.9405E-08	-1.5676E-06	4.6887E-07
5.9302E-09	-2.8891E-08	-2.6404E-07	1.9212E-06
-6.6448E-09	-4.5383E-08	6.1138E-07	1.8597E-07
-4.2605E-08	-2.4892E-08	-1.0242E-06	-1.8285E-07
-1.5543E-08	-2.0613E-08	-9.1821E-07	1.4559E-06
-2.5935E-08	-6.1932E-09	3.6080E-07	7.2914E-07
2.7502E-08	-4.3722E-09	-4.2526E-07	6.9708E-07
-2.5723E-08	2.8236E-08	7.4112E-07	4.5978E-07
-6.9712E-09	2.0010E-08	-5.7646E-07	-4.8257E-07
-7.3640E-09	-1.9367E-08	-2.4037E-07	5.1667E-07
-2.3722E-08	2.0109E-08	-5.9440E-07	-3.0481E-07
1.5980E-08	2.4086E-08	-3.9014E-07	4.6770E-07
-2.8929E-08	7.6077E-09	-9.8206E-07	-7.5430E-07
-4.6071E-10	-3.2823E-08	-1.6241E-06	1.3586E-06
8.6822E-09	-4.0626E-08	2.1155E-07	5.1722E-07
-1.5360E-08	-3.5735E-08	-9.9615E-07	3.1512E-07
1.0432E-08	-1.8457E-09	-4.3340E-07	3.7274E-07
-1.7915E-08	-3.9592E-09	-1.2643E-06	7.5343E-07
2.3741E-08	-1.3473E-08	6.2478E-08	9.9664E-07
-4.7740E-08	3.0824E-09	-5.6496E-07	3.8014E-07
1.9952E-08	-5.5099E-09	3.0920E-07	5.5847E-07
-1.9673E-08	-3.6513E-08	-6.1700E-07	-5.7309E-07
-1.4490E-08	-3.0728E-08	-7.0055E-07	2.8191E-07
-5.4230E-08	-1.2439E-08	-8.9547E-07	-2.2347E-07
-2.1286E-09	8.7889E-09	-9.3687E-07	-8.4481E-08
2.2566E-08	-1.9034E-08	-2.3701E-06	-1.2316E-07
-1.4230E-08	3.0642E-08	-1.3519E-06	2.0507E-06
2.7750E-08	1.2863E-08	-8.1195E-07	3.5224E-07
-1.7295E-08	-1.7077E-09	-1.4641E-06	1.9481E-06
-1.4990E-08	-2.8284E-09	1.7600E-07	1.0514E-06
-5.5262E-09	1.2396E-08	-7.8735E-07	9.8156E-07
1.2580E-09	-4.0704E-09	-1.6288E-07	9.2710E-07
8.5635E-09	-2.6643E-08	-2.9002E-07	1.0544E-06
-1.4350E-08	2.7622E-08	2.0652E-07	4.5089E-08
-3.5150E-09	-1.6123E-08	-1.1956E-06	5.1195E-07
1.7192E-08	-7.9930E-09	2.0646E-07	5.2652E-07
-3.1382E-08	4.6409E-09	-1.4498E-06	-4.8405E-07
-8.2319E-09	-2.5683E-08	-1.4339E-06	1.3178E-06
1.5021E-08	2.3298E-09	-8.0326E-07	9.6199E-07
2.5514E-08	-1.6259E-08	-7.9286E-07	1.4082E-06
-2.7621E-08	-6.7475E-09	4.4425E-08	1.1661E-06
1.8580E-08	-3.9146E-08	-4.5267E-08	1.9616E-07
-1.9970E-08	2.3908E-08	-1.2439E-06	1.3853E-07
2.5272E-09	2.7886E-08	-1.2329E-06	1.6110E-06
-9.8682E-09	-1.0607E-08	4.5454E-07	1.3745E-06
-1.2214E-08	-2.6400E-08	-1.1676E-07	-2.7270E-07
3.7601E-08	-3.5757E-09	-1.1439E-06	4.7302E-07
6.3810E-09	2.9650E-08	-9.1207E-07	4.7068E-07
-3.7799E-09	-9.5447E-09	-1.4151E-06	1.3846E-06
2.2725E-08	2.2714E-08	2.0308E-07	1.2360E-06
4.7058E-08	1.0873E-08	-9.6352E-07	2.6037E-07
3.0896E-09	-3.1113E-08	-5.6890E-07	1.4070E-06
-2.5105E-09	-1.4806E-08	-6.6312E-07	4.1320E-07
9.9012E-09	-1.4737E-08	-1.0472E-06	1.6737E-06
1.2496E-08	-2.4602E-08	2.6483E-07	1.3181E-06
1.8112E-09	-6.5150E-09	-1.9745E-08	6.4520E-07
3.5375E-09	-1.4321E-08	-3.2841E-07	5.0167E-07
-2.8634E-08	-1.4079E-08	-3.3129E-07	8.1512E-07
-8.9114E-09	-2.9114E-08	-1.7583E-07	1.8570E-07
-1.3330E-08	2.7187E-08	-1.1510E-06	3.2369E-07
3.4105E-08	-6.3791E-09	-1.1268E-06	1.2630E-06
2.1166E-09	1.4558E-08	-1.4235E-09	1.6832E-06
4.9713E-10	1.8607E-08	4.4385E-07	1.8702E-07
-1.4644E-08	-1.0309E-08	-7.4573E-07	2.6243E-07
-2.4820E-08	1.1214E-08	-4.4220E-07	3.1300E-07
2.8708E-08	-6.4601E-09	-1.2101E-06	4.6228E-07
4.8278E-08	-2.7825E-09	-7.3394E-07	8.9801E-07
-7.5439E-09	2.7222E-09	-1.0547E-06	8.3988E-07
-1.8092E-08	2.0886E-09	-6.6648E-07	1.3636E-06
1.6015E-09	-2.9957E-08	-1.5172E-07	1.3159E-06
-3.0421E-08	2.5023E-08	3.3167E-07	3.0302E-07
-1.6104E-08	-5.0705E-08	-1.1279E-06	1.1488E-07
-1.0780E-08	-5.5363E-09	-5.5666E-07	9.7309E-07
1.8417E-08	-1.7366E-08	-8.4302E-07	2.7172E-07
-1.5099E-08	-1.4374E-09	-1.1500E-06	8.3481E-07
-9.5481E-09	2.1895E-08	-1.2431E-06	1.2193E-06
2.9647E-08	1.2104E-08	-3.0079E-07	1.6669E-06
-3.8981E-09	1.5626E-08	-2.1905E-07	5.5811E-07
-4.1261E-09	5.3174E-08	-1.0690E-06	8.7419E-07
-6.7527E-08	-2.1641E-09	-4.4787E-07	1.6552E-06
-4.0037E-08	-3.9557E-08	7.8403E-08	4.0702E-07
3.2284E-08	-1.7496E-08	-1.4569E-06	1.0443E-06
5.0979E-09	-1.8469E-08	2.0814E-07	1.5050E-06
-1.9680E-08	1.8608E-08	-6.8454E-07	7.0916E-07
-4.2087E-08	9.0231E-09	4.3121E-07	9.6907E-07
-5.6285E-09	-1.6809E-08	-1.4575E-06	-2.3832E-07
-3.4111E-09	2.9088E-08	-6.6976E-07	2.0852E-06
-3.9343E-09	2.5820E-09	-6.4803E-07	3.8247E-07
2.1926E-08	2.7108E-09	-6.4462E-07	2.3583E-06
-2.9848E-08	-3.4738E-09	7.4226E-07	7.2411E-07
4.8944E-08	2.8778E-09	-3.0086E-08	5.3001E-07
3.0699E-08	2.3956E-08	-8.9270E-07	-2.2334E-07
-1.9544E-08	-3.4020E-08	-1.1733E-06	1.8095E-06
2.4962E-08	3.1388E-09	1.0080E-07	7.5297E-07
3.5505E-08	1.6783E-08	-5.4113E-07	1.0417E-06
-1.0737E-08	-1.1939E-08	-5.5965E-07	2.3894E-07
4.5459E-08	-3.6326E-08	-1.2525E-06	1.7168E-06
1.4655E-08	1.2709E-08	-2.0661E-08	1.1821E-06
4.0578E-09	-3.0113E-09	-2.6726E-07	1.6546E-06
2.1042E-08	2.4599E-09	3.6670E-07	3.1860E-07
3.4533E-08	-2.4812E-08	-8.5755E-07	1.4034E-06
2.0977E-09	-1.1198E-08	7.4211E-07	3.3670E-07
-8.9364E-09	5.8946E-09	-1.7141E-06	6.4766E-07
-2.2869E-09	1.4845E-09	2.4323E-07	1.9539E-06
-1.0775E-08	-2.0796E-08	-2.0373E-08	7.2325E-07
-2.1560E-08	-4.2377E-09	3.3856E-07	1.0329E-06
2.3026E-08	2.3523E-08	2.3793E-07	2.7052E-07
2.8683E-08	-3.5438E-10	-2.2627E-07	-1.1337E-07
-1.3124E-08	-3.1791E-08	-1.0834E-06	4.7290E-07
2.1682E-08	2.2404E-08	-5.6435E-07	7.6655E-07
-3.1758E-08	-1.3574E-08	-8.4862E-07	1.2433E-06
3.2233E-08	1.7407E-08	5.2597E-07	1.0574E-06
-3.3121E-11	4.0070E-08	-2.0395E-07	-4.1409E-08
3.7868E-09	-7.1456E-09	-6.2297E-07	2.2112E-07
3.5057E-08	-2.4997E-08	-9.2490E-07	5.1153E-07
4.1045E-09	-1.5295E-09	-9.5279E-07	4.2882E-07
4.6830E-08	-1.2110E-08	-1.2930E-06	1.6853E-06
3.9291E-08	-6.8723E-09	7.6139E-07	8.3951E-07
2.7196E-08	-2.0293E-09	-1.5223E-06	-8.1061E-08
-2.2137E-08	1.0839E-08	-5.3405E-07	1.7849E-06
3.7693E-08	1.1954E-09	-4.9759E-07	5.4392E-07
2.4206E-08	1.3838E-08	-1.8964E-07	1.3181E-06
1.2382E-08	-3.7413E-08	-3.6432E-07	-2.0373E-07
3.2533E-08	4.0407E-09	-1.6327E-06	8.8036E-07
-4.6376E-08	7.9260E-09	-1.0883E-06	1.5166E-06
-3.1256E-08	1.5854E-08	-3.7632E-07	2.1773E-06
-6.8290E-09	2.4916E-08	8.1982E-07	1.1992E-06
-8.4234E-09	-1.5298E-08	2.4665E-07	1.2592E-07
-1.1636E-08	3.6360E-08	-8.4429E-07	-1.6514E-08
2.2808E-08	-1.7969E-08	-1.0046E-06	1.3229E-06
-2.6064E-08	-7.8881E-09	1.6363E-07	6.7626E-07
-2.8064E-08	-7.8021E-09	-1.1318E-06	3.3960E-07
-1.3333E-08	-1.5407E-08	-6.9713E-07	1.2330E-06
1.3633E-08	-1.2587E-08	-9.8153E-07	1.0271E-06
-2.7650E-08	2.5575E-08	5.2427E-08	2.0502E-06
-6.5916E-09	1.2393E-08	5.2457E-07	-9.1254E-08
2.8084E-08	1.0638E-08	-1.3922E-06	7.6538E-07
-3.0827E-12	6.4755E-09	1.7454E-07	1.1509E-06
-4.2930E-08	1.9230E-08	-1.0356E-06	3.0004E-07
-3.0430E-09	-1.2848E-08	-3.6159E-07	1.9548E-06
8.2089E-09	5.7891E-09	4.7184E-07	3.7800E-07
-2.4403E-08	1.9745E-08	-4.8326E-07	6.3905E-07
-1.3262E-08	3.0512E-08	-8.9642E-08	-3.0012E-08
-2.9539E-08	2.1277E-08	-1.8070E-06	7.1054E-07
-1.8226E-09	2.2140E-08	1.9325E-07	1.8884E-06
8.4222E-09	-2.3759E-09	1.1374E-07	-7.7462E-08
-4.1596E-08	1.4483E-08	-7.4693E-07	2.1397E-07
-5.8205E-09	2.0325E-08	-1.4791E-06	6.2106E-07
1.4466E-08	-3.5788E-08	-2.3878E-07	1.8776E-06
-1.1606E-10	2.3351E-08	6.9435E-08	1.4183E-07
2.2207E-08	1.0057E-09	-4.7033E-07	8.6786E-07
3.1055E-08	-1.6375E-08	-7.5793E-08	-1.9814E-07
1.4999E-08	-1.9177E-08	-1.1764E-06	1.6444E-07
2.1400E-08	2.0305E-08	-1.2744E-06	2.4583E-07
-4.7268E-09	-1.9669E-08	-1.2886E-06	1.3961E-06
-1.1805E-08	-4.5555E-09	-2.9800E-07	6.7896E-07
2.4260E-09	-6.4614E-09	-6.3147E-07	6.9219E-07
-7.9688E-09	3.7621E-08	-8.3767E-07	-5.8587E-07
-2.1816E-08	-2.1359E-09	-2.6697E-06	1.1272E-06
1.0215E-08	1.4577E-08	-5.1685E-07	1.4743E-06
2.5834E-09	1.1224E-08	-1.7369E-06	9.5262E-07
2.4103E-08	1.5155E-08	-4.9571E-07	2.0139E-06
2.2963E-08	4.1893E-09	-5.5067E-07	7.3811E-07
7.4897E-09	-2.7433E-08	-6.7648E-07	1.3553E-06
-1.3406E-09	2.5300E-08	-9.5032E-08	4.5287E-07
-3.7670E-09	-5.7874E-09	-1.6558E-06	-4.0525E-08
-2.7140E-09	1.8185E-09	-1.8973E-06	1.7678E-06
-1.3580E-08	1.3853E-08	-7.1376E-07	1.6960E-06
2.3028E-08	-2.0804E-08	-4.3360E-07	1.5543E-06
3.3120E-09	2.2970E-08	-5.3122E-07	4.9158E-07
2.3382E-08	1.4287E-08	-1.3979E-06	1.5542E-06
7.6157E-10	-2.2787E-08	-1.7257E-07	1.1472E-06
-9.7145E-09	1.4218E-08	-1.0011E-06	1.1582E-06
-2.5175E-08	2.1620E-08	-2.3190E-07	6.7027E-07
-1.0339E-08	-4.6478E-08	-1.9234E-06	8.2527E-07
1.4419E-08	-1.8790E-08	-7.4744E-07	2.0153E-06
-3.3199E-08	2.4304E-08	-5.2623E-07	1.2934E-06
-5.8770E-09	-1.9292E-08	-4.8238E-07	8.5554E-07
-1.5371E-09	-3.1552E-09	-1.4076E-06	1.3658E-06
3.0910E-08	7.6102E-09	1.9112E-08	1.4077E-06
-2.7540E-08	-1.4924E-08	-1.3906E-06	5.3089E-07
-1.0974E-08	-2.4647E-08	-8.1840E-07	2.0532E-06
-4.2829E-08	7.3657E-09	-2.2923E-07	1.0091E-06
7.3434E-09	1.7428E-08	-8.2801E-07	6.4969E-07
2.6440E-08	-7.1135E-09	-1.6644E-06	1.4058E-06
1.3998E-08	2.5707E-08	-1.3020E-07	1.9444E-06
2.6680E-08	5.3101E-08	-6.4191E-07	3.9383E-07
1.3495E-08	-1.8753E-09	-1.3193E-06	1.0931E-06
-1.5476E-08	-5.2679E-09	-1.6793E-06	1.2954E-06
-2.1066E-08	1.3323E-08	-1.1869E-06	2.5368E-06
-3.5274E-09	-7.7457E-09	-9.7459E-08	1.9192E-06
-4.2563E-08	-5.3152E-08	-3.2099E-07	1.3300E-06
-6.5971E-09	-1.2213E-08	-7.6870E-07	1.2236E-06
-1.9994E-08	-2.7164E-09	-1.0049E-06	1.8611E-06
7.9578E-09	9.4331E-09	1.4614E-07	2.3348E-06
1.2519E-08	2.8426E-08	5.7778E-07	4.3965E-07
-2.2317E-08	4.1384E-09	-1.4474E-06	7.9076E-07
1.0798E-08	-1.8348E-08	-4.4119E-07	1.8212E-06
1.1986E-08	-2.6596E-10	-3.3254E-07	1.3786E-06
-4.0921E-08	-3.0315E-08	1.9247E-07	7.7981E-07
-5.2684E-08	2.5502E-08	-1.2899E-06	5.0790E-07
2.5220E-08	1.0697E-08	-5.9112E-07	1.1998E-06
2.5215E-08	4.7387E-10	-1.8948E-06	8.6358E-07
1.7413E-08	4.5709E-08	-5.1858E-07	2.6668E-06
-2.2793E-08	-1.7845E-08	-4.7066E-07	6.2374E-07
9.5976E-09	-3.7283E-08	-1.1443E-06	2.1733E-06
-1.4311E-08	-1.8781E-09	4.1142E-08	1.5027E-06
1.2405E-08	-6.7123E-09	-1.7543E-07	1.3209E-06
-6.0132E-08	3.6769E-08	-5.3489E-07	5.2924E-07
2.7763E-08	-7.5236E-09	-9.1160E-07	1.5753E-06
-2.4294E-08	-6.4724E-09	-3.2704E-07	6.7735E-07
-1.6617E-09	3.0659E-09	-1.2972E-06	1.3407E-06
-1.0670E-08	2.0619E-08	-3.8034E-07	9.4716E-07
-2.4843E-08	1.6222E-08	-1.7267E-06	1.0623E-06
-2.3019E-08	-1.6732E-08	-8.9496E-07	1.8471E-06
-1.6514E-09	-8.7069E-09	-1.1886E-06	1.6495E-06
-1.2924E-08	-4.5836E-08	-3.1652E-07	2.1832E-06
3.7227E-08	-1.1753E-08	-2.6520E-07	1.2396E-06
2.0646E-08	-2.6094E-08	-1.9264E-07	1.3710E-06
1.3581E-08	-2.5992E-08	-4.4758E-07	3.2764E-07
-1.1117E-08	-1.8061E-08	-1.6102E-06	8.0499E-07
-3.5968E-10	1.7770E-09	-1.4927E-06	1.6046E-06
4.7068E-09	1.8646E-08	-7.7070E-07	1.7259E-06
-3.3589E-08	2.1663E-08	-1.3501E-06	8.2999E-07
1.1025E-08	2.8952E-08	-1.9594E-06	2.5398E-06
6.4811E-09	7.5979E-09	-1.6569E-07	2.3168E-06
1.9131E-08	6.3207E-09	-7.8081E-07	1.9843E-06
1.5303E-08	2.4697E-09	5.7202E-07	1.8237E-06
-1.6814E-08	-3.6409E-09	-7.9584E-07	1.6119E-07
-1.1765E-08	-1.1595E-08	-1.3697E-06	1.7763E-06
1.8481E-08	1.0192E-08	-7.9612E-07	1.2472E-06
8.7016E-09	-1.7489E-08	-1.2889E-06	1.9776E-06
-1.7535E-08	-6.8112E-09	-1.4156E-07	1.4136E-06
3.2412E-08	-4.7683E-09	-1.6588E-06	9.5441E-07
2.0819E-08	-1.4272E-09	-1.0877E-06	2.2260E-06
-1.8606E-08	-2.4702E-08	-1.1820E-06	1.3625E-06
1.4654E-08	1.2513E-08	-1.2566E-06	2.4912E-06
-6.3892E-08	-5.8308E-09	-6.8746E-07	1.6865E-06
5.0965E-09	1.2497E-08	-1.1860E-06	2.5949E-06
-3.2899E-08	-2.2585E-08	3.0514E-07	1.8620E-06
-8.7455E-09	1.2542E-08	-9.7583E-07	9.9648E-07
3.6961E-08	-1.4244E-09	-1.6135E-06	1.5666E-06
-1.3040E-09	-9.7807E-09	-1.6251E-06	3.2024E-06
3.8374E-08	-2.7697E-08	7.9860E-07	2.5353E-06
2.5186E-09	-1.9898E-09	-8.5481E-07	9.9350E-07
-3.7482E-08	4.3037E-09	-6.3173E-07	2.4595E-06
-1.6348E-08	-3.4156E-08	-3.2164E-07	1.3035E-06
3.6380E-08	-3.1175E-09	-1.3165E-06	1.9093E-06
-3.5166E-08	-9.3380E-09	-3.8810E-07	2.4806E-06
9.3389E-09	-1.5896E-08	-2.1179E-07	1.5795E-06
1.6254E-08	3.3450E-08	-4.8569E-07	1.7634E-06
6.6462E-09	1.6710E-08	-5.5481E-07	8.4158E-07
-1.9035E-08	-1.6948E-08	-2.0105E-06	1.8831E-06
3.6890E-08	-8.0735E-09	-6.1244E-07	2.3819E-06
-2.1861E-08	-2.1731E-08	-1.3228E-06	2.2215E-06
4.1450E-09	-6.4514E-10	7.8716E-08	2.8317E-06
2.3759E-08	-1.0618E-08	-6.7380E-08	1.3486E-06
1.9102E-08	9.0657E-09	-5.5025E-07	1.2458E-06
-4.8748E-08	-1.7399E-08	-1.6743E-06	1.3041E-06
3.6286E-09	-2.3762E-08	-1.3818E-06	2.6791E-06
-3.3880E-08	-4.1865E-08	-5.5322E-07	2.6178E-06
1.3719E-08	1.6121E-08	-1.3224E-07	1.8690E-06
-2.1555E-08	1.9737E-08	-1.2147E-06	1.9569E-06
4.5775E-08	-9.3530E-09	8.4325E-08	2.6145E-06
-1.9418E-08	-4.4304E-08	-1.7237E-07	9.7550E-07
6.9082E-09	1.1189E-08	-1.1576E-06	1.2506E-06
1.9908E-08	-8.7240E-09	-1.4438E-06	1.9417E-06
6.1090E-09	-2.7091E-08	-6.0259E-07	1.6784E-06
-1.6553E-08	-4.5893E-09	-2.2930E-06	1.5994E-06
5.4825E-09	3.3972E-08	-7.5878E-07	3.4204E-06
1.6890E-08	3.4598E-08	-4.7929E-07	1.2737E-06
1.2628E-08	1.8759E-08	-1.7000E-06	2.0404E-06
-4.1378E-08	5.9782E-08	-1.3377E-06	2.4752E-06
4.1859E-09	-8.2087E-09	-6.8537E-07	2.2644E-06
-3.5404E-09	-3.0892E-08	-1.9372E-06	1.7205E-06
1.6918E-08	-1.4113E-08	-1.2982E-06	3.5418E-06
1.3828E-08	-1.4896E-08	-5.2923E-07	2.1454E-06
-1.2597E-09	-1.9420E-08	-1.1014E-06	2.5432E-06
6.9367E-09	3.7591E-08	-8.2215E-07	1.9497E-06
-4.4119E-08	-1.1061E-08	-1.4956E-06	2.0660E-06
-2.0121E-08	-2.9361E-08	-1.7017E-06	2.4158E-06
-8.7148E-09	-1.5204E-08	-1.0034E-06	2.4484E-06
-2.0295E-08	-1.8798E-08	-2.5644E-06	1.4867E-06
-2.6798E-08	1.3099E-08	-2.6263E-06	4.3130E-06
-3.8850E-08	1.3855E-08	-6.4172E-07	3.1844E-06
7.7201E-09	-2.0656E-08	-1.7999E-06	2.9310E-06
-1.4456E-08	-3.9532E-09	-1.4101E-06	3.4457E-06
1.8223E-08	5.6811E-09	-7.8253E-07	2.8594E-06
2.3185E-08	6.7697E-12	-2.6124E-06	1.6529E-06
4.4547E-09	-5.7719E-09	-3.4028E-06	4.6590E-06
-5.5156E-10	-1.4036E-08	-1.3651E-06	4.1355E-06
-1.9961E-08	-3.6470E-09	-2.4548E-06	4.2488E-06
-6.7722E-09	-1.0126E-08	-1.8520E-06	4.6614E-06
-2.7683E-08	1.5056E-08	-2.0208E-06	5.2938E-06
-2.5225E-08	-3.2066E-08	-1.1701E-06	5.1022E-06
-7.5055E-09	-5.1265E-08	-1.7611E-06	5.9066E-06
-3.0719E-08	7.8385E-09	2.3876E-07	6.0266E-06
2.2596E-08	-1.2364E-08	-3.0211E-07	4.7475E-06
6.5555E-09	1.8794E-08	-6.0047E-07	5.0195E-06
1.8309E-08	3.4199E-08	-1.1708E-06	5.7180E-06
2.9549E-08	-4.4240E-08	1.8655E-07	6.2388E-06
-1.1325E-08	-1.6182E-08	-6.7719E-07	5.6997E-06
-2.3218E-08	1.8586E-08	3.9761E-07	7.8646E-06
-8.7300E-09	-2.5307E-08	2.2026E-06	6.4260E-06
2.5884E-08	-2.3606E-08	2.0247E-06	6.3303E-06
-1.3158E-08	-2.8121E-08	3.1597E-06	5.2335E-06
4.8178E-08	-1.3585E-09	2.1261E-06	4.3188E-06
2.3662E-08	-7.0407E-09	1.9082E-06	4.1888E-06
8.3520E-09	2.9634E-08	6.6998E-07	4.4426E-06
9.9780E-09	-4.2288E-10	1.3044E-06	5.7834E-06
-2.3322E-08	-1.2876E-08	1.5863E-06	5.5289E-06
4.3456E-09	2.7803E-08	2.3195E-06	6.7500E-06
6.9555E-09	-2.9192E-08	4.4382E-06	5.5461E-06
7.9069E-09	5.4690E-09	3.4874E-06	3.5949E-06
2.5147E-08	6.7241E-09	2.3282E-06	4.3730E-06
-2.6342E-08	-2.6235E-08	3.1415E-06	4.8127E-06
-2.5628E-08	1.2408E-09	3.2317E-06	4.4705E-06
2.5835E-08	-5.5672E-09	3.7374E-06	4.4421E-06
-5.0132E-10	1.8671E-08	3.6871E-06	3.8697E-06
4.1838E-09	-3.0979E-09	4.0120E-06	3.7867E-06
5.7053E-09	-6.4173E-09	3.5397E-06	3.0598E-06
-1.3264E-08	1.2680E-10	3.9329E-06	3.8604E-06
3.0024E-10	-4.2438E-08	4.4177E-06	1.7558E-06
-9.4815E-09	7.7105E-09	1.6491E-06	2.4148E-06
8.9215E-09	-1.6494E-08	3.6077E-06	4.2379E-06
1.5701E-08	1.2541E-08	3.4953E-06	1.9519E-06
9.9113E-09	1.3367E-09	2.3863E-06	3.7770E-06
2.1817E-08	1.8910E-08	4.3081E-06	2.9953E-06
2.4705E-08	2.4870E-08	2.4488E-06	2.9949E-06
-8.3101E-09	-2.6482E-08	4.6648E-06	4.4440E-06
2.1826E-08	-1.5322E-08	5.1205E-06	2.0599E-06
1.8993E-08	1.4013E-08	4.4861E-06	1.9528E-06
1.0199E-08	-3.2844E-09	4.0755E-06	1.5084E-06
1.4499E-08	1.9499E-08	4.6134E-06	2.0865E-06
-1.4801E-09	-3.0181E-08	5.1115E-06	1.5850E-07
-2.2942E-09	6.1653E-09	3.4211E-06	-4.5470E-07
-1.9592E-09	-5.5392E-09	2.8012E-06	-3.2564E-07
3.3784E-08	4.9607E-08	1.6553E-06	-5.1957E-07
9.6813E-09	-7.2837E-09	3.7824E-07	8.3771E-07
-4.6014E-09	-2.8340E-08	9.3267E-07	2.0120E-06
3.6497E-09	-1.3367E-08	8.5012E-07	2.9588E-06
3.8807E-09	-6.6726E-09	2.8637E-06	3.6875E-06
1.1174E-08	5.1794E-08	2.8952E-06	2.4319E-06
-2.3774E-08	-6.7808E-09	3.6145E-06	3.0392E-06
-2.6625E-08	-1.7677E-08	3.8547E-06	1.6041E-06
-1.7538E-08	6.4877E-09	3.6839E-06	1.5915E-06
3.6624E-08	-6.1974E-09	2.8837E-06	9.2044E-07
-1.1376E-09	3.1424E-09	3.4611E-06	2.1488E-06
2.7696E-08	-8.5404E-10	3.4749E-06	1.7180E-07
-1.1926E-09	-3.6183E-09	2.2576E-06	1.6005E-06
4.5858E-09	-7.6072E-09	3.3018E-06	1.1007E-06
-8.8867E-09	-7.3541E-09	2.6369E-06	1.6184E-06
-4.5327E-08	7.2361E-09	3.7287E-06	1.3344E-06
1.2206E-08	-8.3673E-09	3.5421E-06	8.4323E-07
5.5363E-10	-1.8425E-08	3.3638E-06	1.1410E-07
7.3547E-09	7.2705E-09	2.8013E-06	3.4215E-07
4.3866E-08	-2.9441E-08	2.3074E-06	8.2067E-08
2.7579E-08	4.2600E-08	2.7794E-06	1.5589E-06
2.2649E-08	-1.2183E-08	3.6859E-06	-8.1070E-07
1.5762E-08	-1.7200E-08	1.2196E-06	1.4102E-07
1.0712E-08	9.2542E-09	2.8445E-06	3.1223E-07
-1.7864E-08	8.9573E-09	1.3729E-06	8.1960E-09
-3.8880E-09	-2.6643E-09	2.2431E-06	6.4738E-07
-1.8040E-09	3.6936E-08	1.7467E-06	2.9381E-07
1.4363E-08	2.1121E-08	2.2211E-06	-1.0651E-07
7.4720E-09	-8.1549E-09	1.7543E-07	1.6399E-08
-2.3665E-09	1.4373E-08	1.6201E-06	1.8354E-06
-3.4399E-08	2.6787E-08	1.4290E-06	1.5390E-07
4.4386E-08	1.1645E-08	9.3917E-07	1.8755E-06
8.7739E-09	-3.8063E-09	2.6031E-06	7.4005E-07
1.6047E-08	8.3344E-09	3.4394E-07	-9.8601E-08
-1.2776E-08	7.2558E-09	1.3470E-07	2.0538E-06
3.0901E-08	-1.8354E-08	5.4171E-07	2.0762E-06
1.0005E-08	1.8174E-08	8.6716E-07	3.9971E-06
-1.1415E-09	8.4237E-09	3.4811E-06	2.9575E-06
2.7811E-08	-4.2357E-08	1.8190E-06	1.9665E-06
-2.9766E-08	2.1878E-08	2.7269E-06	3.6121E-06
-1.6134E-08	6.1379E-10	3.6111E-06	2.5552E-06
-8.4371E-09	-1.7340E-09	3.5028E-06	2.9563E-06
-5.4854E-08	6.6211E-08	5.1944E-06	2.8933E-06
-6.0856E-08	-6.1142E-09	5.9289E-06	8.1462E-07
-4.3943E-08	-1.8981E-08	4.7488E-06	-4.1637E-07
5.6983E-08	3.0863E-08	3.8234E-06	-1.9148E-07
1.3976E-08	6.6194E-08	4.6308E-06	1.7473E-07
3.5828E-08	1.0598E-09	4.4521E-06	-2.0756E-06
5.7889E-09	-2.6454E-08	2.4656E-06	-1.4190E-06
4.2262E-08	-5.5798E-08	2.7965E-06	-2.0109E-06
1.0442E-09	-2.8846E-09	2.4984E-07	-7.3035E-07
1.8896E-08	-1.3077E-08	3.0772E-06	4.9687E-07
-4.7889E-08	-1.2224E-08	1.3092E-06	-1.8761E-06
-2.6070E-08	6.1164E-09	9.3867E-07	6.9732E-07
2.4838E-08	9.3465E-10	1.2463E-06	2.4752E-07
-2.4500E-08	-2.8363E-09	2.4476E-06	2.1179E-06
6.3395E-09	-2.2862E-08	3.5576E-06	-1.0553E-06
6.0624E-09	1.6489E-08	8.8195E-07	5.5717E-07
2.2820E-08	5.8053E-08	4.0267E-06	4.9852E-07
1.7852E-08	3.5333E-09	1.7724E-06	-1.5922E-06
1.6371E-08	-1.5620E-08	1.8359E-06	5.6949E-07
-1.7704E-09	-6.4665E-09	2.5673E-06	-6.9604E-07
1.6887E-08	-2.6946E-08	1.4325E-06	-4.3171E-07
1.8860E-08	-1.4463E-08	1.8576E-06	1.6119E-07
-1.3132E-08	-1.3570E-08	2.0195E-06	-2.3926E-07
2.3598E-08	-3.4949E-08	1.6461E-06	1.6166E-07
2.2898E-08	2.3322E-08	2.6450E-06	1.6669E-07
3.5896E-08	-1.5548E-08	2.1739E-06	-7.6238E-07
1.8711E-08	-4.3268E-11	2.0201E-06	-4.0021E-07
-1.1946E-09	5.4912E-09	1.9063E-06	-6.6074E-07
8.1880E-09	3.7839E-09	2.0866E-06	-8.6202E-07
5.4809E-09	-1.2374E-08	6.1054E-07	-1.1919E-06
-4.5342E-09	6.4733E-08	1.3240E-06	8.9307E-07
1.9685E-08	-9.9771E-10	2.1136E-06	-7.0166E-07
-1.5745E-08	-3.1820E-08	1.6805E-06	4.5840E-07
1.2173E-08	3.1233E-08	3.1785E-06	-1.4471E-06
2.5834E-08	-6.8322E-09	6.9077E-07	-1.4763E-06
7.1850E-09	2.7820E-08	1.9660E-06	-1.0039E-06
-3.3067E-08	-1.4548E-08	3.5254E-07	-2.1216E-06
1.2376E-08	2.9505E-08	1.0313E-07	-6.0636E-07
-4.4809E-08	-1.1583E-08	2.5919E-07	-7.5964E-07
1.2891E-08	-1.3429E-08	3.0590E-07	-4.6388E-07
-1.0752E-09	-2.2813E-08	-1.4805E-07	-1.0239E-06
-5.7676E-09	-2.0266E-08	-1.4894E-06	1.7590E-07
6.9137E-09	-9.6602E-09	-2.8216E-08	2.1561E-06
-4.4407E-08	-3.2997E-08	1.6285E-06	5.3871E-07
7.9803E-09	-1.3116E-08	2.2193E-08	4.9970E-08
1.9326E-08	-1.2664E-08	1.9396E-07	1.1795E-06
4.1016E-08	-1.4909E-08	9.1447E-07	1.5447E-06
1.4956E-08	-2.7467E-08	1.8765E-06	4.2372E-07
-2.8865E-08	2.8048E-08	7.1877E-08	5.3440E-08
3.6758E-09	-1.7034E-08	8.6309E-07	1.5340E-06
-1.3917E-08	-4.4049E-09	9.3800E-07	5.9565E-07
1.8414E-08	1.5062E-08	1.1312E-06	1.5760E-06
2.4987E-09	1.1727E-08	1.7794E-06	2.4380E-07
-2.3127E-08	1.0138E-08	3.2349E-07	6.9493E-07
-9.2161E-09	1.7775E-08	1.3119E-06	1.5232E-06
1.6227E-08	9.5309E-10	1.6906E-06	1.0488E-06
2.7754E-08	2.3835E-09	2.1717E-06	3.0013E-07
-2.2023E-08	3.4837E-08	3.7086E-07	-7.7301E-07
-6.4987E-09	-2.0284E-10	-7.5191E-07	1.8032E-06
1.5736E-10	-8.5444E-10	1.3021E-06	2.7854E-06
-1.4478E-08	-2.9156E-08	2.0383E-06	2.3565E-06
3.3195E-08	1.4563E-09	2.8544E-06	2.4777E-06
-5.3968E-09	-3.9036E-08	4.5948E-06	1.8374E-06
-1.7049E-09	1.8785E-08	4.8882E-06	-1.1190E-06
-1.1480E-08	-1.9376E-08	2.5963E-06	-1.8465E-06
3.4758E-08	2.9862E-08	2.0390E-06	-1.7420E-06
2.2951E-08	-2.3510E-08	6.5996E-07	-1.1727E-06
-1.9042E-08	-3.4008E-08	1.5821E-06	-4.0138E-07
-4.5914E-08	1.1464E-08	8.6422E-07	-1.4132E-06
-2.4397E-08	1.8083E-08	1.4279E-07	-3.2630E-07
-2.7885E-09	9.9367E-09	3.9213E-07	3.6172E-07
1.8433E-08	9.2066E-09	1.5051E-06	5.9303E-07
1.2359E-08	-2.9348E-08	1.1170E-06	-6.3489E-07
-4.4995E-09	-2.1199E-09	7.0091E-07	4.8943E-07
2.2714E-08	1.3658E-08	1.5475E-06	-2.5339E-07
-2.3473E-09	-1.3043E-08	4.0617E-07	2.7794E-08
-2.1979E-08	1.1956E-08	1.6479E-06	6.5067E-07
1.9495E-08	-1.7341E-09	1.8724E-06	-7.4646E-07
1.2525E-09	-1.6699E-08	9.2266E-07	-1.5492E-06
1.2060E-08	2.0626E-08	-8.9634E-07	-1.0484E-06
-2.3664E-08	1.7152E-08	-5.0191E-07	9.2693E-07
-1.4325E-08	1.8871E-08	4.9460E-07	4.6214E-07
-2.2162E-08	8.2147E-09	6.5084E-08	3.6215E-07
2.4025E-08	-6.2228E-09	-2.5773E-07	7.7609E-07
1.8809E-08	-3.4575E-08	4.9860E-07	1.8244E-06
6.3412E-09	-4.7195E-09	1.4685E-06	5.0290E-07
8.0182E-09	1.1834E-08	-4.4535E-08	4.6251E-07
2.1917E-08	-8.5107E-09	5.4704E-07	1.5424E-06
-2.1589E-08	1.3581E-08	9.3585E-07	1.1522E-06
-9.9782E-09	-5.7554E-09	9.1901E-07	1.3652E-06
-1.0282E-08	-2.6285E-08	1.6010E-06	1.4150E-06
-1.2862E-08	-3.2410E-08	1.8671E-06	6.0281E-07
-1.4359E-08	-1.2327E-08	1.5574E-06	1.7284E-07
-5.1957E-08	5.0793E-09	8.4952E-07	-2.1557E-07
6.5586E-09	-4.5877E-08	5.6443E-07	7.7801E-07
2.3952E-08	1.7355E-08	1.4158E-06	7.1644E-08
-3.1222E-08	1.0295E-08	4.6806E-08	-3.4327E-07
3.8879E-08	9.0423E-09	-2.2453E-07	5.3934E-07
1.2452E-08	1.0005E-09	-2.0581E-07	7.8622E-07
-1.0884E-08	-5.2998E-08	-6.1268E-07	9.2019E-07
2.0584E-08	2.0370E-08	-8.6546E-07	2.2787E-06
-9.8462E-09	-2.3064E-08	4.3736E-07	2.6999E-06
-9.2335E-10	-7.1159E-08	9.0841E-07	2.4716E-06
2.9672E-08	-1.9601E-08	1.0995E-06	1.5642E-06
-2.9439E-08	-3.0214E-08	-2.0942E-07	2.2400E-06
7.6015E-09	3.8083E-08	9.6069E-07	3.0423E-06
-1.1391E-09	-3.8592E-08	6.0098E-07	2.9375E-06
-1.8519E-08	-1.0258E-09	1.6659E-06	3.9155E-06
6.3470E-09	-2.6356E-08	2.3332E-06	3.3258E-06
7.2771E-09	-4.4021E-09	2.9713E-06	3.0685E-06
2.6580E-08	-3.7925E-08	2.6832E-06	2.4576E-06
-2.5147E-08	1.7906E-08	3.2404E-06	2.7158E-06
5.6888E-09	-7.8714E-09	3.0314E-06	1.5115E-06
-8.5990E-09	-3.7399E-09	2.0244E-06	1.9571E-06
1.9156E-08	2.9171E-08	1.7760E-06	2.8285E-06
-3.6376E-08	-5.5950E-09	2.3836E-06	4.0659E-06
-2.3773E-08	-3.8975E-08	3.4781E-06	4.6962E-06
3.4023E-08	-2.0125E-08	5.3140E-06	5.1533E-06
1.3323E-08	-2.8860E-09	7.1315E-06	4.2273E-06
-2.3677E-08	7.1107E-09	8.7453E-06	3.0133E-06
1.6245E-08	4.7449E-09	9.8292E-06	4.1644E-07
-1.0452E-08	-8.0545E-09	9.2276E-06	-2.4888E-06
-5.3052E-09	-1.4037E-08	6.4815E-06	-4.3279E-06
-2.6498E-08	3.3713E-08	4.5918E-06	-2.8382E-06
1.8900E-08	2.5568E-09	5.5397E-06	-2.6067E-06
-2.1136E-08	-3.6768E-09	5.0033E-06	-4.0103E-06
-1.2404E-08	-1.6609E-08	3.2509E-06	-4.1712E-06
-1.2417E-08	8.3695E-09	2.6559E-06	-2.5595E-06
-1.3637E-08	1.0324E-09	4.3210E-06	-2.8031E-06
6.1833E-08	-1.6218E-08	3.0510E-06	-4.6990E-06
3.6557E-08	6.1700E-09	1.7492E-06	-3.5737E-06
-3.7602E-08	1.8033E-08	1.8256E-06	-3.6663E-06
3.6138E-08	1.1865E-08	1.0659E-06	-3.2000E-06
-1.8048E-08	-1.1692E-08	8.6719E-07	-3.0544E-06
1.1633E-08	-2.7177E-08	7.2766E-07	-1.8645E-06
-1.6794E-08	-4.3256E-08	1.8281E-06	-2.9104E-06
-4.8523E-08	1.2408E-08	-3.9245E-07	-2.6832E-06
-3.1783E-09	4.1404E-08	1.0126E-06	-1.1164E-06
-1.8590E-09	-8.0670E-09	1.0054E-06	-2.3569E-06
5.1050E-08	-6.4548E-10	7.7264E-07	-2.0665E-06
1.1625E-08	7.6604E-09	8.6807E-08	-2.3879E-06
-3.9472E-08	-5.3794E-09	-1.0324E-07	-1.4299E-06
1.4987E-08	-8.1721E-09	-5.5068E-08	-1.2992E-06
-1.1672E-08	-8.7327E-09	2.2855E-07	-8.5509E-07
-3.3215E-09	9.9341E-09	7.2546E-10	-8.5817E-07
-1.2024E-08	-1.0732E-08	6.5461E-07	-2.1385E-08
4.2267E-09	1.9065E-10	1.2069E-06	-7.2739E-07
-3.8104E-09	1.9486E-08	1.2854E-06	-9.8278E-07
-1.0100E-09	-1.3594E-08	7.0726E-07	-1.6321E-06
-2.5466E-08	6.5499E-09	2.4394E-07	-1.0673E-06
-2.7493E-09	5.2226E-09	-2.1917E-07	-5.9113E-07
1.5866E-08	-1.2159E-08	1.1388E-06	7.2335E-07
4.3853E-09	2.1416E-08	1.8922E-06	-1.1956E-06
-2.8130E-08	-1.1993E-08	1.1335E-06	-9.4231E-07
1.0806E-08	-2.0876E-08	1.0082E-06	-2.1915E-06
1.7483E-08	4.3914E-09	-8.0673E-07	-5.7688E-07
-2.5982E-09	1.9775E-09	1.2487E-06	-1.0536E-07
-6.7633E-09	-3.1282E-08	5.5249E-07	-7.5092E-07
1.9806E-08	-1.4720E-08	1.2957E-06	-6.8603E-07
-5.1535E-09	4.0974E-08	6.6093E-08	-9.4211E-07
3.7848E-08	3.0112E-08	1.2605E-06	2.0788E-07
5.1718E-09	5.5527E-08	1.2025E-06	-1.0345E-06
2.2265E-08	8.1041E-09	1.6078E-06	-7.5595E-07
-2.2592E-08	-5.7293E-09	5.8650E-07	-2.2987E-06
-3.0394E-09	-6.9076E-11	-3.5440E-07	-4.2016E-07
-1.2487E-09	4.2217E-09	9.3610E-07	-3.7966E-07
-1.0582E-09	1.0016E-09	6.0575E-07	-9.7864E-07
-2.0687E-09	3.1616E-09	7.4184E-07	-3.8492E-07
-2.1552E-09	-4.5938E-11	7.1913E-07	-1.2806E-06
-4.9170E-09	3.4200E-09	-2.7521E-08	-3.3425E-07
5.2511E-11	1.2414E-09	1.3095E-06	-1.2691E-07
-4.4858E-09	-1.0399E-09	8.2217E-07	-1.8580E-06
-2.3764E-09	1.6129E-09	-8.7956E-07	8.4837E-08
-2.6693E-09	-3.6124E-10	2.2632E-06	2.8754E-07
-1.2552E-09	1.4056E-09	6.7833E-07	-2.1813E-06
-1.5069E-09	-1.7766E-09	-7.3043E-08	-7.1859E-07
-3.9217E-09	1.3689E-09	-2.5620E-07	-4.2519E-07
-3.2497E-10	1.4268E-09	1.0144E-06	4.6048E-07
-2.2143E-09	-1.1981E-09	1.0029E-06	-1.2419E-06
-2.9186E-09	4.1121E-10	1.3947E-07	-5.6287E-07
-2.2617E-09	-4.9729E-10	3.0582E-07	-4.2735E-07
-2.1454E-09	4.1119E-10	4.8749E-07	-1.8542E-07
7.5411E-11	-1.9432E-09	1.9051E-07	-2.7479E-08
-3.5151E-09	-1.7815E-09	1.5056E-06	5.8497E-07
2.3759E-10	1.5109E-09	1.2882E-06	-1.0775E-06
1.6669E-10	-2.2450E-09	1.1923E-06	-2.5129E-08
-8.0902E-10	6.6469E-10	1.7675E-06	-1.8569E-06
-2.8152E-10	-9.9381E-10	-1.8198E-07	-1.3482E-06
-1.6698E-09	2.3484E-09	4.4949E-07	-9.0060E-07
1.9165E-09	-3.8021E-10	-2.5165E-07	-5.7279E-07
-3.2072E-09	-7.6107E-10	1.0047E-06	-6.1830E-08
-2.1932E-10	1.9797E-09	7.7130E-07	-1.6682E-06
-7.4495E-10	-5.5517E-10	-9.8559E-07	-1.1241E-06
1.6769E-10	7.0607E-10	-6.1919E-07	8.6141E-07
-9.0475E-10	-1.1928E-09	1.4375E-06	6.6804E-07
-1.1766E-09	2.4531E-09	1.1005E-06	-1.0437E-06
1.5705E-09	8.2770E-10	7.2844E-08	-3.5785E-07
-1.2136E-09	3.1146E-10	9.4574E-07	4.9839E-08
-1.3860E-09	2.0907E-09	1.2920E-06	-6.6319E-07
-1.1931E-09	2.0341E-09	8.2306E-07	-1.5261E-06
-9.7881E-10	1.5586E-09	-4.1890E-07	-1.0826E-06
-1.8831E-09	2.6757E-11	8.6184E-08	-1.9769E-07
-3.4810E-09	1.2901E-09	2.9851E-07	-6.5120E-07
-6.6349E-10	1.6894E-09	-1.8275E-07	-5.9169E-07
-1.5733E-09	-1.0718E-09	8.8796E-09	-2.4571E-08
-2.3436E-09	7.5841E-10	-4.4283E-08	-8.4020E-07
-1.8027E-09	3.4190E-10	-1.3981E-06	8.3388E-07
-1.3549E-09	1.8266E-09	1.4519E-06	1.4666E-06
-7.4700E-10	-1.0165E-09	5.9294E-07	-4.6182E-07
-4.2715E-09	7.6386E-10	8.5611E-07	6.4475E-07
-1.1047E-09	1.2728E-09	3.4941E-07	-4.3533E-07
-2.6945E-09	-7.2705E-10	6.4638E-07	1.6516E-06
-1.7215E-09	-6.8055E-10	2.5369E-06	-7.9163E-08
-3.6845E-09	-1.6608E-09	1.2164E-06	-7.0520E-07
-1.0803E-09	9.0105E-10	1.1866E-06	-7.5325E-07
-3.9903E-10	-2.9896E-09	7.4661E-07	-3.9093E-07
-2.3033E-09	-8.2990E-10	1.3161E-06	-6.8478E-07
-5.3997E-10	-7.8263E-10	5.5613E-07	-8.2318E-07
-9.0250E-10	6.8710E-11	8.7967E-07	-6.8507E-07
4.6822E-10	-1.2238E-09	-3.2520E-08	-3.1477E-07
-2.4384E-09	-1.3054E-09	-1.1400E-09	-6.6327E-08
-8.9625E-10	1.0207E-09	2.2110E-06	-1.4050E-07
2.0962E-10	-1.3556E-09	5.3266E-07	-1.6196E-06
-1.2940E-09	-1.5020E-09	1.0238E-06	-1.3829E-07
-6.4643E-10	-7.8106E-10	1.1414E-06	-2.1625E-06
-4.3470E-10	-4.1465E-10	-9.6795E-07	-1.2342E-06
1.4526E-09	-1.5281E-10	-2.7287E-07	-1.3445E-07
-6.3455E-11	-2.1011E-09	-2.3776E-07	2.5841E-07
-1.0498E-09	1.8858E-09	1.1084E-06	6.4286E-07
1.9445E-09	4.0269E-10	1.1200E-06	-8.8392E-07
-1.1291E-09	2.3793E-10	3.7571E-07	-1.6758E-07
2.3888E-10	6.9815E-10	1.1805E-06	-7.0690E-07
-2.4995E-09	5.0603E-10	9.1147E-08	-4.3044E-07
8.8649E-10	2.2471E-09	1.6128E-06	-2.5436E-07
-9.3792E-10	-2.3706E-09	5.6701E-07	-1.7650E-06
-2.2526E-09	1.9392E-09	-2.9931E-08	-9.1181E-07
5.5462E-10	-3.4921E-11	-4.3261E-07	-4.7691E-07
-1.2168E-09	9.5140E-10	7.7300E-07	3.0058E-07
4.5913E-10	-1.4376E-10	7.5740E-07	-9.7788E-07
-3.0878E-09	6.6304E-10	5.9667E-07	-8.9118E-07
-4.6646E-11	2.7033E-09	-6.6356E-07	-1.2952E-06
-1.1176E-09	-9.9930E-10	-3.7892E-08	7.5874E-07
-3.1305E-09	8.1121E-10	8.0948E-07	-8.7245E-07
-1.7856E-09	3.5763E-10	-6.5936E-08	-7.5444E-08
-2.1662E-09	1.5908E-11	6.9248E-07	-8.0487E-07
-8.1571E-10	-8.6453E-10	-4.9216E-07	-3.4440E-07
-2.7952E-09	-2.0251E-09	4.2081E-07	4.3679E-08
-1.7023E-09	1.1936E-09	1.6976E-07	-1.6492E-07
6.4420E-10	-1.6988E-09	7.2606E-07	-2.7400E-08
-2.5362E-09	-1.0831E-09	4.6497E-07	-8.3022E-07
-5.7457E-10	-1.8707E-10	-1.8912E-07	-1.9720E-07
-2.2293E-09	-5.4708E-10	6.0053E-07	-1.5094E-07
3.7009E-10	3.5184E-11	-1.3273E-07	-4.1463E-07
-2.2384E-09	-3.3467E-09	5.6647E-07	1.3442E-07
-2.0913E-09	8.7781E-10	-3.9961E-07	-5.9209E-07
7.0546E-10	-2.2436E-09	3.2426E-07	1.6481E-06
-1.2149E-09	-1.5244E-09	2.1169E-06	-4.4332E-07
4.6430E-10	-2.1179E-09	2.1370E-07	-9.0896E-07
-1.2779E-09	-5.7145E-10	2.5522E-07	1.4680E-07
2.2128E-09	-4.0383E-11	1.4105E-06	2.7414E-07
-1.0533E-10	-2.2787E-09	1.0625E-06	-1.4327E-06
-5.6134E-10	6.5432E-10	2.3616E-08	-4.8210E-08
4.6987E-10	7.0545E-11	1.6438E-06	-7.8445E-07
2.8724E-10	-7.4125E-11	-1.6671E-07	-1.5006E-06
-6.4898E-11	-1.1131E-09	1.2300E-07	-1.5128E-07
-1.2342E-09	-8.1871E-11	3.5548E-07	-8.5724E-07
7.3477E-10	7.6692E-10	-3.6058E-07	-3.0074E-07
9.7590E-10	-1.3511E-09	2.9359E-07	1.6987E-07
-8.2242E-10	-1.3555E-10	3.3643E-07	2.9977E-07
5.0048E-10	9.4798E-10	1.7206E-06	3.8057E-07
2.3290E-10	8.4161E-10	1.4473E-06	-1.3473E-06
7.6525E-10	4.0905E-10	9.5975E-07	-1.0280E-06
-1.9797E-09	9.2730E-11	6.0578E-07	-1.8822E-06
-6.2482E-10	2.6028E-09	1.6708E-08	-1.2447E-06
-2.5348E-10	-5.5788E-10	-3.8924E-07	-1.7798E-06
-1.8780E-09	4.1051E-10	-9.1663E-07	-1.7694E-07
-1.3769E-09	-5.2134E-10	3.1258E-07	-7.3510E-07
-1.6999E-09	1.1649E-09	-5.0429E-07	-5.1920E-07
8.5587E-10	-9.3434E-10	2.3057E-07	-7.5810E-07
-2.6214E-09	-1.0110E-09	-6.7713E-07	-5.7516E-07
-5.3172E-10	1.1454E-09	5.3794E-07	-5.4317E-07
-9.9743E-10	-3.8475E-10	-9.2109E-07	-1.9839E-06
-5.6382E-10	1.5148E-10	-1.9763E-06	1.3829E-07
-2.1773E-09	-1.5012E-09	-4.3426E-07	3.6558E-07
-2.2047E-09	1.0780E-09	-1.3278E-06	2.7808E-07
1.8121E-11	-1.2552E-09	1.1799E-07	1.6522E-06
-2.1083E-09	-2.0440E-09	6.7035E-07	-2.6174E-07
-1.3112E-09	-1.0082E-09	-2.7450E-07	2.1634E-07
-6.9035E-10	-1.2551E-09	3.4645E-08	8.5459E-08
3.4611E-10	-1.1562E-09	1.6139E-07	4.1891E-07
-1.7401E-11	-2.4802E-09	-1.6123E-07	-6.4545E-07
-1.4579E-09	-3.6567E-10	-1.0973E-06	1.3357E-06
1.4744E-09	9.2999E-11	1.4965E-06	1.0450E-06
-2.7561E-10	-2.2204E-09	4.6763E-07	-5.9433E-07
-5.6394E-10	-9.4728E-11	-2.1410E-07	1.2854E-07
-3.0425E-10	-1.4068E-09	1.3588E-07	6.9981E-07
7.7781E-12	4.3018E-10	6.1628E-07	3.8041E-07
1.5855E-09	-2.7320E-09	6.3104E-07	3.5063E-07
-1.9185E-09	-7.7778E-10	6.0445E-07	-2.2133E-07
2.3147E-09	4.6160E-10	2.5263E-07	3.3196E-07
4.3863E-10	-1.5924E-09	7.4364E-07	-2.8555E-07
1.3281E-09	4.6996E-10	-3.0148E-07	1.2725E-07
-1.7524E-10	-8.7320E-10	6.6856E-07	6.0418E-07
3.8635E-10	2.5086E-09	5.1666E-07	-3.3121E-08
1.7189E-09	-9.2087E-10	2.1690E-07	3.2536E-07
-1.9085E-09	2.5489E-10	9.0701E-07	7.7797E-07
2.6571E-10	1.2335E-09	1.3945E-06	-4.0357E-07
-3.4084E-10	-7.3788E-11	2.8820E-07	-6.8481E-07
2.6449E-10	1.5950E-10	-2.4937E-07	-1.0304E-07
-7.3697E-10	-9.1334E-10	2.7955E-07	9.2309E-07
-9.6004E-10	1.5267E-09	8.2281E-07	1.8179E-07
1.5169E-09	3.5102E-10	7.9251E-07	9.1847E-07
-1.3071E-09	-8.0974E-10	1.7952E-06	-4.1827E-07
-9.6072E-10	1.6983E-09	2.5308E-07	-1.3408E-07
-6.9953E-10	1.2106E-10	1.5971E-06	3.2477E-08
-1.0062E-09	9.9471E-10	6.3490E-07	-9.0524E-07
-8.6803E-10	-1.5719E-09	4.2025E-07	-2.3701E-07
-3.2923E-09	5.2223E-10	4.6802E-07	2.6849E-07
7.6709E-10	-5.1760E-12	1.6617E-06	2.1949E-08
-1.7207E-09	-2.2955E-09	9.7542E-07	-1.1356E-06
-6.7374E-10	-2.4968E-10	3.1306E-07	-5.2412E-07
-1.1305E-09	-1.4036E-09	7.7849E-07	-9.4093E-08
1.9283E-10	5.9153E-10	1.0664E-06	-6.2724E-07
2.0690E-10	-2.5163E-09	1.0315E-06	-6.6005E-07
-2.1900E-09	-5.5597E-11	7.8291E-07	-1.8456E-06
4.3640E-10	-2.0450E-10	-1.0121E-06	-8.0675E-07
-6.1742E-10	-1.3560E-09	3.0911E-07	2.5246E-07
-2.7886E-10	-1.5505E-09	4.6168E-07	-3.3313E-07
-1.2298E-09	-1.4670E-09	5.0486E-07	-4.6452E-07
5.2607E-10	-3.2806E-10	2.3267E-07	-1.9111E-07
1.2125E-09	-2.2374E-09	7.8596E-07	-4.1201E-07
-3.1467E-10	-1.5735E-09	2.4192E-07	-1.6983E-07
7.6375E-10	2.6224E-11	1.5536E-06	-2.7568E-07
1.3908E-09	-5.5141E-10	7.4787E-07	-1.7223E-06
9.8687E-10	-5.3265E-10	-3.7983E-07	-1.2174E-06
2.3671E-11	-7.5465E-10	-3.6716E-07	2.5397E-07
-1.1152E-10	1.1834E-09	1.6741E-06	-3.0755E-07
1.7771E-09	-4.3119E-10	2.0883E-07	-1.8290E-06
-6.6039E-10	-9.8270E-10	1.7433E-07	-7.1393E-07
4.2810E-10	3.3619E-10	-2.1972E-07	-1.5893E-06
1.5652E-10	-1.1488E-11	-6.2007E-07	-1.7326E-07
1.7641E-09	4.0599E-10	5.2701E-07	-8.5824E-07
-8.3725E-11	-1.3196E-09	-7.8036E-07	-1.2045E-06
-2.1165E-10	2.1366E-09	-6.3300E-07	6.1557E-08
1.3957E-09	3.0563E-10	4.2786E-07	-3.0524E-07
-4.9015E-10	7.8773E-10	-2.5286E-07	-1.4176E-06
-1.9177E-10	1.5252E-10	-1.4728E-06	-2.7644E-07
-1.8622E-09	1.2957E-09	-4.5240E-08	4.8715E-07
7.9995E-10	8.1937E-10	-3.5228E-07	-6.6944E-07
-1.3992E-09	-1.4073E-09	-8.0875E-07	3.5460E-07
-1.3348E-09	7.3755E-10	-1.5229E-07	4.7911E-07
-2.6368E-10	-1.8101E-10	4.2483E-07	5.5358E-07
-2.3138E-10	-2.8094E-11	6.1129E-07	-4.0640E-07
-2.5994E-10	-9.8153E-10	2.1450E-07	-6.3837E-07
-1.7560E-09	1.3279E-10	-9.4919E-07	-9.5293E-07
1.5099E-10	1.0138E-09	-8.7494E-07	9.9776E-07
-3.1668E-10	-1.5081E-09	-7.8050E-08	2.8705E-07
-2.0945E-09	-2.1801E-10	2.5028E-07	1.5765E-06
-5.1360E-10	-4.2912E-10	1.3534E-06	-6.3806E-07
-1.1271E-09	-7.9617E-10	-6.7981E-07	8.4637E-08
5.7057E-10	-1.4838E-09	1.5521E-06	8.8508E-07
-1.8042E-09	-2.3676E-09	7.5020E-07	-7.2727E-07
3.8438E-10	7.5846E-10	9.6119E-07	-6.0430E-07
1.2996E-09	-2.5938E-09	-2.6924E-07	-9.4671E-07
-5.9876E-10	-4.9103E-10	2.1583E-07	-2.5316E-09
9.1421E-10	-1.1572E-09	2.3071E-07	-1.0280E-07
-6.2584E-10	2.7228E-10	1.2859E-06	-6.6117E-07
2.1921E-09	-6.6333E-10	-6.3494E-07	-1.5987E-06
-1.2866E-09	-2.0106E-09	-1.7487E-07	3.1879E-07
3.3687E-10	1.0039E-09	3.3715E-07	-9.5520E-07
1.1559E-09	-1.4873E-09	-3.8639E-07	-4.4131E-07
4.7620E-10	-5.3667E-10	1.1636E-07	-8.4814E-07
9.3496E-10	-1.2651E-09	-1.2817E-06	-8.8797E-07
6.9551E-11	4.5390E-10	-4.6753E-07	8.0387E-07
2.4411E-09	4.7642E-10	-3.0743E-08	-1.1545E-06
5.8456E-10	-1.1303E-09	-2.0229E-06	8.0137E-07
-2.2623E-10	1.4413E-09	9.6920E-07	9.1071E-07
1.2414E-09	8.1562E-10	-7.3589E-07	-2.3475E-07
-3.6620E-11	4.7034E-10	6.8866E-07	8.3692E-07
4.5459E-10	1.3359E-10	-3.2284E-07	-8.6357E-07
-1.4499E-09	1.3370E-10	-5.2622E-07	7.5503E-07
8.2981E-10	1.7635E-09	-1.0221E-07	4.6401E-07
4.5429E-10	-1.5627E-09	4.4155E-07	7.6108E-07
-1.1992E-09	9.3761E-10	2.6160E-07	2.6045E-07
6.1885E-10	3.1605E-10	1.1713E-06	4.4173E-07
-5.4087E-10	1.0079E-09	2.9712E-07	-1.1653E-06
8.7919E-10	-7.5808E-11	-3.9482E-07	2.0709E-07
-2.3227E-09	-1.0008E-12	2.1112E-07	3.5532E-08
-1.0381E-10	1.8717E-09	2.8592E-07	3.1797E-09
-5.6186E-10	-1.0193E-09	-1.1000E-07	-2.5162E-07
-1.3791E-09	-8.5184E-11	2.6838E-07	4.7736E-08
-1.2276E-09	-8.3941E-10	-7.2173E-07	-4.6761E-07
-8.0666E-10	2.6231E-10	-5.9297E-08	1.2707E-06
5.9040E-10	-1.4470E-09	4.4051E-07	-2.8690E-07
-1.2849E-09	-1.3874E-09	-1.5304E-07	9.5454E-07
-3.0217E-10	1.7852E-10	1.0037E-06	-1.4304E-07
4.9873E-10	-6.0119E-10	-3.1675E-07	3.5084E-07
-8.1924E-11	-9.9743E-10	1.1182E-06	3.8920E-07
-6.5207E-10	-8.6687E-10	2.5082E-07	-2.4156E-07
-6.8070E-10	-6.4013E-11	1.0339E-06	2.0530E-07
8.8463E-10	-6.4662E-10	6.5378E-07	-1.3199E-06
-3.7560E-10	-2.2156E-09	-9.2681E-07	-6.7788E-07
-4.2700E-10	-3.2804E-10	-2.3952E-07	7.3290E-07
1.0173E-09	-1.0219E-09	6.9883E-07	-5.7345E-07
9.7105E-10	-7.0800E-10	-1.5961E-06	-5.4027E-07
1.1568E-09	-1.6179E-09	-6.6032E-07	2.0822E-06
-3.2700E-10	3.4381E-10	1.2638E-06	1.2749E-06
2.3550E-09	4.9193E-10	1.5438E-06	1.5202E-07
3.2450E-10	-9.5861E-10	4.6628E-07	-6.8617E-07
5.2954E-10	5.7598E-10	7.2835E-07	4.5923E-07
-7.7189E-11	-4.8540E-11	8.7459E-07	-1.5482E-06
1.0892E-09	1.1348E-09	-1.4730E-06	-1.2307E-07
8.1405E-10	-1.5358E-09	1.9655E-07	9.0455E-07
-8.3568E-10	7.3664E-10	6.4540E-08	7.6359E-07
1.5359E-09	5.7803E-10	1.3427E-06	8.6628E-07
5.0669E-10	6.4113E-11	1.3453E-06	-3.9476E-07
8.3340E-10	3.0751E-10	3.5786E-07	-1.0690E-06
-5.8794E-10	5.9032E-10	-4.8013E-07	6.5792E-07
5.0754E-10	2.0097E-09	1.7582E-06	1.7316E-08
5.7545E-10	-1.6704E-10	-4.8843E-07	-7.7740E-07
-1.6227E-09	4.5402E-10	9.9133E-07	1.0367E-06
-4.0237E-10	1.2543E-09	9.6855E-07	-9.1135E-07
-4.8710E-10	-6.8849E-11	4.4395E-07	-1.2641E-07
-3.3967E-10	6.6721E-11	4.1153E-07	-4.1720E-07
-9.5009E-10	-1.0365E-09	1.0431E-06	1.3153E-07
-1.0996E-09	1.2321E-09	7.9283E-07	-1.5218E-06
1.3467E-09	-5.5661E-10	-5.3453E-07	-3.0576E-07
-1.6801E-09	-8.5815E-10	7.0435E-07	1.1843E-07
-9.2101E-11	8.1165E-10	9.0871E-07	-5.4902E-07
-9.8754E-10	-5.1031E-10	8.2853E-07	-1.0824E-06
1.2607E-10	5.2799E-10	1.9085E-07	-1.6771E-06
-9.4092E-10	-2.2563E-09	-1.0660E-06	-1.3042E-06
-1.8054E-09	7.5256E-10	-1.0788E-06	1.1524E-07
1.1842E-09	-1.1834E-09	1.0074E-07	4.7011E-07
-9.6332E-10	-1.6203E-09	5.0506E-07	-6.3624E-07
4.4001E-10	-9.1096E-10	-5.4371E-07	-7.3651E-07
-4.0241E-10	-9.6215E-10	-5.9607E-07	-3.4730E-07
1.4181E-09	1.4073E-10	-1.1554E-06	3.7335E-07
7.3841E-10	-1.9795E-09	1.9974E-07	1.2575E-06
-6.9884E-10	1.8359E-10	8.9754E-07	2.0406E-07
1.2951E-09	2.3680E-10	4.0201E-07	-6.3828E-07
4.2934E-10	-9.3606E-10	-7.2468E-07	3.1876E-07
3.5361E-10	-4.0189E-10	1.1764E-06	9.8374E-07
-2.7752E-12	-7.6399E-10	1.0585E-06	-5.9210E-07
6.9529E-10	6.9012E-10	1.0512E-06	-7.4991E-07
1.9828E-09	-1.2854E-09	-2.9415E-07	-1.5109E-06
-5.6074E-10	-4.4552E-10	-4.0253E-08	2.2578E-07
1.5950E-09	1.1371E-09	7.6607E-07	-1.4998E-06
8.6815E-10	-1.2752E-10	-1.5459E-06	-1.3930E-06
1.1454E-09	9.0526E-10	-1.2902E-06	7.6508E-07
-1.7452E-10	-2.9692E-10	2.5515E-07	3.4577E-07
-1.7761E-10	2.3114E-09	-5.4121E-07	1.8737E-07
1.3639E-09	-1.4620E-10	9.1559E-07	4.5590E-07
-1.2044E-09	1.7086E-10	-3.7047E-07	-1.2502E-06
1.0485E-10	6.9983E-10	-6.3148E-07	8.6011E-07
-4.3786E-10	5.4412E-10	5.5283E-07	-3.2773E-07
9.3764E-10	3.6524E-10	-8.8540E-07	-1.2571E-07
-7.6207E-10	-6.4930E-10	-1.8978E-07	1.1325E-06
-5.3004E-10	1.5442E-09	1.2231E-06	3.2235E-07
5.2312E-10	4.5498E-10	-6.5572E-08	-8.5639E-07
-5.4603E-10	8.4231E-11	-1.7711E-07	5.5625E-07
-1.0382E-09	2.1444E-10	3.6879E-07	-2.7227E-08
-1.1372E-09	6.8111E-10	3.4084E-07	2.3857E-07
-1.4503E-10	1.2944E-10	3.0626E-07	-3.7646E-07
-8.1290E-10	-1.3102E-09	2.1064E-07	2.6388E-07
-1.5512E-09	-1.9770E-10	6.3097E-07	-4.4764E-07
1.9509E-10	-1.6506E-10	2.3792E-07	-5.0351E-07
-9.8639E-11	-1.1068E-09	-5.1147E-07	-9.5068E-07
-3.0287E-11	-8.6473E-10	-7.4153E-07	8.8851E-07
-8.3728E-10	-5.5660E-10	9.7740E-07	8.5018E-09
6.4248E-10	5.9643E-10	-3.5175E-07	-4.6156E-07
3.6464E-10	-1.7139E-09	2.1673E-08	2.7495E-07
-1.0430E-09	-1.2887E-10	2.0708E-07	-3.2450E-08
3.1084E-10	-5.6713E-10	-3.9865E-08	-2.0256E-07
-8.3783E-11	-3.4027E-10	-7.6044E-08	3.4687E-07
1.1469E-09	-1.5082E-09	3.4715E-07	-9.2460E-08
-9.6858E-10	-1.1030E-09	-1.2964E-07	3.1889E-07
1.4611E-09	5.2316E-10	8.1912E-07	2.2610E-08
1.1655E-09	-1.4321E-09	-2.1680E-07	-3.6529E-07
6.8721E-10	-8.6161E-12	3.7306E-07	4.7073E-07
6.4080E-10	-3.2234E-10	3.5504E-07	-2.5636E-07
6.2898E-10	1.1805E-09	4.6287E-07	2.2011E-07
1.6737E-09	-2.9524E-10	5.8303E-07	-5.4354E-07
-6.4308E-10	-2.5822E-10	2.0684E-07	-2.6856E-07
3.9137E-10	1.2442E-09	-5.7473E-08	-6.0381E-07
8.8943E-10	-7.7345E-11	3.0842E-08	8.1807E-07
2.9474E-10	6.2401E-11	1.6752E-06	-7.8403E-07
3.5993E-10	-1.0267E-10	-4.8494E-07	-9.6425E-07
-1.9739E-10	9.7604E-10	1.0437E-06	-6.0723E-07
1.6777E-09	9.4412E-10	-1.1350E-06	-2.1645E-06
-2.3388E-10	-6.3269E-10	-1.3367E-06	3.9942E-07
-5.3559E-10	1.9532E-09	-7.9793E-07	-9.9946E-08
4.9583E-10	5.0153E-10	-6.4143E-07	1.1795E-06
-7.1132E-10	1.0239E-09	5.2750E-07	4.2921E-07
1.2727E-11	-2.7306E-10	1.6073E-07	1.5292E-07
-2.1980E-09	5.9282E-10	1.1198E-08	1.6398E-07
8.1813E-10	1.0219E-09	5.3128E-07	5.5263E-07
-8.6113E-10	-1.5533E-09	5.7555E-07	-3.9264E-07
-8.4378E-10	6.9392E-10	2.3397E-07	1.3904E-08
-2.2541E-10	-4.8933E-10	3.6990E-07	-4.2414E-07
-3.2179E-10	7.1091E-10	8.6832E-08	-1.2752E-07
4.2008E-10	-1.0366E-09	7.3372E-08	-3.3337E-07
-1.8898E-09	-6.4900E-11	9.3825E-08	2.1065E-07
2.0530E-10	7.8692E-10	3.9236E-07	-1.9146E-07
-2.9225E-10	-1.2175E-09	5.3687E-07	1.0492E-07
-9.0732E-10	-5.5947E-10	6.9871E-07	-8.7234E-07
-4.9449E-10	-8.4972E-10	1.0639E-07	-4.9207E-07
-2.7166E-10	-3.1329E-10	1.7702E-07	-1.2354E-06
1.0897E-09	-1.1870E-09	-1.0168E-06	-1.5000E-07
-5.9080E-10	-1.6463E-09	6.7709E-07	-6.8197E-08
3.6836E-10	6.1279E-10	-6.2877E-07	-1.0551E-06
1.3704E-09	-9.8884E-10	-2.7539E-07	6.4458E-07
1.2554E-10	-3.0501E-10	8.7731E-07	-6.6715E-07
6.2390E-10	-5.7946E-10	-4.9536E-07	-9.4540E-07
-4.1810E-10	4.2965E-10	-4.1535E-08	-4.7756E-07
1.7930E-09	1.2017E-11	-8.1420E-07	-1.0066E-06
-3.5165E-10	-1.4595E-09	-5.6699E-07	-1.3424E-09
3.0155E-10	7.6866E-10	-9.2865E-07	-1.0321E-06
9.9704E-10	-4.7171E-10	-1.6512E-06	9.0447E-07
9.9495E-10	2.9035E-10	2.3618E-07	4.9708E-07
8.7222E-10	-7.5481E-10	-7.7150E-07	-2.3948E-08
-1.6763E-10	1.1812E-09	-6.2996E-07	6.3365E-07
1.7239E-09	8.9567E-10	-2.8245E-07	1.2648E-06
1.6759E-10	1.7833E-11	1.0399E-06	5.7223E-07
-1.0769E-10	8.8897E-10	4.7342E-08	-6.6548E-08
-2.6018E-10	9.5648E-10	6.3994E-07	6.0849E-07
4.0479E-10	8.7587E-10	1.1193E-06	-2.8851E-07
-1.1732E-10	-3.7433E-10	7.5166E-07	-1.5189E-06
-1.0038E-09	5.2026E-10	-1.4826E-06	-1.3277E-06
2.6864E-10	9.5743E-10	-9.1478E-07	7.4269E-07
2.7003E-10	-1.6391E-10	-2.0643E-07	3.0283E-07
-4.9009E-10	2.0218E-10	4.3012E-07	6.0028E-07
-5.6890E-10	5.1287E-10	3.8037E-07	-8.8220E-07
-3.0170E-10	1.1242E-09	-4.5538E-07	-1.1101E-07
1.9601E-10	-2.9689E-10	-1.3900E-07	-8.1503E-07
-1.8190E-09	-1.2715E-10	-1.3976E-06	3.2438E-07
-4.5535E-10	7.5576E-10	4.2961E-07	5.2396E-07
-6.3965E-10	-6.2910E-10	-5.1113E-07	-3.5040E-07
-2.7533E-10	-4.4599E-10	-7.5562E-08	2.7164E-07
-1.0524E-09	-1.3468E-09	-6.5002E-07	-2.6884E-07
-3.9528E-10	6.7119E-10	-4.5853E-07	7.4002E-07
1.0152E-09	-1.3404E-09	5.9902E-08	4.7369E-07
-8.9903E-10	-6.9036E-10	5.5635E-07	2.9483E-08
3.0017E-10	-1.8704E-10	-7.3364E-07	-7.4117E-07
-3.4671E-10	-1.5453E-10	-6.2257E-07	1.1647E-06
9.3608E-10	-3.2974E-10	6.9764E-07	-3.4651E-08
-7.0890E-10	-1.4974E-09	-6.6530E-07	-9.0755E-08
-3.0171E-10	5.2742E-10	1.6329E-07	3.9600E-07
1.0811E-09	-8.9660E-10	-7.8041E-07	-4.7049E-07
1.1428E-10	-9.9496E-10	-7.9354E-07	1.7458E-06
5.5523E-10	-6.0041E-10	1.4380E-06	3.6914E-07
3.6957E-10	-1.5536E-10	-6.4048E-07	-1.1080E-07
1.5472E-09	3.2671E-10	8.8804E-07	8.9101E-07
9.1966E-10	-1.0397E-09	3.4688E-08	-6.3579E-07
-3.4530E-10	8.3497E-10	3.1674E-07	5.0578E-07
1.5000E-09	7.7372E-10	-9.5665E-08	-6.3936E-07
1.5154E-10	-1.4937E-10	1.5572E-07	6.2676E-07
5.4311E-10	4.9225E-10	1.7315E-08	-1.1498E-06
-4.7133E-10	-1.2577E-10	-1.1814E-06	7.0016E-07
6.7199E-10	1.5611E-09	2.3849E-07	2.3486E-07
1.0565E-09	-1.0615E-09	-6.2102E-07	5.7937E-07
-9.7072E-10	7.6804E-10	2.3525E-07	4.8897E-07
1.1103E-09	8.3982E-10	-4.6000E-07	8.1727E-07
-1.7104E-10	5.6006E-10	1.0115E-06	1.2530E-06
7.8606E-10	6.9910E-10	1.0621E-06	-4.2907E-07
-1.2023E-09	5.3952E-11	-4.8291E-07	-3.6916E-09
-2.2921E-10	2.0263E-09	8.5231E-07	1.2164E-06
2.3553E-10	-3.7943E-10	1.1793E-06	-5.0768E-07
-1.4355E-09	2.0568E-10	7.4722E-07	-9.2973E-08
-5.2494E-10	3.0319E-10	4.6742E-07	-1.5288E-06
-6.9523E-10	1.5219E-10	-1.0798E-06	4.2626E-07
2.0776E-10	-1.5580E-10	1.6140E-06	2.3852E-07
-8.1926E-10	-9.8190E-10	9.0257E-08	-1.6600E-06
-8.5365E-10	7.8756E-10	-7.7648E-07	-2.7594E-07
7.0311E-10	-1.2756E-10	2.5381E-07	1.3236E-07
-8.2996E-10	-7.3545E-10	1.8730E-07	-1.1500E-06
-4.8963E-10	1.0051E-10	-8.5997E-07	-4.5255E-07
-7.9548E-10	-3.5182E-10	-3.3458E-07	-7.9803E-07
1.6425E-10	1.1214E-10	-1.7981E-06	-2.6824E-07
-2.2791E-10	-1.8907E-09	-8.5774E-07	5.9438E-07
-1.1468E-09	-1.8946E-11	-1.5150E-06	7.2108E-07
1.0420E-09	-6.2022E-10	-1.7401E-07	2.0414E-06
3.2969E-11	-1.0279E-09	6.5494E-07	8.4267E-07
7.5024E-10	-7.5266E-10	4.3994E-07	5.9748E-07
-3.1215E-10	-4.1212E-10	2.5974E-07	5.1156E-07
1.3106E-09	6.0433E-10	8.2421E-07	8.0794E-07
6.5402E-10	-1.2135E-09	1.0359E-06	-3.0256E-07
-2.4464E-10	2.5626E-10	2.1781E-07	-2.8454E-07
5.5255E-10	6.9293E-11	4.0317E-07	-2.6012E-07
5.8328E-10	1.1999E-10	-1.0395E-07	-4.8494E-07
7.7110E-10	-7.3117E-10	-4.3387E-07	-6.8953E-08
-2.7295E-10	-8.3722E-11	-3.4022E-07	7.2014E-07
9.9099E-10	7.2718E-10	1.0218E-06	4.1733E-07
1.1511E-09	-2.5157E-10	-6.6995E-08	-7.1054E-07
2.8050E-10	1.1706E-10	1.9946E-07	6.2031E-07
3.0523E-10	8.2404E-10	3.8758E-07	-9.1674E-07
5.0396E-10	1.0493E-09	-7.3069E-07	3.8746E-07
6.9609E-10	4.6764E-10	6.0373E-07	-1.4329E-07
-6.9516E-10	1.1134E-10	-7.5731E-07	-9.5319E-08
-3.8331E-10	1.4711E-09	1.3775E-07	5.0294E-07
4.0890E-10	1.4853E-10	-1.9107E-07	2.7612E-07
-5.3210E-10	1.7505E-10	4.7008E-07	3.9523E-07
-2.6386E-10	1.8109E-12	-1.9829E-07	2.1735E-08
-7.5161E-10	8.5549E-10	4.4813E-07	9.3352E-07
9.4741E-10	3.6906E-10	1.0049E-06	-3.6135E-07
-9.9482E-10	-5.8637E-10	-5.4259E-07	-4.0208E-07
-5.1585E-10	1.2118E-09	1.4017E-07	1.4096E-06
-3.1495E-10	2.1450E-11	1.7867E-06	-7.7595E-08
-4.4067E-10	4.8598E-10	3.0667E-07	-6.1051E-07
-6.7439E-10	-9.4116E-10	1.0860E-06	-3.6603E-07
-1.5904E-09	4.9710E-10	-6.3449E-09	-1.4282E-06
5.3667E-10	-2.2364E-10	-3.9090E-07	-2.4226E-07
-7.8153E-10	-1.3154E-09	-8.1669E-08	-3.0650E-07
-3.9738E-10	-2.8779E-10	2.1397E-07	-1.0918E-07
-1.8747E-10	-5.6080E-10	6.2247E-08	-1.0131E-06
3.8198E-10	-6.1915E-11	-1.0614E-06	-3.5107E-07
4.1144E-10	-1.1878E-09	-3.3375E-07	5.4420E-07
-9.0526E-10	-2.2272E-10	2.0295E-08	1.6653E-07
6.7507E-10	4.3338E-10	3.3106E-07	5.0358E-07
2.9518E-10	-1.1673E-09	9.7420E-07	-8.2966E-07
-2.9162E-10	-2.8167E-10	-1.1601E-06	-7.5581E-07
2.1888E-10	-7.0549E-10	4.0730E-07	9.4812E-07
1.3106E-10	1.3435E-10	2.0603E-07	-1.5593E-06
1.5935E-09	-9.3919E-10	-1.6356E-06	7.3561E-07
-5.5002E-10	-8.6359E-10	1.1570E-06	9.8913E-07
1.1703E-09	1.0036E-09	8.1216E-07	-3.8615E-07
9.9579E-10	-6.4726E-10	1.0581E-06	-1.2450E-06
5.9278E-10	6.0947E-10	-1.1977E-06	-1.5123E-06
4.3679E-10	-3.1719E-10	-3.3935E-07	2.1180E-07
-2.1060E-10	1.4094E-09	-6.2909E-07	-7.7016E-07
1.5192E-09	1.0564E-10	-7.8525E-08	2.4407E-07
-7.4920E-10	-3.0523E-10	-8.3873E-07	-1.4107E-06
2.4562E-10	1.0342E-09	-1.4086E-06	1.2559E-06
2.9668E-10	1.3363E-10	6.6070E-07	7.9823E-08
5.0726E-10	5.3594E-10	-1.7016E-07	1.1012E-07
9.6207E-11	-2.4849E-10	4.4267E-07	-1.2516E-06
-5.5086E-10	1.1621E-09	-2.0421E-06	-5.4236E-07
8.8650E-10	9.4086E-10	-6.0841E-07	7.9376E-07
-3.4637E-10	-1.5880E-10	-8.0098E-07	3.6593E-07
-8.2841E-10	9.6964E-10	-2.2752E-07	9.3137E-07
-3.6073E-10	5.3080E-10	4.1557E-07	5.4656E-07
-5.2370E-10	5.3771E-10	1.1654E-07	-6.5586E-07
-2.1043E-10	-5.1677E-10	-1.0370E-06	5.7683E-07
-1.6054E-09	-4.1738E-11	6.6495E-07	5.3891E-07
2.4652E-10	6.5809E-10	6.7047E-08	-7.6722E-08
-2.3210E-10	-1.0427E-09	3.8010E-07	-7.3376E-07
-5.7014E-10	5.8162E-11	-1.3766E-06	-1.1376E-07
-4.1988E-10	-3.7764E-10	4.9725E-07	4.3699E-07
-2.6277E-10	6.0430E-10	-9.3809E-07	-6.2909E-07
3.9102E-10	-9.4325E-10	-6.7096E-08	5.1336E-07
-1.4046E-09	-3.8031E-10	-1.1816E-06	-5.4177E-07
4.6283E-11	1.7005E-10	-4.9891E-07	1.5568E-06
-1.7428E-10	-7.8500E-10	7.8763E-08	-1.4149E-07
1.3114E-10	-8.1363E-10	-7.7661E-07	1.2017E-06
-5.0620E-10	-1.0079E-09	1.1278E-06	1.0716E-06
3.6493E-10	1.7163E-10	1.1927E-06	-6.5621E-07
1.0534E-09	-9.8261E-10	-4.4650E-07	-1.2609E-06
5.5150E-11	-6.6722E-10	-1.0552E-06	-6.9910E-08
3.6242E-10	7.5880E-11	-7.8160E-07	4.4763E-07
6.6701E-10	1.6616E-10	-2.6034E-07	5.8945E-07
8.1054E-10	-2.3534E-10	-3.5847E-07	6.9800E-07
-1.1914E-11	-4.6802E-10	8.2763E-07	4.4649E-07
-2.1761E-11	5.9088E-10	-6.6618E-07	-7.8184E-07
1.1221E-09	2.8730E-11	-6.1587E-07	1.2699E-06
2.1521E-10	-5.6240E-10	4.0117E-07	4.1248E-07
3.4857E-10	2.5461E-10	2.9895E-07	6.4869E-07
3.7522E-10	3.1484E-10	5.7162E-07	-2.0352E-07
1.1104E-09	7.4755E-10	3.6025E-08	9.5985E-08
4.2972E-10	-4.6161E-10	3.6928E-07	-2.5099E-07
-4.7255E-10	1.3176E-09	-1.2977E-07	-3.7564E-07
8.8931E-10	7.7012E-10	-4.8496E-07	-1.5198E-07
-3.2155E-10	4.5217E-10	-1.7851E-07	3.8416E-07
6.2148E-11	3.6325E-10	4.3962E-10	1.8451E-07
-1.1177E-09	4.4427E-10	7.4136E-07	-1.1934E-08
4.4827E-10	1.1022E-09	-6.0169E-07	-1.4432E-06
-1.8589E-10	-8.4097E-10	-1.1804E-06	9.7599E-07
-8.9780E-10	6.6024E-10	7.8470E-07	1.1563E-07
9.0314E-11	2.8015E-10	-1.1765E-07	-6.6369E-07
-2.9052E-10	4.3660E-10	-7.9570E-07	-1.0070E-06
8.7098E-11	-1.4187E-10	-1.7250E-06	4.6939E-07
-1.2837E-09	3.4788E-11	-2.8039E-07	6.5150E-07
-2.5556E-10	9.8762E-10	-8.5001E-07	2.4905E-07
-7.6932E-11	-6.8449E-10	-8.9195E-07	7.0500E-07
-1.2330E-09	-3.2672E-10	-6.3322E-07	1.7490E-06
-4.0732E-10	-1.3905E-10	1.3686E-06	1.0264E-06
-5.0606E-10	-4.1780E-10	4.2577E-11	-7.0205E-07
3.9746E-10	-5.1441E-10	-8.5011E-07	8.8360E-07
-5.8227E-10	-1.3867E-09	7.0001E-07	1.2841E-06
-2.8678E-10	6.0206E-10	9.7318E-07	-1.9202E-07
1.0699E-09	-8.2254E-10	-1.1844E-07	-5.8212E-08
-5.0442E-10	-5.1758E-10	6.8283E-07	3.4052E-07
4.0475E-10	-2.5750E-10	6.7322E-07	-9.7734E-07
-5.0742E-10	-1.8881E-10	-8.1069E-07	-1.1157E-06
1.0634E-09	9.5303E-11	-1.1750E-06	1.4812E-07
-1.7250E-10	-1.5580E-09	-4.2284E-07	3.7977E-07
-2.0008E-10	5.1536E-10	-5.7356E-07	6.5524E-08
1.1291E-09	-5.5461E-10	-7.0468E-07	5.8701E-07
3.8717E-10	-2.8299E-10	-8.2726E-08	3.7352E-07
8.6746E-10	-4.2237E-10	-9.6473E-07	3.0318E-07
-3.6835E-11	2.7806E-10	5.4380E-08	1.2879E-06
1.3014E-09	8.2100E-10	-7.8043E-08	-2.8305E-07
5.8403E-10	-4.7713E-10	-9.5288E-07	1.0165E-06
-2.9914E-10	6.9499E-10	-2.5010E-08	1.0436E-06
5.1837E-10	7.2402E-10	4.8557E-07	1.3333E-06
2.2068E-10	3.1072E-10	6.6284E-07	-2.8706E-07
3.1328E-10	1.2840E-10	-6.1951E-07	1.0746E-06
-4.8888E-10	6.8147E-11	1.3472E-06	5.3849E-07
2.6746E-10	1.1955E-09	-2.0747E-07	-4.9543E-08
7.6499E-10	-2.5895E-10	6.3450E-07	7.6472E-07
-6.5341E-10	3.8972E-10	7.2650E-07	1.5097E-07
1.6137E-10	7.9954E-10	9.7961E-07	-5.0844E-07
-3.3137E-10	7.0523E-10	-1.8012E-07	-7.6335E-07
2.9809E-10	4.3935E-10	-1.1025E-07	-4.2184E-07
-1.1992E-09	-2.0334E-10	-5.9260E-07	-2.4224E-07
-6.0346E-10	1.2014E-09	-5.0598E-07	-3.4208E-07
-6.0777E-11	-3.4878E-10	-1.2668E-06	8.4256E-07
-7.9121E-10	-1.2935E-10	7.4329E-07	5.9213E-07
-5.6562E-10	-4.0524E-10	-8.7879E-07	-2.8840E-08
-6.3401E-10	3.3185E-10	5.5951E-07	9.1515E-07
5.2371E-10	-3.7061E-10	-3.6290E-07	-3.2619E-07
-7.4682E-10	-7.4747E-10	4.7667E-07	5.6854E-07
-4.0128E-10	2.9038E-10	-7.6298E-07	-1.0586E-06
-3.9090E-11	-1.2090E-10	-9.4557E-07	1.2427E-06
-2.5880E-11	-3.8684E-10	-2.0724E-07	2.7286E-07
-5.2769E-10	-7.7911E-10	-4.2796E-07	1.4101E-06
-5.8702E-10	-2.3288E-11	6.2161E-07	6.9919E-07
5.1119E-10	-3.7106E-10	5.9408E-07	7.0398E-07
4.6655E-11	-1.2095E-09	6.4975E-07	-4.9254E-07
-1.7204E-10	-3.8862E-10	-4.5850E-07	1.8927E-07
5.2057E-10	-2.8756E-10	4.5522E-07	2.5942E-07
6.8719E-10	-2.0346E-10	8.0803E-08	-5.1272E-07
7.4783E-10	-7.1680E-10	-1.0652E-06	-4.5824E-07
-3.3446E-10	5.7774E-11	-1.2646E-06	1.2164E-06
1.0425E-09	6.4424E-10	8.5919E-08	1.6424E-06
4.1269E-10	-6.2436E-10	1.3055E-06	1.2361E-06
1.3352E-10	2.5774E-10	1.3870E-06	-9.5047E-07
1.4274E-10	-1.7483E-10	-9.3013E-07	-9.3597E-07
4.3194E-10	7.6710E-10	-9.7971E-07	6.2076E-07
1.0874E-09	-6.4618E-10	-2.4758E-07	9.9961E-07
-5.4396E-10	1.8629E-10	1.2541E-07	7.9163E-07
9.4740E-10	8.8818E-10	3.8973E-07	7.9693E-07
3.6923E-10	1.4699E-10	4.7577E-07	1.8172E-07
4.7151E-10	6.1657E-10	5.6382E-08	5.7184E-07
-3.4974E-10	2.0655E-10	9.8523E-07	2.6841E-07
-1.5594E-10	1.4455E-09	-5.4292E-08	-8.0028E-07
5.3783E-10	9.5540E-11	-8.8416E-07	6.2275E-07
-9.6515E-10	6.5255E-11	4.7253E-07	1.0828E-06
-3.2896E-10	7.8322E-10	7.5324E-07	3.0401E-07
-1.8082E-10	1.3456E-10	8.5803E-07	-2.9431E-07
-9.1497E-11	2.2412E-10	-4.1426E-07	-9.6035E-07
-3.5329E-10	-4.0668E-10	-9.1446E-07	6.7195E-07
-8.9029E-10	7.3839E-10	3.4687E-07	6.0835E-07
6.2868E-10	3.5949E-10	-1.7929E-07	1.0093E-07
-8.1233E-10	-6.0874E-10	-1.0269E-08	9.4714E-07
-6.1909E-10	6.1292E-10	1.0405E-06	1.4241E-07
-5.1981E-10	-2.6259E-10	-3.3567E-07	-6.6363E-07
-3.6795E-10	3.0901E-10	-3.4927E-07	6.3450E-07
-1.4498E-10	-1.2195E-09	-8.5332E-08	-4.8792E-08
-1.3652E-09	-5.0267E-11	-7.6719E-07	8.7013E-07
7.0190E-10	-1.3046E-10	4.3240E-07	1.1441E-06
-2.8791E-10	-1.1313E-09	4.9315E-07	4.8261E-07
1.0575E-10	-2.6159E-10	2.8030E-07	5.0886E-07
-1.8900E-10	-5.9090E-10	6.7166E-07	6.7869E-07
4.1816E-10	3.7645E-10	6.5666E-07	-1.8966E-07
6.1714E-10	-1.0127E-09	-2.6634E-07	5.5104E-07
-6.6335E-10	-2.0067E-10	1.4653E-06	1.0399E-06
4.9071E-10	2.1187E-10	1.3879E-06	-1.4502E-06
3.6864E-10	-5.5956E-10	-1.2817E-06	-8.6251E-07
2.9730E-10	-4.2908E-10	-3.6637E-07	1.2290E-06
1.0637E-10	-4.7287E-10	6.1351E-07	5.5341E-07
4.1566E-10	3.6978E-10	8.8527E-07	4.9695E-07
1.2830E-09	-3.1877E-10	9.1785E-07	-7.8063E-07
3.0988E-12	-3.8843E-10	-5.6741E-07	-2.0905E-07
4.9706E-10	8.4567E-10	5.4862E-07	7.2515E-07
6.6979E-10	2.2222E-10	1.0067E-06	-3.9670E-07
4.4697E-10	4.9979E-10	2.4386E-07	-9.1534E-07
4.6842E-11	-1.0157E-10	-4.8043E-07	-4.7532E-07
-4.0372E-10	1.0554E-09	-1.8513E-07	7.4731E-08
8.8738E-10	3.1968E-10	-1.0981E-07	-8.0825E-08
-3.9497E-10	-1.6748E-10	5.4401E-08	7.0883E-08
3.5949E-12	5.5310E-10	-1.2319E-07	-4.1529E-07
-1.4655E-10	4.2429E-10	-4.7087E-07	2.2567E-07
5.3267E-10	6.3614E-10	-3.0566E-08	-6.2843E-08
-2.4457E-10	-2.9284E-10	-7.1153E-07	4.9770E-07
-6.5699E-10	1.0245E-09	7.0820E-07	7.1146E-07
1.5735E-10	5.2516E-10	8.8358E-08	-4.9144E-07
-4.3374E-10	1.8611E-10	-8.9180E-08	4.0881E-07
-6.0918E-10	-2.4092E-11	5.6624E-07	-3.4653E-07
-9.7414E-10	3.3969E-10	-8.2977E-07	-8.7945E-07
-1.5074E-11	2.2556E-10	-1.2407E-06	1.0883E-06
-3.7961E-10	-7.7046E-10	7.3151E-07	8.2872E-07
-8.2337E-10	-1.3901E-10	-1.7696E-07	-7.0707E-08
-1.0024E-10	5.0963E-11	-2.6768E-08	3.9261E-07
3.5504E-12	-3.0299E-10	-4.0453E-07	8.0244E-07
-8.8095E-11	-4.8024E-10	1.3341E-06	4.8767E-07
-6.8985E-10	-3.1226E-10	-9.7725E-07	-6.8731E-07
-1.2566E-11	4.1351E-10	5.5824E-07	2.1330E-06
2.7147E-10	-8.8396E-10	1.2105E-06	-1.1075E-06
-7.3196E-10	-4.4600E-10	-7.4836E-07	5.9010E-07
9.4248E-11	-3.1849E-10	1.1132E-06	4.1384E-07
-6.3731E-11	-3.5515E-10	6.0001E-07	-6.3122E-07
8.3908E-10	-6.3163E-10	-7.2668E-07	-7.9292E-07
-3.4450E-10	-9.7335E-10	-6.4887E-07	1.0481E-06
5.1094E-10	5.9877E-10	9.1766E-08	6.4627E-07
9.6526E-10	-6.7156E-10	1.0125E-06	1.5091E-06
1.6604E-10	1.3909E-11	1.5782E-06	-9.9055E-07
4.5820E-10	-1.7163E-10	-5.9544E-08	-1.3780E-07
-3.9446E-11	5.4859E-10	4.7379E-07	-8.7837E-07
1.1118E-09	9.0105E-11	-6.5341E-07	4.7917E-07
-2.4354E-10	-5.6405E-10	1.0408E-06	-3.2404E-07
9.8014E-11	7.3874E-10	-6.3344E-07	-1.3122E-07
7.0498E-10	2.1837E-11	5.9766E-07	1.4841E-08
3.3100E-10	1.4091E-10	-4.0671E-07	2.7986E-07
3.8229E-10	2.9599E-11	1.5514E-06	8.4231E-08
-1.9344E-10	6.2757E-10	-2.2231E-07	-1.4763E-06
8.0691E-10	9.4426E-10	-4.0654E-07	7.9414E-09
1.0137E-10	-2.4729E-10	-1.2824E-07	-3.1276E-07
-6.7709E-10	9.5345E-10	-5.1217E-07	-1.8656E-07
2.0601E-10	5.8911E-10	-2.6562E-07	6.6173E-07
-4.5309E-10	3.9800E-10	4.6733E-07	-2.9147E-07
4.8595E-11	6.1683E-11	-6.3787E-07	3.5772E-07
-1.1297E-09	-2.9397E-11	9.3939E-07	1.0742E-07
1.3581E-10	9.7487E-10	-4.4735E-07	-4.6228E-07
1.9153E-11	-7.5044E-10	2.6412E-07	-6.3459E-08
-8.0062E-10	3.6115E-10	-1.1759E-06	-1.1932E-08
-8.7849E-11	4.5651E-11	7.5712E-07	1.5893E-06
-5.2619E-10	4.2154E-10	1.0512E-06	-5.9483E-07
2.3400E-10	-2.4894E-10	5.5823E-07	-3.8366E-07
-1.2232E-09	-4.1851E-10	-1.7230E-07	-1.3271E-06
-2.9842E-10	5.6653E-10	-1.0884E-06	4.7985E-07
-5.2872E-11	-7.0981E-10	1.2724E-06	6.5365E-07
-5.2384E-10	-5.0139E-10	6.4526E-07	-2.0609E-06
-2.9603E-10	-5.6905E-10	-1.7730E-06	-6.1376E-07
-1.8731E-10	-1.4596E-10	-1.5279E-07	1.8004E-07
6.3936E-10	-4.9044E-10	-1.1629E-06	-3.0039E-07
-1.6522E-10	-9.3864E-10	-3.0940E-07	7.2305E-07
-1.2874E-10	2.3578E-10	-7.7136E-07	1.5424E-07
6.7825E-10	-2.2133E-10	1.8845E-07	1.2887E-06
9.1664E-11	-4.0680E-10	3.0187E-07	-2.6782E-07
1.7271E-10	-3.5350E-10	-2.8588E-07	8.1095E-07
-2.3398E-10	-4.5171E-11	9.7389E-07	5.0485E-07
8.5678E-10	1.2326E-10	8.6082E-07	-5.9374E-07
2.7272E-10	-9.6663E-10	-4.8418E-07	-7.4362E-07
1.6390E-11	2.3795E-10	-5.6018E-08	7.9419E-07
7.4039E-10	-2.0147E-11	1.1449E-06	-3.6302E-07
5.9749E-10	2.3087E-10	-1.3425E-07	-1.0234E-06
6.7518E-10	-2.4794E-10	-1.5979E-07	2.2702E-07
-2.7882E-10	5.4429E-10	1.3275E-06	-8.4235E-07
8.3125E-10	8.1837E-10	-7.6571E-07	-2.1703E-06
1.7017E-10	-4.0423E-11	-1.1326E-06	-5.4665E-07
-8.8619E-11	4.3708E-10	-1.5565E-06	-9.2289E-07
-2.3541E-10	3.9572E-10	-1.3567E-06	1.1011E-06
2.4830E-10	7.0152E-10	1.6204E-07	-4.6562E-07
2.1768E-10	-2.5855E-10	-2.0685E-06	-2.1627E-07
-5.7926E-10	3.2582E-10	-8.1761E-07	1.3804E-06
1.3512E-10	7.0127E-10	-4.2044E-07	5.7299E-07
1.2420E-10	2.3588E-10	-3.0050E-07	9.6245E-07
-1.9523E-10	1.8887E-10	1.8753E-07	4.5334E-07
-6.0592E-10	3.1602E-10	-1.0378E-07	6.5208E-08
-3.8555E-10	7.7607E-10	-7.7450E-07	1.6542E-07
4.2634E-11	-6.7908E-11	-3.1501E-07	1.3214E-06
-1.0177E-09	-2.8872E-10	7.2003E-07	2.9596E-07
-5.1114E-10	3.8443E-10	-3.6052E-08	3.4415E-08
-2.7204E-10	-2.9899E-10	-1.4142E-07	-5.9267E-07
-1.6361E-10	-2.0257E-10	-1.8967E-06	7.3047E-07
-4.1320E-10	-7.9184E-10	6.0766E-07	1.9705E-06
-5.8586E-10	3.8247E-10	4.3836E-07	1.5052E-07
6.6463E-10	-3.5369E-10	4.5851E-07	6.8011E-07
-6.1391E-10	-6.3074E-10	1.3608E-07	1.4404E-07
-6.7924E-11	3.3407E-11	9.4729E-07	6.8816E-07
-3.4892E-10	-3.2692E-10	2.5131E-07	-1.1792E-06
3.3892E-10	-2.1117E-11	-9.5805E-07	7.4380E-07
-1.1927E-10	-1.1921E-09	8.4102E-07	8.1350E-07
-4.8839E-10	1.1099E-10	7.0755E-07	-1.7079E-07
8.2334E-10	-3.7113E-10	2.2289E-07	-1.4371E-07
1.5769E-10	-6.7315E-10	7.8916E-07	-2.3658E-07
4.2770E-10	-2.8335E-10	-4.1501E-07	-1.1880E-06
1.3969E-10	-1.4001E-10	-5.4945E-07	6.3509E-07
7.5734E-10	4.1793E-10	4.3362E-07	-3.6221E-07
6.7421E-10	-5.4777E-10	-5.3515E-07	-9.5857E-08
-3.4898E-10	2.0917E-10	-2.5538E-07	1.6080E-07
6.4725E-10	5.7414E-10	1.6971E-07	7.7569E-07
2.9915E-10	-1.9196E-10	9.9065E-07	-6.0025E-07
2.6502E-10	1.9016E-10	-5.5011E-07	-7.9278E-07
-5.2492E-13	-1.5637E-10	-6.6538E-07	-2.4356E-07
1.8540E-10	8.8159E-10	-9.3404E-07	7.8816E-07
9.8641E-10	-1.9466E-10	8.0508E-07	8.9815E-07
-5.1715E-10	1.5129E-10	4.6991E-07	-4.8456E-07
4.3097E-10	9.0167E-10	-9.6346E-08	-7.7559E-08
-1.8040E-11	3.1119E-10	2.8960E-07	-4.2362E-08
2.2615E-10	6.4356E-10	-1.3476E-07	-4.9344E-07
-5.2460E-10	-1.3152E-10	-2.6392E-07	6.7260E-07
-5.7932E-10	1.1089E-09	1.5010E-06	6.6593E-08
3.3293E-10	5.0499E-12	6.8421E-07	-1.5377E-06
-7.7525E-10	-1.1791E-10	-1.2261E-07	-1.6380E-06
-3.2716E-10	2.4585E-10	-1.5077E-06	-1.5435E-06
-4.0844E-10	1.5218E-10	-1.4665E-06	2.7200E-07
1.2847E-10	1.4577E-10	-3.4945E-07	-3.8010E-07
-4.0157E-10	-4.9989E-10	-1.7374E-06	-4.0520E-07
-7.3246E-10	4.1548E-10	-1.0825E-06	1.1953E-06
1.3568E-10	1.8649E-10	1.3740E-07	4.7479E-07
-3.9734E-10	-4.5417E-10	-4.2594E-07	-3.4060E-07
-5.6152E-10	-1.4250E-10	-1.1177E-06	2.6377E-07
-5.0932E-10	-2.2721E-10	-4.9388E-07	6.8009E-07
-4.7858E-11	-5.5546E-11	-7.4456E-07	7.0910E-07
8.3981E-11	-9.9642E-10	5.0019E-07	1.3532E-06
-6.6619E-10	-3.6368E-10	7.7763E-07	-4.7172E-07
4.4347E-10	-8.0620E-11	-3.3164E-07	-4.0473E-07
2.0484E-10	-5.9157E-10	-7.5817E-07	-1.7227E-07
3.1115E-10	-3.6707E-10	-2.3377E-07	6.9616E-07
-2.0499E-10	-3.5266E-10	-4.0657E-07	-5.0962E-07
4.2263E-10	4.2206E-10	-7.9995E-07	1.4803E-06
5.3646E-10	-6.9572E-10	1.4028E-06	-2.2649E-07
-2.4667E-10	-1.4118E-10	-1.2407E-06	-5.1387E-07
3.0709E-10	-4.9290E-11	9.8411E-08	8.1055E-07
3.2854E-10	3.6470E-11	-1.0546E-07	8.0669E-08
7.3892E-10	-3.9328E-10	7.4362E-07	-1.2092E-07
-1.1475E-10	-2.2608E-10	-8.6836E-07	-1.1814E-06
5.6089E-10	6.0777E-10	-8.8619E-07	4.6898E-07
7.2167E-10	-1.7358E-11	-6.9358E-07	2.1570E-07
2.4171E-10	1.7227E-10	1.2227E-07	8.4263E-07
5.8806E-11	3.6038E-10	-1.0352E-07	-7.3136E-07
1.0760E-10	7.5097E-10	-9.3582E-07	6.0136E-07
4.7734E-10	2.7935E-10	2.2728E-07	1.1688E-07
-3.4709E-10	-6.4561E-11	-7.4469E-07	2.1499E-08
-2.9491E-10	7.3404E-10	-7.8934E-08	6.6407E-07
2.9354E-10	2.5450E-10	2.0416E-07	-2.5896E-07
-1.2644E-10	1.0888E-10	-9.6194E-07	-2.0839E-07
-9.2997E-11	9.4191E-11	-2.7188E-07	1.0372E-06
-5.2186E-10	5.0896E-10	3.9072E-07	-2.5160E-08
4.1327E-10	6.0251E-10	2.2488E-07	5.8445E-08
-4.1673E-10	-3.8769E-10	-8.5519E-09	-1.4891E-06
-6.9078E-10	6.9234E-10	-2.1097E-06	1.2682E-07
-1.8883E-10	8.4046E-11	1.7763E-07	6.7957E-07
-4.8819E-10	2.2076E-10	-1.1798E-06	-2.7248E-07
-1.8420E-10	-5.1858E-10	-6.7256E-08	1.0481E-06
-1.1092E-09	-6.0367E-11	-3.6317E-07	-4.0095E-07
2.6714E-10	2.0131E-10	-7.7191E-08	4.7208E-07
-2.3468E-10	-8.8235E-10	-7.7633E-07	-1.3553E-06
-3.6506E-10	-8.3724E-11	-2.2503E-06	1.0493E-06
-1.2359E-10	-3.2240E-10	-1.5384E-07	1.3694E-06
-3.7297E-11	1.0063E-10	1.2580E-07	8.1056E-07
3.1248E-10	-6.1617E-10	1.0736E-07	-2.6416E-07
-6.9228E-10	-4.0642E-10	-7.7699E-07	4.0059E-07
1.2468E-10	2.5795E-10	-5.2727E-08	-1.5412E-07
2.9088E-10	-7.0559E-10	-1.5152E-06	1.8296E-07
-1.5765E-10	-4.2098E-10	-5.9807E-07	1.0171E-06
1.7568E-10	-4.3671E-10	-6.6749E-07	1.0052E-06
8.8185E-11	-5.2253E-11	4.7772E-07	8.1215E-07
9.7756E-10	-2.6775E-10	-6.6151E-07	-3.2986E-07
-3.9096E-11	-6.9992E-10	-1.1321E-06	1.0891E-06
2.9366E-10	6.4391E-10	-2.3932E-07	1.3791E-06
7.6623E-10	-1.8074E-10	1.2023E-07	9.3987E-07
1.6657E-10	1.9173E-10	-2.6319E-07	1.2246E-06
3.5739E-10	-1.2823E-10	1.1047E-06	1.5409E-06
-2.9311E-10	4.8571E-10	1.2005E-06	-8.9299E-08
9.0104E-10	3.4601E-10	4.6670E-07	-5.8512E-08
-1.0175E-10	-4.5860E-10	5.6634E-07	-4.3588E-07
1.3121E-11	6.0970E-10	-3.5007E-07	-7.9018E-07
3.4855E-10	1.8971E-10	-9.9585E-07	1.8294E-07
2.9400E-10	4.5198E-10	-1.7118E-07	8.2898E-07
2.0659E-10	-3.1289E-11	3.1886E-07	3.4331E-07
-4.7809E-10	6.3529E-10	2.8086E-07	-1.9954E-07
3.3714E-10	7.6433E-10	-4.4800E-07	-5.0928E-07
-1.2067E-10	-3.0141E-11	-9.9589E-07	2.0574E-07
-5.7745E-10	3.6248E-10	-4.7172E-07	9.5520E-07
-3.5221E-10	3.6152E-10	3.1742E-07	5.7207E-07
-2.3827E-10	2.8149E-10	4.3852E-08	-8.3957E-08
-8.1621E-11	-2.2398E-10	-6.3878E-07	1.1622E-07
-7.7961E-10	-1.4100E-10	-1.9582E-07	1.0089E-06
-1.2469E-10	5.0372E-10	4.6685E-07	1.1906E-07
4.7795E-11	-3.3745E-10	-2.7950E-07	3.2045E-07
-4.5753E-10	-7.0177E-11	4.4719E-07	1.0625E-07
-3.7578E-10	-1.0060E-10	-3.9904E-07	-9.4052E-08
-3.9195E-10	2.7791E-10	-4.2821E-08	2.0523E-07
1.8473E-10	-3.9988E-10	-2.7340E-07	5.6235E-07
-8.0319E-10	-5.4824E-10	1.2364E-06	-3.2186E-07
-1.8759E-10	6.3571E-11	-1.5374E-06	-1.4758E-06
-2.2525E-11	-5.0185E-10	-1.1045E-06	1.4163E-06
1.4394E-10	-4.5988E-10	-2.0838E-07	6.8723E-07
-1.8247E-10	-7.3853E-10	8.8603E-07	1.3038E-06
2.2105E-11	1.7578E-10	9.1461E-07	-1.2634E-06
7.0839E-10	-4.3418E-10	-6.9491E-07	-3.2189E-07
-2.0210E-11	-4.3282E-10	-4.1722E-07	-5.9136E-07
1.4193E-10	-4.4864E-11	-9.0673E-07	4.0212E-07
1.6153E-10	5.7403E-11	-2.0299E-07	-1.1705E-07
5.6063E-10	-1.1036E-10	-5.6842E-07	5.5021E-07
4.3226E-11	-5.3174E-10	2.3066E-07	-5.3015E-07
-4.2948E-11	2.3573E-10	-1.2676E-06	-3.2692E-08
7.0576E-10	4.5586E-11	-3.0540E-07	1.5468E-07
3.4691E-10	-2.9602E-10	-9.3539E-07	4.1607E-07
2.6699E-10	8.8677E-11	2.5059E-07	-8.5336E-08
2.0397E-10	2.6116E-10	-1.6163E-06	-4.1154E-07
5.7239E-10	5.9737E-10	-6.7420E-07	1.0596E-06
4.0622E-10	-1.7872E-10	-4.6200E-07	1.4052E-07
-4.5325E-10	5.6069E-10	-9.0631E-07	1.0192E-07
4.1593E-10	6.3681E-10	-1.4167E-06	1.2002E-06
-1.1456E-10	1.2226E-10	5.9389E-07	1.0096E-06
5.4577E-11	2.7276E-10	-1.0612E-06	-8.6435E-08
-5.1557E-10	3.0098E-11	9.1274E-08	1.4434E-06
6.4251E-11	8.4267E-10	-4.5177E-07	-4.5994E-07
2.6757E-10	-3.6044E-10	-7.1356E-07	1.5792E-06
-6.7306E-10	2.9767E-10	6.5523E-07	2.6161E-07
4.6480E-11	4.0400E-10	-1.7559E-07	1.8609E-07
-3.2701E-10	2.7152E-10	-7.4549E-08	-2.1804E-07
2.8230E-11	1.2598E-10	-3.1720E-07	-2.9340E-07
-8.0190E-10	-2.1787E-10	-1.6408E-06	-1.1312E-06
-4.5604E-10	6.1477E-10	-2.5605E-06	1.5810E-06
5.0297E-11	-3.4963E-10	-5.4529E-07	1.6051E-06
-6.8878E-10	-3.7748E-10	-6.8287E-07	1.8925E-06
-2.9899E-10	-1.0702E-10	7.3244E-07	1.2033E-06
-2.6871E-10	-2.3022E-10	-8.9329E-08	8.2324E-07
1.8782E-10	-1.7967E-10	7.0118E-07	3.5900E-07
-1.7633E-10	-7.8789E-10	-9.4499E-07	2.1465E-08
-4.6256E-10	2.0453E-10	-5.7202E-08	1.2464E-06
5.4008E-10	-1.7401E-10	-3.8670E-07	6.7295E-08
-2.5756E-10	-5.5177E-10	-6.9961E-07	1.6992E-06
2.4550E-11	-1.5007E-10	1.3484E-06	8.7267E-07
-2.4070E-10	-3.5266E-10	-2.2191E-07	-7.6176E-07
4.1302E-10	9.0552E-11	-8.8785E-07	7.7568E-07
2.8928E-10	-9.8361E-10	-2.5844E-07	6.9409E-07
-2.7726E-10	2.7102E-11	-2.4893E-08	9.5371E-07
7.5313E-10	-8.5744E-11	-2.2965E-07	-1.5752E-07
3.0861E-10	-2.4025E-10	-1.1818E-06	1.5798E-06
5.3929E-10	-1.2379E-10	1.1042E-06	9.9940E-07
-5.0937E-11	2.0920E-11	-6.8243E-07	1.2137E-07
5.6097E-10	6.0897E-10	1.2913E-07	1.5257E-06
4.7855E-10	-2.7121E-10	5.4445E-07	6.4308E-07
-1.9742E-10	1.8754E-10	7.8214E-07	4.3998E-07
2.1491E-10	3.8232E-10	4.3022E-07	-6.3059E-07
2.5321E-10	2.1234E-10	-1.0593E-06	-7.8795E-07
3.0690E-10	2.7927E-11	-1.8614E-06	1.2585E-06
-1.5335E-10	4.3497E-11	2.0475E-07	1.7136E-06
8.4152E-11	7.0668E-10	-1.9030E-07	1.1543E-06
5.0473E-10	1.6872E-10	1.4219E-06	1.4733E-06
-2.6510E-10	1.3454E-10	7.2857E-07	-1.0800E-06
-1.4888E-10	5.5293E-10	-1.2358E-06	3.3782E-07
-2.0763E-10	4.5719E-10	2.8236E-07	1.4163E-06
5.0508E-11	3.0852E-10	6.6753E-07	-1.8025E-07
-5.5923E-10	-2.2216E-10	-8.1843E-07	3.5782E-07
-5.6531E-10	5.6501E-10	4.0668E-07	9.0474E-07
5.4621E-11	-3.5122E-11	-7.8878E-08	2.3393E-07
-3.8134E-10	-1.4161E-10	3.4930E-07	3.7738E-07
-2.8186E-10	-1.9178E-10	-8.0111E-07	2.3017E-07
-5.0603E-10	1.9433E-10	6.8366E-07	1.5788E-06
2.7412E-10	4.4335E-11	7.9190E-07	-5.3673E-07
-4.2491E-10	-5.1982E-10	5.4680E-08	-7.8346E-08
-4.3683E-10	1.6241E-10	-7.1313E-07	-6.1346E-07
-1.6539E-10	-1.2563E-10	-4.1372E-07	1.3445E-06
-8.3393E-11	-1.8280E-10	8.3693E-07	-7.1240E-07
-2.0810E-10	-6.7000E-10	-1.4816E-06	-4.5898E-07
-4.9362E-10	-1.4402E-10	-1.2222E-06	5.9562E-07
3.5505E-10	-1.7160E-10	-9.2004E-07	1.8045E-06
1.2821E-10	-7.1939E-10	1.1047E-06	8.7374E-07
-4.0130E-11	-2.9515E-10	-5.1468E-07	-2.3922E-07
1.9339E-10	-1.5309E-10	-1.7242E-07	7.6864E-07
3.6716E-10	-1.7480E-11	-7.1912E-07	-1.6777E-08
4.6580E-10	-4.1277E-10	-8.2637E-07	1.6329E-06
-2.5324E-10	-1.7064E-10	6.5289E-07	1.0169E-06
4.0535E-10	3.9032E-10	2.0672E-07	5.5880E-07
4.1513E-10	-4.1193E-10	5.0521E-07	4.6804E-08
6.2874E-11	-2.2667E-11	-7.1076E-07	-7.0160E-08
2.3589E-10	-1.5758E-10	-1.3386E-07	7.2131E-07
1.7310E-10	3.8117E-10	-5.1443E-07	-1.7906E-07
8.7449E-10	-1.2110E-10	-1.2041E-06	9.0136E-07
-2.2249E-10	-1.2408E-10	-4.1567E-07	1.4108E-06
3.8560E-10	7.4740E-10	1.6909E-07	1.2581E-06
3.2346E-10	1.0135E-10	3.3450E-07	7.3166E-07
1.5098E-10	4.4862E-10	1.4347E-07	4.8659E-07
-7.9203E-11	1.8204E-11	-1.3295E-07	3.9017E-07
-3.4956E-10	7.5538E-10	-4.8785E-07	5.4792E-07
4.5076E-10	2.2332E-10	-3.8799E-07	1.5126E-06
-4.4360E-10	-1.5562E-10	1.1834E-06	9.1013E-07
-2.3353E-10	4.7952E-10	-1.3577E-07	-2.0173E-07
-4.4106E-11	1.6130E-10	3.6272E-07	8.3862E-07
-3.0907E-11	2.4860E-10	-1.0060E-07	-9.3902E-07
-1.2911E-10	-1.4699E-10	-1.6487E-06	6.7677E-07
-6.5278E-10	3.6039E-10	-6.6092E-07	1.1884E-06
1.5598E-10	4.4684E-10	-5.2681E-07	1.9371E-06
-3.3473E-10	-3.8791E-10	1.2506E-06	1.2385E-06
-6.1206E-10	2.0284E-10	-4.9899E-08	-1.4350E-07
-2.9026E-10	-1.1355E-10	-3.6497E-07	1.0511E-06
-3.3030E-10	4.6761E-11	2.4725E-08	5.7088E-07
6.7582E-11	-5.7858E-10	-5.8608E-07	1.1798E-06
-7.7082E-10	-3.4103E-10	4.6755E-07	1.3555E-06
2.2223E-10	1.6796E-10	2.3952E-07	8.7527E-07
4.7667E-11	-6.6106E-10	7.5423E-07	7.5945E-07
-1.0705E-10	-1.5633E-10	-2.5367E-07	9.4459E-08
-9.5715E-11	-3.6089E-10	5.0165E-08	1.3716E-06
-1.5156E-11	1.8024E-10	4.7778E-07	2.1258E-07
4.4121E-10	-5.1486E-10	-3.8947E-07	6.3861E-07
-4.0669E-10	-4.1524E-10	-2.3967E-07	5.9663E-07
1.6365E-10	7.2242E-11	-7.7458E-07	1.2522E-06
3.0730E-10	-3.4853E-10	-1.3600E-07	1.8599E-06
3.0351E-10	-3.2884E-10	6.6563E-07	1.9998E-06
1.2407E-10	-3.4406E-10	1.0241E-06	1.0974E-06
2.3913E-10	2.2144E-10	7.7784E-07	1.5418E-06
7.5011E-10	-3.7117E-11	1.9437E-06	5.1347E-07
1.5989E-10	-2.4539E-10	-4.7379E-08	-2.1883E-07
1.0765E-10	3.7998E-10	4.8405E-07	1.8005E-06
3.6789E-10	2.5758E-10	1.7383E-06	3.5623E-07
2.8696E-10	1.8362E-10	3.9576E-07	1.2768E-07
9.3583E-11	-8.8108E-11	8.3845E-07	8.0209E-07
-2.3125E-10	4.1852E-10	1.2839E-06	4.1935E-07
5.1072E-10	3.5128E-10	1.3411E-06	-6.6428E-07
3.4214E-11	-1.3350E-10	-4.9861E-07	-7.2617E-07
-2.5079E-11	3.2850E-10	2.0613E-08	9.0456E-07
-5.4468E-11	3.2683E-10	5.0193E-07	-1.1677E-08
2.3431E-10	5.4622E-10	-1.8897E-07	4.7276E-07
-1.9963E-11	-1.2343E-10	4.1171E-07	8.9258E-07
-5.7316E-10	5.1520E-10	9.7365E-07	5.2054E-07
2.2034E-11	4.0236E-10	6.5087E-07	-1.9702E-08
-2.8941E-10	8.4662E-11	8.9800E-07	1.0001E-07
-2.6420E-10	-5.3028E-11	3.5548E-07	-1.1782E-06
-6.5094E-10	4.1749E-11	-1.3073E-06	-8.9201E-08
-2.0908E-11	2.9725E-10	-4.0073E-07	1.3244E-06
-8.3520E-11	-4.5617E-10	7.0901E-07	9.8912E-07
-5.0540E-10	-6.7916E-11	6.5900E-07	1.1443E-07
-1.4455E-10	5.8469E-11	1.3656E-07	2.0064E-07
-1.0206E-10	-3.9998E-11	3.0291E-07	3.9015E-07
-3.8403E-11	-2.7951E-10	3.5417E-07	8.6070E-08
-5.1556E-10	-3.1463E-10	-5.9945E-08	1.6726E-07
-1.9258E-10	2.0017E-10	1.9853E-07	2.8187E-07
2.0797E-10	-4.9011E-10	-1.7399E-07	1.2468E-07
-3.7629E-10	-4.7739E-10	-1.1131E-07	1.8206E-07
1.8172E-11	-2.1671E-10	-1.3251E-06	6.0177E-07
5.9738E-12	-2.7564E-10	2.9188E-07	2.6017E-06
5.0439E-10	-2.2991E-10	1.5218E-06	4.9757E-07
-5.7799E-12	-6.9022E-10	5.9192E-07	5.0204E-07
2.5261E-11	3.3661E-10	5.3625E-07	-2.4684E-07
6.7375E-10	-2.3511E-10	-6.3911E-07	1.0487E-06
1.6503E-11	-1.5477E-10	1.4707E-06	1.4400E-06
2.9498E-10	-8.7640E-11	1.3047E-06	-3.3546E-07
-1.0611E-10	7.9088E-11	3.1715E-07	-4.7693E-07
6.4848E-10	2.0651E-10	-3.6467E-07	-1.1281E-07
1.2914E-10	-5.3055E-10	-5.4583E-07	7.5396E-07
-3.6326E-11	3.6742E-10	1.6478E-07	1.4407E-06
5.4650E-10	1.1669E-10	1.0979E-06	1.0855E-06
2.5085E-10	1.2074E-10	1.0791E-06	1.7355E-07
3.1582E-10	9.0680E-11	4.4210E-07	2.2850E-07
-1.5987E-10	3.1505E-10	7.0840E-07	5.1721E-08
3.3243E-10	6.8778E-10	-6.7265E-07	2.5200E-07
1.9342E-10	-8.4044E-11	7.4982E-07	2.1586E-06
-4.6205E-10	3.5118E-10	1.8195E-06	9.4190E-08
4.0301E-11	4.3786E-10	5.6490E-07	3.0798E-07
-1.5393E-10	1.6519E-10	1.2480E-06	4.1285E-07
4.1186E-11	1.1388E-10	1.2468E-06	-1.6522E-07
-4.7302E-10	-1.0778E-10	3.4112E-07	-5.3979E-07
-1.4535E-10	6.4684E-10	4.4669E-07	9.4397E-07
2.1659E-10	-1.8777E-10	1.7419E-06	-1.0163E-07
-5.4958E-10	7.0324E-11	7.8050E-07	-5.0436E-07
-1.5607E-10	1.9398E-10	9.1436E-07	-5.8841E-07
-4.0743E-10	1.6467E-10	3.4590E-07	-6.5723E-07
5.1024E-11	-5.4222E-12	2.4345E-07	-5.8959E-07
-6.2280E-10	-4.5744E-10	-2.4129E-08	-3.0805E-07
-3.9813E-10	2.7253E-10	-1.3453E-07	-4.1105E-07
6.7902E-11	-3.5068E-10	-4.2505E-07	5.2648E-07
-2.4946E-10	-3.7308E-10	5.9189E-07	2.0861E-07
-1.5033E-10	-3.6253E-10	-4.9558E-07	3.2643E-07
-1.7509E-10	-6.8954E-11	9.9061E-07	1.5868E-06
3.5314E-10	-1.7846E-10	1.8067E-06	-4.1221E-07
-5.1303E-11	-5.5534E-10	2.6612E-07	-4.0764E-07
-1.9824E-10	-2.2159E-12	1.1810E-06	2.0514E-07
2.4666E-10	-6.3679E-11	1.0263E-06	-1.0790E-06
1.4762E-10	-3.1840E-10	2.9219E-07	-9.0410E-07
6.2995E-11	-3.5002E-10	-1.9726E-07	-9.5196E-07
-8.4316E-11	-1.3920E-10	-3.7200E-07	-7.5162E-08
4.5521E-10	5.9888E-11	3.3983E-08	-1.3692E-07
3.9201E-10	-5.1045E-10	1.4858E-07	-8.9998E-08
2.6310E-11	-1.5889E-11	-3.6555E-07	-4.6443E-07
4.1007E-10	1.1444E-10	-2.6235E-07	9.2021E-07
3.7399E-10	1.6494E-10	8.9182E-07	6.6047E-08
4.4465E-10	-7.7681E-11	1.9958E-07	2.7240E-08
-1.9419E-10	1.5964E-10	6.6312E-07	-1.9071E-07
3.6135E-10	5.5481E-10	3.0590E-08	-1.4031E-07
2.2277E-10	-6.3335E-11	6.2091E-07	2.3252E-07
-1.5917E-11	1.9070E-10	9.6337E-07	-4.0339E-07
-6.4132E-11	1.3220E-10	4.5374E-07	-9.6844E-07
1.0300E-10	5.0455E-10	2.4152E-07	-9.1554E-07
3.5325E-10	-5.9907E-11	-9.1908E-07	-1.3484E-06
-3.4897E-10	1.4223E-10	-1.0581E-06	9.7562E-07
4.7198E-11	5.3400E-10	1.0061E-06	-2.2112E-08
1.7135E-11	2.2766E-10	-5.1181E-07	-7.0789E-07
-8.5322E-11	1.9328E-10	-3.4678E-07	3.4084E-07
-4.1490E-10	7.1087E-11	3.5102E-07	2.5202E-07
-3.7123E-10	4.7862E-10	2.1974E-07	-5.4411E-07
6.4795E-11	9.0254E-12	-2.5810E-07	-1.1607E-07
-5.1285E-10	-2.7094E-10	-2.3596E-07	-3.3951E-07
