jMRUI Data Textfile

Filename: Export_to_jmrui.txt

PointsInDataset: 2048
DatasetsInFile: 1
SamplingInterval: 0.250000
ZeroOrderPhase: 0E0
BeginTime: 0E0
TransmitterFrequency: 1.2326E8
MagneticField: 2.8936E0
TypeOfNucleus:  
NameOfPatient:  
DateOfExperiment:  
Spectrometer:  
AdditionalInfo: 
SignalNames:  


Signal and FFT
sig(real)	sig(imag)	fft(real)	fft(imag)
Signal 1 out of 1 in file
1.7100E-06	-9.8388E-07	-1.3095E-06	1.3892E-06
2.0161E-06	-1.9927E-06	2.2507E-07	1.2626E-06
7.6634E-07	-2.1118E-06	-4.4261E-07	5.2607E-08
1.0032E-07	-1.9685E-06	-9.0428E-07	1.4820E-06
-8.5666E-07	-1.3321E-06	7.4647E-07	1.1564E-06
-1.1936E-06	-5.3201E-07	7.2450E-08	5.8516E-08
-1.1702E-06	2.1019E-07	-6.0433E-07	6.4251E-07
-6.4291E-07	4.7254E-07	8.3991E-08	1.6889E-06
-1.4306E-07	4.8901E-07	1.4825E-06	5.1568E-07
2.7467E-07	9.3026E-08	3.8834E-07	-2.9718E-07
3.0629E-07	-2.4820E-07	3.2772E-07	-4.8353E-07
2.4588E-07	-5.0559E-07	-1.1349E-06	-1.9809E-08
-7.3385E-08	-6.1193E-07	3.3873E-07	1.0587E-06
-2.6266E-07	-4.5078E-07	-1.2225E-07	-2.1159E-07
-4.5564E-07	-2.2718E-07	1.8858E-07	7.8993E-07
-3.7864E-07	-1.2984E-08	7.8407E-08	-5.7741E-07
-3.6106E-07	8.5595E-08	-6.7181E-07	6.0738E-07
-2.1049E-07	5.9057E-08	1.5476E-07	1.3959E-07
-2.3710E-07	-1.9165E-08	-7.1774E-07	5.0782E-07
-2.5514E-07	-4.6058E-08	6.2253E-07	9.6047E-07
-4.0641E-07	2.4614E-08	4.2921E-07	-1.0994E-06
-4.1813E-07	1.6296E-07	-2.1759E-06	-2.1632E-07
-4.3669E-07	3.2475E-07	-9.1065E-07	2.1161E-06
-2.7161E-07	4.7575E-07	2.1856E-07	1.5112E-06
-9.9510E-08	4.6015E-07	1.0680E-06	1.2953E-06
1.1299E-07	3.2381E-07	6.1160E-07	-1.8925E-07
2.0879E-07	1.4600E-07	1.8220E-07	7.1868E-07
1.4835E-07	-7.0006E-08	5.1015E-07	-2.1800E-07
2.1138E-08	-7.5604E-08	-2.7860E-07	5.3289E-07
-1.3288E-07	-5.8319E-08	5.6442E-07	-2.7536E-08
-1.6816E-07	2.0457E-07	-6.0584E-07	1.0396E-07
-2.3552E-07	3.3298E-07	8.9376E-08	3.3841E-07
-9.8298E-08	4.5156E-07	-7.6855E-07	4.1060E-07
9.1082E-08	4.8589E-07	5.6127E-07	7.7674E-07
2.7921E-07	3.5612E-07	-1.0640E-06	-7.8006E-07
3.7471E-07	2.1819E-07	-1.3302E-06	2.4373E-06
2.6242E-07	2.2783E-08	1.4471E-06	9.5338E-07
2.8738E-07	-1.0613E-07	-6.9078E-07	9.2277E-08
1.7821E-07	-1.0850E-07	-3.7936E-07	1.4058E-06
6.9743E-08	-1.3282E-07	-9.1715E-08	1.8129E-06
1.2867E-07	-2.1018E-08	1.4390E-06	1.4881E-06
1.6071E-07	-3.2700E-08	5.8190E-07	4.6103E-07
1.8070E-07	-1.8744E-08	1.2289E-06	8.7274E-07
1.4653E-07	-1.4275E-07	4.2912E-07	-3.3332E-07
7.3929E-08	-2.4790E-07	3.2211E-07	5.3742E-07
-2.7049E-08	-2.1597E-07	-4.3426E-07	-3.3965E-08
-1.8094E-07	-1.8235E-07	1.0435E-07	1.9876E-06
-1.5930E-07	-8.5977E-08	1.2643E-06	1.0344E-07
-1.2649E-07	3.1979E-08	-2.0787E-07	7.4999E-07
-7.7709E-08	8.4943E-08	8.8579E-07	7.1678E-07
5.3112E-08	7.1948E-08	4.0227E-07	6.4073E-07
4.2226E-08	-6.5539E-10	1.0357E-06	1.2094E-07
4.4651E-08	-5.7982E-08	-4.4589E-07	-1.4466E-07
-2.1835E-08	-1.1314E-07	-1.0833E-07	1.3871E-06
-8.9388E-08	-2.4938E-08	1.0648E-06	7.2614E-07
-1.8210E-07	3.5483E-09	-2.5907E-08	3.3557E-08
-1.8709E-07	7.3154E-08	2.6066E-07	1.5034E-06
-8.0618E-08	1.2459E-07	1.2169E-06	9.4127E-08
2.4069E-08	1.3360E-07	-2.5356E-07	3.0067E-07
9.5421E-08	1.8252E-08	2.1007E-07	6.4588E-07
4.6564E-08	-6.2805E-08	-1.6171E-07	1.3593E-06
3.7075E-09	-1.0757E-07	1.5321E-06	9.1610E-07
-8.4021E-08	-1.1667E-07	-1.6468E-07	-5.4619E-08
-1.7323E-07	-5.5614E-08	3.6456E-07	1.5563E-06
-2.5810E-07	4.1841E-08	6.3440E-07	8.2053E-07
-1.9115E-07	2.1726E-07	1.2674E-06	1.4151E-06
-1.0930E-07	2.3843E-07	1.3441E-06	-4.3063E-07
3.9015E-09	1.7566E-07	-3.4373E-07	4.4420E-07
4.3120E-08	1.2140E-07	7.4069E-07	1.2976E-06
1.0093E-07	4.3997E-08	1.2502E-06	5.7481E-07
7.5839E-08	2.3263E-08	6.1158E-07	-6.6180E-08
3.7249E-08	4.6788E-09	2.5790E-08	8.1134E-07
-7.7633E-08	2.1159E-08	8.4455E-07	1.2600E-06
-7.1306E-08	9.4046E-08	1.7371E-06	7.6837E-07
-3.0055E-08	8.1069E-08	1.0782E-06	-9.4687E-07
7.8355E-08	1.0387E-07	-6.6922E-07	4.2767E-07
9.6173E-08	9.9346E-08	8.1757E-07	9.6180E-07
1.2998E-07	2.2717E-08	8.6911E-08	6.9146E-07
1.0735E-07	-2.2646E-08	1.2780E-06	1.3432E-06
8.4844E-08	-2.3062E-08	8.0679E-07	9.6234E-08
-1.8906E-08	1.0353E-08	8.4344E-07	1.0881E-06
-3.8561E-08	2.9661E-08	8.2813E-07	2.0451E-07
-3.6360E-08	1.3688E-07	7.4687E-07	1.9716E-06
5.9651E-08	1.1098E-07	3.5721E-06	2.8065E-07
1.0025E-07	1.4009E-07	6.4511E-07	-2.1935E-06
1.9634E-07	-1.1025E-08	-3.7848E-07	5.8782E-07
1.2698E-07	-6.4926E-08	8.9859E-07	2.0680E-08
1.0154E-07	-1.9897E-07	-3.3260E-07	1.0052E-06
-7.8991E-09	-1.6088E-07	2.4870E-06	1.6313E-06
-9.5199E-08	-1.2786E-07	2.1318E-06	-1.3812E-06
-7.9843E-08	-2.2768E-08	5.4387E-07	-8.8504E-07
-1.2660E-07	3.5930E-08	3.7287E-07	-8.7715E-07
1.2832E-08	7.2282E-08	-9.7737E-08	-4.4287E-07
3.2715E-08	9.0833E-08	-3.3703E-07	-3.4651E-07
1.7602E-07	3.4925E-08	-5.7856E-07	5.1164E-07
1.8278E-07	-4.0323E-08	-9.5587E-08	9.4998E-07
1.2440E-07	-1.4473E-07	7.4419E-07	1.2219E-06
3.9790E-08	-2.1060E-07	9.9542E-07	1.6572E-07
-2.2394E-08	-1.6489E-07	6.8020E-07	5.5441E-07
-7.5242E-08	-1.2795E-07	1.1840E-06	-5.4221E-07
-1.7228E-07	-3.2078E-08	-6.8296E-07	-3.7233E-07
-1.1723E-07	-3.1481E-08	2.0895E-08	9.8238E-07
-1.0210E-07	5.7741E-08	3.7646E-07	4.0569E-07
-9.4807E-08	-6.7115E-09	-2.5115E-08	5.4836E-07
-6.9317E-08	4.0480E-08	1.2309E-07	1.2199E-06
-6.3288E-08	4.9599E-08	9.3800E-07	1.0731E-06
-9.0844E-08	3.7823E-08	8.0268E-07	8.5969E-07
-4.4202E-08	1.2736E-08	1.3644E-06	7.2972E-07
-4.7730E-08	9.3586E-08	9.7228E-07	3.0330E-07
2.7205E-08	1.2341E-07	1.5895E-06	4.8785E-07
5.2851E-08	5.3432E-08	1.2726E-06	-8.9376E-07
4.7396E-08	2.0483E-08	3.1057E-07	-4.6810E-07
6.6443E-08	-1.6062E-08	2.1548E-07	-8.0116E-07
9.2421E-10	-7.1274E-08	-1.3281E-06	1.4247E-09
-6.6426E-08	-7.1903E-08	-1.3315E-08	1.9735E-06
-6.3559E-08	2.4014E-09	1.4547E-06	3.0193E-07
-1.1734E-07	4.0149E-08	-4.2066E-07	-1.0716E-07
-6.3500E-08	5.5311E-08	-4.1341E-08	1.6326E-06
-7.6551E-09	1.1723E-07	1.3877E-06	1.3957E-06
3.1657E-08	1.2416E-07	1.8848E-06	-6.7738E-08
1.0433E-07	5.7543E-08	8.3375E-08	-8.2177E-07
7.1985E-08	-9.3747E-09	-7.2030E-08	7.8117E-07
4.2388E-08	-5.9645E-08	4.1893E-07	3.5747E-07
4.5988E-08	-8.4105E-08	2.4229E-07	9.4980E-07
-8.9846E-09	-5.0896E-08	8.3247E-07	5.4822E-07
-7.7943E-08	3.4909E-08	4.7931E-07	6.6524E-07
-7.2707E-08	-1.6104E-09	8.0653E-07	4.4159E-07
3.9434E-08	6.4240E-08	3.1721E-07	6.0981E-07
4.8371E-08	7.7788E-08	8.0682E-07	9.4939E-07
3.7361E-08	7.7778E-08	1.2143E-06	7.0474E-07
4.1832E-08	3.4124E-08	1.1898E-06	-2.1526E-09
5.0838E-08	7.3082E-09	6.8045E-07	2.3495E-07
-5.8002E-09	-5.9020E-09	1.2368E-06	-5.8931E-08
3.8749E-08	-8.6156E-09	3.3122E-07	-7.7960E-07
1.3729E-08	-1.5892E-09	-4.8029E-07	1.7160E-07
3.1923E-08	-1.5754E-08	4.3223E-07	7.2678E-07
5.5282E-08	-7.1916E-08	-4.6081E-08	-2.0143E-07
3.8160E-08	-5.1547E-08	-5.1048E-07	1.5253E-06
9.0237E-08	-7.6324E-08	1.4537E-06	1.1733E-06
1.4273E-08	-6.9547E-08	9.8685E-07	4.8028E-08
-7.9322E-08	-1.0756E-07	5.7037E-07	-3.0222E-07
-8.0229E-08	-8.3225E-08	-3.2856E-07	-7.7838E-08
-5.6324E-08	-2.4291E-08	-7.0875E-07	4.4782E-07
-4.8133E-08	2.4933E-08	-5.1311E-07	1.8452E-06
-2.4106E-08	8.8187E-09	6.9882E-07	1.3283E-06
-8.4844E-09	2.4237E-08	3.4052E-07	1.9057E-06
-1.5003E-08	-9.1575E-10	2.0410E-06	8.8416E-07
1.6359E-08	-4.5295E-08	-2.0609E-08	3.9874E-07
1.3243E-08	-7.6216E-08	1.1964E-06	1.5507E-06
2.4530E-08	-5.8608E-08	7.0084E-07	7.7985E-07
-2.1701E-08	-3.9789E-08	1.7461E-06	1.3891E-06
-8.6103E-08	-6.6553E-08	1.2873E-06	-2.9675E-08
-3.5568E-08	-3.0367E-08	1.1716E-06	4.4583E-07
-5.3762E-08	-1.3596E-08	3.9983E-07	-2.3777E-08
2.6347E-08	6.3234E-08	8.3510E-07	1.1838E-06
-1.8160E-08	2.9606E-08	9.8942E-07	2.1151E-07
-5.7400E-10	4.8604E-08	7.2526E-07	8.0682E-07
2.5991E-09	2.1753E-09	7.0922E-07	6.7758E-07
1.9264E-08	-3.6183E-09	1.3788E-06	1.3811E-06
3.0332E-08	2.1772E-08	1.7970E-06	2.4097E-07
2.2829E-08	-3.9196E-08	1.6247E-06	1.2085E-07
-2.7901E-08	-1.0860E-10	9.0827E-07	-7.5296E-07
-3.5807E-08	-1.7245E-08	3.2739E-07	6.0384E-07
-2.3117E-08	-2.8435E-08	1.5413E-06	4.4120E-07
2.5677E-09	-5.5646E-08	1.5063E-06	-6.2711E-07
7.6930E-09	1.9346E-08	-5.5035E-08	-9.1917E-07
-7.4208E-08	6.3212E-09	3.3693E-07	6.6822E-07
-3.7715E-09	-7.1766E-09	5.2310E-07	-7.1332E-07
3.3726E-08	2.6825E-08	-6.1911E-07	6.6276E-07
3.2036E-08	1.9522E-08	6.5003E-07	5.2359E-07
3.8667E-08	1.6952E-08	-3.7812E-07	7.4896E-07
5.1577E-08	5.1953E-09	1.0518E-06	1.8529E-06
7.1476E-08	-2.3438E-08	2.0112E-06	1.3126E-07
9.3967E-08	-2.4105E-08	4.3878E-07	-4.9985E-07
5.4471E-08	-3.6176E-08	6.0713E-07	5.2616E-07
8.6710E-08	-3.9676E-08	5.6180E-07	-2.5923E-07
-1.6025E-09	-5.7259E-08	1.8457E-07	5.8053E-07
4.5700E-08	-4.1883E-08	8.0652E-07	1.1470E-07
7.2893E-09	-3.8696E-08	2.0618E-07	-2.0759E-07
2.2203E-08	-6.0955E-08	-1.0740E-06	2.6779E-07
-2.4284E-08	2.0484E-08	3.9327E-07	3.0105E-06
-4.7956E-09	-3.4963E-08	2.9997E-06	-1.5437E-07
-1.2555E-08	-6.7519E-08	-4.1096E-07	-7.8797E-07
1.5598E-08	-3.1844E-08	6.4688E-07	7.1004E-07
-2.2102E-08	-9.2902E-09	9.7453E-08	-3.5798E-07
-8.2673E-09	-3.2785E-08	-3.4293E-07	3.6659E-07
-4.5051E-08	-3.7694E-08	-7.9533E-07	9.8749E-07
-2.1342E-08	-4.0911E-08	5.0000E-07	2.1800E-06
-3.2795E-09	-4.9758E-08	1.4904E-06	8.7078E-07
-1.1504E-07	2.6093E-08	8.7894E-07	1.9356E-07
-1.2037E-08	1.2883E-08	1.8932E-07	3.0371E-07
-2.6919E-08	5.2910E-09	3.9028E-07	9.1546E-07
-5.0729E-08	6.9755E-08	6.4111E-07	4.5758E-07
-3.0763E-08	-2.9018E-08	1.0080E-07	3.7779E-07
-2.2311E-08	-3.0258E-09	-2.8977E-07	9.9757E-07
-2.3027E-08	5.3951E-08	6.0728E-07	1.6871E-06
-3.1764E-08	-3.8472E-09	9.3663E-07	5.0154E-07
9.7654E-10	2.4308E-08	-1.9729E-07	1.0345E-06
-2.1902E-08	1.7993E-08	8.1439E-07	1.7772E-06
-4.4431E-09	1.6397E-08	1.3473E-06	1.1648E-06
-3.1330E-08	2.8199E-10	1.3708E-06	1.8091E-07
-2.3051E-08	7.0221E-09	-3.6303E-07	2.6553E-07
-1.1610E-08	-3.8488E-08	4.2850E-07	2.0484E-06
-2.7528E-08	3.4633E-08	1.2744E-06	1.1807E-06
1.4029E-08	-1.1283E-08	1.4250E-06	1.2264E-06
-2.3301E-08	1.5584E-08	1.4149E-06	2.5341E-07
-2.1336E-08	8.3740E-09	1.1069E-06	5.2654E-07
-3.6005E-08	-1.4829E-08	5.2791E-07	-4.7666E-07
1.8209E-09	3.1468E-09	-4.4576E-07	1.6763E-06
-3.0102E-08	-6.9636E-09	2.1442E-06	1.1475E-06
-1.5727E-08	5.8100E-08	7.7349E-07	-2.0860E-07
3.2071E-08	3.9451E-09	5.6864E-07	3.3033E-08
3.7647E-09	-4.5572E-08	-8.2689E-07	5.9318E-07
2.3248E-08	7.2926E-09	5.8570E-07	2.1111E-06
2.1234E-08	-5.7105E-09	9.9908E-07	9.5457E-07
4.3275E-08	9.0944E-10	6.7197E-07	1.1819E-06
2.3052E-08	-2.3700E-08	8.6048E-07	1.8176E-06
1.0282E-08	-2.2553E-08	2.7730E-06	1.1233E-06
1.7505E-10	-5.5814E-08	9.9676E-07	-1.0780E-06
5.9428E-08	-1.6310E-08	2.6437E-08	8.1713E-07
-1.9799E-08	-1.8770E-08	6.7687E-07	8.3848E-07
2.8380E-08	-2.3959E-08	1.1799E-06	1.0772E-06
1.7395E-08	-9.8859E-08	8.7971E-07	-3.7988E-08
-2.7294E-08	-6.6144E-08	3.1330E-07	7.8995E-07
-6.7993E-09	-5.1749E-08	1.3466E-07	7.2007E-07
-2.7067E-08	-6.3610E-08	8.0863E-07	2.3683E-06
-2.0272E-08	-5.5496E-08	2.4416E-06	5.4810E-07
-6.5053E-08	-5.1244E-08	1.0301E-06	9.6657E-08
-5.6659E-08	1.0880E-08	1.2228E-06	-5.2901E-08
-5.8128E-09	-1.3560E-08	3.7810E-07	-3.4003E-07
3.8737E-09	2.4158E-08	-5.9172E-07	2.5892E-07
-5.4262E-09	-9.6658E-09	5.3935E-07	1.7230E-06
-1.1317E-08	-8.4711E-09	4.0498E-07	-4.8109E-07
3.9584E-09	-3.7068E-08	-9.6854E-07	2.2489E-06
1.0399E-09	-5.4625E-08	1.5408E-06	7.0700E-07
-1.8681E-08	2.3992E-09	-1.5384E-06	1.9832E-06
-1.0416E-09	6.5313E-09	2.6842E-06	3.1580E-06
-1.7767E-08	-3.9406E-08	1.3419E-06	3.8148E-07
-4.3205E-08	-4.3234E-08	1.9494E-06	1.3752E-06
-4.7796E-08	-4.8011E-08	9.2279E-07	1.9725E-08
-5.1207E-08	9.8232E-10	1.4633E-06	1.1478E-06
-8.8072E-09	5.4160E-08	6.8849E-07	-3.3344E-07
-2.0085E-08	-1.0207E-08	2.5395E-07	1.1818E-06
-2.0337E-08	6.8832E-09	3.9364E-07	1.1028E-06
-4.3143E-08	-1.8436E-08	1.4815E-06	1.9726E-06
-3.2076E-08	1.7863E-08	1.6314E-06	5.6824E-08
-2.1261E-08	1.0132E-08	4.8407E-07	5.6060E-07
-3.5769E-08	-3.6137E-08	2.7582E-07	9.8972E-07
6.0897E-10	-1.0593E-09	1.3218E-06	1.6583E-06
-4.0881E-08	1.0203E-08	7.2591E-07	1.6921E-07
1.2993E-08	2.5226E-08	4.7809E-07	2.1676E-06
1.9011E-08	-2.8394E-09	1.7603E-06	9.3312E-07
1.6943E-08	7.7106E-08	1.1291E-06	1.7933E-06
4.9009E-09	-8.7657E-09	2.9098E-06	1.2762E-07
4.9329E-08	2.1275E-08	-1.9409E-07	-4.3264E-07
7.2859E-08	-3.3654E-08	9.8921E-07	1.9201E-06
5.4725E-08	4.6708E-09	1.4185E-06	2.1571E-07
6.7795E-08	1.1387E-08	5.4853E-07	1.3113E-06
1.4109E-08	-5.2826E-09	2.1578E-06	9.9945E-07
1.0005E-08	-2.7782E-08	1.3192E-06	-3.5036E-07
3.4415E-08	-1.0436E-08	4.8853E-07	9.9815E-08
1.3786E-08	-8.1208E-08	2.9722E-07	5.5738E-07
-2.1647E-08	-1.3042E-08	5.7956E-07	7.6504E-07
2.6028E-08	-3.2827E-08	1.6742E-07	5.6261E-07
-7.5061E-09	-5.1920E-08	-2.0014E-07	1.4348E-06
9.5800E-09	-4.6297E-08	5.4281E-07	2.3304E-06
-2.0404E-09	-3.3447E-08	1.8546E-06	1.9776E-06
-1.0779E-08	2.1791E-08	1.8553E-06	9.1376E-07
-3.2198E-08	2.6301E-08	1.3724E-06	6.1847E-07
6.9402E-09	-4.3647E-08	1.1585E-06	8.7306E-07
3.0347E-08	-2.2502E-08	1.2600E-06	3.2471E-07
1.0211E-08	8.3695E-09	-6.4880E-08	1.0735E-06
-3.6445E-09	-2.9646E-08	1.8202E-06	2.1691E-06
3.4672E-08	-5.8644E-08	2.0323E-06	1.0889E-07
1.9947E-08	-1.6797E-08	6.9858E-07	3.1164E-08
-1.6531E-08	-5.9351E-08	-1.6775E-07	1.1759E-06
-2.2771E-08	-1.6280E-08	1.7073E-06	2.3446E-06
-2.9420E-08	2.0315E-08	2.0338E-06	2.0115E-07
4.8723E-09	2.1769E-09	8.9573E-07	8.0730E-07
-3.1582E-08	2.1354E-08	1.7291E-06	6.4235E-07
-4.0678E-08	4.5082E-08	8.1842E-07	-2.6667E-07
-3.5843E-08	-1.1472E-08	-2.1930E-07	1.3404E-06
8.8055E-09	-4.3489E-08	2.1701E-06	1.6020E-06
-7.2616E-10	-1.8168E-09	7.6090E-07	-3.6600E-07
-5.0925E-08	1.8635E-08	9.0553E-07	1.5895E-06
-3.7152E-08	1.2563E-08	1.0433E-06	-3.8252E-07
-5.5792E-08	6.7336E-08	-4.2575E-07	1.8107E-06
-2.9356E-08	2.0954E-08	2.0287E-06	1.2557E-06
-5.6008E-08	-1.7869E-08	3.5954E-07	3.8667E-07
9.2248E-09	5.4284E-08	5.9068E-07	1.4988E-06
3.6192E-08	-1.7954E-09	7.6633E-07	1.7006E-06
2.7886E-08	4.1661E-08	1.8522E-06	1.7396E-06
1.1493E-08	2.0021E-08	1.4813E-06	5.0307E-07
-3.3390E-08	-3.1092E-08	9.2211E-07	1.4580E-06
3.5666E-08	3.0044E-08	2.3078E-06	9.4007E-07
1.0190E-08	-1.5513E-08	8.6616E-07	-3.7669E-07
2.2222E-08	-7.0127E-09	9.9891E-08	1.1908E-06
-1.9966E-08	-1.0129E-08	9.2686E-07	1.5081E-06
1.2149E-08	-3.5463E-09	1.1655E-06	1.4650E-06
-2.6968E-09	7.9415E-09	1.3258E-06	1.4137E-06
1.5297E-08	1.5503E-08	1.7283E-06	1.3095E-06
4.3440E-08	-2.4601E-08	1.6931E-06	8.3073E-07
2.2760E-09	-9.0347E-09	1.5712E-06	3.1157E-07
3.1650E-08	-1.7761E-08	1.8339E-07	7.6445E-07
-2.1509E-08	2.1276E-09	1.9884E-06	1.8433E-06
3.7724E-09	-1.3749E-08	9.3641E-07	-6.4486E-07
-1.0888E-08	1.6625E-08	-1.1325E-07	2.4672E-06
2.0911E-09	-1.5594E-08	2.7951E-06	1.1260E-06
3.4445E-08	-3.1921E-08	3.2906E-07	1.3410E-07
-2.2775E-08	-1.2715E-08	6.7075E-07	2.2013E-06
4.1429E-08	3.5479E-09	2.1526E-06	1.8796E-06
2.3102E-08	6.9082E-09	2.1412E-06	7.5332E-07
3.1928E-08	5.9780E-09	1.7323E-06	6.9090E-07
4.2368E-08	-7.3955E-09	1.3110E-06	3.1639E-07
3.8774E-09	-2.2476E-08	1.0743E-06	1.2615E-06
-3.0773E-08	-2.2023E-08	1.8366E-06	7.6686E-07
2.8892E-08	2.1622E-09	1.4702E-06	7.3437E-07
9.4344E-09	-1.7400E-08	1.4457E-06	-7.3270E-08
6.8860E-09	8.1178E-09	-3.6528E-08	9.7277E-07
-5.6579E-08	8.9297E-10	1.8117E-06	1.6177E-06
-3.2569E-08	-9.3616E-09	8.8338E-07	1.0757E-07
-3.1054E-08	8.4399E-08	2.8461E-07	2.1260E-06
2.4040E-08	2.1017E-08	2.5553E-06	2.1822E-06
-1.7530E-08	-1.6866E-08	2.6232E-06	3.4776E-07
-1.1703E-08	6.1434E-09	1.7650E-06	-2.8608E-08
-2.0249E-08	1.0958E-08	1.0269E-06	-3.0754E-07
-2.6079E-08	2.0556E-08	-5.9725E-08	5.1436E-07
-1.8191E-08	2.4262E-08	4.2908E-07	1.9920E-06
-1.2942E-08	1.2530E-08	1.9197E-06	1.7670E-06
9.4515E-09	-9.1276E-11	1.4250E-06	9.9742E-07
2.1517E-08	9.0850E-09	2.1640E-06	1.8322E-06
3.2274E-08	4.9195E-08	2.7022E-06	-1.1068E-07
2.3328E-08	3.0151E-08	1.0136E-06	-7.1975E-08
2.5777E-08	3.4431E-08	1.0007E-06	3.8634E-07
3.2938E-08	-1.5246E-09	6.9949E-07	9.7562E-07
-1.3327E-08	1.8510E-08	1.5082E-06	1.3050E-06
5.6236E-09	5.3171E-09	2.0861E-06	6.7317E-07
-2.1944E-08	-2.1026E-09	1.2759E-06	-5.1759E-07
1.1562E-08	7.0620E-09	1.3855E-07	7.2693E-07
5.1145E-09	1.8915E-08	1.1116E-06	8.6156E-07
8.2496E-10	-1.5480E-08	4.0684E-07	8.1096E-07
-8.7313E-09	1.0449E-08	5.7158E-07	1.5532E-06
2.4453E-08	6.1240E-09	1.4251E-06	2.3363E-06
4.9807E-08	-6.5066E-08	2.8204E-06	6.1928E-07
-6.2500E-08	-2.1514E-08	5.2461E-07	2.8618E-07
2.9058E-09	3.2032E-08	1.9812E-06	1.5190E-06
-3.1796E-08	5.9891E-08	1.0441E-06	-3.5459E-07
-2.1341E-08	1.3434E-08	6.3645E-07	1.8702E-06
1.7551E-08	6.3499E-08	2.3692E-06	5.5721E-07
2.7489E-08	4.2387E-09	6.8712E-07	-2.0166E-07
3.1645E-08	-1.9279E-09	-2.9016E-07	7.9797E-07
4.6949E-08	-4.2044E-08	4.7252E-07	2.9229E-06
5.2410E-08	-1.9669E-08	2.7930E-06	1.4761E-06
3.6118E-08	-3.7125E-08	9.6573E-07	7.0260E-07
2.8807E-08	-4.2290E-08	1.7707E-06	1.6418E-06
1.2710E-08	-3.5530E-08	1.6643E-06	1.1889E-06
-4.5462E-08	-3.2974E-10	2.7349E-06	7.4694E-07
-3.1415E-08	3.9678E-08	6.8416E-07	-5.0322E-07
3.5378E-08	-8.5422E-08	1.0016E-06	1.7888E-06
6.4690E-09	2.3598E-08	1.5758E-06	5.9905E-07
-1.6306E-08	3.5191E-08	1.5949E-06	1.2555E-06
-7.0470E-09	2.4816E-08	1.2681E-06	-6.5992E-08
-5.8187E-08	1.3402E-08	6.4456E-07	1.6171E-06
8.7130E-09	3.0109E-10	1.6084E-06	8.4825E-07
2.3099E-08	2.8881E-08	1.2053E-06	1.6810E-06
3.3908E-09	4.5051E-08	2.1301E-06	6.0088E-07
-1.8717E-08	1.0618E-08	1.0983E-06	1.2339E-06
2.6833E-08	1.0071E-07	2.2710E-06	6.0075E-07
2.1891E-08	8.4084E-09	9.8863E-07	6.3103E-07
-3.2164E-09	-5.5519E-08	1.6890E-06	7.0239E-07
1.4567E-08	1.6052E-08	1.0105E-06	1.1221E-06
1.5999E-08	-3.3336E-08	2.5557E-06	5.7259E-07
6.4654E-09	6.6711E-09	4.7606E-07	-4.3601E-07
5.2593E-09	5.2455E-08	6.7020E-07	1.5950E-06
1.7646E-08	-3.4081E-09	1.8279E-06	1.0005E-06
3.5615E-08	9.9835E-09	1.0623E-06	1.0028E-07
-3.3887E-08	1.1983E-09	3.5417E-07	1.8202E-06
1.9747E-08	3.8728E-08	2.8718E-06	1.3105E-06
5.7567E-08	7.3474E-09	1.1184E-06	-3.6176E-07
2.6713E-08	5.1517E-09	1.2132E-06	7.6360E-07
4.0087E-08	-8.3212E-09	1.4559E-07	1.2360E-07
4.1096E-10	1.5684E-08	6.4931E-07	2.6632E-06
-1.3149E-09	-8.2883E-09	2.7838E-06	1.0216E-06
-3.6349E-09	2.0010E-08	1.3588E-06	8.3988E-08
3.1606E-09	7.0937E-09	1.0936E-06	3.8941E-07
-2.4111E-10	2.8436E-08	4.4113E-07	4.9016E-07
-2.0598E-09	-4.1159E-08	3.0447E-07	1.6219E-06
2.6498E-08	5.3384E-08	1.6494E-06	2.1022E-06
3.9046E-08	-1.3610E-09	2.2737E-06	7.5822E-07
-7.7688E-09	4.7371E-08	1.2246E-06	2.2346E-07
4.0571E-08	2.3241E-08	8.2098E-07	7.9274E-07
1.4587E-08	1.1449E-08	1.0197E-06	1.1432E-06
2.8296E-09	-1.8828E-08	1.3727E-06	9.2329E-07
-8.7459E-09	-1.4086E-08	7.0486E-07	7.1286E-07
2.0737E-08	-1.3686E-08	1.0862E-06	1.8448E-06
1.5241E-08	-3.0970E-08	2.0813E-06	4.9423E-07
3.3009E-08	-1.2323E-08	1.5007E-07	3.2253E-07
-5.2185E-08	1.1159E-08	7.2785E-07	1.6607E-06
-2.3447E-08	2.3855E-08	5.6973E-07	1.2110E-06
2.8599E-09	1.4306E-08	9.3796E-07	2.5259E-06
-3.3760E-08	-1.3644E-08	2.2571E-06	1.6688E-06
1.8839E-08	-1.8872E-09	1.8412E-06	9.3328E-07
-8.4459E-09	8.8700E-09	1.1349E-06	5.3980E-07
1.0958E-08	4.7674E-09	5.6858E-07	1.9953E-06
3.5065E-08	-5.0369E-08	2.6650E-06	1.9130E-06
-7.8071E-09	2.5116E-08	1.9369E-06	-1.1783E-10
1.0829E-08	-1.0222E-09	6.8719E-07	6.4039E-07
-2.0060E-08	-3.9837E-09	7.5510E-07	1.4561E-06
-3.7323E-09	-2.7922E-08	1.3735E-06	1.7418E-06
7.5010E-09	1.3137E-08	1.6956E-06	1.5432E-06
2.7277E-08	-2.2596E-08	2.0418E-06	1.0357E-06
-1.0911E-08	4.2650E-08	1.1395E-06	6.9105E-07
-2.6986E-08	7.1634E-09	1.5398E-06	1.6350E-06
2.3657E-09	-2.6268E-08	1.8861E-06	4.1583E-07
1.7138E-08	2.7478E-08	4.8333E-07	8.2634E-07
2.4495E-09	-8.3583E-09	1.2054E-06	1.7327E-06
8.4087E-09	2.4877E-08	1.3685E-06	1.2504E-06
3.8646E-09	2.6355E-08	1.4475E-06	1.5249E-06
3.7453E-08	1.5368E-08	1.4058E-06	8.9710E-07
7.7090E-09	8.8921E-09	6.7152E-07	1.8059E-06
1.8331E-08	-4.0976E-08	1.9439E-06	2.1303E-06
-7.7963E-10	-2.2895E-08	2.0665E-06	1.6689E-06
-1.0879E-08	-8.1218E-09	2.5839E-06	8.9171E-07
8.5032E-09	2.5329E-10	1.0128E-06	7.7123E-07
-6.6885E-09	-2.5118E-09	2.3322E-06	1.9456E-06
-4.8378E-10	-6.4420E-10	2.1026E-06	1.1285E-07
3.8809E-08	2.7513E-08	1.3949E-06	1.1385E-06
6.2241E-09	2.5869E-08	2.0779E-06	5.5753E-07
4.9051E-08	-3.4504E-08	1.1959E-06	7.4193E-08
3.8089E-08	3.1123E-08	8.9285E-08	9.6836E-07
1.2496E-08	3.2280E-08	1.3217E-06	2.3712E-06
6.4757E-08	1.6735E-08	1.9732E-06	1.3882E-06
2.4852E-08	-2.5773E-08	2.2992E-06	1.2901E-06
-1.0332E-08	-2.8363E-08	1.6121E-06	1.3039E-07
4.5186E-08	-6.9239E-08	1.3467E-06	1.2275E-06
4.1695E-08	-5.2656E-09	1.3517E-06	1.9141E-07
1.4256E-08	-5.2490E-09	4.0372E-07	1.4866E-06
4.7103E-09	8.3869E-09	1.2683E-06	1.6951E-06
1.6038E-08	1.3573E-08	1.9137E-06	2.2576E-06
-4.9324E-09	-5.3767E-09	2.7007E-06	4.0485E-07
4.1107E-08	-4.2451E-09	7.6029E-07	6.1513E-07
9.6474E-09	1.4102E-08	1.2380E-06	1.4967E-06
-2.1213E-08	2.2307E-08	1.6413E-06	2.0657E-06
-2.0822E-08	-7.5980E-08	3.2582E-06	1.1865E-06
2.3648E-08	8.7528E-09	2.2729E-06	-8.2272E-07
1.1727E-09	-1.1803E-08	-2.8008E-08	-4.2872E-07
-1.7702E-08	-3.4166E-08	1.9650E-07	1.9063E-06
-3.1359E-08	1.0571E-08	1.4533E-06	1.2780E-06
-3.6675E-08	-2.9936E-08	1.0389E-06	1.6878E-06
-5.5063E-09	3.3330E-09	2.0974E-06	1.1576E-06
-2.4571E-08	-2.8570E-10	1.2886E-06	5.6141E-07
3.2929E-08	-5.9094E-10	8.0565E-07	6.0625E-07
-9.8338E-09	3.7837E-08	4.4312E-07	1.5977E-06
8.1815E-08	4.6225E-08	1.2358E-06	1.2628E-06
-1.0983E-08	2.8577E-08	1.5811E-07	1.6484E-06
2.9180E-08	1.7559E-08	1.2535E-06	2.5906E-06
-5.7920E-08	9.5928E-09	1.6271E-06	1.8799E-06
1.0632E-08	6.5963E-08	1.3083E-06	1.9908E-06
-1.2626E-09	-1.2864E-08	1.9341E-06	2.4323E-06
4.3800E-08	1.0749E-08	2.0827E-06	1.6085E-06
2.9229E-08	5.9157E-08	2.0896E-06	2.4143E-06
-3.5220E-09	6.6877E-09	3.2859E-06	1.1679E-06
3.9539E-08	5.0356E-08	2.0039E-06	6.3597E-07
1.6524E-08	-2.2241E-08	2.0550E-06	6.7355E-07
2.6674E-08	-3.9306E-08	1.2168E-06	7.6516E-07
6.6294E-09	2.8612E-08	1.4361E-06	1.4854E-06
-7.7921E-09	3.0333E-08	2.1138E-06	1.3172E-06
3.1178E-08	-2.7439E-08	1.2402E-06	4.2005E-07
-1.0386E-08	-2.1758E-08	1.1739E-06	2.4590E-06
2.3424E-09	4.5867E-09	2.9743E-06	7.0960E-07
3.3135E-08	-2.6851E-08	6.1730E-07	7.8016E-07
2.0431E-08	-2.1813E-08	1.7750E-06	1.7283E-06
-5.4051E-08	-2.0307E-08	1.5369E-06	1.6385E-06
2.3417E-08	-2.4071E-09	2.7741E-06	1.0941E-06
-8.4436E-09	-4.3262E-08	9.7017E-07	2.0557E-07
2.1996E-08	-4.7925E-09	1.0616E-06	1.7669E-06
3.0174E-08	8.2656E-09	1.5750E-06	1.7672E-06
5.2950E-08	-7.6038E-09	2.0321E-06	1.5799E-06
-1.0942E-08	3.6286E-08	1.9868E-06	1.6773E-06
2.4124E-08	3.0727E-08	2.7793E-06	6.8688E-07
4.6480E-08	2.1656E-08	9.2037E-07	6.4193E-07
4.0470E-08	-1.5202E-08	2.3320E-06	1.6026E-06
-4.9544E-08	4.0388E-09	1.4845E-06	-7.5348E-08
-1.2971E-08	-8.5112E-09	7.1711E-07	1.4335E-06
-9.3783E-09	4.3044E-10	1.7032E-06	1.4831E-06
-1.1359E-08	2.7324E-08	1.3653E-06	8.0057E-07
9.7953E-09	3.6228E-08	7.2722E-07	1.8274E-06
-9.4687E-09	-2.2820E-08	2.0882E-06	1.7788E-06
1.4000E-08	-1.4030E-08	1.2471E-06	1.3340E-06
6.7179E-09	-3.5864E-08	1.8368E-06	1.9361E-06
-6.6910E-09	-1.1634E-08	2.0258E-06	1.7959E-06
4.6610E-09	1.2979E-08	2.7385E-06	5.2807E-07
2.7430E-08	1.8620E-08	-1.1682E-07	8.7050E-07
-1.3381E-08	4.3693E-08	2.4469E-06	3.0559E-06
2.0165E-08	8.5110E-10	1.6951E-06	4.2036E-07
6.8301E-09	3.0523E-09	1.8935E-06	3.0525E-06
7.9777E-09	-1.9525E-08	3.4336E-06	3.5636E-07
-1.7572E-08	3.1566E-08	1.1183E-06	8.7906E-07
-2.4008E-09	-7.8472E-09	2.1601E-06	1.3656E-06
-1.0364E-08	-3.2964E-08	1.8933E-06	9.8877E-07
3.6061E-08	2.3629E-08	1.7414E-06	9.8862E-07
9.7338E-09	-7.9687E-09	1.9581E-06	1.3242E-06
-5.1035E-08	5.9043E-08	1.8299E-06	3.9520E-07
1.0721E-08	1.7847E-09	8.2547E-07	1.5095E-06
-5.3702E-08	-2.7253E-08	2.4327E-06	1.8888E-06
1.9885E-08	-4.1034E-08	2.3986E-06	4.6036E-07
1.2400E-08	4.2578E-08	1.2287E-06	5.2178E-07
-9.9045E-09	2.1896E-08	1.4624E-06	1.5037E-06
3.2600E-09	6.9214E-08	2.1789E-06	1.0872E-06
1.5343E-08	5.7506E-08	2.1740E-06	3.3192E-07
5.1235E-10	2.6461E-08	7.6309E-07	-3.1599E-07
-2.5425E-09	1.0861E-08	3.2405E-07	1.5441E-06
-1.3355E-08	7.3794E-08	1.2934E-06	8.7763E-07
-4.9787E-09	-2.6229E-08	-1.3838E-09	1.7727E-06
-6.3046E-09	-3.5602E-09	2.0753E-06	2.3983E-06
-2.7883E-09	-4.2091E-08	1.7484E-06	5.8490E-07
6.7377E-09	-2.1564E-08	6.0196E-07	7.4950E-07
-2.6261E-08	-6.0623E-09	-2.3573E-07	1.9844E-06
4.3035E-08	2.0976E-08	1.4381E-06	3.1040E-06
1.2233E-08	3.5885E-09	1.5235E-06	1.8471E-06
-5.3920E-09	-1.7785E-08	1.6356E-06	2.9029E-06
1.0041E-08	-1.6295E-08	2.6229E-06	1.6902E-06
-1.5677E-08	-3.4812E-08	1.4463E-06	1.7163E-06
1.8202E-08	1.7577E-08	2.2229E-06	2.2126E-06
1.8090E-08	-5.5376E-09	2.2618E-06	1.4019E-06
3.0778E-08	-1.7258E-08	1.6827E-06	1.5999E-06
1.1179E-08	-7.0370E-09	2.3483E-06	1.8433E-06
3.9254E-09	-3.1009E-08	1.8308E-06	7.2996E-07
-7.7035E-10	-2.1332E-08	9.9518E-07	2.1629E-06
2.0636E-08	-3.4098E-08	2.5195E-06	2.1224E-06
2.9476E-08	-3.9914E-08	1.9880E-06	1.5930E-06
-6.0296E-09	-1.7133E-08	2.4967E-06	1.8669E-06
5.9044E-09	-7.2303E-09	2.5631E-06	1.1632E-06
4.5416E-08	1.1118E-08	2.0122E-06	6.6670E-07
9.9295E-09	4.0737E-09	1.0822E-06	1.5798E-06
-7.5778E-09	-4.7731E-08	2.5965E-06	2.1570E-06
-4.2713E-08	-2.5804E-08	2.4238E-06	6.9691E-07
2.0616E-08	-7.8148E-08	1.6123E-06	1.0817E-06
-5.1933E-08	9.0286E-10	1.6663E-06	1.6077E-06
-5.8433E-09	1.9510E-09	2.5981E-06	1.6435E-06
1.5759E-08	-3.4319E-09	2.2786E-06	3.5855E-07
-1.9079E-08	2.1175E-08	1.2869E-06	8.7361E-07
-6.5197E-08	2.8139E-09	1.5748E-06	1.2804E-06
-1.3611E-08	3.6912E-08	1.6580E-06	1.1220E-06
-1.9165E-08	9.5986E-10	1.2119E-06	1.2111E-06
1.1031E-08	-2.6925E-08	1.7189E-06	1.8032E-06
-3.0459E-10	2.6683E-08	1.6825E-06	7.6876E-07
-1.9081E-09	6.7056E-09	5.7258E-07	1.8559E-06
-1.4994E-08	5.3114E-09	2.0628E-06	2.4375E-06
4.9049E-09	5.4481E-08	2.0673E-06	1.7455E-06
3.2046E-08	-3.6606E-08	2.7930E-06	1.7670E-06
-1.5378E-08	2.9282E-08	2.3412E-06	7.8104E-08
-9.5609E-10	-3.3344E-08	6.8889E-07	1.0030E-06
2.6980E-08	1.3368E-08	1.9105E-06	1.8575E-06
7.0865E-09	3.1216E-08	1.6678E-06	1.9704E-07
2.4135E-08	-2.7163E-08	-6.6190E-07	1.5813E-06
3.7600E-08	4.6827E-08	1.6174E-06	4.1822E-06
-3.2772E-09	1.5823E-08	3.4392E-06	1.8430E-06
2.3877E-08	-3.8865E-08	2.2621E-06	1.4942E-06
1.7415E-08	3.5475E-08	2.8781E-06	8.4958E-07
-5.2283E-08	-3.5572E-08	1.0628E-06	5.1444E-07
5.0206E-08	-1.3408E-08	1.6864E-06	1.9684E-06
3.4478E-08	3.9642E-09	1.6606E-06	9.4684E-07
-3.4833E-08	-5.3425E-08	1.3667E-06	2.2432E-06
-9.2273E-09	3.8344E-08	2.6815E-06	1.3920E-06
3.9723E-09	3.2951E-08	1.4514E-06	1.1616E-06
2.7650E-09	6.8811E-08	2.2768E-06	1.7696E-06
1.8087E-08	2.6619E-08	2.3546E-06	8.0668E-07
-1.8293E-08	-1.9774E-08	1.8709E-06	1.5151E-07
-1.0946E-08	-5.2001E-08	8.2233E-08	4.1644E-07
4.3458E-09	3.2724E-08	4.2433E-07	2.4913E-06
5.6349E-08	4.0467E-08	1.7856E-06	2.5719E-06
2.2664E-08	-1.1930E-10	2.8350E-06	1.6246E-06
-7.1857E-09	4.9121E-09	1.4261E-06	2.1083E-07
-3.8552E-08	-1.7510E-08	8.2018E-07	1.8904E-06
-1.6830E-08	2.1649E-08	1.9065E-06	1.6136E-06
-1.1741E-08	4.1458E-08	1.6781E-06	8.6470E-07
3.4341E-08	-2.7673E-08	1.2352E-07	9.4704E-07
6.0448E-09	8.4410E-09	1.1337E-06	3.0777E-06
-8.6741E-09	5.5105E-08	1.9327E-06	9.1124E-07
-3.3787E-08	-2.0851E-08	1.6958E-07	2.3198E-06
3.3420E-08	3.5185E-08	2.1362E-06	2.3649E-06
-9.5130E-09	-2.7141E-08	1.2330E-06	1.7507E-06
-1.7811E-08	7.9892E-08	1.7098E-06	2.0463E-06
2.0298E-08	2.5608E-08	1.2005E-06	1.8587E-06
1.7700E-09	-2.5806E-08	1.5475E-06	2.4175E-06
1.3284E-09	2.6556E-09	2.1123E-06	2.0887E-06
4.5023E-09	4.0979E-09	1.4990E-06	1.1194E-06
-8.2520E-09	-1.3588E-09	6.9057E-07	2.7375E-06
6.0075E-08	-4.3136E-09	2.8293E-06	2.2946E-06
4.4593E-08	-6.2440E-08	1.2083E-06	8.7785E-07
3.1738E-09	-3.3168E-08	6.7354E-07	2.5341E-06
-1.6447E-09	-2.5831E-08	1.8392E-06	3.0361E-06
3.3679E-08	-1.7639E-08	2.4215E-06	1.9363E-06
2.2504E-08	5.2418E-08	1.2878E-06	2.0606E-06
-1.5548E-08	7.9122E-08	2.1472E-06	2.7090E-06
2.9700E-08	-3.8306E-08	2.2819E-06	2.2743E-06
2.1595E-09	-9.0855E-10	3.0640E-06	1.9732E-06
-3.9320E-08	-2.8670E-08	2.3374E-06	4.8589E-07
-4.0192E-08	-4.5440E-08	1.0643E-06	1.1248E-06
2.2906E-08	2.1807E-09	1.3292E-06	1.8391E-06
-1.9485E-08	2.9361E-08	1.6372E-06	1.5330E-06
-1.0146E-08	-7.9032E-09	8.6885E-07	1.3034E-06
-4.9136E-09	1.2269E-08	3.9384E-07	2.5451E-06
-1.6638E-08	-3.6360E-08	2.0161E-06	3.1009E-06
5.6060E-08	-3.6307E-08	1.8465E-06	1.3527E-06
1.3132E-08	5.9041E-09	6.9566E-07	2.6863E-06
1.2656E-09	-3.2971E-08	2.3934E-06	2.6416E-06
-2.2114E-08	1.6925E-08	1.5476E-06	1.6991E-06
-1.4558E-08	1.0432E-08	1.3802E-06	2.4550E-06
-3.3665E-08	-1.3644E-08	1.8442E-06	2.5598E-06
-3.0704E-08	-6.4808E-08	2.0287E-06	2.0309E-06
2.0170E-08	-4.6661E-08	1.4977E-06	2.0656E-06
-1.0762E-08	-6.8653E-08	1.5388E-06	2.2786E-06
1.9626E-08	-6.7126E-08	1.6432E-06	2.5325E-06
3.5103E-09	-1.0945E-09	1.5908E-06	2.3305E-06
-1.1371E-08	2.8551E-08	2.0159E-06	3.4429E-06
-3.2642E-08	6.3402E-09	3.7180E-06	1.7203E-06
-3.2256E-08	2.9713E-09	1.6579E-06	3.3367E-07
2.1433E-08	-1.8057E-08	1.9275E-07	1.1647E-06
2.3193E-08	4.2002E-08	3.3426E-08	3.6170E-06
4.9048E-09	-8.5842E-09	2.6418E-06	3.1262E-06
3.3238E-08	1.7407E-08	1.2471E-06	2.3849E-06
3.9576E-08	-7.2300E-09	2.6335E-06	3.1932E-06
-7.3524E-09	1.6221E-08	2.3605E-06	1.6088E-06
5.7302E-08	1.2779E-10	1.7978E-06	1.4959E-06
2.2604E-08	-2.3646E-08	3.7105E-07	1.8881E-06
9.4926E-10	-2.9517E-09	1.3907E-06	3.5493E-06
-1.1687E-08	-4.1919E-08	2.2365E-06	2.6512E-06
2.6522E-08	2.6607E-08	2.2237E-06	1.9959E-06
-1.9066E-08	-3.1968E-08	1.0624E-06	1.5261E-06
2.9055E-08	9.4386E-09	2.6352E-07	2.4664E-06
3.8289E-08	-1.4415E-08	4.2096E-07	4.4600E-06
-1.1634E-08	-3.4587E-08	3.4342E-06	3.9617E-06
-1.8256E-08	-2.7202E-09	1.6137E-06	2.3147E-06
2.0238E-08	3.7094E-08	3.1905E-06	4.1812E-06
-8.1698E-10	-1.2991E-08	3.2380E-06	8.7048E-07
2.8819E-08	-3.8142E-08	1.2541E-06	2.0879E-06
2.8595E-08	-5.0808E-09	1.3787E-06	2.0172E-06
-8.9109E-09	-2.5775E-08	1.1821E-06	3.8476E-06
1.0446E-08	2.8740E-08	3.4172E-06	2.7897E-06
1.3843E-08	2.1942E-08	1.9604E-06	1.7105E-06
-3.4087E-09	7.9918E-09	1.7981E-06	2.2419E-06
2.1732E-08	2.3221E-08	1.6396E-06	2.6269E-06
1.7345E-08	8.8273E-09	2.7013E-06	2.1085E-06
-4.6872E-09	-7.9407E-09	8.1021E-07	8.1793E-07
2.3881E-09	2.7876E-08	-1.2353E-07	3.2941E-06
-6.1608E-09	-3.7573E-09	1.5631E-06	3.7656E-06
-3.2422E-08	-1.8571E-08	1.9365E-06	3.3020E-06
6.1302E-09	4.7373E-08	1.7367E-06	2.8379E-06
4.8651E-09	-3.5215E-08	1.6961E-06	3.8422E-06
2.4426E-09	4.1446E-09	3.2677E-06	2.8692E-06
-1.5966E-08	-4.0777E-08	1.7317E-06	1.7465E-06
2.8643E-08	-1.2151E-08	1.1903E-06	2.7428E-06
1.5934E-08	2.3091E-08	1.5475E-06	3.4565E-06
2.5442E-08	6.1669E-09	2.3697E-06	2.7305E-06
4.1416E-08	-1.2949E-08	1.1297E-06	2.9511E-06
-4.0639E-09	2.3758E-08	2.6493E-06	3.3065E-06
-2.5208E-08	-3.4780E-08	1.3566E-06	1.9722E-06
-2.0463E-08	-1.7361E-08	1.3183E-06	3.5147E-06
5.7619E-09	-2.6625E-08	1.4889E-06	3.2997E-06
1.1622E-08	-2.3400E-08	2.6392E-06	3.9748E-06
-1.6829E-08	-5.1810E-08	2.5865E-06	1.7350E-06
-2.3374E-08	-1.1482E-09	9.3765E-07	2.4734E-06
1.1184E-08	2.4799E-08	8.5903E-07	2.8771E-06
-1.0865E-08	3.2272E-08	9.8214E-07	4.2839E-06
1.1711E-08	-2.5853E-08	2.5537E-06	3.4669E-06
2.1360E-08	5.5390E-09	1.0655E-06	2.8529E-06
-3.0504E-08	2.8811E-09	1.4490E-06	4.5683E-06
1.6052E-08	-4.8876E-08	3.1313E-06	3.5250E-06
-3.2854E-08	-2.9332E-09	1.5946E-06	2.0299E-06
-9.0630E-09	5.0027E-08	3.8008E-07	3.7966E-06
1.8506E-08	-1.5128E-08	2.1396E-06	4.7051E-06
2.7490E-08	-1.4307E-08	2.4290E-06	2.7913E-06
-8.3578E-09	9.6192E-09	3.8069E-07	3.7105E-06
-5.1830E-09	-4.1186E-08	2.4314E-06	5.0069E-06
-6.3312E-09	-1.3729E-08	2.1647E-06	3.0433E-06
-1.4223E-08	-1.4225E-08	1.4277E-06	4.1817E-06
-2.6907E-08	-1.3278E-08	1.9043E-06	3.9610E-06
-1.9844E-08	-5.6035E-09	1.7724E-06	4.5032E-06
5.1911E-08	1.1153E-07	2.2666E-06	4.2369E-06
1.2421E-08	4.9885E-08	2.0009E-06	4.5751E-06
-1.1809E-08	-1.9109E-08	2.9284E-06	4.8748E-06
2.9988E-09	3.6529E-08	3.6804E-06	3.6008E-06
-1.4428E-08	-1.5991E-08	1.8145E-06	2.7221E-06
1.1722E-08	4.2226E-09	1.8346E-06	5.0093E-06
-1.2048E-08	3.2328E-08	3.6425E-06	3.7691E-06
-2.5721E-08	3.6980E-08	2.0682E-06	2.9985E-06
2.1390E-08	7.5385E-08	1.9690E-06	3.9575E-06
-3.9146E-09	1.4882E-08	2.2227E-06	3.8450E-06
-1.1507E-08	1.5585E-08	1.8403E-06	3.9662E-06
-1.0661E-08	3.9336E-08	2.2116E-06	4.6262E-06
-3.2823E-08	2.3563E-08	2.6932E-06	4.1005E-06
2.6428E-08	2.4871E-09	2.3049E-06	4.1383E-06
1.4658E-08	1.2442E-08	2.6923E-06	4.2856E-06
2.3284E-08	2.4101E-08	2.9389E-06	3.7256E-06
-2.1422E-08	2.3209E-09	2.0727E-06	3.0942E-06
-3.8834E-08	9.7598E-09	1.3747E-06	4.1964E-06
-2.0400E-08	-7.7857E-09	2.1053E-06	4.2935E-06
2.0890E-08	-3.3389E-08	1.3760E-06	4.5562E-06
2.6511E-08	-7.1536E-10	2.6579E-06	5.4578E-06
1.9415E-08	5.4051E-09	2.6502E-06	3.7772E-06
-2.6149E-08	-2.5802E-08	1.5380E-06	5.0775E-06
7.3006E-09	-2.1254E-08	3.0930E-06	4.9649E-06
4.4856E-08	4.3114E-09	2.3484E-06	4.7436E-06
-2.4696E-08	-1.6818E-08	3.6514E-06	4.3850E-06
-2.2096E-09	3.6654E-08	1.2904E-06	3.3478E-06
-3.5865E-08	4.6408E-08	2.2795E-06	6.1482E-06
-2.2627E-09	-4.2467E-08	3.0022E-06	3.6057E-06
-2.0030E-08	2.3803E-08	9.0671E-07	5.3444E-06
5.1108E-08	3.2767E-08	3.0950E-06	6.1615E-06
-9.6236E-10	1.4351E-08	3.7356E-06	4.9731E-06
-3.4800E-09	4.0388E-08	2.8247E-06	3.6692E-06
4.9804E-09	1.6014E-08	1.8943E-06	5.1596E-06
-1.4134E-08	6.3760E-10	2.9043E-06	4.4001E-06
1.9318E-08	1.5978E-09	1.2237E-06	5.4352E-06
-4.1819E-08	1.2791E-08	3.8048E-06	5.8137E-06
-1.7316E-08	-1.3696E-08	2.0748E-06	3.8724E-06
1.1846E-08	3.8157E-08	1.9781E-06	6.1040E-06
-3.0780E-09	-1.8059E-08	2.8417E-06	5.1841E-06
-3.7723E-08	-3.0424E-08	2.2420E-06	5.7303E-06
-4.9992E-08	2.1781E-08	3.0370E-06	5.5901E-06
1.8424E-08	-2.2586E-08	2.3518E-06	5.0988E-06
-6.5301E-09	8.2442E-10	1.8766E-06	6.3119E-06
1.0427E-08	3.2977E-08	3.7467E-06	6.7628E-06
4.5250E-09	-7.9776E-09	3.5804E-06	4.4226E-06
1.7046E-08	6.0820E-08	1.3800E-06	5.4128E-06
1.4967E-09	2.5646E-08	2.4907E-06	6.7740E-06
3.6307E-09	2.1525E-08	2.8055E-06	6.3861E-06
3.2161E-08	-8.7841E-09	3.1564E-06	6.4532E-06
7.9351E-09	-6.5883E-08	2.6725E-06	6.2020E-06
7.2826E-09	4.3376E-09	3.3941E-06	7.0799E-06
1.2152E-08	-1.2643E-08	3.1915E-06	5.4425E-06
-6.9121E-09	-1.8470E-08	1.8983E-06	7.6376E-06
4.6553E-08	1.0902E-08	4.7413E-06	7.2273E-06
5.4846E-09	-1.6205E-08	2.8739E-06	6.0425E-06
-9.0094E-09	-2.0382E-08	3.6608E-06	7.5280E-06
3.2584E-08	-2.2173E-08	3.6756E-06	6.8600E-06
1.8213E-08	3.0124E-08	4.7008E-06	7.0940E-06
-1.3763E-08	-1.5946E-08	3.5174E-06	5.3851E-06
2.6317E-08	2.0070E-08	3.0034E-06	7.4080E-06
1.7748E-08	2.7216E-08	3.8587E-06	6.6670E-06
5.1967E-08	-1.1845E-08	3.2355E-06	7.3184E-06
-2.1818E-09	-2.5663E-08	3.8287E-06	7.4119E-06
-3.4665E-08	1.1300E-08	4.2086E-06	7.4180E-06
-1.3281E-09	4.2106E-08	3.5135E-06	6.8003E-06
1.3722E-08	2.0010E-08	4.0719E-06	8.5005E-06
2.3507E-08	1.9721E-08	4.7795E-06	6.3311E-06
-3.3967E-08	-1.3928E-08	2.8991E-06	7.9585E-06
2.8680E-08	1.2838E-08	5.2268E-06	7.5324E-06
4.3066E-08	4.2869E-08	2.9703E-06	6.7807E-06
-5.1861E-08	1.4526E-08	3.6769E-06	8.7867E-06
-2.7798E-08	-6.5034E-09	4.4956E-06	8.0404E-06
-2.5996E-08	2.9032E-08	3.8396E-06	7.8221E-06
2.1971E-09	1.3037E-08	3.9751E-06	8.9608E-06
-3.2402E-08	8.8909E-10	4.9721E-06	7.9380E-06
-3.3911E-08	-4.5404E-08	3.2591E-06	7.9540E-06
-4.0732E-08	3.5202E-08	3.4892E-06	9.2170E-06
-7.0126E-09	-9.0692E-09	4.0929E-06	1.0005E-05
-1.9540E-08	1.5913E-08	5.2159E-06	8.7003E-06
1.0630E-08	1.9711E-08	2.3322E-06	8.8073E-06
-4.3370E-09	-3.2963E-08	3.5814E-06	1.2146E-05
-3.2880E-08	-1.7190E-08	5.6655E-06	1.0774E-05
-2.4656E-08	-1.3940E-09	3.8727E-06	1.0314E-05
-1.9279E-08	-2.0493E-08	4.4086E-06	1.3067E-05
-2.2813E-08	5.2812E-08	6.5306E-06	1.2004E-05
-1.7516E-08	2.1778E-09	5.5679E-06	1.2460E-05
2.2103E-08	4.2302E-08	7.3269E-06	1.2132E-05
2.9462E-08	4.3253E-08	5.3869E-06	1.2104E-05
8.9351E-09	3.5119E-08	7.1492E-06	1.3974E-05
-1.4537E-08	1.9434E-08	7.2088E-06	1.3134E-05
-1.7824E-08	2.1098E-08	7.9556E-06	1.4080E-05
1.1165E-08	1.0763E-08	7.6856E-06	1.3877E-05
-2.7503E-08	4.7744E-08	8.5249E-06	1.5540E-05
-3.8944E-08	-3.0826E-08	9.5126E-06	1.5770E-05
-1.9898E-08	1.5862E-08	1.1065E-05	1.6207E-05
1.3486E-08	4.1583E-09	1.0918E-05	1.6066E-05
-8.0659E-09	-9.7759E-10	1.2889E-05	1.8263E-05
2.0554E-08	-2.0684E-08	1.5318E-05	1.7352E-05
-7.9890E-09	2.5119E-08	1.6969E-05	1.7248E-05
3.9938E-09	1.2344E-08	1.8399E-05	1.6264E-05
-4.4339E-08	2.0324E-08	2.0288E-05	1.6617E-05
-8.2881E-09	1.3510E-08	2.3568E-05	1.5387E-05
-1.9920E-09	-5.4282E-10	2.6807E-05	1.1795E-05
1.1708E-08	1.9970E-08	2.5524E-05	6.9481E-06
1.1397E-08	-9.4820E-10	2.4841E-05	6.7097E-06
1.7314E-08	2.2732E-08	2.5480E-05	3.2799E-06
3.8336E-08	-2.2422E-09	2.3241E-05	1.7928E-06
-1.2461E-08	3.1536E-08	2.3563E-05	8.1333E-07
-4.2525E-09	1.1125E-08	2.2976E-05	-2.6634E-06
-1.8184E-08	-1.6187E-08	1.8728E-05	-4.9447E-06
-3.2809E-08	4.6962E-08	1.6228E-05	-3.4114E-06
-2.0663E-08	1.6691E-08	1.4699E-05	-3.7758E-06
2.1705E-08	6.3241E-09	1.2630E-05	-2.2492E-06
-1.1633E-08	-1.1703E-08	1.1619E-05	-1.3038E-06
-3.7679E-10	1.5309E-08	1.1422E-05	1.2732E-06
-7.6535E-08	1.3150E-08	1.2736E-05	5.8977E-07
-8.9035E-08	1.4050E-08	1.0676E-05	1.4611E-06
-8.4140E-09	5.3656E-08	1.1848E-05	3.4194E-06
-5.2427E-08	-2.8872E-10	1.2527E-05	3.8684E-06
-1.5250E-08	2.8617E-08	1.4185E-05	4.3730E-06
2.4571E-08	4.3822E-08	1.5268E-05	3.1919E-06
8.4888E-09	3.0551E-09	1.4993E-05	2.2030E-06
-1.4051E-08	6.3740E-10	1.4790E-05	2.6563E-06
4.2052E-09	2.9554E-08	1.5962E-05	1.9516E-06
-1.2486E-08	-1.1223E-09	1.5090E-05	1.0687E-06
-2.5758E-08	-3.8786E-10	1.5543E-05	1.4347E-06
2.3590E-08	-2.2857E-08	1.5672E-05	1.4775E-08
4.2037E-10	-1.2627E-08	1.4167E-05	-4.6946E-07
-1.1991E-08	-1.8563E-08	1.3561E-05	1.1876E-06
-6.9021E-08	-1.8749E-08	1.5604E-05	9.9134E-07
-5.5728E-08	-2.9252E-09	1.4268E-05	-1.3415E-07
8.2353E-09	2.2006E-08	1.5915E-05	1.4617E-06
-6.8563E-09	8.0104E-10	1.6650E-05	-2.3090E-06
-3.5632E-08	3.1773E-08	1.4121E-05	-2.3233E-06
8.0169E-09	3.9333E-09	1.3427E-05	-3.1344E-06
1.2233E-08	-1.3244E-08	1.1141E-05	-1.0375E-06
-2.2353E-08	1.6352E-08	1.3231E-05	-2.2673E-07
-1.4719E-08	-3.6894E-08	1.2843E-05	-2.5510E-07
-3.3220E-08	9.4774E-09	1.4766E-05	-1.2865E-06
8.0188E-09	1.3925E-08	1.2014E-05	-2.9077E-06
-4.1653E-08	7.3172E-09	1.1975E-05	-1.3818E-06
-2.8258E-08	-4.9523E-08	1.0489E-05	-1.6826E-06
-1.2968E-08	1.0926E-08	1.1266E-05	6.1087E-07
1.8359E-08	1.2541E-08	1.1374E-05	-5.3246E-07
-2.3216E-08	-3.1901E-08	1.1266E-05	1.0919E-06
-8.8782E-09	-3.4624E-08	1.1785E-05	5.6052E-07
2.4415E-08	3.8950E-08	1.2080E-05	2.0598E-06
-3.5254E-08	2.0647E-08	1.3617E-05	9.2232E-07
-2.0191E-09	-7.0975E-09	1.3058E-05	9.5036E-07
-1.2822E-08	1.9457E-08	1.3662E-05	4.1043E-07
-1.3592E-08	-7.8055E-10	1.3191E-05	1.0714E-06
-3.7633E-08	2.3918E-08	1.5161E-05	2.9150E-07
-2.2180E-08	-2.9891E-08	1.3336E-05	-1.2426E-06
-4.6112E-08	6.6490E-08	1.3659E-05	3.8877E-07
-7.2842E-09	-1.7466E-08	1.3910E-05	-1.4403E-06
-6.7485E-09	-9.8606E-09	1.2233E-05	-1.4893E-07
2.2396E-08	1.8722E-08	1.3749E-05	3.3239E-08
2.1488E-08	-4.7822E-10	1.2677E-05	1.0486E-07
3.8154E-08	-4.3413E-08	1.4647E-05	8.7606E-07
-2.7962E-09	1.8450E-08	1.3891E-05	-1.4111E-06
1.0788E-08	-2.2513E-08	1.2734E-05	5.5465E-07
-5.4752E-08	1.0495E-08	1.4710E-05	6.3396E-07
1.4030E-08	8.5602E-10	1.4103E-05	-8.0517E-07
-2.8935E-08	-1.7024E-08	1.2824E-05	7.0009E-07
-1.1879E-08	3.3959E-09	1.4746E-05	2.0177E-06
3.3637E-08	6.5791E-09	1.5601E-05	1.4210E-06
-3.0290E-08	5.5641E-09	1.7012E-05	1.3140E-06
-3.7250E-09	1.5657E-08	1.6950E-05	-2.8741E-07
3.7285E-08	1.7095E-08	1.6834E-05	5.4999E-07
-4.7034E-09	3.8325E-08	1.7967E-05	2.7197E-07
-1.9901E-08	1.6796E-08	1.9073E-05	2.6763E-07
3.9655E-09	-2.2227E-08	2.0402E-05	-1.4660E-06
-1.2515E-08	1.4316E-08	1.9872E-05	-2.0664E-06
-1.0124E-08	2.9116E-08	2.2112E-05	-2.0811E-06
-3.0180E-08	-1.5128E-08	2.3747E-05	-6.1806E-06
5.6375E-08	2.2458E-08	2.1407E-05	-9.1407E-06
-1.1930E-08	-2.0508E-08	1.9997E-05	-1.0530E-05
-1.6493E-08	1.1885E-08	1.7139E-05	-1.1858E-05
-3.5415E-08	-1.1143E-08	1.5155E-05	-1.1026E-05
-3.5836E-08	-1.8889E-09	1.3811E-05	-1.0574E-05
2.6275E-09	2.2237E-08	1.3025E-05	-9.9095E-06
1.4683E-08	-1.3951E-08	1.1598E-05	-9.6116E-06
5.1424E-09	2.4776E-08	1.0109E-05	-7.8316E-06
-1.2623E-08	1.2312E-08	1.0522E-05	-4.3796E-06
9.3485E-09	5.0312E-08	1.4484E-05	-4.1821E-06
-1.3926E-08	5.0499E-09	1.4041E-05	-6.0993E-06
1.7142E-08	6.4778E-11	1.4908E-05	-5.7330E-06
-3.6478E-08	1.4413E-08	1.3835E-05	-6.6194E-06
-1.7988E-08	1.1019E-08	1.5531E-05	-4.5564E-06
2.1748E-08	3.2461E-09	1.7051E-05	-6.8267E-06
1.1340E-08	6.1064E-09	1.8259E-05	-7.4778E-06
-1.2680E-08	9.2699E-10	1.7833E-05	-1.1723E-05
1.1964E-08	3.3333E-09	1.5328E-05	-1.1689E-05
-2.3159E-08	-1.9722E-08	1.4327E-05	-1.2884E-05
-6.7529E-09	1.6151E-08	1.2911E-05	-1.1408E-05
-1.3224E-08	2.0651E-08	1.3597E-05	-1.2656E-05
-3.1131E-08	1.9179E-08	1.1750E-05	-1.2604E-05
-2.3280E-08	-3.1094E-08	1.1359E-05	-1.2927E-05
-3.0342E-08	-2.9170E-09	1.0296E-05	-1.1938E-05
-2.0597E-08	2.1298E-08	1.0673E-05	-1.2979E-05
-2.3132E-08	3.2899E-08	8.3305E-06	-1.2045E-05
-8.6153E-09	7.0999E-09	1.0036E-05	-1.1433E-05
-1.6222E-08	-6.0248E-09	8.5237E-06	-1.3318E-05
-1.0682E-09	-1.4072E-08	6.7011E-06	-1.1915E-05
1.0856E-08	2.1374E-08	7.0633E-06	-1.0931E-05
-9.8223E-09	-1.1043E-08	6.2481E-06	-1.1347E-05
1.2260E-08	7.1688E-09	5.4518E-06	-9.1463E-06
2.0037E-08	1.2043E-09	7.4097E-06	-9.1566E-06
-9.8388E-09	2.5737E-09	6.0341E-06	-9.9604E-06
4.5709E-08	2.2264E-08	6.1493E-06	-8.0835E-06
-3.0801E-08	-4.9490E-09	7.6044E-06	-9.1811E-06
3.1739E-08	9.7277E-11	5.1465E-06	-9.7942E-06
3.4655E-09	2.5468E-08	5.7215E-06	-6.9878E-06
2.6335E-08	-2.0618E-08	6.8587E-06	-8.3419E-06
-3.1250E-08	1.7784E-08	6.5342E-06	-7.7129E-06
-2.2493E-08	-3.4944E-08	6.4812E-06	-9.7413E-06
-3.8780E-09	-2.1222E-08	3.5426E-06	-7.4670E-06
-1.0512E-08	-2.2737E-08	6.2983E-06	-6.4295E-06
-3.4680E-08	1.8299E-08	4.8423E-06	-7.1135E-06
-1.7013E-10	5.4809E-08	6.2497E-06	-5.2992E-06
-3.6239E-08	2.0104E-08	6.6161E-06	-6.9609E-06
-2.0139E-10	-7.1399E-09	5.6623E-06	-6.2815E-06
-7.8320E-09	3.9867E-09	6.1565E-06	-5.8501E-06
-2.8069E-09	2.4419E-08	5.9580E-06	-5.7680E-06
-4.5291E-08	5.2295E-09	6.3945E-06	-4.8711E-06
-2.1287E-08	-2.6544E-08	6.7209E-06	-5.4797E-06
3.2331E-08	-2.6203E-08	6.3543E-06	-3.7113E-06
-1.6918E-09	5.6239E-08	9.4920E-06	-4.4145E-06
-4.5081E-09	-3.1091E-09	7.1748E-06	-6.2117E-06
-8.2676E-09	1.2553E-08	8.1923E-06	-2.6703E-06
-7.5624E-09	1.0283E-08	1.1836E-05	-5.0417E-06
-4.9289E-09	7.6732E-08	1.0505E-05	-7.6843E-06
2.5421E-08	1.4769E-09	9.1818E-06	-8.0803E-06
3.3244E-08	-1.5634E-08	8.0734E-06	-7.4330E-06
1.6618E-08	3.0273E-08	8.6925E-06	-6.5316E-06
-7.8754E-09	3.2831E-09	9.3561E-06	-6.6636E-06
-3.0567E-08	-1.6021E-09	1.0535E-05	-7.0591E-06
2.1468E-09	-2.0548E-09	1.1241E-05	-8.7221E-06
2.6522E-09	2.4227E-08	1.1427E-05	-1.1397E-05
-1.1019E-08	5.4572E-11	7.4188E-06	-1.4245E-05
1.9123E-08	-1.0393E-08	4.2309E-06	-1.1100E-05
-1.8285E-08	4.3943E-09	4.8503E-06	-1.0351E-05
-1.7614E-08	-1.2279E-08	3.2615E-06	-9.1407E-06
1.9721E-08	-2.2415E-08	4.2435E-06	-7.4679E-06
-1.7571E-08	-4.1625E-09	4.7991E-06	-7.3862E-06
-1.2147E-09	1.5662E-08	4.9254E-06	-7.5520E-06
3.0475E-09	4.0385E-09	4.3052E-06	-6.6969E-06
-1.2494E-08	3.2099E-08	5.8973E-06	-5.7157E-06
-2.9126E-08	-2.6300E-09	6.8303E-06	-7.2766E-06
-1.2448E-08	-1.2408E-08	5.8344E-06	-7.8036E-06
-1.7811E-09	2.8345E-08	6.1203E-06	-8.0038E-06
-1.0693E-08	4.6138E-09	4.2955E-06	-8.9172E-06
-7.2716E-09	3.5821E-08	3.8958E-06	-6.4481E-06
3.2990E-08	5.8253E-10	5.1798E-06	-7.1826E-06
1.2268E-08	2.0078E-08	4.5134E-06	-7.1707E-06
1.0054E-08	-3.0592E-08	3.7633E-06	-7.9353E-06
-3.7072E-09	-3.6579E-08	2.5002E-06	-5.3886E-06
-6.9145E-08	-1.2784E-08	4.9236E-06	-5.7739E-06
-4.9061E-08	2.7145E-08	2.8876E-06	-6.0678E-06
-2.3231E-08	1.4506E-08	3.6148E-06	-4.6834E-06
-1.7343E-08	1.1479E-08	3.2743E-06	-4.0497E-06
-2.9493E-08	-1.0023E-09	5.0571E-06	-3.6928E-06
-9.5890E-11	-6.5812E-09	3.8686E-06	-4.3339E-06
-3.5538E-09	-1.1572E-08	4.9567E-06	-2.8125E-06
-2.3666E-08	3.8224E-08	4.6178E-06	-3.8690E-06
1.4004E-08	-1.0182E-08	4.6538E-06	-1.7315E-06
-1.4307E-08	-1.9727E-08	6.4442E-06	-2.0337E-06
-3.7365E-09	-1.1469E-08	6.4965E-06	-2.1211E-06
-2.6697E-09	-1.3794E-08	7.3574E-06	-2.0866E-06
-2.0694E-08	-2.7142E-08	7.2191E-06	-2.4224E-06
-2.2227E-08	-2.6437E-08	8.0112E-06	-8.8044E-07
2.8935E-08	2.2681E-08	1.0816E-05	-2.4118E-06
1.2455E-09	7.6853E-09	9.3401E-06	-4.4962E-06
-8.2284E-09	2.7819E-08	8.9117E-06	-3.8309E-06
1.6401E-08	6.4156E-09	8.4873E-06	-3.5617E-06
-1.2454E-08	1.0940E-08	9.9175E-06	-2.5500E-06
-1.1375E-08	2.9585E-08	1.0689E-05	-4.3179E-06
2.8829E-08	2.4351E-08	9.5328E-06	-4.6474E-06
-6.3178E-08	-3.6400E-08	9.0251E-06	-3.1857E-06
3.9669E-09	9.6976E-09	1.1753E-05	-2.0238E-06
9.5233E-09	-1.3940E-10	1.3078E-05	-4.8941E-06
1.7926E-08	1.0949E-08	1.1537E-05	-5.5320E-06
4.4618E-08	7.6417E-09	1.1567E-05	-4.6145E-06
2.2085E-08	1.0614E-08	1.3410E-05	-4.5331E-06
-5.4287E-09	1.0723E-08	1.3637E-05	-6.9143E-06
-5.0819E-09	8.3569E-09	1.2319E-05	-6.0743E-06
2.8688E-09	1.3284E-08	1.4947E-05	-6.0271E-06
9.5436E-09	-3.8303E-09	1.4628E-05	-9.1255E-06
-4.1244E-09	-2.5188E-08	1.3126E-05	-8.4206E-06
-2.6964E-08	3.7295E-08	1.4529E-05	-8.8845E-06
2.2215E-08	7.8783E-09	1.3325E-05	-9.7648E-06
-3.9686E-08	-4.3758E-09	1.4054E-05	-8.4721E-06
4.1366E-08	3.2143E-08	1.5580E-05	-8.8000E-06
-3.0248E-09	-7.5465E-10	1.8625E-05	-9.3721E-06
-2.8196E-08	-1.9488E-08	2.1516E-05	-1.4424E-05
-6.3508E-10	-1.1658E-08	1.9590E-05	-2.1062E-05
1.1176E-09	-1.4354E-08	1.2941E-05	-2.4052E-05
1.6000E-08	1.9615E-08	9.5419E-06	-2.1424E-05
-3.0330E-09	-5.1697E-10	8.4004E-06	-2.2087E-05
-3.8938E-08	8.7101E-09	5.3423E-06	-2.0722E-05
-2.3023E-08	2.8607E-08	4.8823E-06	-1.9830E-05
-1.2605E-08	5.9270E-09	2.9976E-06	-1.8650E-05
1.0717E-08	2.7071E-08	3.4999E-06	-1.7079E-05
-4.9584E-09	-2.0450E-08	3.7052E-06	-1.7388E-05
-7.5351E-09	1.7145E-08	2.5732E-06	-1.8448E-05
-6.9776E-09	-2.8991E-08	-2.4646E-07	-1.6764E-05
1.7195E-08	-8.9794E-08	9.9319E-07	-1.4552E-05
1.9931E-08	1.0209E-09	8.1128E-07	-1.5078E-05
-1.6806E-08	-1.1421E-08	3.9448E-07	-1.4125E-05
5.9292E-09	-2.2325E-08	-1.5378E-07	-1.3099E-05
1.6936E-08	-1.6919E-08	1.7912E-06	-1.1548E-05
2.2820E-08	5.9988E-09	2.2909E-06	-1.4054E-05
9.0653E-09	-1.9592E-08	1.5240E-07	-1.3008E-05
1.3897E-08	8.0702E-09	1.6500E-06	-1.1871E-05
3.2642E-08	-1.6862E-08	2.1219E-06	-1.3235E-05
-1.8823E-08	2.0888E-08	6.7072E-07	-1.3578E-05
-2.5328E-08	3.8876E-08	7.7951E-07	-1.2312E-05
-3.5535E-08	3.4801E-08	1.1426E-06	-1.3350E-05
9.6928E-09	1.5399E-08	-2.3113E-08	-1.2901E-05
-1.6979E-08	2.8683E-09	3.3807E-07	-1.3058E-05
-2.8185E-09	4.9494E-09	-1.1538E-06	-1.2868E-05
2.9622E-08	-5.1166E-09	-6.6925E-07	-1.1540E-05
-2.2870E-08	-3.3501E-08	-3.2809E-07	-1.2241E-05
7.2510E-09	2.6291E-08	-1.5731E-06	-1.2252E-05
-2.5469E-08	3.9396E-09	-1.6810E-06	-1.0506E-05
-1.2109E-09	1.5741E-08	-5.0505E-08	-1.1017E-05
-2.6331E-08	1.2893E-08	-1.5257E-06	-1.2069E-05
-3.3167E-09	1.0375E-08	-2.0171E-06	-1.0599E-05
4.0783E-08	4.7662E-08	-1.3152E-06	-1.0651E-05
-3.1045E-08	-1.1197E-08	-2.0568E-06	-1.1154E-05
-3.8860E-08	-1.2333E-09	-2.8210E-06	-9.8985E-06
1.2954E-08	1.4178E-08	-1.6130E-06	-9.7248E-06
-5.5506E-09	3.3272E-08	-2.5561E-06	-1.0633E-05
9.6526E-09	-3.4023E-08	-3.5038E-06	-9.9918E-06
4.8923E-08	1.6963E-09	-4.7373E-06	-8.8423E-06
3.7520E-09	2.0754E-09	-4.0639E-06	-6.6378E-06
1.1668E-08	8.4722E-09	-3.2778E-06	-5.9593E-06
-3.1801E-09	-6.1936E-09	-1.3492E-06	-4.5510E-06
-7.5937E-09	6.4499E-09	1.1138E-06	-6.8006E-06
-8.2941E-09	7.1902E-09	-1.3357E-06	-9.3399E-06
-1.7774E-08	-8.0990E-09	-2.6960E-06	-5.5350E-06
-4.8005E-08	2.0122E-09	4.4568E-07	-8.7189E-06
-5.3308E-10	3.6826E-08	-2.5174E-06	-4.2724E-06
-4.7516E-09	4.8761E-09	7.2571E-07	-1.0079E-05
-4.7241E-09	4.8573E-09	-5.4229E-06	-6.7685E-06
-4.6967E-09	4.8386E-09	-1.7445E-06	-3.4133E-06
-4.6696E-09	4.8200E-09	-6.0629E-07	-5.0791E-06
-4.6425E-09	4.8015E-09	-5.7404E-07	-3.4639E-06
-4.6156E-09	4.7830E-09	3.0599E-06	-4.9516E-06
-4.5889E-09	4.7645E-09	5.4209E-07	-7.8613E-06
-4.5623E-09	4.7462E-09	2.0080E-07	-5.5177E-06
-4.5359E-09	4.7279E-09	1.4896E-06	-6.9386E-06
-4.5096E-09	4.7097E-09	-1.0964E-07	-7.5189E-06
-4.4835E-09	4.6916E-09	-5.3988E-07	-6.1099E-06
-4.4575E-09	4.6735E-09	7.3374E-07	-6.0408E-06
-4.4317E-09	4.6555E-09	4.0475E-07	-6.4218E-06
-4.4060E-09	4.6375E-09	1.4167E-06	-6.6945E-06
-4.3804E-09	4.6196E-09	-5.3801E-08	-7.9215E-06
-4.3550E-09	4.6018E-09	1.1950E-07	-6.6099E-06
-4.3298E-09	4.5841E-09	-5.6921E-07	-7.8957E-06
-4.3046E-09	4.5664E-09	-1.0376E-06	-5.5501E-06
-4.2797E-09	4.5488E-09	7.5517E-07	-6.9971E-06
-4.2548E-09	4.5312E-09	-1.9166E-06	-7.0092E-06
-4.2301E-09	4.5138E-09	-9.4299E-07	-4.1395E-06
-4.2056E-09	4.4963E-09	1.7585E-06	-5.0825E-06
-4.1812E-09	4.4790E-09	8.5276E-07	-7.1737E-06
-4.1569E-09	4.4617E-09	1.8822E-07	-6.2378E-06
-4.1327E-09	4.4445E-09	6.3021E-07	-6.9373E-06
-4.1087E-09	4.4273E-09	7.2820E-08	-6.7682E-06
-4.0848E-09	4.4102E-09	6.8496E-09	-7.6601E-06
-4.0611E-09	4.3932E-09	-1.7852E-06	-6.7395E-06
-4.0375E-09	4.3762E-09	-5.2101E-07	-5.7012E-06
-4.0140E-09	4.3593E-09	-1.0058E-06	-6.5837E-06
-3.9907E-09	4.3425E-09	-1.6347E-06	-5.2732E-06
-3.9675E-09	4.3257E-09	-6.2446E-07	-4.3215E-06
-3.9444E-09	4.3090E-09	9.0227E-07	-4.5087E-06
-3.9214E-09	4.2923E-09	1.1508E-06	-6.6078E-06
-3.8986E-09	4.2757E-09	-1.2904E-06	-6.2691E-06
-3.8759E-09	4.2592E-09	2.9273E-07	-4.4452E-06
-3.8533E-09	4.2428E-09	2.4649E-07	-6.4178E-06
-3.8309E-09	4.2263E-09	-2.0218E-07	-4.5834E-06
-3.8086E-09	4.2100E-09	1.6857E-06	-6.4471E-06
-3.7864E-09	4.1937E-09	-1.0659E-06	-7.0642E-06
-3.7643E-09	4.1775E-09	-9.6853E-07	-5.2607E-06
-3.7424E-09	4.1613E-09	-2.2700E-07	-5.1183E-06
-3.7205E-09	4.1452E-09	-3.9209E-07	-5.7402E-06
-3.6988E-09	4.1292E-09	-8.9206E-07	-4.2213E-06
-3.6773E-09	4.1132E-09	1.3182E-06	-4.5568E-06
-3.6558E-09	4.0973E-09	6.2571E-07	-5.6182E-06
-3.6345E-09	4.0815E-09	1.0962E-06	-6.0738E-06
-3.6132E-09	4.0657E-09	-6.4160E-07	-6.5410E-06
-3.5921E-09	4.0499E-09	-7.9897E-08	-5.3412E-06
-3.5711E-09	4.0342E-09	-6.7070E-07	-6.1199E-06
-3.5503E-09	4.0186E-09	-7.2999E-07	-4.7201E-06
-3.5295E-09	4.0031E-09	6.9574E-08	-4.8732E-06
-3.5089E-09	3.9876E-09	4.0553E-07	-5.3356E-06
-3.4884E-09	3.9721E-09	-5.2274E-07	-5.3819E-06
-3.4680E-09	3.9567E-09	8.5400E-07	-4.8268E-06
-3.4477E-09	3.9414E-09	-5.7088E-07	-6.8340E-06
-3.4275E-09	3.9261E-09	-1.0235E-06	-3.8272E-06
-3.4074E-09	3.9109E-09	1.1717E-06	-5.5421E-06
-3.3875E-09	3.8957E-09	-8.2621E-07	-5.6585E-06
-3.3676E-09	3.8806E-09	-1.7826E-07	-5.1321E-06
-3.3479E-09	3.8656E-09	-5.2342E-07	-5.0188E-06
-3.3283E-09	3.8506E-09	-1.9186E-07	-5.3188E-06
-3.3087E-09	3.8357E-09	-9.9131E-07	-4.6136E-06
-3.2893E-09	3.8208E-09	2.1116E-07	-4.6982E-06
-3.2700E-09	3.8060E-09	-8.3880E-07	-4.6363E-06
-3.2508E-09	3.7912E-09	7.8851E-07	-4.2024E-06
-3.2318E-09	3.7765E-09	-2.7664E-07	-5.8064E-06
-3.2128E-09	3.7619E-09	-7.3344E-07	-4.1619E-06
-3.1939E-09	3.7473E-09	6.0422E-07	-4.2870E-06
-3.1751E-09	3.7327E-09	5.6224E-07	-5.8755E-06
-3.1565E-09	3.7182E-09	-1.8211E-06	-5.3386E-06
-3.1379E-09	3.7038E-09	-1.4161E-07	-3.2174E-06
-3.1194E-09	3.6894E-09	3.4051E-07	-5.3437E-06
-3.1011E-09	3.6751E-09	-1.0492E-06	-4.5308E-06
-3.0828E-09	3.6608E-09	-3.4104E-07	-4.0588E-06
-3.0647E-09	3.6466E-09	-3.6510E-07	-4.2811E-06
-3.0466E-09	3.6325E-09	-6.3237E-07	-3.7093E-06
-3.0287E-09	3.6184E-09	3.9482E-07	-3.6462E-06
-3.0108E-09	3.6043E-09	-6.0318E-07	-3.8795E-06
-2.9931E-09	3.5903E-09	1.1191E-06	-2.1469E-06
-2.9754E-09	3.5764E-09	2.1642E-06	-4.8589E-06
-2.9579E-09	3.5625E-09	7.4561E-07	-4.8094E-06
-2.9404E-09	3.5486E-09	7.7745E-07	-5.3932E-06
-2.9230E-09	3.5348E-09	-3.9545E-07	-4.6627E-06
-2.9058E-09	3.5211E-09	5.8916E-07	-3.9844E-06
-2.8886E-09	3.5074E-09	1.3007E-06	-4.8231E-06
-2.8715E-09	3.4937E-09	2.2672E-07	-6.1054E-06
-2.8545E-09	3.4802E-09	-1.0559E-06	-4.8509E-06
-2.8376E-09	3.4666E-09	-4.1539E-07	-3.9351E-06
-2.8208E-09	3.4531E-09	8.1275E-07	-4.0330E-06
-2.8041E-09	3.4397E-09	1.4863E-08	-5.7969E-06
-2.7875E-09	3.4263E-09	-1.1703E-06	-4.0346E-06
-2.7710E-09	3.4130E-09	8.1629E-08	-4.0871E-06
-2.7546E-09	3.3997E-09	-1.8976E-07	-4.1127E-06
-2.7383E-09	3.3865E-09	-4.7804E-07	-4.3185E-06
-2.7220E-09	3.3733E-09	1.9868E-07	-2.7468E-06
-2.7059E-09	3.3602E-09	1.1736E-06	-5.4580E-06
-2.6898E-09	3.3471E-09	-1.6297E-06	-3.5370E-06
-2.6738E-09	3.3340E-09	2.1070E-06	-3.8404E-06
-2.6579E-09	3.3211E-09	-1.3579E-06	-6.1198E-06
-2.6421E-09	3.3081E-09	-1.1972E-06	-2.8303E-06
-2.6264E-09	3.2952E-09	-5.4663E-07	-3.3181E-06
-2.6108E-09	3.2824E-09	2.0462E-07	-2.1114E-06
-2.5952E-09	3.2696E-09	1.4978E-06	-3.1733E-06
-2.5798E-09	3.2569E-09	1.2753E-06	-4.2074E-06
-2.5644E-09	3.2442E-09	2.5333E-07	-4.2153E-06
-2.5491E-09	3.2315E-09	9.4377E-07	-3.7874E-06
-2.5339E-09	3.2189E-09	2.4570E-07	-4.6351E-06
-2.5188E-09	3.2064E-09	2.8851E-07	-3.5740E-06
-2.5038E-09	3.1939E-09	5.7779E-07	-4.3576E-06
-2.4888E-09	3.1814E-09	-1.9669E-08	-3.8686E-06
-2.4739E-09	3.1690E-09	5.4518E-07	-3.7643E-06
-2.4592E-09	3.1566E-09	4.7326E-07	-4.2527E-06
-2.4445E-09	3.1443E-09	-1.6942E-07	-4.1391E-06
-2.4298E-09	3.1320E-09	-3.1215E-08	-3.6060E-06
-2.4153E-09	3.1198E-09	-2.7166E-08	-3.4633E-06
-2.4008E-09	3.1076E-09	5.3836E-07	-3.2427E-06
-2.3864E-09	3.0955E-09	3.9348E-07	-3.7249E-06
-2.3721E-09	3.0834E-09	4.5848E-07	-3.4280E-06
-2.3579E-09	3.0713E-09	2.1806E-07	-3.6022E-06
-2.3438E-09	3.0594E-09	7.3198E-07	-2.9868E-06
-2.3297E-09	3.0474E-09	7.2950E-07	-4.1691E-06
-2.3157E-09	3.0355E-09	-3.5659E-07	-3.2488E-06
-2.3018E-09	3.0236E-09	5.3427E-07	-2.6208E-06
-2.2880E-09	3.0118E-09	1.1375E-06	-2.7034E-06
-2.2742E-09	3.0000E-09	1.2806E-06	-3.6941E-06
-2.2605E-09	2.9883E-09	1.2383E-07	-3.0316E-06
-2.2469E-09	2.9766E-09	1.4714E-06	-2.1600E-06
-2.2334E-09	2.9650E-09	1.9122E-06	-3.0767E-06
-2.2199E-09	2.9534E-09	1.9650E-06	-3.0915E-06
-2.2065E-09	2.9418E-09	2.4928E-06	-3.5377E-06
-2.1932E-09	2.9303E-09	2.2289E-06	-4.4830E-06
-2.1800E-09	2.9188E-09	1.6140E-06	-4.2449E-06
-2.1668E-09	2.9074E-09	1.9340E-06	-4.6711E-06
-2.1537E-09	2.8960E-09	8.9730E-07	-4.5187E-06
-2.1407E-09	2.8847E-09	1.7907E-06	-4.1593E-06
-2.1278E-09	2.8734E-09	1.0895E-06	-4.8985E-06
-2.1149E-09	2.8621E-09	1.4934E-06	-4.4187E-06
-2.1021E-09	2.8509E-09	4.9423E-07	-5.5740E-06
-2.0894E-09	2.8397E-09	-3.5250E-07	-3.6524E-06
-2.0767E-09	2.8286E-09	1.0777E-06	-3.0846E-06
-2.0641E-09	2.8175E-09	2.1077E-06	-3.9860E-06
-2.0516E-09	2.8065E-09	6.0757E-07	-5.0431E-06
-2.0391E-09	2.7955E-09	8.3256E-07	-2.9539E-06
-2.0267E-09	2.7845E-09	2.0956E-06	-4.2437E-06
-2.0144E-09	2.7736E-09	1.6153E-06	-4.3161E-06
-2.0022E-09	2.7627E-09	1.2085E-06	-5.2469E-06
-1.9900E-09	2.7518E-09	5.5825E-07	-3.6366E-06
-1.9779E-09	2.7410E-09	2.0509E-06	-4.2390E-06
-1.9658E-09	2.7303E-09	1.8515E-06	-4.5266E-06
-1.9538E-09	2.7196E-09	1.4316E-06	-6.1648E-06
-1.9419E-09	2.7089E-09	-4.4870E-07	-4.0853E-06
-1.9301E-09	2.6982E-09	2.0098E-06	-4.1629E-06
-1.9183E-09	2.6876E-09	9.0109E-07	-4.6300E-06
-1.9066E-09	2.6771E-09	2.0936E-06	-5.0159E-06
-1.8949E-09	2.6665E-09	3.8376E-07	-5.5301E-06
-1.8833E-09	2.6561E-09	8.2791E-07	-4.9653E-06
-1.8718E-09	2.6456E-09	-1.3698E-07	-4.2653E-06
-1.8603E-09	2.6352E-09	2.1773E-06	-4.1383E-06
-1.8489E-09	2.6248E-09	4.8953E-07	-5.6626E-06
-1.8376E-09	2.6145E-09	1.1481E-06	-4.1944E-06
-1.8263E-09	2.6042E-09	9.7765E-07	-4.9811E-06
-1.8151E-09	2.5940E-09	2.4348E-06	-4.7933E-06
-1.8040E-09	2.5838E-09	7.5686E-07	-7.6985E-06
-1.7929E-09	2.5736E-09	-1.1198E-06	-4.9017E-06
-1.7819E-09	2.5635E-09	1.0427E-06	-4.8569E-06
-1.7709E-09	2.5534E-09	1.3185E-07	-6.1914E-06
-1.7600E-09	2.5433E-09	-8.7084E-07	-4.8639E-06
-1.7491E-09	2.5333E-09	7.3714E-07	-4.7163E-06
-1.7384E-09	2.5233E-09	-3.5890E-07	-5.8724E-06
-1.7276E-09	2.5133E-09	-5.8925E-07	-4.7630E-06
-1.7170E-09	2.5034E-09	-6.0090E-07	-4.4340E-06
-1.7064E-09	2.4936E-09	9.9314E-07	-4.3949E-06
-1.6958E-09	2.4837E-09	-6.4961E-07	-6.4386E-06
-1.6853E-09	2.4739E-09	-1.2411E-06	-3.7225E-06
-1.6749E-09	2.4641E-09	3.0491E-07	-4.8699E-06
-1.6645E-09	2.4544E-09	-1.0139E-06	-4.4440E-06
-1.6542E-09	2.4447E-09	2.1375E-07	-4.1051E-06
-1.6440E-09	2.4351E-09	-1.3833E-07	-5.1098E-06
-1.6338E-09	2.4255E-09	-8.4002E-07	-4.6429E-06
-1.6236E-09	2.4159E-09	-3.7065E-07	-4.4467E-06
-1.6135E-09	2.4063E-09	-1.0459E-06	-4.7720E-06
-1.6035E-09	2.3968E-09	-1.0022E-06	-3.7802E-06
-1.5935E-09	2.3873E-09	-7.9072E-07	-3.9142E-06
-1.5836E-09	2.3779E-09	-5.5334E-07	-3.2222E-06
-1.5737E-09	2.3685E-09	3.2620E-07	-3.6513E-06
-1.5639E-09	2.3591E-09	1.1250E-07	-4.6265E-06
-1.5542E-09	2.3498E-09	-1.3999E-06	-4.3077E-06
-1.5445E-09	2.3405E-09	-4.7802E-07	-2.6639E-06
-1.5348E-09	2.3312E-09	3.1008E-07	-3.6865E-06
-1.5252E-09	2.3220E-09	2.7636E-08	-3.6788E-06
-1.5157E-09	2.3128E-09	-8.6636E-08	-3.7318E-06
-1.5062E-09	2.3036E-09	6.4212E-07	-3.5600E-06
-1.4967E-09	2.2945E-09	-1.3662E-07	-4.9178E-06
-1.4874E-09	2.2854E-09	-8.8846E-07	-3.3313E-06
-1.4780E-09	2.2763E-09	-4.4322E-08	-3.2229E-06
-1.4688E-09	2.2673E-09	9.2213E-07	-2.7856E-06
-1.4595E-09	2.2583E-09	1.1570E-06	-5.2296E-06
-1.4504E-09	2.2493E-09	-1.3673E-06	-4.0041E-06
-1.4412E-09	2.2404E-09	5.4489E-07	-2.7983E-06
-1.4322E-09	2.2315E-09	7.3071E-07	-4.0258E-06
-1.4231E-09	2.2226E-09	1.9993E-07	-4.0201E-06
-1.4142E-09	2.2138E-09	5.2980E-07	-3.4925E-06
-1.4052E-09	2.2050E-09	8.8854E-07	-4.4617E-06
-1.3964E-09	2.1962E-09	-7.4622E-08	-4.0753E-06
-1.3875E-09	2.1875E-09	6.5983E-07	-3.8354E-06
-1.3788E-09	2.1788E-09	6.3650E-07	-3.9508E-06
-1.3700E-09	2.1701E-09	1.1007E-06	-4.4728E-06
-1.3614E-09	2.1615E-09	3.7232E-07	-4.3890E-06
-1.3527E-09	2.1529E-09	1.6793E-06	-4.4771E-06
-1.3442E-09	2.1443E-09	6.3100E-07	-6.3679E-06
-1.3356E-09	2.1358E-09	-6.6884E-07	-5.1670E-06
-1.3271E-09	2.1273E-09	1.5257E-07	-5.0165E-06
-1.3187E-09	2.1188E-09	-4.8593E-07	-5.5954E-06
-1.3103E-09	2.1104E-09	-9.7754E-07	-4.9010E-06
-1.3020E-09	2.1020E-09	-5.7177E-07	-4.5690E-06
-1.2937E-09	2.0936E-09	-3.6117E-07	-4.9273E-06
-1.2854E-09	2.0852E-09	-8.2456E-07	-5.1921E-06
-1.2772E-09	2.0769E-09	-1.2746E-06	-5.1319E-06
-1.2691E-09	2.0686E-09	-2.0940E-06	-4.2946E-06
-1.2610E-09	2.0604E-09	-7.2178E-07	-3.2204E-06
-1.2529E-09	2.0521E-09	-5.4053E-07	-4.6217E-06
-1.2449E-09	2.0439E-09	-1.0115E-06	-3.9925E-06
-1.2369E-09	2.0358E-09	-9.4762E-07	-4.4998E-06
-1.2290E-09	2.0276E-09	-1.1829E-06	-3.4153E-06
-1.2211E-09	2.0195E-09	-7.4698E-08	-4.2329E-06
-1.2132E-09	2.0114E-09	-9.7491E-07	-4.5080E-06
-1.2054E-09	2.0034E-09	-1.4746E-06	-4.6034E-06
-1.1977E-09	1.9954E-09	-1.6471E-06	-2.6390E-06
-1.1900E-09	1.9874E-09	6.4721E-07	-4.0739E-06
-1.1823E-09	1.9794E-09	-1.8332E-06	-4.1751E-06
-1.1747E-09	1.9715E-09	6.8657E-07	-3.2882E-06
-1.1671E-09	1.9636E-09	-1.1445E-06	-5.9347E-06
-1.1596E-09	1.9557E-09	-1.6249E-06	-3.5033E-06
-1.1521E-09	1.9479E-09	-1.2275E-06	-4.6762E-06
-1.1446E-09	1.9401E-09	-2.0173E-06	-3.0397E-06
-1.1372E-09	1.9323E-09	-3.4977E-07	-3.3944E-06
-1.1299E-09	1.9246E-09	-9.4437E-07	-3.8439E-06
-1.1225E-09	1.9168E-09	-4.9546E-07	-3.7533E-06
-1.1152E-09	1.9092E-09	-5.6135E-07	-4.5633E-06
-1.1080E-09	1.9015E-09	-1.6937E-06	-4.8111E-06
-1.1008E-09	1.8938E-09	-1.9876E-06	-3.5646E-06
-1.0936E-09	1.8862E-09	-1.2190E-06	-3.6240E-06
-1.0865E-09	1.8787E-09	-1.3540E-06	-3.8019E-06
-1.0794E-09	1.8711E-09	-1.6363E-06	-4.0693E-06
-1.0724E-09	1.8636E-09	-2.0206E-06	-3.1598E-06
-1.0654E-09	1.8561E-09	-9.0573E-07	-3.4428E-06
-1.0584E-09	1.8486E-09	-1.9494E-06	-4.0726E-06
-1.0515E-09	1.8412E-09	-2.1399E-06	-3.0062E-06
-1.0446E-09	1.8338E-09	-1.3434E-06	-2.8027E-06
-1.0378E-09	1.8264E-09	-1.4059E-06	-4.0802E-06
-1.0310E-09	1.8190E-09	-3.6953E-06	-2.7588E-06
-1.0242E-09	1.8117E-09	-8.2702E-07	-3.1142E-07
-1.0175E-09	1.8044E-09	5.4213E-07	-3.5653E-06
-1.0108E-09	1.7971E-09	-1.6938E-06	-3.9781E-06
-1.0041E-09	1.7899E-09	-2.3079E-06	-2.9012E-06
-9.9752E-10	1.7826E-09	-1.6321E-06	-1.7454E-06
-9.9094E-10	1.7754E-09	-7.1933E-07	-2.1831E-06
-9.8440E-10	1.7683E-09	-3.2832E-07	-2.5746E-06
-9.7790E-10	1.7611E-09	-1.0610E-06	-3.8472E-06
-9.7144E-10	1.7540E-09	-2.3973E-06	-2.2011E-06
-9.6501E-10	1.7469E-09	-3.7399E-07	-1.1926E-06
-9.5862E-10	1.7399E-09	8.6495E-07	-3.2475E-06
-9.5227E-10	1.7328E-09	-1.9487E-06	-4.7617E-06
-9.4595E-10	1.7258E-09	-2.3252E-06	-8.9699E-07
-9.3967E-10	1.7188E-09	1.0467E-06	-2.8673E-06
-9.3342E-10	1.7119E-09	-2.2978E-06	-3.8952E-06
-9.2721E-10	1.7049E-09	-1.2805E-06	-1.4052E-06
-9.2104E-10	1.6980E-09	-5.2531E-07	-2.3954E-06
-9.1490E-10	1.6912E-09	-2.0985E-07	-2.4060E-06
-9.0880E-10	1.6843E-09	-5.0620E-07	-3.5372E-06
-9.0273E-10	1.6775E-09	-1.5708E-06	-2.9019E-06
-8.9669E-10	1.6707E-09	-6.7626E-07	-2.1742E-06
-8.9069E-10	1.6639E-09	-4.0478E-07	-3.5762E-06
-8.8473E-10	1.6571E-09	-2.0619E-06	-3.2112E-06
-8.7880E-10	1.6504E-09	-1.3866E-06	-2.2053E-06
-8.7290E-10	1.6437E-09	-1.3511E-06	-2.5923E-06
-8.6704E-10	1.6370E-09	-1.6743E-06	-2.4034E-06
-8.6121E-10	1.6304E-09	-1.7939E-06	-1.2035E-06
-8.5542E-10	1.6237E-09	4.2658E-07	-1.2898E-06
-8.4966E-10	1.6171E-09	-3.6874E-07	-3.4505E-06
-8.4393E-10	1.6106E-09	-1.6485E-06	-2.4593E-06
-8.3823E-10	1.6040E-09	-1.1562E-06	-1.6851E-06
-8.3257E-10	1.5975E-09	-3.7560E-07	-1.9176E-06
-8.2694E-10	1.5910E-09	-9.5077E-07	-2.3053E-06
-8.2134E-10	1.5845E-09	-3.5770E-07	-1.5724E-06
-8.1578E-10	1.5780E-09	-1.7819E-07	-2.8963E-06
-8.1025E-10	1.5716E-09	-1.5687E-06	-2.3407E-06
-8.0475E-10	1.5652E-09	-7.2903E-07	-1.0925E-06
-7.9928E-10	1.5588E-09	4.4814E-07	-1.7418E-06
-7.9384E-10	1.5524E-09	3.6178E-07	-2.7528E-06
-7.8843E-10	1.5461E-09	-5.6084E-07	-3.5353E-06
-7.8306E-10	1.5398E-09	-1.9425E-06	-2.2982E-06
-7.7772E-10	1.5335E-09	-5.2562E-07	-1.3043E-06
-7.7241E-10	1.5272E-09	-6.0080E-07	-1.8614E-06
-7.6713E-10	1.5210E-09	3.7705E-07	-1.1128E-06
-7.6188E-10	1.5148E-09	1.1536E-06	-2.8938E-06
-7.5666E-10	1.5086E-09	-3.2879E-07	-3.7951E-06
-7.5147E-10	1.5024E-09	-1.5661E-06	-2.6485E-06
-7.4631E-10	1.4962E-09	-2.9092E-07	-1.7316E-06
-7.4118E-10	1.4901E-09	-4.8859E-07	-2.7697E-06
-7.3608E-10	1.4840E-09	-6.2729E-07	-1.8310E-06
-7.3101E-10	1.4779E-09	6.2389E-08	-2.0385E-06
-7.2597E-10	1.4719E-09	8.6209E-07	-2.4349E-06
-7.2096E-10	1.4658E-09	2.6198E-08	-4.4748E-06
-7.1598E-10	1.4598E-09	-2.0783E-06	-3.2068E-06
-7.1103E-10	1.4538E-09	-1.1737E-06	-1.9483E-06
-7.0611E-10	1.4479E-09	-6.4684E-07	-2.3452E-06
-7.0121E-10	1.4419E-09	-1.1957E-06	-2.2937E-06
-6.9635E-10	1.4360E-09	-3.5871E-07	-1.5423E-06
-6.9151E-10	1.4301E-09	-1.6666E-07	-2.8108E-06
-6.8670E-10	1.4242E-09	-9.1211E-07	-2.3645E-06
-6.8192E-10	1.4183E-09	-7.3410E-07	-2.3122E-06
-6.7717E-10	1.4125E-09	-5.2661E-07	-1.9978E-06
-6.7245E-10	1.4067E-09	-7.3038E-07	-2.5301E-06
-6.6775E-10	1.4009E-09	-4.3849E-07	-1.4095E-06
-6.6309E-10	1.3951E-09	3.5588E-07	-3.1294E-06
-6.5844E-10	1.3894E-09	-1.6081E-06	-2.5320E-06
-6.5383E-10	1.3837E-09	-3.6473E-07	-1.5738E-06
-6.4925E-10	1.3780E-09	1.1417E-07	-2.3000E-06
-6.4469E-10	1.3723E-09	-4.4685E-07	-3.3616E-06
-6.4015E-10	1.3666E-09	-1.5552E-06	-2.0752E-06
-6.3565E-10	1.3610E-09	-2.2584E-07	-2.2253E-06
-6.3117E-10	1.3553E-09	-1.2501E-06	-2.0027E-06
-6.2672E-10	1.3498E-09	4.8238E-07	-1.9253E-06
-6.2229E-10	1.3442E-09	-8.5822E-07	-3.2746E-06
-6.1789E-10	1.3386E-09	-5.8335E-07	-2.2312E-06
-6.1352E-10	1.3331E-09	-1.3351E-06	-3.4267E-06
-6.0917E-10	1.3276E-09	-2.3466E-06	-1.4195E-06
-6.0485E-10	1.3221E-09	-4.2801E-07	-5.8388E-07
-6.0055E-10	1.3166E-09	7.0101E-07	-2.1007E-06
-5.9628E-10	1.3111E-09	-8.6967E-07	-3.3196E-06
-5.9204E-10	1.3057E-09	-1.6094E-06	-1.6507E-06
-5.8782E-10	1.3003E-09	-1.4743E-07	-1.5077E-06
-5.8363E-10	1.2949E-09	-4.0724E-07	-2.7886E-06
-5.7946E-10	1.2895E-09	-1.5840E-06	-2.1393E-06
-5.7531E-10	1.2842E-09	-5.8817E-07	-1.5559E-06
-5.7119E-10	1.2789E-09	-1.1810E-06	-2.4628E-06
-5.6710E-10	1.2735E-09	-1.4965E-06	-9.6421E-07
-5.6303E-10	1.2683E-09	-5.5362E-08	-1.3216E-06
-5.5898E-10	1.2630E-09	-8.2297E-07	-2.0965E-06
-5.5496E-10	1.2577E-09	-1.1223E-06	-1.2787E-06
-5.5096E-10	1.2525E-09	-7.0841E-07	-9.2090E-07
-5.4699E-10	1.2473E-09	1.0879E-07	-6.5031E-07
-5.4304E-10	1.2421E-09	5.8554E-07	-2.0027E-06
-5.3911E-10	1.2369E-09	-9.0296E-07	-1.6571E-06
-5.3521E-10	1.2318E-09	5.7435E-07	-6.9954E-07
-5.3133E-10	1.2266E-09	8.6698E-07	-2.2833E-06
-5.2747E-10	1.2215E-09	3.2718E-07	-2.7293E-06
-5.2364E-10	1.2164E-09	-1.1326E-06	-3.0727E-06
-5.1983E-10	1.2114E-09	-1.3420E-06	-9.2382E-07
-5.1604E-10	1.2063E-09	2.6818E-07	-1.1169E-06
-5.1228E-10	1.2013E-09	4.1510E-07	-1.6020E-06
-5.0854E-10	1.1963E-09	3.6496E-07	-2.4399E-06
-5.0482E-10	1.1913E-09	-3.3385E-07	-2.0089E-06
-5.0112E-10	1.1863E-09	2.0124E-07	-2.3742E-06
-4.9745E-10	1.1813E-09	-9.1858E-07	-2.0973E-06
-4.9380E-10	1.1764E-09	2.9682E-07	-1.3866E-06
-4.9017E-10	1.1715E-09	1.0269E-07	-2.4762E-06
-4.8656E-10	1.1666E-09	2.1920E-07	-2.1132E-06
-4.8298E-10	1.1617E-09	-1.7474E-07	-3.2676E-06
-4.7941E-10	1.1568E-09	-1.1174E-06	-2.1683E-06
-4.7587E-10	1.1520E-09	-1.9229E-07	-2.4127E-06
-4.7235E-10	1.1471E-09	-1.3691E-06	-2.5340E-06
-4.6885E-10	1.1423E-09	-8.6692E-07	-1.4667E-06
-4.6538E-10	1.1375E-09	-5.8555E-07	-2.0878E-06
-4.6192E-10	1.1328E-09	-1.1605E-06	-1.7446E-06
-4.5848E-10	1.1280E-09	-6.4981E-07	-1.0677E-06
-4.5507E-10	1.1233E-09	1.4833E-07	-1.6200E-06
-4.5168E-10	1.1185E-09	-6.0799E-07	-2.3170E-06
-4.4831E-10	1.1138E-09	-9.8647E-07	-1.3218E-06
-4.4495E-10	1.1092E-09	-1.3767E-08	-1.3618E-06
-4.4162E-10	1.1045E-09	-5.1103E-07	-1.9369E-06
-4.3831E-10	1.0998E-09	-5.3587E-07	-1.0988E-06
-4.3502E-10	1.0952E-09	2.9934E-07	-1.2557E-06
-4.3175E-10	1.0906E-09	7.3169E-07	-1.8342E-06
-4.2850E-10	1.0860E-09	2.8394E-07	-3.2813E-06
-4.2527E-10	1.0814E-09	-1.6382E-06	-2.8529E-06
-4.2206E-10	1.0769E-09	-1.6372E-06	-1.3986E-06
-4.1887E-10	1.0723E-09	-7.7848E-07	-5.9573E-07
-4.1570E-10	1.0678E-09	1.0592E-07	-1.5985E-06
-4.1255E-10	1.0633E-09	-1.2912E-06	-1.1238E-06
-4.0942E-10	1.0588E-09	8.1561E-07	-1.8185E-07
-4.0630E-10	1.0543E-09	6.6162E-07	-2.3290E-06
-4.0321E-10	1.0499E-09	1.4677E-08	-1.8166E-06
-4.0014E-10	1.0455E-09	-1.7442E-07	-2.2125E-06
-3.9708E-10	1.0410E-09	-1.0401E-07	-1.6215E-06
-3.9405E-10	1.0366E-09	-2.0429E-07	-2.3407E-06
-3.9103E-10	1.0322E-09	-3.3666E-07	-1.6813E-06
-3.8803E-10	1.0279E-09	-5.4747E-07	-2.5512E-06
-3.8505E-10	1.0235E-09	-1.1517E-06	-9.1611E-07
-3.8209E-10	1.0192E-09	6.6512E-07	-1.6161E-06
-3.7915E-10	1.0149E-09	-5.8773E-07	-2.4077E-06
-3.7622E-10	1.0106E-09	-7.5178E-07	-1.9111E-06
-3.7332E-10	1.0063E-09	-9.8717E-07	-1.5068E-06
-3.7043E-10	1.0020E-09	-6.7039E-07	-1.4847E-06
-3.6756E-10	9.9774E-10	-1.0261E-06	-9.1804E-07
-3.6471E-10	9.9351E-10	-9.4929E-08	-8.9916E-07
-3.6187E-10	9.8929E-10	-6.7032E-07	-7.0846E-07
-3.5906E-10	9.8508E-10	1.0711E-06	3.7931E-10
-3.5626E-10	9.8089E-10	1.7829E-06	-2.1937E-06
-3.5348E-10	9.7672E-10	1.1948E-07	-3.2528E-06
-3.5071E-10	9.7257E-10	-9.9920E-07	-1.9930E-06
-3.4797E-10	9.6843E-10	2.0986E-07	-1.8029E-06
-3.4524E-10	9.6430E-10	-6.1708E-07	-2.7615E-06
-3.4252E-10	9.6020E-10	-1.1777E-06	-2.3866E-06
-3.3983E-10	9.5610E-10	-2.5017E-06	-1.8990E-06
-3.3715E-10	9.5203E-10	-2.1597E-06	4.5351E-07
-3.3449E-10	9.4797E-10	-2.9553E-07	1.1767E-06
-3.3185E-10	9.4392E-10	1.9002E-06	-7.1152E-08
-3.2922E-10	9.3989E-10	5.5112E-08	-2.3953E-06
-3.2661E-10	9.3588E-10	-5.3512E-07	4.2504E-07
-3.2401E-10	9.3188E-10	1.9241E-06	-8.0963E-07
-3.2144E-10	9.2790E-10	5.4995E-07	-1.5531E-06
-3.1887E-10	9.2394E-10	1.2729E-06	-1.1836E-06
-3.1633E-10	9.1998E-10	1.2581E-06	-2.2092E-06
-3.1380E-10	9.1605E-10	4.2563E-07	-2.7071E-06
-3.1129E-10	9.1213E-10	-8.8694E-08	-1.8273E-06
-3.0879E-10	9.0822E-10	7.2484E-07	-2.4456E-06
-3.0631E-10	9.0433E-10	-9.3406E-07	-2.5608E-06
-3.0384E-10	9.0046E-10	-2.1885E-07	-1.3081E-06
-3.0139E-10	8.9660E-10	-3.8192E-07	-2.0489E-06
-2.9896E-10	8.9276E-10	-3.1749E-07	-9.9322E-07
-2.9654E-10	8.8893E-10	4.8958E-07	-1.8066E-06
-2.9414E-10	8.8511E-10	-4.0284E-07	-1.9553E-06
-2.9175E-10	8.8131E-10	-2.6095E-07	-1.4430E-06
-2.8938E-10	8.7753E-10	-1.3097E-07	-1.5306E-06
-2.8702E-10	8.7376E-10	-1.4520E-07	-1.4622E-06
-2.8468E-10	8.7000E-10	-9.0643E-08	-1.4683E-06
-2.8235E-10	8.6626E-10	-3.4897E-08	-1.3878E-06
-2.8004E-10	8.6254E-10	-1.2845E-07	-1.7151E-06
-2.7775E-10	8.5883E-10	-7.3288E-07	-7.1888E-07
-2.7546E-10	8.5513E-10	1.4340E-06	-3.8999E-07
-2.7320E-10	8.5145E-10	9.0990E-07	-2.7679E-06
-2.7094E-10	8.4778E-10	-2.5228E-07	-1.7416E-06
-2.6871E-10	8.4413E-10	1.7263E-07	-2.0295E-06
-2.6648E-10	8.4049E-10	-3.4483E-07	-1.3898E-06
-2.6427E-10	8.3686E-10	5.0328E-07	-1.6056E-06
-2.6208E-10	8.3325E-10	1.7161E-07	-1.6356E-06
-2.5990E-10	8.2966E-10	7.6587E-07	-2.3588E-06
-2.5773E-10	8.2608E-10	-8.3017E-07	-2.5185E-06
-2.5558E-10	8.2251E-10	-1.2073E-07	-1.5721E-06
-2.5344E-10	8.1895E-10	-7.8367E-07	-2.5267E-06
-2.5132E-10	8.1541E-10	-1.3492E-06	-9.4903E-07
-2.4920E-10	8.1189E-10	-1.4869E-07	-6.0904E-07
-2.4711E-10	8.0838E-10	4.4101E-07	-1.0495E-06
-2.4502E-10	8.0488E-10	1.9364E-07	-1.8700E-06
-2.4295E-10	8.0139E-10	-3.7779E-07	-1.3233E-06
-2.4090E-10	7.9792E-10	3.0207E-07	-1.3241E-06
-2.3886E-10	7.9447E-10	-5.2946E-08	-1.5892E-06
-2.3683E-10	7.9102E-10	4.2935E-07	-1.5700E-06
-2.3481E-10	7.8759E-10	-5.7542E-07	-2.4133E-06
-2.3281E-10	7.8418E-10	-6.7640E-07	-5.1673E-07
-2.3082E-10	7.8078E-10	7.5848E-07	-1.9902E-06
-2.2884E-10	7.7739E-10	-1.5459E-06	-1.4462E-06
-2.2688E-10	7.7401E-10	8.1234E-07	-3.7226E-07
-2.2493E-10	7.7065E-10	-4.9479E-07	-2.4880E-06
-2.2299E-10	7.6730E-10	-6.7521E-07	-1.5458E-07
-2.2106E-10	7.6397E-10	2.8607E-07	-1.2257E-06
-2.1915E-10	7.6064E-10	-3.4988E-08	-2.3856E-07
-2.1725E-10	7.5733E-10	1.2361E-06	-1.2379E-06
-2.1537E-10	7.5404E-10	3.3502E-07	-1.3872E-06
-2.1349E-10	7.5076E-10	7.1059E-07	-1.6980E-06
-2.1163E-10	7.4749E-10	-2.2659E-08	-1.3178E-06
-2.0978E-10	7.4423E-10	1.0559E-06	-1.4581E-06
-2.0794E-10	7.4099E-10	2.6771E-07	-2.1708E-06
-2.0612E-10	7.3776E-10	2.4018E-07	-2.0405E-06
-2.0430E-10	7.3454E-10	-7.3566E-07	-2.0415E-06
-2.0250E-10	7.3133E-10	-4.5748E-07	-6.9325E-07
-2.0071E-10	7.2814E-10	7.4305E-07	-8.2562E-07
-1.9894E-10	7.2496E-10	8.6949E-07	-2.0376E-06
-1.9717E-10	7.2179E-10	-1.4710E-07	-1.9095E-06
-1.9542E-10	7.1864E-10	3.0180E-07	-1.8691E-06
-1.9368E-10	7.1550E-10	-5.9253E-07	-1.9219E-06
-1.9195E-10	7.1237E-10	-5.7215E-08	-1.4442E-06
-1.9023E-10	7.0925E-10	-8.8990E-07	-1.5868E-06
-1.8852E-10	7.0615E-10	-3.2311E-09	-3.9243E-07
-1.8683E-10	7.0306E-10	1.6051E-07	-1.2775E-06
-1.8514E-10	6.9998E-10	6.4327E-07	-6.3353E-07
-1.8347E-10	6.9691E-10	8.5261E-07	-2.0910E-06
-1.8181E-10	6.9386E-10	3.9740E-08	-1.7643E-06
-1.8016E-10	6.9081E-10	-1.8000E-07	-2.1001E-06
-1.7852E-10	6.8778E-10	-6.7465E-07	-1.1220E-06
-1.7689E-10	6.8477E-10	-1.0216E-07	-9.5597E-07
-1.7528E-10	6.8176E-10	5.7788E-07	-5.2337E-07
-1.7367E-10	6.7877E-10	1.0750E-06	-2.1926E-06
-1.7208E-10	6.7579E-10	-5.4663E-07	-1.9784E-06
-1.7049E-10	6.7282E-10	-3.9057E-07	-1.4759E-06
-1.6892E-10	6.6986E-10	-5.1811E-07	-6.5633E-07
-1.6736E-10	6.6691E-10	5.7228E-07	-9.9502E-07
-1.6580E-10	6.6398E-10	-1.1426E-07	-9.7962E-07
-1.6426E-10	6.6106E-10	8.9233E-07	-9.9836E-07
-1.6273E-10	6.5815E-10	-1.1174E-07	-1.4915E-06
-1.6121E-10	6.5525E-10	7.0217E-07	-3.7442E-07
-1.5970E-10	6.5236E-10	1.0901E-06	-1.6537E-06
-1.5820E-10	6.4949E-10	6.4978E-07	-1.2808E-06
-1.5671E-10	6.4662E-10	1.2205E-06	-2.1644E-06
-1.5523E-10	6.4377E-10	-4.8529E-07	-2.1274E-06
-1.5377E-10	6.4093E-10	7.4081E-07	-6.8585E-07
-1.5231E-10	6.3810E-10	9.3442E-07	-2.6706E-06
-1.5086E-10	6.3528E-10	-4.7119E-07	-1.6635E-06
-1.4942E-10	6.3248E-10	6.3166E-07	-1.4632E-06
-1.4799E-10	6.2968E-10	6.5762E-07	-1.9576E-06
-1.4657E-10	6.2690E-10	1.2420E-07	-2.9392E-06
-1.4516E-10	6.2413E-10	-1.2890E-06	-1.6793E-06
-1.4376E-10	6.2137E-10	-8.2697E-08	-9.0940E-07
-1.4237E-10	6.1862E-10	5.6640E-07	-9.6155E-07
-1.4099E-10	6.1588E-10	9.9008E-07	-2.8252E-06
-1.3962E-10	6.1315E-10	-1.5722E-06	-2.0732E-06
-1.3826E-10	6.1044E-10	2.0846E-07	-9.5512E-07
-1.3691E-10	6.0773E-10	-6.8243E-07	-1.7983E-06
-1.3557E-10	6.0504E-10	1.0355E-07	-8.6426E-07
-1.3424E-10	6.0235E-10	-4.4086E-07	-1.5211E-06
-1.3291E-10	5.9968E-10	5.2419E-07	-4.5770E-07
-1.3160E-10	5.9702E-10	6.5171E-07	-2.1247E-06
-1.3029E-10	5.9437E-10	-6.4582E-08	-1.6559E-06
-1.2900E-10	5.9173E-10	-4.8290E-08	-1.9371E-06
-1.2771E-10	5.8910E-10	-3.9370E-07	-1.6960E-06
-1.2643E-10	5.8648E-10	-6.4369E-07	-1.5076E-06
-1.2516E-10	5.8387E-10	-4.6308E-07	-1.0045E-06
-1.2390E-10	5.8128E-10	-2.1652E-07	-7.4015E-07
-1.2265E-10	5.7869E-10	6.1362E-07	-1.2631E-06
-1.2141E-10	5.7612E-10	-7.6136E-07	-1.4679E-06
-1.2018E-10	5.7355E-10	7.0402E-07	-9.6467E-08
-1.1895E-10	5.7100E-10	1.0216E-06	-2.3810E-06
-1.1774E-10	5.6845E-10	-5.9008E-07	-2.3742E-06
-1.1653E-10	5.6592E-10	-1.6027E-06	-1.2852E-06
-1.1533E-10	5.6340E-10	-2.1360E-08	1.1250E-07
-1.1414E-10	5.6088E-10	-9.5055E-08	-1.3221E-06
-1.1296E-10	5.5838E-10	4.6991E-07	5.3301E-08
-1.1179E-10	5.5589E-10	7.4756E-07	-2.5115E-06
-1.1062E-10	5.5341E-10	-1.3766E-06	-6.1719E-07
-1.0947E-10	5.5093E-10	6.9091E-07	-7.4374E-07
-1.0832E-10	5.4847E-10	-8.3562E-07	-6.4031E-07
-1.0718E-10	5.4602E-10	1.2272E-06	5.0383E-07
-1.0605E-10	5.4358E-10	1.5687E-06	-1.6231E-06
-1.0492E-10	5.4115E-10	4.3006E-07	-1.7490E-06
-1.0381E-10	5.3873E-10	4.2070E-07	-1.2946E-06
-1.0270E-10	5.3632E-10	7.0880E-07	-1.8340E-06
-1.0160E-10	5.3391E-10	-4.8051E-07	-2.1322E-06
-1.0051E-10	5.3152E-10	-7.4051E-07	-6.5643E-07
-9.9422E-11	5.2914E-10	5.2790E-07	-8.0695E-07
-9.8346E-11	5.2677E-10	-5.3649E-07	-1.3214E-06
-9.7277E-11	5.2441E-10	-2.0179E-08	4.5202E-07
-9.6217E-11	5.2206E-10	1.4111E-06	-4.9603E-07
-9.5164E-11	5.1971E-10	1.1389E-06	-9.3192E-07
-9.4118E-11	5.1738E-10	1.0553E-06	-1.5923E-06
-9.3080E-11	5.1506E-10	4.0979E-07	-7.6794E-07
-9.2050E-11	5.1274E-10	2.2489E-06	-9.5986E-07
-9.1028E-11	5.1044E-10	1.4171E-06	-3.2979E-06
-9.0012E-11	5.0815E-10	-8.3814E-07	-2.1581E-06
-8.9004E-11	5.0586E-10	1.0114E-06	-5.4679E-07
-8.8004E-11	5.0359E-10	1.3049E-06	-3.3388E-06
-8.7011E-11	5.0132E-10	-1.2777E-06	-2.1491E-06
-8.6025E-11	4.9906E-10	3.6813E-07	-1.5502E-06
-8.5046E-11	4.9682E-10	-1.3340E-06	-2.0399E-06
-8.4075E-11	4.9458E-10	-5.0170E-08	1.3477E-07
-8.3110E-11	4.9235E-10	3.3582E-07	-1.7415E-06
-8.2153E-11	4.9013E-10	-1.4422E-07	3.9226E-08
-8.1203E-11	4.8792E-10	1.8286E-06	-1.6867E-06
-8.0260E-11	4.8572E-10	-7.1212E-07	-1.5402E-06
-7.9324E-11	4.8353E-10	1.6865E-06	-4.8019E-07
-7.8394E-11	4.8135E-10	5.6677E-07	-2.9600E-06
-7.7472E-11	4.7917E-10	-9.0801E-08	-1.2641E-06
-7.6557E-11	4.7701E-10	4.3421E-07	-2.0397E-06
-7.5648E-11	4.7486E-10	-2.0954E-07	-1.6326E-06
-7.4746E-11	4.7271E-10	-2.6732E-07	-1.5673E-06
-7.3851E-11	4.7057E-10	-1.3096E-07	-6.9615E-07
-7.2962E-11	4.6844E-10	7.7004E-07	-9.0207E-07
-7.2080E-11	4.6632E-10	1.2347E-06	-1.5840E-06
-7.1205E-11	4.6421E-10	3.2191E-07	-2.5530E-06
-7.0336E-11	4.6211E-10	4.5970E-08	-1.6971E-06
-6.9474E-11	4.6002E-10	-1.3460E-07	-2.5112E-06
-6.8618E-11	4.5794E-10	-1.1304E-06	-1.3560E-06
-6.7769E-11	4.5586E-10	-2.3364E-07	-7.2320E-07
-6.6926E-11	4.5379E-10	5.0262E-07	-9.1130E-07
-6.6089E-11	4.5174E-10	2.0248E-07	-1.7647E-06
-6.5259E-11	4.4969E-10	7.1760E-08	-1.1484E-06
-6.4435E-11	4.4765E-10	3.9957E-08	-1.6362E-06
-6.3617E-11	4.4561E-10	3.9795E-07	-8.9472E-07
-6.2805E-11	4.4359E-10	3.2454E-07	-2.4678E-06
-6.2000E-11	4.4158E-10	-6.2397E-07	-1.0105E-06
-6.1201E-11	4.3957E-10	4.9247E-07	-1.9625E-06
-6.0407E-11	4.3757E-10	-8.3046E-07	-1.4834E-06
-5.9620E-11	4.3558E-10	-3.3517E-07	-1.7882E-06
-5.8839E-11	4.3360E-10	-1.5617E-06	-2.6959E-07
-5.8064E-11	4.3163E-10	1.1100E-06	-2.3281E-07
-5.7294E-11	4.2966E-10	-1.2043E-07	-1.6214E-06
-5.6531E-11	4.2771E-10	1.3280E-07	-8.6860E-07
-5.5774E-11	4.2576E-10	-9.9767E-08	-1.1441E-06
-5.5022E-11	4.2382E-10	5.4709E-08	-1.0843E-06
-5.4276E-11	4.2189E-10	-3.7434E-07	-4.8190E-07
-5.3536E-11	4.1996E-10	1.1839E-06	-6.9894E-07
-5.2801E-11	4.1805E-10	-5.1731E-08	-1.7405E-06
-5.2073E-11	4.1614E-10	2.1578E-07	-6.8335E-07
-5.1349E-11	4.1424E-10	2.5971E-07	-1.3487E-06
-5.0632E-11	4.1235E-10	-4.9994E-09	-9.8058E-07
-4.9920E-11	4.1047E-10	6.3657E-08	-7.3356E-07
-4.9213E-11	4.0859E-10	6.4804E-07	-5.5865E-07
-4.8512E-11	4.0673E-10	1.0529E-06	-1.2109E-06
-4.7817E-11	4.0487E-10	1.9074E-07	-1.9822E-06
-4.7127E-11	4.0302E-10	-1.5601E-07	-4.7083E-07
-4.6442E-11	4.0117E-10	1.1170E-06	-1.7269E-06
-4.5763E-11	3.9934E-10	-1.1053E-06	-9.8280E-07
-4.5089E-11	3.9751E-10	1.4461E-06	-1.3667E-07
-4.4420E-11	3.9569E-10	3.2467E-08	-1.7991E-06
-4.3757E-11	3.9388E-10	8.3743E-07	-4.4947E-08
-4.3099E-11	3.9207E-10	1.1459E-06	-1.4273E-06
-4.2446E-11	3.9028E-10	1.7074E-06	-1.2905E-06
-4.1798E-11	3.8849E-10	2.9315E-07	-3.1897E-06
-4.1155E-11	3.8671E-10	-1.9828E-07	-4.2092E-07
-4.0518E-11	3.8493E-10	1.8577E-06	-2.3175E-06
-3.9885E-11	3.8317E-10	-6.2862E-07	-2.5008E-06
-3.9258E-11	3.8141E-10	4.4125E-07	-1.4128E-06
-3.8635E-11	3.7966E-10	-8.4615E-08	-2.7891E-06
-3.8018E-11	3.7791E-10	-1.3314E-06	-1.5471E-06
-3.7405E-11	3.7618E-10	-1.0975E-07	-8.2455E-07
-3.6797E-11	3.7445E-10	-2.8933E-07	-1.7270E-06
-3.6194E-11	3.7273E-10	-8.3512E-07	-8.9617E-07
-3.5596E-11	3.7101E-10	-1.0351E-07	-6.1388E-07
-3.5003E-11	3.6930E-10	-9.5076E-08	-7.7249E-07
-3.4415E-11	3.6760E-10	2.9489E-07	-4.1800E-07
-3.3831E-11	3.6591E-10	7.5140E-07	-1.0535E-06
-3.3252E-11	3.6423E-10	4.5107E-07	-1.1537E-06
-3.2678E-11	3.6255E-10	4.4379E-07	-1.6714E-06
-3.2108E-11	3.6088E-10	-3.1419E-07	-8.3599E-07
-3.1543E-11	3.5922E-10	1.2965E-06	-1.2962E-06
-3.0983E-11	3.5756E-10	-7.2680E-07	-2.0305E-06
-3.0427E-11	3.5591E-10	5.8320E-07	-2.4171E-07
-2.9875E-11	3.5427E-10	3.1051E-07	-2.3090E-06
-2.9329E-11	3.5263E-10	-2.1345E-07	-6.4029E-07
-2.8786E-11	3.5101E-10	6.2221E-07	-1.9774E-06
-2.8248E-11	3.4938E-10	-7.2541E-07	-1.2331E-06
-2.7715E-11	3.4777E-10	2.0132E-07	-1.2536E-06
-2.7186E-11	3.4616E-10	-6.3648E-07	-1.0695E-06
-2.6661E-11	3.4456E-10	4.1284E-07	-6.3682E-07
-2.6141E-11	3.4297E-10	-2.5563E-08	-1.7176E-06
-2.5625E-11	3.4138E-10	-6.8039E-07	-5.6401E-07
-2.5113E-11	3.3981E-10	8.5152E-07	-8.1544E-07
-2.4605E-11	3.3823E-10	-8.9073E-07	-2.0179E-06
-2.4102E-11	3.3667E-10	-8.6609E-07	8.4771E-07
-2.3603E-11	3.3511E-10	1.5008E-06	-6.3262E-07
-2.3108E-11	3.3356E-10	-7.8957E-07	-1.0856E-06
-2.2617E-11	3.3201E-10	5.4189E-07	1.2859E-06
-2.2130E-11	3.3047E-10	2.6245E-06	-5.8327E-07
-2.1647E-11	3.2894E-10	1.3414E-06	-2.0656E-06
-2.1169E-11	3.2741E-10	6.5107E-07	-1.7362E-06
-2.0694E-11	3.2589E-10	4.7773E-07	-1.4557E-06
-2.0224E-11	3.2438E-10	9.0572E-07	-1.7705E-06
-1.9757E-11	3.2288E-10	-5.4308E-07	-2.1390E-06
-1.9294E-11	3.2138E-10	-1.7616E-07	-3.6750E-08
-1.8836E-11	3.1988E-10	1.6035E-06	-9.8739E-07
-1.8381E-11	3.1840E-10	1.0317E-06	-2.3352E-06
-1.7930E-11	3.1692E-10	-5.5171E-07	-2.3688E-06
-1.7483E-11	3.1544E-10	-2.1304E-07	-5.7894E-07
-1.7039E-11	3.1398E-10	7.4878E-07	-1.9669E-06
-1.6600E-11	3.1252E-10	-1.0680E-06	-1.5798E-06
-1.6164E-11	3.1106E-10	-1.7398E-07	-2.4482E-07
-1.5732E-11	3.0961E-10	5.5272E-07	-5.8601E-07
-1.5304E-11	3.0817E-10	9.2736E-07	-9.0158E-07
-1.4879E-11	3.0674E-10	1.0632E-06	-1.7507E-06
-1.4458E-11	3.0531E-10	-2.6478E-07	-2.0455E-06
-1.4041E-11	3.0388E-10	1.1538E-07	-4.6427E-07
-1.3628E-11	3.0247E-10	1.2297E-06	-1.7471E-06
-1.3218E-11	3.0106E-10	-7.2228E-09	-2.0750E-06
-1.2811E-11	2.9965E-10	-4.5814E-08	-1.7075E-06
-1.2408E-11	2.9825E-10	-2.2063E-07	-1.6573E-06
-1.2009E-11	2.9686E-10	-5.3453E-07	-1.3981E-06
-1.1613E-11	2.9548E-10	2.5306E-07	-8.1717E-07
-1.1220E-11	2.9410E-10	7.9703E-08	-2.4916E-06
-1.0831E-11	2.9272E-10	-1.7122E-06	-1.2570E-06
-1.0446E-11	2.9135E-10	-7.2294E-07	-1.2043E-07
-1.0064E-11	2.8999E-10	1.9756E-07	1.0606E-07
-9.6850E-12	2.8864E-10	6.2458E-07	-9.8866E-07
-9.3096E-12	2.8729E-10	4.5022E-07	-4.8034E-07
-8.9375E-12	2.8594E-10	7.8579E-07	-2.1451E-06
-8.5688E-12	2.8460E-10	-1.1464E-06	-5.4523E-07
-8.2034E-12	2.8327E-10	1.6116E-06	-8.1336E-07
-7.8412E-12	2.8195E-10	-5.6172E-07	-2.2598E-06
-7.4823E-12	2.8062E-10	-3.7382E-07	-9.8210E-07
-7.1266E-12	2.7931E-10	-1.2308E-06	-5.7491E-07
-6.7741E-12	2.7800E-10	7.5124E-07	6.8412E-07
-6.4247E-12	2.7670E-10	9.7074E-07	-9.7679E-07
-6.0786E-12	2.7540E-10	1.2408E-06	-1.2409E-06
-5.7356E-12	2.7411E-10	-3.8919E-07	-2.3038E-06
-5.3957E-12	2.7282E-10	-5.3859E-07	-1.7510E-07
-5.0589E-12	2.7154E-10	6.2327E-07	-5.0185E-07
-4.7252E-12	2.7027E-10	1.1135E-06	-1.0692E-06
-4.3945E-12	2.6900E-10	-7.6897E-09	-1.9888E-06
-4.0668E-12	2.6773E-10	-4.8231E-08	-7.7194E-07
-3.7422E-12	2.6647E-10	-1.5591E-07	-1.4846E-06
-3.4206E-12	2.6522E-10	-4.2743E-07	-2.1304E-08
-3.1019E-12	2.6397E-10	1.1964E-06	-3.1419E-07
-2.7862E-12	2.6273E-10	1.1732E-06	-1.8204E-06
-2.4734E-12	2.6150E-10	-1.0567E-06	-1.8858E-06
-2.1635E-12	2.6027E-10	1.4009E-08	1.1553E-06
-1.8566E-12	2.5904E-10	2.7238E-06	-1.2699E-06
-1.5524E-12	2.5782E-10	2.6582E-07	-2.8393E-06
-1.2512E-12	2.5661E-10	-4.1333E-07	-1.4097E-06
-9.5274E-13	2.5540E-10	2.7493E-07	-1.3206E-06
-6.5711E-13	2.5419E-10	-3.8346E-07	-1.9148E-06
-3.6427E-13	2.5299E-10	-9.4675E-07	-6.8997E-07
-7.4208E-14	2.5180E-10	7.6729E-08	-2.7011E-07
2.1311E-13	2.5061E-10	4.9879E-07	-6.5689E-07
4.9769E-13	2.4943E-10	4.6520E-07	-1.1639E-06
7.7956E-13	2.4825E-10	-9.8067E-08	-1.2039E-06
1.0587E-12	2.4708E-10	-2.5974E-07	-3.1529E-07
1.3352E-12	2.4592E-10	1.1930E-06	-2.0988E-07
1.6091E-12	2.4475E-10	7.7355E-07	-1.5593E-06
1.8803E-12	2.4360E-10	8.0375E-07	-6.0773E-07
2.1489E-12	2.4245E-10	1.6437E-06	-2.4180E-06
2.4148E-12	2.4130E-10	-8.9485E-07	-2.5826E-06
2.6782E-12	2.4016E-10	-3.0877E-07	-7.2898E-07
2.9391E-12	2.3902E-10	2.2312E-07	-1.9092E-06
3.1974E-12	2.3789E-10	-1.1763E-06	-1.3395E-06
3.4531E-12	2.3676E-10	-2.4312E-07	-4.3997E-07
3.7064E-12	2.3564E-10	-2.6185E-07	-8.5897E-07
3.9571E-12	2.3453E-10	7.5394E-08	-5.0556E-07
4.2054E-12	2.3342E-10	-6.4130E-08	-7.2915E-07
4.4512E-12	2.3231E-10	8.2999E-07	-3.6511E-07
4.6946E-12	2.3121E-10	4.5162E-07	-2.0784E-06
4.9355E-12	2.3011E-10	-7.9191E-07	-9.9407E-07
5.1741E-12	2.2902E-10	-2.0370E-07	-8.0248E-07
5.4103E-12	2.2793E-10	-4.8875E-07	-2.8408E-07
5.6440E-12	2.2685E-10	3.2564E-07	4.1486E-08
5.8755E-12	2.2578E-10	1.0777E-06	-1.6045E-07
6.1046E-12	2.2470E-10	1.2964E-06	-1.6231E-06
6.3314E-12	2.2364E-10	-3.9177E-07	-1.5808E-06
6.5558E-12	2.2257E-10	5.4884E-08	-2.3187E-07
6.7780E-12	2.2152E-10	1.0640E-06	-7.5541E-07
6.9979E-12	2.2046E-10	7.3078E-07	-1.6321E-06
7.2156E-12	2.1942E-10	-8.6482E-08	-1.5139E-06
7.4310E-12	2.1837E-10	2.0560E-07	-6.4030E-07
7.6442E-12	2.1733E-10	1.0815E-06	-1.9009E-06
7.8552E-12	2.1630E-10	-1.4241E-06	-2.0919E-06
8.0640E-12	2.1527E-10	-2.3506E-07	5.4535E-07
8.2706E-12	2.1424E-10	1.0125E-06	-1.5455E-06
8.4750E-12	2.1322E-10	-7.3166E-07	-1.3206E-06
8.6773E-12	2.1221E-10	-2.3613E-07	-2.9868E-07
8.8775E-12	2.1120E-10	6.9146E-07	-4.5207E-07
9.0756E-12	2.1019E-10	5.4327E-07	-1.3870E-06
9.2716E-12	2.0919E-10	2.2252E-07	-1.4344E-06
9.4655E-12	2.0819E-10	-7.9905E-07	-1.4595E-06
9.6573E-12	2.0720E-10	1.5363E-07	7.8115E-08
9.8471E-12	2.0621E-10	4.9686E-07	-2.1483E-06
1.0035E-11	2.0522E-10	-1.6342E-06	-9.5144E-07
1.0221E-11	2.0424E-10	-7.4081E-07	3.0878E-07
1.0404E-11	2.0327E-10	6.4952E-07	8.8861E-07
1.0586E-11	2.0230E-10	1.3386E-06	-1.2016E-06
1.0766E-11	2.0133E-10	2.4454E-08	-5.5189E-07
1.0943E-11	2.0037E-10	9.8450E-07	-1.2797E-06
1.1119E-11	1.9941E-10	-4.5286E-07	-8.5118E-07
1.1293E-11	1.9846E-10	7.6555E-07	-7.6338E-07
1.1465E-11	1.9751E-10	-8.8105E-08	-9.1518E-07
1.1635E-11	1.9656E-10	9.1236E-07	-1.2033E-06
1.1803E-11	1.9562E-10	-1.0292E-06	-1.9933E-06
1.1970E-11	1.9468E-10	-1.5355E-06	2.7303E-07
1.2134E-11	1.9375E-10	4.3923E-07	1.7328E-06
1.2297E-11	1.9282E-10	2.8386E-06	-6.3382E-07
1.2457E-11	1.9190E-10	2.9323E-08	-2.3657E-06
1.2616E-11	1.9098E-10	-2.0305E-07	-1.1449E-07
1.2773E-11	1.9006E-10	1.2160E-06	-7.2950E-07
1.2929E-11	1.8915E-10	5.1004E-08	-2.1091E-06
1.3082E-11	1.8825E-10	-1.3810E-06	1.5189E-07
1.3234E-11	1.8734E-10	1.5632E-06	6.9999E-07
1.3384E-11	1.8644E-10	1.1510E-06	-1.2543E-06
1.3532E-11	1.8555E-10	8.4196E-07	-1.1615E-06
1.3679E-11	1.8466E-10	-2.1018E-08	-1.2361E-06
1.3823E-11	1.8377E-10	5.1116E-07	-3.1978E-07
1.3966E-11	1.8289E-10	8.5294E-07	-6.8220E-07
1.4108E-11	1.8201E-10	1.5462E-06	-1.2689E-06
1.4248E-11	1.8113E-10	-1.3541E-08	-2.2972E-06
1.4386E-11	1.8026E-10	-1.4248E-07	-4.9280E-07
1.4522E-11	1.7939E-10	8.8767E-07	-1.3049E-06
1.4657E-11	1.7853E-10	-1.8380E-07	-1.6442E-06
1.4790E-11	1.7767E-10	-2.7024E-07	-4.8026E-07
1.4921E-11	1.7682E-10	1.0744E-06	-9.5285E-07
1.5051E-11	1.7597E-10	-3.2046E-07	-2.1357E-06
1.5180E-11	1.7512E-10	-1.1001E-06	-3.3865E-07
1.5306E-11	1.7427E-10	3.9637E-07	3.9064E-07
1.5432E-11	1.7343E-10	1.1551E-06	-8.0123E-07
1.5555E-11	1.7260E-10	2.1605E-07	-8.6893E-07
1.5677E-11	1.7177E-10	1.1048E-06	-6.9927E-07
1.5798E-11	1.7094E-10	4.1894E-07	-1.4361E-06
1.5917E-11	1.7011E-10	8.7649E-07	-1.0019E-06
1.6034E-11	1.6929E-10	1.3231E-07	-2.0057E-06
1.6150E-11	1.6847E-10	-1.0095E-07	-7.6894E-07
1.6265E-11	1.6766E-10	4.4529E-07	-1.2268E-06
1.6378E-11	1.6685E-10	5.2033E-07	-1.3147E-06
1.6489E-11	1.6605E-10	-2.5346E-07	-2.3651E-06
1.6600E-11	1.6524E-10	-1.5981E-06	-7.8742E-07
1.6708E-11	1.6444E-10	-1.3135E-07	4.4362E-07
1.6815E-11	1.6365E-10	1.2196E-06	-6.8264E-07
1.6921E-11	1.6286E-10	-2.7022E-07	-1.9016E-06
1.7026E-11	1.6207E-10	-4.1955E-07	-2.0524E-08
1.7129E-11	1.6129E-10	6.7874E-07	-1.1950E-06
1.7230E-11	1.6051E-10	-7.6998E-07	-6.6582E-07
1.7331E-11	1.5973E-10	8.2571E-07	-5.3147E-08
1.7430E-11	1.5895E-10	6.1447E-07	-1.6301E-06
1.7527E-11	1.5818E-10	-4.5422E-07	-1.3019E-06
1.7623E-11	1.5742E-10	-4.9119E-07	-8.0644E-07
1.7718E-11	1.5666E-10	-6.4731E-07	-1.6495E-07
1.7812E-11	1.5590E-10	8.8067E-07	3.4676E-07
1.7904E-11	1.5514E-10	8.3740E-07	-1.9991E-06
1.7995E-11	1.5439E-10	-1.4750E-06	-7.7017E-07
1.8085E-11	1.5364E-10	3.7433E-07	4.7447E-07
1.8173E-11	1.5289E-10	4.5391E-07	-7.8270E-07
1.8260E-11	1.5215E-10	2.3989E-07	-7.0245E-07
1.8346E-11	1.5141E-10	-5.2467E-07	-7.7507E-07
1.8430E-11	1.5068E-10	8.7782E-08	7.5341E-07
1.8514E-11	1.4994E-10	1.4223E-06	-5.8838E-07
1.8596E-11	1.4922E-10	2.4526E-07	-1.1199E-06
1.8677E-11	1.4849E-10	8.5991E-08	-9.0988E-07
1.8756E-11	1.4777E-10	-5.0406E-07	-4.2754E-07
1.8835E-11	1.4705E-10	9.1578E-08	9.6181E-08
1.8912E-11	1.4633E-10	4.4563E-08	2.7716E-07
1.8988E-11	1.4562E-10	1.1235E-06	5.7049E-07
1.9063E-11	1.4491E-10	1.2649E-06	-2.7862E-07
1.9137E-11	1.4421E-10	1.5733E-06	-6.4928E-07
1.9210E-11	1.4351E-10	1.9430E-07	-1.4669E-06
1.9281E-11	1.4281E-10	3.0886E-07	9.4946E-07
1.9351E-11	1.4211E-10	2.7624E-06	-4.6645E-07
1.9420E-11	1.4142E-10	1.0720E-06	-1.9190E-06
1.9489E-11	1.4073E-10	7.3966E-07	-9.2783E-07
1.9555E-11	1.4004E-10	1.1168E-06	-1.0518E-06
1.9621E-11	1.3936E-10	1.1956E-06	-1.3981E-06
1.9686E-11	1.3868E-10	6.8075E-07	-1.8599E-06
1.9750E-11	1.3800E-10	1.0016E-08	-1.3890E-06
1.9812E-11	1.3733E-10	2.0204E-07	-6.3035E-07
1.9874E-11	1.3666E-10	1.2326E-06	-4.6091E-07
1.9934E-11	1.3599E-10	1.5267E-06	-1.9764E-06
1.9994E-11	1.3533E-10	-4.8087E-08	-1.7273E-06
2.0052E-11	1.3467E-10	1.2617E-06	-1.2646E-06
2.0110E-11	1.3401E-10	-1.9455E-07	-3.1016E-06
2.0166E-11	1.3335E-10	-1.2830E-06	-5.2302E-07
2.0221E-11	1.3270E-10	5.2190E-07	-5.7628E-07
2.0276E-11	1.3205E-10	5.0363E-07	-6.8959E-07
2.0329E-11	1.3141E-10	9.8252E-07	-1.8416E-06
2.0381E-11	1.3076E-10	-6.4841E-07	-1.3795E-06
2.0433E-11	1.3012E-10	5.2954E-07	-9.8506E-07
2.0483E-11	1.2949E-10	-6.2972E-07	-1.1637E-06
2.0533E-11	1.2885E-10	9.4925E-07	-5.0543E-08
2.0581E-11	1.2822E-10	6.8586E-07	-1.9570E-06
2.0628E-11	1.2759E-10	3.4755E-07	-9.9531E-07
2.0675E-11	1.2697E-10	3.8741E-07	-2.2442E-06
2.0721E-11	1.2634E-10	-6.5490E-07	-9.1966E-07
2.0765E-11	1.2572E-10	1.0022E-06	-1.5917E-06
2.0809E-11	1.2511E-10	-1.2408E-06	-2.4395E-06
2.0852E-11	1.2449E-10	-8.7090E-07	1.2280E-07
2.0894E-11	1.2388E-10	7.8250E-07	-1.3515E-06
2.0935E-11	1.2327E-10	-1.2648E-06	-1.4415E-06
2.0975E-11	1.2267E-10	5.2193E-08	1.4542E-07
2.1015E-11	1.2207E-10	3.8506E-07	-1.5499E-06
2.1053E-11	1.2147E-10	-5.1078E-07	-1.1114E-06
2.1091E-11	1.2087E-10	-5.8498E-07	-1.1941E-06
2.1128E-11	1.2028E-10	-8.3303E-07	-2.2712E-07
2.1163E-11	1.1968E-10	1.3116E-07	-2.6667E-07
2.1198E-11	1.1910E-10	3.5320E-07	-6.7461E-07
2.1233E-11	1.1851E-10	-2.0352E-07	-1.5630E-06
2.1266E-11	1.1793E-10	-1.0431E-06	-2.8518E-07
2.1299E-11	1.1735E-10	1.0814E-07	-3.1649E-07
2.1330E-11	1.1677E-10	-3.4013E-07	-2.9087E-07
2.1361E-11	1.1619E-10	3.3113E-07	-4.6488E-07
2.1391E-11	1.1562E-10	-3.8595E-07	-4.4952E-07
2.1421E-11	1.1505E-10	2.7771E-07	-1.9012E-07
2.1449E-11	1.1448E-10	-4.6516E-08	-2.0348E-07
2.1477E-11	1.1392E-10	8.7252E-07	-3.3108E-07
2.1504E-11	1.1336E-10	-1.4727E-07	-8.1827E-07
2.1530E-11	1.1280E-10	7.2746E-07	1.4318E-07
2.1556E-11	1.1224E-10	7.8680E-07	-1.2298E-06
2.1581E-11	1.1169E-10	1.2653E-07	-8.5706E-07
2.1605E-11	1.1114E-10	1.6704E-07	-7.5429E-07
2.1628E-11	1.1059E-10	6.3031E-07	-7.2360E-07
2.1650E-11	1.1004E-10	1.0655E-08	-1.7614E-06
2.1672E-11	1.0950E-10	-1.1583E-06	-5.1869E-07
2.1693E-11	1.0896E-10	1.2912E-07	5.2242E-07
2.1714E-11	1.0842E-10	8.7428E-07	-5.1342E-07
2.1733E-11	1.0788E-10	2.7661E-07	-5.5398E-07
2.1752E-11	1.0735E-10	9.1592E-07	-8.4723E-07
2.1770E-11	1.0682E-10	-2.1725E-07	-1.2700E-06
2.1788E-11	1.0629E-10	1.3222E-07	-4.4621E-07
2.1805E-11	1.0576E-10	-2.8179E-07	-7.0806E-07
2.1821E-11	1.0524E-10	5.1926E-07	1.2883E-07
2.1836E-11	1.0472E-10	2.7528E-07	-9.6691E-07
2.1851E-11	1.0420E-10	4.9555E-07	2.2220E-07
2.1866E-11	1.0368E-10	1.0245E-06	-1.2394E-06
2.1879E-11	1.0317E-10	7.5971E-08	-5.7632E-07
2.1892E-11	1.0266E-10	5.6003E-07	-9.2824E-07
2.1904E-11	1.0215E-10	8.1194E-09	-1.0558E-07
2.1916E-11	1.0164E-10	1.5166E-06	-1.3172E-07
2.1927E-11	1.0114E-10	1.7862E-06	-1.3573E-06
2.1937E-11	1.0064E-10	6.1767E-07	-2.4997E-06
2.1947E-11	1.0014E-10	1.0100E-08	-9.7653E-07
2.1956E-11	9.9641E-11	1.0003E-06	-2.3878E-06
2.1965E-11	9.9147E-11	-1.3904E-06	-1.6389E-06
2.1973E-11	9.8654E-11	7.1416E-07	-6.9101E-07
2.1980E-11	9.8164E-11	-2.9376E-07	-2.6552E-06
2.1987E-11	9.7676E-11	-1.6027E-06	-1.4416E-06
2.1993E-11	9.7191E-11	-1.3220E-06	-9.8419E-08
2.1998E-11	9.6707E-11	1.4645E-07	-3.1902E-07
2.2004E-11	9.6226E-11	-9.4021E-07	-8.8784E-07
2.2008E-11	9.5748E-11	-1.9709E-07	2.9784E-07
2.2012E-11	9.5271E-11	-1.4143E-07	-5.6683E-07
2.2015E-11	9.4797E-11	1.3276E-07	2.3598E-07
2.2018E-11	9.4325E-11	4.1776E-07	-7.9089E-07
2.2020E-11	9.3855E-11	2.4605E-08	2.2437E-08
2.2022E-11	9.3388E-11	1.1269E-06	-7.0266E-07
2.2023E-11	9.2922E-11	2.1338E-07	-1.0381E-06
2.2024E-11	9.2459E-11	8.4706E-07	-1.0829E-06
2.2024E-11	9.1998E-11	-3.4023E-07	-2.0394E-06
2.2023E-11	9.1540E-11	-8.6895E-07	-5.6031E-07
2.2022E-11	9.1083E-11	-1.9078E-07	-5.0815E-07
2.2021E-11	9.0628E-11	2.0337E-07	-5.5066E-08
2.2019E-11	9.0176E-11	9.4974E-07	-1.5362E-06
2.2016E-11	8.9726E-11	-1.1021E-06	-1.3995E-06
2.2013E-11	8.9278E-11	4.2948E-08	-2.9114E-07
2.2010E-11	8.8832E-11	-6.1509E-07	-1.2859E-06
2.2006E-11	8.8388E-11	-3.5319E-07	3.5940E-07
2.2002E-11	8.7947E-11	9.4447E-07	-1.0162E-06
2.1997E-11	8.7507E-11	-4.8643E-07	-1.4401E-06
2.1991E-11	8.7070E-11	-2.7945E-07	-8.2478E-07
2.1985E-11	8.6634E-11	-6.2486E-07	-1.3696E-06
2.1979E-11	8.6201E-11	-1.2361E-06	-5.6792E-07
2.1972E-11	8.5770E-11	-8.3373E-07	-2.7883E-07
2.1965E-11	8.5340E-11	-9.7016E-07	2.3615E-07
2.1957E-11	8.4913E-11	-5.8511E-08	4.7953E-07
2.1949E-11	8.4488E-11	2.9965E-07	2.5093E-07
2.1941E-11	8.4065E-11	9.6356E-07	-8.8032E-07
2.1932E-11	8.3644E-11	-1.2446E-06	-1.5119E-06
2.1922E-11	8.3224E-11	-1.2679E-06	1.0244E-06
2.1912E-11	8.2807E-11	7.9657E-07	1.0095E-06
2.1902E-11	8.2392E-11	1.1555E-06	-7.2882E-07
2.1891E-11	8.1979E-11	-4.9154E-07	-7.2272E-07
2.1880E-11	8.1567E-11	3.5463E-07	1.1668E-07
2.1869E-11	8.1158E-11	-2.4011E-07	-3.3201E-07
2.1857E-11	8.0751E-11	1.1644E-06	7.9669E-07
2.1844E-11	8.0345E-11	1.4816E-06	-1.7584E-06
2.1832E-11	7.9942E-11	-1.4340E-07	-1.5869E-06
2.1819E-11	7.9540E-11	-8.9279E-07	-1.4436E-06
2.1805E-11	7.9141E-11	-8.3631E-07	2.2872E-07
2.1791E-11	7.8743E-11	2.4000E-07	-6.0577E-07
2.1777E-11	7.8347E-11	-6.3916E-07	-5.6929E-07
2.1762E-11	7.7953E-11	-7.7419E-07	-1.9985E-07
2.1747E-11	7.7561E-11	-2.0430E-07	9.7017E-07
2.1732E-11	7.7171E-11	1.1640E-06	-3.5269E-07
2.1716E-11	7.6782E-11	-3.0649E-07	-1.0912E-06
2.1700E-11	7.6396E-11	-9.6391E-07	5.9579E-08
2.1683E-11	7.6011E-11	5.0713E-07	1.2028E-06
2.1666E-11	7.5628E-11	1.4229E-06	-1.0361E-06
2.1649E-11	7.5248E-11	-7.3225E-07	-1.0064E-06
2.1631E-11	7.4868E-11	-4.4668E-07	1.4260E-07
2.1614E-11	7.4491E-11	3.6921E-08	5.6442E-07
2.1595E-11	7.4115E-11	8.1284E-07	4.8722E-08
2.1577E-11	7.3742E-11	4.8666E-07	-2.3196E-07
2.1558E-11	7.3370E-11	4.5069E-07	-5.1356E-07
2.1538E-11	7.2999E-11	7.6617E-08	7.9045E-08
2.1519E-11	7.2631E-11	1.0427E-06	-1.4672E-07
2.1499E-11	7.2264E-11	5.3259E-07	-6.2951E-07
2.1479E-11	7.1899E-11	5.9953E-07	-4.6848E-07
2.1458E-11	7.1536E-11	7.1632E-07	-3.2418E-07
2.1437E-11	7.1175E-11	1.5032E-06	-1.1411E-06
2.1416E-11	7.0815E-11	4.8582E-10	-2.3149E-06
2.1395E-11	7.0457E-11	-1.0173E-06	-6.6308E-07
2.1373E-11	7.0101E-11	4.9351E-07	-5.2150E-07
2.1351E-11	6.9746E-11	-6.8860E-07	-1.4885E-06
2.1329E-11	6.9394E-11	-3.8638E-07	9.6977E-08
2.1306E-11	6.9042E-11	-3.0498E-07	-1.2321E-06
2.1283E-11	6.8693E-11	-9.3130E-07	5.1337E-07
2.1260E-11	6.8345E-11	2.8488E-07	-5.7141E-07
2.1236E-11	6.7999E-11	-9.6895E-07	8.1687E-07
2.1212E-11	6.7654E-11	1.7366E-06	2.2304E-07
2.1188E-11	6.7312E-11	-4.5113E-08	-8.3108E-07
2.1164E-11	6.6970E-11	1.1870E-06	-2.9911E-07
2.1139E-11	6.6631E-11	-1.4475E-07	-1.8357E-06
2.1115E-11	6.6293E-11	-6.6353E-07	-4.3076E-07
2.1089E-11	6.5957E-11	-4.4766E-07	-3.1845E-07
2.1064E-11	6.5622E-11	-1.9837E-07	1.1086E-08
2.1038E-11	6.5289E-11	-7.2325E-08	9.9281E-08
2.1012E-11	6.4958E-11	2.8137E-07	-7.8260E-08
2.0986E-11	6.4628E-11	6.4145E-08	3.4765E-07
2.0960E-11	6.4300E-11	1.3196E-06	-1.8838E-07
2.0933E-11	6.3973E-11	2.5838E-08	-7.2246E-07
2.0906E-11	6.3648E-11	1.0074E-06	2.4677E-08
2.0879E-11	6.3324E-11	4.8565E-07	-1.0570E-06
2.0852E-11	6.3002E-11	9.6369E-07	-1.8869E-07
2.0824E-11	6.2682E-11	1.1874E-06	-1.9640E-06
2.0797E-11	6.2363E-11	-5.0734E-07	-1.7879E-06
2.0768E-11	6.2046E-11	-3.8187E-07	-8.5273E-07
2.0740E-11	6.1730E-11	-2.2123E-07	-1.2296E-06
2.0712E-11	6.1415E-11	-9.1044E-07	-4.9158E-07
2.0683E-11	6.1103E-11	5.1014E-07	-3.2941E-07
2.0654E-11	6.0791E-11	-2.0414E-07	-1.4386E-06
2.0625E-11	6.0482E-11	-3.4782E-07	-8.9773E-07
2.0596E-11	6.0173E-11	-8.4099E-07	-1.0667E-06
2.0566E-11	5.9867E-11	-4.1898E-07	-3.2789E-07
2.0536E-11	5.9561E-11	-5.6289E-07	-1.1165E-06
2.0506E-11	5.9257E-11	-9.5736E-07	-4.5531E-07
2.0476E-11	5.8955E-11	-8.6545E-07	-4.2281E-07
2.0446E-11	5.8654E-11	-6.4628E-07	-6.1557E-09
2.0415E-11	5.8355E-11	-6.5382E-07	-3.6846E-07
2.0384E-11	5.8057E-11	-7.0571E-07	1.8615E-07
2.0353E-11	5.7760E-11	-4.1023E-07	5.2183E-09
2.0322E-11	5.7465E-11	-4.0168E-07	3.9960E-07
2.0291E-11	5.7171E-11	4.5557E-07	2.8484E-07
2.0260E-11	5.6879E-11	5.6616E-07	-9.9307E-07
2.0228E-11	5.6588E-11	-1.2896E-06	-9.9420E-07
2.0196E-11	5.6299E-11	-4.6868E-07	9.4521E-07
2.0164E-11	5.6011E-11	4.9966E-07	-5.4888E-07
2.0132E-11	5.5724E-11	-4.9721E-07	-1.1398E-07
2.0099E-11	5.5439E-11	5.9887E-07	-5.2096E-07
2.0067E-11	5.5155E-11	-8.9557E-07	-1.0659E-06
2.0034E-11	5.4872E-11	-1.1247E-07	4.2766E-07
2.0001E-11	5.4591E-11	5.8845E-07	-1.6300E-06
1.9968E-11	5.4312E-11	-1.8876E-06	-1.6122E-06
1.9935E-11	5.4033E-11	-1.8661E-06	1.6974E-07
1.9902E-11	5.3756E-11	-1.2410E-06	7.6743E-07
1.9868E-11	5.3480E-11	-9.1727E-08	8.7596E-07
1.9835E-11	5.3206E-11	2.8565E-07	-2.5657E-07
1.9801E-11	5.2933E-11	-4.9546E-07	-1.0282E-06
1.9767E-11	5.2661E-11	-1.8108E-06	-4.4570E-07
1.9733E-11	5.2391E-11	-1.2601E-06	9.2708E-07
1.9699E-11	5.2122E-11	-4.3251E-07	5.2393E-07
1.9664E-11	5.1854E-11	-5.8440E-07	9.4625E-08
1.9630E-11	5.1588E-11	-1.2915E-06	9.9189E-08
