jMRUI Data Textfile

Filename: Export_to_jmrui.txt

PointsInDataset: 2048
DatasetsInFile: 1
SamplingInterval: 0.250000
ZeroOrderPhase: 0E0
BeginTime: 0E0
TransmitterFrequency: 1.2326E8
MagneticField: 2.8936E0
TypeOfNucleus:  
NameOfPatient:  
DateOfExperiment:  
Spectrometer:  
AdditionalInfo: 
SignalNames:  


Signal and FFT
sig(real)	sig(imag)	fft(real)	fft(imag)
Signal 1 out of 1 in file
1.6553E-06	8.6339E-07	5.9048E-07	9.9780E-08
1.3248E-06	2.3568E-07	-1.0057E-06	3.4677E-08
9.2220E-07	-2.7532E-07	5.9759E-07	1.0863E-06
7.0342E-07	-4.9839E-07	-4.2283E-07	-5.6707E-07
1.2645E-07	-7.4792E-07	-3.9316E-07	1.5409E-06
-2.4475E-07	-5.6838E-07	6.7708E-07	1.7155E-07
-4.8974E-07	-2.8317E-07	-4.5292E-07	5.4032E-07
-3.5674E-07	4.5346E-08	-3.0822E-08	8.9348E-07
-1.7945E-07	1.6535E-07	2.6703E-07	1.2930E-06
1.1089E-07	1.6870E-07	1.0439E-06	6.4762E-07
2.5579E-07	-2.0415E-08	3.8523E-07	-6.3186E-08
2.7850E-07	-1.8100E-07	-3.7800E-07	5.8288E-07
1.2812E-07	-3.5300E-07	6.5880E-07	1.1336E-06
1.3916E-08	-2.9364E-07	2.7150E-07	-2.5157E-08
-1.8723E-07	-2.7114E-07	-8.1879E-08	1.1707E-06
-2.0660E-07	-1.2444E-07	7.4212E-07	6.5251E-07
-2.2173E-07	-5.4660E-08	5.8719E-07	7.7019E-07
-1.0636E-07	-1.5146E-09	7.7765E-07	-3.4768E-07
-1.0205E-07	1.6275E-08	-1.0083E-06	2.6965E-07
-3.2205E-08	-4.4614E-08	-3.6512E-08	1.6280E-06
-1.4903E-07	-1.3158E-07	7.5261E-07	1.3429E-06
-1.6648E-07	-8.2269E-08	1.4286E-06	5.5188E-07
-2.4706E-07	-9.3287E-08	4.2314E-07	-6.1710E-07
-2.3872E-07	-9.1781E-09	-7.4864E-07	3.3551E-07
-1.7189E-07	7.7348E-08	-4.6038E-08	1.0672E-06
-4.4463E-08	1.2275E-07	-1.9568E-07	6.7603E-07
-1.8020E-08	1.0711E-07	-1.6690E-07	1.5629E-06
3.0029E-08	5.0634E-08	5.1545E-07	1.2108E-06
-6.6359E-10	-2.4400E-08	3.0227E-07	1.4988E-06
-6.4518E-08	-3.4209E-08	1.2861E-06	1.2727E-06
-1.5811E-07	-5.6447E-08	9.2179E-07	3.6371E-07
-2.1735E-07	7.5420E-08	3.7532E-07	4.0233E-07
-1.8944E-07	1.4016E-07	4.1907E-08	7.4773E-07
-8.8773E-08	1.8804E-07	2.4046E-07	1.2734E-06
-1.6748E-08	1.9580E-07	9.8577E-07	1.2252E-06
2.8051E-08	1.7706E-07	8.7370E-07	1.7609E-07
1.0396E-07	1.2952E-07	-3.0589E-07	4.7275E-07
8.9575E-08	7.7747E-08	-1.3459E-07	1.5332E-06
3.4240E-08	2.2686E-08	7.2262E-07	1.8048E-06
7.2130E-08	2.3356E-08	1.2469E-06	1.2707E-06
2.6704E-08	2.6024E-08	1.2774E-06	9.0110E-07
9.6589E-08	8.1792E-08	1.1742E-06	3.8287E-07
1.0506E-07	6.0028E-08	7.1192E-07	2.5181E-07
1.4347E-07	1.3949E-08	2.0628E-07	3.3485E-07
9.7327E-08	-1.2134E-07	3.0171E-07	1.2313E-06
8.3060E-08	-1.4402E-07	1.1531E-06	6.5037E-07
-5.7179E-09	-1.4361E-07	3.5693E-07	2.8449E-07
-1.5805E-08	-8.2397E-08	3.3407E-07	5.9544E-07
-2.6338E-08	3.3666E-08	-1.4830E-08	7.4585E-07
-1.1342E-08	-1.4506E-08	4.3213E-07	1.2517E-06
3.9314E-08	-4.0170E-08	6.4996E-07	6.3080E-07
3.8709E-08	-6.0492E-08	-1.2697E-07	6.2415E-07
4.7563E-08	-1.0006E-07	-2.2273E-07	1.5455E-06
5.2981E-08	-8.5828E-08	4.4468E-07	1.8102E-06
-2.6432E-09	-1.1816E-07	7.0574E-07	2.0037E-06
-5.9749E-08	-1.0733E-07	1.8896E-06	1.8933E-06
-1.1917E-07	-3.2135E-08	1.8585E-06	3.5235E-07
-7.9910E-08	-4.2181E-08	8.4305E-07	4.2739E-07
-8.7116E-08	-9.4322E-09	7.9598E-07	5.7816E-07
1.4514E-08	3.7089E-08	5.6647E-07	1.1005E-06
2.2077E-08	-1.0587E-08	1.4601E-06	1.0095E-06
9.6233E-08	-6.1267E-08	1.0561E-06	4.7875E-07
6.8343E-08	-8.2490E-08	1.3177E-06	4.8788E-07
1.0972E-09	-1.3466E-07	7.0351E-07	8.3685E-08
-8.5458E-08	-1.0783E-07	1.0537E-06	4.1688E-07
-1.0880E-07	-4.1064E-08	2.5838E-07	-4.8112E-07
-1.5981E-07	-9.7599E-09	-2.1973E-07	8.1430E-07
-1.7788E-07	4.6126E-08	2.4135E-07	6.9623E-07
-1.3006E-07	5.0824E-08	2.8664E-07	1.0898E-06
-8.2130E-08	6.2235E-08	1.7308E-07	6.9584E-07
-3.8968E-08	2.5834E-08	3.1819E-07	1.9754E-06
-6.5680E-08	2.3724E-08	1.7820E-06	7.4906E-07
-6.7308E-08	4.7730E-08	1.6459E-07	1.8811E-07
-1.1918E-08	6.0232E-08	3.8733E-07	1.3333E-06
-2.6057E-08	1.1836E-07	1.0367E-06	8.6245E-07
9.1199E-09	5.0583E-08	2.8218E-07	5.0195E-07
2.4638E-08	1.0099E-07	4.5210E-07	1.5701E-06
-1.3355E-09	6.4591E-09	1.2299E-06	8.1697E-07
-3.8793E-08	-7.1488E-09	5.4260E-07	7.6948E-07
-3.3173E-09	3.9517E-09	8.0227E-07	8.6852E-07
-7.6822E-08	3.2231E-08	5.6014E-07	7.9339E-07
-8.2663E-08	5.2261E-08	5.1902E-07	1.0715E-06
-8.8275E-08	7.4727E-08	9.3127E-07	1.1416E-06
-2.5285E-08	1.1862E-07	5.2304E-07	9.0668E-07
-1.0706E-09	1.1057E-07	1.3267E-06	1.8108E-06
1.1550E-07	1.0155E-07	1.6947E-06	8.3256E-08
1.2004E-07	7.6539E-08	6.5880E-07	8.7585E-07
1.4375E-07	-2.6318E-08	1.7885E-06	1.8158E-07
1.0526E-07	-8.3697E-08	4.1978E-07	-4.8465E-07
6.2770E-08	-9.7815E-08	-4.4482E-07	1.9514E-07
-4.6773E-09	-5.5791E-08	4.2434E-08	1.9984E-06
-6.4342E-08	9.9173E-09	1.7736E-06	5.3846E-07
-5.7455E-08	4.2342E-08	-1.1360E-07	4.1029E-07
-4.4829E-08	6.6833E-08	1.0267E-06	1.1822E-06
2.4230E-08	9.0560E-08	6.5419E-07	3.8242E-07
1.0119E-07	6.9230E-08	5.4963E-07	5.5219E-07
9.2552E-08	1.6180E-08	1.1984E-07	1.0343E-06
1.2151E-07	-6.0230E-08	1.4011E-06	1.2298E-06
4.2769E-08	-8.3808E-08	1.1651E-06	-1.4731E-07
-3.2022E-08	-6.0788E-08	4.6278E-08	-8.8068E-08
-2.3260E-08	-1.1156E-07	2.1629E-07	9.2686E-07
-4.9481E-08	-5.3857E-09	5.3611E-07	-3.1311E-07
-7.9168E-09	1.6306E-08	-1.1714E-06	8.4511E-07
-3.5273E-08	-2.2343E-08	4.0957E-07	9.9557E-07
-6.2043E-09	7.7854E-09	-1.3360E-06	1.2931E-06
-4.1581E-08	-1.0331E-08	1.0962E-06	2.6179E-06
-5.7977E-08	-2.5152E-09	2.6917E-07	6.4520E-07
-7.0325E-08	3.6147E-08	7.3065E-07	2.2778E-06
-5.1056E-08	3.4816E-08	8.8628E-07	6.6898E-07
-4.1857E-08	1.3024E-08	6.4064E-07	1.9236E-06
-3.3806E-11	4.6034E-08	1.3371E-06	4.1466E-07
2.6828E-08	-4.8029E-10	-2.8145E-07	1.2463E-06
2.5523E-08	2.1943E-09	1.1381E-06	1.7859E-06
3.4063E-08	-9.6248E-10	8.6309E-07	1.0005E-06
-8.7613E-09	-5.0236E-08	9.5740E-07	1.3906E-06
-2.7209E-08	-5.0076E-08	1.1420E-06	8.1471E-07
-5.3111E-08	1.8170E-08	4.4743E-07	8.4169E-07
-8.1430E-08	2.4437E-08	4.6185E-07	1.5442E-06
-4.8632E-08	8.9343E-08	1.3084E-06	1.8824E-06
-3.0091E-08	8.0297E-08	1.9589E-06	7.1727E-07
-1.5966E-09	2.1800E-08	6.0674E-07	3.3558E-07
3.0856E-08	-4.7139E-09	9.6450E-07	1.5331E-06
1.9541E-08	-5.9691E-08	1.9161E-06	5.8204E-07
2.7140E-08	-2.0519E-08	8.2096E-07	-2.1246E-07
1.3725E-08	-2.2972E-08	3.9684E-07	6.5246E-07
1.9317E-09	-3.0872E-08	7.2833E-07	4.4578E-07
-3.9812E-08	-2.9326E-08	3.1069E-07	6.2397E-07
-4.2890E-08	2.9567E-08	3.0672E-07	5.2997E-07
-1.4785E-08	9.8873E-10	-1.3623E-07	1.3742E-06
-7.4151E-09	4.0463E-08	9.9605E-07	1.3017E-06
-1.0357E-08	1.3127E-08	4.3715E-07	1.2001E-06
-6.1131E-09	4.4847E-08	1.5903E-06	1.0074E-06
-1.4131E-08	3.0368E-08	-7.4003E-08	-8.5910E-08
2.8971E-08	2.7019E-08	1.2100E-08	2.2021E-06
2.6610E-08	4.5839E-08	1.6650E-06	1.1755E-06
6.2917E-08	-1.1322E-08	3.9734E-07	5.8049E-07
5.1323E-08	-4.3105E-08	7.6499E-07	1.8071E-06
4.8597E-08	-6.3650E-09	1.5650E-06	6.7775E-07
8.4579E-08	-1.7335E-08	4.6989E-07	9.0948E-07
2.3711E-08	-7.4032E-08	1.3975E-06	8.7546E-07
8.4607E-09	-7.9830E-08	3.7265E-07	6.1088E-07
-4.1815E-08	-5.9711E-08	1.2377E-06	1.1923E-06
-2.5554E-08	-6.5564E-08	8.9285E-07	3.9727E-07
-2.7157E-08	-4.0941E-08	9.5353E-07	2.5682E-07
-5.8036E-08	8.6289E-09	-6.0988E-07	4.1770E-07
7.8494E-10	-1.0051E-09	7.3246E-07	2.0418E-06
2.6213E-08	4.6338E-10	8.6906E-07	7.5243E-07
-1.6118E-08	-3.1447E-08	1.3035E-06	1.1795E-06
-3.2856E-09	-1.7461E-08	3.6646E-07	-2.0705E-07
-9.9519E-09	-3.0601E-10	2.2122E-07	1.7623E-06
-1.2718E-08	-1.4511E-08	1.1399E-06	5.0147E-07
-5.6011E-08	-6.1201E-09	5.2510E-07	9.8615E-07
-4.7427E-08	3.0461E-08	4.3227E-07	4.2584E-08
-3.5230E-08	1.4143E-08	-4.5162E-07	1.8003E-06
-1.9979E-08	7.5172E-08	1.4893E-06	1.1079E-06
-5.0358E-09	3.9323E-08	3.4110E-08	5.8804E-07
-7.0157E-08	3.2479E-08	2.4905E-07	1.1284E-06
1.1092E-08	1.3723E-08	-2.4044E-07	1.8630E-06
-1.5322E-08	4.6244E-08	1.5313E-06	2.1864E-06
9.5699E-09	1.4022E-08	1.1348E-06	8.4211E-07
-3.9173E-09	-6.9681E-09	1.0726E-06	1.3237E-06
2.4521E-09	1.4200E-08	1.0147E-06	8.3535E-07
-7.5488E-09	2.0002E-08	1.0782E-06	1.1774E-06
1.1470E-08	-1.9126E-08	1.0888E-06	5.7672E-07
-6.6384E-09	-3.9334E-08	1.0439E-06	8.7267E-07
-6.3091E-08	-2.3221E-09	8.2866E-07	-3.8784E-07
-5.8784E-08	-7.3141E-09	-9.7985E-07	9.0862E-07
-9.5368E-08	-1.8339E-08	6.3419E-07	1.6515E-06
-2.7572E-08	2.7880E-08	-1.7948E-07	1.2662E-06
-3.2014E-08	4.9635E-08	1.0055E-06	2.2575E-06
5.2322E-08	6.8264E-08	7.2727E-07	1.1381E-06
4.0454E-08	5.9869E-08	1.3204E-06	2.2268E-06
3.7928E-08	1.9491E-08	1.6422E-06	4.4855E-07
6.9294E-08	-2.2598E-08	5.3695E-07	1.1955E-06
4.0637E-08	-2.7044E-08	1.0366E-06	1.1263E-06
6.0483E-08	1.7889E-08	1.1705E-06	1.7077E-06
7.7285E-08	-1.2571E-08	2.0150E-06	3.3132E-07
1.0292E-08	-1.2553E-08	8.9122E-08	3.3287E-07
-1.1860E-09	-1.6046E-08	8.5723E-07	1.6370E-06
3.0708E-08	-2.3330E-08	1.3893E-06	9.2196E-07
2.9851E-08	-5.8332E-09	1.2232E-06	6.5082E-07
4.0696E-08	-3.1429E-08	9.1478E-07	1.0524E-07
3.9636E-08	-5.8545E-08	-4.3461E-07	7.4115E-07
3.5311E-08	-1.0554E-09	1.0242E-06	2.4630E-06
3.5864E-08	-6.3946E-08	2.0881E-06	3.5487E-07
-2.9389E-08	-4.1114E-08	6.2163E-07	4.0360E-07
-4.2115E-08	-8.2863E-08	8.6268E-07	2.1005E-07
-3.4589E-08	-7.2391E-08	-2.5886E-07	9.1869E-07
-2.7199E-08	-8.8737E-08	1.1525E-06	1.2717E-06
-5.7995E-08	-1.7691E-08	1.1151E-07	4.5868E-07
-3.1700E-08	1.2622E-08	5.3013E-07	2.0068E-06
-6.0001E-08	2.4073E-08	1.5896E-06	9.4756E-07
-2.8445E-08	2.1850E-08	6.0577E-07	5.7072E-07
-2.7565E-08	1.8294E-08	8.5356E-07	1.3866E-06
-4.9534E-09	4.2364E-08	1.4175E-06	3.6454E-07
-6.6397E-09	-1.4663E-08	-9.4238E-08	6.7042E-07
3.1145E-10	-6.0588E-09	1.4647E-06	1.4939E-06
-1.3287E-09	1.7424E-08	5.4462E-07	-4.9649E-07
-9.3813E-09	1.9034E-08	-4.2005E-07	1.6684E-06
-2.8079E-08	3.3928E-08	1.1624E-06	1.1847E-06
3.4428E-09	-1.6230E-08	3.6242E-07	1.4110E-06
-5.9004E-09	3.6005E-08	1.7038E-06	1.3714E-06
-1.3085E-08	-2.2158E-09	1.2552E-06	5.1802E-07
-4.3523E-08	1.4183E-08	1.3345E-06	-4.0099E-09
-1.4405E-08	1.6414E-08	-3.2352E-07	7.3979E-08
7.4193E-09	1.2309E-08	7.1195E-07	1.2168E-06
-3.6177E-08	8.4051E-09	-7.6667E-08	1.3283E-07
-1.6695E-08	-6.8415E-09	2.8742E-07	2.0921E-06
-2.1763E-08	1.3963E-08	1.4390E-06	3.5887E-07
-1.7933E-08	2.4571E-08	9.9880E-08	6.7650E-07
-5.0515E-09	3.7068E-08	6.6150E-07	3.2294E-07
5.8661E-09	4.2823E-08	-7.6558E-07	6.9271E-07
3.6584E-08	2.9217E-08	2.2157E-07	1.6895E-06
4.4477E-08	2.4263E-08	2.1145E-07	1.0111E-06
3.9317E-08	4.1780E-09	-2.7312E-08	1.4290E-06
1.6903E-08	4.2680E-09	9.1677E-08	1.7324E-06
-1.0064E-08	2.4184E-08	6.3405E-07	2.0763E-06
3.6866E-08	9.2696E-09	1.2340E-06	1.4724E-06
3.9697E-08	3.5704E-08	5.1735E-07	1.0321E-06
2.0613E-08	-1.0423E-08	7.8839E-07	1.9137E-06
7.7036E-08	-3.5850E-08	1.2433E-06	8.0559E-07
1.0677E-07	-2.5304E-08	1.4478E-07	1.5219E-06
4.6945E-08	-4.8003E-08	1.6402E-06	1.4761E-06
1.6536E-08	-9.9080E-08	5.2067E-07	6.7792E-07
3.1006E-08	-7.9870E-08	1.1805E-06	1.4294E-06
3.2839E-10	-6.9222E-08	5.8615E-07	3.3767E-07
-2.1681E-08	-4.2149E-08	4.6108E-07	1.3194E-06
-4.2010E-08	4.5571E-09	8.5724E-08	6.9759E-07
-4.7320E-08	-2.0454E-08	1.6952E-07	2.6175E-06
1.3439E-08	-3.0089E-08	2.0703E-06	1.3551E-06
8.5460E-09	-2.1924E-08	7.8213E-07	5.7696E-07
2.3088E-09	-9.7508E-09	5.3410E-07	1.0220E-06
-4.1742E-09	-8.7622E-09	8.9022E-07	1.4808E-06
1.4697E-08	-2.8514E-08	8.4502E-07	3.8160E-07
-1.6190E-08	-4.5588E-08	4.3584E-08	1.8700E-06
-2.6535E-08	-8.8044E-09	1.9715E-06	6.1563E-07
4.7226E-09	-2.8625E-08	-9.3867E-07	4.3512E-07
2.4275E-08	-5.3381E-08	9.8672E-07	2.3909E-06
-4.0665E-08	3.4297E-10	4.0995E-07	5.1413E-07
-4.3935E-09	1.5611E-08	3.9182E-07	2.3012E-06
-3.1135E-08	1.6416E-08	1.2809E-06	1.1284E-06
-3.5698E-08	1.9225E-08	4.8203E-07	1.3472E-06
-2.6820E-08	-3.3487E-08	6.7450E-07	1.7092E-06
-9.1633E-09	2.3875E-08	1.4878E-06	1.8302E-06
-2.1431E-08	2.0419E-08	1.2451E-06	8.1694E-07
-4.1061E-09	5.7791E-09	1.3172E-06	1.4772E-06
-1.7132E-08	1.5030E-08	1.6382E-06	7.3506E-09
1.1213E-08	-5.8933E-09	-5.3908E-08	2.2661E-07
-1.8015E-08	-1.8846E-08	5.7512E-08	1.0513E-06
-3.7633E-08	3.9731E-08	-1.1309E-08	1.3658E-06
-1.4294E-08	-1.5882E-08	3.4181E-07	1.9485E-06
2.3270E-08	2.2852E-08	1.1544E-06	1.7235E-06
3.5563E-08	5.6092E-08	7.9117E-07	1.2481E-06
3.3799E-09	1.7415E-08	1.3030E-06	1.5363E-06
4.0859E-08	2.6133E-08	8.2586E-07	2.9730E-07
7.1274E-08	1.6500E-08	-5.3309E-08	1.4169E-06
4.8990E-08	-3.1828E-08	5.7667E-07	1.4966E-06
3.0524E-08	-2.4330E-08	6.2405E-07	1.8385E-06
4.4376E-08	-1.5188E-08	9.1570E-07	1.1878E-06
9.7183E-09	-3.2570E-08	1.8466E-07	1.9213E-06
5.0678E-09	-4.4174E-08	1.3217E-06	1.9903E-06
4.0912E-08	-1.4512E-08	1.0045E-06	1.7135E-06
3.9284E-08	-2.2050E-08	1.5722E-06	1.6153E-06
7.8904E-09	-1.6601E-09	1.0114E-06	1.4166E-06
5.3539E-09	-3.3431E-08	1.8115E-06	1.7060E-06
-1.9599E-08	-7.1211E-08	1.3492E-06	6.0072E-07
3.1251E-08	-2.8933E-08	8.2900E-07	1.5968E-06
-9.9053E-09	-3.3016E-08	1.8952E-06	1.5635E-06
-3.4528E-08	-1.3012E-08	1.9643E-06	7.9348E-07
-5.6820E-09	-3.0463E-08	1.8469E-06	2.8702E-07
-3.7134E-08	-2.3619E-08	1.1434E-06	-5.3126E-07
2.3036E-08	-1.4728E-08	-4.4745E-07	1.0031E-07
2.8267E-09	-3.9221E-08	2.3436E-07	1.6949E-06
1.3421E-08	-3.8420E-08	8.9518E-07	7.9534E-07
-4.0890E-08	-3.8556E-08	1.6851E-07	1.3474E-06
-1.3650E-08	-3.0857E-08	1.0718E-06	1.1639E-06
-2.7865E-08	-1.2263E-08	-8.3984E-08	1.2684E-06
-2.1376E-08	-3.2515E-08	1.4392E-06	2.4243E-06
-5.1154E-08	8.8645E-09	1.6923E-06	5.6600E-07
1.0141E-08	3.1286E-08	7.8884E-07	9.7367E-07
-1.7730E-08	3.4326E-09	1.0757E-06	8.8111E-07
-1.2472E-08	-1.5939E-08	7.5033E-07	7.9059E-07
-9.5458E-09	-4.6199E-08	4.6247E-07	1.1821E-06
-2.9431E-08	-1.4874E-08	1.1889E-06	1.3833E-06
-1.5401E-08	-3.1978E-08	6.6792E-07	9.6687E-07
-4.8516E-08	-3.5781E-08	1.7964E-06	1.6924E-06
-4.6499E-08	1.4444E-08	1.2771E-06	-6.9883E-07
-4.6640E-08	-2.3886E-08	-1.9405E-07	1.1956E-06
-7.7249E-10	2.7190E-08	1.1233E-06	3.2715E-07
-2.7042E-08	4.4309E-08	-6.8062E-07	1.2046E-06
2.8269E-08	2.8373E-08	1.3935E-06	1.4210E-06
5.4365E-08	-6.1147E-10	-4.6826E-07	5.5853E-07
4.1774E-08	4.4293E-08	7.3049E-07	2.6059E-06
8.4695E-09	-3.7328E-08	1.1938E-06	8.2839E-07
2.8718E-08	-3.4983E-08	7.1503E-07	1.7151E-06
-9.5032E-09	-4.1043E-08	1.3381E-06	5.0242E-07
-7.6546E-09	-2.7987E-08	-4.4935E-07	1.3015E-06
-1.0314E-08	-5.2573E-08	1.3823E-06	2.2900E-06
-2.7777E-08	-3.9474E-08	1.2012E-06	8.6487E-07
6.8383E-09	-1.3702E-08	1.0119E-06	1.3363E-06
-6.7943E-09	5.7831E-09	8.0418E-07	1.1403E-06
-1.0500E-10	-6.0772E-09	1.6308E-06	1.7523E-06
-2.1948E-09	1.5520E-08	1.5760E-06	3.1108E-08
-4.6826E-08	-2.0786E-08	5.6127E-07	8.4763E-07
-1.1584E-08	5.1060E-09	9.9073E-07	4.8032E-07
3.8062E-08	2.0674E-08	5.3098E-07	9.7354E-07
-2.2896E-08	1.5318E-08	9.6977E-07	3.2088E-07
-1.6935E-08	-2.0554E-09	-1.4363E-07	7.2554E-07
8.9815E-09	3.5908E-09	3.2144E-07	1.1639E-06
1.1873E-08	-1.6687E-08	3.7862E-07	1.5881E-06
5.5270E-09	1.1578E-08	1.1268E-06	1.1254E-06
1.3624E-08	-3.4462E-08	8.0960E-07	1.0356E-06
1.0204E-08	-2.6113E-08	9.5541E-07	2.5133E-07
2.9212E-10	-7.1921E-09	-1.7902E-07	7.6379E-07
1.6337E-09	-4.9403E-09	3.4036E-07	6.2104E-07
-1.2391E-08	-1.8248E-08	-8.9081E-07	1.4190E-06
-2.3643E-08	-2.1161E-09	6.6105E-07	1.9282E-06
1.4685E-08	-5.4237E-09	1.1161E-08	1.6847E-06
-2.4285E-08	-3.5462E-08	1.5448E-06	1.8178E-06
1.8878E-08	-1.4713E-08	1.4341E-07	3.7064E-07
8.0511E-09	-1.4486E-08	1.5840E-07	2.0635E-06
-1.3075E-08	-1.0288E-08	6.6255E-07	1.4409E-06
-2.5635E-08	-1.7480E-08	7.2470E-07	1.8532E-06
-4.6918E-10	1.1851E-08	1.0813E-06	1.2189E-06
-5.1907E-08	1.6174E-08	4.3998E-07	1.0011E-06
-5.3014E-08	1.0890E-08	2.3673E-07	1.9611E-06
-3.6705E-08	2.3711E-08	1.8117E-06	1.4362E-06
-9.8430E-09	3.0826E-08	8.7871E-08	1.1004E-07
-2.9119E-08	-8.3686E-09	-4.4009E-08	1.9255E-06
-3.2818E-08	-2.5633E-09	3.3467E-07	1.3575E-06
-1.3935E-08	-1.4945E-08	2.4951E-07	2.2950E-06
1.6631E-08	3.2286E-08	1.0042E-06	1.7878E-06
1.5130E-09	-7.4618E-09	7.7555E-07	2.0608E-06
1.4401E-08	-4.9990E-09	1.5944E-06	1.6558E-06
-1.2656E-08	9.1822E-09	1.0915E-06	9.2230E-07
-2.6587E-09	-2.7079E-08	4.0303E-07	1.0491E-06
-1.7164E-08	1.4552E-08	2.2898E-07	1.9839E-06
-1.7934E-08	-5.2381E-09	1.4446E-06	2.2049E-06
7.8865E-09	4.1602E-09	1.5007E-06	9.3754E-07
5.3378E-09	3.3107E-08	6.1363E-07	1.2207E-06
-3.4706E-08	-3.6154E-08	1.0858E-06	1.3085E-06
2.0230E-09	1.1698E-09	5.6119E-07	1.1504E-06
-7.0173E-09	-2.6195E-09	8.0234E-07	1.3849E-06
-2.0004E-09	1.1763E-09	1.1672E-07	1.5224E-06
-1.4050E-08	7.4340E-10	1.3389E-06	2.6617E-06
-2.3005E-08	-2.2085E-09	2.0446E-06	7.8648E-07
-1.9636E-08	4.5621E-08	5.7638E-07	6.6540E-07
-3.8923E-08	7.2789E-08	5.7992E-07	1.3237E-06
-9.0078E-09	9.7477E-09	7.7933E-07	1.3447E-06
1.1108E-08	3.5948E-08	6.5986E-07	1.3993E-06
8.7737E-09	2.1688E-08	1.0637E-06	1.4108E-06
3.7438E-08	1.1999E-08	4.5942E-07	9.3607E-07
1.9273E-08	-2.1965E-09	5.2957E-07	1.9532E-06
-4.6262E-09	-2.0960E-08	1.0072E-06	1.3243E-06
-2.5675E-08	-5.5050E-08	6.7869E-07	1.8460E-06
-1.0420E-08	-2.2412E-08	1.4080E-06	1.1559E-06
-1.1079E-08	-7.2951E-09	5.4633E-08	1.4084E-06
-4.5895E-08	-7.1948E-09	1.5060E-06	2.3700E-06
-2.4339E-08	1.0739E-08	1.4717E-06	7.3369E-07
-3.9315E-08	6.0474E-09	8.7387E-07	1.3113E-06
-4.8905E-08	3.2710E-08	9.7993E-07	5.9683E-07
-3.5348E-08	-5.9500E-10	-2.0607E-07	1.5088E-06
1.4281E-08	1.4621E-08	1.3258E-06	2.1433E-06
-2.0659E-08	1.0419E-08	1.1480E-06	7.1994E-07
-2.7283E-08	2.0598E-08	4.6574E-09	1.3724E-06
-3.4532E-08	-1.0515E-08	1.0586E-06	2.5096E-06
7.6212E-09	2.8386E-08	2.0256E-06	7.9442E-07
7.6784E-09	-8.7034E-09	-1.7986E-08	6.6676E-07
1.0585E-08	-2.1921E-09	7.5527E-07	1.8427E-06
1.7999E-08	2.6300E-09	2.4719E-07	1.2658E-06
-2.7174E-08	1.1468E-08	9.7912E-07	2.7336E-06
-1.5267E-08	9.2471E-09	1.7898E-06	9.4749E-07
-2.2067E-08	1.9049E-08	2.9967E-07	1.6263E-06
-3.9739E-08	4.9495E-08	1.8633E-06	1.8503E-06
4.8568E-08	4.4968E-08	1.0623E-06	6.1155E-07
-1.2630E-08	-2.1247E-08	8.6216E-07	1.4112E-06
4.0566E-09	4.9498E-08	7.3264E-07	7.7017E-07
2.1026E-08	-1.9629E-08	3.8794E-08	2.0272E-06
4.6495E-08	-3.4830E-08	1.8211E-06	2.1399E-06
2.3916E-08	-2.1838E-08	1.4053E-06	5.9707E-07
1.6457E-08	-2.5470E-08	2.6000E-07	1.1312E-06
7.3889E-09	8.1558E-09	8.6450E-07	2.1680E-06
-2.2357E-08	-1.0858E-08	1.6604E-06	1.3193E-06
-1.0557E-08	-1.4151E-08	1.0143E-06	1.3423E-06
-2.5706E-08	-6.4612E-09	1.8261E-06	8.5998E-07
-2.7744E-08	7.9151E-09	1.5493E-07	1.7676E-07
-1.8093E-08	7.7102E-09	1.5382E-07	1.8342E-06
1.0979E-08	1.4606E-08	8.3638E-07	1.7502E-06
1.2463E-08	3.3027E-09	1.3341E-06	1.6074E-06
5.8189E-09	-9.6399E-09	9.2780E-07	9.2159E-07
1.4083E-08	-1.7242E-08	7.4690E-07	1.3455E-06
3.6183E-09	-6.8154E-09	4.4187E-07	1.2837E-06
2.3087E-10	-2.5186E-08	8.8298E-07	2.1990E-06
3.1094E-09	4.7738E-09	1.6990E-06	1.2891E-06
3.5163E-08	-2.1256E-08	9.1177E-07	6.0166E-07
-1.4531E-08	-3.7996E-08	-1.7269E-07	1.2692E-06
-3.5699E-09	-3.7078E-08	8.5912E-07	2.6027E-06
-2.5079E-08	-1.6282E-08	1.5883E-06	1.3125E-06
1.0465E-08	1.5266E-08	6.8690E-07	1.5539E-06
-9.4467E-09	1.4746E-08	1.4716E-06	1.8773E-06
3.9851E-08	-1.2337E-08	1.4800E-06	9.3501E-07
1.3880E-08	-3.9226E-09	5.1881E-07	1.3584E-06
-2.3985E-08	3.1338E-09	1.5902E-06	1.8752E-06
-2.4888E-08	-3.2333E-08	1.1915E-06	8.9508E-07
5.9153E-09	-1.0362E-08	1.4993E-06	1.6300E-06
-2.0683E-08	-7.0524E-09	1.2593E-06	2.1542E-07
-5.1196E-09	9.6330E-09	4.7127E-07	1.7045E-06
-1.4566E-08	6.5987E-09	1.8709E-06	7.6422E-07
-1.5542E-08	1.1538E-08	1.5630E-07	7.4160E-07
-4.7136E-09	6.6730E-10	1.2117E-06	1.5943E-06
3.2842E-09	3.3949E-08	9.3765E-07	7.2688E-07
-2.3408E-08	1.7013E-08	8.9769E-07	1.0377E-06
2.3207E-08	6.8314E-08	3.9164E-07	6.8088E-07
1.3791E-08	3.3152E-08	3.1400E-07	1.7324E-06
-2.3731E-08	1.1179E-08	1.0786E-06	1.4228E-06
2.7105E-08	2.6113E-08	8.5039E-07	1.3253E-06
1.7382E-08	1.4179E-08	9.8580E-07	1.1334E-06
3.4607E-08	-6.9739E-09	8.2823E-07	1.3687E-06
2.2241E-08	7.8194E-09	1.2197E-06	6.5978E-07
1.9689E-08	-4.5914E-09	-2.4426E-07	1.0821E-06
1.5809E-08	8.6488E-09	1.3161E-06	1.9487E-06
4.9605E-09	-2.0375E-08	6.6653E-07	3.9481E-07
-4.0924E-09	1.2701E-08	4.3700E-07	1.6637E-06
-1.0537E-09	-1.4778E-08	8.7215E-07	7.7678E-07
-3.6014E-09	-1.2423E-08	7.1200E-08	1.0629E-06
1.7615E-08	-2.4996E-10	-1.3648E-07	1.4527E-06
1.9648E-08	1.4284E-08	4.9550E-07	2.1687E-06
2.2431E-08	7.3731E-10	3.4957E-07	1.3098E-06
2.3549E-08	1.7934E-08	2.1122E-07	2.7179E-06
3.0658E-08	1.8726E-09	1.4080E-06	1.9696E-06
2.0442E-08	-4.5165E-09	9.5839E-07	2.2002E-06
-5.7829E-09	3.1220E-08	1.9120E-06	1.5980E-06
1.8240E-08	4.1603E-09	1.0777E-06	1.2241E-06
-1.9408E-08	2.2265E-08	1.3889E-06	1.3117E-06
-1.1266E-08	2.9797E-09	1.0207E-06	9.0026E-07
3.9286E-08	3.0680E-09	5.4085E-07	1.1022E-06
3.7481E-08	-2.0625E-08	9.8827E-07	1.7313E-06
3.0113E-08	1.6574E-09	1.0845E-06	3.8590E-07
-8.4944E-09	-1.5827E-08	-5.4234E-07	1.4086E-06
1.3242E-08	-2.4202E-08	8.1760E-07	1.9746E-06
1.4128E-08	-1.2129E-09	4.5422E-08	1.6379E-06
-2.2525E-08	2.7497E-08	8.3399E-07	2.7411E-06
2.3145E-08	-1.3842E-08	1.3826E-06	2.0056E-06
9.7703E-09	3.5912E-08	1.5141E-06	2.0465E-06
3.5914E-09	5.4729E-09	1.8577E-06	1.2960E-06
8.9538E-09	1.0419E-08	9.4751E-07	9.1651E-07
3.3892E-08	2.2328E-08	1.0012E-06	1.8642E-06
-9.4222E-10	3.2092E-08	1.7504E-06	9.5469E-07
-1.3577E-08	-2.0308E-08	3.0887E-07	9.1278E-07
-5.3189E-09	-1.4544E-08	1.1082E-06	1.8865E-06
-1.4278E-08	8.9865E-09	8.9456E-07	8.1642E-07
6.6132E-09	2.6968E-08	2.5512E-07	2.0877E-06
1.4302E-08	1.7108E-08	1.9957E-06	2.0738E-06
-1.0780E-08	1.5452E-08	1.5269E-06	3.4077E-07
1.8511E-10	1.4352E-08	7.5618E-08	1.0047E-06
1.8000E-08	4.9323E-08	7.7923E-07	1.9355E-06
-9.1357E-09	2.7134E-08	9.5549E-07	1.2699E-06
8.5083E-09	2.4104E-08	4.0609E-07	1.8751E-06
1.8325E-08	1.6014E-08	1.3462E-06	2.2224E-06
1.2835E-08	2.3207E-08	1.5719E-06	1.7537E-06
9.8202E-09	1.0678E-08	2.0170E-06	1.2975E-06
1.2072E-08	2.4622E-08	1.0678E-06	4.3294E-07
4.2444E-08	3.0065E-09	6.7305E-07	1.5810E-06
-2.4304E-08	4.2390E-08	1.4071E-06	1.3008E-06
1.9247E-09	3.0905E-08	9.8673E-07	1.1905E-06
1.8558E-08	1.7484E-08	1.1975E-06	1.4309E-06
7.9910E-10	1.2447E-08	1.4724E-06	1.1645E-06
2.0876E-09	-8.7251E-09	1.2411E-06	7.9318E-07
1.3676E-08	1.6796E-09	1.0736E-06	7.6181E-07
3.8592E-09	-4.2988E-09	7.1321E-07	7.1965E-07
3.7614E-08	-2.1889E-09	7.7965E-07	7.3129E-07
1.2375E-08	3.4594E-08	-2.9082E-07	7.4719E-07
-5.6968E-09	2.0252E-09	3.6812E-07	2.2762E-06
2.1965E-08	2.0046E-08	8.2175E-07	1.3443E-06
2.8593E-08	-3.6525E-09	8.5642E-07	2.1456E-06
2.7205E-09	-2.1806E-08	1.2162E-06	1.0482E-06
-7.7344E-09	4.5194E-09	7.6602E-07	2.2062E-06
9.7050E-10	1.0419E-08	2.1896E-06	8.8881E-07
-2.2065E-08	-4.7214E-09	4.6423E-07	8.4568E-07
-6.1526E-09	6.1214E-10	1.3629E-06	1.0146E-06
4.6817E-09	2.7971E-08	2.2559E-07	7.4210E-07
2.6427E-08	-3.6848E-08	7.2762E-07	1.3973E-06
-5.8804E-09	-2.6302E-09	4.0997E-07	1.2054E-06
1.7644E-08	-9.9815E-09	5.9495E-07	1.3612E-06
7.7898E-09	1.8452E-08	7.8886E-08	1.8902E-06
-1.8217E-08	1.1163E-08	1.4320E-06	2.2658E-06
4.1139E-08	3.0343E-08	1.2731E-06	1.4541E-06
-5.7808E-10	-2.1458E-08	1.8106E-06	1.3939E-06
6.1520E-08	-2.4826E-09	1.1312E-06	2.7201E-07
1.8675E-08	-1.9256E-08	2.2783E-07	8.4285E-07
1.3434E-08	3.3312E-09	1.9150E-07	1.8485E-06
1.9580E-08	-1.3894E-08	1.6658E-06	1.8731E-06
-1.6146E-09	1.5691E-08	1.1021E-06	5.5155E-07
1.1568E-08	2.5241E-08	6.1825E-07	1.2876E-06
-2.9114E-08	9.8081E-09	1.0662E-06	1.2241E-06
3.9869E-09	3.7977E-08	9.5875E-07	6.9334E-07
-4.2054E-09	-1.6615E-08	8.9669E-08	1.1628E-06
1.9430E-08	1.3859E-08	1.3885E-06	1.5662E-06
-9.8785E-09	3.3940E-09	5.1933E-07	-7.1304E-09
-1.3001E-08	-6.1163E-09	-2.1599E-07	1.4805E-06
7.8432E-09	-1.2010E-08	3.7677E-07	1.1209E-06
8.1043E-10	-5.2629E-09	-2.7470E-07	1.9703E-06
-9.4819E-09	4.6050E-08	1.1511E-06	2.1313E-06
-9.7689E-11	-3.7670E-08	7.6139E-07	1.2295E-06
-2.9626E-08	3.3948E-08	7.6869E-07	1.7810E-06
2.6234E-08	-1.4469E-08	1.1298E-06	1.1278E-06
-1.1012E-09	-3.6954E-08	3.6518E-07	1.0072E-06
2.5443E-09	1.5470E-08	1.3617E-07	1.4269E-06
5.6591E-09	1.2169E-08	2.6967E-07	2.1949E-06
1.0397E-08	-1.1661E-08	1.4171E-06	1.7631E-06
2.0771E-08	1.4278E-08	3.5820E-07	1.0690E-06
1.2476E-08	9.1124E-10	7.0118E-07	2.2431E-06
1.1327E-08	-3.5405E-08	1.2636E-06	1.2552E-06
2.7203E-08	2.1970E-08	4.2764E-07	1.2678E-06
4.8619E-08	-4.3685E-09	4.0378E-07	1.7352E-06
9.0360E-09	4.7420E-10	7.8924E-07	1.9785E-06
8.8471E-09	-9.7171E-09	8.4141E-07	1.6682E-06
4.6099E-08	-2.7481E-08	9.1050E-07	1.9433E-06
3.3163E-08	-2.9581E-09	9.9183E-07	1.5932E-06
2.5254E-08	7.3680E-10	9.3405E-07	2.1445E-06
2.4992E-08	-4.7177E-09	1.8397E-06	1.6955E-06
2.1923E-08	3.5561E-09	1.3954E-06	9.8179E-07
8.9745E-09	2.7275E-08	9.6051E-07	9.5116E-07
3.0553E-08	3.7306E-08	7.2101E-07	1.3601E-06
-3.7784E-09	1.7886E-08	1.1052E-06	1.2963E-06
4.2723E-08	7.3024E-09	8.5794E-07	1.1561E-06
4.4329E-08	1.0669E-08	8.4309E-07	9.9344E-07
2.0732E-08	4.3259E-08	1.6714E-07	1.3274E-06
-3.1466E-08	-1.8601E-08	8.5781E-07	1.8724E-06
2.0878E-08	1.2668E-08	7.3170E-07	1.4425E-06
7.1906E-09	1.3030E-08	1.0067E-06	2.0245E-06
2.9209E-08	6.6085E-09	1.5421E-06	1.4723E-06
1.4152E-08	-5.9570E-09	1.3704E-06	1.0705E-06
2.0783E-08	-2.4412E-08	9.7824E-07	1.0836E-06
2.2501E-08	4.0405E-09	1.7223E-06	1.2031E-06
9.3137E-09	2.3003E-09	1.1537E-06	-4.5657E-07
-1.7446E-09	1.5552E-08	-4.0642E-07	5.8200E-07
3.2013E-08	-1.8448E-09	3.1855E-07	9.9497E-07
1.2155E-08	3.6286E-10	-3.5408E-07	9.3731E-07
1.5534E-09	-8.8220E-09	-2.2267E-07	1.9103E-06
-8.2824E-09	6.1438E-09	6.0689E-07	2.1113E-06
-2.1279E-08	1.7969E-08	1.0276E-06	1.3259E-06
6.4449E-09	-3.7033E-09	1.9052E-07	1.0477E-06
1.1949E-08	1.3747E-08	1.1418E-07	1.7772E-06
-1.8122E-08	1.0113E-08	4.5074E-07	1.6895E-06
7.4530E-09	-8.7035E-09	5.4561E-08	2.1152E-06
3.8895E-08	2.8463E-08	1.4852E-06	2.7411E-06
7.1517E-09	1.0772E-08	1.7787E-06	7.8397E-07
1.1786E-08	1.4356E-08	5.4190E-07	1.1340E-06
4.9299E-08	1.0649E-08	9.2109E-07	8.0223E-07
-2.8983E-09	6.7032E-09	-3.6873E-07	1.2199E-06
2.5874E-08	6.8827E-09	6.9567E-07	2.0876E-06
4.0821E-08	-1.8304E-09	6.2648E-07	1.2880E-06
3.8399E-08	-4.6869E-09	4.6633E-07	1.6199E-06
7.4957E-09	-2.7782E-08	4.3002E-07	1.6287E-06
-6.6375E-09	-6.9745E-09	5.7717E-07	1.8491E-06
2.1518E-08	-3.0513E-08	6.7122E-07	2.0902E-06
8.7246E-09	2.1853E-08	1.7969E-06	1.7769E-06
1.3660E-08	6.8348E-09	6.8516E-07	2.6457E-07
2.0223E-08	-5.3403E-09	-1.3383E-07	2.0691E-06
-2.6818E-08	-6.2839E-09	1.5238E-06	1.7800E-06
1.2808E-09	2.1150E-08	8.3331E-07	9.6600E-07
-1.7920E-09	-2.7214E-08	6.9354E-07	1.0954E-06
-1.7137E-08	-1.0960E-09	1.7706E-07	1.3559E-06
-1.2447E-08	-5.4602E-09	1.0148E-06	1.6772E-06
2.3924E-08	-7.9931E-09	5.3986E-07	7.2513E-07
3.9927E-08	5.2463E-09	1.9486E-07	1.4393E-06
8.7336E-09	-5.0834E-11	1.9093E-07	1.3518E-06
-3.8039E-09	-5.0629E-09	5.8886E-07	1.8299E-06
-1.8595E-08	5.1277E-09	1.1993E-07	8.7071E-07
2.2229E-08	1.9143E-08	-1.8967E-08	2.7888E-06
1.2237E-09	-4.7043E-09	1.7053E-06	1.0825E-06
1.5182E-08	-1.1016E-08	-6.6038E-07	1.4637E-06
-1.0384E-08	4.5371E-09	1.3761E-06	2.2872E-06
1.5762E-08	-5.7220E-08	3.7961E-07	8.9795E-07
1.6678E-08	1.3226E-08	6.9443E-07	1.6674E-06
-1.1867E-08	-1.7704E-08	-2.4261E-07	1.0617E-06
-6.8881E-09	1.0871E-08	4.1670E-07	2.6091E-06
9.3816E-09	-2.2463E-09	6.3063E-07	1.2682E-06
1.8966E-09	1.2213E-08	2.7599E-07	2.4088E-06
2.0814E-08	-4.1560E-09	1.0129E-06	1.5723E-06
1.4833E-08	3.2480E-08	4.8714E-07	2.3018E-06
-2.3932E-08	1.9108E-08	1.9214E-06	1.4150E-06
4.4288E-09	-2.4606E-08	1.5853E-07	5.1409E-07
4.3727E-09	4.4322E-08	8.7596E-08	2.0308E-06
2.7774E-08	-4.7565E-10	1.0343E-06	1.6363E-06
-6.7369E-09	1.0324E-10	3.2194E-07	9.3309E-07
-3.9935E-09	-2.5537E-09	-1.7604E-07	1.9960E-06
1.6444E-08	5.0142E-08	9.2760E-07	1.9056E-06
1.3495E-08	-1.8580E-09	1.1023E-07	1.2688E-06
-7.2897E-09	-2.3822E-08	1.3837E-08	2.3806E-06
1.7491E-08	-5.0306E-09	8.1229E-07	2.3939E-06
-4.5223E-09	9.2083E-09	1.1773E-06	2.1978E-06
2.8926E-08	1.5809E-08	1.4371E-06	1.4598E-06
2.7242E-08	5.9714E-09	5.8650E-07	1.1472E-06
1.0714E-08	-1.1107E-08	5.4264E-07	1.8134E-06
2.6619E-08	-1.0787E-08	8.2889E-07	1.7013E-06
5.3816E-09	-7.1825E-09	1.0151E-06	1.6699E-06
2.6946E-08	1.2419E-09	7.1298E-07	1.1119E-06
4.5067E-09	-2.0877E-08	5.3859E-07	2.0438E-06
2.6933E-08	-1.6017E-08	1.5637E-06	1.0954E-06
6.8743E-09	1.3724E-08	8.4977E-08	1.0039E-06
-3.5193E-09	3.8447E-09	1.0066E-06	1.3809E-06
-1.9818E-08	-1.0270E-08	-3.7416E-07	7.3193E-07
2.6435E-08	-3.3066E-08	2.9065E-07	2.5023E-06
1.7778E-08	-3.9169E-08	6.9585E-07	1.2389E-06
8.2534E-09	2.4225E-08	3.9017E-07	2.1890E-06
-4.9854E-09	-8.7077E-09	1.2563E-06	1.2100E-06
2.7350E-08	-7.2283E-09	5.5867E-08	1.2206E-06
1.3379E-09	-7.0397E-09	4.4035E-07	1.9237E-06
-1.2608E-08	-1.2968E-08	9.9340E-07	1.6686E-06
4.0807E-09	-3.1704E-08	6.4259E-07	9.9717E-07
-1.6697E-08	-2.7103E-08	3.0755E-07	1.5800E-06
-1.3416E-08	2.3645E-09	6.8984E-07	1.3648E-06
-7.1886E-09	1.3311E-08	4.8969E-07	1.4219E-06
2.5187E-08	1.1230E-08	6.6922E-07	1.3012E-06
1.0040E-08	-9.9124E-09	8.0095E-07	1.0927E-06
-7.9877E-09	-1.0037E-08	2.1777E-07	3.6422E-07
-1.5311E-09	-1.4933E-08	-4.1279E-07	1.1198E-06
-6.7902E-09	1.6683E-08	-3.9745E-07	1.0087E-06
5.4247E-09	2.8336E-08	-8.2549E-07	1.9065E-06
-1.9860E-08	2.2344E-09	-1.5488E-07	2.1150E-06
2.3415E-08	-5.1365E-08	2.4994E-07	2.4536E-06
-1.4241E-08	-3.4125E-09	8.2016E-07	1.4686E-06
2.7146E-08	1.0446E-08	8.4677E-08	1.5102E-06
5.7409E-09	1.7423E-08	-2.3614E-08	1.1415E-06
1.1974E-08	-2.1138E-08	-6.4205E-07	2.5416E-06
9.1591E-09	2.0992E-08	1.3855E-06	1.8777E-06
2.9518E-08	-2.9412E-09	-3.2145E-07	1.0600E-06
2.9429E-08	4.8298E-09	5.4600E-07	2.0109E-06
1.8099E-08	-2.8831E-08	4.5466E-08	7.4167E-07
3.3651E-08	2.2575E-08	-6.6549E-07	1.4173E-06
2.0005E-08	-7.1678E-09	-9.7115E-07	1.9682E-06
3.0097E-08	-3.0264E-08	-3.8549E-08	2.7878E-06
-1.0123E-08	-8.3148E-09	3.6046E-07	1.6882E-06
3.8846E-08	-2.6319E-08	-6.6844E-07	1.6797E-06
-5.5873E-09	2.3493E-08	-7.7106E-07	2.8997E-06
1.9638E-08	-1.4128E-08	6.5337E-07	2.9541E-06
7.0133E-10	3.8271E-08	1.4489E-07	1.9995E-06
9.8892E-09	9.9312E-09	1.9778E-07	3.0570E-06
-6.3817E-09	1.6809E-09	1.1882E-06	2.2777E-06
1.7231E-08	5.4094E-09	3.1439E-07	1.9668E-06
4.9298E-09	7.5315E-09	8.3519E-07	2.5684E-06
-1.7057E-08	3.2922E-10	1.0129E-06	1.6579E-06
-1.3301E-08	-5.9230E-09	4.8386E-07	1.9258E-06
2.6110E-08	-5.0535E-09	8.9099E-07	1.7027E-06
1.0858E-08	7.6361E-09	3.3302E-07	1.6015E-06
3.0460E-09	-1.1281E-08	5.9095E-07	1.9785E-06
-1.0340E-08	1.2687E-08	9.2884E-07	1.6675E-06
-2.9712E-08	-4.3160E-09	7.4399E-07	1.0680E-06
2.9663E-08	4.1709E-09	2.4719E-07	1.0598E-06
-2.1437E-08	-9.6913E-09	-1.7838E-07	9.4836E-07
3.2762E-08	-1.9960E-08	-5.6566E-07	1.7836E-06
4.6921E-10	-8.1821E-09	5.5396E-08	1.8366E-06
3.9413E-09	-2.1635E-08	9.2309E-08	1.8480E-06
3.8777E-08	-3.0466E-08	2.2158E-08	1.1726E-06
-2.3424E-09	3.5016E-08	-6.9590E-07	2.2464E-06
2.4855E-08	4.6141E-09	8.5008E-07	1.6354E-06
8.2703E-09	2.0687E-08	-1.0953E-06	1.1110E-06
-5.8472E-09	-1.8127E-08	-3.1035E-07	2.8557E-06
-8.9515E-09	-4.4515E-09	4.1388E-07	2.0355E-06
1.4797E-08	-2.9487E-08	3.6564E-07	1.5035E-06
1.0557E-08	6.3141E-09	-6.7186E-07	1.4247E-06
6.0684E-09	1.4429E-08	-3.1676E-07	2.3691E-06
2.9686E-08	2.7201E-09	-2.6308E-10	2.2505E-06
1.6911E-08	3.6879E-09	7.9699E-07	1.9383E-06
2.8774E-08	-2.6974E-09	-5.0689E-08	8.0280E-07
8.9144E-09	-3.8017E-08	-5.9506E-07	1.5243E-06
4.0967E-09	-2.6823E-08	-6.6917E-07	1.5202E-06
-2.4287E-08	-3.3957E-08	-6.9325E-07	1.8077E-06
2.8287E-08	-1.4388E-08	-9.7225E-07	1.8951E-06
-8.5595E-09	-2.4606E-08	-5.7809E-07	2.3262E-06
1.4551E-08	3.1017E-08	-7.6976E-07	1.9866E-06
1.7709E-08	2.2653E-08	-6.2543E-07	2.5223E-06
3.6393E-09	-1.0493E-08	-4.1532E-07	2.2617E-06
-2.7882E-09	-5.0865E-08	-2.4291E-07	2.0504E-06
1.9506E-08	-2.6737E-08	-1.1262E-06	1.8155E-06
6.8597E-09	1.5747E-09	-6.2993E-07	2.7879E-06
-1.0313E-08	-2.9745E-09	-9.0755E-07	1.7537E-06
1.0090E-08	-2.2618E-08	-1.3201E-06	3.3463E-06
3.2291E-08	-3.8165E-08	1.1665E-07	2.4808E-06
2.9342E-08	1.9916E-08	-1.4747E-06	2.2421E-06
1.9357E-08	-5.7599E-09	-1.1055E-06	3.6808E-06
2.8347E-08	8.1888E-10	-4.3819E-08	3.8120E-06
1.9593E-08	4.1309E-09	6.4348E-07	2.8409E-06
-1.2008E-08	2.6178E-08	-2.9301E-07	2.5742E-06
1.8058E-08	1.5363E-08	6.1554E-07	3.0237E-06
-3.8627E-09	-1.7561E-08	8.2274E-08	1.2859E-06
7.7700E-09	1.8706E-08	-1.3935E-06	2.6833E-06
1.4741E-08	-4.6205E-08	1.0274E-07	3.1922E-06
1.1923E-08	1.7916E-08	-2.7185E-08	2.2359E-06
-2.8753E-08	7.5659E-09	-5.3638E-07	2.2500E-06
2.9078E-08	-4.1430E-09	-8.4026E-07	2.6608E-06
5.4649E-08	1.9627E-08	-6.9781E-07	3.0040E-06
8.5676E-09	-2.4409E-08	-3.0189E-07	3.4900E-06
4.5858E-09	-1.1159E-08	4.5084E-07	2.8211E-06
2.0638E-08	2.0237E-08	-1.4585E-07	2.6085E-06
-9.6463E-09	-2.4002E-08	2.1865E-07	2.4927E-06
2.0738E-08	7.4340E-09	-4.3133E-07	2.2985E-06
3.2275E-08	2.3856E-08	-2.6033E-07	2.7164E-06
-2.0824E-09	1.6237E-08	7.3042E-08	2.8105E-06
1.7350E-08	-2.8781E-08	4.6556E-07	1.5643E-06
-1.0397E-08	9.6409E-11	-1.5182E-06	1.9397E-06
-1.4037E-08	2.8831E-08	1.3690E-07	2.8461E-06
1.9546E-08	-3.9458E-09	-1.0331E-06	1.0596E-06
3.3126E-08	5.3737E-09	-1.6685E-06	2.9427E-06
3.1773E-08	-6.6198E-09	-7.0402E-07	2.7895E-06
5.4235E-09	-4.5707E-09	-4.9451E-07	2.2893E-06
-1.0809E-08	-2.9749E-09	-1.7998E-06	1.7136E-06
9.5306E-09	1.5587E-08	-1.8249E-06	3.3469E-06
-2.8528E-08	-7.2325E-09	-1.4670E-06	2.7673E-06
-5.0571E-09	-7.0849E-10	-1.6400E-06	3.7689E-06
8.1325E-09	-1.4341E-08	-8.1400E-07	3.0138E-06
-1.9853E-08	-5.2110E-09	-1.9464E-06	3.0753E-06
-2.3046E-09	-9.8534E-10	-1.8693E-06	4.0789E-06
-2.5865E-08	8.1962E-09	-8.0843E-07	4.5776E-06
2.2156E-08	1.5082E-08	-3.9812E-07	3.3562E-06
-1.2464E-08	-1.2373E-08	-1.2670E-06	3.5738E-06
-4.3136E-09	-2.9770E-08	-9.8150E-07	3.6539E-06
7.9143E-09	3.0515E-09	-1.4257E-06	3.8755E-06
1.2065E-08	1.1248E-08	-1.1276E-06	4.3271E-06
3.2327E-08	9.7881E-09	-8.1917E-07	4.6326E-06
-1.0020E-08	7.1645E-09	-1.2241E-09	4.3592E-06
7.1532E-09	-2.9538E-08	-3.0888E-07	3.5565E-06
1.9283E-08	7.4368E-09	-8.9539E-07	3.9999E-06
1.3514E-08	5.3213E-09	-2.0436E-07	4.4100E-06
-5.0217E-09	-2.2003E-08	-5.7336E-08	3.7106E-06
-2.7451E-08	3.5883E-08	-1.7458E-07	3.8435E-06
-5.0580E-09	4.6680E-08	-6.8764E-08	3.0987E-06
-2.6330E-09	2.1326E-08	-1.1907E-06	3.3761E-06
1.2925E-09	-2.7974E-08	-4.6078E-07	4.0416E-06
1.7724E-08	-1.5538E-08	-7.3021E-07	3.0323E-06
3.0706E-10	-3.6481E-08	-1.7236E-06	4.1690E-06
1.5433E-08	-2.0309E-08	-1.0430E-07	4.8082E-06
3.4381E-09	-2.3184E-09	9.3098E-08	3.1720E-06
2.6216E-08	-1.2861E-09	-1.2723E-06	3.0984E-06
-4.0674E-08	7.9301E-09	-1.4069E-06	4.3492E-06
5.2902E-09	-3.2695E-08	1.5387E-07	4.0355E-06
6.7828E-08	1.7167E-08	-1.2402E-06	2.1480E-06
2.9764E-09	1.4231E-08	-2.7514E-06	4.2335E-06
-1.4595E-08	-4.5751E-09	-1.3164E-06	4.6483E-06
-1.0525E-08	-3.1506E-08	-1.7912E-06	4.7203E-06
-7.5336E-10	4.8785E-09	-7.4879E-07	5.0744E-06
2.1812E-08	1.7857E-09	-1.2113E-06	4.2408E-06
3.4208E-08	-8.6543E-09	-1.2997E-06	5.2337E-06
-2.0071E-08	-2.4264E-08	-5.0005E-07	5.0072E-06
1.8377E-08	-5.7187E-09	-2.9327E-07	4.7226E-06
1.6607E-08	8.0871E-10	-2.2258E-07	3.7464E-06
5.2472E-09	1.2358E-08	-1.6406E-06	3.5945E-06
-1.9078E-08	-3.5295E-08	-1.5716E-06	4.7525E-06
-7.0371E-09	-1.0691E-08	-1.1565E-06	4.2280E-06
2.7145E-08	-2.6026E-08	-1.7869E-06	4.4087E-06
-2.7823E-08	-6.8577E-09	-1.6716E-06	4.1852E-06
1.3414E-08	2.4222E-08	-3.0672E-06	4.8044E-06
7.7760E-09	2.1709E-09	-1.6057E-06	6.0821E-06
-1.2312E-08	3.5507E-09	-1.9743E-06	4.5355E-06
-1.8791E-09	9.1490E-09	-2.4563E-06	6.0123E-06
-4.4491E-08	-2.2989E-08	-2.1010E-06	5.1539E-06
2.0360E-08	-2.6041E-08	-3.0345E-06	6.8008E-06
-2.8608E-08	-1.6083E-08	-1.1442E-06	6.2993E-06
-3.5047E-08	-1.3164E-08	-2.8722E-06	6.0417E-06
2.1592E-09	-2.7177E-08	-1.9901E-06	7.2901E-06
-2.9501E-08	-4.3720E-08	-2.0833E-06	6.9017E-06
-2.4950E-08	2.3554E-09	-1.8014E-06	7.3472E-06
-1.3598E-08	-2.9884E-08	-2.0345E-06	7.4659E-06
1.6404E-09	-3.7203E-08	-1.3094E-06	7.8653E-06
3.8227E-09	1.0460E-08	-1.6554E-06	7.4230E-06
-2.5092E-08	-1.9772E-08	-1.4093E-06	8.1736E-06
1.6540E-08	2.1817E-08	-1.1442E-06	7.5772E-06
2.0420E-08	8.4134E-09	-2.1470E-06	7.7383E-06
1.1538E-08	-4.5071E-09	-2.0167E-06	9.4383E-06
-9.6427E-09	6.8156E-09	-3.7697E-07	8.9087E-06
9.2389E-09	-2.0464E-08	-1.7473E-06	8.7289E-06
-7.3513E-09	-3.8876E-08	-3.0109E-07	9.7837E-06
-5.9104E-09	1.0634E-08	-1.1435E-06	7.9520E-06
2.4796E-08	3.1335E-09	-2.4373E-06	1.0042E-05
-2.0788E-08	1.0631E-09	-1.4779E-06	1.0716E-05
-2.1244E-08	1.0675E-08	-1.7164E-06	1.1533E-05
1.0307E-08	9.2078E-09	-1.1585E-06	1.2970E-05
4.5376E-08	-1.3663E-08	3.5796E-07	1.4099E-05
-1.0770E-08	-7.6058E-09	1.6365E-06	1.4205E-05
5.5689E-09	6.2770E-10	2.9059E-06	1.4933E-05
1.9287E-08	-1.3290E-08	5.0841E-06	1.5024E-05
1.3197E-08	-3.6015E-08	7.4546E-06	1.3893E-05
-3.2752E-08	-7.3674E-09	8.3777E-06	1.1461E-05
4.4732E-08	4.6026E-09	7.9052E-06	9.8975E-06
-1.0211E-08	-1.1816E-08	7.1410E-06	9.4554E-06
-3.4506E-08	6.5491E-09	7.6948E-06	9.7033E-06
4.5426E-08	-1.7919E-08	8.3291E-06	8.7831E-06
-1.0487E-08	7.3022E-09	9.1458E-06	7.8920E-06
-6.9094E-10	3.2097E-08	8.8246E-06	5.3539E-06
1.2132E-08	-5.8347E-09	6.9475E-06	5.0289E-06
-6.1139E-09	7.8392E-09	6.8789E-06	4.7392E-06
-1.3042E-08	-1.1080E-08	5.4978E-06	3.8726E-06
1.3600E-08	2.2467E-08	4.0414E-06	4.4619E-06
-1.1351E-08	-1.2449E-09	3.3407E-06	5.7228E-06
-1.1218E-08	5.6429E-09	4.0609E-06	6.7661E-06
-1.7808E-08	-5.6601E-09	4.3974E-06	6.5481E-06
-1.6287E-08	-4.3892E-08	4.7454E-06	6.9800E-06
3.8353E-09	4.4476E-09	5.0353E-06	6.1182E-06
-1.1575E-09	5.6615E-10	4.3276E-06	6.6683E-06
-8.9607E-09	-2.1534E-08	5.1421E-06	6.4681E-06
3.5017E-10	5.4901E-09	4.2951E-06	6.4048E-06
2.0632E-08	-7.0605E-09	4.6060E-06	6.8885E-06
-2.0620E-09	3.1350E-08	4.5543E-06	7.6284E-06
-2.2924E-08	1.1601E-08	6.2542E-06	7.2132E-06
-6.8242E-09	-1.0134E-08	4.9785E-06	6.6894E-06
1.4337E-08	4.0837E-10	6.7383E-06	7.5286E-06
9.4438E-09	1.3979E-08	5.8408E-06	5.3651E-06
-5.2412E-08	-1.5300E-08	5.4410E-06	7.2912E-06
8.8719E-09	-1.3083E-09	6.5325E-06	6.7392E-06
1.2884E-08	-4.0784E-08	7.3411E-06	7.1434E-06
4.7169E-09	1.2748E-08	8.4580E-06	4.9803E-06
2.3534E-08	-1.1346E-09	7.2885E-06	3.6386E-06
1.8914E-08	-8.1621E-09	5.4597E-06	2.6375E-06
-4.1696E-09	1.2206E-08	3.6404E-06	4.6128E-06
8.9757E-09	3.4114E-08	4.5323E-06	5.6816E-06
8.7105E-09	8.3231E-09	4.8194E-06	6.3500E-06
2.5468E-08	2.2204E-08	5.9325E-06	6.3286E-06
1.0684E-08	-2.0613E-08	6.1925E-06	6.0597E-06
-9.8573E-09	1.5798E-08	6.8165E-06	5.5750E-06
-1.5277E-09	2.9016E-09	6.6911E-06	4.7195E-06
3.9662E-08	-6.7029E-09	5.9005E-06	4.2059E-06
1.6214E-08	-6.0880E-09	5.2269E-06	4.8527E-06
-5.2339E-09	1.7210E-08	5.3493E-06	5.2428E-06
-7.1757E-09	-3.6126E-08	5.5733E-06	5.8674E-06
-1.5796E-08	-1.5856E-09	6.4035E-06	5.5937E-06
-9.4820E-09	-6.0497E-10	5.9820E-06	5.3212E-06
-6.9988E-09	4.4432E-09	6.3341E-06	6.1766E-06
-1.7181E-08	5.5898E-09	7.6950E-06	5.6927E-06
-6.6115E-09	-1.3120E-08	7.3614E-06	4.7514E-06
-1.6683E-08	4.2720E-09	8.0265E-06	4.9398E-06
2.1914E-08	-1.6025E-09	7.8890E-06	3.0551E-06
1.7057E-08	-1.7349E-09	6.7490E-06	3.7918E-06
1.0866E-08	1.9328E-08	7.8592E-06	3.0525E-06
-1.5457E-08	-3.5455E-08	6.4161E-06	2.2691E-06
-3.5511E-09	9.7468E-09	6.3321E-06	2.6147E-06
2.8858E-08	-2.0788E-10	5.5827E-06	2.4064E-06
1.5181E-08	-5.9230E-09	5.7020E-06	2.6866E-06
5.6877E-10	-2.2562E-08	4.7314E-06	2.2313E-06
2.3147E-09	-1.4078E-08	4.5457E-06	3.4351E-06
1.1421E-08	1.5728E-08	4.7396E-06	2.8981E-06
-1.7056E-08	-3.9112E-08	3.6830E-06	3.4858E-06
1.0330E-08	2.7582E-10	4.0066E-06	4.5542E-06
5.2355E-09	-2.7013E-09	4.8798E-06	4.4623E-06
-1.5244E-08	-9.6022E-09	3.8692E-06	3.6788E-06
2.2566E-08	-1.3021E-08	3.1701E-06	5.7950E-06
4.4940E-10	-2.6309E-08	4.8238E-06	6.2713E-06
-3.3037E-08	-2.4200E-08	5.1401E-06	6.1633E-06
-2.1153E-08	-1.3482E-08	5.3786E-06	5.7391E-06
-4.2022E-08	-2.1326E-08	4.8040E-06	6.5173E-06
-2.7457E-09	2.2943E-08	5.1751E-06	6.8916E-06
2.2846E-08	-2.0950E-09	4.8870E-06	9.3971E-06
7.4289E-09	-8.7302E-09	9.1506E-06	1.0688E-05
-7.5347E-10	2.8185E-08	1.1491E-05	9.2479E-06
2.5653E-08	-3.9130E-08	1.4968E-05	6.4998E-06
-7.1703E-09	1.0528E-08	1.3084E-05	1.7333E-06
1.3641E-08	-6.7771E-10	1.1769E-05	2.0229E-06
-3.9074E-08	-5.0703E-09	1.1191E-05	-1.4861E-07
1.9308E-08	-4.1566E-09	9.1843E-06	2.1134E-07
-2.5910E-09	1.0298E-08	9.6236E-06	-5.4005E-08
3.7555E-08	5.9637E-09	8.1287E-06	-1.6177E-06
-2.2021E-08	-1.3013E-08	5.9411E-06	-3.9513E-07
-8.7590E-09	2.4939E-08	6.6006E-06	4.2949E-07
-5.4535E-09	-6.1927E-09	5.4101E-06	2.3811E-07
-3.9001E-08	-1.9218E-09	5.6388E-06	1.7566E-06
8.1697E-09	-1.0129E-11	6.1280E-06	1.4733E-06
6.6439E-09	-2.2543E-08	5.8304E-06	1.1521E-06
2.7975E-09	1.6042E-08	4.6333E-06	2.2189E-06
-1.4263E-08	6.8870E-09	6.3850E-06	3.4056E-06
-1.7614E-09	-3.1796E-08	6.5038E-06	2.9809E-06
-9.0630E-09	-1.5040E-08	8.8026E-06	2.8224E-06
-1.7576E-08	-5.2545E-09	7.0772E-06	-3.4257E-07
2.7703E-09	-7.3760E-09	5.8042E-06	1.8543E-06
3.9814E-09	1.8736E-08	6.0290E-06	1.7616E-06
-3.3537E-09	2.2127E-08	7.3220E-06	3.5008E-06
-2.4578E-08	-4.2196E-09	8.6578E-06	6.6590E-07
3.9683E-08	-1.3841E-08	7.1836E-06	6.4606E-07
1.6263E-08	-3.0169E-08	6.8669E-06	-5.4239E-07
-2.9420E-09	-6.5105E-09	5.1599E-06	1.0262E-06
3.7146E-09	-1.3549E-08	6.5401E-06	1.4115E-06
1.5031E-08	-3.3163E-09	6.6125E-06	1.6089E-06
1.1357E-08	-1.8664E-08	7.5869E-06	6.6287E-07
2.5920E-08	2.3688E-08	6.9256E-06	3.4974E-07
8.5985E-09	-1.8320E-09	7.2207E-06	-6.7380E-07
3.3100E-09	-3.3374E-08	5.4804E-06	-7.2017E-07
2.5780E-08	-1.7532E-08	5.6906E-06	-9.6022E-08
-1.6608E-08	-2.5369E-09	5.1646E-06	4.5139E-08
1.2503E-08	-2.5300E-09	5.7520E-06	5.8888E-07
3.6594E-08	1.4978E-09	6.1119E-06	-3.2855E-08
3.3858E-09	1.0423E-09	5.7894E-06	-7.0478E-07
1.7942E-08	1.1857E-08	5.0075E-06	-8.6447E-07
-2.3791E-09	7.1975E-09	4.4485E-06	-4.8261E-07
-1.6409E-08	-2.8421E-08	4.7026E-06	-1.8511E-07
1.1300E-08	8.7291E-09	4.0940E-06	-7.5687E-07
-8.3254E-09	-1.1053E-08	3.6701E-06	3.2044E-07
-6.5067E-09	9.7839E-10	4.1575E-06	-1.1690E-07
8.9269E-09	1.8544E-08	3.0982E-06	6.3542E-08
-4.8175E-08	-2.6881E-08	3.0305E-06	9.6983E-07
-1.0338E-08	3.2918E-08	3.5588E-06	1.5493E-06
5.9217E-09	1.8345E-08	3.9788E-06	1.1802E-06
-1.7420E-08	1.6334E-08	3.6883E-06	9.7409E-07
-1.5579E-09	-3.4402E-08	2.8725E-06	1.3361E-06
3.9363E-09	-2.3384E-08	3.6476E-06	2.7402E-06
2.3068E-08	8.8091E-09	4.4120E-06	1.7359E-06
3.0102E-08	7.0080E-09	4.0195E-06	2.0144E-06
-4.9705E-09	9.2117E-09	4.1069E-06	1.4566E-06
9.2791E-09	1.0117E-08	3.3078E-06	2.3613E-06
-1.7106E-08	-2.2472E-08	4.1919E-06	2.7457E-06
-2.9228E-08	-5.2740E-10	4.3373E-06	3.0065E-06
3.9844E-08	5.2382E-09	5.2684E-06	2.9136E-06
9.1162E-09	8.5247E-09	5.6672E-06	2.3140E-06
7.3935E-09	-6.0657E-09	5.4389E-06	1.1416E-06
-3.2938E-08	3.0413E-08	3.9320E-06	1.1857E-06
3.9871E-10	1.2922E-08	3.2570E-06	2.5474E-06
2.9768E-08	-2.7044E-08	4.2929E-06	3.9972E-06
-9.6374E-09	1.3013E-08	4.9289E-06	3.7600E-06
2.4520E-08	8.8605E-09	5.9094E-06	5.6181E-06
-4.9553E-08	8.1916E-09	9.7948E-06	4.4074E-06
1.2053E-08	6.6428E-09	1.0278E-05	6.9366E-07
3.1347E-08	-2.9810E-08	8.4418E-06	-1.8151E-06
1.2766E-08	-1.0818E-08	5.8359E-06	-1.9763E-06
-1.5496E-08	-1.0554E-08	4.7569E-06	-8.8680E-07
1.5319E-08	1.6131E-08	4.7925E-06	-4.3264E-07
-8.2524E-09	-9.2691E-09	3.7967E-06	-3.5070E-07
3.5800E-09	-1.3500E-08	4.2347E-06	1.0130E-06
1.5686E-10	1.4032E-08	3.9115E-06	-7.6163E-08
-1.5221E-08	2.3425E-08	2.9513E-06	2.1048E-06
7.0560E-09	3.1561E-08	4.5027E-06	2.4928E-06
1.4124E-08	-5.5222E-09	5.3178E-06	3.7116E-06
1.6245E-08	-2.3168E-09	8.4987E-06	1.8349E-06
2.3913E-08	-1.4922E-08	6.8312E-06	-9.9408E-07
-9.7344E-09	-2.1249E-08	5.3675E-06	-8.3331E-07
3.0385E-08	1.0976E-09	4.8027E-06	-2.9746E-07
-1.3439E-08	-3.6033E-08	4.9056E-06	-3.4766E-07
-8.7747E-09	-7.6319E-09	4.6775E-06	-5.1577E-07
1.8987E-08	9.0381E-10	3.6573E-06	-1.1561E-06
-6.6981E-09	2.0015E-08	2.8418E-06	6.0579E-07
1.0952E-08	4.7643E-09	3.8047E-06	2.5013E-07
5.6792E-09	2.1413E-08	2.8762E-06	9.3997E-07
-1.9791E-08	1.2317E-08	3.7959E-06	7.8408E-07
8.4635E-09	1.8533E-09	2.8054E-06	1.1746E-06
2.1020E-08	-2.5280E-08	3.5525E-06	1.2191E-06
-4.0316E-09	-2.2861E-08	2.4931E-06	2.0192E-06
1.0421E-08	-8.9496E-09	4.4916E-06	2.4107E-06
3.6603E-08	-1.8955E-08	3.5625E-06	1.1913E-06
-1.0917E-08	9.3836E-09	3.5142E-06	1.9623E-06
3.9768E-08	1.6388E-08	3.1066E-06	2.2135E-06
-1.7316E-09	-8.8322E-09	3.9232E-06	2.8550E-06
9.4441E-10	-1.0550E-08	3.7492E-06	2.6251E-06
-5.6008E-09	1.1561E-08	4.3372E-06	3.2300E-06
2.2647E-08	1.2280E-08	4.7933E-06	3.1546E-06
-1.8226E-08	6.1633E-09	5.8318E-06	2.4455E-06
4.1400E-09	-1.2611E-08	4.6069E-06	1.3767E-06
-9.9666E-09	1.4714E-08	4.3723E-06	2.2462E-06
6.9383E-09	-7.7861E-09	4.1011E-06	2.0915E-06
5.2183E-09	9.4141E-09	3.9417E-06	2.9978E-06
2.0501E-08	-2.3303E-08	4.6753E-06	3.5939E-06
-1.2042E-08	6.9426E-09	5.6850E-06	2.8905E-06
3.8770E-08	1.0584E-08	4.6832E-06	2.4176E-06
1.4079E-08	3.2024E-09	5.1425E-06	3.0644E-06
2.1274E-08	1.7729E-08	4.6384E-06	2.3814E-06
2.2250E-08	-3.7755E-08	4.0180E-06	3.4256E-06
-2.4185E-08	1.9247E-09	4.1021E-06	4.7396E-06
1.0165E-08	-7.6162E-09	6.3333E-06	5.9910E-06
6.0235E-09	-3.8298E-08	7.6448E-06	3.9296E-06
-9.5589E-10	3.8161E-08	6.6059E-06	3.8825E-06
2.2110E-08	5.6252E-09	7.8711E-06	4.3127E-06
1.7654E-08	-1.9940E-09	8.2249E-06	2.4731E-06
2.6562E-08	-5.6265E-09	6.3478E-06	2.3437E-06
-2.7903E-08	-4.6910E-10	6.3257E-06	3.7837E-06
4.1299E-09	2.5467E-08	6.3753E-06	4.1612E-06
-2.4321E-08	9.7246E-09	6.2220E-06	6.1594E-06
-5.6079E-09	3.8920E-09	9.0505E-06	8.8991E-06
-1.1329E-09	-3.4249E-09	1.4249E-05	8.0950E-06
1.7005E-08	-3.1556E-08	1.7154E-05	4.1195E-06
8.5433E-09	-5.6774E-09	1.7524E-05	-8.2227E-07
1.5466E-08	1.5380E-08	1.3977E-05	-3.7823E-06
1.2117E-08	1.7079E-08	1.2926E-05	-3.1863E-06
-1.5845E-10	-2.4053E-08	1.1919E-05	-5.4803E-06
1.3910E-08	-1.5843E-09	9.1523E-06	-4.6966E-06
-3.7082E-08	1.4358E-08	9.3773E-06	-4.2040E-06
1.2765E-08	3.4171E-08	8.1014E-06	-4.1647E-06
-2.6077E-08	1.4109E-08	8.6878E-06	-2.8975E-06
-7.8585E-09	1.9608E-08	9.7230E-06	-4.0612E-06
2.5581E-08	1.7850E-08	9.1479E-06	-5.5811E-06
-6.0066E-09	8.5004E-09	7.4395E-06	-6.6376E-06
-7.9348E-09	-4.1507E-09	5.5434E-06	-5.6666E-06
-5.6826E-09	-2.9677E-08	5.8759E-06	-4.6472E-06
8.4286E-09	-2.6839E-08	5.6946E-06	-5.2240E-06
1.5341E-08	-1.6427E-08	4.8222E-06	-5.0953E-06
-2.3130E-09	1.1176E-08	4.0984E-06	-4.7301E-06
-3.7194E-08	-1.3582E-08	3.8900E-06	-3.8774E-06
1.1531E-08	-6.9241E-09	3.7652E-06	-4.0902E-06
1.9179E-09	-3.1984E-08	2.6898E-06	-2.8592E-06
-2.0017E-08	1.1609E-08	4.2331E-06	-1.8781E-06
-1.6928E-08	3.9670E-09	4.1523E-06	-2.9017E-06
2.2793E-08	2.1676E-08	3.9071E-06	-2.1757E-06
-2.5504E-09	4.2177E-09	4.2152E-06	-2.4071E-06
1.8706E-10	9.8867E-09	3.8468E-06	-2.0559E-06
-7.0591E-09	-9.8247E-09	4.4154E-06	-1.5099E-06
3.6345E-09	6.1416E-09	5.1494E-06	-2.2443E-06
-5.4011E-09	-1.2031E-08	4.0570E-06	-2.5339E-06
1.5197E-08	-1.1637E-09	4.8245E-06	-1.6226E-06
-1.9008E-08	1.2703E-08	4.6322E-06	-2.7082E-06
-7.3352E-09	2.6815E-08	4.8004E-06	-1.5335E-06
-5.8068E-09	2.3192E-08	5.7541E-06	-3.0517E-06
-3.8661E-09	1.6498E-09	4.7971E-06	-3.1179E-06
1.2350E-08	3.6486E-08	5.0689E-06	-4.0885E-06
-5.5059E-09	-1.0708E-08	3.1854E-06	-4.1671E-06
5.9611E-09	2.2047E-08	2.9603E-06	-3.0381E-06
3.9651E-09	1.6043E-08	3.2911E-06	-2.3835E-06
-1.2380E-08	2.6546E-08	3.7573E-06	-2.6732E-06
5.3733E-09	-3.7511E-10	3.8605E-06	-2.2135E-06
2.3238E-08	-2.5000E-08	5.1778E-06	-3.4402E-06
2.1737E-10	2.1630E-08	3.6506E-06	-5.1425E-06
-2.8367E-08	-2.0840E-09	1.9089E-06	-5.0836E-06
-8.0725E-09	-1.1872E-08	-6.0585E-08	-3.9229E-06
-1.4287E-08	-5.9413E-08	-2.7824E-07	-5.6090E-07
2.6815E-08	1.0345E-08	4.1859E-06	6.8772E-07
-1.0730E-08	-2.5699E-09	4.8850E-06	-4.5991E-06
-4.5517E-08	-1.9452E-08	-3.2682E-08	-4.2965E-06
-9.8329E-09	6.8790E-09	7.3548E-07	7.8950E-08
-1.8375E-08	1.5821E-08	4.0612E-06	-2.9280E-06
1.9856E-09	4.1951E-10	-4.7294E-07	-3.3995E-06
1.9747E-09	4.1047E-10	9.1503E-08	-2.0426E-07
1.9638E-09	4.0152E-10	1.2071E-06	4.0577E-07
1.9529E-09	3.9266E-10	2.9658E-06	4.7263E-07
1.9421E-09	3.8389E-10	2.8435E-06	-1.1368E-06
1.9314E-09	3.7521E-10	2.5656E-06	-4.1119E-07
1.9206E-09	3.6662E-10	2.7955E-06	-1.3567E-06
1.9099E-09	3.5812E-10	2.2203E-06	-1.6866E-07
1.8993E-09	3.4971E-10	3.9144E-06	-1.2627E-06
1.8887E-09	3.4138E-10	1.9785E-06	-1.9812E-06
1.8781E-09	3.3314E-10	2.0312E-06	-1.0434E-06
1.8675E-09	3.2498E-10	1.7812E-06	-6.1696E-07
1.8570E-09	3.1691E-10	2.5435E-06	-5.7423E-07
1.8466E-09	3.0892E-10	2.0517E-06	-2.4174E-07
1.8362E-09	3.0102E-10	3.7206E-06	-6.0051E-07
1.8258E-09	2.9319E-10	1.8364E-06	-2.2160E-06
1.8154E-09	2.8546E-10	1.0282E-06	-4.4145E-08
1.8051E-09	2.7780E-10	2.2774E-06	6.9749E-07
1.7949E-09	2.7022E-10	3.3669E-06	1.0577E-07
1.7846E-09	2.6272E-10	3.0465E-06	-6.1184E-07
1.7744E-09	2.5530E-10	2.8288E-06	-1.2040E-06
1.7643E-09	2.4797E-10	1.0503E-06	-2.6038E-07
1.7542E-09	2.4071E-10	3.2948E-06	1.4127E-06
1.7441E-09	2.3352E-10	3.5356E-06	-7.6612E-07
1.7341E-09	2.2642E-10	2.8393E-06	1.9388E-09
1.7241E-09	2.1939E-10	3.3638E-06	-2.5308E-07
1.7141E-09	2.1243E-10	3.5458E-06	-3.4048E-07
1.7042E-09	2.0556E-10	3.2206E-06	-1.0924E-06
1.6943E-09	1.9875E-10	2.7965E-06	-4.2721E-07
1.6845E-09	1.9203E-10	3.1954E-06	-6.1376E-07
1.6747E-09	1.8537E-10	2.9648E-06	-3.8372E-07
1.6649E-09	1.7879E-10	3.6777E-06	-4.9443E-07
1.6552E-09	1.7228E-10	3.3538E-06	-1.4158E-06
1.6455E-09	1.6584E-10	2.5457E-06	-1.0550E-06
1.6359E-09	1.5947E-10	2.9021E-06	-6.2934E-07
1.6263E-09	1.5318E-10	3.1560E-06	-1.0717E-06
1.6167E-09	1.4695E-10	2.2559E-06	-1.6422E-06
1.6072E-09	1.4079E-10	1.5440E-06	5.1218E-09
1.5977E-09	1.3471E-10	3.3492E-06	-1.3357E-08
1.5883E-09	1.2869E-10	2.2789E-06	-8.0429E-07
1.5789E-09	1.2274E-10	2.7907E-06	6.0439E-07
1.5695E-09	1.1685E-10	3.8868E-06	-2.3103E-07
1.5602E-09	1.1104E-10	3.5082E-06	-1.0911E-06
1.5509E-09	1.0529E-10	2.8718E-06	-8.2233E-07
1.5416E-09	9.9601E-11	3.4583E-06	-8.1637E-07
1.5324E-09	9.3981E-11	2.9966E-06	-1.2444E-06
1.5232E-09	8.8426E-11	3.3372E-06	-1.2800E-06
1.5141E-09	8.2935E-11	2.4646E-06	-2.2148E-06
1.5050E-09	7.7508E-11	1.3966E-06	-1.3695E-06
1.4959E-09	7.2144E-11	1.6630E-06	-3.4867E-07
1.4869E-09	6.6842E-11	2.2432E-06	-6.6909E-07
1.4779E-09	6.1603E-11	1.5187E-06	-2.2907E-07
1.4690E-09	5.6425E-11	2.4498E-06	-9.5284E-09
1.4601E-09	5.1308E-11	1.6637E-06	3.1931E-07
1.4512E-09	4.6252E-11	3.9922E-06	8.1341E-07
1.4424E-09	4.1255E-11	2.8447E-06	-1.9064E-06
1.4336E-09	3.6319E-11	1.6606E-06	1.0928E-07
1.4248E-09	3.1441E-11	2.7392E-06	-7.3014E-08
1.4161E-09	2.6622E-11	2.6390E-06	1.2604E-07
1.4074E-09	2.1861E-11	3.0939E-06	-3.3791E-07
1.3988E-09	1.7158E-11	2.5289E-06	-5.5325E-07
1.3902E-09	1.2512E-11	2.3638E-06	1.1803E-07
1.3816E-09	7.9224E-12	3.3484E-06	-7.4832E-08
1.3731E-09	3.3891E-12	2.3726E-06	-6.9726E-07
1.3646E-09	-1.0885E-12	2.7865E-06	3.4259E-07
1.3562E-09	-5.5108E-12	2.7992E-06	-2.1920E-07
1.3478E-09	-9.8784E-12	3.5042E-06	4.0068E-07
1.3394E-09	-1.4192E-11	3.4007E-06	-1.2158E-06
1.3311E-09	-1.8451E-11	2.4353E-06	-3.2747E-07
1.3228E-09	-2.2657E-11	2.8476E-06	-5.2068E-08
1.3145E-09	-2.6810E-11	4.0858E-06	3.1725E-07
1.3063E-09	-3.0911E-11	4.0570E-06	-2.3880E-06
1.2981E-09	-3.4959E-11	1.5923E-06	-1.3908E-06
1.2900E-09	-3.8956E-11	2.5754E-06	-6.2260E-07
1.2819E-09	-4.2902E-11	2.3073E-06	-8.1066E-07
1.2738E-09	-4.6797E-11	2.2897E-06	-8.1619E-07
1.2658E-09	-5.0642E-11	1.9554E-06	-2.4563E-07
1.2578E-09	-5.4437E-11	2.6776E-06	-2.1066E-07
1.2498E-09	-5.8182E-11	2.4297E-06	-4.8075E-07
1.2419E-09	-6.1878E-11	2.3597E-06	-3.0883E-07
1.2340E-09	-6.5526E-11	2.5203E-06	-4.5395E-08
1.2262E-09	-6.9126E-11	2.6855E-06	-2.1411E-07
1.2183E-09	-7.2678E-11	2.9864E-06	-2.5588E-08
1.2106E-09	-7.6183E-11	3.0776E-06	-8.6801E-07
1.2028E-09	-7.9640E-11	2.6119E-06	-6.3349E-07
1.1951E-09	-8.3051E-11	2.3914E-06	-1.1464E-06
1.1875E-09	-8.6417E-11	1.8641E-06	1.6173E-07
1.1798E-09	-8.9736E-11	3.4039E-06	-6.9724E-07
1.1723E-09	-9.3010E-11	1.2985E-06	-9.9074E-07
1.1647E-09	-9.6239E-11	2.4939E-06	8.3599E-07
1.1572E-09	-9.9424E-11	3.0066E-06	-7.6844E-07
1.1497E-09	-1.0256E-10	1.9243E-06	-2.4094E-07
1.1423E-09	-1.0566E-10	2.7442E-06	1.9314E-07
1.1348E-09	-1.0872E-10	2.5855E-06	-4.1480E-07
1.1275E-09	-1.1173E-10	2.5247E-06	4.3234E-07
1.1201E-09	-1.1469E-10	3.8974E-06	-1.4075E-07
1.1128E-09	-1.1762E-10	3.1539E-06	-1.5380E-06
1.1056E-09	-1.2050E-10	2.0943E-06	-1.2258E-06
1.0983E-09	-1.2335E-10	2.0528E-06	-5.9665E-07
1.0911E-09	-1.2615E-10	2.1354E-06	-8.2216E-07
1.0840E-09	-1.2891E-10	1.4612E-06	-3.1511E-07
1.0768E-09	-1.3163E-10	2.1470E-06	3.1247E-07
1.0698E-09	-1.3431E-10	2.3990E-06	4.1741E-08
1.0627E-09	-1.3695E-10	2.5585E-06	-1.1669E-07
1.0557E-09	-1.3955E-10	2.2477E-06	-1.2869E-07
1.0487E-09	-1.4212E-10	2.6628E-06	3.2101E-08
1.0418E-09	-1.4464E-10	2.3722E-06	-3.6278E-07
1.0348E-09	-1.4713E-10	2.4427E-06	4.6359E-08
1.0280E-09	-1.4958E-10	2.4462E-06	-1.8472E-07
1.0211E-09	-1.5199E-10	2.6811E-06	7.1095E-08
1.0143E-09	-1.5436E-10	2.5327E-06	-5.8644E-07
1.0075E-09	-1.5670E-10	2.2021E-06	1.0279E-07
1.0008E-09	-1.5900E-10	2.6870E-06	-2.6612E-07
9.9407E-10	-1.6126E-10	2.3027E-06	7.9371E-08
9.8740E-10	-1.6349E-10	2.9740E-06	-4.2327E-07
9.8076E-10	-1.6568E-10	1.8272E-06	-2.8551E-07
9.7415E-10	-1.6784E-10	3.0518E-06	1.7231E-07
9.6758E-10	-1.6996E-10	2.0224E-06	-1.0820E-06
9.6104E-10	-1.7205E-10	1.8911E-06	6.2097E-07
9.5454E-10	-1.7411E-10	2.8227E-06	-3.0149E-07
9.4807E-10	-1.7613E-10	1.8555E-06	-5.0364E-08
9.4163E-10	-1.7812E-10	2.5982E-06	2.5700E-07
9.3523E-10	-1.8007E-10	2.2623E-06	-4.7365E-07
9.2886E-10	-1.8199E-10	1.4136E-06	3.4614E-07
9.2252E-10	-1.8388E-10	2.6228E-06	1.1984E-06
9.1621E-10	-1.8574E-10	2.8142E-06	7.2358E-08
9.0994E-10	-1.8756E-10	2.4755E-06	7.1339E-07
9.0370E-10	-1.8935E-10	3.0779E-06	2.8655E-07
8.9750E-10	-1.9112E-10	2.8231E-06	5.2772E-07
8.9132E-10	-1.9285E-10	3.6457E-06	-4.7577E-08
8.8518E-10	-1.9455E-10	2.6606E-06	-8.9829E-07
8.7908E-10	-1.9622E-10	1.5605E-06	-1.0423E-07
8.7300E-10	-1.9785E-10	2.3977E-06	1.5632E-06
8.6696E-10	-1.9946E-10	3.8737E-06	3.1943E-07
8.6095E-10	-2.0104E-10	2.9087E-06	6.7559E-08
8.5497E-10	-2.0259E-10	3.3816E-06	-2.9154E-07
8.4902E-10	-2.0412E-10	2.0304E-06	1.5921E-07
8.4310E-10	-2.0561E-10	3.8033E-06	9.3859E-07
8.3722E-10	-2.0707E-10	3.3016E-06	-6.3265E-07
8.3137E-10	-2.0851E-10	3.1292E-06	1.8896E-07
8.2555E-10	-2.0992E-10	3.3423E-06	-2.7638E-07
8.1976E-10	-2.1130E-10	3.4418E-06	-3.7460E-07
8.1400E-10	-2.1265E-10	2.6694E-06	-6.5103E-07
8.0827E-10	-2.1398E-10	3.4056E-06	2.9548E-07
8.0258E-10	-2.1528E-10	3.4308E-06	-1.3038E-06
7.9691E-10	-2.1655E-10	2.3278E-06	-4.7333E-07
7.9128E-10	-2.1780E-10	2.9514E-06	-3.6217E-07
7.8568E-10	-2.1902E-10	2.9605E-06	-4.3850E-07
7.8011E-10	-2.2021E-10	2.7503E-06	-8.8814E-07
7.7457E-10	-2.2138E-10	2.6155E-06	-3.8596E-07
7.6905E-10	-2.2253E-10	2.4360E-06	-1.2812E-06
7.6357E-10	-2.2364E-10	1.1459E-06	2.0614E-07
7.5812E-10	-2.2474E-10	3.0528E-06	6.6451E-07
7.5270E-10	-2.2581E-10	2.3391E-06	-2.7482E-07
7.4731E-10	-2.2686E-10	2.6892E-06	9.6247E-07
7.4195E-10	-2.2788E-10	3.7300E-06	-2.2455E-08
7.3662E-10	-2.2888E-10	2.6688E-06	-5.3725E-07
7.3132E-10	-2.2985E-10	2.7033E-06	3.4657E-07
7.2605E-10	-2.3080E-10	3.0180E-06	3.6845E-08
7.2081E-10	-2.3173E-10	2.8404E-06	5.5554E-07
7.1560E-10	-2.3264E-10	3.6990E-06	5.8610E-07
7.1042E-10	-2.3352E-10	4.0059E-06	2.3180E-07
7.0526E-10	-2.3438E-10	4.2493E-06	-4.2520E-07
7.0014E-10	-2.3522E-10	3.8488E-06	-5.2866E-07
6.9504E-10	-2.3604E-10	4.3806E-06	-7.2647E-07
6.8998E-10	-2.3683E-10	4.2264E-06	-1.6046E-06
6.8494E-10	-2.3761E-10	3.4644E-06	-2.1444E-06
6.7993E-10	-2.3836E-10	2.8286E-06	-1.6531E-06
6.7495E-10	-2.3909E-10	2.8589E-06	-2.0584E-06
6.7000E-10	-2.3980E-10	1.5486E-06	-1.2812E-06
6.6508E-10	-2.4049E-10	2.9424E-06	-4.8049E-07
6.6018E-10	-2.4116E-10	2.5510E-06	-1.4825E-06
6.5531E-10	-2.4181E-10	2.7596E-06	-9.3602E-07
6.5047E-10	-2.4244E-10	2.2465E-06	-2.0171E-06
6.4566E-10	-2.4306E-10	1.1953E-06	-7.3210E-07
6.4088E-10	-2.4365E-10	2.0998E-06	6.8093E-08
6.3612E-10	-2.4422E-10	3.0437E-06	-1.5896E-07
6.3139E-10	-2.4477E-10	2.8411E-06	-1.1221E-06
6.2669E-10	-2.4531E-10	2.6166E-06	-7.3694E-07
6.2202E-10	-2.4583E-10	2.5596E-06	-1.3598E-06
6.1737E-10	-2.4632E-10	2.1265E-06	-7.0150E-07
6.1275E-10	-2.4680E-10	2.3426E-06	-1.1728E-06
6.0816E-10	-2.4726E-10	1.8937E-06	-1.5149E-08
6.0360E-10	-2.4771E-10	3.7027E-06	-1.0026E-06
5.9906E-10	-2.4814E-10	1.6155E-06	-1.7902E-06
5.9455E-10	-2.4854E-10	2.3135E-06	-6.0551E-07
5.9006E-10	-2.4894E-10	1.5289E-06	-1.5368E-06
5.8560E-10	-2.4931E-10	1.4230E-06	-8.8443E-08
5.8117E-10	-2.4967E-10	1.7193E-06	-2.3422E-07
5.7676E-10	-2.5001E-10	2.3149E-06	5.5069E-07
5.7238E-10	-2.5034E-10	2.8042E-06	-3.3011E-07
5.6803E-10	-2.5064E-10	2.9638E-06	-2.6968E-07
5.6370E-10	-2.5094E-10	2.3436E-06	-1.4694E-06
5.5940E-10	-2.5121E-10	1.6443E-06	3.6978E-07
5.5512E-10	-2.5148E-10	3.4582E-06	-2.1737E-07
5.5087E-10	-2.5172E-10	2.7657E-06	-7.7527E-07
5.4665E-10	-2.5195E-10	2.8827E-06	-1.2769E-06
5.4245E-10	-2.5217E-10	1.7751E-06	-7.0330E-07
5.3827E-10	-2.5237E-10	3.0567E-06	-4.8454E-07
5.3412E-10	-2.5255E-10	2.3177E-06	-1.2349E-06
5.3000E-10	-2.5272E-10	2.6161E-06	-9.3407E-07
5.2590E-10	-2.5288E-10	1.7295E-06	-1.3491E-06
5.2183E-10	-2.5302E-10	2.1641E-06	-8.6908E-08
5.1778E-10	-2.5315E-10	2.7754E-06	-1.1322E-06
5.1375E-10	-2.5327E-10	2.0442E-06	-1.0284E-06
5.0975E-10	-2.5337E-10	2.5231E-06	-1.1323E-06
5.0577E-10	-2.5345E-10	1.6219E-06	-2.0478E-06
5.0182E-10	-2.5353E-10	2.3144E-07	-5.2120E-07
4.9789E-10	-2.5359E-10	2.1217E-06	7.0096E-07
4.9399E-10	-2.5363E-10	2.3654E-06	-1.0204E-06
4.9011E-10	-2.5367E-10	1.3819E-06	-3.2908E-07
4.8626E-10	-2.5369E-10	2.1288E-06	-1.8707E-07
4.8242E-10	-2.5370E-10	1.9099E-06	-3.1886E-07
4.7862E-10	-2.5369E-10	2.1493E-06	-3.7023E-07
4.7483E-10	-2.5368E-10	1.6013E-06	-1.9495E-07
4.7107E-10	-2.5365E-10	2.6533E-06	5.0864E-07
4.6733E-10	-2.5361E-10	2.9991E-06	-1.1388E-06
4.6362E-10	-2.5356E-10	1.4530E-06	-9.9566E-07
4.5993E-10	-2.5349E-10	1.7611E-06	-5.0465E-08
4.5626E-10	-2.5342E-10	2.0605E-06	-1.9550E-07
4.5261E-10	-2.5333E-10	2.1257E-06	-6.7380E-08
4.4899E-10	-2.5323E-10	2.4206E-06	-3.3031E-07
4.4539E-10	-2.5312E-10	1.8593E-06	-5.6790E-07
4.4181E-10	-2.5300E-10	1.6967E-06	2.7209E-07
4.3826E-10	-2.5287E-10	2.5925E-06	6.6295E-07
4.3473E-10	-2.5273E-10	3.4041E-06	-2.4305E-07
4.3122E-10	-2.5258E-10	2.2653E-06	-9.5987E-07
4.2773E-10	-2.5241E-10	2.4874E-06	3.0625E-07
4.2426E-10	-2.5224E-10	3.1943E-06	-8.2731E-07
4.2082E-10	-2.5205E-10	2.2576E-06	-5.2300E-07
4.1740E-10	-2.5186E-10	3.0978E-06	-5.7478E-07
4.1400E-10	-2.5166E-10	2.5577E-06	-1.2280E-06
4.1062E-10	-2.5144E-10	2.0451E-06	-9.8280E-07
4.0726E-10	-2.5122E-10	2.2600E-06	-1.4672E-07
4.0393E-10	-2.5099E-10	3.2108E-06	-1.0787E-06
4.0061E-10	-2.5075E-10	1.7781E-06	-1.3603E-06
3.9732E-10	-2.5050E-10	2.3716E-06	-4.4335E-07
3.9405E-10	-2.5024E-10	2.3985E-06	-1.2433E-06
3.9080E-10	-2.4997E-10	2.0190E-06	-9.3489E-07
3.8757E-10	-2.4969E-10	2.2723E-06	-1.0072E-06
3.8436E-10	-2.4940E-10	1.9298E-06	-1.3572E-06
3.8117E-10	-2.4911E-10	1.5535E-06	-8.9603E-07
3.7801E-10	-2.4880E-10	1.8203E-06	-9.0938E-07
3.7486E-10	-2.4849E-10	1.5114E-06	-7.8490E-07
3.7174E-10	-2.4817E-10	1.5595E-06	-8.1230E-07
3.6863E-10	-2.4784E-10	1.1497E-06	-1.4657E-07
3.6555E-10	-2.4750E-10	2.1623E-06	-1.2884E-07
3.6248E-10	-2.4716E-10	1.4725E-06	-2.8530E-07
3.5944E-10	-2.4680E-10	2.5823E-06	3.5089E-07
3.5641E-10	-2.4644E-10	2.5346E-06	-1.0289E-06
3.5341E-10	-2.4608E-10	1.8222E-06	-8.2841E-07
3.5042E-10	-2.4570E-10	1.3625E-06	-3.7155E-07
3.4746E-10	-2.4532E-10	2.5046E-06	5.0372E-07
3.4451E-10	-2.4493E-10	2.7899E-06	-1.2707E-06
3.4158E-10	-2.4453E-10	1.3857E-06	-5.6303E-07
3.3868E-10	-2.4413E-10	2.4218E-06	-1.9658E-07
3.3579E-10	-2.4372E-10	2.0404E-06	-6.3895E-07
3.3292E-10	-2.4330E-10	2.4484E-06	-1.9202E-07
3.3007E-10	-2.4287E-10	2.6468E-06	-8.7526E-07
3.2724E-10	-2.4244E-10	2.4554E-06	-1.0578E-06
3.2443E-10	-2.4200E-10	1.9457E-06	-1.4157E-06
3.2164E-10	-2.4156E-10	1.8065E-06	-7.5118E-07
3.1886E-10	-2.4111E-10	1.9545E-06	-1.3463E-06
3.1611E-10	-2.4065E-10	1.2018E-06	-7.9281E-07
3.1337E-10	-2.4019E-10	1.4962E-06	-6.5145E-07
3.1065E-10	-2.3972E-10	1.4518E-06	3.3356E-07
3.0795E-10	-2.3924E-10	3.1598E-06	-4.6960E-07
3.0527E-10	-2.3876E-10	1.7543E-06	-1.1972E-06
3.0261E-10	-2.3828E-10	2.6230E-06	-6.9371E-07
2.9996E-10	-2.3779E-10	1.6740E-06	-1.9092E-06
2.9733E-10	-2.3729E-10	1.4048E-06	-7.8785E-07
2.9472E-10	-2.3678E-10	1.5211E-06	-1.2698E-06
2.9213E-10	-2.3628E-10	1.0798E-06	-8.7080E-07
2.8956E-10	-2.3576E-10	1.0387E-06	-4.8755E-07
2.8700E-10	-2.3524E-10	1.7137E-06	-1.8807E-07
2.8446E-10	-2.3472E-10	1.6368E-06	-9.4021E-07
2.8194E-10	-2.3419E-10	1.1092E-06	-7.2964E-07
2.7943E-10	-2.3366E-10	9.1608E-07	-8.3152E-08
2.7695E-10	-2.3312E-10	1.8965E-06	1.7475E-07
2.7448E-10	-2.3257E-10	1.6946E-06	-3.4952E-07
2.7202E-10	-2.3203E-10	2.3365E-06	-2.3049E-07
2.6959E-10	-2.3147E-10	1.5811E-06	-1.1714E-06
2.6717E-10	-2.3092E-10	1.8549E-06	-1.3968E-07
2.6477E-10	-2.3035E-10	1.8535E-06	-1.5391E-06
2.6238E-10	-2.2979E-10	9.8686E-07	-6.5071E-07
2.6001E-10	-2.2922E-10	1.1848E-06	-1.1408E-06
2.5766E-10	-2.2864E-10	4.5855E-07	-5.1865E-09
2.5532E-10	-2.2807E-10	1.6736E-06	-4.2287E-07
2.5300E-10	-2.2748E-10	2.3773E-07	-3.9404E-07
2.5070E-10	-2.2690E-10	1.2649E-06	8.8672E-07
2.4841E-10	-2.2631E-10	1.6160E-06	-6.6165E-08
2.4614E-10	-2.2571E-10	1.2071E-06	4.7354E-07
2.4388E-10	-2.2512E-10	2.2619E-06	5.1697E-07
2.4164E-10	-2.2451E-10	2.0896E-06	-6.6124E-07
2.3942E-10	-2.2391E-10	1.0874E-06	-3.1443E-07
2.3721E-10	-2.2330E-10	1.5343E-06	4.2706E-07
2.3502E-10	-2.2269E-10	1.9810E-06	-2.4783E-07
2.3284E-10	-2.2207E-10	8.1398E-07	-1.0412E-07
2.3068E-10	-2.2146E-10	1.7977E-06	1.2662E-06
2.2854E-10	-2.2084E-10	2.4182E-06	-3.9299E-08
2.2641E-10	-2.2021E-10	1.8892E-06	6.1308E-07
2.2429E-10	-2.1958E-10	3.0708E-06	-5.4103E-08
2.2219E-10	-2.1895E-10	2.0744E-06	-5.2675E-07
2.2010E-10	-2.1832E-10	2.7090E-06	-2.9513E-07
2.1803E-10	-2.1768E-10	2.1330E-06	-1.5105E-06
2.1598E-10	-2.1704E-10	8.4146E-07	-8.6612E-07
2.1394E-10	-2.1640E-10	1.2601E-06	3.6951E-07
2.1191E-10	-2.1576E-10	2.1472E-06	-2.3874E-07
2.0990E-10	-2.1511E-10	1.2042E-06	-2.2524E-07
2.0790E-10	-2.1446E-10	2.1121E-06	3.8321E-07
2.0592E-10	-2.1381E-10	1.7775E-06	-4.6572E-07
2.0395E-10	-2.1315E-10	1.8441E-06	3.2017E-07
2.0200E-10	-2.1250E-10	1.9388E-06	-2.0497E-07
2.0006E-10	-2.1184E-10	2.2039E-06	7.2562E-07
1.9813E-10	-2.1118E-10	3.2817E-06	-5.9315E-07
1.9622E-10	-2.1051E-10	2.0868E-06	-9.9565E-07
1.9433E-10	-2.0985E-10	2.0637E-06	-8.1752E-07
1.9244E-10	-2.0918E-10	2.0282E-06	-4.7076E-07
1.9057E-10	-2.0851E-10	2.5422E-06	-1.5824E-06
1.8872E-10	-2.0784E-10	4.1575E-07	-1.4907E-06
1.8687E-10	-2.0716E-10	1.2178E-06	1.7460E-07
1.8505E-10	-2.0649E-10	1.6227E-06	-6.1245E-07
1.8323E-10	-2.0581E-10	1.3044E-06	-3.6193E-07
1.8143E-10	-2.0513E-10	1.5631E-06	-3.3341E-07
1.7964E-10	-2.0445E-10	1.2654E-06	-7.7662E-07
1.7787E-10	-2.0377E-10	5.1977E-07	3.1940E-07
1.7610E-10	-2.0309E-10	2.3487E-06	8.3737E-07
1.7436E-10	-2.0240E-10	2.3922E-06	-8.4293E-07
1.7262E-10	-2.0172E-10	1.4224E-06	-9.7672E-07
1.7090E-10	-2.0103E-10	9.3430E-07	-4.1819E-07
1.6919E-10	-2.0034E-10	1.2188E-06	-2.8772E-07
1.6749E-10	-1.9965E-10	5.7894E-07	2.0893E-07
1.6581E-10	-1.9896E-10	1.7455E-06	7.4276E-07
1.6413E-10	-1.9827E-10	1.3601E-06	2.7912E-07
1.6248E-10	-1.9757E-10	2.5163E-06	8.1370E-07
1.6083E-10	-1.9688E-10	1.9287E-06	-9.0228E-07
1.5920E-10	-1.9618E-10	1.2813E-06	5.9589E-07
1.5757E-10	-1.9548E-10	2.4290E-06	2.5335E-07
1.5596E-10	-1.9478E-10	2.4581E-06	-2.3030E-07
1.5437E-10	-1.9409E-10	1.8490E-06	-1.0737E-06
1.5278E-10	-1.9339E-10	1.0603E-06	-1.2073E-07
1.5121E-10	-1.9269E-10	1.5475E-06	-1.1568E-08
1.4965E-10	-1.9198E-10	1.2127E-06	4.8786E-07
1.4810E-10	-1.9128E-10	2.2849E-06	1.0188E-06
1.4656E-10	-1.9058E-10	2.9811E-06	-6.4149E-08
1.4504E-10	-1.8988E-10	2.1422E-06	-5.1818E-07
1.4352E-10	-1.8917E-10	2.3743E-06	-2.1995E-07
1.4202E-10	-1.8847E-10	1.9983E-06	-7.0078E-07
1.4053E-10	-1.8776E-10	2.0394E-06	-2.6982E-07
1.3905E-10	-1.8706E-10	1.7541E-06	-5.3775E-07
1.3758E-10	-1.8635E-10	2.2476E-06	1.7973E-07
1.3613E-10	-1.8564E-10	2.4457E-06	-1.0151E-06
1.3468E-10	-1.8494E-10	1.6754E-06	-6.1450E-07
1.3325E-10	-1.8423E-10	1.8760E-06	-6.1431E-07
1.3183E-10	-1.8352E-10	1.9935E-06	-4.8258E-07
1.3042E-10	-1.8282E-10	1.6870E-06	-1.1404E-06
1.2902E-10	-1.8211E-10	1.2710E-06	-2.6939E-07
1.2763E-10	-1.8140E-10	1.7259E-06	-6.2478E-07
1.2625E-10	-1.8069E-10	1.2052E-06	-1.4123E-07
1.2488E-10	-1.7998E-10	1.8331E-06	2.2860E-08
1.2352E-10	-1.7927E-10	2.0956E-06	6.5187E-08
1.2218E-10	-1.7857E-10	2.5042E-06	-6.3173E-07
1.2084E-10	-1.7786E-10	2.0944E-06	-7.6396E-07
1.1952E-10	-1.7715E-10	2.1775E-06	-1.4060E-06
1.1820E-10	-1.7644E-10	8.3968E-07	-1.2994E-06
1.1690E-10	-1.7573E-10	1.1817E-06	-1.6770E-07
1.1561E-10	-1.7503E-10	1.7191E-06	-5.5942E-07
1.1432E-10	-1.7432E-10	1.4945E-06	-5.9019E-07
1.1305E-10	-1.7361E-10	1.7273E-06	-9.2332E-07
1.1179E-10	-1.7290E-10	7.4595E-07	-8.4695E-07
1.1053E-10	-1.7220E-10	1.6282E-06	-1.5166E-07
1.0929E-10	-1.7149E-10	9.5563E-07	-1.2188E-06
1.0806E-10	-1.7078E-10	1.0072E-06	2.2083E-07
1.0683E-10	-1.7008E-10	1.3600E-06	-8.7595E-07
1.0562E-10	-1.6937E-10	1.0479E-06	1.9552E-07
1.0442E-10	-1.6867E-10	1.5481E-06	-1.2699E-06
1.0323E-10	-1.6796E-10	-7.7748E-08	2.5087E-07
1.0204E-10	-1.6726E-10	2.1106E-06	-1.1385E-07
1.0087E-10	-1.6655E-10	1.0006E-08	-7.4762E-07
9.9703E-11	-1.6585E-10	9.6881E-07	9.5675E-07
9.8547E-11	-1.6515E-10	1.1278E-06	1.1560E-07
9.7402E-11	-1.6445E-10	1.1251E-06	7.5685E-07
9.6265E-11	-1.6375E-10	1.5790E-06	8.4262E-07
9.5138E-11	-1.6305E-10	2.4789E-06	5.9561E-07
9.4021E-11	-1.6235E-10	2.0208E-06	-6.0843E-07
9.2912E-11	-1.6165E-10	1.3732E-06	1.3041E-07
9.1812E-11	-1.6095E-10	2.0357E-06	-2.9409E-08
9.0722E-11	-1.6025E-10	1.3944E-06	-5.9163E-08
8.9641E-11	-1.5955E-10	2.2795E-06	5.0430E-07
8.8568E-11	-1.5886E-10	2.3655E-06	-6.5635E-07
8.7505E-11	-1.5816E-10	2.1862E-06	-5.6131E-07
8.6450E-11	-1.5747E-10	1.6435E-06	-1.7037E-06
8.5404E-11	-1.5677E-10	4.5624E-07	-3.8976E-07
8.4367E-11	-1.5608E-10	1.4587E-06	-5.1955E-07
8.3338E-11	-1.5539E-10	2.8968E-07	-2.2900E-07
8.2318E-11	-1.5470E-10	1.4271E-06	6.1607E-07
8.1307E-11	-1.5401E-10	1.2569E-06	-2.1189E-07
8.0304E-11	-1.5332E-10	1.0680E-06	6.2954E-07
7.9309E-11	-1.5263E-10	2.1342E-06	7.0383E-07
7.8323E-11	-1.5194E-10	2.4138E-06	-4.1535E-07
7.7346E-11	-1.5126E-10	1.4341E-06	-7.3559E-07
7.6376E-11	-1.5057E-10	1.2937E-06	-3.9414E-08
7.5415E-11	-1.4989E-10	1.7429E-06	-2.9509E-07
7.4462E-11	-1.4921E-10	9.5969E-07	-3.1689E-07
7.3517E-11	-1.4852E-10	1.7436E-06	4.6716E-07
7.2580E-11	-1.4784E-10	1.5293E-06	-8.0632E-07
7.1651E-11	-1.4717E-10	8.1816E-07	4.8253E-07
7.0730E-11	-1.4649E-10	1.9644E-06	3.5628E-07
6.9817E-11	-1.4581E-10	2.0645E-06	1.0152E-07
6.8912E-11	-1.4514E-10	1.9077E-06	-8.4401E-07
6.8014E-11	-1.4446E-10	1.0733E-06	-1.0607E-07
6.7125E-11	-1.4379E-10	1.5189E-06	-9.1247E-08
6.6243E-11	-1.4312E-10	1.8273E-06	4.9825E-07
6.5368E-11	-1.4245E-10	2.1937E-06	-1.0456E-06
6.4502E-11	-1.4178E-10	9.7731E-07	2.5256E-07
6.3642E-11	-1.4111E-10	2.7719E-06	-9.4946E-07
6.2791E-11	-1.4044E-10	1.1832E-07	-8.2946E-07
6.1946E-11	-1.3978E-10	2.0685E-06	2.0978E-07
6.1109E-11	-1.3911E-10	6.9448E-07	-1.0565E-06
6.0280E-11	-1.3845E-10	1.2649E-06	4.1416E-07
5.9457E-11	-1.3779E-10	1.1178E-06	-5.1163E-07
5.8642E-11	-1.3713E-10	1.0685E-06	3.7124E-07
5.7835E-11	-1.3647E-10	1.5669E-06	2.9164E-07
5.7034E-11	-1.3582E-10	2.1286E-06	-3.1905E-07
5.6240E-11	-1.3516E-10	9.3374E-07	-8.4000E-07
5.5453E-11	-1.3451E-10	9.7218E-07	3.2193E-08
5.4674E-11	-1.3385E-10	9.5713E-07	2.7468E-07
5.3901E-11	-1.3320E-10	1.9639E-06	4.0647E-08
5.3135E-11	-1.3255E-10	4.9377E-07	-5.4872E-07
5.2376E-11	-1.3191E-10	1.3924E-06	1.1802E-06
5.1624E-11	-1.3126E-10	1.9135E-06	-4.1122E-07
5.0879E-11	-1.3062E-10	9.7053E-07	1.4982E-07
5.0140E-11	-1.2997E-10	1.6792E-06	3.8769E-07
4.9408E-11	-1.2933E-10	1.6358E-06	-4.4181E-07
4.8682E-11	-1.2869E-10	3.7900E-07	3.5709E-07
4.7964E-11	-1.2805E-10	2.2824E-06	1.3568E-06
4.7251E-11	-1.2742E-10	2.2216E-06	-4.1127E-07
4.6545E-11	-1.2678E-10	2.1564E-06	7.1700E-08
4.5846E-11	-1.2615E-10	1.8029E-06	-1.2409E-06
4.5153E-11	-1.2552E-10	8.4099E-07	-1.2136E-07
4.4466E-11	-1.2489E-10	1.5638E-06	-3.4030E-07
4.3786E-11	-1.2426E-10	7.1521E-07	-2.4901E-07
4.3111E-11	-1.2363E-10	1.0007E-06	7.1382E-07
4.2443E-11	-1.2301E-10	2.0539E-06	5.7829E-07
4.1782E-11	-1.2238E-10	1.7979E-06	-1.8007E-07
4.1126E-11	-1.2176E-10	2.0366E-06	1.4651E-07
4.0476E-11	-1.2114E-10	1.8997E-06	-9.7976E-07
3.9833E-11	-1.2052E-10	9.3348E-07	-2.4292E-07
3.9195E-11	-1.1991E-10	1.8053E-06	-1.8880E-07
3.8563E-11	-1.1929E-10	1.1838E-06	-8.7658E-07
3.7938E-11	-1.1868E-10	5.9894E-07	-1.8965E-07
3.7318E-11	-1.1807E-10	1.0554E-06	2.5320E-07
3.6703E-11	-1.1746E-10	1.0429E-06	3.3404E-08
3.6095E-11	-1.1685E-10	1.0071E-06	6.2126E-07
3.5493E-11	-1.1625E-10	1.8405E-06	5.2399E-07
3.4896E-11	-1.1564E-10	1.6659E-06	1.9468E-08
3.4304E-11	-1.1504E-10	1.9834E-06	7.0748E-08
3.3719E-11	-1.1444E-10	1.4567E-06	-1.0573E-06
3.3139E-11	-1.1384E-10	3.0232E-07	2.9562E-07
3.2564E-11	-1.1324E-10	1.8968E-06	5.1747E-07
3.1995E-11	-1.1265E-10	1.1072E-06	-3.5991E-07
3.1432E-11	-1.1206E-10	1.0269E-06	7.1447E-07
3.0874E-11	-1.1146E-10	2.0881E-06	8.5528E-07
3.0321E-11	-1.1088E-10	2.6538E-06	-6.6055E-07
2.9773E-11	-1.1029E-10	6.2246E-07	-9.0060E-07
2.9231E-11	-1.0970E-10	1.3953E-06	7.3980E-07
2.8694E-11	-1.0912E-10	1.8708E-06	-7.6959E-07
2.8163E-11	-1.0854E-10	1.6895E-07	-2.4206E-07
2.7636E-11	-1.0796E-10	1.2903E-06	1.4499E-06
2.7115E-11	-1.0738E-10	2.5730E-06	-4.1121E-08
2.6598E-11	-1.0680E-10	1.4549E-06	-3.3606E-07
2.6087E-11	-1.0623E-10	1.7218E-06	-6.3917E-07
2.5581E-11	-1.0565E-10	3.4295E-07	-1.2487E-07
2.5080E-11	-1.0508E-10	1.8639E-06	4.7568E-07
2.4584E-11	-1.0452E-10	9.0229E-07	-6.0124E-07
2.4092E-11	-1.0395E-10	9.6786E-07	3.6313E-07
2.3606E-11	-1.0338E-10	5.5305E-07	5.9008E-07
2.3124E-11	-1.0282E-10	2.1903E-06	1.3415E-06
2.2647E-11	-1.0226E-10	1.7543E-06	-2.7434E-07
2.2175E-11	-1.0170E-10	1.9901E-06	5.9398E-07
2.1708E-11	-1.0114E-10	1.5802E-06	-6.2272E-07
2.1246E-11	-1.0059E-10	1.6351E-06	6.7601E-07
2.0788E-11	-1.0003E-10	1.9710E-06	-7.2058E-07
2.0334E-11	-9.9483E-11	1.2038E-06	9.6109E-08
1.9886E-11	-9.8933E-11	1.5704E-06	-5.3057E-07
1.9442E-11	-9.8386E-11	7.5101E-07	1.9529E-07
1.9002E-11	-9.7840E-11	1.6325E-06	3.4884E-07
1.8567E-11	-9.7296E-11	1.3974E-06	-2.7609E-07
1.8136E-11	-9.6755E-11	3.8805E-07	4.5282E-07
1.7710E-11	-9.6215E-11	2.1509E-06	1.8223E-06
1.7288E-11	-9.5677E-11	3.0487E-06	-2.5410E-07
1.6871E-11	-9.5141E-11	2.2291E-06	-8.5333E-07
1.6457E-11	-9.4607E-11	8.8427E-07	-1.2330E-06
1.6049E-11	-9.4075E-11	1.0082E-06	4.9735E-07
1.5644E-11	-9.3545E-11	1.3716E-06	-6.2720E-07
1.5244E-11	-9.3017E-11	6.9369E-07	6.7395E-07
1.4847E-11	-9.2491E-11	1.7614E-06	1.8167E-07
1.4455E-11	-9.1967E-11	1.3139E-06	5.9991E-07
1.4067E-11	-9.1445E-11	2.2655E-06	1.3334E-07
1.3683E-11	-9.0925E-11	1.7298E-06	-3.2341E-07
1.3304E-11	-9.0407E-11	1.2587E-06	-2.7457E-07
1.2928E-11	-8.9891E-11	1.9094E-06	5.7022E-07
1.2556E-11	-8.9377E-11	1.9781E-06	-1.3891E-06
1.2188E-11	-8.8864E-11	4.0687E-08	1.2162E-07
1.1825E-11	-8.8354E-11	1.8742E-06	5.4827E-07
1.1465E-11	-8.7846E-11	1.2717E-06	4.3580E-08
1.1109E-11	-8.7339E-11	1.9507E-06	3.8982E-07
1.0756E-11	-8.6835E-11	1.9156E-06	-3.3471E-07
1.0408E-11	-8.6333E-11	1.4716E-06	-2.9816E-07
1.0064E-11	-8.5832E-11	1.9727E-06	-1.7791E-08
9.7227E-12	-8.5334E-11	1.6166E-06	-1.3485E-06
9.3855E-12	-8.4838E-11	4.7906E-07	-1.5770E-07
9.0521E-12	-8.4343E-11	1.4023E-06	-3.1623E-07
8.7224E-12	-8.3851E-11	6.4982E-07	1.1699E-07
8.3963E-12	-8.3360E-11	1.8391E-06	-1.0703E-07
8.0738E-12	-8.2872E-11	4.4555E-07	-7.0964E-07
7.7548E-12	-8.2385E-11	5.4812E-07	7.5054E-07
7.4395E-12	-8.1901E-11	1.4856E-06	7.7105E-07
7.1276E-12	-8.1418E-11	1.7512E-06	5.9353E-08
6.8193E-12	-8.0938E-11	1.1317E-06	1.7867E-07
6.5144E-12	-8.0459E-11	1.7862E-06	5.2073E-07
6.2129E-12	-7.9982E-11	2.0129E-06	-2.2165E-07
5.9149E-12	-7.9508E-11	1.4085E-06	-6.4341E-07
5.6203E-12	-7.9035E-11	9.4147E-07	-1.9724E-07
5.3290E-12	-7.8564E-11	9.5534E-07	1.2271E-07
5.0410E-12	-7.8095E-11	1.5089E-06	6.2828E-07
4.7564E-12	-7.7628E-11	1.9269E-06	-5.1130E-07
4.4750E-12	-7.7164E-11	6.1453E-07	-2.5807E-07
4.1968E-12	-7.6701E-11	1.3272E-06	6.5288E-07
3.9219E-12	-7.6240E-11	1.8390E-06	-1.0300E-07
3.6502E-12	-7.5781E-11	9.8148E-07	-2.0478E-07
3.3817E-12	-7.5324E-11	1.8288E-06	6.5800E-07
3.1163E-12	-7.4869E-11	1.9851E-06	-1.2160E-06
2.8540E-12	-7.4416E-11	1.6383E-07	-4.1497E-07
2.5948E-12	-7.3964E-11	9.9617E-07	4.2100E-07
2.3387E-12	-7.3515E-11	1.2631E-06	3.4550E-07
2.0856E-12	-7.3068E-11	1.4475E-06	1.7306E-10
1.8356E-12	-7.2623E-11	1.4748E-06	1.3144E-07
1.5885E-12	-7.2179E-11	1.2561E-06	-7.0457E-07
1.3444E-12	-7.1738E-11	6.8935E-07	5.1585E-07
1.1033E-12	-7.1298E-11	1.8948E-06	-4.7911E-07
8.6505E-13	-7.0861E-11	7.4437E-08	-2.4704E-07
6.2971E-13	-7.0425E-11	1.2181E-06	3.7522E-07
3.9724E-13	-6.9992E-11	5.1008E-08	2.4601E-07
1.6762E-13	-6.9560E-11	1.6746E-06	1.8720E-06
-5.9183E-14	-6.9130E-11	2.4899E-06	-4.8086E-07
-2.8319E-13	-6.8702E-11	4.9852E-07	-3.0846E-07
-5.0441E-13	-6.8276E-11	1.4494E-06	9.6494E-07
-7.2289E-13	-6.7852E-11	1.7697E-06	-3.9857E-07
-9.3864E-13	-6.7430E-11	9.0790E-07	2.3058E-07
-1.1517E-12	-6.7010E-11	1.6029E-06	-7.3075E-08
-1.3620E-12	-6.6591E-11	9.0417E-07	6.6428E-08
-1.5698E-12	-6.6175E-11	1.3648E-06	-1.4846E-07
-1.7748E-12	-6.5760E-11	3.7383E-07	2.7800E-07
-1.9773E-12	-6.5348E-11	1.6106E-06	6.8323E-07
-2.1771E-12	-6.4937E-11	9.3927E-07	-9.1360E-08
-2.3744E-12	-6.4528E-11	1.1821E-06	7.8492E-07
-2.5692E-12	-6.4121E-11	1.5958E-06	1.2459E-07
-2.7614E-12	-6.3716E-11	9.4891E-07	-3.7171E-08
-2.9511E-12	-6.3313E-11	8.6537E-07	6.3105E-07
-3.1383E-12	-6.2912E-11	1.1139E-06	5.3923E-07
-3.3231E-12	-6.2512E-11	1.2091E-06	1.3332E-06
-3.5054E-12	-6.2115E-11	2.5516E-06	5.8356E-07
-3.6853E-12	-6.1719E-11	1.6782E-06	-1.1785E-07
-3.8629E-12	-6.1325E-11	1.7872E-06	-7.7002E-08
-4.0380E-12	-6.0933E-11	1.2191E-06	-3.0373E-07
-4.2108E-12	-6.0543E-11	6.9874E-07	-1.1908E-07
-4.3812E-12	-6.0155E-11	6.4496E-07	1.5095E-06
-4.5494E-12	-5.9769E-11	2.7652E-06	7.1872E-07
-4.7152E-12	-5.9384E-11	1.2586E-06	3.2297E-08
-4.8788E-12	-5.9001E-11	2.5467E-06	8.4512E-07
-5.0401E-12	-5.8620E-11	2.3760E-06	-7.8854E-07
-5.1991E-12	-5.8241E-11	1.6741E-06	-1.0149E-06
-5.3560E-12	-5.7864E-11	4.3724E-07	-6.1412E-07
-5.5107E-12	-5.7489E-11	1.3452E-06	3.6074E-07
-5.6632E-12	-5.7115E-11	1.0365E-06	-4.6705E-07
-5.8135E-12	-5.6743E-11	1.1024E-06	4.0080E-07
-5.9617E-12	-5.6373E-11	1.6753E-06	-3.1975E-07
-6.1078E-12	-5.6005E-11	6.9655E-07	-1.0461E-06
-6.2518E-12	-5.5639E-11	-5.8691E-07	4.2164E-07
-6.3937E-12	-5.5274E-11	1.0885E-06	1.4069E-06
-6.5335E-12	-5.4912E-11	1.1583E-06	8.2694E-07
-6.6713E-12	-5.4551E-11	2.1378E-06	6.8331E-07
-6.8071E-12	-5.4192E-11	9.2320E-07	-3.5139E-07
-6.9409E-12	-5.3834E-11	1.2711E-06	1.0997E-06
-7.0726E-12	-5.3479E-11	1.5676E-06	4.1230E-08
-7.2024E-12	-5.3125E-11	1.2348E-06	6.8522E-07
-7.3303E-12	-5.2773E-11	1.6719E-06	4.1173E-07
-7.4562E-12	-5.2422E-11	1.8846E-06	2.0913E-07
-7.5802E-12	-5.2074E-11	1.0779E-06	-4.8604E-07
-7.7024E-12	-5.1727E-11	8.1828E-07	8.3203E-07
-7.8226E-12	-5.1382E-11	1.6765E-06	5.8350E-07
-7.9410E-12	-5.1039E-11	1.7024E-06	4.2413E-07
-8.0575E-12	-5.0697E-11	1.6001E-06	-4.3243E-08
-8.1722E-12	-5.0357E-11	1.1837E-06	2.2197E-07
-8.2850E-12	-5.0019E-11	1.2890E-06	6.7429E-07
-8.3961E-12	-4.9683E-11	2.3155E-06	4.8549E-07
-8.5054E-12	-4.9348E-11	1.3280E-06	-7.4028E-07
-8.6130E-12	-4.9015E-11	1.1009E-06	8.6597E-07
-8.7188E-12	-4.8684E-11	2.1056E-06	-2.6284E-07
-8.8228E-12	-4.8355E-11	5.9855E-07	8.6522E-08
-8.9252E-12	-4.8027E-11	1.7832E-06	1.0422E-06
-9.0258E-12	-4.7701E-11	2.2140E-06	-6.7682E-08
-9.1248E-12	-4.7376E-11	1.6088E-06	-2.6103E-07
-9.2221E-12	-4.7054E-11	1.7343E-06	-2.7193E-07
-9.3178E-12	-4.6733E-11	1.1503E-06	-6.7825E-07
-9.4118E-12	-4.6413E-11	9.7831E-07	-8.9401E-08
-9.5042E-12	-4.6095E-11	6.1420E-07	-4.8393E-07
-9.5950E-12	-4.5779E-11	6.3391E-08	1.1719E-06
-9.6843E-12	-4.5465E-11	2.1631E-06	1.2650E-06
-9.7719E-12	-4.5152E-11	1.8113E-06	-3.0820E-09
-9.8580E-12	-4.4841E-11	1.9001E-06	1.8739E-07
-9.9425E-12	-4.4532E-11	1.4669E-06	-7.0969E-07
-1.0026E-11	-4.4224E-11	7.1734E-07	1.5441E-07
-1.0107E-11	-4.3918E-11	1.3875E-06	3.0465E-07
-1.0187E-11	-4.3613E-11	1.3150E-06	1.5546E-07
-1.0266E-11	-4.3310E-11	1.2582E-06	-1.1840E-07
-1.0343E-11	-4.3009E-11	8.1495E-07	5.1377E-07
-1.0418E-11	-4.2709E-11	1.9000E-06	2.5856E-07
-1.0492E-11	-4.2411E-11	5.9077E-07	-2.7917E-07
-1.0565E-11	-4.2115E-11	1.2217E-06	1.1943E-06
-1.0636E-11	-4.1820E-11	1.6541E-06	1.2158E-07
-1.0706E-11	-4.1527E-11	1.4451E-06	8.1906E-07
-1.0775E-11	-4.1235E-11	2.2197E-06	-1.8346E-07
-1.0842E-11	-4.0945E-11	8.9518E-07	-1.3490E-07
-1.0908E-11	-4.0657E-11	1.6562E-06	5.4743E-07
-1.0972E-11	-4.0370E-11	1.6166E-06	-2.4551E-07
-1.1036E-11	-4.0084E-11	1.1507E-06	-2.4302E-08
-1.1097E-11	-3.9800E-11	1.2256E-06	3.4281E-07
-1.1158E-11	-3.9518E-11	1.8417E-06	1.9717E-07
-1.1217E-11	-3.9237E-11	1.2671E-06	-5.9605E-07
-1.1275E-11	-3.8958E-11	7.1263E-07	3.5463E-07
-1.1332E-11	-3.8681E-11	1.5906E-06	5.6366E-07
-1.1387E-11	-3.8405E-11	1.9656E-06	6.2372E-09
-1.1441E-11	-3.8130E-11	1.4804E-06	-1.0063E-06
-1.1494E-11	-3.7857E-11	1.3822E-07	-4.3905E-07
-1.1546E-11	-3.7585E-11	2.6186E-07	5.8791E-07
-1.1597E-11	-3.7315E-11	1.0523E-06	1.5152E-06
-1.1646E-11	-3.7047E-11	2.6019E-06	2.4014E-07
-1.1694E-11	-3.6780E-11	7.1991E-07	-6.1512E-07
-1.1741E-11	-3.6514E-11	1.3581E-06	9.5035E-07
-1.1787E-11	-3.6250E-11	1.7208E-06	-7.4674E-07
-1.1832E-11	-3.5988E-11	-1.2685E-07	-8.2687E-09
-1.1875E-11	-3.5727E-11	1.0289E-06	1.4227E-06
-1.1918E-11	-3.5467E-11	1.7306E-06	3.5239E-07
-1.1959E-11	-3.5209E-11	1.0304E-06	5.4618E-07
-1.2000E-11	-3.4952E-11	1.7533E-06	6.7877E-07
-1.2039E-11	-3.4697E-11	1.4639E-06	2.0465E-07
-1.2077E-11	-3.4443E-11	1.5129E-06	4.8511E-07
-1.2114E-11	-3.4191E-11	1.6737E-06	4.0888E-07
-1.2150E-11	-3.3940E-11	1.8878E-06	1.1015E-07
-1.2185E-11	-3.3691E-11	1.5886E-06	2.8457E-08
-1.2219E-11	-3.3443E-11	2.0236E-06	-3.1106E-07
-1.2252E-11	-3.3196E-11	9.2379E-07	-9.4047E-07
-1.2284E-11	-3.2951E-11	5.4040E-07	1.3188E-07
-1.2315E-11	-3.2707E-11	9.9670E-07	3.1362E-07
-1.2345E-11	-3.2465E-11	1.0052E-06	8.2663E-08
-1.2374E-11	-3.2224E-11	5.1189E-07	6.3935E-07
-1.2402E-11	-3.1985E-11	1.6932E-06	1.0765E-06
-1.2429E-11	-3.1746E-11	1.6344E-06	6.8956E-08
-1.2455E-11	-3.1510E-11	1.4874E-06	3.2719E-07
-1.2480E-11	-3.1274E-11	1.6230E-06	-1.4671E-08
-1.2504E-11	-3.1040E-11	1.4381E-06	-6.2454E-07
-1.2528E-11	-3.0808E-11	-3.2659E-07	-3.4247E-07
-1.2550E-11	-3.0576E-11	6.6140E-07	1.9300E-06
-1.2572E-11	-3.0346E-11	2.0037E-06	5.9934E-07
-1.2593E-11	-3.0118E-11	1.4080E-06	5.4587E-07
-1.2612E-11	-2.9891E-11	1.5592E-06	9.9920E-08
-1.2631E-11	-2.9665E-11	8.7039E-07	7.0003E-07
-1.2650E-11	-2.9440E-11	1.9645E-06	9.1362E-07
-1.2667E-11	-2.9217E-11	1.8558E-06	1.0128E-07
-1.2683E-11	-2.8995E-11	1.5086E-06	-2.3219E-08
-1.2699E-11	-2.8775E-11	8.5354E-07	3.5660E-07
-1.2714E-11	-2.8555E-11	1.7596E-06	1.4552E-06
-1.2728E-11	-2.8337E-11	2.8696E-06	1.1831E-07
-1.2741E-11	-2.8121E-11	1.8177E-06	-3.5615E-07
-1.2753E-11	-2.7905E-11	2.3123E-06	-3.1741E-07
-1.2765E-11	-2.7691E-11	1.3666E-06	-1.3369E-06
-1.2776E-11	-2.7479E-11	7.1862E-07	-1.5812E-07
-1.2786E-11	-2.7267E-11	1.5664E-06	-4.9293E-07
-1.2795E-11	-2.7057E-11	2.1083E-07	-1.1168E-06
-1.2804E-11	-2.6848E-11	-3.6356E-07	8.2224E-07
-1.2812E-11	-2.6640E-11	1.3411E-06	1.1067E-06
-1.2819E-11	-2.6434E-11	1.2508E-06	4.0491E-07
-1.2826E-11	-2.6229E-11	1.4689E-06	3.3473E-07
-1.2832E-11	-2.6025E-11	8.4932E-07	1.4952E-07
-1.2837E-11	-2.5822E-11	1.2847E-06	7.9290E-07
-1.2841E-11	-2.5621E-11	1.2635E-06	3.1299E-07
-1.2845E-11	-2.5421E-11	1.4477E-06	6.9576E-07
-1.2848E-11	-2.5222E-11	1.3688E-06	3.3432E-07
-1.2850E-11	-2.5024E-11	1.9037E-06	7.8118E-07
-1.2852E-11	-2.4827E-11	1.6912E-06	-5.8782E-07
-1.2853E-11	-2.4632E-11	8.1795E-07	7.0504E-07
-1.2853E-11	-2.4438E-11	2.2573E-06	2.1819E-07
-1.2853E-11	-2.4245E-11	1.0902E-06	-2.1948E-07
-1.2852E-11	-2.4053E-11	1.6444E-06	3.6956E-07
-1.2851E-11	-2.3863E-11	1.3049E-06	-1.6796E-07
-1.2849E-11	-2.3673E-11	1.5154E-06	4.1526E-07
-1.2846E-11	-2.3485E-11	1.6691E-06	-2.3770E-07
-1.2843E-11	-2.3298E-11	1.3852E-06	-4.6232E-08
-1.2839E-11	-2.3112E-11	1.4237E-06	-3.9104E-07
-1.2835E-11	-2.2928E-11	9.6817E-07	-2.0588E-07
-1.2830E-11	-2.2744E-11	8.6409E-07	-2.4838E-08
-1.2824E-11	-2.2562E-11	1.1972E-06	6.3167E-07
-1.2818E-11	-2.2381E-11	1.8124E-06	-3.3898E-07
-1.2811E-11	-2.2201E-11	7.5353E-07	-2.1707E-07
-1.2804E-11	-2.2022E-11	1.2587E-06	-1.4031E-07
-1.2796E-11	-2.1844E-11	3.1208E-07	4.3002E-08
-1.2788E-11	-2.1667E-11	1.5267E-06	9.3558E-07
-1.2779E-11	-2.1492E-11	1.7124E-06	-6.3293E-07
-1.2770E-11	-2.1317E-11	3.1242E-07	-4.3448E-07
-1.2760E-11	-2.1144E-11	8.0670E-07	8.4102E-07
-1.2750E-11	-2.0972E-11	1.5942E-06	-5.2214E-07
-1.2739E-11	-2.0800E-11	-4.8001E-07	3.4019E-08
-1.2728E-11	-2.0630E-11	1.2324E-06	1.4597E-06
-1.2716E-11	-2.0461E-11	1.3424E-06	2.0992E-07
-1.2704E-11	-2.0294E-11	1.5190E-06	2.3429E-07
-1.2691E-11	-2.0127E-11	5.7937E-07	-3.0187E-07
-1.2678E-11	-1.9961E-11	9.5628E-07	6.8038E-07
-1.2664E-11	-1.9796E-11	5.8122E-07	5.0778E-08
-1.2650E-11	-1.9633E-11	1.1620E-06	1.0798E-06
-1.2635E-11	-1.9470E-11	8.4223E-07	-5.1432E-07
-1.2620E-11	-1.9309E-11	-2.3095E-07	1.4964E-06
-1.2605E-11	-1.9148E-11	1.8224E-06	1.5195E-06
-1.2589E-11	-1.8989E-11	1.6314E-06	5.3222E-07
-1.2573E-11	-1.8831E-11	1.1828E-06	5.5229E-07
-1.2556E-11	-1.8673E-11	1.6582E-06	1.0013E-06
-1.2539E-11	-1.8517E-11	1.6055E-06	-2.0383E-07
-1.2522E-11	-1.8362E-11	2.4339E-07	7.5873E-07
-1.2504E-11	-1.8208E-11	1.5175E-06	1.9361E-06
-1.2485E-11	-1.8054E-11	2.6924E-06	1.1225E-06
-1.2467E-11	-1.7902E-11	2.4730E-06	2.1814E-07
-1.2448E-11	-1.7751E-11	2.5058E-06	-6.1999E-08
-1.2428E-11	-1.7601E-11	1.7723E-06	-7.2490E-07
-1.2409E-11	-1.7451E-11	1.8199E-06	-4.1381E-08
-1.2388E-11	-1.7303E-11	1.6673E-06	-1.3496E-06
-1.2368E-11	-1.7156E-11	1.4602E-07	-4.4542E-07
-1.2347E-11	-1.7010E-11	6.7831E-07	1.9099E-07
-1.2326E-11	-1.6864E-11	6.4848E-07	7.6984E-07
-1.2304E-11	-1.6720E-11	1.8410E-06	6.8707E-07
-1.2283E-11	-1.6577E-11	1.5163E-06	-3.4422E-07
-1.2260E-11	-1.6434E-11	6.5303E-07	-5.2146E-08
-1.2238E-11	-1.6293E-11	9.8441E-07	9.9958E-07
-1.2215E-11	-1.6152E-11	2.1341E-06	4.2457E-07
-1.2192E-11	-1.6013E-11	1.5091E-06	-4.2069E-07
-1.2168E-11	-1.5874E-11	1.1395E-06	-9.6964E-08
-1.2145E-11	-1.5736E-11	1.1358E-06	-1.0397E-07
-1.2121E-11	-1.5600E-11	9.4466E-07	-1.1056E-09
-1.2096E-11	-1.5464E-11	8.9383E-07	1.0987E-07
-1.2072E-11	-1.5329E-11	7.8765E-07	6.0198E-07
-1.2047E-11	-1.5195E-11	1.8519E-06	6.6376E-07
-1.2021E-11	-1.5062E-11	1.5175E-06	-5.6965E-07
-1.1996E-11	-1.4929E-11	8.1727E-07	3.2469E-08
-1.1970E-11	-1.4798E-11	1.2491E-06	-4.6702E-08
-1.1944E-11	-1.4668E-11	7.7174E-07	-2.0541E-07
-1.1918E-11	-1.4538E-11	6.8461E-07	2.2110E-07
-1.1891E-11	-1.4410E-11	8.4316E-07	2.4623E-07
-1.1865E-11	-1.4282E-11	7.6956E-07	4.5644E-07
-1.1837E-11	-1.4155E-11	1.1690E-06	3.0783E-07
-1.1810E-11	-1.4029E-11	6.0585E-07	2.9655E-07
-1.1783E-11	-1.3904E-11	1.2294E-06	7.3031E-07
-1.1755E-11	-1.3780E-11	1.0650E-06	2.0116E-07
-1.1727E-11	-1.3656E-11	1.4193E-06	2.1140E-07
-1.1699E-11	-1.3534E-11	1.6352E-07	-5.3208E-07
-1.1670E-11	-1.3412E-11	1.7230E-07	1.5479E-06
-1.1641E-11	-1.3291E-11	1.4026E-06	8.6724E-07
-1.1613E-11	-1.3171E-11	1.2767E-06	9.8939E-07
-1.1583E-11	-1.3052E-11	1.4494E-06	3.1040E-07
-1.1554E-11	-1.2933E-11	1.3171E-06	9.6660E-07
-1.1525E-11	-1.2816E-11	1.8568E-06	-2.9583E-07
-1.1495E-11	-1.2699E-11	3.5638E-07	3.6348E-07
-1.1465E-11	-1.2583E-11	1.5291E-06	4.3774E-07
-1.1435E-11	-1.2468E-11	1.5065E-07	3.0270E-07
-1.1405E-11	-1.2354E-11	1.3761E-06	1.7511E-06
-1.1374E-11	-1.2241E-11	1.8755E-06	2.7891E-07
-1.1344E-11	-1.2128E-11	1.2843E-06	5.9282E-07
-1.1313E-11	-1.2016E-11	1.6398E-06	2.6745E-08
-1.1282E-11	-1.1905E-11	3.5398E-07	3.4404E-07
-1.1251E-11	-1.1795E-11	1.4393E-06	1.5462E-06
-1.1219E-11	-1.1685E-11	1.9554E-06	5.1312E-07
-1.1188E-11	-1.1577E-11	1.9834E-06	3.8803E-07
-1.1156E-11	-1.1469E-11	1.3560E-06	-5.6255E-07
-1.1124E-11	-1.1361E-11	7.5698E-07	7.0977E-07
-1.1092E-11	-1.1255E-11	1.6581E-06	2.2000E-07
-1.1060E-11	-1.1149E-11	7.4560E-07	4.6021E-07
-1.1028E-11	-1.1045E-11	1.5652E-06	1.0044E-06
-1.0996E-11	-1.0940E-11	2.0614E-06	5.5260E-07
-1.0963E-11	-1.0837E-11	1.9875E-06	-4.9565E-07
-1.0930E-11	-1.0734E-11	8.1370E-07	-3.1165E-07
-1.0898E-11	-1.0633E-11	9.1454E-07	9.1996E-08
-1.0865E-11	-1.0531E-11	6.4765E-07	6.9176E-07
-1.0832E-11	-1.0431E-11	1.7832E-06	6.1904E-07
-1.0799E-11	-1.0331E-11	9.0242E-07	-4.1747E-08
-1.0765E-11	-1.0232E-11	1.3901E-06	9.7650E-07
-1.0732E-11	-1.0134E-11	1.6197E-06	-3.0200E-07
-1.0698E-11	-1.0037E-11	4.7424E-07	4.7495E-07
-1.0665E-11	-9.9397E-12	1.6797E-06	7.5901E-07
-1.0631E-11	-9.8436E-12	9.8968E-07	-2.0000E-08
-1.0597E-11	-9.7482E-12	1.0696E-06	1.1017E-06
-1.0563E-11	-9.6535E-12	1.8975E-06	6.0595E-07
-1.0529E-11	-9.5594E-12	1.8986E-06	2.3591E-07
-1.0495E-11	-9.4661E-12	1.5099E-06	-5.9472E-07
-1.0461E-11	-9.3735E-12	4.6147E-07	1.1993E-07
-1.0427E-11	-9.2815E-12	1.1393E-06	6.9665E-07
-1.0392E-11	-9.1903E-12	1.2999E-06	5.2147E-07
-1.0358E-11	-9.0997E-12	1.5536E-06	3.1052E-07
-1.0323E-11	-9.0098E-12	1.1609E-06	-4.4162E-08
-1.0289E-11	-8.9205E-12	7.3056E-07	3.0875E-07
-1.0254E-11	-8.8319E-12	9.1186E-07	9.6571E-07
-1.0219E-11	-8.7440E-12	1.7231E-06	8.8092E-07
-1.0184E-11	-8.6567E-12	1.5839E-06	1.4137E-07
-1.0149E-11	-8.5701E-12	1.0730E-06	4.9850E-07
-1.0114E-11	-8.4842E-12	1.6319E-06	5.8804E-07
-1.0079E-11	-8.3989E-12	1.0449E-06	2.5324E-07
-1.0044E-11	-8.3142E-12	1.4554E-06	1.4641E-06
-1.0009E-11	-8.2301E-12	2.7310E-06	3.2976E-07
-9.9739E-12	-8.1467E-12	1.4045E-06	-2.8953E-07
-9.9386E-12	-8.0640E-12	1.9104E-06	8.2259E-07
-9.9033E-12	-7.9818E-12	2.6410E-06	-7.9687E-07
-9.8679E-12	-7.9003E-12	6.4162E-07	-8.5149E-07
-9.8325E-12	-7.8194E-12	1.3724E-06	2.7516E-07
-9.7970E-12	-7.7391E-12	1.0352E-06	-4.9850E-07
-9.7616E-12	-7.6594E-12	1.2082E-06	3.1996E-07
-9.7260E-12	-7.5803E-12	1.0699E-06	-5.7994E-07
-9.6904E-12	-7.5019E-12	7.4580E-07	3.8969E-07
-9.6548E-12	-7.4240E-12	9.9810E-07	-4.0487E-07
-9.6192E-12	-7.3467E-12	-5.9962E-08	7.5248E-07
-9.5835E-12	-7.2701E-12	1.4642E-06	1.4017E-06
-9.5478E-12	-7.1940E-12	2.1971E-06	4.7103E-07
-9.5121E-12	-7.1185E-12	1.3845E-06	-7.1821E-07
-9.4764E-12	-7.0436E-12	5.5455E-07	6.2572E-07
-9.4406E-12	-6.9692E-12	1.8408E-06	2.9509E-07
-9.4048E-12	-6.8955E-12	8.7627E-07	-2.0097E-08
-9.3690E-12	-6.8223E-12	1.3680E-06	6.5190E-07
-9.3332E-12	-6.7497E-12	1.8245E-06	-1.1978E-08
-9.2973E-12	-6.6776E-12	8.8948E-07	-7.1282E-07
-9.2615E-12	-6.6061E-12	3.5569E-07	7.5748E-07
-9.2256E-12	-6.5352E-12	1.6884E-06	4.4026E-07
-9.1897E-12	-6.4648E-12	8.6288E-07	1.5021E-07
-9.1539E-12	-6.3950E-12	1.3987E-06	6.0961E-07
-9.1180E-12	-6.3257E-12	1.4330E-06	1.1180E-07
-9.0821E-12	-6.2570E-12	1.1064E-06	3.6672E-08
-9.0462E-12	-6.1888E-12	1.1806E-06	5.4056E-07
-9.0103E-12	-6.1211E-12	1.5060E-06	-1.6691E-07
-8.9745E-12	-6.0540E-12	6.0711E-07	3.5990E-07
-8.9386E-12	-5.9874E-12	1.5964E-06	5.2979E-07
-8.9027E-12	-5.9214E-12	1.1629E-06	2.5230E-07
-8.8669E-12	-5.8558E-12	1.8920E-06	2.8833E-07
-8.8310E-12	-5.7908E-12	1.3205E-06	-5.8730E-07
-8.7952E-12	-5.7263E-12	9.1045E-07	-2.6520E-07
-8.7593E-12	-5.6624E-12	5.6179E-07	-8.3454E-08
-8.7235E-12	-5.5989E-12	7.1709E-07	2.8390E-07
-8.6877E-12	-5.5360E-12	5.1120E-07	4.3283E-07
-8.6519E-12	-5.4735E-12	1.0478E-06	9.2406E-07
-8.6162E-12	-5.4116E-12	1.2875E-06	3.9324E-07
-8.5804E-12	-5.3501E-12	1.0376E-06	4.8345E-07
-8.5447E-12	-5.2892E-12	1.2487E-06	5.0581E-07
-8.5090E-12	-5.2287E-12	9.9491E-07	3.8223E-07
-8.4733E-12	-5.1687E-12	1.1625E-06	1.0236E-06
-8.4377E-12	-5.1093E-12	1.9298E-06	5.9431E-07
-8.4020E-12	-5.0503E-12	1.6540E-06	3.4597E-08
-8.3664E-12	-4.9917E-12	1.0804E-06	-1.8980E-08
-8.3309E-12	-4.9337E-12	1.3066E-06	8.8977E-07
-8.2954E-12	-4.8761E-12	2.0290E-06	-2.3413E-07
-8.2599E-12	-4.8191E-12	4.4515E-07	1.7873E-07
-8.2244E-12	-4.7624E-12	2.0392E-06	1.2358E-06
-8.1890E-12	-4.7063E-12	2.3254E-06	-6.2728E-07
-8.1536E-12	-4.6506E-12	8.4356E-07	-5.3860E-07
-8.1182E-12	-4.5953E-12	1.3317E-06	5.4658E-07
-8.0829E-12	-4.5406E-12	1.8730E-06	-6.1939E-07
-8.0476E-12	-4.4862E-12	5.4989E-07	-2.4691E-07
-8.0124E-12	-4.4324E-12	1.6488E-06	2.3361E-07
-7.9772E-12	-4.3789E-12	1.1857E-06	-9.1421E-07
-7.9421E-12	-4.3259E-12	2.3359E-07	-2.6378E-07
-7.9070E-12	-4.2734E-12	7.8862E-07	6.4141E-07
-7.8719E-12	-4.2213E-12	1.3186E-06	-5.4741E-08
-7.8369E-12	-4.1696E-12	9.1555E-07	2.8113E-07
-7.8020E-12	-4.1184E-12	1.5654E-06	-4.0911E-07
-7.7671E-12	-4.0676E-12	3.2346E-07	-1.8613E-07
-7.7322E-12	-4.0172E-12	1.4159E-06	-7.4746E-08
-7.6974E-12	-3.9673E-12	2.4605E-09	-7.4159E-07
-7.6627E-12	-3.9177E-12	3.0168E-07	5.7642E-07
-7.6280E-12	-3.8686E-12	2.7811E-07	2.7150E-07
-7.5933E-12	-3.8199E-12	6.1175E-07	8.4961E-07
-7.5587E-12	-3.7717E-12	5.4426E-07	6.5460E-07
-7.5242E-12	-3.7238E-12	1.1509E-06	1.0769E-06
-7.4898E-12	-3.6763E-12	1.0138E-06	4.3828E-07
-7.4553E-12	-3.6293E-12	1.2810E-06	1.0140E-06
-7.4210E-12	-3.5826E-12	1.5921E-06	2.4009E-07
-7.3867E-12	-3.5364E-12	1.2095E-06	2.1456E-07
-7.3525E-12	-3.4905E-12	1.1683E-06	2.0491E-07
-7.3183E-12	-3.4451E-12	1.1171E-06	4.2271E-09
-7.2842E-12	-3.4000E-12	4.8424E-07	4.5073E-07
-7.2502E-12	-3.3553E-12	1.6888E-06	8.1418E-07
-7.2162E-12	-3.3110E-12	1.1663E-06	-5.0668E-07
-7.1823E-12	-3.2671E-12	4.6246E-07	2.2672E-07
-7.1485E-12	-3.2236E-12	3.7743E-07	7.7149E-07
-7.1147E-12	-3.1804E-12	1.5365E-06	1.4887E-06
-7.0810E-12	-3.1377E-12	2.0756E-06	1.5505E-07
-7.0474E-12	-3.0953E-12	1.4629E-06	-3.5704E-07
-7.0139E-12	-3.0533E-12	3.1641E-07	-2.0614E-08
-6.9804E-12	-3.0116E-12	1.6137E-06	1.2448E-06
-6.9470E-12	-2.9703E-12	1.6394E-06	-8.7958E-07
-6.9136E-12	-2.9294E-12	2.1963E-07	5.0401E-07
-6.8803E-12	-2.8888E-12	1.7142E-06	5.3846E-07
-6.8472E-12	-2.8486E-12	1.3459E-06	-2.2434E-07
-6.8140E-12	-2.8088E-12	8.0869E-07	-3.7441E-07
-6.7810E-12	-2.7693E-12	4.4357E-07	4.7634E-07
-6.7480E-12	-2.7301E-12	1.2375E-06	5.8033E-07
-6.7151E-12	-2.6913E-12	1.4091E-06	2.3785E-07
-6.6823E-12	-2.6529E-12	1.1609E-06	-3.4822E-07
-6.6496E-12	-2.6148E-12	6.2528E-07	1.8411E-07
-6.6169E-12	-2.5770E-12	1.1219E-06	1.0444E-07
-6.5844E-12	-2.5396E-12	6.6145E-07	8.9334E-08
-6.5519E-12	-2.5025E-12	1.0317E-06	3.3492E-07
-6.5194E-12	-2.4658E-12	9.3644E-07	-1.4510E-07
-6.4871E-12	-2.4294E-12	3.3578E-07	5.6534E-08
-6.4549E-12	-2.3933E-12	5.2823E-07	7.8807E-07
-6.4227E-12	-2.3575E-12	1.1826E-06	6.5784E-07
-6.3906E-12	-2.3221E-12	1.2147E-06	8.9381E-08
-6.3586E-12	-2.2870E-12	4.1467E-07	4.9687E-08
-6.3267E-12	-2.2522E-12	7.6960E-07	1.1353E-06
-6.2949E-12	-2.2177E-12	1.7144E-06	3.4520E-07
-6.2631E-12	-2.1836E-12	9.9311E-07	-1.7997E-07
-6.2314E-12	-2.1497E-12	6.8001E-07	9.0736E-08
-6.1999E-12	-2.1162E-12	6.4127E-07	4.0651E-07
-6.1684E-12	-2.0830E-12	9.3460E-07	5.3735E-07
-6.1370E-12	-2.0501E-12	1.1782E-06	1.3359E-07
-6.1057E-12	-2.0175E-12	3.8482E-07	-1.6196E-07
-6.0744E-12	-1.9852E-12	2.2462E-07	8.5268E-07
-6.0433E-12	-1.9532E-12	9.8494E-07	1.0227E-06
-6.0122E-12	-1.9215E-12	1.4905E-06	3.9690E-07
-5.9813E-12	-1.8901E-12	4.0100E-07	-1.8698E-07
-5.9504E-12	-1.8590E-12	3.6714E-07	1.1978E-06
-5.9196E-12	-1.8282E-12	1.0878E-06	8.5603E-07
-5.8889E-12	-1.7976E-12	1.2430E-06	8.7596E-07
-5.8583E-12	-1.7674E-12	7.6231E-07	3.4731E-07
-5.8278E-12	-1.7375E-12	1.2857E-06	1.8273E-06
-5.7974E-12	-1.7078E-12	2.2772E-06	-2.3337E-07
-5.7671E-12	-1.6784E-12	4.4381E-07	7.0933E-07
-5.7368E-12	-1.6493E-12	2.5071E-06	5.0097E-07
-5.7067E-12	-1.6205E-12	8.9115E-07	-8.9351E-07
-5.6767E-12	-1.5919E-12	2.9542E-07	2.7731E-07
-5.6467E-12	-1.5637E-12	8.6489E-07	1.1911E-06
-5.6168E-12	-1.5357E-12	1.9948E-06	-1.2324E-07
-5.5871E-12	-1.5079E-12	-2.1327E-07	-1.6739E-07
-5.5574E-12	-1.4805E-12	8.9348E-07	1.4939E-06
-5.5278E-12	-1.4533E-12	1.4728E-06	7.3046E-07
-5.4983E-12	-1.4263E-12	1.5611E-06	-4.2480E-09
-5.4689E-12	-1.3997E-12	-7.2344E-08	4.2141E-07
-5.4396E-12	-1.3733E-12	1.6148E-06	1.8884E-06
-5.4105E-12	-1.3471E-12	1.9913E-06	3.8802E-07
-5.3813E-12	-1.3212E-12	2.1545E-06	1.9689E-07
-5.3523E-12	-1.2956E-12	9.9920E-07	-8.3855E-07
-5.3234E-12	-1.2702E-12	7.8576E-07	6.1010E-07
-5.2946E-12	-1.2451E-12	1.0699E-06	5.7350E-09
-5.2659E-12	-1.2202E-12	9.7036E-07	8.0964E-07
-5.2373E-12	-1.1955E-12	1.4671E-06	6.7980E-08
-5.2088E-12	-1.1711E-12	8.2289E-07	4.9026E-07
-5.1803E-12	-1.1470E-12	1.4970E-06	5.4967E-07
-5.1520E-12	-1.1231E-12	1.4599E-06	1.8593E-07
-5.1238E-12	-1.0994E-12	1.2747E-06	2.1262E-08
-5.0956E-12	-1.0760E-12	1.1990E-06	1.1197E-07
-5.0676E-12	-1.0528E-12	1.0731E-06	4.5753E-08
-5.0397E-12	-1.0298E-12	1.1168E-06	8.3852E-08
-5.0118E-12	-1.0071E-12	6.1919E-07	2.0824E-07
-4.9841E-12	-9.8458E-13	1.4578E-06	8.3253E-07
-4.9564E-12	-9.6231E-13	1.2946E-06	-2.7494E-07
-4.9289E-12	-9.4027E-13	1.1568E-06	5.8203E-07
-4.9015E-12	-9.1846E-13	1.5409E-06	-4.7265E-07
-4.8741E-12	-8.9687E-13	5.7265E-07	9.8296E-08
-4.8469E-12	-8.7550E-13	1.1640E-06	3.1152E-09
-4.8197E-12	-8.5435E-13	5.5208E-07	2.2929E-07
-4.7927E-12	-8.3342E-13	1.1301E-06	4.7679E-07
-4.7657E-12	-8.1271E-13	1.1408E-06	3.2450E-07
-4.7389E-12	-7.9222E-13	1.2514E-06	1.3346E-07
-4.7121E-12	-7.7193E-13	1.3178E-06	2.0818E-07
-4.6855E-12	-7.5186E-13	1.1536E-06	-6.8362E-07
-4.6589E-12	-7.3200E-13	4.2291E-08	3.9769E-07
-4.6325E-12	-7.1235E-13	1.6193E-06	5.8250E-07
-4.6061E-12	-6.9291E-13	8.7960E-07	-3.9121E-07
-4.5799E-12	-6.7367E-13	6.4541E-07	2.2832E-07
-4.5537E-12	-6.5464E-13	8.1229E-07	6.3885E-07
-4.5277E-12	-6.3581E-13	1.6978E-06	6.0147E-08
-4.5017E-12	-6.1718E-13	1.8254E-07	-3.2176E-07
-4.4759E-12	-5.9875E-13	1.1034E-06	1.3390E-06
-4.4501E-12	-5.8052E-13	1.9141E-06	-2.8239E-07
-4.4245E-12	-5.6249E-13	6.9270E-07	-3.5232E-07
-4.3989E-12	-5.4465E-13	6.0290E-07	3.5478E-07
-4.3735E-12	-5.2700E-13	1.4693E-06	7.1559E-07
-4.3481E-12	-5.0954E-13	1.8917E-06	-5.0660E-07
-4.3229E-12	-4.9228E-13	7.7834E-07	-1.0928E-06
-4.2977E-12	-4.7520E-13	-1.6989E-07	-2.7891E-07
-4.2727E-12	-4.5831E-13	6.2665E-07	4.4185E-07
-4.2478E-12	-4.4161E-13	6.8677E-08	-1.9895E-07
-4.2229E-12	-4.2509E-13	3.6409E-07	1.6206E-06
-4.1982E-12	-4.0876E-13	1.9434E-06	1.2451E-07
-4.1735E-12	-3.9260E-13	2.4111E-07	8.3479E-08
-4.1490E-12	-3.7663E-13	1.2592E-06	8.1200E-07
-4.1245E-12	-3.6083E-13	1.0838E-06	1.8268E-07
-4.1002E-12	-3.4521E-13	1.2300E-06	2.7404E-07
-4.0759E-12	-3.2977E-13	8.5897E-07	3.6538E-07
-4.0518E-12	-3.1450E-13	1.9118E-06	5.8166E-07
-4.0277E-12	-2.9940E-13	1.5329E-06	-7.5709E-07
-4.0038E-12	-2.8448E-13	9.8685E-07	-2.6232E-07
-3.9799E-12	-2.6972E-13	9.8633E-07	-5.7779E-07
-3.9562E-12	-2.5514E-13	5.0378E-07	-2.6630E-07
-3.9325E-12	-2.4072E-13	5.3627E-07	1.7027E-07
-3.9090E-12	-2.2647E-13	1.3643E-06	4.1677E-07
-3.8855E-12	-2.1238E-13	1.2446E-06	-8.2527E-07
-3.8622E-12	-1.9845E-13	4.3446E-07	3.2343E-08
-3.8389E-12	-1.8469E-13	1.5207E-06	-2.7306E-07
-3.8158E-12	-1.7109E-13	6.5334E-07	-6.5272E-07
-3.7927E-12	-1.5764E-13	1.3570E-06	-5.0271E-07
-3.7698E-12	-1.4436E-13	3.6772E-07	-1.6732E-06
-3.7469E-12	-1.3123E-13	-3.4752E-07	-6.0340E-07
-3.7242E-12	-1.1826E-13	-4.8804E-07	-4.3165E-07
-3.7015E-12	-1.0544E-13	-1.4038E-08	8.1829E-07
-3.6789E-12	-9.2773E-14	9.7861E-07	-4.3144E-07
-3.6565E-12	-8.0258E-14	-2.3777E-07	-3.1321E-07
-3.6341E-12	-6.7894E-14	3.3518E-07	-1.4242E-07
-3.6119E-12	-5.5679E-14	-1.6274E-07	-2.2604E-07
-3.5897E-12	-4.3612E-14	-8.7934E-08	-2.5780E-07
-3.5676E-12	-3.1691E-14	-6.0780E-07	4.7226E-07
