jMRUI Data Textfile

Filename: Export_to_jmrui.txt

PointsInDataset: 2048
DatasetsInFile: 1
SamplingInterval: 0.250000
ZeroOrderPhase: 0E0
BeginTime: 0E0
TransmitterFrequency: 1.2326E8
MagneticField: 2.8936E0
TypeOfNucleus:  
NameOfPatient:  
DateOfExperiment:  
Spectrometer:  
AdditionalInfo: 
SignalNames:  


Signal and FFT
sig(real)	sig(imag)	fft(real)	fft(imag)
Signal 1 out of 1 in file
1.5321E-06	8.4531E-07	1.0761E-07	2.9929E-07
8.9512E-07	2.1010E-07	3.2335E-07	9.5346E-07
6.2007E-07	-1.5161E-07	9.2639E-07	5.6630E-07
4.4467E-07	-3.0761E-07	4.0480E-07	6.6787E-07
8.9385E-08	-4.9156E-07	1.4914E-06	9.7318E-07
-1.6993E-07	-3.6682E-07	1.2723E-06	-6.1485E-07
-3.3122E-07	-2.4618E-07	-8.6227E-08	-1.3795E-07
-2.7243E-07	2.2252E-08	2.2951E-07	7.3664E-07
-8.3329E-08	1.0962E-07	7.4317E-07	4.5763E-07
1.3231E-07	8.6925E-08	1.5125E-07	2.3410E-07
2.1619E-07	-3.0567E-08	7.2338E-08	1.0195E-06
1.7433E-07	-1.7941E-07	7.4330E-07	1.3068E-06
7.9115E-08	-2.7109E-07	1.2105E-06	5.9828E-07
-5.8282E-08	-2.7664E-07	2.4236E-07	7.0952E-07
-1.8655E-07	-2.8185E-07	1.4768E-06	1.4384E-06
-2.2676E-07	-8.6604E-08	1.1876E-06	-2.0924E-07
-1.8828E-07	6.0125E-09	4.8028E-07	9.7209E-07
-8.3583E-08	6.0263E-08	1.4901E-06	2.6500E-07
-4.2024E-08	2.5552E-08	1.0545E-07	2.6016E-07
-2.0002E-08	-1.0124E-08	1.0290E-06	1.3415E-06
-6.9895E-08	-1.0220E-07	1.2556E-06	1.4676E-07
-1.2809E-07	-5.9146E-08	5.9623E-07	9.1220E-07
-1.9001E-07	-4.9013E-08	1.9814E-06	4.0786E-07
-1.5583E-07	-3.0910E-08	4.5235E-07	-7.1451E-07
-1.2892E-07	5.1027E-08	1.7717E-07	8.0008E-07
-3.9406E-08	1.0558E-07	8.1468E-07	6.6742E-07
1.9167E-08	1.7707E-08	1.0272E-06	5.8610E-07
2.7206E-08	-1.7806E-08	6.9160E-07	1.8003E-07
-9.0306E-09	-4.5379E-09	8.9807E-07	7.2298E-07
-6.2668E-08	-5.3354E-08	9.3199E-07	-2.7128E-07
-1.4315E-07	-6.8959E-08	-1.9032E-07	3.3815E-07
-1.6200E-07	-2.6167E-08	5.0934E-07	1.0558E-06
-1.7513E-07	5.5758E-08	7.5929E-07	5.3695E-07
-1.1298E-07	1.2234E-07	3.1186E-07	8.0903E-07
-3.6681E-08	1.4875E-07	1.0358E-06	9.6960E-07
2.1600E-08	1.2710E-07	6.3565E-07	4.3323E-07
4.2851E-08	1.5034E-07	8.2960E-07	8.6496E-07
3.8753E-08	1.1773E-07	5.1893E-07	4.8192E-07
4.1664E-08	3.9434E-08	7.9060E-07	1.1945E-06
2.4723E-08	7.3341E-08	9.1117E-07	7.3519E-07
1.5551E-08	6.7909E-08	1.4756E-06	1.0636E-06
5.1183E-08	5.5791E-08	1.1590E-06	-2.5101E-07
6.9693E-08	2.7945E-08	8.6422E-07	5.7789E-07
1.2799E-07	6.7240E-11	5.9593E-07	-7.2349E-07
1.3516E-07	-2.8952E-08	-6.2662E-07	1.1236E-06
8.3813E-08	-7.1247E-08	9.5401E-07	8.3629E-07
6.0129E-08	-8.5235E-08	4.1949E-08	1.1887E-06
-4.5885E-09	-5.0469E-08	1.4605E-06	1.1147E-06
-4.7469E-08	-6.2429E-08	4.9250E-07	5.9082E-07
-4.4971E-09	-7.7476E-09	1.1999E-06	1.2054E-06
6.7358E-09	-2.2662E-08	1.1203E-06	4.2566E-07
7.0433E-08	-5.4238E-08	8.9045E-07	6.0316E-07
5.7279E-08	-6.7139E-08	1.0749E-06	5.9300E-07
6.3134E-08	-8.3459E-08	8.8682E-07	-5.7219E-09
6.6279E-10	-1.3863E-07	1.5517E-07	6.7788E-07
-4.9872E-08	-9.6994E-08	1.0990E-06	7.3048E-07
-1.0597E-07	-7.2210E-08	4.5533E-07	2.2804E-07
-7.2103E-08	-1.9421E-08	5.8891E-07	7.0388E-07
-6.6668E-08	1.1963E-08	3.9838E-07	2.2302E-07
-2.7277E-08	1.5798E-08	-4.5634E-07	8.0054E-07
1.6534E-08	-1.3250E-08	2.4295E-07	2.1720E-06
1.0240E-07	-2.2255E-09	1.5583E-06	1.3086E-06
7.0710E-08	-6.8541E-08	6.9780E-07	9.2759E-07
1.8878E-08	-1.3137E-07	1.1865E-06	1.4354E-06
-3.0411E-08	-1.2010E-07	1.3984E-06	9.8276E-07
-7.6938E-08	-1.2576E-07	1.3430E-06	7.8182E-07
-1.4417E-07	-7.5512E-08	1.3648E-06	9.9059E-07
-1.3099E-07	-7.9931E-09	2.0731E-06	3.1800E-07
-1.2805E-07	4.5472E-08	1.1245E-06	-4.7100E-07
-1.0809E-07	3.1924E-08	6.4186E-07	-2.6744E-07
-9.0453E-08	2.9615E-08	-2.0237E-07	8.5325E-08
-4.5778E-08	2.5986E-08	1.5570E-07	1.1595E-06
-2.5758E-09	5.0218E-08	7.3480E-07	1.1256E-06
-2.5313E-09	4.0954E-08	1.2080E-06	8.4096E-07
-2.4116E-08	5.0472E-08	8.6442E-07	3.2039E-07
1.5244E-08	8.0641E-08	8.3211E-07	3.3232E-07
4.0142E-08	3.0651E-08	-1.1271E-07	-2.4655E-08
4.7069E-09	5.3064E-09	-3.5815E-07	1.6687E-06
-8.4943E-09	-3.1178E-08	1.0391E-06	1.6040E-06
-3.3473E-08	-2.2192E-08	9.3210E-07	1.3770E-06
-8.6616E-08	5.6935E-09	1.8545E-06	1.1930E-06
-1.0523E-07	4.9855E-08	1.3300E-06	-1.6719E-07
-9.5656E-08	4.7556E-08	2.3707E-07	4.5124E-07
-6.7263E-09	7.0527E-08	6.4466E-07	1.0519E-06
7.6183E-08	6.7748E-08	9.0900E-07	9.4627E-07
9.1627E-08	8.0928E-08	9.7088E-07	9.0047E-07
9.7593E-08	7.7260E-09	1.2027E-06	7.4325E-07
8.7653E-08	-2.3877E-08	7.9783E-07	2.8816E-07
7.5924E-08	-6.5687E-08	4.3747E-07	1.1081E-06
3.3866E-08	-6.5568E-08	1.6677E-06	1.0991E-06
-9.0495E-09	-9.9654E-08	1.2939E-06	-4.6743E-07
-4.8387E-08	-8.9657E-09	-4.6711E-07	1.9972E-07
-7.6790E-08	3.9508E-08	4.9824E-07	1.7085E-06
-4.4145E-08	2.1530E-08	1.1630E-06	6.3503E-07
3.4166E-08	4.0636E-08	4.3058E-07	8.7030E-07
5.2340E-08	3.0401E-08	9.0932E-07	1.0322E-06
6.9171E-08	-9.5946E-09	7.0177E-07	8.9407E-07
4.6340E-08	1.4743E-08	8.4472E-07	1.3251E-06
2.1493E-08	-6.3815E-08	1.6111E-06	1.1300E-06
-1.2847E-08	-7.1838E-08	1.2997E-06	2.4215E-07
-3.1563E-08	-6.5860E-08	9.4252E-07	5.5821E-07
-2.4297E-08	-3.9871E-08	6.9501E-07	3.2179E-07
-1.1308E-08	4.9715E-09	8.4719E-07	1.2621E-06
1.2763E-08	-3.0194E-08	1.5611E-06	6.2730E-08
-4.8592E-09	-4.9675E-08	1.8308E-07	3.9081E-07
-5.0443E-09	-5.7566E-08	9.8728E-07	7.2430E-07
-4.1707E-08	-3.0183E-08	5.5375E-07	5.2533E-07
-2.1341E-08	-3.3401E-08	8.5595E-07	4.8334E-07
-3.1637E-08	-2.1757E-08	1.4975E-07	5.8741E-07
-3.4255E-08	-2.0054E-08	5.9746E-07	1.0648E-06
-5.1432E-08	-2.0481E-09	7.4668E-07	1.1947E-06
-8.0269E-09	7.6497E-09	1.3081E-06	4.5588E-07
7.1211E-09	-8.0358E-09	2.5476E-08	8.3796E-07
7.2370E-09	2.2593E-08	1.6644E-06	1.1591E-06
1.9089E-09	-2.5523E-08	3.7602E-07	-8.3820E-08
2.0839E-09	-2.6941E-08	8.2942E-07	1.2746E-06
-4.1955E-08	-4.1014E-08	6.9360E-07	1.1000E-07
-2.7166E-08	-1.2776E-08	5.0890E-07	1.0286E-06
-2.2735E-08	1.3987E-08	5.2464E-07	3.0806E-07
-6.2335E-09	5.9827E-08	1.7614E-07	1.1195E-06
6.3994E-09	4.5777E-08	2.2662E-07	9.6038E-07
2.5133E-08	9.7787E-09	6.7094E-07	2.1527E-06
2.2972E-08	-9.4832E-09	1.8303E-06	8.5010E-07
9.5889E-11	-5.8258E-08	8.6370E-07	6.2542E-07
4.8999E-09	-2.2464E-08	8.3429E-07	5.1134E-07
4.7990E-09	-5.1824E-08	5.5657E-07	1.2786E-06
-2.8906E-08	-1.0378E-08	1.6223E-06	5.0798E-07
-2.8819E-08	-2.4736E-09	-1.2684E-08	2.6141E-07
-4.6086E-08	5.5650E-08	8.1567E-07	1.6309E-06
-5.8487E-08	1.7528E-08	1.4265E-06	3.6857E-07
-2.1487E-08	4.3982E-08	1.6682E-07	2.8851E-08
-1.7891E-08	3.0050E-08	-3.5601E-07	1.4337E-06
-8.4283E-09	4.3703E-08	1.3207E-06	1.8865E-06
3.3058E-08	-7.4278E-09	1.1548E-06	2.2032E-07
1.8387E-08	-1.3274E-09	-1.3810E-07	1.1566E-06
5.8566E-08	-7.1770E-09	1.1792E-06	2.0523E-06
6.3141E-08	-5.1051E-09	1.9754E-06	8.8666E-07
5.0587E-08	-4.7323E-08	1.1743E-06	-8.0889E-08
9.2766E-09	-2.4540E-08	1.1580E-07	5.2334E-07
2.2447E-08	-4.0432E-08	6.5878E-07	1.2792E-06
-5.1789E-09	-7.0576E-08	8.6682E-07	1.0203E-06
3.5195E-08	-4.3096E-08	1.1579E-06	1.1045E-06
-1.5191E-08	-6.9391E-08	1.1028E-06	4.7435E-07
-3.7614E-08	-5.9691E-08	6.2541E-07	7.0858E-07
-5.4426E-09	-3.8849E-08	8.2497E-07	9.6553E-07
-3.3611E-08	1.0246E-09	1.2315E-06	6.3829E-07
-3.3236E-08	-1.4144E-08	3.5871E-07	5.5820E-08
-4.2226E-08	-1.1822E-08	7.7123E-08	1.2589E-06
-1.5371E-08	-6.0684E-08	7.3388E-07	1.1903E-06
-1.2032E-09	-1.4890E-08	1.0627E-06	1.3126E-06
-3.0648E-08	-7.0972E-09	9.5899E-07	2.5493E-07
1.8890E-09	5.1127E-10	2.2549E-07	1.3241E-06
2.0497E-10	2.4582E-08	1.2237E-06	5.3318E-07
-3.6904E-09	2.1957E-08	-5.5365E-07	1.2753E-06
-2.1389E-08	8.0056E-08	1.7791E-06	2.2946E-06
-1.0155E-08	2.3936E-08	1.5415E-06	3.5837E-07
7.7461E-10	-2.7346E-08	1.1649E-06	4.3539E-07
6.4053E-09	1.8260E-08	-5.9115E-08	3.4034E-07
2.3961E-08	2.0524E-08	8.9411E-07	2.0810E-06
4.0009E-09	-1.7163E-09	1.8001E-06	2.1580E-07
1.4091E-08	7.3391E-09	1.2623E-07	8.3726E-08
4.1842E-08	-1.5564E-08	-1.6503E-07	1.3361E-06
4.1214E-08	1.1509E-08	1.1479E-06	1.7748E-06
-3.9456E-09	-7.2009E-08	9.0026E-07	6.8757E-07
-1.5723E-08	-1.9133E-08	9.3046E-07	1.5949E-06
-5.7777E-08	-9.4080E-09	1.4792E-06	5.7734E-07
-3.2543E-08	5.2739E-09	7.1654E-07	6.9080E-07
-1.3299E-08	5.8026E-09	5.4152E-07	7.2168E-07
-2.6453E-08	5.2354E-08	9.0645E-07	1.7525E-06
-1.1564E-08	5.9649E-08	1.8938E-06	1.4832E-07
7.0758E-09	5.1370E-08	-1.8367E-07	3.0367E-07
4.5804E-08	1.2427E-08	8.5958E-07	1.4382E-06
2.1187E-08	1.7171E-08	8.9844E-07	5.9988E-07
8.3014E-08	-8.8452E-09	6.3357E-07	5.1403E-07
5.1750E-08	-1.8416E-08	-3.4167E-07	8.1583E-07
3.2515E-08	-4.0697E-08	5.0272E-07	2.3305E-06
3.3183E-09	-2.4680E-08	1.6757E-06	1.2408E-06
5.6593E-08	2.3558E-08	1.0675E-06	7.6605E-07
7.3404E-09	-1.0406E-08	8.0493E-07	4.9009E-07
2.1872E-08	-3.0814E-08	1.9568E-08	1.2870E-06
2.4108E-08	-2.2147E-08	1.3866E-06	1.6432E-06
2.9158E-08	-5.2208E-08	7.7509E-07	7.0093E-07
3.9797E-08	-6.2661E-08	1.2325E-06	1.6178E-06
3.8154E-08	-2.7575E-08	1.2538E-06	1.6799E-07
2.1230E-08	-5.3819E-09	2.9137E-07	1.2048E-06
1.4274E-08	-6.2420E-08	1.2655E-06	9.2616E-07
-1.6163E-08	-5.6172E-08	4.3319E-07	8.5686E-07
-1.6046E-08	-6.1959E-08	8.5771E-07	1.4712E-06
-4.5402E-08	-1.6203E-08	1.4744E-06	1.1891E-06
-7.7154E-08	-1.5923E-08	1.1664E-06	3.0731E-07
-6.4096E-08	3.8113E-08	7.5406E-07	7.8866E-07
-5.0461E-08	3.9676E-08	5.6506E-07	2.9162E-08
-1.4348E-08	1.2221E-08	-6.0391E-07	1.6611E-06
3.2158E-08	1.7392E-08	1.6569E-06	1.8701E-06
-7.2885E-09	1.5999E-08	8.8213E-07	5.5967E-07
-1.1699E-08	6.4445E-09	7.8420E-07	1.1477E-06
1.9619E-08	2.1839E-08	7.1889E-07	1.1242E-06
-1.3384E-09	-5.6224E-09	1.1637E-06	1.1953E-06
9.1567E-09	-6.2681E-09	9.4918E-07	7.2646E-07
-5.7790E-09	-1.1070E-09	6.3446E-07	7.1431E-07
3.1756E-08	3.6372E-08	3.5963E-07	1.2724E-06
-4.0190E-09	-2.2842E-09	8.3371E-07	1.0842E-06
-2.5741E-08	-1.9183E-08	2.1281E-07	1.7865E-06
-2.0808E-08	-1.7114E-08	1.9769E-06	1.6825E-06
-3.3743E-08	-1.4826E-08	8.6907E-07	7.3954E-07
-3.5727E-09	-9.3690E-09	1.9043E-06	1.2003E-06
1.0657E-08	1.1138E-08	3.3012E-07	-3.7980E-07
-2.8853E-08	6.5645E-08	2.6108E-07	2.1254E-06
-2.0947E-08	6.3624E-09	1.5318E-06	9.3110E-07
-2.1261E-08	2.6604E-08	1.0120E-06	1.1408E-06
9.3689E-09	5.1223E-08	1.1060E-06	3.7238E-07
5.6384E-08	5.3094E-08	4.2840E-07	1.0673E-06
1.1846E-08	3.0677E-08	7.3338E-07	6.3418E-07
5.7541E-08	1.1295E-08	-9.1231E-08	1.6149E-06
3.7576E-08	1.3552E-08	1.2429E-06	1.8392E-06
4.3932E-08	-1.8319E-08	1.1453E-06	1.5893E-06
4.2885E-08	1.0536E-08	2.0877E-06	1.1505E-06
1.1065E-08	6.4265E-09	1.0224E-06	-6.2512E-09
2.8990E-08	8.6778E-09	4.0365E-07	1.1201E-06
4.4891E-08	-2.0124E-08	1.2144E-06	1.0149E-06
5.8334E-08	-3.4140E-08	4.3427E-07	6.5617E-07
5.6761E-08	-5.0817E-08	6.9986E-07	1.7069E-06
6.2951E-08	-6.8979E-08	1.2328E-06	9.7032E-07
2.8512E-09	-5.7345E-08	7.4759E-07	1.2845E-06
-5.6538E-08	-1.0380E-07	1.1755E-06	1.0295E-06
-7.0521E-09	-2.8034E-08	6.9681E-07	1.3895E-06
-5.4998E-08	8.4558E-09	1.6648E-06	1.2402E-06
-1.4309E-08	1.4263E-08	9.1257E-07	6.1037E-07
-3.3086E-09	2.3367E-08	9.5434E-07	1.1875E-06
-2.7163E-08	-2.9054E-08	1.0185E-06	1.0952E-06
6.0211E-09	8.8041E-09	1.4608E-06	1.0651E-06
1.0022E-08	-1.4253E-08	9.8274E-07	1.7895E-07
3.1414E-09	-3.8707E-08	-2.0717E-09	1.0292E-06
4.5432E-09	3.5676E-08	9.1545E-07	1.9484E-06
-1.0632E-08	-2.6367E-08	1.6498E-06	1.1743E-06
1.3182E-09	-5.8680E-08	1.2443E-06	7.2456E-07
-4.0091E-08	-4.1407E-08	8.7158E-07	6.3732E-07
-2.3064E-08	6.5771E-09	6.4961E-07	1.2757E-06
-6.3504E-08	2.6140E-08	1.4089E-06	1.0468E-06
-1.1457E-08	2.1644E-08	7.4819E-07	7.4937E-07
3.2833E-09	-1.1748E-08	1.0644E-06	1.1314E-06
4.5349E-09	3.9108E-09	7.3445E-07	7.8676E-07
-4.0529E-08	2.1251E-08	8.4205E-07	1.4047E-06
-2.7852E-08	1.7509E-08	1.1121E-06	1.1501E-06
-1.7903E-08	-7.4668E-09	1.3253E-06	1.3200E-06
-2.6210E-08	1.2758E-08	1.6590E-06	4.4963E-07
-1.0856E-08	2.5506E-08	3.1834E-07	1.5403E-07
5.4666E-09	2.6986E-08	2.8147E-07	1.7340E-06
-5.1660E-09	-9.2867E-09	1.7338E-06	1.2185E-06
-2.8960E-08	-1.3612E-08	7.9675E-07	3.8010E-07
7.8871E-09	-1.3415E-08	6.1108E-07	1.0281E-06
-4.7315E-09	3.1997E-08	5.0156E-07	1.1654E-06
1.7251E-08	3.9538E-08	1.0368E-06	1.6187E-06
2.3389E-08	1.5429E-08	1.1626E-06	1.0273E-06
7.2396E-09	3.7751E-08	1.0310E-06	1.2730E-06
3.9024E-08	-1.1530E-08	1.2938E-06	1.0802E-06
4.7587E-08	-3.0341E-09	1.2414E-06	8.6241E-07
1.5364E-08	-9.3767E-09	9.8549E-07	7.1254E-07
6.2781E-08	-1.5072E-08	7.6633E-07	7.8460E-07
3.4166E-08	-1.6197E-08	5.2470E-07	1.2720E-06
-8.6273E-09	-2.5354E-08	1.3914E-06	1.3519E-06
2.7951E-08	-5.0503E-08	8.8307E-07	6.5984E-07
-6.3651E-09	-3.7482E-08	8.8216E-07	1.2743E-06
-5.3264E-09	-3.6325E-08	8.8903E-07	1.0910E-06
-1.7815E-10	-2.2123E-08	1.3629E-06	1.3551E-06
2.3173E-10	9.0305E-09	9.6539E-07	5.1673E-07
-6.2500E-09	-2.3268E-08	8.3567E-07	1.4480E-06
1.1599E-08	-1.6614E-08	1.0926E-06	8.0257E-07
-8.8951E-09	-1.9928E-08	7.6989E-07	1.6762E-06
2.1905E-08	-1.0800E-08	1.7636E-06	1.3123E-06
1.5709E-08	-2.7938E-08	1.8517E-06	1.1578E-06
-2.7618E-09	2.0889E-08	2.2582E-06	-2.7250E-07
2.8172E-08	-1.6624E-08	2.7912E-07	-5.9587E-07
1.4242E-08	-1.9255E-08	-2.0600E-08	5.8286E-07
1.0663E-08	-1.9712E-08	1.5821E-07	1.0860E-06
-2.9631E-08	-1.9086E-08	4.6333E-07	1.2686E-06
-1.0441E-08	-8.3555E-09	8.5114E-07	1.6028E-06
2.5436E-08	3.3567E-08	1.4813E-06	7.0040E-07
-3.2080E-09	3.0062E-09	2.5189E-07	3.6163E-07
-3.5056E-08	3.3702E-08	1.3324E-07	1.2487E-06
-2.4199E-08	-9.4686E-09	4.3434E-07	1.5083E-06
-1.0475E-08	9.2031E-09	6.2828E-07	1.3683E-06
-2.6450E-08	6.3701E-09	1.5004E-07	1.7649E-06
-5.0041E-09	4.3053E-09	1.1739E-06	2.7387E-06
-2.2840E-08	3.3300E-08	2.3837E-06	1.4653E-06
-3.0610E-08	1.2261E-08	1.1102E-06	7.6915E-07
-2.0756E-08	2.3516E-09	1.7840E-06	1.7785E-06
-1.4882E-08	4.1941E-08	1.9854E-06	-2.3558E-07
1.0156E-09	3.2548E-08	-1.8300E-07	5.4475E-07
2.6726E-08	3.0136E-09	7.5373E-07	1.7911E-06
3.0890E-08	2.7185E-08	1.2976E-06	1.7260E-06
6.4827E-08	1.2795E-08	2.0788E-06	1.0020E-06
2.0377E-08	2.6490E-08	1.0192E-06	2.2451E-07
2.0772E-10	9.6676E-09	6.3574E-07	1.0226E-06
5.2143E-08	-3.1279E-08	8.8373E-07	1.3972E-06
1.1760E-08	-2.0624E-08	1.5548E-06	1.3755E-06
-8.3141E-09	-2.8483E-08	1.4536E-06	6.4276E-07
6.4719E-09	-1.0251E-08	1.0536E-06	8.0359E-07
-2.3440E-08	2.6929E-09	1.0753E-06	6.3703E-07
-2.8191E-09	1.7080E-08	3.9462E-07	1.2081E-06
3.5756E-09	1.5341E-08	2.0972E-06	1.7360E-06
-5.3744E-08	-5.6225E-09	1.3840E-06	-7.6876E-07
2.6393E-08	1.8244E-08	-4.0574E-07	1.3927E-06
-5.7892E-08	-9.3222E-09	1.7901E-06	1.3621E-06
2.8563E-09	2.9428E-08	8.1066E-07	6.3077E-07
2.6660E-08	-2.2067E-09	1.1380E-06	8.6525E-07
4.5937E-09	-1.6983E-08	5.5094E-07	1.0907E-06
1.7540E-08	-1.8089E-08	1.6495E-06	1.0744E-06
-1.7662E-08	-7.5528E-09	6.6459E-07	4.1175E-07
1.6395E-09	-1.1206E-08	1.0274E-06	8.3527E-07
3.1262E-08	-6.7591E-09	-2.6231E-07	6.8957E-07
9.3663E-09	-6.8189E-09	9.2275E-07	2.7623E-06
1.8970E-08	-1.6377E-08	2.2034E-06	1.0239E-06
2.5317E-08	-4.9577E-10	1.3582E-06	7.3531E-07
5.0636E-09	5.9538E-09	1.3200E-06	5.8467E-07
2.0360E-08	-2.3033E-08	1.0780E-06	4.9238E-07
-9.4786E-09	-1.9219E-08	4.0151E-07	5.7776E-07
1.3404E-08	-4.8788E-08	8.9330E-07	1.7539E-06
-4.1043E-08	-2.9077E-08	1.9395E-06	6.3075E-07
-2.5017E-08	-2.1016E-08	5.9710E-07	5.5134E-08
-3.8524E-08	-8.4843E-09	5.0604E-07	1.1746E-06
-5.1376E-08	-9.3382E-09	9.9735E-07	6.7429E-07
-9.3277E-09	-3.6777E-08	9.2049E-08	1.3679E-06
-2.0364E-09	8.7895E-09	1.9503E-06	1.7800E-06
4.1572E-09	-3.1332E-08	1.2090E-06	4.7592E-08
-1.3632E-08	1.0000E-08	1.0713E-06	1.2224E-06
-2.1896E-08	-3.6864E-08	1.3651E-06	-9.4889E-08
-1.8895E-08	1.2931E-08	1.3031E-07	6.0374E-07
-5.1242E-08	-1.3608E-08	6.9070E-07	7.8070E-07
-1.8867E-08	2.1940E-08	1.7381E-07	1.0612E-06
-8.9929E-09	1.0315E-09	9.2731E-07	1.7336E-06
-9.0423E-09	9.8284E-09	1.7836E-06	8.7191E-07
-3.5609E-10	3.7167E-10	6.1556E-07	-1.3859E-08
-1.2487E-08	-1.7075E-09	3.8794E-07	1.4115E-06
-2.5591E-08	1.8042E-08	1.4975E-06	7.6850E-07
-2.1510E-08	-2.6229E-09	6.8684E-07	7.1968E-08
-1.7860E-08	6.9200E-09	-2.2196E-07	6.4294E-07
7.3342E-09	-1.3448E-08	7.5284E-07	1.7470E-06
-1.3067E-08	3.1108E-09	7.9793E-07	-5.3385E-08
-3.1927E-08	9.3508E-09	-8.2100E-07	1.7841E-06
-4.3132E-09	-1.2357E-08	1.8019E-06	1.9268E-06
5.4015E-09	3.2033E-09	7.1797E-07	3.6657E-07
4.3932E-10	1.4339E-08	7.2900E-07	1.2760E-06
3.1801E-08	4.6319E-08	7.8427E-07	4.7077E-07
-4.4015E-08	-6.0281E-10	-3.0933E-07	8.5906E-07
-1.1416E-08	1.8285E-08	2.6933E-07	2.2538E-06
-6.1392E-09	-6.4194E-09	1.4809E-06	1.2571E-06
-9.2498E-10	5.6708E-09	3.7633E-07	1.0695E-06
4.1156E-08	4.5059E-08	1.0758E-06	1.3389E-06
5.5944E-08	7.4027E-08	2.7621E-07	9.0673E-07
4.3627E-08	7.5215E-09	6.6522E-07	1.8547E-06
4.3207E-08	7.9823E-09	1.0636E-06	1.3772E-06
3.1312E-08	1.6024E-08	1.2487E-06	1.0590E-06
1.7765E-08	1.7211E-08	3.4683E-07	4.3753E-07
-3.3733E-10	-3.2045E-08	-2.2503E-07	1.6797E-06
-1.7088E-08	-2.5770E-08	7.3254E-07	2.2423E-06
-2.6888E-08	-2.1526E-08	1.3234E-06	1.6407E-06
-1.3998E-08	2.2926E-09	9.0517E-07	1.4758E-06
-1.1359E-08	3.5051E-09	1.3332E-06	1.4781E-06
-4.4855E-08	2.0264E-08	7.4707E-07	1.1830E-06
-3.3407E-09	1.2688E-08	1.2290E-06	1.7914E-06
-6.6639E-09	-8.6048E-09	1.1885E-06	1.0527E-06
-5.3926E-09	5.4770E-08	1.1826E-06	1.4461E-06
1.7297E-08	3.3493E-08	9.8912E-07	6.8057E-07
-2.4969E-08	1.7890E-08	3.1771E-07	1.7708E-06
-1.0791E-08	2.9794E-08	1.6779E-06	1.7896E-06
-1.4359E-08	4.8867E-08	1.2279E-06	8.6199E-07
-4.8464E-10	9.5856E-09	9.4103E-07	1.4734E-06
8.3656E-09	1.6071E-08	1.6655E-06	1.1874E-06
2.2001E-08	-6.3221E-09	9.2197E-07	3.4138E-07
3.0842E-08	2.2464E-08	1.0080E-08	1.3482E-06
-1.1718E-08	6.5622E-09	1.0814E-06	2.2058E-06
7.9943E-09	3.3528E-08	1.5529E-06	1.2227E-06
2.3052E-08	1.1188E-08	9.3386E-07	1.4947E-06
2.5589E-09	1.3877E-08	1.6912E-06	1.4885E-06
2.5245E-08	5.5099E-09	1.3432E-06	1.0551E-06
-2.5946E-08	-1.4362E-08	1.4617E-06	1.0879E-06
2.5302E-08	2.8702E-08	1.2163E-06	1.1916E-06
5.1594E-08	-1.4745E-08	2.0346E-06	8.1466E-07
8.0494E-09	-1.6597E-08	7.4338E-07	-1.7739E-08
8.8447E-09	-2.2410E-08	5.7640E-07	1.0885E-06
2.3607E-08	-2.4709E-08	5.8843E-07	1.2116E-06
9.7094E-09	-2.4821E-08	1.4725E-06	1.5322E-06
2.3355E-09	1.3695E-09	1.0493E-06	5.4289E-07
1.8750E-08	1.0208E-08	1.0576E-06	1.0474E-06
-1.3707E-09	3.2462E-08	2.3639E-07	6.4758E-07
8.5319E-10	5.2724E-08	1.0718E-06	2.3139E-06
7.6436E-09	1.2546E-08	1.5491E-06	3.6059E-07
2.8301E-08	3.4920E-08	4.8734E-07	1.5604E-06
2.4820E-08	3.1421E-08	1.4637E-06	8.1685E-07
3.3200E-08	1.8764E-09	4.0702E-07	1.5393E-06
2.7080E-08	-2.2575E-08	1.9635E-06	1.4080E-06
5.2958E-08	-4.8217E-09	1.1984E-06	4.7961E-07
-1.3839E-09	-2.2504E-08	8.6428E-07	6.0149E-07
-1.9046E-08	-2.8303E-08	3.4519E-07	1.0955E-06
1.2039E-08	-4.4534E-08	8.7514E-07	1.4986E-06
2.7212E-09	-1.8984E-08	1.0978E-06	1.4515E-06
-1.2962E-08	-1.6846E-08	1.2543E-06	1.1074E-06
-4.3287E-08	-2.3672E-08	1.1069E-06	1.2706E-06
1.1023E-08	-1.4439E-08	1.2306E-06	8.0184E-07
-6.3582E-09	4.9458E-09	5.2882E-07	1.3845E-06
-4.7660E-08	7.3046E-09	1.5775E-06	1.8168E-06
-1.7984E-08	3.1998E-08	2.1496E-06	1.0255E-06
3.6825E-08	-7.0405E-08	1.5791E-06	-2.5609E-07
-3.3761E-08	-1.2548E-08	2.1680E-07	6.5905E-07
-3.5779E-08	2.0335E-08	1.3440E-06	8.1217E-07
-5.6885E-09	3.3596E-08	8.8899E-08	2.9701E-07
-3.9750E-08	-1.0887E-08	4.9762E-07	1.8101E-06
2.3347E-08	-6.3497E-09	1.2551E-06	1.0804E-06
-2.1081E-08	9.3697E-09	8.4856E-07	9.6369E-07
6.5111E-10	4.2921E-09	6.7595E-07	1.0917E-06
-1.9767E-08	1.5011E-08	1.0385E-06	1.6119E-06
-1.5415E-08	1.2997E-08	1.4629E-06	7.0063E-07
-3.8157E-09	9.6514E-09	3.7077E-07	1.0980E-06
3.4631E-08	3.9883E-09	1.7400E-06	1.4788E-06
3.1923E-08	2.5602E-08	9.4590E-07	-7.1105E-08
-1.3560E-10	-1.5196E-09	5.4955E-08	1.2022E-06
1.9271E-08	5.0061E-08	7.7457E-07	1.6628E-06
8.2920E-09	4.8542E-08	1.5442E-06	1.4010E-06
1.7028E-08	7.4960E-09	8.2604E-07	6.4534E-07
2.2136E-08	2.1055E-08	1.2185E-06	1.7418E-06
1.5504E-09	2.8518E-08	1.4877E-06	3.6515E-07
5.6225E-10	-5.7930E-09	9.2765E-07	1.1098E-06
7.4263E-09	8.3184E-09	1.0908E-06	-4.7739E-09
7.6713E-09	3.2096E-08	-1.5881E-07	1.4191E-06
1.4027E-08	2.8858E-08	1.5070E-06	1.1963E-06
9.7925E-09	8.9777E-09	6.0632E-07	1.0145E-06
1.7564E-08	3.2886E-08	1.4210E-06	8.1401E-07
1.9042E-08	1.0845E-08	1.8090E-07	7.1670E-07
2.0101E-08	2.0775E-08	1.0233E-06	1.5165E-06
2.4679E-08	1.9743E-08	1.0116E-06	9.1861E-07
1.4855E-08	3.3205E-08	9.5784E-07	8.9134E-07
3.2619E-08	2.5135E-08	9.0439E-07	1.2796E-06
4.0877E-09	1.4356E-08	1.7677E-06	3.3836E-07
2.5682E-08	-9.3432E-09	-1.0694E-07	1.0042E-08
8.8377E-10	1.2412E-08	4.8248E-07	1.2826E-06
2.9751E-08	3.8303E-08	3.0788E-07	7.0923E-07
-1.7566E-08	1.7459E-08	5.1647E-07	1.4265E-06
3.7030E-08	4.0985E-08	7.1582E-07	7.8004E-07
4.9845E-08	2.1280E-08	2.1283E-07	1.0156E-06
-3.5607E-09	2.4825E-09	4.7652E-07	1.2056E-06
4.6257E-08	9.6816E-09	4.5472E-08	8.2433E-07
2.1671E-08	1.1663E-08	-3.4020E-07	2.3337E-06
1.4087E-08	1.6526E-08	1.8103E-06	1.9940E-06
2.2146E-08	-1.4157E-08	5.0070E-07	5.7605E-07
4.6349E-08	1.0200E-08	5.6161E-07	1.9081E-06
3.8106E-09	2.5098E-08	9.0935E-07	1.0611E-06
3.7842E-08	1.9713E-08	2.2688E-07	1.5585E-06
2.5616E-08	-1.5777E-08	8.3826E-07	2.0504E-06
-3.7181E-09	-1.5906E-09	1.5653E-06	1.4599E-06
1.7538E-08	2.6230E-08	5.4018E-07	5.2971E-07
1.5992E-08	1.1902E-08	-2.2239E-07	2.2014E-06
3.7747E-08	1.5424E-08	1.7116E-06	2.5999E-06
5.2086E-09	-2.2357E-08	1.7261E-06	1.1315E-06
1.9297E-08	3.8224E-09	1.3665E-06	1.3837E-06
3.3434E-08	8.3086E-09	1.4332E-06	6.5671E-07
2.9918E-08	-1.5348E-08	5.9277E-07	1.2116E-06
6.6913E-08	-1.9410E-08	1.3663E-06	1.0544E-06
2.6636E-08	-3.0831E-08	2.4445E-07	1.1515E-06
2.1676E-08	-2.0917E-08	1.6431E-06	2.1162E-06
1.8024E-08	1.1589E-08	1.7482E-06	3.0711E-07
-2.2191E-08	-3.0961E-08	6.9214E-07	4.9416E-07
6.2318E-08	-1.9972E-08	2.7731E-07	6.1592E-07
3.2092E-08	-3.4061E-09	1.2213E-07	1.6252E-06
1.3829E-08	1.6451E-08	9.4858E-07	1.5425E-06
1.0778E-08	-3.6196E-08	7.1174E-07	1.4288E-06
4.1625E-09	2.2895E-08	1.0355E-06	1.4118E-06
1.9353E-08	-1.4538E-09	4.9684E-07	1.4594E-06
-2.6325E-09	-1.6190E-08	1.5171E-06	2.3235E-06
1.3737E-08	1.8801E-08	2.1685E-06	6.5564E-07
3.5148E-08	-2.4201E-08	1.0088E-06	4.2784E-07
3.7611E-09	-2.7083E-08	6.9709E-07	3.2596E-07
9.4824E-09	-2.8252E-08	2.0339E-08	1.2240E-06
2.0433E-08	3.3595E-09	1.0385E-06	1.1494E-06
1.7780E-09	-1.6753E-08	1.0122E-07	1.0136E-06
-1.2493E-08	-1.2960E-08	9.2178E-07	1.3946E-06
1.9862E-09	-6.8030E-09	-3.5899E-07	8.0723E-07
-3.2755E-08	-4.3825E-08	2.9334E-07	2.9797E-06
6.3919E-09	2.0855E-08	1.4918E-06	1.5526E-06
-9.2421E-09	-7.8613E-09	6.8932E-07	2.2029E-06
1.1532E-08	7.8633E-09	2.1618E-06	1.6129E-06
1.4096E-08	-2.5893E-09	7.7871E-07	1.0950E-06
-1.3713E-08	2.8278E-09	1.8827E-06	2.0437E-06
-2.7173E-08	9.5657E-09	1.8485E-06	3.5111E-07
3.7536E-08	1.2375E-08	9.9074E-07	7.6684E-07
-1.2175E-09	2.3859E-08	9.9911E-07	6.3446E-07
-1.3989E-08	1.6703E-08	8.5706E-07	7.4482E-07
-2.5457E-08	1.0758E-08	2.5169E-09	4.8013E-07
1.0411E-08	-1.2396E-08	1.4428E-07	2.4768E-06
1.6729E-08	-3.3550E-09	1.9144E-06	1.3310E-06
1.5573E-08	-1.7710E-08	5.5789E-07	1.0724E-06
1.0054E-09	-9.6918E-09	1.4028E-06	1.5752E-06
3.5199E-09	-5.8618E-08	1.2888E-06	9.5422E-07
1.7892E-08	-1.2035E-08	1.3402E-06	7.6341E-07
6.1003E-09	-2.7256E-08	9.0833E-07	5.5572E-07
1.5176E-08	1.2896E-08	7.6227E-07	3.4747E-07
1.3043E-08	-1.6163E-08	-1.9302E-07	7.5337E-07
-5.6140E-09	5.3773E-09	4.7547E-07	1.5833E-06
-7.9603E-10	-1.6482E-08	6.8059E-07	1.0480E-06
3.4225E-08	-9.5161E-09	3.2123E-07	1.1417E-06
-9.8041E-09	2.3357E-08	4.8519E-07	1.6101E-06
-2.9940E-09	2.9367E-09	9.9004E-07	1.1949E-06
-2.4323E-08	-3.6205E-09	4.3006E-07	9.0747E-07
-6.9005E-10	-1.4486E-08	1.0123E-07	1.2256E-06
1.5624E-08	2.3368E-08	3.3638E-07	1.9695E-06
2.8160E-08	2.1227E-08	1.0583E-06	1.2628E-06
6.1232E-08	1.2418E-08	2.4519E-08	1.3212E-06
4.4478E-08	1.0842E-08	6.0461E-07	1.8785E-06
-1.2793E-08	2.5253E-08	5.3725E-07	1.8553E-06
8.6008E-09	8.5834E-09	1.4129E-06	1.7226E-06
3.3213E-08	3.6836E-08	5.2537E-07	7.1159E-07
1.4491E-08	2.0548E-08	2.0090E-08	1.9246E-06
-1.1727E-08	-7.9331E-10	8.9557E-07	2.0438E-06
3.2622E-08	-1.4105E-08	8.8725E-07	1.7002E-06
1.8865E-08	1.1522E-08	9.7457E-07	1.7643E-06
2.6401E-08	5.1395E-09	9.0942E-07	1.5042E-06
2.1623E-08	3.8376E-10	9.5064E-07	1.7227E-06
2.2394E-08	2.5904E-08	7.0832E-07	1.2363E-06
5.2660E-08	-1.7921E-08	4.3524E-07	2.4430E-06
3.5157E-08	-1.5019E-08	1.9877E-06	1.9637E-06
4.3948E-08	1.9942E-08	1.4496E-06	9.8920E-07
3.3961E-08	-3.7504E-09	7.6821E-07	5.5816E-07
3.8025E-08	-1.1409E-08	-2.7728E-07	1.7970E-06
2.2571E-08	1.1767E-08	1.0772E-06	2.2483E-06
1.0418E-08	6.1628E-09	9.2012E-07	2.0616E-06
1.5137E-08	-2.5671E-08	1.7563E-06	1.7083E-06
1.3526E-08	-5.0748E-09	7.6029E-07	1.4325E-06
2.6697E-08	-1.6797E-08	1.5575E-06	1.8873E-06
3.3616E-08	7.7677E-09	1.0411E-06	1.3019E-06
2.7694E-08	-4.7243E-09	1.5527E-06	1.7920E-06
3.1892E-08	-2.5057E-08	1.4532E-06	8.1513E-07
2.0096E-08	1.4822E-08	5.0905E-07	8.2796E-07
2.1730E-08	-3.3070E-08	2.1024E-07	2.2591E-06
2.2631E-08	-1.3373E-08	2.0271E-06	1.8980E-06
1.3436E-08	-2.7265E-09	6.8347E-07	1.1455E-06
-1.6403E-10	-2.5389E-08	1.7154E-06	2.1889E-06
7.1874E-09	-1.7284E-08	1.5607E-06	6.9342E-07
-4.0889E-09	1.5010E-08	1.0140E-06	1.0489E-06
5.0947E-09	-2.8030E-08	3.5520E-07	1.0495E-06
-1.3980E-08	-2.7347E-08	8.0612E-07	2.2121E-06
5.6588E-09	1.5925E-08	1.1968E-06	1.5357E-06
4.2420E-08	1.0530E-08	1.0217E-06	2.0880E-06
2.3633E-08	1.3772E-08	1.7993E-06	1.9790E-06
9.1819E-10	-1.3818E-08	2.0292E-06	1.4135E-06
-1.7789E-08	-5.6844E-09	1.8265E-06	9.0109E-07
3.6879E-08	1.0954E-08	1.2889E-06	6.7801E-07
2.9276E-10	7.4543E-09	1.2678E-06	1.3451E-06
2.7718E-08	2.8207E-08	1.7127E-06	1.9706E-07
-9.3111E-09	1.3040E-08	-1.5194E-07	9.0263E-07
-4.2719E-09	-6.9941E-09	1.4604E-06	1.6174E-06
5.3044E-08	-5.1668E-08	5.2158E-07	9.6183E-07
3.7933E-08	-3.9378E-08	1.6752E-06	1.5109E-06
2.9061E-08	7.1198E-09	1.9655E-07	3.8431E-07
1.5498E-08	-2.7935E-08	1.0976E-06	2.5606E-06
2.5489E-08	-3.1546E-08	1.7744E-06	3.5541E-07
1.8468E-08	3.1411E-09	3.0221E-07	1.0043E-06
-6.6268E-09	-3.1817E-08	6.2840E-07	1.4760E-06
2.7163E-08	-2.3289E-08	1.2304E-06	1.6107E-06
2.2281E-09	1.4138E-09	6.5246E-07	8.2481E-07
2.5429E-08	-1.2340E-08	5.4545E-07	2.1198E-06
-1.6758E-08	8.9581E-09	1.3994E-06	1.8411E-06
1.9165E-08	-1.4094E-08	1.8711E-06	1.5698E-06
-2.1018E-10	-2.5360E-08	1.2351E-06	5.0252E-07
3.7178E-08	3.5085E-09	7.8080E-07	1.5513E-06
2.9002E-09	1.1252E-08	1.2722E-06	1.3632E-06
-1.2676E-08	-1.0013E-08	1.5828E-06	1.5623E-06
5.3464E-08	-9.2450E-09	1.6303E-06	6.6514E-07
-5.9914E-09	1.2284E-08	1.3199E-06	8.0151E-07
4.9464E-08	-1.3950E-08	7.1216E-07	3.1299E-07
2.8873E-08	-3.1832E-08	7.0655E-07	1.7243E-06
1.9432E-08	-3.1063E-09	1.7759E-06	5.7412E-07
3.1916E-08	-1.3646E-08	3.7851E-07	4.3031E-07
-1.1655E-08	-1.0801E-09	5.4170E-07	1.1711E-06
5.3899E-08	-2.7055E-08	8.0896E-07	1.1971E-06
2.2088E-09	-1.1396E-08	8.6469E-07	1.0365E-06
-1.1760E-08	-1.4790E-08	8.3682E-07	8.2668E-07
-6.7844E-09	-4.1586E-08	7.2677E-08	9.9990E-07
-1.0178E-08	-3.2417E-08	8.7035E-07	1.8668E-06
-2.0546E-08	-1.4087E-08	9.2624E-07	9.1451E-07
2.1728E-08	-1.8265E-08	9.0050E-07	1.3262E-06
-3.4287E-09	5.1025E-09	4.6679E-07	5.5699E-07
-4.8428E-09	-3.2257E-08	2.6030E-07	1.7744E-06
1.7294E-08	-2.8948E-08	4.8650E-07	1.0835E-06
-1.5155E-09	4.1701E-09	3.0253E-07	2.6953E-06
-2.4924E-08	2.2929E-09	2.2846E-06	1.4190E-06
6.2386E-09	1.8362E-08	4.9021E-07	7.5390E-07
-1.1014E-08	-1.0846E-08	9.4763E-07	1.7978E-06
3.7208E-09	-3.1887E-11	1.3436E-06	1.4004E-06
6.3356E-09	-9.3722E-09	1.4229E-06	9.6692E-07
1.7394E-08	2.0155E-09	9.9982E-07	6.4508E-07
2.2434E-08	-3.6911E-08	5.1170E-07	7.3342E-07
-1.2086E-08	1.1510E-09	4.5798E-07	1.1813E-06
-1.5016E-08	-2.6577E-09	3.1104E-07	1.2587E-06
1.4853E-08	-2.5143E-08	8.4908E-07	1.9565E-06
5.5495E-09	-2.5663E-08	1.1314E-06	9.5594E-07
1.4793E-08	1.3313E-08	6.4509E-07	1.5577E-06
-1.2758E-08	1.9107E-09	1.2844E-06	9.7928E-07
4.2396E-08	1.4210E-08	5.7793E-07	9.7944E-07
1.4721E-08	-1.1302E-08	4.1973E-07	7.8635E-07
-4.0608E-09	-1.3547E-08	-1.6013E-07	2.0481E-06
-4.7928E-09	9.3729E-09	1.4969E-06	1.9114E-06
-8.1524E-09	2.3566E-08	8.3859E-07	1.3499E-06
-2.1119E-08	-9.3529E-09	1.5076E-06	1.4145E-06
1.0773E-08	-1.9174E-08	7.3771E-07	6.4754E-07
2.8259E-08	-1.0869E-08	3.7599E-07	1.5582E-06
-6.8317E-09	2.3882E-08	1.2534E-06	2.0353E-06
-7.9906E-09	2.7467E-08	1.9394E-06	7.7049E-07
3.0400E-08	-2.9540E-08	6.7275E-07	6.1453E-07
-2.9081E-08	-4.5845E-08	1.1951E-06	6.6367E-07
3.6183E-08	1.6905E-08	-1.9742E-07	5.3074E-07
2.8882E-08	2.2835E-10	8.6860E-07	1.8970E-06
-2.0649E-08	1.8542E-08	8.5299E-07	3.4384E-07
-4.8320E-09	-1.1133E-08	8.9427E-08	1.3426E-06
5.2294E-09	1.1412E-08	8.1537E-07	1.1077E-06
1.5118E-08	-2.1903E-08	3.0674E-07	9.4306E-07
-5.5194E-09	-6.3572E-09	6.8558E-08	1.4492E-06
-1.0954E-08	-1.4400E-09	9.9461E-07	1.8176E-06
-1.9774E-08	1.4361E-08	6.5484E-07	5.5011E-07
1.9193E-08	4.3603E-08	1.2208E-07	1.9259E-06
1.4683E-08	1.0026E-08	1.5222E-06	9.3230E-07
1.0583E-08	-1.5877E-08	-2.6804E-07	6.9331E-07
4.5636E-08	-4.0305E-08	5.3216E-07	1.8124E-06
-1.1761E-08	-3.8387E-08	5.9867E-07	1.0243E-06
4.5770E-08	-1.1069E-09	2.1152E-07	1.0098E-06
1.3443E-09	-1.1922E-08	-5.7109E-07	1.6533E-06
-4.6564E-09	-2.6638E-10	7.3564E-07	2.7568E-06
1.6418E-08	-2.7828E-08	1.2569E-06	1.4936E-06
-3.1187E-08	1.9107E-08	9.4995E-07	1.6565E-06
6.9321E-09	5.5512E-09	1.1923E-06	1.1159E-06
3.2281E-08	1.9732E-08	6.6394E-07	1.1792E-06
1.5984E-08	2.3088E-10	9.6541E-07	1.2423E-06
-3.5180E-10	-2.2501E-08	7.6280E-07	7.7880E-07
4.7260E-08	-2.4769E-08	1.4563E-07	1.1365E-06
1.6251E-08	-5.4425E-08	9.1690E-07	1.6689E-06
1.8769E-08	-2.2093E-08	1.0128E-06	4.6744E-07
2.3795E-08	-6.3121E-09	9.4329E-09	8.1805E-07
4.3150E-09	-1.8203E-08	4.1653E-07	8.5611E-07
2.9951E-08	-1.9903E-08	-6.3574E-07	8.3672E-07
-9.4899E-09	-2.2533E-08	-4.5239E-09	2.2718E-06
5.4509E-08	-1.2799E-08	8.2035E-07	1.0403E-06
-8.0833E-09	-2.5179E-08	-4.9409E-07	1.2677E-06
-1.7986E-08	-2.0723E-08	2.9235E-07	1.9576E-06
2.3677E-09	1.1620E-08	2.3670E-07	1.4401E-06
3.8931E-09	-1.2785E-08	1.3358E-07	1.5374E-06
7.9932E-09	-1.8890E-08	-4.0607E-07	1.8488E-06
3.5762E-08	-1.0550E-08	4.6390E-07	2.9081E-06
-6.3656E-09	2.0512E-09	1.5168E-06	2.0359E-06
1.8696E-09	-1.7884E-08	1.3855E-06	1.2090E-06
5.1528E-09	-2.4553E-08	7.8500E-07	5.6751E-07
1.1437E-08	-3.2711E-08	-1.3541E-07	8.4343E-07
1.9793E-08	-1.8664E-08	-9.4464E-08	1.6110E-06
1.9951E-08	-1.5153E-08	1.4285E-07	1.4191E-06
-1.5653E-09	-9.6516E-09	-1.4843E-07	1.9878E-06
9.0670E-09	2.3816E-08	7.0416E-07	1.6548E-06
-1.4412E-08	-1.3178E-08	-4.2905E-07	1.8289E-06
-1.2201E-08	-6.0114E-09	1.2722E-06	2.6482E-06
4.1380E-09	1.3939E-08	8.9987E-07	7.5457E-07
9.0373E-09	-3.4754E-08	3.2350E-07	1.3183E-06
-6.8217E-09	-2.0270E-08	-5.1700E-07	1.1108E-06
1.0883E-08	-8.7169E-09	2.5258E-07	2.9462E-06
3.3572E-08	-1.6095E-08	9.6941E-07	1.0449E-06
-4.5497E-08	-1.3093E-08	-2.0628E-07	2.2446E-06
-1.2185E-08	-8.9132E-10	1.2868E-06	1.5702E-06
2.9542E-08	-2.7560E-09	-5.2382E-09	1.3611E-06
3.3703E-09	-4.9059E-09	4.4887E-07	1.5677E-06
1.6173E-09	-1.2755E-08	-2.9055E-07	2.0418E-06
1.9270E-08	1.4379E-08	1.3212E-06	2.3190E-06
1.6115E-09	-9.9675E-09	5.3932E-07	8.2253E-07
8.8766E-09	-1.1382E-08	1.9168E-07	1.9658E-06
3.8347E-08	-1.1298E-08	8.3301E-07	1.2252E-06
2.6342E-09	-2.7492E-08	-2.6289E-07	1.3806E-06
6.6155E-09	-2.5540E-08	5.0240E-07	2.0075E-06
1.0928E-08	-2.5515E-08	2.2646E-07	1.2330E-06
-1.7139E-08	-3.1597E-09	2.3568E-07	1.9199E-06
-1.9357E-09	-1.8256E-08	1.4425E-07	9.8988E-07
6.4346E-09	2.3144E-08	-7.3285E-07	2.3964E-06
1.4696E-08	1.9671E-09	1.0081E-06	2.1772E-06
2.4910E-08	2.0663E-10	-3.9331E-08	1.5223E-06
1.7367E-08	3.7759E-10	5.1771E-07	2.1114E-06
6.1275E-09	-2.3720E-08	-1.9310E-08	1.5015E-06
2.6059E-08	1.9276E-09	6.0521E-08	2.5189E-06
3.9036E-09	6.8984E-09	6.4790E-07	2.4025E-06
3.1796E-08	6.6954E-09	1.5367E-06	2.3302E-06
7.8490E-10	-1.2795E-08	1.5733E-06	4.7487E-07
3.6389E-08	-4.2854E-08	-2.0323E-07	2.9790E-07
2.8426E-08	1.7421E-08	-9.2335E-07	1.3183E-06
-6.5798E-10	-2.5303E-08	-2.7720E-07	2.4342E-06
1.5611E-08	-4.5915E-08	3.7344E-07	1.6098E-06
1.5960E-10	-3.0391E-08	-3.5056E-07	1.8668E-06
3.3252E-08	-4.2900E-09	5.7003E-09	1.9031E-06
3.4781E-08	3.7997E-09	-3.2436E-07	2.5625E-06
-4.9525E-11	9.7383E-09	1.1819E-06	2.2820E-06
4.1245E-10	9.6370E-09	2.5322E-07	1.2196E-06
-2.5653E-08	9.9563E-09	1.8942E-07	1.5789E-06
1.6815E-08	-2.5423E-08	-6.6119E-07	1.5994E-06
3.8111E-08	9.3275E-09	2.1761E-07	2.5154E-06
4.1033E-09	1.0808E-08	-1.7943E-07	1.3530E-06
-1.0841E-08	-8.8304E-10	-6.1893E-07	2.6245E-06
9.7448E-09	1.5634E-08	-3.7488E-08	2.6643E-06
-1.3034E-08	-1.0281E-08	7.0609E-07	3.1098E-06
3.8029E-08	-2.2791E-08	9.4803E-07	1.8055E-06
2.7963E-08	1.5827E-08	5.6561E-07	2.5745E-06
1.3492E-08	1.1909E-08	1.7049E-06	1.3113E-06
2.2726E-08	-3.1322E-08	-2.4661E-07	6.0325E-07
2.1261E-08	-7.4823E-09	-7.2821E-07	2.2127E-06
1.9393E-08	-2.1203E-08	7.7713E-07	2.9492E-06
-6.6196E-09	-5.9036E-09	1.4667E-06	1.0820E-06
-2.9518E-08	-6.7745E-08	-3.8006E-08	1.1240E-06
-5.0293E-09	-4.8910E-09	7.9272E-07	1.0951E-06
3.3478E-08	-2.8138E-08	-6.1652E-07	7.8959E-08
4.1320E-09	3.0827E-08	-1.2803E-06	1.3753E-06
-3.1394E-09	-4.7318E-08	-1.1641E-06	1.5899E-06
-6.8257E-09	-1.8656E-08	-1.2161E-06	2.2039E-06
1.7163E-10	3.5197E-08	-1.0521E-06	2.3359E-06
-8.3523E-10	-3.2471E-09	-8.2309E-07	3.1266E-06
-1.9172E-08	-5.0214E-08	2.9917E-07	2.6353E-06
-5.9067E-09	-6.5875E-09	-3.3382E-07	2.2264E-06
9.4245E-09	-3.9354E-08	3.9843E-07	2.3976E-06
-1.6952E-08	-5.9573E-09	-3.2212E-07	1.1337E-06
-2.7607E-08	4.0055E-08	-1.0546E-06	2.2662E-06
9.2585E-09	1.1150E-08	-4.7043E-07	1.9354E-06
3.5959E-10	-3.8267E-09	-1.5158E-06	2.2102E-06
-1.5580E-08	1.3863E-09	-9.4968E-07	3.2388E-06
1.1944E-08	-7.2197E-09	-4.5258E-07	3.0052E-06
7.2869E-10	-4.2710E-09	-2.1056E-07	3.1345E-06
-2.1620E-08	-7.9140E-09	2.2633E-07	2.5960E-06
2.0185E-08	-2.0070E-08	-1.8313E-07	2.4094E-06
-1.2994E-08	7.6859E-10	1.4632E-07	2.0466E-06
-7.2083E-09	5.0307E-08	-1.1617E-06	1.6199E-06
3.3893E-09	-2.0262E-08	-1.1139E-06	2.9241E-06
-2.3887E-08	1.3023E-09	-1.0515E-06	2.6188E-06
2.5147E-08	-1.0069E-08	-7.4520E-07	3.7007E-06
-5.3129E-10	-1.5033E-08	1.1526E-09	2.5240E-06
-2.2745E-08	-2.3418E-08	-1.1373E-06	3.1646E-06
-4.1488E-09	2.6430E-08	3.0948E-07	3.2994E-06
2.2249E-08	-1.7215E-08	-3.3292E-07	2.3908E-06
1.8951E-08	2.9412E-09	-9.0520E-08	2.7587E-06
1.4906E-08	-1.4035E-08	-4.8740E-07	1.8344E-06
-1.7746E-09	1.9849E-09	-1.2074E-06	2.4379E-06
-3.2267E-10	2.9677E-09	-1.0818E-06	2.3853E-06
9.3373E-10	1.3887E-08	-1.7930E-06	2.5653E-06
1.0837E-08	-5.8588E-09	-2.1150E-06	3.3797E-06
-2.9069E-08	1.6782E-08	-1.4637E-06	4.5095E-06
4.6416E-09	-1.4853E-08	-3.4991E-07	3.7937E-06
-3.5571E-09	-1.5008E-08	-1.0154E-06	3.8152E-06
1.3354E-08	-1.6159E-08	8.0425E-08	3.5367E-06
4.0602E-08	-1.9608E-08	-1.6062E-06	2.7946E-06
7.6459E-09	-2.5727E-08	-8.2872E-07	4.7630E-06
1.1065E-08	-9.2326E-09	-1.5089E-07	2.9919E-06
-9.4658E-09	1.5956E-08	-1.4367E-06	3.5903E-06
-2.0092E-09	-2.0329E-08	-8.7204E-07	3.7961E-06
9.7884E-09	-4.2067E-09	-1.1220E-06	3.7694E-06
1.3064E-08	-2.6167E-08	-1.2848E-06	3.9386E-06
1.0157E-08	-2.2611E-08	-1.0455E-06	4.3509E-06
8.1411E-09	3.0078E-09	-1.2881E-06	4.0920E-06
7.8731E-10	1.2967E-08	-9.1859E-07	5.1640E-06
4.1433E-10	4.4841E-09	-2.3604E-07	4.0181E-06
-3.8762E-08	-2.9803E-08	-1.1838E-06	4.4892E-06
-1.3935E-08	-3.9227E-08	-4.2481E-07	4.4521E-06
2.8227E-08	-1.5150E-08	-7.5176E-07	4.3181E-06
1.9211E-08	-6.2654E-09	-8.6140E-07	3.7630E-06
-1.3235E-08	-3.4288E-08	-2.0553E-06	4.8425E-06
8.0462E-09	-3.4544E-08	-3.4351E-07	5.2761E-06
1.4980E-09	-5.3885E-09	-1.1204E-06	4.0158E-06
6.5944E-10	-2.4422E-08	-1.7524E-06	4.8320E-06
8.6868E-09	1.5416E-09	-1.8897E-06	5.4989E-06
-2.4077E-08	-8.2264E-10	-9.8097E-07	5.9502E-06
-1.4015E-08	-1.9620E-08	-1.4120E-06	5.2843E-06
-3.9999E-09	-4.2845E-09	-1.4735E-06	6.5223E-06
-1.0669E-10	-3.8952E-09	-5.9105E-07	6.0459E-06
3.4038E-08	2.4715E-08	-1.3618E-06	6.0823E-06
-2.4605E-08	1.2623E-08	-9.6737E-07	6.7430E-06
-1.2034E-09	7.0384E-09	-7.9228E-07	6.5494E-06
9.3677E-09	8.0673E-09	-9.1247E-07	6.5235E-06
7.3199E-09	-1.2863E-08	-1.7493E-06	6.7417E-06
-8.5189E-09	-3.0269E-08	-1.5606E-06	8.5876E-06
-3.0469E-08	6.0798E-09	7.2011E-08	8.1017E-06
4.0774E-09	-9.5547E-09	-1.5423E-06	7.8399E-06
-7.0896E-09	1.1960E-08	-8.8891E-07	1.0350E-05
1.9308E-08	-8.1158E-09	5.5687E-07	1.0046E-05
9.5401E-09	2.5769E-08	8.5606E-07	1.1080E-05
2.1681E-09	-2.6583E-09	2.9039E-06	1.0944E-05
1.4740E-08	-1.1458E-08	3.2384E-06	1.0633E-05
-4.2278E-08	-3.7579E-08	4.9428E-06	1.0407E-05
1.3677E-08	1.5180E-09	5.2858E-06	9.1234E-06
2.6199E-09	-8.1176E-11	5.7840E-06	8.4202E-06
-1.1476E-08	-1.6630E-08	5.0628E-06	7.7346E-06
-7.1553E-10	1.9320E-08	5.7589E-06	8.3849E-06
1.3468E-08	1.4495E-08	6.2544E-06	7.6190E-06
-4.7908E-09	2.1797E-08	7.5753E-06	7.4370E-06
1.8698E-08	-1.2492E-09	7.6307E-06	4.6183E-06
-2.1935E-08	-1.2965E-08	5.9544E-06	4.6839E-06
2.5752E-08	-1.4901E-08	6.4666E-06	4.2726E-06
-2.6548E-08	8.5741E-10	5.5962E-06	3.2181E-06
-7.4175E-09	7.9386E-09	4.1885E-06	3.2184E-06
-2.1737E-09	-2.5878E-08	4.0415E-06	4.4496E-06
-2.3609E-08	-1.1277E-09	4.5099E-06	3.5921E-06
-3.1935E-08	-7.9626E-09	2.8743E-06	3.9081E-06
2.2566E-08	8.5570E-09	3.3426E-06	5.2630E-06
-3.2472E-08	2.7001E-08	3.8210E-06	5.1877E-06
-1.8707E-08	-7.1105E-09	4.0777E-06	5.5494E-06
-1.5228E-08	1.9465E-08	4.9283E-06	5.2852E-06
3.8941E-08	-1.6074E-08	4.8873E-06	4.5061E-06
-1.1235E-10	5.3423E-08	4.4613E-06	4.0189E-06
2.6173E-08	1.0138E-08	3.2323E-06	4.5928E-06
-2.3129E-08	-1.8690E-08	4.4256E-06	5.9325E-06
-6.8772E-09	-3.8493E-08	4.5066E-06	4.9755E-06
1.9270E-08	5.5381E-09	5.3008E-06	6.7307E-06
-1.7366E-08	8.7180E-09	7.6922E-06	4.2088E-06
1.1903E-08	-2.9372E-08	5.3514E-06	2.9837E-06
1.7520E-08	1.2244E-08	5.8363E-06	3.6617E-06
6.6634E-09	-3.8973E-08	5.3990E-06	2.4051E-06
2.4472E-08	1.2102E-08	4.5467E-06	2.6458E-06
-1.9063E-08	-1.0344E-08	4.4069E-06	2.6285E-06
8.7120E-09	3.1178E-11	3.8328E-06	2.3263E-06
-5.5455E-09	-3.5021E-08	2.6335E-06	2.6707E-06
3.0949E-08	-7.0052E-09	2.0328E-06	4.2721E-06
-1.4297E-09	-1.6371E-08	3.0826E-06	5.8380E-06
-3.4087E-09	-2.5330E-09	4.9807E-06	5.9263E-06
1.6521E-08	-1.3669E-08	5.7444E-06	4.2612E-06
-5.5823E-09	-1.7082E-08	4.5374E-06	4.1135E-06
-1.8809E-08	-1.7730E-08	5.6592E-06	4.5816E-06
2.2651E-08	-1.6711E-08	5.1849E-06	3.1468E-06
-1.4132E-08	-4.7448E-09	4.6776E-06	3.9767E-06
-1.8249E-08	1.6099E-08	4.8349E-06	3.8903E-06
3.2826E-09	4.6576E-09	5.2985E-06	4.4303E-06
2.6893E-08	-2.4682E-08	5.4113E-06	3.7026E-06
3.6518E-09	3.3741E-09	5.7809E-06	4.5051E-06
-1.2943E-08	-1.7383E-09	6.4843E-06	3.2373E-06
4.1415E-09	-1.5764E-08	6.2415E-06	3.5091E-06
1.9633E-08	-1.7458E-08	6.7778E-06	2.1427E-06
1.3939E-08	-1.2188E-08	5.6690E-06	2.4564E-06
5.4176E-10	-1.6914E-08	6.5759E-06	1.9898E-06
-1.2798E-08	-9.2315E-10	5.8764E-06	1.6292E-06
-2.0512E-08	1.6296E-09	6.4574E-06	9.0884E-07
-1.1939E-08	-3.7587E-08	5.0420E-06	-1.0742E-07
-3.1012E-09	2.4226E-08	4.1244E-06	3.6337E-07
-2.6269E-09	-8.1477E-09	3.7817E-06	7.7408E-07
-1.7723E-08	-1.5042E-08	3.3907E-06	8.3622E-07
9.4944E-09	-1.5754E-08	3.4565E-06	1.4621E-06
-7.7497E-10	-6.6905E-09	2.9510E-06	4.7592E-07
-4.6028E-08	-2.0658E-08	1.9142E-06	2.4123E-06
-1.8767E-08	-1.2913E-08	3.5629E-06	1.5289E-06
-7.3315E-09	7.3964E-09	7.2971E-07	1.7953E-06
5.6449E-09	-1.0816E-08	2.2752E-06	4.3550E-06
1.0746E-08	1.8244E-08	3.0327E-06	3.1481E-06
2.0313E-08	4.1436E-09	2.3049E-06	3.5256E-06
-1.0865E-08	-1.2673E-08	2.7286E-06	4.5671E-06
1.0503E-08	-9.9383E-10	3.7235E-06	4.0113E-06
1.5528E-08	6.4191E-09	2.6525E-06	3.9275E-06
-5.0428E-09	-8.4326E-09	2.6439E-06	4.9805E-06
3.4392E-08	-1.3656E-08	2.7898E-06	6.4897E-06
-4.8658E-09	-7.8235E-09	4.9022E-06	7.3167E-06
3.5917E-08	5.2770E-10	5.8601E-06	7.6039E-06
5.9866E-09	2.1860E-08	9.3116E-06	7.4869E-06
-1.0440E-08	4.5522E-08	1.0368E-05	3.9957E-06
1.1170E-08	1.3641E-08	9.8842E-06	2.4654E-06
4.8046E-09	-1.3617E-08	9.1607E-06	7.2725E-07
1.5207E-08	1.8063E-09	8.0441E-06	5.8901E-08
6.3285E-09	-2.6700E-08	6.7265E-06	-2.3294E-07
-1.6632E-08	-1.9864E-09	6.7589E-06	7.2218E-07
1.7730E-08	-2.0627E-09	7.3101E-06	-9.0059E-07
-1.9575E-08	-6.0260E-09	4.9582E-06	-1.5721E-06
-1.9565E-09	3.1241E-09	4.1205E-06	-3.5137E-08
-1.4884E-08	-2.5062E-08	4.5244E-06	7.6030E-07
-1.1692E-08	-3.4844E-08	5.5383E-06	5.8747E-07
-3.4867E-08	-6.7264E-09	4.8940E-06	-8.2656E-07
-1.5349E-08	-7.3184E-10	3.8258E-06	-2.0114E-07
5.9902E-09	-7.6772E-09	3.2754E-06	-3.0901E-07
2.1020E-08	-3.4326E-09	2.4731E-06	1.7573E-06
-3.4263E-08	-6.2957E-10	4.9554E-06	2.0720E-06
-1.8256E-08	-6.6256E-10	4.6916E-06	5.3645E-07
1.9380E-08	-7.6174E-09	4.3027E-06	3.8425E-07
4.9225E-09	-3.8722E-08	3.3197E-06	3.1048E-07
-3.4248E-09	-4.0979E-08	3.1239E-06	1.4758E-06
1.6992E-10	-2.0536E-08	3.8670E-06	1.8591E-06
-3.7456E-09	6.5862E-10	4.1255E-06	1.6464E-06
-1.4781E-08	1.2664E-08	4.6114E-06	1.8529E-06
1.6794E-08	3.2112E-09	4.6204E-06	6.3983E-07
-4.3527E-09	4.7801E-09	3.4958E-06	1.8587E-06
-3.2303E-08	-3.2531E-08	5.5121E-06	1.9767E-06
-1.2178E-08	7.7991E-09	5.0605E-06	9.3224E-07
1.6072E-08	-1.6515E-08	5.7530E-06	6.9677E-07
-5.6858E-08	2.3343E-08	4.7573E-06	-5.0582E-07
-2.7142E-08	-2.3960E-08	4.4060E-06	1.3932E-08
2.6984E-08	-3.4251E-08	3.8510E-06	-3.7108E-07
5.0509E-08	-4.6267E-09	3.3743E-06	5.7855E-07
8.9732E-09	-4.4805E-08	4.2243E-06	1.3367E-06
-1.4045E-08	-3.5111E-08	5.6694E-06	3.2456E-07
8.9395E-10	3.5196E-08	4.6904E-06	-1.2484E-06
-3.4907E-09	4.2483E-09	4.0225E-06	-1.1355E-06
-4.8297E-09	-1.3858E-08	3.3611E-06	-1.6247E-06
-1.9786E-08	-5.3796E-10	2.2973E-06	-1.3689E-06
-8.3942E-09	-7.7810E-09	1.9558E-06	-4.0909E-07
2.5053E-08	1.3036E-08	2.2402E-06	-8.9065E-07
-2.8941E-08	-5.6565E-10	2.6962E-07	-8.3372E-08
1.6320E-08	-2.1850E-08	1.8860E-06	1.8958E-06
1.2106E-08	8.2642E-09	2.4644E-06	4.7747E-07
4.0853E-09	-6.9870E-09	1.8132E-06	4.4954E-07
-1.4667E-08	1.6866E-09	7.7848E-07	9.4816E-07
-2.6898E-08	6.7169E-10	1.9130E-06	2.6391E-06
4.9309E-08	1.1225E-08	2.6640E-06	1.1661E-06
1.0902E-08	-1.3889E-08	1.7997E-06	1.6420E-06
-8.1827E-09	-2.4036E-08	2.3360E-06	1.5994E-06
4.2186E-08	1.7117E-08	1.8860E-06	1.5436E-06
1.1408E-08	-8.8222E-09	1.6467E-06	2.0025E-06
-1.7612E-08	3.8130E-09	2.2061E-06	2.7723E-06
1.6084E-08	-1.3457E-08	2.8271E-06	1.9630E-06
-4.4628E-09	3.5481E-09	1.9333E-06	2.1258E-06
4.3799E-09	-1.6703E-08	2.6857E-06	2.6781E-06
-1.2134E-08	1.4690E-08	2.5317E-06	1.9197E-06
8.5452E-11	2.2693E-08	2.3604E-06	2.5829E-06
3.7288E-08	3.1631E-08	2.6735E-06	1.5093E-06
6.9524E-10	9.6415E-09	2.0092E-07	2.0731E-06
7.4191E-09	-1.1959E-08	7.8481E-07	4.7488E-06
1.8462E-08	6.4764E-10	1.7494E-06	5.4409E-06
-2.0044E-08	1.6508E-08	3.1510E-06	6.8839E-06
-1.0752E-08	1.5603E-08	5.6912E-06	7.3493E-06
-2.2248E-08	3.4681E-08	9.5526E-06	5.6363E-06
-4.4973E-09	-1.1591E-08	9.5106E-06	2.0630E-07
2.6873E-09	1.6964E-08	5.7959E-06	-9.9500E-07
9.5542E-09	-1.8474E-08	4.2489E-06	-7.4133E-08
-9.4056E-09	-8.7628E-09	4.0734E-06	1.0184E-06
-2.8997E-08	1.8121E-08	4.3067E-06	5.8097E-07
-3.1241E-09	-3.3845E-08	3.4808E-06	8.5463E-07
-1.5488E-08	-4.7300E-08	3.2742E-06	9.9166E-07
-8.3702E-09	-2.9416E-08	2.6845E-06	2.2127E-06
-9.3815E-09	-5.4845E-09	3.9507E-06	2.4896E-06
4.9740E-09	-2.0909E-08	3.2365E-06	3.0500E-06
-1.7099E-09	1.2480E-08	6.2963E-06	4.2736E-06
-1.2307E-08	-8.0523E-09	7.1205E-06	4.4110E-07
1.8777E-08	6.9545E-09	5.0582E-06	1.7680E-07
9.2215E-09	3.0010E-08	4.6925E-06	-6.5790E-08
-1.3196E-08	1.1982E-08	4.0839E-06	7.6964E-07
8.8242E-09	1.5740E-08	4.7744E-06	2.8393E-08
-2.5651E-08	1.0892E-08	3.4302E-06	2.0845E-07
1.4484E-08	3.4334E-10	4.1418E-06	2.7126E-07
1.0909E-08	2.2077E-08	2.6834E-06	-5.7324E-09
-6.8574E-09	-1.5506E-09	3.0228E-06	1.5049E-06
-5.8527E-09	-4.6290E-08	3.7797E-06	1.2187E-06
-5.9841E-09	1.9042E-09	3.8018E-06	5.9217E-07
1.3529E-09	-5.4199E-09	3.0301E-06	6.0813E-07
1.1872E-08	9.5607E-09	2.7734E-06	6.6115E-07
1.6292E-08	-4.5971E-08	1.8423E-06	2.2661E-06
1.9030E-10	-1.3334E-08	4.8320E-06	2.8328E-06
6.6002E-09	-5.0188E-08	3.9255E-06	2.0333E-07
3.7066E-08	-1.8554E-08	3.1947E-06	1.7308E-06
-1.9754E-09	7.7668E-09	3.8850E-06	1.0704E-06
1.3355E-08	-1.5637E-08	3.3209E-06	1.1334E-06
1.0109E-09	1.1241E-08	3.0118E-06	1.1783E-06
3.5256E-08	-8.7097E-09	3.0840E-06	2.1439E-06
-1.8878E-08	-8.7265E-09	4.1442E-06	1.9499E-06
2.1137E-08	-8.3190E-10	4.2859E-06	9.0791E-07
-7.5290E-09	-1.1354E-08	3.0400E-06	3.5596E-07
-9.6025E-09	1.9634E-08	2.3786E-06	1.3695E-06
3.0995E-11	-1.2700E-08	2.5900E-06	2.0785E-06
1.7094E-08	1.2569E-08	3.2506E-06	2.1658E-06
3.1150E-09	3.1381E-08	2.7602E-06	2.1096E-06
1.4235E-08	9.2577E-09	3.5210E-06	2.8585E-06
1.3998E-08	3.2362E-08	3.6882E-06	2.1520E-06
-6.3783E-08	-2.2762E-08	3.9074E-06	1.9895E-06
-3.4297E-08	3.9708E-08	2.3818E-06	1.2799E-06
-5.0518E-09	-3.6442E-08	2.0064E-06	3.7016E-06
3.4478E-08	-1.2919E-08	3.0695E-06	4.2016E-06
1.1924E-08	1.4378E-08	4.7792E-06	5.3362E-06
-1.2402E-08	-6.1773E-09	6.3226E-06	2.6946E-06
-1.3654E-08	-1.5835E-08	4.1865E-06	2.3749E-06
-1.3928E-08	1.2837E-09	4.5506E-06	3.5127E-06
-1.7185E-08	1.7984E-08	5.5236E-06	3.2485E-06
9.9184E-09	-7.7124E-09	4.5459E-06	2.0671E-06
-1.5402E-08	-3.9076E-09	3.8796E-06	4.1191E-06
-8.4377E-09	2.1447E-08	4.7539E-06	3.8572E-06
-4.0835E-10	2.3504E-08	4.0332E-06	6.3454E-06
-1.2124E-08	-1.0211E-08	7.8595E-06	7.3604E-06
1.2374E-08	-1.2435E-08	9.5560E-06	6.9255E-06
4.5762E-08	-1.1772E-08	1.3927E-05	5.1072E-06
-2.5810E-09	4.6437E-09	1.3706E-05	-1.9141E-07
-8.7687E-09	1.1191E-08	1.1662E-05	-2.2230E-06
-8.8230E-09	1.3599E-08	9.0327E-06	-3.1519E-06
-1.1630E-08	3.5665E-09	8.1873E-06	-1.9246E-06
2.5783E-08	1.0221E-08	7.8789E-06	-2.3993E-06
-2.0920E-09	5.1123E-08	7.3537E-06	-1.6248E-06
-1.0200E-08	-1.3597E-08	8.1172E-06	-1.8442E-06
7.8250E-09	-3.4510E-08	8.0420E-06	-2.5945E-06
3.8802E-08	-1.0430E-08	7.9158E-06	-3.3123E-06
2.3023E-08	-1.4295E-08	7.0917E-06	-4.4499E-06
7.0467E-08	2.5343E-08	5.5138E-06	-3.9651E-06
-8.1203E-09	2.8262E-08	6.5361E-06	-3.8696E-06
2.3939E-08	-3.1254E-08	4.1943E-06	-5.9822E-06
3.7459E-08	9.0508E-09	2.3622E-06	-2.1661E-06
1.1338E-08	1.2564E-08	5.9783E-06	-2.3908E-06
-2.5083E-08	1.0624E-08	4.1333E-06	-4.9532E-06
-1.5128E-09	4.5882E-09	2.4285E-06	-3.8028E-06
-3.5641E-10	-1.8611E-08	1.5643E-06	-2.4920E-06
7.0905E-11	1.9591E-09	2.4649E-06	-4.7282E-07
-9.0628E-09	-7.2490E-09	4.4934E-06	-4.2979E-07
-1.1331E-09	-1.1755E-08	5.8211E-06	-2.6774E-06
1.5648E-08	1.9359E-08	2.8438E-06	-4.8402E-06
-1.6425E-08	-1.4019E-08	5.7716E-07	-1.8873E-06
2.6465E-08	-5.5028E-09	2.2365E-06	4.8899E-07
-2.2894E-08	-1.9858E-08	5.2777E-06	8.3951E-08
4.5423E-09	5.5487E-09	4.9077E-06	-3.4157E-06
9.0352E-09	1.8116E-08	2.1448E-06	-2.4739E-06
-6.8871E-09	1.0195E-08	3.0959E-06	-1.1312E-06
3.1243E-08	2.2217E-09	3.7244E-06	-1.6314E-06
-1.3496E-08	-4.4055E-10	3.3083E-06	-2.4653E-06
-2.3707E-08	4.3683E-09	2.3283E-06	-1.7884E-06
6.3603E-08	9.9095E-09	3.0077E-06	-1.0277E-06
2.7813E-10	-1.4795E-08	3.8062E-06	-1.5958E-06
1.2254E-08	1.9429E-08	2.8959E-06	-2.5875E-06
-2.7739E-08	1.6640E-08	2.4803E-06	-1.3118E-06
1.5380E-08	-1.4977E-09	3.0912E-06	-2.0575E-06
-7.1578E-09	3.1714E-08	2.0359E-06	-1.1994E-06
-6.4261E-09	1.6150E-08	3.5978E-06	-8.9043E-07
-4.0149E-08	-1.2184E-09	3.8338E-06	-1.7534E-06
-4.9931E-09	-5.4135E-09	3.8428E-06	-3.3867E-06
2.4690E-08	8.3364E-09	1.1189E-06	-3.4611E-06
1.7634E-08	-1.4744E-08	7.8213E-07	-1.4894E-06
1.9802E-08	-7.2064E-09	1.5978E-06	6.1793E-07
-7.8141E-09	2.3977E-08	6.1349E-06	-8.1607E-07
1.4372E-08	-2.3212E-08	3.0644E-06	-6.4732E-06
1.5874E-08	-2.8645E-08	-2.6203E-06	-2.6455E-06
-5.5437E-09	-2.0362E-08	2.7771E-06	2.5442E-06
-1.6500E-08	1.5417E-08	4.8965E-06	-4.7996E-06
8.0291E-10	-1.5806E-09	-1.2474E-06	-4.0447E-06
7.9067E-10	-1.5743E-09	-3.8648E-07	-1.0948E-06
7.7853E-10	-1.5681E-09	-2.0932E-07	-8.3678E-07
7.6650E-10	-1.5618E-09	4.4660E-07	-3.3456E-07
7.5457E-10	-1.5554E-09	-6.6372E-08	-1.5369E-07
7.4274E-10	-1.5491E-09	1.0890E-06	8.0604E-07
7.3102E-10	-1.5428E-09	8.4155E-07	-1.1001E-07
7.1940E-10	-1.5364E-09	1.2125E-06	1.4040E-06
7.0789E-10	-1.5300E-09	2.3468E-06	2.1553E-07
6.9647E-10	-1.5237E-09	1.5872E-06	4.0337E-07
6.8516E-10	-1.5173E-09	2.3466E-06	4.2825E-07
6.7394E-10	-1.5108E-09	2.3822E-06	-8.8141E-08
6.6283E-10	-1.5044E-09	1.8221E-06	-4.6855E-07
6.5181E-10	-1.4980E-09	1.7102E-06	5.3216E-07
6.4089E-10	-1.4916E-09	2.7459E-06	-3.9511E-08
6.3007E-10	-1.4851E-09	1.9887E-06	-7.0670E-07
6.1935E-10	-1.4787E-09	1.3719E-06	-2.7306E-07
6.0872E-10	-1.4722E-09	1.7601E-06	4.7265E-07
5.9819E-10	-1.4657E-09	1.9735E-06	-2.1561E-07
5.8776E-10	-1.4592E-09	1.3953E-06	5.5166E-07
5.7742E-10	-1.4528E-09	2.3310E-06	4.9421E-07
5.6718E-10	-1.4463E-09	1.9086E-06	4.8916E-07
5.5703E-10	-1.4398E-09	2.7225E-06	7.6973E-07
5.4697E-10	-1.4333E-09	3.1613E-06	-2.5131E-09
5.3701E-10	-1.4267E-09	2.5229E-06	-1.2284E-06
5.2713E-10	-1.4202E-09	8.6889E-07	-1.4058E-07
5.1735E-10	-1.4137E-09	2.2052E-06	7.6200E-07
5.0766E-10	-1.4072E-09	1.9306E-06	3.4656E-07
4.9806E-10	-1.4007E-09	3.0292E-06	8.9773E-07
4.8856E-10	-1.3941E-09	2.8422E-06	-8.3055E-07
4.7914E-10	-1.3876E-09	1.8923E-06	9.1463E-08
4.6981E-10	-1.3811E-09	2.7977E-06	-3.6351E-07
4.6056E-10	-1.3745E-09	1.3407E-06	-6.0053E-07
4.5141E-10	-1.3680E-09	1.8627E-06	8.8287E-07
4.4234E-10	-1.3615E-09	2.4543E-06	2.0706E-07
4.3336E-10	-1.3549E-09	2.5920E-06	5.5701E-07
4.2447E-10	-1.3484E-09	2.8190E-06	-6.1843E-07
4.1566E-10	-1.3419E-09	1.8168E-06	2.2016E-07
4.0694E-10	-1.3353E-09	3.0875E-06	-2.9635E-07
3.9830E-10	-1.3288E-09	1.5915E-06	-5.0309E-07
3.8974E-10	-1.3223E-09	2.5355E-06	-2.2319E-08
3.8127E-10	-1.3157E-09	1.3209E-06	-4.5931E-07
3.7288E-10	-1.3092E-09	2.3230E-06	7.9420E-07
3.6458E-10	-1.3027E-09	2.1609E-06	-3.1094E-07
3.5635E-10	-1.2962E-09	2.5654E-06	2.3179E-07
3.4821E-10	-1.2896E-09	1.5640E-06	-1.0084E-06
3.4015E-10	-1.2831E-09	1.5747E-06	1.3241E-06
3.3217E-10	-1.2766E-09	3.1573E-06	-4.5226E-07
3.2427E-10	-1.2701E-09	1.2649E-06	-3.8964E-07
3.1644E-10	-1.2636E-09	1.6002E-06	2.0540E-07
3.0870E-10	-1.2571E-09	1.2849E-06	9.4713E-07
3.0103E-10	-1.2506E-09	2.5257E-06	1.2278E-06
2.9345E-10	-1.2442E-09	2.8195E-06	8.4806E-07
2.8594E-10	-1.2377E-09	3.4552E-06	2.1841E-08
2.7850E-10	-1.2312E-09	2.3590E-06	-7.2908E-07
2.7114E-10	-1.2247E-09	1.9045E-06	-1.2977E-07
2.6386E-10	-1.2183E-09	1.9701E-06	4.5616E-07
2.5666E-10	-1.2118E-09	2.8865E-06	1.5969E-07
2.4952E-10	-1.2054E-09	2.0234E-06	-5.2023E-07
2.4246E-10	-1.1990E-09	2.1069E-06	1.8494E-07
2.3548E-10	-1.1925E-09	1.8139E-06	-3.2083E-07
2.2857E-10	-1.1861E-09	1.6947E-06	6.8718E-07
2.2173E-10	-1.1797E-09	2.1783E-06	2.1605E-07
2.1496E-10	-1.1733E-09	1.7950E-06	1.0065E-06
2.0827E-10	-1.1669E-09	3.2123E-06	6.4503E-07
2.0164E-10	-1.1605E-09	2.3408E-06	-1.9087E-07
1.9509E-10	-1.1542E-09	2.3383E-06	4.0525E-07
1.8861E-10	-1.1478E-09	2.3335E-06	4.6377E-07
1.8219E-10	-1.1415E-09	3.1803E-06	7.3723E-07
1.7585E-10	-1.1351E-09	3.4583E-06	-6.0833E-07
1.6958E-10	-1.1288E-09	2.3057E-06	-9.6510E-07
1.6337E-10	-1.1225E-09	2.0177E-06	-2.8876E-07
1.5723E-10	-1.1162E-09	2.1460E-06	-4.6663E-07
1.5116E-10	-1.1099E-09	1.7633E-06	9.2584E-08
1.4515E-10	-1.1036E-09	2.6313E-06	-2.9886E-07
1.3921E-10	-1.0973E-09	1.3177E-06	-3.8388E-07
1.3334E-10	-1.0911E-09	2.4790E-06	4.0880E-07
1.2753E-10	-1.0848E-09	1.5691E-06	-7.8838E-07
1.2179E-10	-1.0786E-09	1.7995E-06	7.9761E-07
1.1611E-10	-1.0724E-09	2.1019E-06	-4.2922E-07
1.1050E-10	-1.0662E-09	1.6212E-06	5.9958E-07
1.0495E-10	-1.0600E-09	2.1544E-06	-8.1377E-08
9.9457E-11	-1.0538E-09	1.7636E-06	6.7816E-07
9.4032E-11	-1.0476E-09	2.4528E-06	-1.1632E-07
8.8669E-11	-1.0415E-09	1.5788E-06	4.5897E-07
8.3368E-11	-1.0353E-09	2.5708E-06	7.6605E-08
7.8128E-11	-1.0292E-09	1.3314E-06	7.9596E-08
7.2949E-11	-1.0231E-09	2.1403E-06	9.0986E-07
6.7830E-11	-1.0170E-09	2.3431E-06	5.4096E-07
6.2771E-11	-1.0109E-09	2.7657E-06	2.7473E-07
5.7771E-11	-1.0049E-09	2.3093E-06	-2.1298E-07
5.2831E-11	-9.9883E-10	2.1853E-06	-1.4620E-07
4.7949E-11	-9.9280E-10	1.7182E-06	-3.5569E-08
4.3125E-11	-9.8678E-10	2.1505E-06	3.4111E-07
3.8359E-11	-9.8078E-10	1.8790E-06	-2.2878E-07
3.3650E-11	-9.7479E-10	1.5748E-06	5.7335E-07
2.8998E-11	-9.6882E-10	2.2781E-06	4.2921E-07
2.4403E-11	-9.6287E-10	2.0460E-06	4.6754E-07
1.9863E-11	-9.5694E-10	2.7989E-06	-6.8784E-08
1.5379E-11	-9.5102E-10	1.1555E-06	-4.9181E-07
1.0950E-11	-9.4511E-10	2.0585E-06	1.0130E-06
6.5761E-12	-9.3923E-10	1.6749E-06	-4.6763E-07
2.2563E-12	-9.3336E-10	1.6232E-06	1.4298E-06
-2.0098E-12	-9.2751E-10	2.3905E-06	-3.5073E-07
-6.2224E-12	-9.2167E-10	1.0196E-06	1.4381E-06
-1.0382E-11	-9.1586E-10	3.3992E-06	5.8296E-07
-1.4489E-11	-9.1006E-10	1.7755E-06	7.2452E-08
-1.8544E-11	-9.0428E-10	2.3489E-06	-1.8827E-07
-2.2546E-11	-8.9851E-10	3.8284E-07	7.4199E-07
-2.6498E-11	-8.9277E-10	2.7978E-06	1.7908E-06
-3.0398E-11	-8.8704E-10	1.9986E-06	7.1186E-07
-3.4248E-11	-8.8133E-10	3.5223E-06	1.4108E-06
-3.8048E-11	-8.7564E-10	2.7102E-06	-5.6351E-07
-4.1798E-11	-8.6996E-10	2.4934E-06	4.5921E-07
-4.5499E-11	-8.6431E-10	2.1001E-06	-4.5715E-07
-4.9150E-11	-8.5868E-10	1.6793E-06	7.3773E-07
-5.2753E-11	-8.5306E-10	2.1593E-06	7.9059E-07
-5.6308E-11	-8.4746E-10	2.8785E-06	1.0290E-06
-5.9815E-11	-8.4188E-10	2.9236E-06	-4.2170E-08
-6.3274E-11	-8.3632E-10	2.6523E-06	-2.1324E-08
-6.6687E-11	-8.3078E-10	1.9411E-06	-5.0408E-07
-7.0052E-11	-8.2526E-10	1.7706E-06	6.9553E-07
-7.3372E-11	-8.1976E-10	2.4039E-06	2.8473E-07
-7.6645E-11	-8.1427E-10	2.1392E-06	4.5871E-07
-7.9873E-11	-8.0881E-10	2.4827E-06	2.0389E-07
-8.3056E-11	-8.0337E-10	1.9652E-06	-7.5718E-08
-8.6194E-11	-7.9794E-10	1.5018E-06	6.7921E-07
-8.9288E-11	-7.9254E-10	2.6454E-06	1.0533E-06
-9.2338E-11	-7.8716E-10	2.3405E-06	-3.4090E-08
-9.5344E-11	-7.8179E-10	1.9570E-06	6.7222E-07
-9.8306E-11	-7.7645E-10	2.1017E-06	5.5329E-07
-1.0123E-10	-7.7112E-10	2.1571E-06	1.2108E-06
-1.0410E-10	-7.6582E-10	2.9847E-06	1.0658E-06
-1.0694E-10	-7.6053E-10	3.3088E-06	2.9643E-07
-1.0973E-10	-7.5527E-10	2.1693E-06	-1.5224E-07
-1.1248E-10	-7.5003E-10	2.5765E-06	1.2386E-06
-1.1519E-10	-7.4480E-10	3.3172E-06	1.4712E-07
-1.1786E-10	-7.3960E-10	3.0029E-06	3.1590E-07
-1.2049E-10	-7.3442E-10	3.1091E-06	-7.6921E-07
-1.2308E-10	-7.2926E-10	1.8848E-06	-7.9744E-08
-1.2563E-10	-7.2412E-10	2.7134E-06	-5.4671E-08
-1.2814E-10	-7.1900E-10	1.9430E-06	-9.4904E-08
-1.3061E-10	-7.1390E-10	2.3170E-06	2.4666E-07
-1.3304E-10	-7.0882E-10	2.1921E-06	6.0933E-07
-1.3543E-10	-7.0376E-10	3.4155E-06	9.2589E-08
-1.3779E-10	-6.9873E-10	1.8102E-06	-7.4271E-07
-1.4011E-10	-6.9371E-10	2.4172E-06	9.8377E-07
-1.4239E-10	-6.8871E-10	3.1231E-06	-6.4638E-07
-1.4463E-10	-6.8374E-10	1.7861E-06	-3.5432E-07
-1.4684E-10	-6.7879E-10	2.1452E-06	-9.2380E-10
-1.4901E-10	-6.7386E-10	2.0516E-06	1.3313E-07
-1.5114E-10	-6.6894E-10	2.2416E-06	-2.0104E-07
-1.5324E-10	-6.6405E-10	1.4510E-06	3.0057E-07
-1.5530E-10	-6.5919E-10	2.6750E-06	7.2966E-07
-1.5733E-10	-6.5434E-10	2.2147E-06	-5.0060E-07
-1.5932E-10	-6.4951E-10	1.4709E-06	3.7626E-07
-1.6128E-10	-6.4471E-10	1.9934E-06	9.6598E-07
-1.6320E-10	-6.3992E-10	3.0050E-06	7.7358E-07
-1.6509E-10	-6.3516E-10	2.3853E-06	-6.3332E-07
-1.6695E-10	-6.3042E-10	1.1550E-06	8.4830E-07
-1.6877E-10	-6.2570E-10	3.0160E-06	1.4227E-06
-1.7056E-10	-6.2100E-10	2.8035E-06	1.1148E-07
-1.7232E-10	-6.1632E-10	2.5923E-06	9.5263E-07
-1.7405E-10	-6.1167E-10	3.5094E-06	3.4837E-07
-1.7574E-10	-6.0703E-10	3.0541E-06	1.4694E-07
-1.7740E-10	-6.0242E-10	3.8269E-06	-3.8300E-07
-1.7903E-10	-5.9783E-10	2.4923E-06	-1.5013E-06
-1.8063E-10	-5.9326E-10	1.6557E-06	-3.4279E-07
-1.8220E-10	-5.8871E-10	2.1971E-06	4.3081E-07
-1.8374E-10	-5.8418E-10	3.3190E-06	-1.7590E-07
-1.8524E-10	-5.7968E-10	2.0641E-06	-1.2470E-06
-1.8672E-10	-5.7519E-10	1.7116E-06	2.7285E-09
-1.8817E-10	-5.7073E-10	1.9914E-06	-1.2379E-07
-1.8959E-10	-5.6629E-10	2.1323E-06	3.1139E-07
-1.9098E-10	-5.6187E-10	2.2457E-06	-4.3377E-08
-1.9234E-10	-5.5747E-10	2.2786E-06	4.2020E-07
-1.9367E-10	-5.5309E-10	2.8618E-06	2.0862E-07
-1.9497E-10	-5.4874E-10	3.2432E-06	-6.1633E-07
-1.9625E-10	-5.4440E-10	1.7356E-06	-1.3612E-06
-1.9749E-10	-5.4009E-10	1.6291E-06	1.4653E-07
-1.9871E-10	-5.3580E-10	1.8799E-06	-1.8568E-07
-1.9991E-10	-5.3153E-10	2.5288E-06	4.1610E-07
-2.0107E-10	-5.2728E-10	2.0942E-06	-1.3840E-06
-2.0221E-10	-5.2305E-10	8.7594E-07	4.0383E-07
-2.0332E-10	-5.1884E-10	1.8246E-06	1.6149E-07
-2.0441E-10	-5.1466E-10	1.7000E-06	1.4735E-06
-2.0547E-10	-5.1050E-10	3.5234E-06	-5.6146E-10
-2.0651E-10	-5.0635E-10	1.6094E-06	3.2262E-08
-2.0752E-10	-5.0223E-10	3.0219E-06	4.1044E-07
-2.0850E-10	-4.9813E-10	2.1545E-06	-2.0402E-07
-2.0946E-10	-4.9405E-10	2.6848E-06	1.8406E-07
-2.1040E-10	-4.9000E-10	2.4245E-06	4.8302E-08
-2.1131E-10	-4.8596E-10	3.1802E-06	-2.6697E-07
-2.1219E-10	-4.8195E-10	2.3377E-06	-8.2888E-07
-2.1306E-10	-4.7795E-10	2.2447E-06	-8.2233E-07
-2.1390E-10	-4.7398E-10	1.3822E-06	-1.0247E-07
-2.1471E-10	-4.7003E-10	2.8683E-06	5.7767E-08
-2.1550E-10	-4.6610E-10	1.9755E-06	-6.4857E-07
-2.1627E-10	-4.6219E-10	2.8013E-06	-3.6370E-07
-2.1702E-10	-4.5830E-10	1.6931E-06	-1.3400E-06
-2.1775E-10	-4.5444E-10	1.8235E-06	-4.3705E-07
-2.1845E-10	-4.5059E-10	1.2078E-06	-8.4858E-07
-2.1913E-10	-4.4676E-10	1.7452E-06	5.4816E-08
-2.1979E-10	-4.4296E-10	1.2921E-06	-8.0346E-07
-2.2043E-10	-4.3918E-10	1.5009E-06	1.7094E-07
-2.2104E-10	-4.3542E-10	9.9852E-07	-7.8989E-07
-2.2164E-10	-4.3167E-10	8.8160E-07	1.0164E-06
-2.2221E-10	-4.2795E-10	1.7999E-06	-8.2600E-08
-2.2277E-10	-4.2425E-10	7.5441E-07	8.3650E-07
-2.2330E-10	-4.2057E-10	2.0887E-06	1.0239E-06
-2.2381E-10	-4.1691E-10	2.1304E-06	6.7015E-07
-2.2431E-10	-4.1328E-10	2.3043E-06	-2.8604E-08
-2.2478E-10	-4.0966E-10	1.3669E-06	3.1195E-07
-2.2523E-10	-4.0606E-10	2.0576E-06	5.8907E-07
-2.2567E-10	-4.0249E-10	1.6169E-06	4.9754E-07
-2.2609E-10	-3.9893E-10	2.3659E-06	9.3710E-07
-2.2648E-10	-3.9540E-10	2.3247E-06	-3.2786E-08
-2.2686E-10	-3.9188E-10	1.5853E-06	3.2062E-07
-2.2722E-10	-3.8839E-10	1.9282E-06	9.5782E-07
-2.2756E-10	-3.8491E-10	2.5574E-06	6.2089E-07
-2.2789E-10	-3.8146E-10	2.0602E-06	3.8109E-07
-2.2820E-10	-3.7802E-10	2.6238E-06	8.9263E-07
-2.2848E-10	-3.7461E-10	2.7002E-06	-2.9259E-07
-2.2876E-10	-3.7122E-10	1.5189E-06	1.7612E-07
-2.2901E-10	-3.6784E-10	1.9732E-06	1.0574E-06
-2.2925E-10	-3.6449E-10	2.8403E-06	1.0899E-06
-2.2947E-10	-3.6116E-10	2.8802E-06	1.2130E-07
-2.2967E-10	-3.5784E-10	2.4538E-06	8.8511E-07
-2.2986E-10	-3.5455E-10	3.7018E-06	1.7344E-07
-2.3003E-10	-3.5127E-10	2.5490E-06	-2.4827E-07
-2.3019E-10	-3.4802E-10	3.2905E-06	-1.7929E-07
-2.3033E-10	-3.4479E-10	1.9119E-06	-6.4724E-07
-2.3045E-10	-3.4157E-10	2.9919E-06	7.0674E-07
-2.3056E-10	-3.3838E-10	2.8984E-06	-1.1471E-06
-2.3065E-10	-3.3520E-10	2.0004E-06	-6.4630E-08
-2.3073E-10	-3.3205E-10	2.5924E-06	-4.3398E-07
-2.3079E-10	-3.2891E-10	2.1094E-06	-1.7748E-07
-2.3084E-10	-3.2579E-10	2.2015E-06	-1.7278E-07
-2.3088E-10	-3.2269E-10	2.4394E-06	5.6190E-07
-2.3090E-10	-3.1962E-10	3.3362E-06	-5.0177E-07
-2.3090E-10	-3.1656E-10	2.0201E-06	-4.9529E-07
-2.3090E-10	-3.1352E-10	3.1558E-06	8.0572E-08
-2.3087E-10	-3.1050E-10	2.6198E-06	-1.4342E-06
-2.3084E-10	-3.0749E-10	1.7782E-06	-1.0088E-07
-2.3079E-10	-3.0451E-10	3.1754E-06	-4.7044E-07
-2.3073E-10	-3.0155E-10	2.1437E-06	-9.4209E-07
-2.3065E-10	-2.9860E-10	3.1851E-06	-5.2972E-07
-2.3056E-10	-2.9568E-10	2.3548E-06	-2.4838E-06
-2.3046E-10	-2.9277E-10	8.2007E-07	-1.2703E-06
-2.3035E-10	-2.8988E-10	1.1859E-06	-8.0305E-07
-2.3022E-10	-2.8701E-10	1.0345E-06	-3.1568E-07
-2.3008E-10	-2.8416E-10	1.4574E-06	-1.3953E-07
-2.2993E-10	-2.8133E-10	1.4668E-06	-2.3206E-07
-2.2977E-10	-2.7851E-10	1.1462E-06	1.4686E-07
-2.2960E-10	-2.7572E-10	2.1288E-06	7.3884E-07
-2.2941E-10	-2.7294E-10	2.2337E-06	-3.3201E-07
-2.2921E-10	-2.7018E-10	2.0028E-06	2.9793E-07
-2.2900E-10	-2.6744E-10	2.6330E-06	-2.3969E-07
-2.2878E-10	-2.6472E-10	2.4732E-06	-3.8034E-07
-2.2855E-10	-2.6201E-10	2.4537E-06	-1.0382E-06
-2.2831E-10	-2.5932E-10	1.9707E-06	-9.8112E-07
-2.2806E-10	-2.5666E-10	1.5118E-06	-1.3850E-06
-2.2780E-10	-2.5400E-10	1.0454E-06	-4.0112E-07
-2.2752E-10	-2.5137E-10	1.4297E-06	-8.0480E-07
-2.2724E-10	-2.4876E-10	7.3873E-07	2.5023E-08
-2.2694E-10	-2.4616E-10	1.6585E-06	-6.0188E-08
-2.2664E-10	-2.4358E-10	1.0803E-06	2.3397E-07
-2.2633E-10	-2.4102E-10	2.1344E-06	2.4424E-07
-2.2600E-10	-2.3847E-10	1.5019E-06	-2.5026E-07
-2.2567E-10	-2.3594E-10	1.6831E-06	3.7292E-07
-2.2533E-10	-2.3343E-10	2.4549E-06	2.6592E-07
-2.2498E-10	-2.3094E-10	2.1810E-06	-1.2558E-06
-2.2461E-10	-2.2847E-10	5.9778E-07	1.2282E-07
-2.2424E-10	-2.2601E-10	2.5963E-06	1.7401E-07
-2.2387E-10	-2.2357E-10	1.0260E-06	-5.2145E-07
-2.2348E-10	-2.2114E-10	2.3938E-06	7.8837E-07
-2.2308E-10	-2.1874E-10	2.0906E-06	-1.0866E-06
-2.2268E-10	-2.1635E-10	1.4453E-06	7.2627E-09
-2.2226E-10	-2.1397E-10	1.8854E-06	-4.2625E-07
-2.2184E-10	-2.1162E-10	1.5159E-06	-1.7858E-07
-2.2141E-10	-2.0928E-10	1.4970E-06	-6.1026E-08
-2.2098E-10	-2.0695E-10	2.1419E-06	5.7495E-07
-2.2053E-10	-2.0465E-10	2.9257E-06	-9.9050E-07
-2.2008E-10	-2.0236E-10	8.7546E-07	-1.4709E-06
-2.1962E-10	-2.0009E-10	8.9350E-07	3.9339E-07
-2.1915E-10	-1.9783E-10	1.9875E-06	-2.6058E-07
-2.1868E-10	-1.9559E-10	9.2176E-07	-9.5390E-08
-2.1819E-10	-1.9336E-10	2.3294E-06	5.6124E-07
-2.1770E-10	-1.9115E-10	1.8902E-06	-1.2080E-06
-2.1721E-10	-1.8896E-10	9.3243E-07	6.0690E-09
-2.1670E-10	-1.8679E-10	1.8939E-06	-2.8515E-07
-2.1619E-10	-1.8463E-10	9.3853E-07	-3.6188E-07
-2.1568E-10	-1.8248E-10	1.4322E-06	2.9952E-07
-2.1515E-10	-1.8035E-10	1.3071E-06	9.9962E-08
-2.1462E-10	-1.7824E-10	2.0264E-06	6.6612E-07
-2.1409E-10	-1.7614E-10	2.2523E-06	-7.5607E-07
-2.1355E-10	-1.7406E-10	1.0359E-06	-3.7516E-07
-2.1300E-10	-1.7200E-10	1.3699E-06	8.2376E-08
-2.1244E-10	-1.6994E-10	1.6662E-06	4.3091E-07
-2.1188E-10	-1.6791E-10	2.2094E-06	-6.4505E-07
-2.1132E-10	-1.6589E-10	5.7664E-07	-3.4873E-07
-2.1075E-10	-1.6389E-10	1.6659E-06	5.9771E-07
-2.1017E-10	-1.6190E-10	1.4377E-06	-5.0742E-08
-2.0959E-10	-1.5992E-10	1.9211E-06	4.3963E-07
-2.0900E-10	-1.5796E-10	1.8851E-06	-4.7961E-07
-2.0841E-10	-1.5602E-10	1.3109E-06	-4.2037E-07
-2.0781E-10	-1.5409E-10	6.3051E-07	6.2109E-08
-2.0720E-10	-1.5217E-10	1.4297E-06	1.1827E-06
-2.0660E-10	-1.5028E-10	2.1994E-06	5.5790E-07
-2.0598E-10	-1.4839E-10	2.3515E-06	2.2729E-07
-2.0537E-10	-1.4652E-10	2.1583E-06	-2.6224E-07
-2.0474E-10	-1.4466E-10	2.1487E-06	-4.5334E-07
-2.0412E-10	-1.4282E-10	1.1771E-06	-8.1925E-07
-2.0349E-10	-1.4100E-10	1.0547E-06	5.2526E-07
-2.0285E-10	-1.3918E-10	2.0189E-06	5.2982E-07
-2.0221E-10	-1.3739E-10	2.4445E-06	-9.6409E-08
-2.0157E-10	-1.3560E-10	1.6323E-06	-5.5765E-07
-2.0092E-10	-1.3383E-10	2.1531E-06	2.1841E-07
-2.0027E-10	-1.3208E-10	2.1328E-06	-1.2209E-06
-1.9961E-10	-1.3033E-10	1.1485E-06	-5.4444E-07
-1.9895E-10	-1.2861E-10	1.3208E-06	-8.7640E-07
-1.9829E-10	-1.2689E-10	3.9502E-07	5.4390E-08
-1.9762E-10	-1.2519E-10	1.6940E-06	4.3503E-07
-1.9695E-10	-1.2351E-10	1.3383E-06	-3.3449E-07
-1.9627E-10	-1.2183E-10	1.0282E-06	3.5306E-07
-1.9560E-10	-1.2017E-10	2.0156E-06	7.0970E-07
-1.9491E-10	-1.1853E-10	2.3373E-06	-7.5866E-07
-1.9423E-10	-1.1690E-10	7.5692E-07	-5.0387E-07
-1.9354E-10	-1.1528E-10	1.7438E-06	4.1372E-07
-1.9285E-10	-1.1367E-10	1.7428E-06	-8.6271E-07
-1.9216E-10	-1.1208E-10	6.7300E-07	-5.2836E-07
-1.9146E-10	-1.1050E-10	6.4850E-07	2.2186E-07
-1.9076E-10	-1.0893E-10	1.2309E-06	5.9382E-07
-1.9006E-10	-1.0738E-10	1.3606E-06	1.4957E-07
-1.8936E-10	-1.0584E-10	1.2888E-06	5.4408E-07
-1.8865E-10	-1.0431E-10	1.7110E-06	8.3277E-08
-1.8794E-10	-1.0280E-10	1.0142E-06	2.1285E-07
-1.8723E-10	-1.0130E-10	1.3921E-06	6.7932E-07
-1.8651E-10	-9.9807E-11	1.6883E-06	8.9631E-07
-1.8580E-10	-9.8330E-11	2.4760E-06	3.0348E-07
-1.8508E-10	-9.6866E-11	1.7570E-06	1.1394E-07
-1.8436E-10	-9.5415E-11	2.8413E-06	-7.7662E-08
-1.8363E-10	-9.3976E-11	1.2529E-06	-1.4303E-06
-1.8291E-10	-9.2549E-11	1.0094E-06	4.5001E-07
-1.8218E-10	-9.1134E-11	1.7629E-06	-1.8875E-07
-1.8145E-10	-8.9732E-11	1.6088E-06	-3.6615E-08
-1.8072E-10	-8.8342E-11	1.1823E-06	-6.2229E-07
-1.7999E-10	-8.6964E-11	1.1961E-06	9.0382E-07
-1.7926E-10	-8.5598E-11	2.6712E-06	-5.4851E-07
-1.7852E-10	-8.4244E-11	8.7229E-07	-9.2513E-07
-1.7778E-10	-8.2901E-11	1.0929E-06	-3.7411E-07
-1.7704E-10	-8.1571E-11	4.5296E-07	-5.7000E-08
-1.7630E-10	-8.0252E-11	1.4474E-06	2.3525E-07
-1.7556E-10	-7.8945E-11	4.3970E-07	-5.9696E-07
-1.7482E-10	-7.7649E-11	3.2525E-07	9.9685E-07
-1.7407E-10	-7.6365E-11	1.2438E-06	6.5036E-07
-1.7333E-10	-7.5093E-11	8.1320E-07	6.1558E-07
-1.7258E-10	-7.3831E-11	7.8892E-07	1.2785E-06
-1.7183E-10	-7.2581E-11	2.0308E-06	1.8705E-06
-1.7109E-10	-7.1343E-11	2.6454E-06	2.6260E-07
-1.7034E-10	-7.0115E-11	1.5131E-06	4.5972E-07
-1.6959E-10	-6.8899E-11	2.3882E-06	4.7659E-07
-1.6883E-10	-6.7694E-11	1.5215E-06	-1.3050E-07
-1.6808E-10	-6.6500E-11	1.7027E-06	9.2677E-07
-1.6733E-10	-6.5316E-11	2.5954E-06	2.3976E-07
-1.6658E-10	-6.4144E-11	1.6865E-06	-3.7573E-07
-1.6582E-10	-6.2982E-11	1.7711E-06	7.3530E-07
-1.6507E-10	-6.1831E-11	2.6577E-06	-2.9416E-07
-1.6431E-10	-6.0691E-11	1.5797E-06	-3.0387E-07
-1.6356E-10	-5.9561E-11	2.0280E-06	-4.1649E-07
-1.6280E-10	-5.8442E-11	1.2067E-06	7.7471E-08
-1.6205E-10	-5.7333E-11	2.8987E-06	-3.7938E-07
-1.6129E-10	-5.6235E-11	6.8920E-07	-1.6218E-06
-1.6053E-10	-5.5147E-11	1.0134E-06	1.3047E-07
-1.5978E-10	-5.4069E-11	5.7926E-07	-5.0419E-07
-1.5902E-10	-5.3002E-11	1.1318E-06	6.1581E-07
-1.5826E-10	-5.1945E-11	5.9223E-07	-1.8673E-07
-1.5750E-10	-5.0898E-11	1.2933E-06	1.3570E-06
-1.5675E-10	-4.9860E-11	1.3141E-06	-3.2938E-08
-1.5599E-10	-4.8833E-11	1.6993E-06	1.5690E-06
-1.5523E-10	-4.7816E-11	2.3854E-06	-5.9787E-07
-1.5447E-10	-4.6808E-11	1.2620E-06	6.1372E-07
-1.5372E-10	-4.5811E-11	2.3528E-06	-7.5627E-07
-1.5296E-10	-4.4823E-11	3.1260E-07	-2.3152E-07
-1.5220E-10	-4.3845E-11	1.2707E-06	6.4105E-07
-1.5145E-10	-4.2876E-11	1.6971E-06	3.6251E-07
-1.5069E-10	-4.1917E-11	7.9376E-07	-7.1125E-07
-1.4994E-10	-4.0967E-11	4.0865E-08	2.1269E-06
-1.4918E-10	-4.0027E-11	3.3041E-06	1.3871E-06
-1.4843E-10	-3.9096E-11	2.3007E-06	1.2341E-07
-1.4767E-10	-3.8174E-11	2.8685E-06	-6.5871E-07
-1.4692E-10	-3.7261E-11	6.0458E-07	-8.9768E-07
-1.4617E-10	-3.6358E-11	1.5674E-06	7.8289E-07
-1.4541E-10	-3.5464E-11	1.9619E-06	-4.0691E-07
-1.4466E-10	-3.4579E-11	1.1558E-06	-6.4409E-07
-1.4391E-10	-3.3703E-11	4.4016E-07	2.3683E-07
-1.4316E-10	-3.2835E-11	1.5060E-06	7.3709E-07
-1.4241E-10	-3.1977E-11	1.2725E-06	5.9650E-08
-1.4166E-10	-3.1127E-11	1.0087E-06	6.9766E-07
-1.4092E-10	-3.0287E-11	1.8866E-06	1.1963E-06
-1.4017E-10	-2.9454E-11	2.6890E-06	-1.9327E-07
-1.3942E-10	-2.8631E-11	1.0604E-06	-6.6055E-07
-1.3868E-10	-2.7816E-11	1.0534E-06	3.3147E-07
-1.3793E-10	-2.7010E-11	1.0917E-06	4.1946E-07
-1.3719E-10	-2.6212E-11	1.2784E-06	8.7756E-07
-1.3645E-10	-2.5422E-11	2.0519E-06	1.2525E-06
-1.3571E-10	-2.4641E-11	3.0450E-06	-1.3764E-07
-1.3497E-10	-2.3868E-11	1.2693E-06	-8.5324E-07
-1.3423E-10	-2.3103E-11	1.3872E-06	4.1127E-07
-1.3349E-10	-2.2347E-11	1.8538E-06	-6.2863E-08
-1.3275E-10	-2.1598E-11	1.5085E-06	-5.6752E-07
-1.3202E-10	-2.0858E-11	2.7561E-07	3.8674E-08
-1.3128E-10	-2.0125E-11	1.6578E-06	1.4142E-06
-1.3055E-10	-1.9401E-11	2.0097E-06	-2.6602E-07
-1.2982E-10	-1.8684E-11	1.2238E-06	6.5418E-07
-1.2909E-10	-1.7976E-11	2.3830E-06	-1.7894E-08
-1.2836E-10	-1.7275E-11	1.0369E-06	-1.9362E-07
-1.2763E-10	-1.6581E-11	1.9836E-06	4.8583E-07
-1.2691E-10	-1.5896E-11	1.6001E-06	-5.5529E-07
-1.2618E-10	-1.5218E-11	1.4241E-06	-1.0461E-07
-1.2546E-10	-1.4547E-11	9.1897E-07	-6.3310E-07
-1.2474E-10	-1.3885E-11	3.7233E-07	4.0726E-07
-1.2402E-10	-1.3229E-11	7.5914E-07	1.0509E-06
-1.2330E-10	-1.2581E-11	2.0506E-06	1.3233E-06
-1.2258E-10	-1.1940E-11	1.7803E-06	-9.6042E-08
-1.2187E-10	-1.1307E-11	1.6735E-06	9.6337E-07
-1.2115E-10	-1.0681E-11	2.1289E-06	-3.8110E-07
-1.2044E-10	-1.0062E-11	1.1558E-06	5.1931E-07
-1.1973E-10	-9.4500E-12	1.9895E-06	-1.3284E-07
-1.1902E-10	-8.8453E-12	9.5431E-07	7.0544E-07
-1.1831E-10	-8.2475E-12	2.8963E-06	2.1321E-07
-1.1761E-10	-7.6568E-12	9.1791E-07	-1.1471E-06
-1.1690E-10	-7.0729E-12	5.6666E-07	9.3578E-07
-1.1620E-10	-6.4960E-12	2.1532E-06	8.2659E-07
-1.1550E-10	-5.9258E-12	1.4361E-06	-2.3700E-07
-1.1480E-10	-5.3624E-12	1.6844E-06	1.3466E-06
-1.1411E-10	-4.8058E-12	2.8872E-06	-7.5185E-07
-1.1341E-10	-4.2558E-12	5.0273E-07	3.7688E-08
-1.1272E-10	-3.7124E-12	2.6796E-06	3.8247E-07
-1.1203E-10	-3.1756E-12	9.6660E-07	-9.3731E-07
-1.1134E-10	-2.6454E-12	1.2609E-06	7.8685E-07
-1.1065E-10	-2.1216E-12	2.0219E-06	1.9752E-07
-1.0997E-10	-1.6042E-12	2.0184E-06	-4.1576E-07
-1.0928E-10	-1.0931E-12	1.3393E-06	-5.0271E-07
-1.0860E-10	-5.8845E-13	1.2335E-06	-7.6196E-07
-1.0792E-10	-9.0027E-14	9.1506E-08	1.5571E-07
-1.0724E-10	4.0217E-13	1.5289E-06	5.7957E-07
-1.0657E-10	8.8819E-13	7.3343E-07	1.3470E-07
-1.0590E-10	1.3681E-12	1.3281E-06	6.9892E-07
-1.0522E-10	1.8419E-12	1.1194E-06	1.0762E-06
-1.0456E-10	2.3097E-12	3.2596E-06	2.9142E-07
-1.0389E-10	2.7715E-12	4.0307E-07	-1.4821E-06
-1.0322E-10	3.2273E-12	8.8897E-07	1.5408E-06
-1.0256E-10	3.6773E-12	1.8289E-06	1.4274E-08
-1.0190E-10	4.1214E-12	1.3729E-06	5.3726E-07
-1.0124E-10	4.5597E-12	1.4401E-06	2.8124E-07
-1.0058E-10	4.9922E-12	2.0990E-06	5.5200E-07
-9.9929E-11	5.4191E-12	1.2646E-06	-6.3766E-07
-9.9277E-11	5.8403E-12	1.3525E-06	9.8280E-07
-9.8627E-11	6.2558E-12	1.9870E-06	-3.3080E-07
-9.7979E-11	6.6658E-12	1.4514E-06	1.2940E-07
-9.7333E-11	7.0703E-12	1.1962E-06	-8.8888E-07
-9.6690E-11	7.4693E-12	-2.4918E-08	7.0653E-07
-9.6048E-11	7.8629E-12	1.2998E-06	1.2725E-06
-9.5409E-11	8.2510E-12	2.1341E-06	1.3475E-06
-9.4773E-11	8.6338E-12	2.5051E-06	-3.3309E-07
-9.4138E-11	9.0113E-12	1.2207E-06	3.1310E-07
-9.3506E-11	9.3836E-12	2.2290E-06	3.1313E-08
-9.2876E-11	9.7506E-12	1.2582E-06	9.5121E-08
-9.2248E-11	1.0112E-11	2.2983E-06	1.4959E-07
-9.1623E-11	1.0469E-11	1.5011E-06	-5.3776E-07
-9.1000E-11	1.0821E-11	1.6503E-06	-2.7847E-07
-9.0379E-11	1.1167E-11	9.6639E-07	-4.3953E-07
-8.9760E-11	1.1509E-11	1.3890E-06	3.3679E-08
-8.9144E-11	1.1846E-11	7.5128E-07	-4.5565E-07
-8.8530E-11	1.2177E-11	8.5396E-07	7.0061E-07
-8.7919E-11	1.2504E-11	1.5130E-06	2.7097E-07
-8.7310E-11	1.2826E-11	1.4558E-06	9.9019E-09
-8.6703E-11	1.3143E-11	6.8922E-07	-2.7027E-07
-8.6098E-11	1.3456E-11	8.0600E-07	1.1427E-06
-8.5496E-11	1.3763E-11	1.8695E-06	4.5740E-07
-8.4897E-11	1.4066E-11	1.5535E-06	4.1390E-07
-8.4299E-11	1.4365E-11	1.7316E-06	-4.6968E-07
-8.3705E-11	1.4659E-11	2.7874E-07	4.0087E-07
-8.3112E-11	1.4948E-11	2.1202E-06	9.3579E-07
-8.2522E-11	1.5233E-11	1.2529E-06	-4.2940E-07
-8.1934E-11	1.5513E-11	1.4071E-06	8.4077E-07
-8.1349E-11	1.5789E-11	2.0544E-06	-4.7138E-07
-8.0766E-11	1.6060E-11	4.6810E-07	-5.2529E-07
-8.0186E-11	1.6327E-11	5.8136E-07	9.0616E-07
-7.9608E-11	1.6590E-11	1.6096E-06	6.3566E-07
-7.9032E-11	1.6848E-11	1.2104E-06	3.9549E-07
-7.8459E-11	1.7103E-11	1.6104E-06	4.5284E-07
-7.7889E-11	1.7353E-11	1.2282E-06	3.5351E-07
-7.7320E-11	1.7598E-11	1.9060E-06	3.4171E-07
-7.6755E-11	1.7840E-11	9.4715E-07	-1.8108E-07
-7.6191E-11	1.8078E-11	1.6507E-06	7.7107E-07
-7.5630E-11	1.8311E-11	1.2439E-06	-6.0133E-07
-7.5072E-11	1.8541E-11	7.7876E-07	8.8795E-07
-7.4516E-11	1.8766E-11	1.7095E-06	3.8545E-08
-7.3963E-11	1.8988E-11	7.5001E-07	4.6832E-07
-7.3412E-11	1.9206E-11	1.7615E-06	5.0972E-07
-7.2863E-11	1.9419E-11	1.1746E-06	-2.8764E-07
-7.2317E-11	1.9629E-11	3.5362E-07	2.1169E-07
-7.1773E-11	1.9836E-11	6.4615E-07	1.3726E-06
-7.1232E-11	2.0038E-11	1.6417E-06	1.1303E-06
-7.0694E-11	2.0237E-11	1.5310E-06	8.4122E-07
-7.0157E-11	2.0431E-11	1.6124E-06	8.6139E-07
-6.9624E-11	2.0623E-11	1.9405E-06	1.0087E-06
-6.9092E-11	2.0810E-11	2.2282E-06	2.8859E-07
-6.8564E-11	2.0994E-11	1.7145E-06	2.5177E-07
-6.8037E-11	2.1175E-11	1.7666E-06	1.2948E-07
-6.7514E-11	2.1352E-11	1.4816E-06	3.9750E-07
-6.6992E-11	2.1525E-11	1.8971E-06	1.8255E-07
-6.6474E-11	2.1695E-11	1.3385E-06	8.5631E-08
-6.5957E-11	2.1862E-11	1.3710E-06	4.3754E-07
-6.5443E-11	2.2025E-11	1.7230E-06	9.3618E-07
-6.4932E-11	2.2185E-11	2.6763E-06	-2.6711E-07
-6.4423E-11	2.2341E-11	4.4860E-07	-6.0550E-07
-6.3917E-11	2.2494E-11	1.4941E-06	1.6041E-06
-6.3413E-11	2.2644E-11	2.4663E-06	-2.1983E-07
-6.2912E-11	2.2791E-11	1.2550E-06	2.4034E-07
-6.2413E-11	2.2934E-11	2.3152E-06	9.2287E-08
-6.1916E-11	2.3075E-11	1.3182E-06	-6.1184E-07
-6.1422E-11	2.3212E-11	1.2457E-06	1.0099E-07
-6.0931E-11	2.3346E-11	9.9692E-07	1.0061E-07
-6.0442E-11	2.3477E-11	1.7183E-06	9.7525E-07
-5.9955E-11	2.3605E-11	2.3386E-06	-5.2728E-07
-5.9471E-11	2.3730E-11	1.0161E-06	-5.9703E-07
-5.8989E-11	2.3852E-11	7.2352E-07	-3.8456E-07
-5.8510E-11	2.3970E-11	1.6331E-07	9.5815E-07
-5.8034E-11	2.4086E-11	2.0915E-06	1.0610E-06
-5.7559E-11	2.4200E-11	1.2571E-06	-4.4955E-08
-5.7088E-11	2.4310E-11	1.5069E-06	8.8162E-07
-5.6618E-11	2.4417E-11	1.6551E-06	3.0260E-07
-5.6152E-11	2.4522E-11	1.7843E-06	7.2688E-07
-5.5687E-11	2.4624E-11	2.2060E-06	2.9290E-07
-5.5225E-11	2.4723E-11	2.4610E-06	-2.4960E-07
-5.4766E-11	2.4819E-11	1.4455E-06	-1.0999E-06
-5.4309E-11	2.4912E-11	9.7517E-07	-5.4631E-08
-5.3854E-11	2.5003E-11	1.2511E-06	-2.5395E-07
-5.3402E-11	2.5092E-11	1.0415E-06	1.7417E-07
-5.2952E-11	2.5177E-11	1.4253E-06	-1.0463E-08
-5.2505E-11	2.5260E-11	1.0532E-06	-1.3879E-07
-5.2060E-11	2.5341E-11	8.6701E-07	4.6501E-07
-5.1618E-11	2.5419E-11	1.9833E-06	4.4081E-07
-5.1178E-11	2.5495E-11	1.0919E-06	-6.0966E-07
-5.0740E-11	2.5568E-11	1.2797E-06	7.6320E-07
-5.0305E-11	2.5638E-11	1.8891E-06	-5.4836E-07
-4.9873E-11	2.5706E-11	1.1279E-06	-3.4839E-07
-4.9442E-11	2.5772E-11	5.8355E-07	-9.7610E-07
-4.9014E-11	2.5835E-11	-1.1359E-07	1.0222E-06
-4.8589E-11	2.5896E-11	1.8284E-06	4.9701E-07
-4.8166E-11	2.5955E-11	1.0230E-06	8.6229E-08
-4.7745E-11	2.6011E-11	1.2800E-06	-4.4438E-07
-4.7327E-11	2.6066E-11	-1.0190E-07	2.9192E-07
-4.6911E-11	2.6118E-11	1.2888E-06	6.6745E-07
-4.6497E-11	2.6167E-11	4.6258E-07	2.7411E-07
-4.6086E-11	2.6215E-11	1.1144E-06	5.5645E-07
-4.5677E-11	2.6260E-11	-2.5949E-08	5.5415E-07
-4.5270E-11	2.6303E-11	1.2977E-06	1.9066E-06
-4.4866E-11	2.6344E-11	1.5520E-06	5.5918E-07
-4.4464E-11	2.6383E-11	1.3183E-06	1.1936E-06
-4.4065E-11	2.6420E-11	2.0165E-06	7.6327E-07
-4.3668E-11	2.6455E-11	1.7673E-06	3.2738E-07
-4.3273E-11	2.6488E-11	1.8104E-06	2.1813E-07
-4.2881E-11	2.6518E-11	1.1346E-06	-6.0806E-07
-4.2491E-11	2.6547E-11	1.4968E-08	1.1212E-06
-4.2103E-11	2.6574E-11	2.3207E-06	1.3545E-06
-4.1717E-11	2.6599E-11	1.4912E-06	7.0927E-08
-4.1334E-11	2.6622E-11	1.9654E-06	6.7579E-07
-4.0953E-11	2.6643E-11	1.5563E-06	-4.4139E-07
-4.0575E-11	2.6662E-11	8.9098E-07	5.6903E-08
-4.0198E-11	2.6680E-11	5.3618E-07	8.4168E-07
-3.9824E-11	2.6695E-11	2.3201E-06	1.2459E-06
-3.9453E-11	2.6709E-11	1.4426E-06	-7.7001E-07
-3.9083E-11	2.6721E-11	7.8585E-07	1.0364E-06
-3.8716E-11	2.6731E-11	1.8297E-06	1.5329E-07
-3.8351E-11	2.6740E-11	8.0757E-07	7.1444E-07
-3.7988E-11	2.6746E-11	2.2196E-06	6.6232E-07
-3.7628E-11	2.6751E-11	1.0403E-06	-4.5106E-07
-3.7270E-11	2.6755E-11	7.2829E-07	1.2361E-06
-3.6914E-11	2.6757E-11	2.1977E-06	9.3269E-07
-3.6560E-11	2.6757E-11	1.9054E-06	1.9912E-07
-3.6209E-11	2.6755E-11	1.7391E-06	-1.0490E-07
-3.5859E-11	2.6752E-11	1.0819E-06	2.5043E-07
-3.5512E-11	2.6747E-11	1.8374E-06	2.4498E-07
-3.5167E-11	2.6741E-11	7.2916E-07	-4.4708E-08
-3.4825E-11	2.6733E-11	1.6056E-06	1.3023E-06
-3.4484E-11	2.6724E-11	2.2596E-06	-1.2920E-07
-3.4146E-11	2.6713E-11	1.2817E-06	-3.6161E-07
-3.3810E-11	2.6701E-11	7.7968E-07	1.6792E-07
-3.3476E-11	2.6688E-11	1.3856E-06	7.3165E-07
-3.3144E-11	2.6672E-11	1.4675E-06	2.9320E-07
-3.2814E-11	2.6656E-11	1.7619E-06	2.8012E-07
-3.2487E-11	2.6638E-11	1.0344E-06	-2.9401E-07
-3.2161E-11	2.6619E-11	1.1717E-06	7.4078E-07
-3.1838E-11	2.6598E-11	1.3378E-06	8.5668E-08
-3.1517E-11	2.6576E-11	1.4401E-06	7.7948E-07
-3.1198E-11	2.6553E-11	1.6321E-06	-4.5301E-07
-3.0881E-11	2.6528E-11	4.3831E-07	5.2779E-07
-3.0566E-11	2.6502E-11	1.5949E-06	6.9178E-07
-3.0254E-11	2.6475E-11	1.2015E-06	4.5056E-07
-2.9943E-11	2.6446E-11	1.5215E-06	4.3311E-07
-2.9635E-11	2.6417E-11	1.0038E-06	6.2375E-07
-2.9328E-11	2.6386E-11	1.9275E-06	1.1261E-06
-2.9024E-11	2.6354E-11	2.3587E-06	1.6623E-07
-2.8721E-11	2.6320E-11	1.8054E-06	-6.4419E-07
-2.8421E-11	2.6286E-11	5.1266E-07	-1.3473E-07
-2.8123E-11	2.6250E-11	1.4646E-06	1.0249E-06
-2.7827E-11	2.6214E-11	1.7592E-06	-1.3613E-07
-2.7532E-11	2.6176E-11	1.2162E-06	4.4017E-07
-2.7240E-11	2.6137E-11	1.7967E-06	-2.9767E-08
-2.6950E-11	2.6097E-11	1.0348E-06	2.9590E-07
-2.6662E-11	2.6056E-11	2.2194E-06	2.2631E-07
-2.6376E-11	2.6013E-11	1.1628E-06	-8.6764E-07
-2.6092E-11	2.5970E-11	9.0418E-07	2.2370E-07
-2.5810E-11	2.5926E-11	1.3098E-06	-2.1552E-07
-2.5529E-11	2.5881E-11	6.8395E-07	-2.6608E-07
-2.5251E-11	2.5834E-11	4.0097E-07	2.5471E-07
-2.4975E-11	2.5787E-11	5.9407E-07	7.8156E-07
-2.4700E-11	2.5739E-11	1.2486E-06	1.0537E-06
-2.4428E-11	2.5690E-11	1.4097E-06	8.5057E-08
-2.4158E-11	2.5640E-11	3.9148E-07	1.0737E-06
-2.3889E-11	2.5589E-11	2.3955E-06	1.0984E-06
-2.3623E-11	2.5537E-11	1.0540E-06	-9.5890E-08
-2.3358E-11	2.5484E-11	1.9819E-06	1.2803E-06
-2.3095E-11	2.5430E-11	2.0205E-06	-5.6430E-07
-2.2834E-11	2.5376E-11	1.4611E-06	4.9825E-08
-2.2575E-11	2.5321E-11	1.0316E-06	-8.6327E-07
-2.2318E-11	2.5264E-11	4.2881E-07	5.2455E-07
-2.2063E-11	2.5207E-11	8.4372E-07	-1.1710E-07
-2.1809E-11	2.5150E-11	-3.6617E-08	1.4089E-06
-2.1558E-11	2.5091E-11	2.1579E-06	1.4835E-06
-2.1308E-11	2.5032E-11	1.7308E-06	2.1892E-07
-2.1060E-11	2.4972E-11	1.5342E-06	5.1685E-07
-2.0814E-11	2.4911E-11	1.7771E-06	3.1284E-07
-2.0570E-11	2.4849E-11	1.4791E-06	1.9655E-08
-2.0328E-11	2.4787E-11	1.5810E-06	2.7425E-07
-2.0087E-11	2.4724E-11	1.4840E-06	-4.0274E-07
-1.9848E-11	2.4660E-11	8.1054E-07	-2.7235E-08
-1.9611E-11	2.4595E-11	9.1709E-07	2.5005E-07
-1.9376E-11	2.4530E-11	1.1762E-06	4.6217E-07
-1.9143E-11	2.4464E-11	1.0396E-06	-2.7855E-08
-1.8911E-11	2.4398E-11	7.4447E-07	6.3361E-07
-1.8681E-11	2.4331E-11	1.1662E-06	6.1028E-07
-1.8453E-11	2.4263E-11	1.5525E-06	8.0073E-07
-1.8226E-11	2.4195E-11	1.5775E-06	-3.5450E-07
-1.8002E-11	2.4126E-11	5.4225E-07	3.8687E-07
-1.7779E-11	2.4056E-11	1.3643E-06	4.2821E-07
-1.7558E-11	2.3986E-11	9.4778E-07	3.5747E-07
-1.7338E-11	2.3916E-11	1.1937E-06	1.3457E-07
-1.7120E-11	2.3844E-11	2.9426E-07	5.2338E-07
-1.6904E-11	2.3773E-11	1.3223E-06	1.3103E-06
-1.6690E-11	2.3700E-11	1.6987E-06	2.1866E-07
-1.6477E-11	2.3628E-11	4.7517E-07	5.2612E-08
-1.6266E-11	2.3554E-11	6.9464E-07	1.7711E-06
-1.6056E-11	2.3480E-11	2.4181E-06	9.2077E-07
-1.5848E-11	2.3406E-11	1.5672E-06	3.5194E-08
-1.5642E-11	2.3331E-11	1.2459E-06	-2.1385E-08
-1.5438E-11	2.3256E-11	6.4888E-07	7.7056E-07
-1.5235E-11	2.3180E-11	1.8068E-06	5.4566E-07
-1.5034E-11	2.3104E-11	5.2233E-07	4.7262E-07
-1.4834E-11	2.3027E-11	2.1645E-06	1.2636E-06
-1.4636E-11	2.2950E-11	1.2212E-06	-6.6698E-07
-1.4439E-11	2.2873E-11	7.4154E-07	1.0858E-06
-1.4244E-11	2.2795E-11	1.4027E-06	3.1013E-07
-1.4051E-11	2.2717E-11	1.0718E-06	1.0700E-06
-1.3859E-11	2.2638E-11	1.7157E-06	7.7564E-08
-1.3669E-11	2.2559E-11	2.6703E-07	6.9087E-07
-1.3481E-11	2.2480E-11	1.3100E-06	1.4671E-06
-1.3294E-11	2.2400E-11	1.5798E-06	1.5737E-06
-1.3108E-11	2.2320E-11	2.9909E-06	8.1484E-07
-1.2924E-11	2.2239E-11	1.4820E-06	-5.0534E-07
-1.2742E-11	2.2159E-11	1.2767E-06	9.3005E-07
-1.2561E-11	2.2077E-11	1.9476E-06	5.3168E-07
-1.2381E-11	2.1996E-11	1.9357E-06	3.1410E-07
-1.2203E-11	2.1914E-11	1.5427E-06	-9.9746E-08
-1.2027E-11	2.1832E-11	1.3066E-06	4.1403E-07
-1.1852E-11	2.1750E-11	1.4431E-06	4.2764E-07
-1.1678E-11	2.1667E-11	1.7255E-06	7.4189E-07
-1.1506E-11	2.1584E-11	2.1960E-06	1.9934E-07
-1.1336E-11	2.1501E-11	1.9835E-06	-4.9051E-07
-1.1166E-11	2.1418E-11	7.4375E-07	-7.5893E-07
-1.0999E-11	2.1334E-11	5.4329E-07	8.2853E-07
-1.0832E-11	2.1250E-11	1.7751E-06	6.7180E-07
-1.0668E-11	2.1166E-11	1.6976E-06	5.9201E-08
-1.0504E-11	2.1082E-11	1.2769E-06	-3.3953E-07
-1.0342E-11	2.0997E-11	6.2257E-07	2.2475E-07
-1.0182E-11	2.0913E-11	1.2228E-06	7.2455E-07
-1.0022E-11	2.0828E-11	1.3553E-06	1.4478E-07
-9.8646E-12	2.0742E-11	7.6970E-07	5.7168E-07
-9.7081E-12	2.0657E-11	1.7110E-06	6.8663E-07
-9.5531E-12	2.0572E-11	7.3387E-07	8.5036E-08
-9.3994E-12	2.0486E-11	1.5451E-06	1.6590E-06
-9.2470E-12	2.0400E-11	2.2165E-06	-3.2469E-07
-9.0960E-12	2.0314E-11	5.9549E-07	5.3632E-07
-8.9463E-12	2.0228E-11	1.9786E-06	9.7457E-07
-8.7980E-12	2.0142E-11	2.0665E-06	4.8456E-08
-8.6510E-12	2.0055E-11	1.2349E-06	-5.0987E-07
-8.5053E-12	1.9969E-11	7.6117E-07	7.3303E-07
-8.3609E-12	1.9882E-11	1.7474E-06	4.7204E-07
-8.2178E-12	1.9795E-11	1.4605E-06	4.3749E-07
-8.0760E-12	1.9708E-11	1.5946E-06	-1.1303E-07
-7.9355E-12	1.9621E-11	8.9662E-07	6.7388E-07
-7.7963E-12	1.9534E-11	2.0234E-06	4.2728E-07
-7.6584E-12	1.9447E-11	1.5337E-06	2.7039E-07
-7.5217E-12	1.9360E-11	1.8465E-06	-6.2285E-07
-7.3863E-12	1.9273E-11	-1.2930E-07	5.2897E-07
-7.2521E-12	1.9185E-11	2.7774E-06	1.3732E-06
-7.1191E-12	1.9098E-11	1.5136E-06	-1.1183E-06
-6.9874E-12	1.9010E-11	1.1677E-06	6.9491E-07
-6.8569E-12	1.8923E-11	1.9361E-06	-2.7745E-07
-6.7277E-12	1.8835E-11	1.3580E-06	-4.8979E-07
-6.5996E-12	1.8747E-11	5.3716E-07	-4.9914E-07
-6.4728E-12	1.8660E-11	7.9055E-07	6.1638E-07
-6.3471E-12	1.8572E-11	1.0384E-06	8.5048E-08
-6.2226E-12	1.8484E-11	1.0255E-06	7.2636E-07
-6.0994E-12	1.8396E-11	1.4290E-06	9.9800E-08
-5.9772E-12	1.8309E-11	9.2474E-07	5.4633E-07
-5.8563E-12	1.8221E-11	1.7446E-06	5.3600E-07
-5.7365E-12	1.8133E-11	1.7100E-06	-6.5084E-08
-5.6179E-12	1.8045E-11	1.3999E-06	-5.2210E-07
-5.5004E-12	1.7958E-11	5.7202E-07	-4.2674E-07
-5.3840E-12	1.7870E-11	4.1861E-07	3.7692E-07
-5.2688E-12	1.7782E-11	1.0030E-06	6.3200E-07
-5.1547E-12	1.7695E-11	1.0008E-06	3.7657E-07
-5.0417E-12	1.7607E-11	1.2664E-06	7.1896E-07
-4.9299E-12	1.7519E-11	1.5323E-06	-4.7662E-08
-4.8191E-12	1.7432E-11	8.0018E-07	2.2901E-07
-4.7094E-12	1.7344E-11	1.5912E-06	2.0675E-07
-4.6008E-12	1.7257E-11	6.8441E-07	-5.8335E-07
-4.4933E-12	1.7169E-11	3.8613E-07	4.3493E-07
-4.3869E-12	1.7082E-11	5.2430E-07	2.3386E-07
-4.2815E-12	1.6995E-11	2.3242E-07	1.1667E-06
-4.1772E-12	1.6907E-11	1.5089E-06	1.1843E-06
-4.0740E-12	1.6820E-11	1.1440E-06	3.1189E-07
-3.9718E-12	1.6733E-11	8.5217E-07	1.1246E-06
-3.8706E-12	1.6646E-11	2.1219E-06	8.0047E-07
-3.7704E-12	1.6559E-11	9.5300E-07	-4.2676E-07
-3.6713E-12	1.6472E-11	6.7772E-07	1.3543E-06
-3.5732E-12	1.6386E-11	1.9883E-06	4.3851E-07
-3.4761E-12	1.6299E-11	8.2377E-07	3.9464E-07
-3.3801E-12	1.6213E-11	1.4099E-06	9.2842E-07
-3.2850E-12	1.6126E-11	1.7288E-06	8.5808E-07
-3.1909E-12	1.6040E-11	2.1425E-06	5.9934E-09
-3.0978E-12	1.5954E-11	1.3164E-06	-1.0530E-07
-3.0057E-12	1.5868E-11	1.2808E-06	-3.8585E-07
-2.9145E-12	1.5782E-11	4.9124E-07	4.9619E-07
-2.8243E-12	1.5696E-11	1.6564E-06	-4.8664E-08
-2.7351E-12	1.5610E-11	-3.4797E-07	4.6939E-07
-2.6468E-12	1.5524E-11	2.2172E-06	1.7737E-06
-2.5594E-12	1.5439E-11	1.6819E-06	-5.4615E-07
-2.4730E-12	1.5354E-11	1.3357E-06	-4.1074E-09
-2.3875E-12	1.5269E-11	-4.3915E-08	-2.0403E-07
-2.3030E-12	1.5184E-11	1.3986E-06	1.9314E-06
-2.2194E-12	1.5099E-11	1.7979E-06	-4.9123E-07
-2.1366E-12	1.5014E-11	8.4160E-07	8.1466E-07
-2.0548E-12	1.4929E-11	1.6359E-06	-7.8478E-10
-1.9739E-12	1.4845E-11	1.2210E-06	4.0492E-07
-1.8939E-12	1.4761E-11	1.1482E-06	-6.6759E-07
-1.8148E-12	1.4677E-11	7.8591E-08	8.1030E-07
-1.7365E-12	1.4593E-11	1.5090E-06	4.4430E-07
-1.6591E-12	1.4509E-11	3.6372E-07	5.9061E-07
-1.5826E-12	1.4425E-11	1.6139E-06	1.3078E-06
-1.5069E-12	1.4342E-11	1.9737E-06	2.2488E-07
-1.4321E-12	1.4259E-11	1.3751E-06	-2.7181E-07
-1.3582E-12	1.4176E-11	1.1040E-06	-7.6745E-09
-1.2851E-12	1.4093E-11	7.6933E-07	-3.8460E-07
-1.2128E-12	1.4010E-11	2.1649E-07	4.8044E-07
-1.1414E-12	1.3928E-11	7.5279E-07	8.4462E-07
-1.0708E-12	1.3846E-11	1.5410E-06	8.1758E-07
-1.0010E-12	1.3764E-11	6.9925E-07	-5.8291E-07
-9.3198E-13	1.3682E-11	1.1818E-07	1.9307E-06
-8.6380E-13	1.3600E-11	2.8974E-06	4.5448E-07
-7.9642E-13	1.3518E-11	5.6634E-07	-6.4908E-07
-7.2984E-13	1.3437E-11	8.6327E-07	2.4355E-07
-6.6404E-13	1.3356E-11	1.3751E-07	3.3361E-07
-5.9903E-13	1.3275E-11	9.7555E-07	7.1308E-07
-5.3479E-13	1.3195E-11	8.8598E-09	4.9507E-07
-4.7133E-13	1.3114E-11	9.5034E-07	1.5564E-06
-4.0862E-13	1.3034E-11	7.8894E-07	6.3693E-07
-3.4668E-13	1.2954E-11	7.0901E-07	1.6329E-06
-2.8549E-13	1.2874E-11	1.5800E-06	1.6356E-06
-2.2505E-13	1.2795E-11	2.2008E-06	9.3275E-07
-1.6535E-13	1.2715E-11	1.3695E-06	4.6190E-07
-1.0639E-13	1.2636E-11	2.0211E-06	1.1048E-06
-4.8161E-14	1.2557E-11	2.1739E-06	-2.8976E-07
9.3462E-15	1.2479E-11	1.0616E-06	-4.2347E-07
6.6133E-14	1.2400E-11	4.9830E-07	9.8823E-08
1.2221E-13	1.2322E-11	5.3976E-07	7.0782E-07
1.7757E-13	1.2244E-11	8.5482E-07	1.3840E-06
2.3223E-13	1.2166E-11	2.1497E-06	7.7035E-07
2.8620E-13	1.2089E-11	7.9991E-07	-8.0127E-09
3.3947E-13	1.2012E-11	1.4327E-06	1.0976E-06
3.9206E-13	1.1935E-11	1.0747E-06	-1.3358E-07
4.4396E-13	1.1858E-11	6.3556E-07	1.1470E-06
4.9519E-13	1.1782E-11	1.1936E-06	9.9033E-07
5.4575E-13	1.1705E-11	1.7109E-06	1.4175E-06
5.9565E-13	1.1629E-11	1.7603E-06	3.9233E-07
6.4489E-13	1.1554E-11	2.0196E-06	1.3022E-06
6.9347E-13	1.1478E-11	2.6847E-06	-9.1394E-07
7.4140E-13	1.1403E-11	2.7290E-07	-3.7867E-07
7.8869E-13	1.1328E-11	1.1295E-06	2.9278E-07
8.3534E-13	1.1253E-11	2.1395E-07	3.9666E-07
8.8135E-13	1.1179E-11	1.0881E-06	1.6009E-06
9.2674E-13	1.1104E-11	2.1235E-06	9.2146E-07
9.7151E-13	1.1030E-11	1.7183E-06	-1.1210E-07
1.0157E-12	1.0957E-11	1.1227E-06	5.0705E-07
1.0592E-12	1.0883E-11	1.7112E-06	1.4606E-07
1.1021E-12	1.0810E-11	1.0049E-06	1.4082E-07
1.1444E-12	1.0737E-11	1.1288E-06	2.6238E-07
1.1862E-12	1.0665E-11	1.1138E-06	8.9411E-07
1.2273E-12	1.0592E-11	2.1014E-06	-1.0691E-07
1.2678E-12	1.0520E-11	4.5552E-07	-1.4498E-07
1.3078E-12	1.0448E-11	1.4202E-06	4.2685E-07
1.3472E-12	1.0377E-11	4.8664E-07	-1.4837E-07
1.3860E-12	1.0305E-11	8.1935E-07	7.5573E-07
1.4242E-12	1.0234E-11	7.8648E-07	7.3998E-07
1.4619E-12	1.0163E-11	1.8325E-06	4.8399E-07
1.4990E-12	1.0093E-11	1.9112E-07	-3.5110E-07
1.5356E-12	1.0023E-11	9.1151E-07	1.3757E-06
1.5716E-12	9.9528E-12	7.0415E-07	-2.5842E-08
1.6071E-12	9.8832E-12	5.0332E-07	1.8081E-06
1.6420E-12	9.8138E-12	1.7467E-06	6.9907E-07
1.6764E-12	9.7447E-12	9.3052E-07	1.0839E-06
1.7103E-12	9.6758E-12	1.8161E-06	8.2462E-07
1.7436E-12	9.6073E-12	1.3913E-06	6.5085E-07
1.7764E-12	9.5390E-12	1.7554E-06	3.8976E-07
1.8087E-12	9.4710E-12	1.2088E-06	8.6675E-08
1.8405E-12	9.4033E-12	9.1292E-07	2.5418E-07
1.8718E-12	9.3358E-12	8.4960E-07	6.9346E-07
1.9025E-12	9.2687E-12	9.7404E-07	5.2753E-07
1.9328E-12	9.2018E-12	6.7364E-07	1.1992E-06
1.9626E-12	9.1352E-12	1.8127E-06	1.1365E-06
1.9919E-12	9.0689E-12	1.1198E-06	4.4947E-07
2.0207E-12	9.0028E-12	1.5805E-06	1.5428E-06
2.0490E-12	8.9371E-12	2.3808E-06	7.1430E-10
2.0768E-12	8.8716E-12	6.9694E-07	2.6580E-07
2.1042E-12	8.8065E-12	2.0120E-06	8.2994E-07
2.1311E-12	8.7416E-12	1.1218E-06	-4.2020E-07
2.1576E-12	8.6770E-12	9.5159E-07	7.8263E-07
2.1835E-12	8.6126E-12	1.2303E-06	2.0282E-07
2.2091E-12	8.5486E-12	7.9512E-07	5.4360E-07
2.2341E-12	8.4848E-12	6.2944E-07	9.9719E-07
2.2587E-12	8.4214E-12	1.8813E-06	1.5822E-06
2.2829E-12	8.3582E-12	1.7222E-06	7.1992E-09
2.3067E-12	8.2953E-12	1.3262E-06	9.4747E-07
2.3300E-12	8.2327E-12	1.6228E-06	3.5474E-08
2.3528E-12	8.1704E-12	1.1150E-06	8.3590E-07
2.3753E-12	8.1083E-12	1.4250E-06	1.6221E-08
2.3973E-12	8.0466E-12	5.8661E-07	1.4212E-06
2.4189E-12	7.9851E-12	2.5706E-06	1.0035E-06
2.4401E-12	7.9240E-12	1.8228E-06	1.5246E-07
2.4609E-12	7.8631E-12	1.7947E-06	-2.6914E-07
2.4812E-12	7.8025E-12	7.4685E-07	4.4599E-07
2.5012E-12	7.7422E-12	2.2358E-06	3.7383E-07
2.5207E-12	7.6822E-12	9.1235E-07	-5.1528E-07
2.5399E-12	7.6224E-12	1.1915E-06	4.0597E-07
2.5587E-12	7.5630E-12	7.3635E-07	-1.2116E-07
2.5771E-12	7.5038E-12	7.8536E-07	9.4606E-07
2.5951E-12	7.4450E-12	1.4081E-06	4.8899E-07
2.6127E-12	7.3864E-12	8.5707E-07	5.1368E-07
2.6299E-12	7.3281E-12	1.3656E-06	1.2930E-06
2.6468E-12	7.2701E-12	2.4397E-06	3.3648E-07
2.6633E-12	7.2124E-12	1.2248E-06	-7.3733E-07
2.6794E-12	7.1550E-12	4.6423E-07	4.0308E-07
2.6952E-12	7.0978E-12	1.4363E-06	5.6238E-07
2.7106E-12	7.0410E-12	6.7479E-07	-1.4436E-07
2.7256E-12	6.9844E-12	6.8374E-07	1.2152E-06
2.7403E-12	6.9281E-12	1.3349E-06	4.2060E-07
2.7547E-12	6.8721E-12	7.8289E-07	1.3772E-06
2.7687E-12	6.8164E-12	2.3637E-06	6.8960E-07
2.7823E-12	6.7610E-12	1.1030E-06	2.8778E-07
2.7957E-12	6.7058E-12	2.1259E-06	4.8315E-07
2.8087E-12	6.6510E-12	8.7592E-07	-5.3417E-07
2.8213E-12	6.5964E-12	8.3373E-07	9.5050E-07
2.8336E-12	6.5421E-12	1.6029E-06	4.4498E-07
2.8457E-12	6.4881E-12	1.1587E-06	1.8186E-07
2.8573E-12	6.4344E-12	1.0329E-06	5.0503E-07
2.8687E-12	6.3810E-12	9.8228E-07	4.9106E-07
2.8798E-12	6.3279E-12	1.1645E-06	1.4768E-06
2.8905E-12	6.2750E-12	2.8718E-06	5.1109E-07
2.9009E-12	6.2224E-12	1.4613E-06	-8.5764E-07
2.9111E-12	6.1701E-12	9.4550E-07	-1.6413E-07
2.9209E-12	6.1181E-12	5.6813E-07	-5.9016E-08
2.9304E-12	6.0664E-12	4.9386E-07	5.7562E-07
2.9396E-12	6.0149E-12	9.2002E-07	1.0736E-06
2.9486E-12	5.9638E-12	1.3763E-06	4.9232E-07
2.9572E-12	5.9129E-12	8.4894E-07	1.1477E-06
2.9656E-12	5.8623E-12	2.3777E-06	5.7857E-07
2.9737E-12	5.8120E-12	7.4270E-07	-1.0308E-08
2.9815E-12	5.7619E-12	1.9367E-06	9.6259E-07
2.9890E-12	5.7121E-12	1.1776E-06	-5.0838E-07
2.9962E-12	5.6626E-12	1.0077E-06	7.2706E-07
3.0032E-12	5.6134E-12	1.0161E-06	2.9237E-07
3.0099E-12	5.5645E-12	1.6770E-06	1.2731E-06
3.0164E-12	5.5158E-12	2.2629E-06	-6.3871E-07
3.0226E-12	5.4675E-12	3.0584E-07	-4.8710E-07
3.0285E-12	5.4193E-12	5.3953E-07	8.7892E-07
3.0341E-12	5.3715E-12	1.5025E-06	7.3005E-07
3.0396E-12	5.3240E-12	1.1244E-06	2.8633E-07
3.0447E-12	5.2767E-12	1.5570E-06	6.8220E-07
3.0496E-12	5.2297E-12	1.5584E-06	-3.0562E-07
3.0543E-12	5.1829E-12	6.9077E-07	-2.5764E-07
3.0587E-12	5.1365E-12	2.4648E-07	4.0740E-07
3.0629E-12	5.0903E-12	8.0019E-07	9.5455E-07
3.0669E-12	5.0443E-12	7.7387E-07	1.1281E-06
3.0706E-12	4.9987E-12	2.1879E-06	1.2913E-06
3.0741E-12	4.9533E-12	1.4983E-06	-4.2117E-07
3.0773E-12	4.9082E-12	1.0500E-06	8.9475E-07
3.0804E-12	4.8634E-12	1.6496E-06	2.3226E-08
3.0832E-12	4.8188E-12	9.5766E-07	7.0163E-07
3.0858E-12	4.7745E-12	2.0395E-06	2.8929E-07
3.0881E-12	4.7304E-12	1.2160E-06	-2.2924E-07
3.0903E-12	4.6866E-12	1.3108E-06	-9.0188E-08
3.0922E-12	4.6431E-12	4.9580E-07	-3.6079E-07
3.0940E-12	4.5999E-12	4.4451E-07	1.0239E-06
3.0955E-12	4.5569E-12	1.8555E-06	5.0271E-07
3.0968E-12	4.5142E-12	7.3220E-07	-3.5096E-07
3.0979E-12	4.4717E-12	6.6474E-07	7.1655E-07
3.0988E-12	4.4295E-12	9.5535E-07	5.7544E-07
3.0995E-12	4.3876E-12	1.4288E-06	8.7426E-07
3.1001E-12	4.3459E-12	1.5352E-06	-2.4966E-07
3.1004E-12	4.3045E-12	4.0559E-07	9.4400E-08
3.1005E-12	4.2633E-12	8.8073E-07	8.5239E-07
3.1005E-12	4.2224E-12	1.2678E-06	3.3613E-07
3.1002E-12	4.1818E-12	6.3673E-07	5.1427E-07
3.0998E-12	4.1414E-12	1.4993E-06	8.2900E-07
3.0992E-12	4.1013E-12	1.0200E-06	-6.5685E-08
3.0984E-12	4.0614E-12	9.1016E-07	6.7077E-07
3.0975E-12	4.0218E-12	8.3414E-07	2.8947E-07
3.0963E-12	3.9824E-12	9.8417E-07	1.1975E-06
3.0950E-12	3.9433E-12	1.6697E-06	4.4936E-07
3.0936E-12	3.9044E-12	1.3929E-06	4.6805E-07
3.0919E-12	3.8658E-12	1.4882E-06	-2.7444E-07
3.0901E-12	3.8275E-12	3.8324E-07	-2.0341E-08
3.0881E-12	3.7893E-12	5.4872E-07	8.6014E-07
3.0860E-12	3.7515E-12	1.4759E-06	1.0318E-06
3.0837E-12	3.7139E-12	1.4546E-06	-7.3480E-08
3.0813E-12	3.6765E-12	8.6269E-07	3.7155E-07
3.0787E-12	3.6394E-12	9.5120E-07	4.4657E-08
3.0759E-12	3.6025E-12	5.9085E-07	9.7347E-07
3.0730E-12	3.5658E-12	1.9040E-06	1.6187E-07
3.0699E-12	3.5294E-12	-2.7831E-08	-3.1886E-07
3.0667E-12	3.4933E-12	6.1162E-07	1.4637E-06
3.0634E-12	3.4574E-12	1.1410E-06	6.0336E-07
3.0599E-12	3.4217E-12	1.1273E-06	1.3125E-06
3.0563E-12	3.3863E-12	2.1366E-06	2.1665E-07
3.0525E-12	3.3511E-12	6.5414E-07	-1.3142E-07
3.0486E-12	3.3161E-12	1.0509E-06	7.2387E-07
3.0446E-12	3.2814E-12	1.0952E-06	3.9720E-07
3.0404E-12	3.2469E-12	1.4372E-06	2.8166E-07
3.0361E-12	3.2127E-12	6.2246E-07	-2.8355E-07
3.0317E-12	3.1787E-12	5.0319E-07	5.0972E-07
3.0271E-12	3.1449E-12	3.0481E-07	4.5902E-07
3.0224E-12	3.1114E-12	6.7679E-07	1.1485E-06
3.0176E-12	3.0781E-12	6.1824E-07	8.1898E-07
3.0127E-12	3.0450E-12	1.1750E-06	1.3933E-06
3.0076E-12	3.0121E-12	8.4269E-07	6.3664E-07
3.0025E-12	2.9795E-12	1.5388E-06	1.8014E-06
2.9972E-12	2.9471E-12	1.5673E-06	-1.4393E-07
2.9918E-12	2.9150E-12	7.5800E-07	1.7403E-06
2.9863E-12	2.8830E-12	2.6157E-06	2.4320E-07
2.9806E-12	2.8513E-12	7.3983E-07	1.6565E-07
2.9749E-12	2.8198E-12	1.3459E-06	2.6909E-07
2.9691E-12	2.7886E-12	3.7965E-07	8.7447E-07
2.9631E-12	2.7575E-12	1.6269E-06	1.0065E-06
2.9571E-12	2.7267E-12	1.1936E-06	1.0527E-06
2.9509E-12	2.6961E-12	2.3327E-06	2.6636E-07
2.9447E-12	2.6658E-12	3.9850E-07	2.0139E-07
2.9383E-12	2.6356E-12	1.9877E-06	1.1592E-06
2.9319E-12	2.6057E-12	1.0698E-06	-1.3625E-07
2.9253E-12	2.5759E-12	1.4721E-06	1.0895E-06
2.9187E-12	2.5464E-12	1.5140E-06	-5.7859E-09
2.9120E-12	2.5171E-12	1.1131E-06	7.2241E-07
2.9051E-12	2.4881E-12	1.7735E-06	6.6630E-07
2.8982E-12	2.4592E-12	1.9595E-06	-1.8628E-07
2.8912E-12	2.4306E-12	6.4011E-07	-1.7065E-07
2.8842E-12	2.4021E-12	1.4536E-06	7.5090E-07
2.8770E-12	2.3739E-12	1.2801E-06	-1.3428E-07
2.8697E-12	2.3459E-12	1.3165E-06	2.0858E-07
2.8624E-12	2.3181E-12	5.2760E-07	-1.7000E-07
2.8550E-12	2.2905E-12	1.2418E-06	1.4054E-06
2.8475E-12	2.2631E-12	2.2075E-06	-4.6415E-07
2.8399E-12	2.2359E-12	6.2802E-07	-5.4925E-07
2.8323E-12	2.2089E-12	3.8221E-07	-1.9063E-07
2.8245E-12	2.1822E-12	3.7081E-08	7.1383E-07
2.8167E-12	2.1556E-12	8.5542E-07	9.9979E-07
2.8089E-12	2.1292E-12	1.0961E-06	8.6995E-07
2.8009E-12	2.1030E-12	1.1232E-06	4.1113E-07
2.7929E-12	2.0771E-12	6.2782E-07	1.0576E-06
2.7848E-12	2.0513E-12	1.9967E-06	1.2380E-06
2.7767E-12	2.0257E-12	1.7759E-06	-2.6814E-07
2.7685E-12	2.0004E-12	6.8448E-07	2.7639E-07
2.7602E-12	1.9752E-12	1.3649E-06	6.6041E-07
2.7519E-12	1.9502E-12	1.0863E-06	3.1749E-07
2.7435E-12	1.9254E-12	1.4906E-06	7.6133E-07
2.7350E-12	1.9008E-12	1.5864E-06	-6.6831E-08
2.7265E-12	1.8764E-12	1.0851E-06	-2.1504E-08
2.7179E-12	1.8522E-12	5.8322E-07	9.8641E-08
2.7093E-12	1.8282E-12	1.0323E-06	1.1846E-06
2.7006E-12	1.8044E-12	1.8897E-06	2.3172E-07
2.6918E-12	1.7808E-12	1.2631E-06	4.7930E-08
2.6831E-12	1.7573E-12	1.2303E-06	-1.5476E-07
2.6742E-12	1.7341E-12	9.1262E-07	9.5005E-08
2.6653E-12	1.7110E-12	7.4801E-07	-1.8113E-07
2.6564E-12	1.6881E-12	4.6260E-07	8.8305E-07
2.6474E-12	1.6654E-12	1.5025E-06	3.1507E-07
2.6383E-12	1.6429E-12	6.4488E-07	5.5360E-07
2.6292E-12	1.6205E-12	1.7655E-06	3.3219E-07
2.6201E-12	1.5984E-12	3.9282E-07	-1.8152E-08
2.6109E-12	1.5764E-12	1.3573E-06	1.1129E-06
2.6017E-12	1.5546E-12	1.3634E-06	1.1137E-07
2.5925E-12	1.5330E-12	1.5314E-06	7.1391E-07
2.5832E-12	1.5116E-12	2.1134E-06	-3.5429E-07
2.5738E-12	1.4903E-12	9.0491E-07	-1.0367E-06
2.5645E-12	1.4692E-12	2.0160E-07	3.1716E-07
2.5550E-12	1.4483E-12	1.8908E-06	1.5956E-07
2.5456E-12	1.4276E-12	4.1989E-07	-1.2122E-06
2.5361E-12	1.4070E-12	2.8728E-07	5.8328E-07
2.5266E-12	1.3866E-12	1.0950E-06	-4.4461E-07
2.5170E-12	1.3664E-12	-8.9050E-08	-2.0356E-07
2.5075E-12	1.3464E-12	3.0776E-07	3.3772E-07
