jMRUI Data Textfile

Filename: Export_to_jmrui.txt

PointsInDataset: 2048
DatasetsInFile: 1
SamplingInterval: 0.250000
ZeroOrderPhase: 0E0
BeginTime: 0E0
TransmitterFrequency: 1.2326E8
MagneticField: 2.8936E0
TypeOfNucleus:  
NameOfPatient:  
DateOfExperiment:  
Spectrometer:  
AdditionalInfo: 
SignalNames:  


Signal and FFT
sig(real)	sig(imag)	fft(real)	fft(imag)
Signal 1 out of 1 in file
3.5278E-06	-6.1340E-07	1.8766E-06	5.2974E-07
3.1526E-06	-1.6403E-06	3.5702E-07	-4.0468E-07
1.9103E-06	-2.3381E-06	6.8174E-07	2.4653E-06
8.0507E-07	-2.4919E-06	3.7415E-06	4.4945E-07
-4.7375E-07	-2.0665E-06	6.4471E-07	-1.0881E-06
-1.1555E-06	-1.2712E-06	1.4708E-06	1.7443E-06
-1.4486E-06	-3.9315E-07	2.6393E-06	-4.6472E-07
-1.0138E-06	2.7670E-07	1.1897E-06	3.5256E-07
-4.3627E-07	4.8220E-07	2.6630E-06	-1.3293E-07
2.6623E-07	2.8745E-07	1.4298E-06	-4.8126E-07
4.8657E-07	-1.1407E-07	2.4474E-06	-6.8508E-07
4.5734E-07	-5.0574E-07	4.6515E-07	-1.5898E-06
2.0988E-07	-8.3301E-07	7.6098E-07	3.9877E-08
-1.7150E-07	-7.3407E-07	1.8766E-07	-6.2511E-07
-4.6670E-07	-5.3980E-07	5.2935E-07	1.1208E-06
-5.7195E-07	-2.4788E-07	8.3552E-07	2.2921E-07
-4.4534E-07	-8.7202E-08	1.3814E-06	1.8959E-06
-3.2782E-07	-1.1227E-08	2.5752E-06	-6.9043E-07
-2.4473E-07	1.9850E-08	7.5883E-08	6.6527E-07
-2.5211E-07	-5.1798E-08	2.7202E-06	7.4420E-07
-3.4448E-07	-1.6199E-08	9.1020E-07	-2.7909E-07
-4.8892E-07	1.1036E-07	2.1045E-06	7.7449E-07
-4.8150E-07	2.0306E-07	1.1382E-06	-3.2599E-07
-3.9839E-07	3.3297E-07	1.9819E-06	1.2703E-06
-2.8425E-07	4.0635E-07	2.5282E-06	-6.5821E-07
-2.5789E-08	3.1825E-07	1.3277E-06	-2.4845E-07
1.0319E-07	1.5573E-07	1.8326E-06	-6.9174E-08
9.1996E-08	5.0763E-08	1.7513E-06	-6.6742E-07
-2.3078E-08	4.1465E-08	8.5657E-07	-3.4786E-07
-1.2645E-07	-2.5798E-08	1.8935E-06	-3.5150E-08
-2.5918E-07	2.1634E-07	5.8264E-07	-1.2906E-06
-2.9913E-07	3.4942E-07	2.7977E-07	1.0714E-06
-1.8271E-07	5.1836E-07	2.0523E-06	2.4236E-07
1.0414E-07	5.3647E-07	9.5314E-07	-3.4155E-07
2.3865E-07	4.2491E-07	8.4621E-07	6.8033E-07
3.4687E-07	2.8080E-07	2.2229E-06	6.8953E-07
3.5964E-07	5.1341E-08	1.7459E-06	-8.5312E-07
2.7671E-07	-2.4999E-08	1.1179E-06	-6.6261E-08
1.4493E-07	3.5096E-08	1.1478E-06	-7.1413E-07
9.2942E-08	-1.6685E-08	3.5992E-07	4.8938E-07
1.8225E-07	9.8418E-08	1.9671E-06	1.6962E-07
2.6586E-07	1.1120E-07	4.9874E-07	-8.6540E-07
2.4278E-07	-5.8572E-08	2.6143E-07	1.0096E-06
3.1483E-07	-1.9109E-07	1.8338E-06	4.6711E-07
2.1190E-07	-2.9770E-07	5.2936E-07	-1.6826E-07
3.7499E-08	-3.7820E-07	1.1012E-06	1.2612E-06
-1.3469E-07	-3.3154E-07	1.7775E-06	3.3112E-07
-1.8393E-07	-1.5940E-07	1.8581E-06	3.7684E-08
-2.3112E-07	5.2177E-08	5.3895E-07	-9.8695E-07
-1.3903E-07	1.0895E-07	2.7212E-07	1.4229E-06
-3.0280E-10	3.3214E-08	1.7812E-06	1.7222E-07
7.5957E-08	8.4134E-09	7.2254E-07	8.0146E-07
7.2352E-08	-7.7776E-08	1.7413E-06	-1.4663E-07
1.5177E-08	-1.8639E-07	-1.9750E-07	1.0152E-06
-1.4006E-07	-1.7036E-07	2.9468E-06	1.2186E-06
-2.8753E-07	-1.3488E-07	6.8462E-07	-1.2590E-06
-2.8402E-07	9.9606E-08	3.5917E-07	1.2672E-06
-1.6756E-07	1.8245E-07	9.1819E-07	7.2009E-07
-8.2036E-08	2.2929E-07	1.2914E-06	1.9750E-06
7.8578E-08	1.0905E-07	2.7953E-06	8.2548E-07
1.5245E-07	-1.0103E-07	2.4630E-06	-2.1045E-07
1.0740E-07	-1.5742E-07	1.2980E-06	-1.5657E-06
-2.3436E-08	-2.7539E-07	-8.6773E-07	3.8294E-07
-1.9947E-07	-2.2552E-07	1.6117E-06	1.6367E-06
-3.0217E-07	2.1684E-08	9.8114E-07	-4.7854E-07
-3.3226E-07	1.2238E-07	-1.0030E-07	1.4900E-06
-3.0637E-07	2.3242E-07	1.8610E-06	1.5926E-06
-1.4588E-07	3.4996E-07	1.4796E-06	3.9543E-07
6.7614E-09	3.6629E-07	7.9367E-07	9.3880E-07
6.0129E-08	1.7888E-07	1.4625E-06	1.4932E-06
5.3159E-08	1.1482E-07	1.7122E-06	8.4449E-07
2.3990E-08	1.3084E-08	1.3620E-06	1.1864E-06
-4.2706E-08	2.4542E-08	2.2429E-06	1.3078E-06
-1.1542E-07	8.9218E-08	2.5051E-06	-1.1099E-07
-9.7338E-08	7.5688E-08	3.5440E-07	-4.3409E-07
-3.7412E-08	1.6008E-07	5.2494E-07	2.0420E-06
1.0729E-07	1.8680E-07	2.1655E-06	1.4611E-06
1.0426E-07	1.3903E-07	2.1946E-06	1.1037E-06
1.2047E-07	7.0393E-08	1.9563E-06	9.3764E-08
5.7733E-08	1.6078E-10	1.3693E-06	1.3308E-06
4.9119E-09	7.5743E-08	2.7110E-06	-5.7165E-08
-6.7578E-08	9.8391E-08	-2.7873E-08	3.1864E-07
-4.3003E-08	1.8766E-07	2.0133E-06	2.2500E-06
1.9852E-08	2.1374E-07	2.3329E-06	6.1874E-07
9.1858E-08	1.9398E-07	2.3318E-06	5.4939E-07
1.9733E-07	1.4157E-07	1.3966E-06	5.1118E-08
2.1913E-07	-3.8323E-09	1.8078E-06	9.4909E-07
1.6745E-07	-1.6606E-07	1.3146E-06	1.6206E-07
4.8167E-08	-1.8157E-07	1.5665E-06	1.5768E-06
-4.9540E-08	-1.9361E-07	2.2331E-06	4.3905E-07
-1.8471E-07	-9.5093E-08	1.8317E-06	9.6425E-07
-1.6234E-07	5.8809E-08	2.3884E-06	-6.3811E-08
-9.3965E-08	1.6086E-07	1.0426E-06	-2.0474E-08
4.1575E-08	9.2578E-08	6.8039E-07	7.0285E-07
1.7774E-07	1.5374E-07	1.6998E-06	2.3189E-06
1.9536E-07	4.1653E-08	3.3705E-06	-4.3827E-07
1.6038E-07	-1.2031E-07	-6.1282E-07	-1.4271E-07
1.0862E-07	-1.5458E-07	1.6198E-06	2.7334E-06
6.0289E-10	-1.9108E-07	1.9823E-06	9.5328E-07
-8.2155E-08	-2.1080E-07	2.4941E-06	2.0528E-06
-6.8510E-08	-1.2848E-07	3.2523E-06	6.7736E-08
-1.1786E-07	-1.3010E-07	1.8164E-06	-2.1848E-08
-1.4274E-07	-2.5796E-10	1.6320E-06	1.6022E-07
-1.0770E-07	-3.7943E-08	1.1466E-06	5.0236E-07
-5.9332E-08	-1.0667E-08	1.0018E-06	1.5221E-06
-2.8377E-08	4.0499E-08	2.9939E-06	1.9689E-06
-1.4642E-07	6.4879E-08	2.6489E-06	-5.0042E-07
-1.3385E-07	2.9514E-08	1.1746E-06	9.3478E-07
-8.0848E-08	8.0206E-08	2.6702E-06	8.2695E-07
-6.4699E-08	9.3958E-08	1.9420E-06	4.5983E-08
4.5426E-09	1.2616E-07	1.4483E-06	5.5956E-07
6.7733E-09	5.5329E-09	2.1715E-06	1.1893E-06
5.0229E-08	-3.3252E-08	2.3374E-06	-1.9931E-07
3.1398E-09	-9.6292E-08	1.0405E-06	6.9793E-07
-5.6959E-08	-8.5419E-09	2.4481E-06	8.6693E-07
-1.3766E-07	-4.1161E-08	1.5552E-06	-1.0234E-07
-1.3473E-07	-3.4840E-08	1.1805E-06	1.1590E-06
-1.0116E-07	1.2875E-07	2.6923E-06	1.1614E-06
-2.6914E-08	1.5322E-07	2.0214E-06	-8.5685E-07
2.7174E-08	1.3719E-07	-2.1634E-07	8.3629E-07
5.5324E-08	1.0983E-07	2.0114E-06	2.6043E-06
1.1814E-07	1.9394E-08	2.9360E-06	6.9909E-07
6.2125E-08	4.8578E-08	1.6074E-06	7.0771E-07
2.5730E-08	-4.4325E-08	2.6068E-06	1.6315E-06
-3.6879E-08	-6.4208E-08	3.0941E-06	9.1794E-09
3.1484E-08	-2.5756E-08	1.7186E-06	-6.5555E-08
-1.6540E-08	3.8056E-09	1.6417E-06	6.2412E-07
-2.8453E-08	4.9898E-08	2.0368E-06	8.8202E-07
3.4914E-08	1.3217E-07	2.0671E-06	5.9577E-07
1.6497E-08	4.2122E-08	2.4217E-06	8.5815E-07
-2.1167E-09	1.6335E-08	2.2282E-06	-1.6950E-07
-6.1519E-09	5.3449E-08	1.5887E-06	8.1789E-07
2.2381E-09	1.7257E-09	2.6094E-06	5.6327E-07
2.3528E-08	1.4297E-08	2.5751E-06	-1.4701E-07
5.2308E-08	4.8665E-08	1.1026E-06	-1.1487E-06
1.0504E-07	4.7939E-08	3.3861E-07	1.6487E-06
1.0131E-07	-3.7639E-08	2.7776E-06	6.8951E-07
1.2059E-07	-5.2672E-08	1.0053E-06	4.3854E-07
8.4572E-08	-1.1914E-07	1.9931E-06	1.1881E-06
2.4904E-08	-1.5277E-07	2.2977E-06	1.2496E-06
-9.5505E-08	-1.6713E-07	3.2169E-06	-8.1819E-07
-7.0074E-08	-1.0218E-07	-3.8967E-07	-1.5291E-07
-9.0060E-08	-3.3337E-08	2.4236E-06	1.8205E-06
-7.7052E-08	7.1333E-09	9.4029E-07	-5.6626E-07
-6.3224E-08	1.9726E-08	1.0436E-06	2.3631E-06
-1.6119E-09	1.1731E-08	2.4941E-06	8.8651E-07
3.5761E-08	5.4206E-08	1.8458E-06	1.2517E-06
3.2726E-08	-2.9734E-08	2.4689E-06	7.3606E-07
-1.6749E-08	-5.7274E-08	1.9209E-06	6.8037E-07
-1.9778E-08	-7.2303E-08	2.0484E-06	6.0929E-07
-4.1229E-08	-6.9454E-08	1.5412E-06	7.3955E-07
-1.0635E-07	-1.4598E-08	2.0019E-06	1.1951E-06
-1.1713E-07	-3.5443E-08	1.5890E-06	6.5799E-07
-8.0804E-08	-2.8062E-08	1.8202E-06	2.5674E-06
-3.0587E-08	1.9254E-08	4.3634E-06	7.0404E-07
-1.9742E-11	1.0225E-07	1.4431E-06	-5.1908E-07
-1.0552E-08	2.7683E-08	2.1236E-06	1.6042E-06
5.6462E-08	5.1095E-08	2.5789E-06	5.8632E-07
-4.9653E-08	3.0508E-09	2.4915E-06	7.3075E-07
-3.8956E-08	1.2465E-08	2.1680E-06	6.2505E-07
-4.4773E-08	-1.8546E-08	2.8179E-06	9.9348E-07
2.5891E-08	-1.3171E-08	2.6603E-06	3.1892E-07
3.1130E-08	-4.2231E-08	3.0032E-06	4.0513E-07
2.3901E-08	-4.8175E-08	2.5488E-06	-4.7256E-07
-6.7583E-09	-7.6317E-08	1.8805E-06	-3.5752E-07
-4.2255E-08	-2.1762E-08	1.0443E-06	9.6718E-07
-2.7050E-08	2.6118E-08	4.0811E-06	1.4750E-06
-5.8667E-08	5.2737E-08	2.8683E-06	-2.0740E-06
-6.8364E-08	3.8089E-08	1.1206E-06	-1.0811E-07
-1.7687E-08	8.9899E-08	1.7374E-06	-3.8551E-07
-1.1954E-09	1.2341E-07	1.3337E-06	5.1424E-07
6.1084E-08	1.1134E-07	2.0804E-06	2.4709E-08
5.6931E-08	2.9177E-08	1.5885E-06	1.6009E-07
1.1409E-07	-4.5117E-09	1.6875E-06	-6.8069E-08
8.1193E-08	-1.3400E-08	1.3629E-06	4.6585E-07
7.4969E-08	-7.1522E-08	2.0424E-06	2.7675E-07
4.5878E-08	-1.0848E-07	1.6630E-06	-3.2491E-07
2.3156E-08	-1.3156E-07	7.9282E-07	-5.1832E-08
3.2772E-09	2.6600E-09	1.1393E-06	6.6527E-07
-2.7732E-08	-6.1091E-08	6.3419E-07	6.1616E-07
1.6501E-08	-3.5001E-08	1.8535E-06	2.0745E-06
1.1106E-08	-8.0740E-08	2.4623E-06	-2.9107E-07
1.1354E-08	-1.3855E-07	6.6774E-07	6.9737E-07
-1.4821E-08	-1.2920E-07	1.6005E-06	6.3266E-07
2.1691E-08	-1.3643E-07	3.7156E-07	1.5719E-06
-4.9590E-08	-1.0706E-07	2.6853E-06	2.4829E-06
-5.0709E-08	-1.1544E-07	2.8225E-06	8.4429E-07
-2.6519E-08	-7.9103E-08	3.0467E-06	1.0399E-06
-1.1060E-07	-8.7763E-08	3.2727E-06	-5.9736E-07
-4.7069E-08	-8.6067E-08	1.3954E-06	-7.1551E-07
-4.7123E-08	2.5991E-09	1.6723E-06	3.5622E-07
-5.9344E-08	1.9461E-08	1.5477E-06	-2.5090E-07
-1.3607E-07	-5.5366E-08	1.2882E-06	3.7370E-07
-3.7653E-08	-4.3937E-08	1.1936E-06	-7.2911E-08
-5.5487E-08	1.0827E-08	5.8278E-07	9.7492E-07
1.6094E-08	-2.1923E-08	1.5363E-06	1.3173E-06
1.3884E-08	-4.3724E-08	2.1005E-06	1.1088E-06
-3.8053E-08	5.9415E-09	1.8735E-06	-1.1058E-08
1.8658E-08	5.4252E-09	1.1403E-06	9.4590E-07
-1.9871E-08	1.2821E-08	2.0021E-06	2.3717E-07
-4.6044E-08	1.0563E-08	4.7148E-07	5.9474E-07
5.1496E-08	-2.4932E-09	1.4246E-06	1.3516E-06
-2.1053E-08	3.6233E-10	1.1265E-06	1.5119E-06
-1.9480E-08	3.4012E-08	2.7399E-06	1.5762E-06
-1.4608E-08	-7.6906E-09	1.8088E-06	-1.2563E-07
-6.5594E-08	-2.6292E-08	9.0609E-07	9.9462E-07
-5.4608E-09	4.9540E-08	1.2659E-06	1.8109E-06
-4.9723E-08	2.4134E-08	2.8554E-06	1.9777E-06
-9.4742E-09	2.9691E-08	2.8020E-06	-9.4588E-09
1.4159E-08	4.9733E-08	1.3204E-06	4.4943E-07
2.2708E-08	3.6792E-08	2.0510E-06	1.1902E-06
5.0708E-08	3.4127E-08	2.2905E-06	1.0985E-07
5.1146E-08	2.4355E-08	1.0543E-06	3.5168E-07
4.1525E-08	-6.3099E-09	1.7517E-06	8.4834E-07
3.5482E-08	-1.9916E-08	8.1787E-07	1.8515E-07
8.8275E-08	-4.6829E-08	7.2428E-07	1.9612E-06
2.6216E-08	-8.7411E-09	1.9497E-06	1.5100E-06
2.8800E-09	2.7397E-08	1.3153E-06	1.6894E-06
8.9923E-08	1.9795E-08	2.8024E-06	2.2463E-06
8.0226E-08	2.0777E-08	2.9775E-06	-8.4868E-09
9.2220E-08	-1.9541E-08	6.6885E-07	5.2730E-07
8.3700E-08	-9.7557E-08	1.5329E-06	2.1256E-06
7.2412E-08	-1.3058E-07	2.2602E-06	2.1302E-06
8.6024E-08	-8.6950E-08	3.6865E-06	1.4604E-06
-3.5119E-09	-8.7901E-08	2.3104E-06	-2.0964E-07
-3.8694E-08	-1.1681E-07	1.9529E-06	1.3404E-06
-4.3570E-08	-8.4862E-08	2.4320E-06	5.8686E-07
-8.5722E-08	-4.8520E-08	2.1997E-06	1.3769E-06
-4.2454E-08	-3.9944E-09	3.1312E-06	4.0447E-07
-5.5875E-09	-5.9256E-09	2.0625E-06	2.2142E-07
-4.6370E-08	1.1971E-08	2.3608E-06	2.4475E-07
2.7008E-08	-7.0372E-08	1.5991E-06	2.6739E-10
4.1665E-08	-2.7288E-08	1.3341E-06	7.1924E-07
-7.5058E-08	-1.1509E-07	1.8774E-06	1.2114E-06
1.6210E-08	-4.4032E-08	2.3834E-06	5.6881E-07
-3.4823E-08	-5.0215E-08	1.7409E-06	1.5777E-07
-2.1579E-08	7.7869E-10	9.8857E-07	6.1020E-07
-6.7601E-08	-6.6742E-08	1.4812E-06	1.9695E-06
1.5097E-08	-7.1803E-08	2.9118E-06	1.2724E-06
-7.4667E-08	-2.1039E-08	2.4109E-06	3.7374E-07
-9.4917E-08	-2.2905E-08	1.7835E-06	4.1837E-07
-5.7583E-08	-4.9856E-08	1.9860E-06	1.4285E-06
-1.5647E-08	1.0248E-08	3.3555E-06	3.6382E-07
-5.1231E-08	-1.1793E-08	1.8052E-06	-7.3273E-07
-5.4126E-08	-2.9824E-08	1.3030E-06	2.9556E-07
-5.1942E-08	-1.9866E-08	1.5493E-06	4.2967E-07
-1.5486E-08	1.4565E-08	1.5554E-06	4.3234E-07
-7.3001E-08	1.8679E-08	1.7146E-06	4.9140E-07
1.8547E-08	1.3760E-09	1.6450E-06	-4.9171E-07
8.8487E-09	4.1893E-08	-4.0870E-07	6.2851E-08
1.4701E-08	3.8723E-08	7.8289E-07	2.2180E-06
-3.2103E-08	2.6646E-08	1.7297E-06	6.7954E-07
8.3587E-09	4.5889E-08	4.9080E-07	1.1431E-06
5.5189E-08	5.6686E-08	1.1902E-06	1.4857E-06
-2.3991E-08	-5.1751E-09	7.8889E-07	1.8741E-06
3.1798E-08	7.2551E-09	2.2828E-06	1.8822E-06
1.5636E-08	4.9108E-08	8.5713E-07	6.2118E-07
8.4436E-08	7.4855E-09	9.3000E-07	3.0904E-06
1.9819E-08	-2.5015E-08	3.1343E-06	2.1008E-06
6.2562E-08	1.8140E-08	2.2223E-06	5.9632E-07
-2.2827E-08	-3.9717E-08	9.1104E-07	1.6735E-06
3.4767E-10	-5.9948E-08	3.1940E-06	2.3695E-06
5.6140E-08	-5.5300E-09	1.7600E-06	-6.2603E-07
-9.4401E-09	-2.8989E-08	2.4347E-07	2.9079E-06
-6.4018E-09	-8.2310E-09	3.2286E-06	2.0805E-06
-5.0737E-08	-5.8224E-08	2.1179E-06	1.7470E-06
4.6374E-09	-9.0972E-08	3.0657E-06	9.4444E-07
2.0673E-08	-9.4603E-08	1.0578E-06	1.4797E-06
5.3861E-08	-6.7611E-09	3.3105E-06	2.5172E-06
7.4007E-08	-8.6089E-09	3.0346E-06	5.4482E-07
5.0514E-08	3.3016E-09	2.1419E-06	8.7015E-07
-1.7693E-08	-4.2673E-08	2.3258E-06	1.7412E-06
3.4293E-08	-2.5370E-08	3.5668E-06	8.1729E-07
3.4234E-08	-7.3394E-08	2.3544E-06	1.5860E-07
-1.9281E-08	-6.4942E-08	2.4764E-06	-2.5401E-08
-2.1319E-08	-3.7848E-08	7.5882E-07	1.1681E-07
-2.5796E-08	-3.7321E-08	1.3438E-06	1.4912E-06
1.8560E-08	-5.5406E-08	1.2489E-06	1.6631E-06
1.7504E-08	-2.7077E-08	2.5353E-06	2.3954E-06
-7.7287E-09	5.4669E-08	3.0736E-06	1.2833E-06
9.6761E-09	2.3477E-08	3.0481E-06	7.7998E-07
-7.4009E-09	-4.5405E-08	2.9984E-06	8.7254E-08
9.4222E-09	-1.3861E-08	1.5673E-06	-1.5635E-06
1.1374E-08	-5.0353E-08	-1.5432E-06	1.3772E-06
-4.1071E-09	-4.3569E-08	2.2597E-06	3.8030E-06
-7.1248E-08	-2.7764E-08	3.0342E-06	1.4113E-06
-7.9859E-08	7.3462E-09	2.6996E-06	6.4702E-07
-1.7679E-08	-2.1616E-08	6.6953E-07	1.1776E-06
-2.6711E-08	2.0347E-08	3.0174E-06	3.1237E-06
4.4042E-08	4.5952E-08	3.3253E-06	6.4663E-07
5.2672E-08	6.2877E-08	2.9610E-06	1.0548E-06
2.4956E-08	6.2485E-08	2.5018E-06	-1.8282E-08
1.2974E-07	-1.0853E-08	2.0128E-06	7.6109E-07
5.7331E-08	-1.0072E-08	1.7898E-06	7.3256E-07
6.4372E-08	5.8398E-09	2.7058E-06	1.2447E-06
7.5788E-08	-1.9879E-08	1.7797E-06	-4.9198E-07
-2.4723E-08	-4.1635E-08	5.9944E-07	1.6763E-06
-1.2006E-08	-3.8736E-08	2.3470E-06	2.2741E-06
3.3279E-08	-1.9183E-08	3.4265E-06	1.3526E-06
2.0700E-08	1.9735E-08	2.5071E-06	1.0957E-07
-1.7693E-08	-2.8674E-08	2.6134E-06	8.7883E-07
-1.1704E-08	3.8773E-08	2.3137E-06	-7.6697E-07
1.1564E-08	1.5950E-08	3.9677E-07	1.7456E-07
5.5595E-09	2.4154E-08	6.2939E-07	1.9197E-06
1.2717E-09	-2.6076E-08	2.8316E-06	2.1690E-06
1.0961E-08	4.2028E-08	1.9108E-06	-1.4252E-07
2.1200E-08	1.5387E-08	8.8246E-07	2.2205E-06
1.4725E-08	-9.3828E-09	3.0375E-06	1.8138E-06
6.7026E-08	1.1382E-08	2.5776E-06	8.8590E-07
5.2691E-08	-1.7004E-08	2.1503E-06	9.1691E-07
4.4244E-08	-2.9957E-09	2.9438E-06	1.5058E-06
4.3067E-08	-4.1797E-08	3.3013E-06	-6.6359E-07
3.4059E-08	-5.9796E-08	9.1268E-07	-6.9302E-07
3.4042E-08	-4.6128E-08	4.6761E-07	8.2120E-07
3.3949E-08	-5.0512E-08	1.5110E-06	1.7927E-06
-1.1559E-08	-4.0426E-08	2.0428E-06	5.5245E-07
1.3758E-08	-3.8312E-08	9.7654E-07	8.3888E-07
6.1093E-10	-2.5514E-08	1.2148E-06	1.0864E-06
-5.4138E-08	-3.7829E-08	6.9173E-07	1.4335E-06
3.4344E-08	-7.0876E-08	1.0384E-06	2.4238E-06
4.6890E-08	-3.7146E-08	2.3175E-06	2.4518E-06
3.6664E-08	-7.0862E-09	2.2092E-06	1.4273E-06
5.3441E-08	-2.8306E-08	2.0819E-06	1.8320E-06
3.3722E-08	1.7626E-09	2.1770E-06	1.4347E-06
-8.7208E-08	3.7113E-08	2.2353E-06	1.5735E-06
-3.2806E-08	-2.0218E-08	1.5798E-06	1.3052E-06
-3.5729E-08	-7.6152E-08	2.4545E-06	2.7317E-06
-2.1802E-08	-1.1978E-09	2.9186E-06	7.4571E-07
-3.7911E-08	-2.5849E-08	1.8841E-06	2.2069E-06
-3.6734E-08	4.3491E-08	3.7503E-06	1.0356E-06
-6.8425E-08	2.8537E-08	1.8605E-06	6.7656E-07
-2.4582E-08	-1.5919E-08	2.7084E-06	1.2350E-06
1.7886E-08	5.0106E-08	2.1048E-06	7.5195E-07
-5.0763E-09	2.0189E-08	2.2596E-06	1.0116E-06
-3.1675E-08	-7.5318E-09	1.9374E-06	1.2435E-06
-7.2100E-09	2.7987E-08	2.8425E-06	1.1071E-06
3.7941E-08	3.0203E-10	1.9384E-06	4.3955E-07
-6.3109E-08	2.6562E-08	2.1387E-06	1.3377E-06
-3.4997E-08	-1.2647E-08	2.6774E-06	6.1304E-07
-7.3876E-09	-2.0759E-09	1.9156E-06	-4.7539E-08
1.3746E-08	6.2528E-10	9.9800E-07	6.3023E-07
-5.4606E-08	2.5279E-10	1.3698E-06	1.2364E-06
-9.4476E-09	8.8140E-10	1.5443E-06	1.6276E-06
-4.8407E-08	-3.1555E-08	2.7172E-06	1.0381E-06
3.4389E-08	-5.8353E-08	1.0878E-06	-1.4601E-07
-1.5663E-08	-9.6769E-09	8.3388E-07	1.8182E-06
-3.1536E-08	8.4595E-09	1.7921E-06	8.5680E-07
3.6999E-08	2.2136E-08	1.3277E-07	1.2926E-06
8.8917E-08	4.7119E-08	1.0321E-06	2.8847E-06
4.0559E-08	4.0621E-08	2.1284E-06	2.4889E-06
4.8281E-08	2.9209E-08	2.1224E-06	2.0221E-06
5.1615E-08	-1.8704E-09	2.5485E-06	2.1682E-06
1.4857E-08	2.2302E-08	2.3519E-06	6.9105E-07
-1.1954E-08	1.4542E-09	6.8320E-07	2.4089E-06
-4.7468E-08	-7.0932E-08	3.7089E-06	2.5764E-06
1.4344E-08	-5.1798E-08	1.8482E-06	4.2247E-07
-4.9588E-08	-3.8803E-08	2.0942E-06	2.4675E-06
-1.5870E-08	-1.0865E-08	2.1498E-06	1.3177E-06
2.2272E-09	-2.1718E-08	2.8584E-06	2.8125E-06
4.6491E-09	-3.8251E-08	3.3633E-06	-1.1479E-09
-5.5000E-08	-3.0925E-08	1.0696E-06	1.7032E-06
-1.4988E-08	1.4364E-08	3.5195E-06	1.4910E-06
3.2748E-08	8.2036E-09	1.6639E-06	6.8211E-08
-4.7346E-08	1.8648E-08	1.1782E-06	1.6319E-06
2.9047E-08	-3.2422E-08	1.8939E-06	2.1984E-06
-7.2085E-08	-4.9112E-09	2.6831E-06	1.6771E-06
-5.5593E-08	-3.6445E-08	1.9605E-06	1.2747E-06
-1.2129E-08	1.3835E-08	2.2048E-06	1.9915E-06
-1.1794E-08	-1.4302E-08	2.5312E-06	1.3462E-06
-2.7242E-08	-3.7336E-08	1.8645E-06	1.8157E-06
9.0890E-09	3.7044E-08	3.1716E-06	2.0842E-06
7.6559E-08	2.7043E-08	3.0433E-06	7.8923E-07
5.2992E-08	3.5354E-08	2.6965E-06	2.7920E-07
-1.9248E-08	-5.1714E-09	4.4118E-07	2.8481E-07
-1.0462E-08	-1.0268E-08	1.8115E-06	3.4567E-06
-1.4965E-08	2.5017E-08	3.4241E-06	5.7499E-07
-2.6748E-08	2.6876E-08	1.2533E-06	1.5219E-06
1.0651E-07	-4.8327E-09	2.7003E-06	1.2804E-06
4.9056E-08	9.7759E-09	1.3857E-06	1.7847E-06
2.7234E-08	2.2319E-08	3.4528E-06	1.4966E-06
6.2601E-08	2.9398E-11	9.9010E-07	3.1617E-07
7.9457E-08	5.0181E-08	1.8766E-06	3.0658E-06
1.2446E-07	1.2256E-08	3.2407E-06	1.3068E-06
1.2896E-08	-9.8453E-09	2.1121E-06	1.0649E-06
4.8714E-08	1.4776E-08	1.7888E-06	1.7127E-06
-4.0209E-09	2.2728E-08	3.3345E-06	2.4582E-06
4.0553E-09	1.5202E-08	3.4941E-06	-7.1861E-07
-5.1552E-08	4.2096E-08	-1.9350E-07	9.2969E-07
3.4365E-08	4.0054E-09	3.0633E-06	2.9443E-06
6.8046E-08	3.1713E-08	2.4663E-06	-3.7391E-08
-1.5373E-08	-1.8287E-08	1.3683E-06	1.6047E-06
3.9944E-08	1.4363E-08	1.7841E-06	1.4470E-06
6.6536E-08	-2.7023E-08	2.1932E-06	2.4628E-06
4.1375E-08	-3.7182E-09	3.0440E-06	1.2981E-06
3.1563E-08	-3.4339E-09	2.7915E-06	1.1461E-06
4.4664E-09	-2.0167E-08	2.0684E-06	-2.0649E-07
1.3519E-08	-2.8460E-08	5.7074E-07	1.5554E-06
1.0757E-08	-1.7388E-08	1.7146E-06	2.0378E-06
-6.2364E-08	-9.6333E-11	2.0859E-06	2.7976E-06
3.8161E-08	7.8834E-09	3.5164E-06	1.5280E-06
-2.1866E-08	-1.5937E-08	2.2397E-06	1.3069E-06
-3.4224E-08	3.1400E-08	3.0866E-06	1.4577E-06
4.5676E-08	-1.6728E-09	3.0236E-06	8.2851E-07
-3.4579E-08	1.5645E-10	2.5947E-06	-5.1667E-07
7.3841E-10	-2.2173E-08	1.9111E-07	7.8142E-07
2.8046E-08	-3.5968E-08	2.4975E-06	2.4861E-06
6.9790E-09	-2.0244E-08	2.8622E-06	2.8365E-08
-2.3846E-08	4.0422E-09	7.8690E-07	4.2920E-07
-2.9630E-08	-2.2154E-08	1.9032E-06	1.7530E-06
-1.6664E-10	-8.7558E-09	1.5126E-06	-3.1664E-07
7.1046E-09	-1.7162E-08	-4.2984E-07	2.1251E-06
-3.9841E-08	5.0340E-10	2.2313E-06	2.3256E-06
-5.6883E-08	2.3485E-08	1.0281E-06	1.8996E-06
-2.3618E-08	4.9702E-08	2.9155E-06	2.3609E-06
-3.3230E-08	1.4753E-08	1.5291E-06	3.1535E-07
-4.1776E-08	4.8583E-09	7.1969E-07	2.5601E-06
2.7121E-08	1.5371E-08	2.7434E-06	2.6915E-06
7.6224E-08	1.0771E-08	2.9074E-06	6.6307E-07
7.9438E-10	2.0143E-08	4.5715E-07	8.6539E-07
-7.5417E-09	2.0763E-08	1.5650E-06	3.1835E-06
-2.6024E-08	-7.3891E-09	2.7602E-06	1.4517E-06
4.6269E-08	3.0607E-08	1.0934E-06	1.9807E-06
1.2402E-08	3.5808E-08	3.4159E-06	3.0019E-06
-2.1205E-08	3.8211E-08	3.4218E-06	-4.1572E-07
-4.0084E-08	3.3442E-08	3.8587E-07	2.7457E-07
-2.1216E-09	2.9445E-08	6.5150E-07	1.9857E-06
-1.3090E-08	-1.9008E-08	1.8081E-06	2.6530E-06
8.8134E-09	5.0520E-08	2.2494E-06	8.6721E-07
-3.1206E-08	8.9714E-09	3.4915E-07	1.7305E-06
1.2101E-08	1.1584E-08	1.2277E-06	2.3344E-06
6.8449E-09	-2.9461E-08	9.4209E-07	3.7164E-06
2.1791E-08	-3.3169E-08	4.2036E-06	2.8002E-06
-3.7674E-08	3.0001E-08	1.5701E-06	9.1177E-07
4.4080E-08	-3.6316E-08	3.2045E-06	3.0008E-06
-3.2599E-08	2.4265E-08	2.6165E-06	-7.0975E-07
2.4028E-08	-6.3631E-09	-2.5853E-07	1.9959E-06
4.3355E-08	-1.9143E-08	2.5438E-06	2.7371E-06
8.3885E-09	4.2368E-09	1.6340E-06	9.2442E-07
3.2984E-08	3.2431E-08	7.9147E-07	2.6989E-06
4.6806E-08	2.6096E-09	2.9042E-06	2.7068E-06
1.6639E-08	5.6233E-09	2.3614E-06	5.6835E-07
-5.0146E-08	-2.2208E-08	9.6893E-08	9.6818E-07
7.7345E-09	3.4678E-08	-4.0398E-08	3.5170E-06
-1.7419E-08	1.8214E-08	2.1771E-06	3.8768E-06
-2.0545E-09	-2.2615E-08	2.5685E-06	2.9053E-06
4.4549E-08	1.0309E-09	2.5157E-06	2.1293E-06
7.6269E-08	-1.9895E-08	1.3967E-06	2.6425E-06
2.0841E-08	-3.6184E-08	2.6240E-06	3.3139E-06
-1.1966E-09	-1.4097E-08	2.6066E-06	2.8623E-06
4.1115E-08	-2.6341E-08	3.8868E-06	2.5789E-06
5.3316E-08	1.6677E-08	2.5283E-06	6.9170E-07
-2.7573E-08	-3.2534E-10	1.5145E-06	2.4495E-06
3.8573E-08	-2.0762E-08	2.6564E-06	2.8508E-06
2.1881E-08	-3.1154E-08	3.6105E-06	2.1574E-06
-4.0753E-08	3.7440E-08	2.5987E-06	6.3007E-07
-1.3009E-08	6.5465E-09	1.5528E-06	1.8984E-06
2.1048E-08	1.8926E-08	2.3611E-06	1.9212E-06
1.6471E-08	-1.6626E-09	1.7601E-06	1.8443E-06
-3.7794E-08	-3.8106E-08	2.2035E-06	2.4703E-06
1.0050E-07	-2.9252E-08	2.3084E-06	1.6726E-06
5.6268E-08	2.2806E-08	1.6234E-06	2.5693E-06
5.3045E-08	-7.5794E-09	3.1685E-06	2.0845E-06
3.9405E-08	-1.8719E-08	1.0601E-06	1.4210E-06
6.7677E-08	-3.3233E-08	2.4726E-06	3.8578E-06
1.0064E-07	-7.1314E-08	3.4036E-06	1.1640E-06
4.8975E-08	7.0812E-09	1.3554E-06	1.8348E-06
8.7096E-09	4.6929E-08	1.9363E-06	2.5689E-06
7.1675E-08	-1.5499E-08	2.4775E-06	3.3376E-06
5.2873E-08	9.3517E-09	4.1673E-06	1.9451E-06
2.3255E-08	-5.8428E-09	2.2991E-06	3.6234E-07
1.5744E-08	3.3475E-08	1.1746E-06	1.7541E-06
-2.6379E-08	3.4745E-09	1.8354E-06	2.4421E-06
9.5765E-08	-5.5536E-08	1.7748E-06	2.2313E-06
-2.3400E-08	1.6253E-08	1.9814E-06	3.2368E-06
1.5903E-08	3.2838E-09	3.2172E-06	2.6217E-06
2.1693E-08	2.0219E-08	2.9759E-06	2.2602E-06
-2.3233E-08	1.3165E-08	3.5824E-06	9.1414E-07
-3.1427E-08	1.5805E-08	5.0551E-07	4.8513E-07
4.4066E-08	-3.6751E-08	1.1806E-06	3.7795E-06
1.4095E-08	-7.6412E-09	2.9887E-06	2.4190E-06
3.7515E-08	-1.4552E-08	1.8632E-06	2.2754E-06
7.9240E-08	-5.0082E-08	2.4219E-06	3.2081E-06
1.2846E-08	5.8571E-08	3.8590E-06	2.3021E-06
1.6915E-08	-1.4452E-08	2.1013E-06	6.0571E-07
3.3969E-08	-4.1209E-09	1.3844E-06	2.9873E-06
-5.8801E-08	-2.1275E-09	2.9580E-06	2.3981E-06
-8.4549E-09	-3.6005E-08	2.3472E-06	2.3371E-06
-1.1770E-09	6.5540E-08	2.4537E-06	2.1131E-06
2.7455E-08	6.1938E-08	2.5539E-06	3.4696E-06
-3.2138E-08	2.6632E-08	4.9753E-06	1.5935E-06
9.6181E-09	-5.1190E-09	2.0096E-06	-2.1388E-07
3.0947E-08	-4.2030E-09	1.3056E-06	1.8940E-06
-1.2742E-11	-6.3858E-08	2.1396E-06	2.4314E-06
2.9964E-08	-2.2748E-08	2.9742E-06	1.5472E-06
2.1198E-08	2.4140E-08	1.3332E-06	9.4924E-07
2.9141E-08	2.2806E-08	1.1454E-06	2.6558E-06
-7.0806E-08	4.7130E-08	2.4299E-06	2.9534E-06
-1.3855E-08	2.1891E-09	2.8792E-06	1.8609E-06
2.0356E-08	2.2173E-08	2.4090E-06	1.6894E-06
6.8963E-08	2.5134E-09	2.0347E-06	5.2320E-07
5.5351E-08	-1.6038E-08	-2.2163E-07	2.2077E-06
2.8291E-08	1.8072E-08	2.3891E-06	3.2893E-06
5.5533E-08	4.4674E-09	1.3844E-06	1.7376E-06
-4.4598E-08	-9.4632E-09	1.6677E-06	2.8471E-06
-4.7953E-08	3.6294E-08	8.7936E-07	2.4727E-06
-2.3282E-08	2.8185E-08	2.1033E-06	4.2622E-06
3.3362E-08	1.0946E-08	2.6774E-06	2.2376E-06
1.4106E-08	-9.5451E-10	1.6520E-06	3.0923E-06
9.8558E-09	3.7610E-08	2.2731E-06	3.0376E-06
-1.9548E-08	1.0587E-08	2.4466E-06	3.4260E-06
1.5201E-08	1.6950E-08	2.9689E-06	2.5976E-06
4.5697E-09	-2.1234E-08	2.3116E-06	2.6669E-06
5.7460E-08	-3.1960E-08	2.6042E-06	2.6022E-06
-3.3297E-10	-5.6276E-09	2.1085E-06	2.5753E-06
4.9487E-08	1.5207E-08	2.3159E-06	3.1296E-06
-4.2562E-08	4.2443E-09	2.6950E-06	2.7100E-06
-2.0865E-08	4.1127E-08	1.9048E-06	2.9637E-06
-3.0975E-09	2.5905E-08	3.0650E-06	3.9056E-06
1.8669E-08	-2.0855E-08	3.5944E-06	2.3872E-06
3.8119E-08	-9.4974E-10	2.4836E-06	2.4819E-06
1.4678E-08	1.5994E-08	2.9786E-06	3.2214E-06
1.2736E-08	2.8057E-08	3.7766E-06	2.4823E-06
1.4790E-08	3.9433E-08	2.9562E-06	1.9297E-06
-2.6063E-08	7.4581E-09	3.4145E-06	2.2543E-06
2.7132E-08	-4.5679E-10	2.7284E-06	8.4613E-07
1.1399E-08	-5.8202E-09	1.2999E-06	2.0804E-06
-3.0982E-08	6.7514E-08	1.9242E-06	3.0538E-06
3.8405E-08	1.7106E-09	2.9233E-06	3.5325E-06
2.5140E-08	-2.3164E-08	3.7526E-06	2.1326E-06
1.0231E-08	1.1195E-07	2.5826E-06	2.0050E-06
6.7952E-09	1.0830E-08	3.2650E-06	1.8763E-06
4.6673E-08	-4.2720E-08	1.5912E-06	1.4508E-06
2.7905E-08	1.1410E-09	2.6994E-06	3.5775E-06
6.7807E-08	-4.9457E-08	3.6591E-06	8.5932E-07
5.7900E-08	1.5490E-08	8.9062E-07	1.6421E-06
3.9351E-08	1.6080E-08	2.1833E-06	2.7554E-06
5.9648E-08	-4.4906E-08	1.7791E-06	2.7007E-06
1.7586E-08	3.6797E-08	3.0988E-06	2.9366E-06
5.4404E-08	-3.8846E-08	2.4485E-06	1.7849E-06
4.3351E-08	-7.1620E-09	2.3408E-06	1.9948E-06
6.7367E-08	5.6174E-09	9.5409E-07	2.2039E-06
3.5172E-08	-1.7091E-08	2.5986E-06	3.9942E-06
3.3040E-08	-2.9810E-09	2.6553E-06	1.6834E-06
-4.4813E-09	3.5856E-09	1.7094E-06	3.4273E-06
-3.6452E-08	-1.0272E-08	3.1115E-06	2.4880E-06
-1.1621E-08	1.4692E-08	1.9306E-06	2.9890E-06
-4.1025E-08	6.5212E-09	3.6622E-06	2.7411E-06
4.5438E-08	3.3098E-08	2.0019E-06	1.4004E-06
1.9489E-08	1.4696E-08	1.7959E-06	3.3701E-06
8.4155E-08	7.3100E-09	3.2535E-06	2.7626E-06
8.4950E-08	-5.8714E-08	2.4583E-06	1.9742E-06
-5.2985E-08	6.7666E-08	2.1191E-06	2.4618E-06
-6.3627E-08	1.0905E-08	2.1258E-06	2.7804E-06
7.6163E-08	2.7320E-08	2.8445E-06	2.9000E-06
8.1743E-08	4.1340E-08	2.4167E-06	1.7987E-06
1.0371E-08	-1.0423E-08	1.5043E-06	3.0941E-06
4.6614E-08	5.3103E-08	3.2480E-06	3.2103E-06
-3.0380E-08	2.7850E-08	2.5808E-06	1.8126E-06
-1.2699E-08	3.5830E-08	1.9426E-06	2.5511E-06
-3.4961E-08	1.4826E-08	2.0735E-06	2.8323E-06
5.0265E-08	-5.0996E-09	2.7356E-06	3.0618E-06
1.0949E-09	-2.1468E-08	2.3769E-06	2.0939E-06
1.4672E-08	2.1364E-08	2.2552E-06	3.1263E-06
-4.3888E-09	6.0066E-08	2.3746E-06	1.8138E-06
-2.8103E-08	1.9710E-08	1.1602E-06	4.0134E-06
2.8920E-10	-3.7727E-09	4.4181E-06	2.9469E-06
-2.5082E-08	-3.5212E-09	1.4596E-06	1.6539E-06
3.0683E-08	-4.1107E-09	3.0941E-06	3.4272E-06
4.2061E-09	2.0456E-08	1.8416E-06	1.2888E-06
2.8110E-08	2.2949E-08	1.5613E-06	3.6904E-06
2.8126E-08	3.9370E-08	2.2773E-06	3.0492E-06
4.1087E-08	-3.7215E-09	3.1936E-06	3.9521E-06
7.7570E-08	7.8262E-09	3.4909E-06	1.2806E-06
2.8648E-08	-3.2189E-09	1.2164E-06	2.2742E-06
-1.8888E-08	2.0001E-08	1.8575E-06	2.9077E-06
4.0187E-08	-5.1449E-09	1.8350E-06	3.8414E-06
2.3354E-08	-2.0962E-08	3.5279E-06	3.3130E-06
-6.5366E-09	-1.1274E-08	2.6238E-06	2.2988E-06
1.1991E-08	2.5306E-08	2.7804E-06	2.8294E-06
-3.1439E-08	-1.4759E-08	2.6967E-06	1.8096E-06
-2.7048E-08	-4.5848E-08	1.4206E-06	2.4070E-06
-9.0952E-10	-5.2868E-08	2.2902E-06	3.1566E-06
-1.1020E-08	9.1968E-09	2.2307E-06	2.7068E-06
-4.8342E-08	4.7942E-09	2.9218E-06	2.7202E-06
7.5557E-08	-2.9264E-08	1.9538E-06	1.1625E-06
-1.5495E-08	2.2432E-08	6.0667E-07	2.5208E-06
-9.4046E-09	1.4400E-08	8.8270E-07	3.1305E-06
4.8017E-08	-1.2087E-08	1.1507E-06	4.1174E-06
-2.2662E-08	-1.0868E-08	2.0923E-06	3.8156E-06
-1.3691E-08	2.2378E-08	1.7818E-06	3.7263E-06
-3.7673E-08	3.3121E-08	2.0781E-06	4.1123E-06
4.2623E-08	-4.7205E-08	2.5060E-06	3.8428E-06
-1.7475E-08	-9.0382E-09	2.0063E-06	4.1157E-06
-4.9648E-09	1.6778E-08	3.6167E-06	4.8103E-06
5.5310E-08	-1.1573E-08	4.0707E-06	2.7536E-06
2.3371E-08	-2.0332E-08	3.2284E-06	2.2446E-06
-2.1105E-08	2.2363E-08	1.9340E-06	1.6909E-06
3.0763E-08	1.6301E-08	1.2687E-06	3.2347E-06
1.4635E-08	-5.0144E-08	1.6439E-06	3.5997E-06
-1.6593E-08	-4.8189E-08	2.5786E-06	4.1366E-06
6.7983E-08	4.5596E-08	1.9887E-06	2.8500E-06
-2.5485E-08	-1.1076E-08	2.1842E-06	5.0175E-06
3.0831E-08	-2.8942E-08	3.4777E-06	2.8967E-06
-1.3790E-08	1.1836E-08	1.7980E-06	4.2688E-06
5.7096E-08	1.6435E-08	4.0829E-06	3.6734E-06
-2.2151E-08	-1.4069E-08	2.8687E-06	3.0555E-06
3.6571E-08	-1.0331E-08	3.3972E-06	2.3520E-06
4.3584E-08	6.0152E-08	1.5126E-06	2.9250E-06
-3.8252E-09	4.7018E-10	2.9482E-06	3.1754E-06
-5.2366E-08	7.8927E-08	1.3001E-06	3.4330E-06
1.2838E-08	4.6364E-08	3.8831E-06	4.2564E-06
2.0465E-08	-8.9344E-09	2.5145E-06	1.8130E-06
-2.2237E-08	6.1345E-08	2.0742E-06	3.4771E-06
4.1850E-08	-1.0990E-08	2.2210E-06	2.9869E-06
1.7853E-08	-4.7344E-08	2.2521E-06	3.3587E-06
3.4389E-08	-6.7127E-09	1.5416E-06	3.6973E-06
-2.6252E-08	4.2256E-08	3.7897E-06	4.6991E-06
1.0245E-09	1.3702E-09	3.2084E-06	1.4192E-06
-1.1991E-08	4.4918E-08	1.4576E-06	3.3238E-06
3.5635E-08	-2.9636E-08	2.5298E-06	2.6957E-06
-4.6175E-08	4.6118E-08	1.2798E-06	3.3602E-06
2.3847E-08	-2.6718E-08	2.2892E-06	3.4556E-06
9.0617E-09	9.7783E-09	1.4536E-06	3.5194E-06
-4.8290E-08	4.2848E-08	2.2994E-06	4.0788E-06
-4.1923E-08	4.4446E-08	2.2493E-06	3.3509E-06
-7.2003E-09	-2.3315E-08	1.5370E-06	3.4948E-06
-2.7815E-08	8.0857E-08	1.6693E-06	4.8709E-06
-4.3603E-08	-2.7795E-08	3.5353E-06	4.2189E-06
-1.2777E-08	5.4088E-08	2.2816E-06	2.9666E-06
1.4546E-08	3.2712E-08	2.3279E-06	3.8199E-06
7.3956E-09	2.6244E-08	1.5758E-06	3.1339E-06
-3.5787E-08	5.6138E-08	1.6784E-06	5.4932E-06
6.3932E-08	2.7413E-08	4.1604E-06	3.8181E-06
-3.5339E-08	3.6707E-08	1.6520E-06	2.9561E-06
-6.3716E-08	4.9966E-09	2.8658E-06	4.5885E-06
-3.1382E-09	5.6301E-08	2.5724E-06	2.4676E-06
-4.1204E-08	-2.2654E-08	1.1179E-06	3.9834E-06
-2.9353E-08	2.8276E-08	2.1915E-06	4.3255E-06
-4.5410E-08	5.2223E-08	2.3220E-06	4.4219E-06
-5.7603E-08	-2.2839E-08	2.6784E-06	3.5310E-06
3.0989E-08	1.2932E-08	1.1581E-06	4.0984E-06
2.1994E-09	-1.7484E-08	2.5279E-06	5.3963E-06
3.4150E-09	6.2540E-08	3.3563E-06	4.3732E-06
-3.0378E-08	5.6359E-08	3.2408E-06	3.2689E-06
1.2991E-08	6.1547E-08	1.2177E-06	3.2284E-06
1.1902E-08	3.5993E-08	2.0827E-06	5.6806E-06
-7.0543E-08	5.1978E-08	3.7996E-06	3.8302E-06
7.4474E-09	-4.4029E-08	1.8872E-06	3.3681E-06
-2.1193E-08	3.4941E-08	2.0480E-06	4.4843E-06
7.5354E-08	-8.9714E-09	2.3975E-06	4.6909E-06
4.9028E-08	1.7654E-08	3.2721E-06	4.4359E-06
5.9345E-08	1.0787E-08	2.7060E-06	3.4680E-06
4.9731E-08	6.0707E-08	2.3349E-06	3.9900E-06
3.1377E-08	-6.6717E-09	2.2348E-06	3.8336E-06
-4.4375E-08	8.8861E-09	2.4010E-06	4.4074E-06
-1.2433E-08	1.9338E-08	2.5037E-06	3.2524E-06
4.5710E-08	-3.2278E-08	7.3167E-07	4.2683E-06
-9.1639E-09	2.7337E-08	2.2841E-06	5.6518E-06
1.5161E-08	1.5377E-08	2.8198E-06	4.8973E-06
-2.5340E-08	2.2516E-08	3.6418E-06	4.7922E-06
8.7886E-09	2.4177E-08	3.5664E-06	2.7409E-06
-7.6354E-09	6.8813E-09	1.1912E-06	2.5430E-06
2.6336E-08	5.2573E-08	4.3238E-07	4.5097E-06
-2.2388E-09	2.6896E-08	1.6502E-06	5.4217E-06
3.5010E-08	1.5488E-08	2.0165E-06	4.9472E-06
1.8191E-08	4.0407E-08	2.0292E-06	5.1440E-06
-6.0908E-08	1.3139E-08	1.9616E-06	4.9047E-06
4.5236E-09	9.9355E-09	1.6212E-06	6.1299E-06
-4.2732E-08	3.7168E-08	4.1369E-06	6.2893E-06
-1.7409E-08	3.1092E-08	3.5103E-06	3.3914E-06
-4.3433E-09	4.3070E-08	1.7153E-06	5.0710E-06
-2.8277E-08	9.2834E-09	3.6676E-06	4.8874E-06
2.9129E-08	2.3420E-08	2.2007E-06	3.8240E-06
-9.1771E-08	6.1636E-09	2.0725E-06	4.9551E-06
2.7543E-08	2.4370E-08	2.1534E-06	5.3214E-06
-5.8254E-09	3.0395E-08	3.4642E-06	5.4689E-06
-8.2052E-09	8.9283E-09	2.9674E-06	4.0062E-06
1.8821E-08	-5.8682E-09	2.4056E-06	4.7293E-06
-2.1684E-08	1.4843E-08	2.4773E-06	4.7436E-06
7.2327E-09	-2.1761E-08	3.2852E-06	5.1022E-06
-3.3540E-08	4.9111E-08	2.9718E-06	3.0414E-06
2.8771E-08	-1.9361E-08	7.1493E-07	4.4622E-06
1.7754E-08	1.7303E-08	2.5252E-06	5.7003E-06
-9.2127E-09	6.3688E-08	2.7696E-06	4.3291E-06
6.8386E-09	2.8203E-08	1.9010E-06	4.0749E-06
8.9332E-09	3.5109E-08	9.8775E-07	4.9267E-06
4.0635E-08	-3.3148E-08	2.2357E-06	6.1248E-06
-2.8918E-08	2.5133E-08	3.0355E-06	4.4711E-06
5.9781E-09	7.8177E-09	1.2857E-06	4.0024E-06
-6.5144E-08	8.0944E-10	4.8294E-07	5.6813E-06
-2.3142E-08	-5.1853E-08	2.3436E-06	6.7516E-06
-1.0201E-08	-5.9316E-10	2.4146E-06	4.7061E-06
-4.5089E-08	4.5990E-08	1.2360E-06	6.4379E-06
5.7208E-08	-2.0651E-08	3.3640E-06	5.5583E-06
1.4525E-08	1.4744E-08	1.0862E-06	5.5123E-06
-1.1535E-08	-1.4251E-08	3.6023E-06	6.8795E-06
2.5984E-08	-1.5753E-08	2.9799E-06	4.0610E-06
-7.2928E-09	9.7740E-09	2.0401E-06	5.1932E-06
-4.8031E-08	8.6651E-09	2.2283E-06	4.5115E-06
8.2150E-09	3.6133E-08	1.3510E-06	4.2704E-06
1.9254E-08	2.9859E-08	-5.3551E-07	5.1293E-06
3.1570E-08	3.0326E-08	1.0006E-06	7.7824E-06
-1.3250E-08	4.5359E-08	2.0927E-06	5.8301E-06
-1.6631E-09	-2.1278E-08	7.8697E-07	6.5957E-06
-4.1993E-08	3.3791E-09	1.5747E-06	7.1759E-06
2.8459E-08	8.5652E-09	2.3325E-06	7.1164E-06
-1.0868E-09	4.7387E-08	1.7823E-06	6.1572E-06
-6.2191E-08	-1.9520E-08	1.7396E-06	7.7028E-06
-5.2403E-08	5.3505E-09	2.8725E-06	6.5918E-06
-2.3544E-08	2.3875E-08	2.0626E-06	6.7738E-06
-2.9317E-08	2.8697E-08	2.2770E-06	6.1399E-06
-2.6569E-08	-5.0200E-08	1.0608E-06	7.4148E-06
-2.0915E-08	3.1455E-08	3.3810E-06	7.5711E-06
1.2858E-08	-4.1312E-08	2.1694E-06	5.7655E-06
-4.3163E-09	1.8281E-08	1.6600E-06	7.2771E-06
-5.0024E-09	-2.7416E-08	2.4525E-06	6.5791E-06
-1.4046E-08	-1.1514E-08	8.2791E-07	6.8164E-06
1.4838E-08	-6.4225E-08	1.8723E-06	8.6689E-06
-7.0951E-09	5.9517E-08	2.9130E-06	7.6027E-06
-2.4706E-08	3.5995E-08	2.9092E-06	7.5006E-06
-3.1806E-08	-3.4183E-08	2.6313E-06	6.2473E-06
-1.6241E-08	-1.2957E-08	1.4076E-06	7.3259E-06
-2.2932E-08	-9.5204E-09	2.3227E-06	7.2344E-06
5.8242E-08	1.8023E-08	1.4393E-06	7.5068E-06
-5.3633E-08	-2.6144E-08	2.3206E-06	7.4943E-06
-5.7542E-08	4.9642E-08	9.0405E-07	7.2075E-06
2.2260E-08	-3.0941E-11	1.1294E-06	8.7296E-06
-2.9628E-08	5.8198E-09	1.5830E-06	9.1226E-06
-6.0058E-08	4.6538E-08	3.0211E-06	9.2295E-06
-1.1602E-09	-1.8384E-08	2.4436E-06	7.5537E-06
4.7493E-08	2.1471E-08	1.5460E-06	8.9886E-06
-6.9610E-08	3.1928E-08	2.8425E-06	8.7631E-06
-4.4652E-09	2.2304E-08	1.9032E-06	8.3282E-06
2.5486E-08	2.4278E-08	1.9503E-06	9.1167E-06
2.8001E-08	2.6462E-08	1.9005E-06	9.3804E-06
-3.6586E-08	2.3658E-08	2.6657E-06	1.0137E-05
-1.7227E-08	2.4606E-08	3.4494E-06	9.2976E-06
-6.4274E-10	1.9042E-08	2.7938E-06	8.8096E-06
9.2891E-09	3.1815E-08	2.5478E-06	9.5898E-06
1.5534E-08	5.3371E-09	3.7785E-06	9.2503E-06
-2.3631E-08	-5.7018E-08	2.3283E-06	7.8935E-06
7.1019E-09	-4.5276E-08	1.5504E-06	1.0073E-05
-3.3775E-08	4.6802E-08	3.4366E-06	1.0074E-05
-2.6344E-08	2.1930E-08	3.1339E-06	8.6122E-06
2.4112E-09	-7.3024E-12	1.3373E-06	8.8784E-06
-2.7039E-08	-4.4617E-08	1.7495E-06	1.0877E-05
8.0977E-10	-2.1371E-08	2.7072E-06	1.0341E-05
-9.1050E-09	-7.7852E-08	2.7373E-06	1.0685E-05
2.6140E-08	-1.7843E-08	3.0219E-06	9.6511E-06
-5.0163E-09	2.3189E-08	1.6711E-06	1.0143E-05
2.2689E-08	7.1744E-09	1.8160E-06	1.0919E-05
-2.2161E-08	-3.4511E-08	2.2913E-06	1.1896E-05
-4.7095E-08	-8.0169E-09	3.1361E-06	1.0969E-05
-1.4392E-08	-1.8992E-08	2.3200E-06	1.1530E-05
-4.7726E-08	7.8714E-09	3.3866E-06	1.0789E-05
-9.1582E-09	4.4123E-10	1.2219E-06	1.0726E-05
-6.3703E-09	2.5346E-08	1.7845E-06	1.2276E-05
-1.0879E-08	-3.2461E-08	1.6920E-06	1.2360E-05
2.6356E-08	-2.1701E-08	2.0779E-06	1.2531E-05
3.0335E-08	-5.3000E-08	8.1630E-07	1.3226E-05
2.6084E-08	2.7577E-08	2.4792E-06	1.4741E-05
3.9335E-08	-4.6154E-08	2.3490E-06	1.3644E-05
1.9970E-08	1.0757E-08	2.3292E-06	1.4639E-05
1.6279E-08	3.7024E-08	1.8479E-06	1.4717E-05
1.3578E-08	2.8958E-08	2.9354E-06	1.6618E-05
3.6279E-08	-1.4696E-08	3.8446E-06	1.4835E-05
2.3295E-09	-1.4692E-08	2.2311E-06	1.5486E-05
-3.9853E-08	5.1791E-08	2.0260E-06	1.6253E-05
-5.4710E-08	5.4321E-08	1.7914E-06	1.8699E-05
-4.3893E-08	-8.1626E-08	4.4920E-06	1.9014E-05
3.6000E-08	-1.2301E-08	3.3317E-06	1.8152E-05
-2.0104E-08	3.9847E-08	3.5400E-06	2.0936E-05
-3.8095E-08	4.4491E-09	6.0023E-06	2.0902E-05
-3.8239E-08	2.9011E-09	5.0758E-06	2.0196E-05
4.4073E-08	-1.0112E-08	5.0158E-06	2.2916E-05
-1.1978E-08	2.8922E-08	7.1675E-06	2.3772E-05
-2.5636E-08	1.3356E-08	7.9133E-06	2.4692E-05
-1.9133E-08	2.5629E-08	9.7260E-06	2.5328E-05
-4.6011E-08	-1.3930E-08	1.0177E-05	2.6825E-05
-1.6051E-08	5.9045E-08	1.4111E-05	2.8765E-05
-5.7698E-08	-2.1026E-08	1.6664E-05	2.7934E-05
-5.9336E-09	1.4736E-08	2.0664E-05	2.8815E-05
-2.3252E-08	9.5257E-09	2.4599E-05	2.5297E-05
-1.6028E-08	4.9078E-09	2.6146E-05	2.3779E-05
-2.0532E-08	-1.2007E-08	2.9919E-05	2.0100E-05
-2.1753E-08	2.8569E-08	2.9696E-05	1.5209E-05
-4.8004E-09	5.4103E-09	2.8955E-05	1.2349E-05
-4.5479E-10	2.0188E-08	2.8187E-05	9.8265E-06
-3.5833E-08	-1.2872E-08	2.7186E-05	7.0548E-06
-3.0221E-08	9.4212E-08	2.5355E-05	5.2602E-06
1.6840E-08	-3.3126E-08	2.4045E-05	2.8358E-06
4.1882E-08	-5.9376E-09	2.0131E-05	1.6513E-06
1.8873E-08	3.3017E-09	1.8747E-05	2.5970E-06
9.3366E-09	-2.6528E-08	1.6846E-05	1.2275E-06
-7.1443E-09	-4.0955E-08	1.3097E-05	2.3146E-06
2.6737E-08	1.7583E-08	1.1915E-05	5.7088E-06
-1.2077E-08	-2.3612E-08	1.3090E-05	6.8253E-06
2.0275E-09	-7.7589E-10	1.2097E-05	7.8389E-06
-2.1066E-08	1.2616E-08	1.4431E-05	9.6288E-06
3.3831E-08	2.0192E-08	1.4430E-05	6.9254E-06
-2.7588E-08	2.7761E-08	1.2308E-05	9.0389E-06
1.4725E-08	1.1069E-09	1.4657E-05	9.9644E-06
3.9697E-08	-4.4633E-09	1.4642E-05	8.5861E-06
-1.4191E-08	2.7923E-08	1.3648E-05	8.4268E-06
-2.2927E-08	-2.9612E-08	1.2154E-05	9.6362E-06
3.2319E-08	2.0361E-08	1.2965E-05	1.2478E-05
2.1384E-08	1.3636E-08	1.5568E-05	1.2515E-05
7.2422E-09	-1.9725E-09	1.5495E-05	1.1965E-05
-4.9928E-08	-6.3979E-09	1.6758E-05	1.3052E-05
1.2774E-08	-1.0550E-08	1.7938E-05	1.2475E-05
-9.3244E-09	3.4863E-09	1.9911E-05	1.2607E-05
-3.3564E-08	1.8394E-08	2.0672E-05	9.4330E-06
9.1489E-09	-1.0380E-08	1.9415E-05	1.0122E-05
-4.4045E-10	-2.5265E-09	2.1922E-05	8.4040E-06
4.0046E-09	4.6310E-09	1.9394E-05	5.8340E-06
3.4396E-08	-2.5640E-08	1.7743E-05	6.5341E-06
3.5022E-08	5.8257E-08	1.6142E-05	8.1831E-06
5.8596E-08	-3.5120E-08	1.8174E-05	1.0963E-05
3.0871E-08	-2.6453E-08	2.1315E-05	1.0060E-05
3.7549E-08	3.1869E-08	2.2594E-05	6.8486E-06
2.4196E-08	3.1286E-08	1.9984E-05	4.7243E-06
-3.0005E-08	-4.5172E-08	1.8931E-05	5.9642E-06
-1.4515E-08	1.5189E-08	1.9146E-05	5.6799E-06
-3.9521E-08	4.1965E-09	1.7984E-05	5.1367E-06
-7.7605E-09	-3.7634E-08	1.6372E-05	7.4868E-06
-4.3380E-08	-1.4655E-08	1.9820E-05	9.4823E-06
-3.6318E-08	-4.5848E-08	2.1157E-05	6.6559E-06
3.0029E-08	-1.7653E-08	2.0383E-05	6.1366E-06
-2.2179E-08	-3.3230E-08	2.0133E-05	5.8126E-06
3.8012E-08	9.3824E-09	2.0376E-05	6.2688E-06
2.6233E-08	3.9680E-08	2.1309E-05	5.8000E-06
-1.8064E-08	1.6543E-08	2.2040E-05	4.2241E-06
-1.3251E-08	-3.4633E-08	2.0081E-05	2.4775E-06
-2.8409E-08	-3.9286E-08	1.8755E-05	4.1806E-06
-3.6594E-08	2.0280E-08	2.0107E-05	4.7701E-06
-4.3486E-08	-1.2188E-08	2.0684E-05	3.0581E-06
-1.8547E-08	1.1481E-08	1.8536E-05	2.5638E-06
-1.1192E-08	2.7162E-08	1.8632E-05	3.6284E-06
-5.2785E-08	2.5103E-08	1.7269E-05	3.6665E-06
1.4844E-08	-5.4771E-09	1.8536E-05	6.3510E-06
-2.6519E-08	1.6593E-08	2.0104E-05	4.5810E-06
-2.5544E-08	1.1341E-08	1.9610E-05	4.6044E-06
1.4722E-09	-8.8082E-09	1.9388E-05	3.6015E-06
3.5076E-08	7.0452E-09	1.8076E-05	5.0168E-06
8.6304E-09	4.2133E-08	1.9269E-05	6.2391E-06
-2.5992E-08	1.4287E-08	2.0588E-05	6.4370E-06
7.2133E-09	3.6426E-08	2.1137E-05	6.0338E-06
-2.8431E-09	4.3528E-08	2.2782E-05	6.2190E-06
1.3693E-08	2.6809E-08	2.2582E-05	3.7738E-06
3.2109E-09	1.1230E-09	2.1652E-05	5.6190E-06
3.0500E-08	3.1106E-09	2.3653E-05	5.1575E-06
-2.9126E-08	3.3563E-09	2.3607E-05	5.3663E-06
-1.9219E-08	-1.7374E-08	2.5203E-05	5.3111E-06
-1.7125E-08	1.9592E-08	2.6750E-05	5.6036E-06
-3.2186E-08	1.6658E-08	2.9670E-05	3.9654E-06
-5.6155E-08	5.4374E-08	3.1955E-05	1.7116E-06
-5.9428E-12	-4.5480E-08	3.3209E-05	-4.2712E-06
-2.0366E-08	-5.2447E-09	2.9545E-05	-7.6069E-06
1.5335E-08	-3.5982E-09	2.7725E-05	-1.0172E-05
-1.6986E-08	-2.8688E-08	2.2924E-05	-1.1222E-05
-9.4097E-09	-3.4150E-08	2.0701E-05	-1.0552E-05
-1.9305E-08	-1.7947E-08	1.7083E-05	-9.1813E-06
-1.6348E-08	2.4030E-08	1.7374E-05	-6.5767E-06
3.6887E-08	2.7957E-08	1.5835E-05	-6.9527E-06
-3.1036E-08	8.2153E-09	1.4526E-05	-3.3781E-06
9.0032E-09	1.5592E-08	1.6771E-05	-1.8368E-06
-3.4626E-08	6.4114E-09	1.6826E-05	-1.9093E-06
5.3999E-09	3.3931E-08	1.7653E-05	-3.2859E-09
3.6403E-09	-2.2734E-08	1.9323E-05	-2.2509E-07
-1.0896E-09	-9.6476E-09	2.0321E-05	1.1171E-06
4.4378E-09	-4.9787E-08	2.4357E-05	-2.7098E-07
5.5383E-08	1.7061E-08	2.4201E-05	-3.4361E-06
-4.9603E-09	2.2464E-08	2.4563E-05	-4.9523E-06
-2.6659E-08	-2.4018E-08	2.2610E-05	-7.5931E-06
-4.3555E-08	-2.1194E-08	2.0768E-05	-5.9957E-06
1.4866E-08	1.9821E-08	2.2623E-05	-5.9572E-06
-1.2962E-08	-3.9113E-08	2.2489E-05	-7.8127E-06
-3.9200E-09	5.8167E-09	2.2833E-05	-9.1554E-06
-2.0490E-08	-1.9307E-08	2.0166E-05	-1.2618E-05
1.4396E-10	2.7812E-08	1.6278E-05	-9.9725E-06
-1.7341E-09	-4.2192E-08	1.7732E-05	-8.5943E-06
2.6017E-08	5.4365E-08	1.7413E-05	-8.5146E-06
-8.7193E-09	-2.7977E-08	1.8581E-05	-8.8525E-06
5.5472E-09	2.9755E-08	1.8170E-05	-1.0377E-05
-2.1759E-08	1.3110E-08	1.6713E-05	-1.2052E-05
6.2695E-09	1.1301E-08	1.4039E-05	-1.0854E-05
-1.2749E-08	-3.7581E-08	1.4468E-05	-1.0771E-05
-3.9059E-08	-2.4610E-08	1.1539E-05	-9.9115E-06
-2.2696E-08	1.7805E-08	1.3022E-05	-7.6721E-06
-2.4167E-08	1.2089E-08	1.2390E-05	-7.9201E-06
7.8851E-08	7.6441E-09	1.4466E-05	-6.7595E-06
-5.5811E-08	-3.2168E-09	1.3453E-05	-9.9965E-06
-2.4453E-08	-2.1876E-08	1.1220E-05	-7.8025E-06
-3.6602E-08	9.6242E-08	1.2123E-05	-7.3136E-06
-1.1223E-08	-1.5338E-08	1.1998E-05	-6.8844E-06
-2.5818E-08	3.9265E-09	1.2034E-05	-7.3328E-06
-2.4257E-08	5.1209E-09	1.1270E-05	-6.5342E-06
8.4831E-09	3.0693E-08	1.1879E-05	-6.6290E-06
-5.0736E-08	-1.8795E-08	1.0467E-05	-6.5649E-06
-4.1372E-08	-1.8985E-09	1.0791E-05	-4.8143E-06
-8.8589E-09	-2.1334E-08	1.1519E-05	-5.2909E-06
-3.0154E-08	-5.4207E-09	1.0572E-05	-4.8418E-06
-3.9078E-08	3.8358E-08	1.1096E-05	-3.5283E-06
-2.8453E-09	4.4778E-08	1.2307E-05	-3.4573E-06
-7.2790E-08	-4.1572E-08	1.2254E-05	-4.4384E-06
-1.1920E-09	-1.5162E-08	1.1364E-05	-3.5390E-06
3.2444E-08	6.5844E-08	1.2302E-05	-2.8758E-06
4.5140E-08	-1.5613E-08	1.2391E-05	-2.6157E-06
-3.8945E-08	-1.7844E-08	1.3421E-05	-1.9804E-06
1.0280E-08	5.1023E-08	1.4622E-05	-2.2945E-06
2.7472E-09	-5.5980E-09	1.4978E-05	-3.5499E-06
1.9109E-10	4.5771E-08	1.4553E-05	-2.8222E-06
1.0500E-08	1.0312E-08	1.7129E-05	-3.9412E-06
5.6332E-09	-2.2460E-08	1.4631E-05	-7.0776E-06
4.0244E-08	4.4820E-10	1.2028E-05	-4.1170E-06
-4.4461E-08	9.9435E-09	1.4388E-05	-1.5010E-06
-5.6758E-09	3.5196E-08	1.7349E-05	-2.2667E-06
-2.4101E-08	3.1413E-08	1.8567E-05	-4.1017E-06
-1.8634E-08	-1.5495E-08	1.9301E-05	-5.7756E-06
-4.1960E-08	-6.8994E-09	2.0256E-05	-8.2005E-06
-4.4903E-08	-3.0820E-08	1.8360E-05	-1.2908E-05
-5.4099E-08	1.2391E-08	1.3128E-05	-1.2628E-05
5.0307E-09	1.5954E-09	1.2255E-05	-1.0993E-05
-8.1766E-09	9.4286E-09	1.0695E-05	-9.9617E-06
-1.2861E-08	-2.8984E-08	1.0623E-05	-9.2752E-06
2.3385E-08	6.5872E-09	9.0051E-06	-7.0257E-06
3.4001E-08	-1.2934E-08	1.2653E-05	-6.2905E-06
-5.7940E-09	3.0695E-08	1.0116E-05	-8.6200E-06
2.1333E-08	4.5411E-09	1.0494E-05	-5.0999E-06
-8.6507E-09	1.8682E-08	1.1767E-05	-5.9485E-06
-2.3860E-08	3.9051E-09	1.3421E-05	-5.4378E-06
8.8036E-09	-1.6639E-08	1.3534E-05	-9.0476E-06
1.9237E-08	-1.0663E-08	1.1114E-05	-9.0670E-06
-2.8890E-08	-1.0008E-08	9.6565E-06	-9.0010E-06
-1.0711E-08	-2.1677E-09	9.2728E-06	-7.1583E-06
-5.7081E-09	-1.1965E-08	9.0827E-06	-7.8697E-06
-1.2909E-08	-1.9274E-08	8.0121E-06	-6.0965E-06
8.6989E-09	-7.9142E-10	8.7147E-06	-5.6597E-06
5.4630E-09	1.3172E-08	8.8482E-06	-5.0099E-06
-7.7587E-09	-1.9018E-08	8.5871E-06	-5.1419E-06
-1.8324E-08	1.9126E-08	9.0816E-06	-3.7284E-06
-2.2773E-08	1.6675E-08	9.0581E-06	-4.8015E-06
8.6481E-09	4.0418E-08	8.9054E-06	-2.6576E-06
-1.5070E-08	-7.3559E-09	1.0170E-05	-4.2335E-06
3.3183E-08	-6.6930E-09	8.3322E-06	-2.6209E-06
6.5013E-09	-5.8530E-08	1.0703E-05	-2.4106E-06
-2.6074E-08	3.7218E-08	9.3520E-06	-3.0249E-06
9.5046E-09	1.8231E-08	9.7066E-06	-1.5147E-06
-2.2062E-08	8.2480E-09	1.0536E-05	-1.4729E-06
1.7016E-08	-1.2442E-08	9.4535E-06	-1.3415E-06
-4.4562E-08	-6.8350E-09	1.1105E-05	2.3566E-06
-1.8513E-09	2.5586E-08	1.4629E-05	-7.8012E-07
-9.9973E-10	1.1334E-08	1.1827E-05	4.5798E-09
1.1396E-08	1.2913E-08	1.6172E-05	2.9157E-07
-2.8515E-08	6.6145E-09	1.4127E-05	-2.8860E-06
-8.7414E-09	1.0638E-09	1.3918E-05	-1.0157E-06
9.2433E-09	6.6120E-09	1.3813E-05	-8.5300E-07
5.8920E-09	2.2990E-08	1.5985E-05	4.5678E-07
4.5515E-08	-4.4928E-10	1.6755E-05	-1.7648E-06
4.8243E-09	-1.7703E-08	1.6521E-05	-1.6941E-06
7.3428E-09	2.2696E-08	1.6356E-05	-2.2883E-06
-5.0825E-10	1.9042E-08	1.6449E-05	-1.3734E-06
1.5569E-08	-7.0196E-09	1.7305E-05	-1.1894E-06
5.7037E-09	-1.7294E-08	1.8515E-05	-1.1969E-06
-2.5120E-08	5.4574E-08	1.8934E-05	-1.2153E-06
-6.8690E-10	1.3584E-08	2.2159E-05	-1.2474E-06
1.9871E-08	5.8782E-08	2.2327E-05	-5.7839E-06
1.7361E-08	2.3263E-08	1.9757E-05	-5.4375E-06
1.3660E-08	8.3341E-09	2.0286E-05	-4.5461E-06
-9.4652E-09	-2.4973E-08	2.2252E-05	-4.2364E-06
1.6118E-08	1.3187E-08	2.3016E-05	-7.7842E-06
2.2188E-08	1.2188E-08	1.9593E-05	-7.3556E-06
-1.7754E-08	2.6534E-08	2.0928E-05	-4.2831E-06
3.2290E-08	5.9150E-08	2.4305E-05	-3.4253E-06
-2.7094E-08	9.7882E-10	2.8684E-05	-4.6867E-06
-1.8245E-08	-4.1621E-08	3.3396E-05	-8.3485E-06
-3.1026E-08	-1.2710E-08	3.6035E-05	-1.7487E-05
2.1964E-10	-3.2884E-08	2.9998E-05	-2.5625E-05
-1.5283E-08	-6.5409E-09	2.3414E-05	-2.7352E-05
-4.0973E-08	-2.9113E-09	1.8046E-05	-2.6964E-05
-6.1070E-08	-1.5103E-09	1.5008E-05	-2.4972E-05
-8.3736E-09	-9.0600E-10	1.2628E-05	-2.3358E-05
-1.9114E-08	-1.6393E-08	1.2566E-05	-2.1214E-05
-6.9992E-09	-3.8735E-08	1.1498E-05	-2.1962E-05
2.4735E-09	-4.3116E-09	1.0521E-05	-1.9186E-05
-1.6984E-08	-7.3146E-09	1.2590E-05	-2.0991E-05
5.4169E-09	2.5296E-08	8.3173E-06	-2.1736E-05
-1.7161E-08	2.5413E-08	8.8071E-06	-1.9420E-05
-1.5177E-08	1.9317E-08	6.5447E-06	-2.1158E-05
-1.1430E-08	3.3837E-08	4.5194E-06	-1.6978E-05
-3.0641E-08	-9.6145E-09	6.4757E-06	-1.6323E-05
2.1663E-09	1.9354E-08	5.6599E-06	-1.5277E-05
3.3121E-08	4.1905E-08	7.6251E-06	-1.4963E-05
1.2807E-08	3.8161E-09	5.7249E-06	-1.6243E-05
-1.7182E-08	-1.6900E-08	5.2692E-06	-1.2417E-05
1.5695E-08	-1.1681E-08	9.5504E-06	-1.2548E-05
-9.0776E-09	-1.9204E-09	9.2321E-06	-1.5995E-05
1.3309E-08	-4.4749E-09	7.4245E-06	-1.6390E-05
1.4476E-08	-3.5240E-08	5.7327E-06	-1.6410E-05
-2.9069E-08	1.2091E-08	4.5438E-06	-1.4079E-05
1.2320E-08	-9.6786E-09	6.3872E-06	-1.2530E-05
1.8125E-08	1.7954E-08	8.2850E-06	-1.3633E-05
4.9017E-09	-2.2543E-09	7.4289E-06	-1.6114E-05
-2.2743E-08	3.2915E-08	5.0668E-06	-1.5255E-05
-4.3493E-09	-1.0364E-08	5.8907E-06	-1.4030E-05
-4.0046E-08	-3.3521E-08	6.2387E-06	-1.5139E-05
3.5861E-08	8.2188E-09	4.2200E-06	-1.5642E-05
-9.1531E-09	-5.7971E-10	3.8437E-06	-1.2501E-05
-3.8022E-08	-4.0154E-08	7.4952E-06	-1.3679E-05
2.2650E-08	3.0629E-08	4.8574E-06	-1.6579E-05
-7.9799E-08	5.2553E-08	3.8718E-06	-1.4724E-05
-4.5189E-08	3.4499E-08	3.6363E-06	-1.5579E-05
1.9473E-09	1.8378E-09	2.4589E-06	-1.4978E-05
-3.2960E-08	4.5846E-08	1.2271E-06	-1.4658E-05
-1.7444E-08	8.1722E-09	1.5805E-06	-1.2392E-05
-1.0322E-08	1.0217E-08	2.2508E-06	-1.4449E-05
-4.7460E-08	3.7346E-08	-1.1733E-06	-1.3252E-05
-1.1267E-08	-1.4257E-08	-8.2825E-07	-1.0528E-05
-2.7174E-08	-1.5157E-08	4.3041E-07	-8.4603E-06
-3.9813E-08	-3.5985E-08	2.8585E-06	-9.2639E-06
2.0124E-08	4.8831E-10	2.6073E-06	-9.8534E-06
4.6958E-09	-2.6044E-08	1.3774E-06	-1.0920E-05
-5.2099E-08	-7.0753E-09	4.4109E-06	-8.5396E-06
-2.1390E-08	-1.4253E-08	-1.1598E-06	-8.5419E-06
-1.1141E-08	-4.7433E-09	6.7223E-06	-1.4369E-05
-1.1100E-08	-4.7217E-09	-7.7744E-06	-1.0530E-05
-1.1059E-08	-4.7002E-09	-3.2333E-07	-1.0197E-06
-1.1018E-08	-4.6787E-09	5.5963E-06	-2.7854E-06
-1.0977E-08	-4.6573E-09	6.4699E-06	-7.9211E-06
-1.0937E-08	-4.6360E-09	3.9725E-06	-5.4650E-06
-1.0897E-08	-4.6148E-09	9.3816E-06	-6.9177E-06
-1.0857E-08	-4.5936E-09	7.0450E-06	-1.1244E-05
-1.0818E-08	-4.5725E-09	5.0080E-06	-1.1037E-05
-1.0778E-08	-4.5515E-09	4.5048E-06	-1.0088E-05
-1.0739E-08	-4.5305E-09	4.1612E-06	-1.1292E-05
-1.0700E-08	-4.5096E-09	2.7218E-06	-8.8966E-06
-1.0661E-08	-4.4888E-09	5.4638E-06	-1.0176E-05
-1.0623E-08	-4.4680E-09	2.3414E-06	-1.0735E-05
-1.0584E-08	-4.4473E-09	3.4590E-06	-9.2173E-06
-1.0546E-08	-4.4267E-09	2.9392E-06	-9.4369E-06
-1.0508E-08	-4.4062E-09	4.0259E-06	-9.7101E-06
-1.0470E-08	-4.3857E-09	1.9559E-06	-1.0168E-05
-1.0433E-08	-4.3653E-09	2.6268E-06	-8.5265E-06
-1.0395E-08	-4.3449E-09	2.5266E-06	-8.4773E-06
-1.0358E-08	-4.3246E-09	4.3298E-06	-8.1515E-06
-1.0321E-08	-4.3044E-09	3.8259E-06	-1.0448E-05
-1.0284E-08	-4.2842E-09	2.3606E-06	-1.0626E-05
-1.0247E-08	-4.2641E-09	9.6894E-08	-9.8739E-06
-1.0211E-08	-4.2441E-09	3.5474E-07	-6.6073E-06
-1.0175E-08	-4.2241E-09	2.8843E-06	-5.7867E-06
-1.0139E-08	-4.2042E-09	4.9391E-06	-7.5840E-06
-1.0103E-08	-4.1843E-09	2.8364E-06	-9.9042E-06
-1.0067E-08	-4.1645E-09	1.2352E-06	-7.1209E-06
-1.0031E-08	-4.1448E-09	4.3496E-06	-6.5104E-06
-9.9960E-09	-4.1251E-09	3.9937E-06	-9.2805E-06
-9.9608E-09	-4.1055E-09	2.5458E-06	-8.4050E-06
-9.9258E-09	-4.0859E-09	2.7419E-06	-8.5264E-06
-9.8909E-09	-4.0664E-09	2.6770E-06	-7.4790E-06
-9.8563E-09	-4.0470E-09	3.3830E-06	-9.3167E-06
-9.8218E-09	-4.0276E-09	4.3881E-07	-7.6290E-06
-9.7874E-09	-4.0082E-09	3.9876E-06	-6.1594E-06
-9.7533E-09	-3.9890E-09	3.3871E-06	-9.0734E-06
-9.7193E-09	-3.9697E-09	2.0353E-06	-8.2160E-06
-9.6854E-09	-3.9506E-09	2.4700E-06	-7.2135E-06
-9.6518E-09	-3.9315E-09	3.4689E-06	-8.6331E-06
-9.6183E-09	-3.9124E-09	9.1107E-07	-8.2852E-06
-9.5849E-09	-3.8934E-09	2.8238E-06	-6.7728E-06
-9.5517E-09	-3.8745E-09	2.4375E-06	-8.4336E-06
-9.5187E-09	-3.8556E-09	1.9522E-06	-8.3475E-06
-9.4858E-09	-3.8368E-09	2.0847E-07	-7.8272E-06
-9.4531E-09	-3.8180E-09	1.2409E-06	-5.9360E-06
-9.4206E-09	-3.7992E-09	1.6365E-06	-5.8794E-06
-9.3882E-09	-3.7806E-09	3.2853E-06	-6.0799E-06
-9.3559E-09	-3.7619E-09	1.9678E-06	-6.9704E-06
-9.3238E-09	-3.7434E-09	3.3179E-06	-6.3506E-06
-9.2919E-09	-3.7248E-09	1.2835E-06	-7.4638E-06
-9.2601E-09	-3.7064E-09	3.4743E-06	-4.7081E-06
-9.2284E-09	-3.6880E-09	3.5199E-06	-9.2279E-06
-9.1969E-09	-3.6696E-09	1.1798E-07	-6.6007E-06
-9.1655E-09	-3.6513E-09	2.6379E-06	-5.5283E-06
-9.1343E-09	-3.6330E-09	2.5909E-06	-6.8805E-06
-9.1033E-09	-3.6148E-09	1.4446E-06	-6.0797E-06
-9.0723E-09	-3.5966E-09	3.5981E-06	-5.4117E-06
-9.0415E-09	-3.5785E-09	2.4016E-06	-7.8879E-06
-9.0109E-09	-3.5605E-09	1.7076E-06	-5.5436E-06
-8.9804E-09	-3.5424E-09	2.6510E-06	-6.5822E-06
-8.9500E-09	-3.5245E-09	1.9246E-06	-5.4778E-06
-8.9197E-09	-3.5066E-09	3.3066E-06	-5.5232E-06
-8.8896E-09	-3.4887E-09	4.2417E-06	-6.4408E-06
-8.8597E-09	-3.4709E-09	2.5640E-06	-8.8589E-06
-8.8298E-09	-3.4531E-09	7.6113E-07	-6.3396E-06
-8.8001E-09	-3.4354E-09	1.9417E-06	-6.6744E-06
-8.7705E-09	-3.4177E-09	8.0360E-07	-5.2531E-06
-8.7411E-09	-3.4001E-09	3.1690E-06	-5.2881E-06
-8.7118E-09	-3.3825E-09	2.1491E-06	-6.4582E-06
-8.6826E-09	-3.3650E-09	2.1371E-06	-6.0890E-06
-8.6535E-09	-3.3475E-09	1.0772E-06	-5.9317E-06
-8.6246E-09	-3.3301E-09	1.8679E-06	-3.9495E-06
-8.5957E-09	-3.3127E-09	4.0192E-06	-4.9345E-06
-8.5670E-09	-3.2953E-09	3.3139E-06	-6.7996E-06
-8.5385E-09	-3.2780E-09	1.9096E-06	-6.6260E-06
-8.5100E-09	-3.2608E-09	1.7155E-06	-5.6722E-06
-8.4817E-09	-3.2436E-09	2.0387E-06	-5.9002E-06
-8.4535E-09	-3.2264E-09	8.3676E-07	-5.1776E-06
-8.4254E-09	-3.2093E-09	2.2457E-06	-3.6510E-06
-8.3974E-09	-3.1923E-09	3.2309E-06	-4.1760E-06
-8.3695E-09	-3.1753E-09	4.5070E-06	-5.0186E-06
-8.3418E-09	-3.1583E-09	3.2102E-06	-6.6008E-06
-8.3142E-09	-3.1414E-09	3.4021E-06	-6.0575E-06
-8.2867E-09	-3.1245E-09	1.4338E-06	-7.4451E-06
-8.2593E-09	-3.1077E-09	1.4340E-06	-3.8030E-06
-8.2320E-09	-3.0909E-09	3.8074E-06	-5.8708E-06
-8.2048E-09	-3.0741E-09	1.8841E-06	-5.8562E-06
-8.1777E-09	-3.0574E-09	2.4826E-06	-5.8021E-06
-8.1507E-09	-3.0408E-09	1.5748E-06	-5.5208E-06
-8.1239E-09	-3.0242E-09	1.9977E-06	-5.1514E-06
-8.0971E-09	-3.0076E-09	1.8597E-06	-4.9716E-06
-8.0705E-09	-2.9911E-09	1.8466E-06	-4.9591E-06
-8.0440E-09	-2.9746E-09	1.6818E-06	-4.2759E-06
-8.0175E-09	-2.9582E-09	2.0663E-06	-3.6655E-06
-7.9912E-09	-2.9418E-09	3.7432E-06	-3.4183E-06
-7.9650E-09	-2.9255E-09	3.3045E-06	-5.3564E-06
-7.9389E-09	-2.9092E-09	3.3043E-06	-3.8668E-06
-7.9128E-09	-2.8930E-09	3.8209E-06	-6.1996E-06
-7.8869E-09	-2.8768E-09	1.7972E-06	-4.3788E-06
-7.8611E-09	-2.8606E-09	4.1679E-06	-4.7209E-06
-7.8354E-09	-2.8445E-09	2.9223E-06	-5.4259E-06
-7.8097E-09	-2.8284E-09	3.0840E-06	-5.5199E-06
-7.7842E-09	-2.8124E-09	2.4583E-06	-4.5116E-06
-7.7588E-09	-2.7964E-09	4.1180E-06	-5.5788E-06
-7.7335E-09	-2.7805E-09	1.9722E-06	-5.6558E-06
-7.7082E-09	-2.7646E-09	3.5560E-06	-5.4198E-06
-7.6831E-09	-2.7487E-09	9.6508E-07	-6.3921E-06
-7.6580E-09	-2.7329E-09	1.6763E-06	-3.3005E-06
-7.6331E-09	-2.7172E-09	3.2461E-06	-4.3623E-06
-7.6082E-09	-2.7015E-09	2.9573E-06	-4.9491E-06
-7.5834E-09	-2.6858E-09	2.1847E-06	-4.7234E-06
-7.5587E-09	-2.6702E-09	3.3510E-06	-3.9964E-06
-7.5342E-09	-2.6546E-09	3.3776E-06	-5.9983E-06
-7.5097E-09	-2.6390E-09	1.0011E-06	-5.7034E-06
-7.4852E-09	-2.6236E-09	8.9793E-07	-3.0211E-06
-7.4609E-09	-2.6081E-09	3.6384E-06	-2.6764E-06
-7.4367E-09	-2.5927E-09	3.6026E-06	-4.8528E-06
-7.4125E-09	-2.5773E-09	2.1755E-06	-4.4192E-06
-7.3885E-09	-2.5620E-09	2.3326E-06	-3.3709E-06
-7.3645E-09	-2.5467E-09	3.1446E-06	-2.4506E-06
-7.3406E-09	-2.5315E-09	5.5813E-06	-3.0836E-06
-7.3168E-09	-2.5163E-09	4.2800E-06	-6.5097E-06
-7.2930E-09	-2.5012E-09	1.6335E-06	-3.6095E-06
-7.2694E-09	-2.4861E-09	5.2356E-06	-3.5535E-06
-7.2458E-09	-2.4710E-09	2.7989E-06	-5.3701E-06
-7.2223E-09	-2.4560E-09	3.9497E-06	-2.6229E-06
-7.1989E-09	-2.4410E-09	4.9435E-06	-5.0397E-06
-7.1756E-09	-2.4261E-09	3.6949E-06	-4.3175E-06
-7.1524E-09	-2.4112E-09	4.4905E-06	-4.5104E-06
-7.1292E-09	-2.3964E-09	4.5652E-06	-4.2228E-06
-7.1061E-09	-2.3816E-09	5.3736E-06	-5.7125E-06
-7.0831E-09	-2.3669E-09	3.2482E-06	-5.5332E-06
-7.0602E-09	-2.3522E-09	5.0083E-06	-4.2725E-06
-7.0374E-09	-2.3375E-09	5.1121E-06	-6.3559E-06
-7.0146E-09	-2.3229E-09	4.5535E-06	-6.5888E-06
-6.9919E-09	-2.3083E-09	2.8083E-06	-7.8216E-06
-6.9693E-09	-2.2938E-09	1.3597E-06	-4.6548E-06
-6.9467E-09	-2.2793E-09	4.5816E-06	-4.2903E-06
-6.9242E-09	-2.2649E-09	4.3253E-06	-6.5147E-06
-6.9018E-09	-2.2505E-09	3.1146E-06	-6.7232E-06
-6.8795E-09	-2.2361E-09	2.3015E-06	-6.4195E-06
-6.8573E-09	-2.2218E-09	1.4091E-06	-5.2785E-06
-6.8351E-09	-2.2075E-09	3.2394E-06	-3.6073E-06
-6.8130E-09	-2.1933E-09	4.0250E-06	-6.1832E-06
-6.7909E-09	-2.1791E-09	2.2581E-06	-5.0403E-06
-6.7690E-09	-2.1650E-09	3.9712E-06	-5.8440E-06
-6.7471E-09	-2.1509E-09	1.2121E-06	-5.8838E-06
-6.7252E-09	-2.1369E-09	3.0387E-06	-3.7795E-06
-6.7035E-09	-2.1229E-09	2.8985E-06	-5.6463E-06
-6.6818E-09	-2.1089E-09	2.1589E-06	-3.9663E-06
-6.6602E-09	-2.0950E-09	4.0203E-06	-3.9011E-06
-6.6386E-09	-2.0811E-09	3.8098E-06	-5.2267E-06
-6.6171E-09	-2.0673E-09	3.5780E-06	-4.3653E-06
-6.5957E-09	-2.0535E-09	4.8263E-06	-5.6747E-06
-6.5743E-09	-2.0398E-09	2.6159E-06	-6.0925E-06
-6.5531E-09	-2.0261E-09	3.2632E-06	-4.3446E-06
-6.5318E-09	-2.0124E-09	4.2483E-06	-4.5897E-06
-6.5107E-09	-1.9988E-09	5.4200E-06	-5.6488E-06
-6.4896E-09	-1.9853E-09	4.2825E-06	-7.3337E-06
-6.4685E-09	-1.9717E-09	3.2126E-06	-7.2544E-06
-6.4476E-09	-1.9583E-09	2.1491E-06	-6.4341E-06
-6.4267E-09	-1.9448E-09	3.3203E-06	-5.7590E-06
-6.4058E-09	-1.9315E-09	3.0431E-06	-6.4777E-06
-6.3851E-09	-1.9181E-09	3.7489E-06	-6.8321E-06
-6.3644E-09	-1.9048E-09	1.8326E-06	-8.2406E-06
-6.3437E-09	-1.8916E-09	1.0507E-06	-6.5769E-06
-6.3231E-09	-1.8784E-09	5.6141E-07	-6.2215E-06
-6.3026E-09	-1.8652E-09	1.3927E-06	-4.8029E-06
-6.2821E-09	-1.8521E-09	1.2544E-06	-5.3455E-06
-6.2617E-09	-1.8390E-09	2.7791E-06	-4.0224E-06
-6.2414E-09	-1.8260E-09	2.4440E-06	-7.3647E-06
-6.2211E-09	-1.8130E-09	-1.5093E-07	-4.3684E-06
-6.2008E-09	-1.8000E-09	3.2266E-06	-4.0932E-06
-6.1807E-09	-1.7871E-09	2.4489E-06	-5.5188E-06
-6.1606E-09	-1.7743E-09	2.8219E-06	-5.5628E-06
-6.1405E-09	-1.7615E-09	2.0422E-06	-6.4436E-06
-6.1205E-09	-1.7487E-09	1.1147E-06	-6.2735E-06
-6.1006E-09	-1.7360E-09	1.5846E-07	-5.4286E-06
-6.0807E-09	-1.7233E-09	6.9152E-08	-3.7851E-06
-6.0609E-09	-1.7107E-09	2.2989E-06	-2.0365E-06
-6.0411E-09	-1.6981E-09	4.9267E-06	-5.2597E-06
-6.0214E-09	-1.6856E-09	8.7738E-07	-6.8880E-06
-6.0017E-09	-1.6731E-09	1.5742E-06	-3.2550E-06
-5.9821E-09	-1.6606E-09	3.2310E-06	-6.0187E-06
-5.9626E-09	-1.6482E-09	1.1325E-07	-5.0161E-06
-5.9431E-09	-1.6358E-09	2.8474E-06	-3.6297E-06
-5.9237E-09	-1.6235E-09	1.7936E-06	-5.9884E-06
-5.9043E-09	-1.6112E-09	1.3345E-06	-4.0814E-06
-5.8849E-09	-1.5990E-09	1.8264E-06	-4.9017E-06
-5.8657E-09	-1.5868E-09	1.7337E-06	-3.7922E-06
-5.8465E-09	-1.5747E-09	2.3294E-06	-5.3331E-06
-5.8273E-09	-1.5626E-09	3.5304E-07	-3.8860E-06
-5.8082E-09	-1.5505E-09	2.7755E-06	-3.0481E-06
-5.7891E-09	-1.5385E-09	2.3054E-06	-4.3560E-06
-5.7701E-09	-1.5266E-09	2.6017E-06	-3.3094E-06
-5.7511E-09	-1.5147E-09	3.8831E-06	-3.9951E-06
-5.7322E-09	-1.5028E-09	3.9076E-06	-5.3427E-06
-5.7134E-09	-1.4909E-09	3.3357E-06	-6.1820E-06
-5.6946E-09	-1.4792E-09	2.0648E-06	-7.3067E-06
-5.6758E-09	-1.4674E-09	-4.6467E-07	-6.1274E-06
-5.6571E-09	-1.4557E-09	-2.4445E-08	-3.4327E-06
-5.6385E-09	-1.4441E-09	2.1571E-06	-2.9404E-06
-5.6199E-09	-1.4325E-09	2.7747E-06	-4.8755E-06
-5.6013E-09	-1.4209E-09	9.9426E-07	-4.5815E-06
-5.5828E-09	-1.4094E-09	2.1446E-06	-3.6247E-06
-5.5644E-09	-1.3979E-09	1.7042E-06	-4.5827E-06
-5.5460E-09	-1.3865E-09	1.5585E-06	-3.1057E-06
-5.5276E-09	-1.3751E-09	3.1250E-06	-3.2826E-06
-5.5093E-09	-1.3638E-09	3.4014E-06	-4.2510E-06
-5.4911E-09	-1.3525E-09	3.1085E-06	-5.1109E-06
-5.4729E-09	-1.3412E-09	2.1446E-06	-5.1285E-06
-5.4547E-09	-1.3300E-09	2.2145E-06	-4.6246E-06
-5.4366E-09	-1.3189E-09	2.0056E-06	-4.7358E-06
-5.4186E-09	-1.3078E-09	2.3645E-06	-4.1305E-06
-5.4005E-09	-1.2967E-09	2.6227E-06	-5.2206E-06
-5.3826E-09	-1.2857E-09	1.3001E-06	-4.8126E-06
-5.3647E-09	-1.2747E-09	1.6183E-06	-3.8152E-06
-5.3468E-09	-1.2638E-09	2.6851E-06	-3.0591E-06
-5.3290E-09	-1.2529E-09	4.1374E-06	-5.1056E-06
-5.3112E-09	-1.2420E-09	1.2188E-06	-5.5468E-06
-5.2935E-09	-1.2312E-09	2.7648E-06	-3.2172E-06
-5.2758E-09	-1.2205E-09	3.2929E-06	-5.6010E-06
-5.2581E-09	-1.2097E-09	2.0136E-06	-4.7962E-06
-5.2405E-09	-1.1991E-09	2.6354E-06	-5.0210E-06
-5.2230E-09	-1.1884E-09	2.2474E-06	-4.6822E-06
-5.2055E-09	-1.1779E-09	2.8506E-06	-5.1298E-06
-5.1880E-09	-1.1673E-09	2.3703E-06	-4.7799E-06
-5.1706E-09	-1.1568E-09	3.9989E-06	-5.8478E-06
-5.1533E-09	-1.1464E-09	1.0859E-06	-7.7297E-06
-5.1359E-09	-1.1360E-09	4.2001E-07	-4.5232E-06
-5.1187E-09	-1.1256E-09	1.9714E-06	-5.5242E-06
-5.1014E-09	-1.1153E-09	3.7683E-07	-4.8714E-06
-5.0842E-09	-1.1051E-09	1.9776E-06	-4.1114E-06
-5.0671E-09	-1.0948E-09	1.7021E-06	-4.8022E-06
-5.0500E-09	-1.0847E-09	2.7457E-06	-4.5685E-06
-5.0329E-09	-1.0745E-09	2.0511E-06	-6.5248E-06
-5.0159E-09	-1.0644E-09	7.3380E-07	-5.2011E-06
-4.9989E-09	-1.0544E-09	1.7822E-06	-5.3185E-06
-4.9820E-09	-1.0444E-09	7.2847E-07	-5.5700E-06
-4.9651E-09	-1.0344E-09	1.3075E-06	-4.5547E-06
-4.9483E-09	-1.0245E-09	1.8564E-06	-5.8321E-06
-4.9315E-09	-1.0146E-09	2.7557E-07	-6.0908E-06
-4.9148E-09	-1.0048E-09	1.7141E-07	-4.9181E-06
-4.8980E-09	-9.9503E-10	5.3683E-07	-5.1534E-06
-4.8814E-09	-9.8530E-10	-2.0680E-07	-5.1141E-06
-4.8647E-09	-9.7560E-10	-3.0286E-07	-3.9909E-06
-4.8482E-09	-9.6595E-10	9.0290E-07	-4.0356E-06
-4.8316E-09	-9.5635E-10	-2.6782E-08	-5.0472E-06
-4.8151E-09	-9.4679E-10	-6.0762E-07	-3.2524E-06
-4.7987E-09	-9.3727E-10	1.0912E-06	-3.2580E-06
-4.7823E-09	-9.2780E-10	5.1094E-07	-4.1034E-06
-4.7659E-09	-9.1837E-10	4.5753E-07	-3.0948E-06
-4.7495E-09	-9.0898E-10	1.6122E-06	-3.6458E-06
-4.7333E-09	-8.9964E-10	3.6089E-07	-4.3932E-06
-4.7170E-09	-8.9034E-10	5.7746E-07	-2.8768E-06
-4.7008E-09	-8.8108E-10	1.0571E-06	-3.7667E-06
-4.6846E-09	-8.7187E-10	7.9061E-07	-2.5379E-06
-4.6685E-09	-8.6271E-10	2.4525E-06	-3.6935E-06
-4.6524E-09	-8.5358E-10	9.8875E-07	-3.9345E-06
-4.6364E-09	-8.4450E-10	2.1195E-06	-4.0222E-06
-4.6204E-09	-8.3546E-10	4.4365E-07	-4.7561E-06
-4.6044E-09	-8.2647E-10	8.8101E-07	-3.3640E-06
-4.5885E-09	-8.1752E-10	9.8983E-07	-3.7240E-06
-4.5726E-09	-8.0861E-10	1.7676E-06	-3.7418E-06
-4.5568E-09	-7.9975E-10	7.3892E-07	-4.7946E-06
-4.5410E-09	-7.9093E-10	6.6905E-07	-3.7550E-06
-4.5252E-09	-7.8215E-10	3.5169E-07	-4.3174E-06
-4.5095E-09	-7.7341E-10	1.9511E-07	-3.3955E-06
-4.4938E-09	-7.6472E-10	-2.8101E-08	-3.4447E-06
-4.4781E-09	-7.5607E-10	4.6877E-07	-2.1265E-06
-4.4625E-09	-7.4747E-10	1.4157E-06	-2.5649E-06
-4.4470E-09	-7.3891E-10	2.2264E-06	-2.9741E-06
-4.4315E-09	-7.3039E-10	1.1182E-06	-4.3560E-06
-4.4160E-09	-7.2191E-10	1.3341E-06	-2.4741E-06
-4.4005E-09	-7.1347E-10	2.5114E-06	-4.9033E-06
-4.3851E-09	-7.0508E-10	-4.6458E-07	-4.8712E-06
-4.3697E-09	-6.9673E-10	-4.2574E-07	-2.5998E-06
-4.3544E-09	-6.8843E-10	1.6860E-06	-2.0942E-06
-4.3391E-09	-6.8016E-10	1.7543E-06	-4.3824E-06
-4.3239E-09	-6.7194E-10	3.8520E-07	-3.7845E-06
-4.3087E-09	-6.6376E-10	3.2085E-07	-3.8435E-06
-4.2935E-09	-6.5562E-10	1.9818E-07	-2.9973E-06
-4.2784E-09	-6.4753E-10	-4.7925E-07	-3.7220E-06
-4.2633E-09	-6.3947E-10	-6.2305E-07	-2.4321E-07
-4.2482E-09	-6.3146E-10	3.2425E-06	-2.1185E-06
-4.2332E-09	-6.2349E-10	6.1474E-07	-3.3527E-06
-4.2182E-09	-6.1557E-10	1.4742E-06	-2.1280E-06
-4.2033E-09	-6.0768E-10	1.6080E-06	-2.4486E-06
-4.1884E-09	-5.9984E-10	2.2229E-06	-3.3767E-06
-4.1735E-09	-5.9204E-10	4.6785E-07	-3.1359E-06
-4.1587E-09	-5.8428E-10	1.8532E-06	-2.2351E-06
-4.1439E-09	-5.7656E-10	1.7324E-06	-2.9605E-06
-4.1291E-09	-5.6888E-10	2.4653E-06	-3.5110E-06
-4.1144E-09	-5.6125E-10	7.5851E-07	-4.6317E-06
-4.0997E-09	-5.5365E-10	-4.3565E-07	-3.2709E-06
-4.0851E-09	-5.4610E-10	-2.1921E-09	-7.6498E-07
-4.0705E-09	-5.3859E-10	3.9586E-06	-1.8298E-06
-4.0559E-09	-5.3112E-10	1.3041E-06	-5.3076E-06
-4.0414E-09	-5.2369E-10	-5.6208E-07	-2.5084E-06
-4.0269E-09	-5.1630E-10	8.4177E-07	-7.5850E-07
-4.0125E-09	-5.0895E-10	4.0573E-06	-1.4993E-06
-3.9980E-09	-5.0165E-10	2.4266E-06	-5.1732E-06
-3.9837E-09	-4.9438E-10	3.8647E-07	-2.7152E-06
-3.9693E-09	-4.8716E-10	2.5987E-06	-2.5077E-06
-3.9550E-09	-4.7997E-10	2.5107E-06	-4.4043E-06
-3.9408E-09	-4.7283E-10	2.3684E-07	-4.9584E-06
-3.9265E-09	-4.6572E-10	-6.6822E-07	-2.5452E-06
-3.9123E-09	-4.5866E-10	7.7175E-07	-1.5368E-06
-3.8982E-09	-4.5164E-10	2.1335E-06	-1.6555E-06
-3.8841E-09	-4.4465E-10	2.4425E-06	-3.2516E-06
-3.8700E-09	-4.3771E-10	1.3792E-06	-3.0705E-06
-3.8559E-09	-4.3081E-10	2.0621E-06	-3.0107E-06
-3.8419E-09	-4.2394E-10	1.7263E-06	-3.7166E-06
-3.8280E-09	-4.1712E-10	1.0911E-06	-4.1810E-06
-3.8140E-09	-4.1034E-10	-6.0114E-07	-3.1604E-06
-3.8001E-09	-4.0359E-10	9.8317E-07	-1.3383E-06
-3.7863E-09	-3.9689E-10	1.4211E-06	-2.5106E-06
-3.7724E-09	-3.9022E-10	2.1120E-06	-1.7574E-06
-3.7586E-09	-3.8360E-10	2.0146E-06	-4.1575E-06
-3.7449E-09	-3.7701E-10	1.5912E-07	-2.1363E-06
-3.7312E-09	-3.7046E-10	2.2520E-06	-2.4134E-06
-3.7175E-09	-3.6396E-10	1.3634E-06	-2.2230E-06
-3.7039E-09	-3.5749E-10	3.0814E-06	-3.2692E-06
-3.6902E-09	-3.5106E-10	4.7581E-07	-3.6344E-06
-3.6767E-09	-3.4466E-10	2.1392E-06	-2.2478E-06
-3.6631E-09	-3.3831E-10	1.5850E-06	-3.6961E-06
-3.6496E-09	-3.3200E-10	1.4500E-06	-3.6709E-06
-3.6362E-09	-3.2572E-10	-5.1849E-07	-2.8335E-06
-3.6227E-09	-3.1948E-10	2.6699E-06	-9.9635E-07
-3.6094E-09	-3.1329E-10	1.9667E-06	-4.7627E-06
-3.5960E-09	-3.0712E-10	4.1942E-07	-2.4856E-06
-3.5827E-09	-3.0100E-10	1.6591E-06	-3.2514E-06
-3.5694E-09	-2.9492E-10	5.0417E-07	-2.8659E-06
-3.5561E-09	-2.8887E-10	1.3519E-06	-2.2415E-06
-3.5429E-09	-2.8286E-10	1.7601E-06	-3.2005E-06
-3.5298E-09	-2.7689E-10	3.1400E-07	-3.1902E-06
-3.5166E-09	-2.7096E-10	1.2966E-06	-1.8959E-06
-3.5035E-09	-2.6506E-10	1.4368E-06	-3.4485E-06
-3.4904E-09	-2.5920E-10	-2.6955E-08	-2.9256E-06
-3.4774E-09	-2.5338E-10	4.4680E-09	-1.0792E-06
-3.4644E-09	-2.4759E-10	2.7192E-06	-9.4703E-07
-3.4514E-09	-2.4185E-10	1.9533E-06	-3.1870E-06
-3.4385E-09	-2.3614E-10	2.0482E-06	-2.1645E-06
-3.4256E-09	-2.3046E-10	1.5169E-06	-4.1465E-06
-3.4127E-09	-2.2483E-10	-3.4490E-08	-1.9539E-06
-3.3999E-09	-2.1923E-10	1.9688E-06	-1.9381E-06
-3.3871E-09	-2.1366E-10	1.3313E-06	-2.6279E-06
-3.3744E-09	-2.0813E-10	1.3755E-06	-2.0712E-06
-3.3617E-09	-2.0264E-10	2.1196E-06	-2.3936E-06
-3.3490E-09	-1.9719E-10	1.0943E-06	-3.1507E-06
-3.3363E-09	-1.9177E-10	1.2401E-06	-1.6383E-06
-3.3237E-09	-1.8639E-10	1.9875E-06	-2.6813E-06
-3.3111E-09	-1.8104E-10	1.2592E-06	-2.2239E-06
-3.2986E-09	-1.7573E-10	1.7943E-06	-2.3020E-06
-3.2861E-09	-1.7045E-10	1.8382E-06	-1.9534E-06
-3.2736E-09	-1.6521E-10	2.7109E-06	-2.7064E-06
-3.2612E-09	-1.6001E-10	1.9791E-06	-3.5336E-06
-3.2488E-09	-1.5484E-10	1.0720E-06	-3.4086E-06
-3.2364E-09	-1.4971E-10	1.2399E-06	-2.4538E-06
-3.2241E-09	-1.4461E-10	1.5514E-06	-3.3814E-06
-3.2118E-09	-1.3954E-10	2.4907E-07	-2.7955E-06
-3.1995E-09	-1.3452E-10	9.7501E-07	-1.8652E-06
-3.1873E-09	-1.2952E-10	1.4193E-06	-2.1373E-06
-3.1751E-09	-1.2456E-10	1.1884E-06	-2.2855E-06
-3.1629E-09	-1.1964E-10	1.2416E-06	-1.5479E-06
-3.1508E-09	-1.1475E-10	2.3468E-06	-1.3214E-06
-3.1387E-09	-1.0989E-10	3.6611E-06	-2.4934E-06
-3.1266E-09	-1.0507E-10	2.4386E-06	-4.8653E-06
-3.1146E-09	-1.0028E-10	1.8891E-07	-3.8606E-06
-3.1026E-09	-9.5525E-11	3.7668E-07	-2.7079E-06
-3.0906E-09	-9.0805E-11	5.4184E-07	-2.0687E-06
-3.0787E-09	-8.6118E-11	1.2730E-06	-1.6143E-06
-3.0668E-09	-8.1465E-11	2.3875E-06	-2.0721E-06
-3.0550E-09	-7.6846E-11	1.8752E-06	-3.5787E-06
-3.0432E-09	-7.2260E-11	8.7869E-07	-3.1092E-06
-3.0314E-09	-6.7707E-11	4.9040E-07	-2.9532E-06
-3.0196E-09	-6.3187E-11	7.7405E-07	-1.5658E-06
-3.0079E-09	-5.8700E-11	2.0285E-06	-2.9899E-06
-2.9962E-09	-5.4246E-11	-3.0672E-07	-3.1913E-06
-2.9846E-09	-4.9825E-11	1.5001E-07	-7.5953E-07
-2.9729E-09	-4.5436E-11	2.4475E-06	-1.2395E-06
-2.9614E-09	-4.1080E-11	1.7068E-06	-3.4270E-06
-2.9498E-09	-3.6756E-11	1.6537E-07	-2.2220E-06
-2.9383E-09	-3.2465E-11	9.1587E-07	-1.8997E-06
-2.9268E-09	-2.8206E-11	4.0865E-07	-1.1707E-06
-2.9154E-09	-2.3979E-11	2.1408E-06	-8.3125E-07
-2.9040E-09	-1.9783E-11	1.8446E-06	-2.0208E-06
-2.8926E-09	-1.5620E-11	2.0841E-06	-1.3292E-06
-2.8812E-09	-1.1488E-11	2.8327E-06	-2.7070E-06
-2.8699E-09	-7.3878E-12	1.0345E-06	-3.2137E-06
-2.8586E-09	-3.3189E-12	1.1590E-06	-1.7778E-06
-2.8474E-09	7.1861E-13	1.3686E-06	-2.5645E-06
-2.8362E-09	4.7250E-12	5.9446E-07	-1.2935E-06
-2.8250E-09	8.7003E-12	2.2834E-06	-1.1277E-06
-2.8138E-09	1.2645E-11	2.2554E-06	-1.6963E-06
-2.8027E-09	1.6558E-11	3.1447E-06	-2.2951E-06
-2.7917E-09	2.0441E-11	2.1543E-06	-3.6091E-06
-2.7806E-09	2.4293E-11	1.2180E-06	-3.5339E-06
-2.7696E-09	2.8115E-11	-2.6765E-07	-2.5300E-06
-2.7586E-09	3.1907E-11	1.4937E-06	-6.0298E-07
-2.7477E-09	3.5668E-11	2.1633E-06	-2.6094E-06
-2.7368E-09	3.9399E-11	1.2664E-06	-1.7620E-06
-2.7259E-09	4.3100E-11	2.2472E-06	-2.3308E-06
-2.7150E-09	4.6772E-11	1.5872E-06	-2.3266E-06
-2.7042E-09	5.0414E-11	1.9668E-06	-2.9869E-06
-2.6934E-09	5.4026E-11	5.5911E-07	-2.4614E-06
-2.6827E-09	5.7609E-11	1.7913E-06	-2.2633E-06
-2.6720E-09	6.1162E-11	9.8770E-08	-2.5020E-06
-2.6613E-09	6.4686E-11	1.6556E-06	-4.8728E-07
-2.6506E-09	6.8181E-11	2.3608E-06	-2.3872E-06
-2.6400E-09	7.1648E-11	1.9656E-06	-2.1280E-06
-2.6294E-09	7.5085E-11	2.0371E-06	-3.0668E-06
-2.6189E-09	7.8494E-11	1.3977E-06	-3.2544E-06
-2.6083E-09	8.1874E-11	-1.9429E-07	-3.5804E-06
-2.5979E-09	8.5225E-11	-6.5879E-07	-6.8391E-07
-2.5874E-09	8.8548E-11	1.7830E-06	-6.4642E-07
-2.5770E-09	9.1844E-11	1.9796E-06	-1.4622E-06
-2.5666E-09	9.5110E-11	2.1892E-06	-2.4345E-06
-2.5562E-09	9.8349E-11	7.0048E-07	-2.5472E-06
-2.5459E-09	1.0156E-10	1.1628E-06	-1.1599E-06
-2.5356E-09	1.0474E-10	1.9776E-06	-2.3050E-06
-2.5253E-09	1.0790E-10	3.5863E-07	-2.0923E-06
-2.5151E-09	1.1103E-10	1.5728E-06	-1.1043E-06
-2.5049E-09	1.1413E-10	7.2434E-07	-2.0256E-06
-2.4948E-09	1.1720E-10	1.7119E-06	1.1446E-08
-2.4846E-09	1.2025E-10	2.6659E-06	-2.6258E-06
-2.4745E-09	1.2327E-10	5.8439E-07	-1.5484E-06
-2.4645E-09	1.2626E-10	1.9090E-06	-1.5008E-06
-2.4544E-09	1.2923E-10	7.5319E-07	-1.0125E-06
-2.4444E-09	1.3217E-10	2.7720E-06	-1.0759E-07
-2.4344E-09	1.3508E-10	3.2951E-06	-1.9853E-06
-2.4245E-09	1.3797E-10	2.1825E-06	-2.6666E-06
-2.4146E-09	1.4083E-10	1.4883E-06	-1.7745E-06
-2.4047E-09	1.4367E-10	2.3833E-06	-1.3673E-06
-2.3949E-09	1.4647E-10	2.9948E-06	-1.9935E-06
-2.3851E-09	1.4926E-10	2.5688E-06	-3.2071E-06
-2.3753E-09	1.5201E-10	1.5220E-06	-2.8218E-06
-2.3655E-09	1.5475E-10	1.4240E-06	-2.7117E-06
-2.3558E-09	1.5745E-10	1.4537E-06	-1.8199E-06
-2.3461E-09	1.6013E-10	2.2572E-06	-3.2238E-06
-2.3365E-09	1.6279E-10	-2.4451E-07	-2.7604E-06
-2.3268E-09	1.6542E-10	1.2341E-06	-1.0003E-06
-2.3172E-09	1.6802E-10	1.2767E-06	-2.1408E-06
-2.3077E-09	1.7060E-10	1.0766E-06	-1.2457E-06
-2.2981E-09	1.7316E-10	1.9627E-06	-1.5290E-06
-2.2886E-09	1.7569E-10	1.3106E-06	-2.3828E-06
-2.2792E-09	1.7820E-10	4.2743E-07	-8.4805E-07
-2.2697E-09	1.8068E-10	2.6124E-06	-4.3288E-07
-2.2603E-09	1.8314E-10	2.3789E-06	-1.9565E-06
-2.2510E-09	1.8557E-10	2.2235E-06	-1.8127E-06
-2.2416E-09	1.8798E-10	1.6651E-06	-2.0642E-06
-2.2323E-09	1.9037E-10	2.2755E-06	-1.3794E-06
-2.2230E-09	1.9273E-10	2.0445E-06	-2.6629E-06
-2.2138E-09	1.9507E-10	1.3564E-06	-1.4822E-06
-2.2045E-09	1.9739E-10	2.3961E-06	-1.9387E-06
-2.1954E-09	1.9968E-10	1.6505E-06	-1.8960E-06
-2.1862E-09	2.0195E-10	2.6372E-06	-2.0122E-06
-2.1771E-09	2.0420E-10	1.5049E-06	-3.1069E-06
-2.1680E-09	2.0642E-10	8.4842E-07	-1.7806E-06
-2.1589E-09	2.0862E-10	1.6798E-06	-1.4263E-06
-2.1499E-09	2.1080E-10	1.9795E-06	-1.9976E-06
-2.1409E-09	2.1295E-10	1.0535E-06	-1.8668E-06
-2.1319E-09	2.1508E-10	2.3791E-06	-8.5468E-07
-2.1229E-09	2.1719E-10	2.1066E-06	-3.3405E-06
-2.1140E-09	2.1928E-10	-9.3831E-08	-8.3311E-07
-2.1051E-09	2.2135E-10	3.6120E-06	-6.1834E-07
-2.0963E-09	2.2339E-10	1.7703E-06	-3.0767E-06
-2.0875E-09	2.2541E-10	2.0201E-06	-1.0588E-06
-2.0787E-09	2.2741E-10	2.2317E-06	-3.0021E-06
-2.0699E-09	2.2939E-10	9.1740E-07	-1.3228E-06
-2.0612E-09	2.3134E-10	2.7727E-06	-1.8563E-06
-2.0525E-09	2.3328E-10	1.1414E-06	-2.3666E-06
-2.0438E-09	2.3519E-10	1.7733E-06	-9.0078E-07
-2.0351E-09	2.3709E-10	3.0206E-06	-1.3636E-06
-2.0265E-09	2.3896E-10	3.3598E-06	-3.3408E-06
-2.0179E-09	2.4081E-10	3.7995E-07	-3.7982E-06
-2.0094E-09	2.4264E-10	6.5405E-07	-9.2559E-07
-2.0009E-09	2.4445E-10	2.2047E-06	-1.7810E-06
-1.9924E-09	2.4624E-10	1.5516E-06	-2.1233E-06
-1.9839E-09	2.4800E-10	1.3578E-06	-2.0166E-06
-1.9754E-09	2.4975E-10	1.1604E-06	-1.4412E-06
-1.9670E-09	2.5148E-10	1.6637E-06	-1.1220E-06
-1.9587E-09	2.5319E-10	2.1677E-06	-1.0087E-06
-1.9503E-09	2.5487E-10	2.7853E-06	-1.6943E-06
-1.9420E-09	2.5654E-10	1.9119E-06	-2.1973E-06
-1.9337E-09	2.5819E-10	2.2040E-06	-8.9204E-07
-1.9254E-09	2.5982E-10	3.9469E-06	-2.3314E-06
-1.9172E-09	2.6142E-10	1.7895E-06	-3.7350E-06
-1.9090E-09	2.6301E-10	1.5851E-06	-2.0302E-06
-1.9008E-09	2.6458E-10	1.9622E-06	-2.7682E-06
-1.8927E-09	2.6613E-10	1.3531E-06	-2.1402E-06
-1.8846E-09	2.6766E-10	2.0808E-06	-2.0351E-06
-1.8765E-09	2.6918E-10	2.3296E-06	-2.5511E-06
-1.8684E-09	2.7067E-10	1.9508E-06	-3.3282E-06
-1.8604E-09	2.7215E-10	1.1290E-06	-3.6284E-06
-1.8524E-09	2.7360E-10	-5.7495E-07	-3.0637E-06
-1.8444E-09	2.7504E-10	3.4938E-07	-5.4535E-07
-1.8365E-09	2.7646E-10	1.9389E-06	-2.4511E-06
-1.8285E-09	2.7786E-10	-5.0088E-07	-2.2403E-06
-1.8207E-09	2.7924E-10	6.5742E-07	-4.9696E-07
-1.8128E-09	2.8061E-10	6.2195E-07	-1.5387E-06
-1.8050E-09	2.8195E-10	-2.8881E-07	6.6551E-07
-1.7972E-09	2.8328E-10	3.4006E-06	1.6702E-06
-1.7894E-09	2.8459E-10	3.9422E-06	-1.6544E-06
-1.7816E-09	2.8589E-10	2.8706E-06	-1.0389E-06
-1.7739E-09	2.8716E-10	4.4012E-06	-2.4589E-06
-1.7662E-09	2.8842E-10	1.9191E-06	-3.8991E-06
-1.7586E-09	2.8966E-10	1.5641E-06	-1.7086E-06
-1.7509E-09	2.9089E-10	3.0839E-06	-3.0185E-06
-1.7433E-09	2.9210E-10	4.6597E-07	-3.6316E-06
-1.7357E-09	2.9329E-10	1.1366E-06	-1.4581E-06
-1.7282E-09	2.9446E-10	8.9626E-07	-2.7812E-06
-1.7207E-09	2.9562E-10	6.3700E-07	-2.7632E-07
-1.7132E-09	2.9676E-10	2.9197E-06	-1.8189E-06
-1.7057E-09	2.9788E-10	9.5107E-07	-1.8957E-06
-1.6982E-09	2.9899E-10	2.4166E-06	-1.1070E-06
-1.6908E-09	3.0008E-10	2.2446E-06	-2.2327E-06
-1.6834E-09	3.0115E-10	2.0591E-06	-2.2839E-06
-1.6761E-09	3.0221E-10	1.6043E-06	-2.3675E-06
-1.6688E-09	3.0325E-10	1.5634E-06	-2.1842E-06
-1.6615E-09	3.0428E-10	1.3499E-06	-1.8380E-06
-1.6542E-09	3.0529E-10	2.0789E-06	-1.5944E-06
-1.6469E-09	3.0629E-10	2.5335E-06	-2.3455E-06
-1.6397E-09	3.0727E-10	2.0334E-06	-3.5453E-06
-1.6325E-09	3.0823E-10	1.7690E-07	-3.5006E-06
-1.6253E-09	3.0918E-10	-4.9835E-07	-1.5860E-06
-1.6182E-09	3.1011E-10	1.0873E-06	-3.6572E-07
-1.6111E-09	3.1103E-10	2.2047E-06	-1.3201E-06
-1.6040E-09	3.1194E-10	2.2701E-06	-2.2514E-06
-1.5969E-09	3.1283E-10	8.2253E-07	-2.9170E-06
-1.5899E-09	3.1370E-10	1.1087E-06	-9.9296E-07
-1.5829E-09	3.1456E-10	2.0394E-06	-3.1627E-06
-1.5759E-09	3.1540E-10	-8.3206E-07	-2.0854E-06
-1.5689E-09	3.1623E-10	1.2478E-06	-3.7139E-07
-1.5620E-09	3.1705E-10	1.5946E-06	-1.9724E-06
-1.5551E-09	3.1785E-10	3.4290E-07	-2.0050E-06
-1.5482E-09	3.1864E-10	3.9342E-07	-3.2964E-07
-1.5414E-09	3.1941E-10	1.7735E-06	-1.1961E-06
-1.5345E-09	3.2017E-10	-4.4814E-09	-7.9152E-07
-1.5277E-09	3.2091E-10	2.0411E-06	1.1839E-06
-1.5210E-09	3.2164E-10	4.0257E-06	-8.8706E-07
-1.5142E-09	3.2236E-10	2.6249E-06	-3.3151E-06
-1.5075E-09	3.2306E-10	-1.0841E-07	-1.8357E-06
-1.5008E-09	3.2375E-10	1.8585E-06	5.0647E-07
-1.4941E-09	3.2443E-10	3.6921E-06	-1.4224E-06
-1.4875E-09	3.2509E-10	1.9438E-06	-3.0607E-06
-1.4808E-09	3.2574E-10	8.9271E-07	-9.2972E-07
-1.4743E-09	3.2638E-10	3.3917E-06	-1.1784E-06
-1.4677E-09	3.2700E-10	2.2379E-06	-3.1699E-06
-1.4611E-09	3.2761E-10	1.2844E-06	-2.2609E-06
-1.4546E-09	3.2821E-10	1.7439E-06	-2.2051E-06
-1.4481E-09	3.2880E-10	9.0572E-07	-2.8614E-06
-1.4417E-09	3.2937E-10	2.5615E-07	-1.2369E-06
-1.4352E-09	3.2993E-10	1.4806E-06	-1.6251E-06
-1.4288E-09	3.3048E-10	2.8733E-08	-1.0340E-06
-1.4224E-09	3.3101E-10	2.0930E-06	2.7489E-07
-1.4160E-09	3.3154E-10	2.5970E-06	-1.4582E-06
-1.4097E-09	3.3205E-10	2.1548E-06	-1.5148E-06
-1.4034E-09	3.3254E-10	2.5001E-06	-2.0139E-06
-1.3971E-09	3.3303E-10	1.0432E-06	-3.0164E-06
-1.3908E-09	3.3350E-10	3.6319E-07	-1.9671E-07
-1.3846E-09	3.3397E-10	3.3840E-06	-1.5170E-06
-1.3783E-09	3.3442E-10	3.6645E-07	-2.3083E-06
-1.3722E-09	3.3486E-10	2.3836E-06	-1.1850E-07
-1.3660E-09	3.3529E-10	2.1431E-06	-2.7851E-06
-1.3598E-09	3.3570E-10	6.1448E-07	-9.7433E-07
-1.3537E-09	3.3611E-10	2.8902E-06	1.1787E-08
-1.3476E-09	3.3650E-10	4.2065E-06	-2.8818E-06
-1.3415E-09	3.3688E-10	1.0828E-06	-3.7738E-06
-1.3355E-09	3.3725E-10	1.2094E-06	-2.2886E-06
-1.3295E-09	3.3761E-10	3.2092E-07	-2.1442E-06
-1.3235E-09	3.3796E-10	1.8781E-06	-9.1434E-07
-1.3175E-09	3.3830E-10	1.5128E-06	-2.7019E-06
-1.3115E-09	3.3863E-10	1.0852E-06	-1.6398E-06
-1.3056E-09	3.3894E-10	1.2743E-06	-1.8909E-06
-1.2997E-09	3.3925E-10	1.7705E-06	-2.0350E-06
-1.2938E-09	3.3955E-10	2.1500E-07	-2.4717E-06
-1.2879E-09	3.3983E-10	1.6139E-06	-8.7050E-07
-1.2821E-09	3.4011E-10	5.9251E-07	-3.2800E-06
-1.2763E-09	3.4037E-10	-2.7520E-09	-1.3599E-07
-1.2705E-09	3.4063E-10	1.7541E-06	-1.9182E-06
-1.2647E-09	3.4087E-10	3.2317E-07	-5.6112E-07
-1.2590E-09	3.4110E-10	2.8681E-06	-1.7135E-06
-1.2533E-09	3.4133E-10	-1.1114E-08	-3.2342E-06
-1.2476E-09	3.4154E-10	-6.0300E-07	-6.7405E-07
-1.2419E-09	3.4175E-10	8.2702E-07	-2.0588E-07
-1.2363E-09	3.4194E-10	9.7514E-07	-5.3293E-07
-1.2306E-09	3.4213E-10	1.7565E-06	-3.6126E-07
-1.2250E-09	3.4230E-10	1.1705E-06	-1.4161E-06
-1.2194E-09	3.4247E-10	1.7495E-06	1.9750E-07
-1.2139E-09	3.4263E-10	2.6150E-06	-2.7721E-06
-1.2083E-09	3.4278E-10	-7.8635E-07	-1.3192E-06
-1.2028E-09	3.4291E-10	1.9480E-06	-1.1094E-07
-1.1973E-09	3.4304E-10	7.6288E-07	-1.7850E-06
-1.1919E-09	3.4316E-10	9.4496E-07	-4.0865E-07
-1.1864E-09	3.4327E-10	5.2408E-07	-1.4376E-06
-1.1810E-09	3.4338E-10	-3.0538E-07	8.9601E-07
-1.1756E-09	3.4347E-10	2.6177E-06	1.1290E-06
-1.1702E-09	3.4356E-10	2.0986E-06	-7.1092E-07
-1.1648E-09	3.4363E-10	2.3667E-06	1.9623E-07
-1.1595E-09	3.4370E-10	2.5391E-06	-1.7063E-06
-1.1542E-09	3.4376E-10	7.0996E-07	-5.5362E-07
-1.1489E-09	3.4381E-10	2.1061E-06	-2.8349E-08
-1.1436E-09	3.4385E-10	1.7378E-06	-2.5298E-07
-1.1384E-09	3.4389E-10	2.3819E-06	-6.6029E-08
-1.1332E-09	3.4391E-10	2.0900E-06	-1.4033E-07
-1.1279E-09	3.4393E-10	2.9086E-06	4.3175E-07
-1.1228E-09	3.4394E-10	3.9751E-06	-2.9469E-07
-1.1176E-09	3.4394E-10	3.7739E-06	-1.9010E-06
-1.1125E-09	3.4393E-10	2.6937E-06	-1.6772E-06
-1.1073E-09	3.4392E-10	2.9612E-06	-2.2313E-06
-1.1022E-09	3.4390E-10	1.4018E-06	-1.8111E-06
-1.0972E-09	3.4387E-10	2.2795E-06	-8.4538E-07
-1.0921E-09	3.4383E-10	2.5619E-06	-7.3078E-07
-1.0871E-09	3.4379E-10	4.0600E-06	-1.7887E-06
-1.0821E-09	3.4373E-10	1.9499E-06	-2.9314E-06
-1.0771E-09	3.4367E-10	2.7422E-06	-1.6343E-06
-1.0721E-09	3.4361E-10	1.8822E-06	-3.6265E-06
-1.0671E-09	3.4353E-10	4.1176E-07	-1.8802E-06
-1.0622E-09	3.4345E-10	9.8918E-07	-1.2409E-06
-1.0573E-09	3.4336E-10	1.5300E-06	-5.8183E-07
-1.0524E-09	3.4326E-10	1.9775E-06	-8.7133E-07
-1.0475E-09	3.4316E-10	2.8252E-06	-5.4804E-07
-1.0427E-09	3.4305E-10	3.1734E-06	-2.3890E-06
-1.0379E-09	3.4293E-10	1.5329E-06	-2.1929E-06
-1.0330E-09	3.4281E-10	2.2450E-06	-1.2430E-06
-1.0283E-09	3.4268E-10	3.1508E-06	-2.6070E-06
-1.0235E-09	3.4254E-10	1.1154E-06	-3.8742E-06
-1.0187E-09	3.4240E-10	-1.4709E-07	-2.1994E-06
-1.0140E-09	3.4225E-10	-1.3345E-07	-1.1091E-06
-1.0093E-09	3.4209E-10	1.0357E-06	2.9078E-07
-1.0046E-09	3.4193E-10	2.3219E-06	-6.3661E-07
-9.9996E-10	3.4176E-10	2.4476E-06	-1.1806E-06
-9.9531E-10	3.4158E-10	1.8565E-06	-2.1789E-06
-9.9068E-10	3.4140E-10	1.3272E-06	-1.1931E-06
-9.8607E-10	3.4121E-10	1.8184E-06	-1.7622E-06
-9.8148E-10	3.4102E-10	1.1179E-06	-1.3168E-06
-9.7691E-10	3.4082E-10	1.4682E-06	-1.3650E-06
-9.7237E-10	3.4061E-10	1.3474E-06	-7.3145E-07
-9.6784E-10	3.4040E-10	2.2139E-06	-1.6257E-06
-9.6332E-10	3.4018E-10	5.8204E-07	-1.5560E-06
-9.5883E-10	3.3995E-10	1.2900E-06	-4.5210E-07
-9.5436E-10	3.3972E-10	1.2486E-06	-5.1029E-07
-9.4991E-10	3.3949E-10	2.2291E-06	2.5805E-07
-9.4547E-10	3.3925E-10	3.1876E-06	-7.9530E-07
-9.4106E-10	3.3900E-10	3.2038E-06	-1.9203E-06
-9.3666E-10	3.3875E-10	1.4885E-06	-3.3175E-06
-9.3229E-10	3.3849E-10	-6.2365E-07	-5.1112E-07
-9.2793E-10	3.3823E-10	3.1338E-06	1.0937E-06
-9.2359E-10	3.3796E-10	3.4792E-06	-2.3520E-06
-9.1927E-10	3.3768E-10	1.6994E-06	-2.1141E-06
-9.1497E-10	3.3740E-10	1.1002E-06	-1.6405E-06
-9.1068E-10	3.3712E-10	2.1566E-06	2.1838E-09
-9.0642E-10	3.3683E-10	3.3896E-06	-2.6230E-06
-9.0217E-10	3.3654E-10	3.0472E-07	-2.2601E-06
-8.9794E-10	3.3624E-10	1.7796E-06	-1.0222E-07
-8.9373E-10	3.3593E-10	3.1469E-06	-1.6000E-06
-8.8954E-10	3.3562E-10	1.9416E-06	-2.9535E-06
-8.8537E-10	3.3531E-10	6.9451E-07	-1.9817E-06
-8.8121E-10	3.3499E-10	1.2526E-06	-1.3348E-06
-8.7708E-10	3.3467E-10	1.3581E-06	-1.7522E-06
-8.7296E-10	3.3434E-10	2.3805E-07	-1.2950E-06
-8.6886E-10	3.3400E-10	1.8476E-06	2.9279E-07
-8.6477E-10	3.3367E-10	2.0958E-06	-2.1666E-06
-8.6071E-10	3.3332E-10	8.1629E-07	-2.3743E-07
-8.5666E-10	3.3298E-10	2.9608E-06	-1.6193E-06
-8.5263E-10	3.3263E-10	2.5155E-07	-1.6175E-06
-8.4862E-10	3.3227E-10	1.9347E-06	-4.5757E-08
-8.4462E-10	3.3191E-10	1.9330E-06	-1.1469E-06
-8.4065E-10	3.3155E-10	2.1089E-06	-8.2495E-07
-8.3669E-10	3.3118E-10	2.5305E-06	-1.1983E-06
-8.3274E-10	3.3081E-10	2.2558E-06	-2.6805E-06
-8.2882E-10	3.3043E-10	-1.2567E-07	-1.6271E-06
-8.2491E-10	3.3005E-10	1.6367E-06	9.8622E-08
-8.2102E-10	3.2966E-10	1.9211E-06	-1.0142E-06
-8.1714E-10	3.2928E-10	2.0596E-06	-4.8577E-07
-8.1329E-10	3.2888E-10	2.8559E-06	-1.1037E-06
-8.0945E-10	3.2849E-10	2.3551E-06	-2.0430E-06
-8.0563E-10	3.2809E-10	2.0316E-06	-1.6201E-06
-8.0182E-10	3.2768E-10	2.0078E-06	-2.6896E-06
-7.9803E-10	3.2727E-10	4.5783E-07	-1.8240E-06
-7.9426E-10	3.2686E-10	1.1798E-06	-1.4281E-06
-7.9050E-10	3.2645E-10	8.1091E-07	-6.9300E-07
-7.8676E-10	3.2603E-10	2.0994E-06	-1.4757E-06
-7.8304E-10	3.2561E-10	2.1511E-07	-1.0204E-06
-7.7933E-10	3.2518E-10	2.3481E-06	-5.1267E-07
-7.7564E-10	3.2475E-10	3.4630E-07	-1.3831E-06
-7.7197E-10	3.2432E-10	2.5188E-06	1.1077E-06
-7.6831E-10	3.2388E-10	3.3457E-06	-2.4397E-06
-7.6467E-10	3.2344E-10	8.4382E-07	-1.9067E-06
-7.6105E-10	3.2300E-10	1.6268E-06	-8.3470E-07
-7.5744E-10	3.2255E-10	1.8836E-06	-2.0134E-06
-7.5385E-10	3.2210E-10	5.6050E-08	-1.4149E-06
-7.5027E-10	3.2165E-10	1.3337E-06	3.0067E-08
-7.4671E-10	3.2120E-10	1.4662E-06	-7.9376E-07
-7.4317E-10	3.2074E-10	1.6084E-06	-1.4833E-07
-7.3964E-10	3.2028E-10	2.3498E-06	-3.6268E-07
-7.3613E-10	3.1981E-10	2.4288E-06	-1.5328E-06
-7.3263E-10	3.1934E-10	8.5821E-07	-8.0435E-07
-7.2915E-10	3.1887E-10	2.7487E-06	-7.2740E-08
-7.2568E-10	3.1840E-10	2.0715E-06	-1.5640E-06
-7.2223E-10	3.1792E-10	1.9423E-06	-6.3453E-07
-7.1879E-10	3.1744E-10	2.3659E-06	-5.6576E-07
-7.1537E-10	3.1696E-10	3.4342E-06	-1.3577E-06
-7.1197E-10	3.1648E-10	2.1482E-06	-2.2222E-06
-7.0858E-10	3.1599E-10	2.4334E-06	-2.3835E-06
-7.0521E-10	3.1550E-10	8.2794E-09	-2.1318E-06
-7.0185E-10	3.1501E-10	2.4020E-06	-8.1066E-08
-6.9850E-10	3.1451E-10	1.5243E-06	-2.9334E-06
-6.9518E-10	3.1402E-10	7.2900E-07	-7.1845E-07
-6.9186E-10	3.1352E-10	9.9604E-07	-1.1340E-06
-6.8856E-10	3.1301E-10	2.1624E-06	5.0162E-07
-6.8528E-10	3.1251E-10	3.0211E-06	-2.4588E-06
-6.8201E-10	3.1200E-10	4.7563E-07	-1.8603E-06
-6.7876E-10	3.1149E-10	8.1528E-07	-4.0660E-07
-6.7552E-10	3.1098E-10	2.4293E-06	-1.1804E-07
-6.7229E-10	3.1047E-10	1.8045E-06	-1.8274E-06
-6.6908E-10	3.0995E-10	1.5772E-06	-1.5961E-07
-6.6589E-10	3.0943E-10	2.3660E-06	-1.2456E-06
-6.6270E-10	3.0891E-10	2.1194E-06	-3.3788E-07
-6.5954E-10	3.0839E-10	3.4938E-06	-1.5590E-06
-6.5638E-10	3.0787E-10	2.4643E-06	-2.7452E-06
-6.5325E-10	3.0734E-10	8.2604E-07	-2.5766E-06
-6.5012E-10	3.0681E-10	1.4499E-06	-9.1783E-07
-6.4701E-10	3.0628E-10	1.5247E-06	-2.2329E-06
-6.4392E-10	3.0575E-10	1.3254E-06	-9.8458E-07
-6.4083E-10	3.0521E-10	1.5981E-06	-2.4440E-06
-6.3777E-10	3.0467E-10	5.3101E-07	-1.3117E-06
-6.3471E-10	3.0414E-10	5.1801E-07	-1.7602E-06
-6.3167E-10	3.0360E-10	4.8569E-07	7.2682E-07
-6.2865E-10	3.0305E-10	3.1428E-06	-1.4105E-06
-6.2563E-10	3.0251E-10	1.5320E-07	-1.9610E-06
-6.2264E-10	3.0196E-10	5.0151E-07	-6.8919E-08
-6.1965E-10	3.0142E-10	1.8762E-06	9.5199E-07
-6.1668E-10	3.0087E-10	3.9620E-06	-1.4137E-06
-6.1372E-10	3.0032E-10	1.1319E-06	-2.9823E-06
-6.1078E-10	2.9977E-10	-1.5755E-07	-1.1326E-06
-6.0785E-10	2.9921E-10	1.0575E-06	9.9175E-07
-6.0493E-10	2.9866E-10	3.1839E-06	-8.4324E-07
-6.0202E-10	2.9810E-10	1.1366E-06	-1.0395E-06
-5.9913E-10	2.9754E-10	2.8271E-06	-1.0921E-07
-5.9626E-10	2.9698E-10	3.0192E-06	-1.7639E-06
-5.9339E-10	2.9642E-10	2.4030E-06	-2.8675E-06
-5.9054E-10	2.9586E-10	1.6773E-07	-2.6800E-06
-5.8770E-10	2.9530E-10	4.0061E-07	-6.9695E-07
-5.8488E-10	2.9473E-10	1.4220E-06	-7.9919E-07
-5.8206E-10	2.9416E-10	1.2829E-06	-1.3245E-06
-5.7926E-10	2.9360E-10	1.1958E-06	-9.3886E-07
-5.7648E-10	2.9303E-10	9.5272E-07	-1.7399E-06
-5.7370E-10	2.9246E-10	-1.5058E-07	1.5759E-07
-5.7094E-10	2.9189E-10	2.5400E-06	1.7776E-07
-5.6819E-10	2.9131E-10	1.4218E-06	-1.1127E-06
-5.6546E-10	2.9074E-10	2.3400E-06	-4.6083E-07
-5.6274E-10	2.9016E-10	1.4655E-06	-2.2949E-06
-5.6003E-10	2.8959E-10	4.7766E-08	-6.0114E-07
-5.5733E-10	2.8901E-10	1.4100E-06	3.4690E-07
-5.5464E-10	2.8843E-10	2.2013E-06	-4.1515E-07
-5.5197E-10	2.8785E-10	1.8078E-06	-9.3293E-07
-5.4931E-10	2.8727E-10	1.5741E-06	-8.1325E-07
-5.4666E-10	2.8669E-10	1.5493E-06	-5.3413E-07
-5.4402E-10	2.8611E-10	1.8907E-06	-5.4210E-07
-5.4140E-10	2.8553E-10	2.0072E-06	-6.2651E-07
-5.3878E-10	2.8494E-10	2.1102E-06	-1.0751E-06
-5.3618E-10	2.8436E-10	1.6622E-06	-1.0551E-06
-5.3360E-10	2.8377E-10	1.5682E-06	-9.4611E-07
-5.3102E-10	2.8319E-10	1.8970E-06	-4.2595E-07
-5.2846E-10	2.8260E-10	2.0168E-06	-1.6501E-06
-5.2590E-10	2.8201E-10	7.1321E-07	-1.0277E-08
-5.2336E-10	2.8142E-10	3.9063E-06	-4.3291E-07
-5.2083E-10	2.8083E-10	1.3157E-06	-3.1529E-06
-5.1832E-10	2.8024E-10	6.0741E-07	7.9496E-09
-5.1581E-10	2.7965E-10	2.6886E-06	-7.8787E-07
-5.1332E-10	2.7906E-10	1.8127E-06	-1.6630E-06
-5.1083E-10	2.7847E-10	1.4476E-06	-1.3737E-06
-5.0836E-10	2.7788E-10	1.3222E-06	-1.1198E-06
-5.0590E-10	2.7728E-10	1.6125E-06	-9.1651E-07
-5.0346E-10	2.7669E-10	1.6370E-06	-1.3070E-06
-5.0102E-10	2.7610E-10	1.4942E-06	-1.2385E-06
-4.9859E-10	2.7550E-10	9.6891E-07	-1.7176E-06
-4.9618E-10	2.7491E-10	4.2334E-07	-1.4171E-07
-4.9378E-10	2.7431E-10	2.0963E-06	-4.9992E-07
-4.9139E-10	2.7371E-10	1.1467E-06	-7.1806E-07
-4.8900E-10	2.7312E-10	2.2837E-06	-5.5862E-07
-4.8664E-10	2.7252E-10	1.5828E-06	-1.2644E-06
-4.8428E-10	2.7192E-10	2.0040E-06	-1.4638E-06
-4.8193E-10	2.7132E-10	1.3744E-07	-1.3725E-06
-4.7959E-10	2.7073E-10	2.1061E-06	2.2721E-07
-4.7727E-10	2.7013E-10	1.4501E-06	-2.2960E-06
-4.7495E-10	2.6953E-10	5.8651E-07	-3.8878E-07
-4.7265E-10	2.6893E-10	1.2680E-06	-1.0739E-06
-4.7035E-10	2.6833E-10	1.0526E-06	-3.0468E-07
-4.6807E-10	2.6773E-10	1.2174E-06	-1.3749E-06
-4.6580E-10	2.6713E-10	1.1838E-09	-3.4820E-08
-4.6354E-10	2.6653E-10	1.3572E-06	5.6126E-07
-4.6129E-10	2.6593E-10	2.0901E-06	4.9084E-07
-4.5905E-10	2.6533E-10	2.6003E-06	-9.0941E-07
-4.5682E-10	2.6473E-10	1.5393E-06	-9.2429E-07
-4.5460E-10	2.6412E-10	1.6152E-06	-1.3256E-06
-4.5239E-10	2.6352E-10	2.0972E-07	-6.0595E-07
-4.5019E-10	2.6292E-10	1.3514E-06	4.6720E-07
-4.4800E-10	2.6232E-10	1.5864E-06	-4.2766E-08
-4.4582E-10	2.6172E-10	1.7598E-06	1.0026E-07
-4.4365E-10	2.6112E-10	1.8425E-06	9.2391E-08
-4.4150E-10	2.6051E-10	2.3720E-06	2.9730E-07
-4.3935E-10	2.5991E-10	3.2422E-06	-5.3109E-07
-4.3721E-10	2.5931E-10	1.9861E-06	-2.0758E-06
-4.3508E-10	2.5871E-10	8.8040E-07	-3.1462E-08
-4.3297E-10	2.5811E-10	3.1171E-06	-7.5160E-07
-4.3086E-10	2.5750E-10	7.6711E-07	-1.7945E-06
-4.2876E-10	2.5690E-10	1.2642E-06	2.8598E-07
-4.2667E-10	2.5630E-10	1.6575E-06	-3.5971E-07
-4.2459E-10	2.5570E-10	2.1482E-06	2.7422E-07
-4.2252E-10	2.5510E-10	2.2565E-06	-6.8451E-07
-4.2046E-10	2.5450E-10	2.5944E-06	4.9195E-10
-4.1842E-10	2.5389E-10	2.9468E-06	-2.2096E-06
-4.1638E-10	2.5329E-10	-3.1523E-08	-1.5173E-06
-4.1435E-10	2.5269E-10	1.1150E-06	1.0766E-06
-4.1232E-10	2.5209E-10	3.2101E-06	2.5294E-07
-4.1031E-10	2.5149E-10	2.5845E-06	-1.5203E-06
-4.0831E-10	2.5089E-10	1.5082E-06	-6.5911E-07
-4.0632E-10	2.5029E-10	2.3115E-06	-6.6918E-07
-4.0434E-10	2.4969E-10	1.5586E-06	-7.3671E-07
-4.0236E-10	2.4909E-10	2.2033E-06	2.0593E-07
-4.0040E-10	2.4849E-10	3.4453E-06	-4.5157E-07
-3.9844E-10	2.4789E-10	3.1057E-06	-2.3534E-06
-3.9650E-10	2.4729E-10	9.6650E-07	-1.9582E-06
-3.9456E-10	2.4669E-10	1.7717E-06	-5.8168E-07
-3.9263E-10	2.4609E-10	1.9837E-06	-1.7583E-06
-3.9071E-10	2.4549E-10	4.3700E-07	-1.1487E-06
-3.8880E-10	2.4489E-10	1.8093E-06	8.1454E-07
-3.8690E-10	2.4429E-10	3.5575E-06	-1.6777E-06
-3.8501E-10	2.4370E-10	4.5730E-07	-1.9952E-06
-3.8313E-10	2.4310E-10	1.8728E-06	-4.3543E-08
-3.8125E-10	2.4250E-10	1.4908E-06	-1.7282E-06
-3.7939E-10	2.4190E-10	1.3145E-06	-1.3445E-08
-3.7753E-10	2.4131E-10	2.3616E-06	-1.4109E-06
-3.7569E-10	2.4071E-10	8.1123E-07	-1.3215E-06
-3.7385E-10	2.4012E-10	6.5157E-07	-4.0700E-07
-3.7202E-10	2.3952E-10	1.7545E-06	9.7287E-07
-3.7019E-10	2.3893E-10	3.3070E-06	-1.3610E-06
-3.6838E-10	2.3833E-10	1.4742E-07	-1.1961E-06
-3.6658E-10	2.3774E-10	2.5376E-06	1.1775E-06
-3.6478E-10	2.3715E-10	2.9096E-06	-2.0826E-06
-3.6299E-10	2.3655E-10	4.8088E-07	-6.1609E-07
-3.6121E-10	2.3596E-10	2.6734E-06	4.6457E-07
-3.5944E-10	2.3537E-10	3.1184E-06	-1.4526E-06
-3.5768E-10	2.3478E-10	1.7067E-06	-2.1086E-06
-3.5593E-10	2.3419E-10	7.6048E-07	-8.0254E-07
-3.5418E-10	2.3360E-10	2.3366E-06	-1.3194E-07
-3.5244E-10	2.3301E-10	2.3044E-06	-1.8586E-06
-3.5072E-10	2.3242E-10	8.6941E-07	-1.2805E-06
-3.4899E-10	2.3183E-10	1.5321E-06	-3.8642E-07
-3.4728E-10	2.3124E-10	2.0642E-06	-7.8621E-07
-3.4558E-10	2.3065E-10	2.1094E-06	-1.4065E-06
-3.4388E-10	2.3006E-10	9.2181E-07	-1.9229E-06
-3.4219E-10	2.2948E-10	2.5989E-07	9.4600E-08
-3.4051E-10	2.2889E-10	2.8930E-06	3.1542E-07
-3.3884E-10	2.2831E-10	2.4449E-06	-2.2930E-06
-3.3717E-10	2.2772E-10	4.3901E-07	-1.5990E-06
-3.3551E-10	2.2714E-10	9.2619E-07	-4.3175E-07
-3.3387E-10	2.2655E-10	1.0043E-06	-7.4389E-07
-3.3222E-10	2.2597E-10	9.5095E-07	6.6765E-07
-3.3059E-10	2.2539E-10	3.5207E-06	-3.4735E-07
-3.2896E-10	2.2481E-10	8.7384E-07	-2.3000E-06
-3.2735E-10	2.2422E-10	1.5117E-06	8.3440E-07
-3.2573E-10	2.2364E-10	2.9661E-06	-2.2631E-06
-3.2413E-10	2.2306E-10	-1.1879E-07	-1.4035E-06
-3.2254E-10	2.2249E-10	1.2551E-06	-4.9891E-07
-3.2095E-10	2.2191E-10	4.2428E-07	-4.8925E-07
-3.1937E-10	2.2133E-10	1.3800E-06	-6.0766E-09
-3.1779E-10	2.2075E-10	5.4935E-07	-1.4010E-08
-3.1623E-10	2.2018E-10	2.0015E-06	1.1318E-06
-3.1467E-10	2.1960E-10	2.2485E-06	-1.6497E-07
-3.1312E-10	2.1903E-10	2.6314E-06	3.6489E-07
-3.1158E-10	2.1845E-10	3.0869E-06	-1.1756E-06
-3.1004E-10	2.1788E-10	2.1322E-06	-1.4343E-06
-3.0851E-10	2.1731E-10	1.3226E-06	-1.7906E-06
-3.0699E-10	2.1673E-10	7.4450E-07	1.1381E-08
-3.0548E-10	2.1616E-10	2.8814E-06	-8.1826E-07
-3.0397E-10	2.1559E-10	7.2439E-08	-2.0425E-06
-3.0247E-10	2.1502E-10	5.2709E-07	1.8861E-06
-3.0098E-10	2.1445E-10	4.0438E-06	-4.4016E-09
-2.9949E-10	2.1389E-10	1.7153E-06	-1.8827E-06
-2.9801E-10	2.1332E-10	1.7592E-06	-2.6512E-07
-2.9654E-10	2.1275E-10	1.9689E-06	-1.4370E-06
-2.9507E-10	2.1219E-10	1.0092E-06	-3.9448E-07
-2.9362E-10	2.1162E-10	2.4470E-06	-4.8317E-07
-2.9216E-10	2.1106E-10	1.6258E-06	-1.5722E-06
-2.9072E-10	2.1049E-10	8.0867E-07	-8.8229E-07
-2.8928E-10	2.0993E-10	1.1576E-06	1.9668E-07
-2.8785E-10	2.0937E-10	2.4778E-06	-3.9581E-07
-2.8643E-10	2.0881E-10	1.4160E-06	-1.2855E-06
-2.8501E-10	2.0825E-10	1.1890E-06	-5.1022E-07
-2.8360E-10	2.0769E-10	9.5332E-07	-2.4665E-07
-2.8220E-10	2.0713E-10	1.7505E-06	6.1167E-07
-2.8080E-10	2.0657E-10	2.3729E-06	-3.5047E-08
-2.7941E-10	2.0602E-10	2.6956E-06	-4.1375E-07
-2.7803E-10	2.0546E-10	1.9141E-06	-1.0399E-06
-2.7665E-10	2.0491E-10	2.5699E-06	1.5442E-07
-2.7528E-10	2.0435E-10	3.4533E-06	-2.0847E-06
-2.7392E-10	2.0380E-10	1.2066E-06	-2.4082E-06
-2.7256E-10	2.0325E-10	8.7492E-07	-1.7633E-06
-2.7121E-10	2.0270E-10	-1.5281E-07	-1.0233E-06
-2.6986E-10	2.0214E-10	8.5835E-07	6.4361E-07
-2.6852E-10	2.0160E-10	2.0636E-06	-7.1346E-07
-2.6719E-10	2.0105E-10	9.5107E-08	-6.6059E-07
-2.6587E-10	2.0050E-10	1.4221E-06	1.2690E-06
-2.6455E-10	1.9995E-10	1.9245E-06	4.0430E-08
-2.6323E-10	1.9941E-10	2.5834E-06	1.1191E-06
-2.6193E-10	1.9886E-10	3.5251E-06	-1.3661E-06
-2.6062E-10	1.9832E-10	1.3798E-06	-8.0695E-07
-2.5933E-10	1.9777E-10	2.6576E-06	-5.1283E-07
-2.5804E-10	1.9723E-10	2.0967E-06	-1.0927E-06
-2.5676E-10	1.9669E-10	1.9925E-06	-1.2361E-06
-2.5548E-10	1.9615E-10	1.5975E-06	-4.1854E-07
-2.5421E-10	1.9561E-10	3.0681E-06	-1.2927E-06
-2.5295E-10	1.9507E-10	1.0339E-06	-2.1990E-06
-2.5169E-10	1.9453E-10	1.0326E-06	-6.8130E-07
-2.5044E-10	1.9400E-10	1.2542E-06	-6.2250E-07
-2.4919E-10	1.9346E-10	2.0502E-06	-3.8703E-07
-2.4795E-10	1.9293E-10	1.9667E-06	-1.6252E-06
-2.4672E-10	1.9239E-10	6.5865E-07	-1.3297E-06
-2.4549E-10	1.9186E-10	1.1242E-06	-9.9784E-08
-2.4427E-10	1.9133E-10	1.7101E-06	-9.7690E-07
-2.4305E-10	1.9080E-10	8.8885E-07	-3.2461E-07
-2.4184E-10	1.9027E-10	2.1971E-06	-4.7484E-07
-2.4063E-10	1.8974E-10	1.3547E-06	-1.2134E-06
-2.3943E-10	1.8921E-10	1.0161E-06	-1.1033E-06
-2.3824E-10	1.8868E-10	5.0334E-08	4.9707E-07
-2.3705E-10	1.8816E-10	3.5419E-06	1.0425E-06
-2.3587E-10	1.8763E-10	2.5836E-06	-2.6340E-06
-2.3469E-10	1.8711E-10	6.5454E-07	-1.2213E-06
-2.3352E-10	1.8658E-10	9.5820E-07	-7.8520E-07
-2.3235E-10	1.8606E-10	1.6514E-06	-3.2777E-07
-2.3119E-10	1.8554E-10	9.7892E-07	-2.0745E-06
-2.3004E-10	1.8502E-10	-8.5432E-07	7.8840E-07
-2.2889E-10	1.8450E-10	3.2998E-06	1.3186E-06
-2.2774E-10	1.8398E-10	2.2064E-06	-2.2785E-06
-2.2660E-10	1.8346E-10	3.8072E-07	-5.9982E-07
-2.2547E-10	1.8295E-10	1.1814E-06	-3.0946E-07
-2.2434E-10	1.8243E-10	1.2000E-06	1.5833E-07
-2.2322E-10	1.8192E-10	1.6669E-06	-3.9916E-07
-2.2210E-10	1.8141E-10	1.2488E-06	6.3434E-07
-2.2099E-10	1.8089E-10	3.5756E-06	-2.4759E-07
-2.1989E-10	1.8038E-10	1.6026E-06	-2.2438E-06
-2.1878E-10	1.7987E-10	8.3859E-07	-5.2750E-07
-2.1769E-10	1.7936E-10	1.9390E-06	-4.8769E-07
-2.1660E-10	1.7885E-10	1.5871E-06	-2.0669E-06
-2.1551E-10	1.7835E-10	-8.1727E-07	-7.0650E-07
-2.1443E-10	1.7784E-10	1.5905E-06	8.9229E-07
-2.1336E-10	1.7734E-10	7.7743E-07	-1.0647E-06
-2.1229E-10	1.7683E-10	6.0062E-07	1.5800E-06
-2.1122E-10	1.7633E-10	3.2658E-06	6.1491E-07
-2.1016E-10	1.7583E-10	2.7783E-06	-1.3184E-06
-2.0911E-10	1.7533E-10	1.0468E-06	-1.7509E-06
-2.0806E-10	1.7483E-10	6.5924E-07	1.9686E-07
-2.0701E-10	1.7433E-10	2.6366E-06	-4.3558E-07
-2.0597E-10	1.7383E-10	8.4816E-07	-2.1391E-06
-2.0494E-10	1.7333E-10	-2.8994E-07	7.2297E-08
-2.0391E-10	1.7284E-10	9.1550E-07	4.7580E-07
-2.0288E-10	1.7234E-10	1.1602E-06	1.3935E-06
-2.0186E-10	1.7185E-10	3.4178E-06	2.7468E-07
-2.0084E-10	1.7135E-10	1.6401E-06	-1.0033E-06
-1.9983E-10	1.7086E-10	2.3084E-06	-4.3380E-07
-1.9883E-10	1.7037E-10	6.0414E-07	-1.1871E-06
-1.9783E-10	1.6988E-10	1.8247E-06	1.1513E-06
-1.9683E-10	1.6939E-10	2.4454E-06	-1.2689E-06
-1.9584E-10	1.6891E-10	1.1812E-06	-2.4695E-07
-1.9485E-10	1.6842E-10	1.8107E-06	-5.8862E-07
-1.9387E-10	1.6793E-10	1.6101E-06	1.2981E-07
-1.9289E-10	1.6745E-10	2.7517E-06	-9.0936E-07
-1.9192E-10	1.6697E-10	1.1769E-06	-1.5954E-06
-1.9095E-10	1.6648E-10	9.4319E-07	-2.6047E-07
-1.8999E-10	1.6600E-10	2.1756E-06	-7.3458E-07
-1.8903E-10	1.6552E-10	3.6992E-07	-1.7610E-06
-1.8807E-10	1.6504E-10	3.6532E-07	8.5490E-07
-1.8712E-10	1.6456E-10	2.0096E-06	-3.3915E-07
-1.8618E-10	1.6409E-10	6.4110E-07	3.7962E-08
-1.8523E-10	1.6361E-10	2.3754E-06	7.2091E-07
-1.8430E-10	1.6313E-10	2.5249E-06	-1.2926E-06
-1.8337E-10	1.6266E-10	7.3305E-07	-1.1557E-06
-1.8244E-10	1.6219E-10	1.3922E-06	-1.5553E-07
-1.8151E-10	1.6172E-10	8.0525E-07	-1.2098E-06
-1.8060E-10	1.6124E-10	1.2971E-07	7.3544E-07
-1.7968E-10	1.6077E-10	1.8992E-06	7.5959E-07
-1.7877E-10	1.6031E-10	1.9198E-06	3.1389E-07
-1.7786E-10	1.5984E-10	2.5164E-06	-6.0410E-08
-1.7696E-10	1.5937E-10	2.2222E-06	-1.0977E-06
-1.7607E-10	1.5890E-10	7.4470E-07	-8.4928E-07
-1.7517E-10	1.5844E-10	1.9128E-06	7.5942E-07
-1.7428E-10	1.5798E-10	2.4971E-06	-1.5404E-06
-1.7340E-10	1.5751E-10	5.6560E-07	-6.3394E-07
-1.7252E-10	1.5705E-10	1.5709E-06	-3.7263E-07
-1.7164E-10	1.5659E-10	1.0498E-06	1.7484E-07
-1.7077E-10	1.5613E-10	2.8605E-06	-4.1594E-07
-1.6990E-10	1.5567E-10	8.4302E-07	-1.7349E-06
-1.6904E-10	1.5522E-10	1.0378E-06	2.4016E-07
-1.6818E-10	1.5476E-10	1.6551E-06	-1.0593E-06
-1.6732E-10	1.5430E-10	7.6659E-08	-1.2342E-07
-1.6647E-10	1.5385E-10	2.2423E-06	1.0073E-06
-1.6562E-10	1.5340E-10	2.0610E-06	-1.7714E-06
-1.6478E-10	1.5294E-10	-4.6148E-08	1.2116E-07
-1.6394E-10	1.5249E-10	2.3860E-06	2.8715E-07
-1.6311E-10	1.5204E-10	8.4530E-07	-4.9182E-07
-1.6227E-10	1.5159E-10	2.7003E-06	1.0372E-06
-1.6145E-10	1.5115E-10	2.9402E-06	-2.0789E-06
-1.6062E-10	1.5070E-10	7.5553E-07	-1.5011E-06
-1.5980E-10	1.5025E-10	8.8385E-07	-9.4617E-07
-1.5899E-10	1.4981E-10	9.7540E-07	-2.5166E-07
-1.5818E-10	1.4936E-10	1.7651E-06	-1.1905E-06
-1.5737E-10	1.4892E-10	8.8910E-08	-1.4805E-06
-1.5656E-10	1.4848E-10	-1.4437E-07	-2.1013E-07
-1.5576E-10	1.4804E-10	2.2360E-07	9.0889E-07
-1.5497E-10	1.4760E-10	2.3239E-06	5.9635E-07
-1.5417E-10	1.4716E-10	1.1906E-06	-1.1896E-06
-1.5338E-10	1.4672E-10	1.2652E-06	1.2837E-07
-1.5260E-10	1.4629E-10	1.2020E-06	-1.8531E-06
-1.5182E-10	1.4585E-10	-9.8595E-07	-4.1306E-08
-1.5104E-10	1.4542E-10	1.0657E-06	6.6213E-07
-1.5027E-10	1.4498E-10	2.9502E-07	-8.9959E-08
-1.4950E-10	1.4455E-10	5.9353E-07	8.5269E-07
-1.4873E-10	1.4412E-10	9.3218E-07	8.9741E-07
