jMRUI Data Textfile

Filename: Export_to_jmrui.txt

PointsInDataset: 2048
DatasetsInFile: 1
SamplingInterval: 0.250000
ZeroOrderPhase: 0E0
BeginTime: 0E0
TransmitterFrequency: 1.2326E8
MagneticField: 2.8936E0
TypeOfNucleus:  
NameOfPatient:  
DateOfExperiment:  
Spectrometer:  
AdditionalInfo: 
SignalNames:  


Signal and FFT
sig(real)	sig(imag)	fft(real)	fft(imag)
Signal 1 out of 1 in file
2.5316E-06	-7.0158E-07	1.2595E-06	3.4612E-08
1.4506E-06	-6.6150E-07	2.5824E-06	-1.6527E-06
9.3299E-07	-1.0254E-06	-3.3666E-08	-1.0380E-06
4.2349E-07	-1.1555E-06	2.1235E-06	-1.9670E-07
-2.2770E-07	-9.2679E-07	5.4738E-07	-1.4882E-06
-5.4965E-07	-6.1366E-07	1.1465E-06	2.3813E-07
-6.3905E-07	-2.0760E-07	1.3285E-06	-5.1753E-07
-4.4662E-07	1.2374E-07	2.1223E-06	-3.1168E-07
-1.2661E-07	2.6355E-07	1.0472E-06	-1.9545E-06
1.6155E-07	4.2961E-08	1.2907E-07	-2.1172E-07
2.1383E-07	-1.7473E-07	7.8330E-07	-6.8624E-09
1.9750E-07	-3.7443E-07	1.4210E-06	5.7338E-07
-2.7375E-08	-4.5917E-07	1.7976E-06	-7.5652E-07
-2.2474E-07	-3.9489E-07	6.8898E-07	-1.5682E-07
-3.3467E-07	-3.2363E-07	1.4815E-06	-5.3481E-09
-3.3420E-07	-1.4652E-07	8.7077E-07	8.6138E-08
-2.5102E-07	6.5898E-08	1.8906E-06	7.2302E-07
-1.8571E-07	1.3635E-07	1.9253E-06	-1.9651E-07
-8.6888E-08	4.1122E-08	2.2440E-06	3.6721E-07
-1.9751E-08	1.7821E-08	2.6310E-06	-1.2474E-06
-1.3479E-07	7.6779E-09	1.0518E-06	-6.6277E-07
-2.5128E-07	2.2513E-08	2.4046E-06	-5.1900E-07
-3.2824E-07	1.4476E-08	1.3199E-06	-1.6474E-06
-2.9666E-07	1.4679E-07	9.2692E-07	-8.9896E-07
-1.5707E-07	1.3280E-07	4.2314E-07	-8.3198E-07
-4.9627E-08	1.2938E-07	5.8460E-07	1.5468E-07
6.5577E-08	3.9707E-08	7.6878E-07	9.5720E-08
-1.5130E-09	7.6048E-08	1.1056E-06	1.0315E-06
-2.2441E-09	8.6338E-09	2.5303E-06	4.7433E-07
-9.9820E-08	4.3999E-08	2.1752E-06	-8.0325E-07
-2.0678E-07	1.7614E-07	1.1020E-06	-8.7831E-07
-1.8047E-07	2.2732E-07	7.6889E-07	4.3637E-07
-1.2584E-07	2.5423E-07	2.6329E-06	4.0253E-07
1.8039E-08	3.4450E-07	1.6460E-06	-1.3436E-06
9.1337E-08	2.6099E-07	1.4565E-06	7.4819E-08
1.8171E-07	1.2052E-07	1.6362E-06	-1.7738E-06
2.2498E-07	8.8876E-08	-6.4069E-07	1.6344E-07
1.4896E-07	6.8540E-08	1.9329E-06	7.5100E-07
1.0318E-07	4.4075E-08	7.1617E-07	-1.0109E-07
1.1878E-07	1.0246E-07	2.0459E-06	1.1608E-06
1.2073E-07	8.6997E-08	2.1839E-06	-7.9358E-07
1.1236E-07	5.0053E-08	8.1204E-07	-3.2909E-07
1.6408E-07	-2.9441E-08	1.0069E-06	6.3048E-07
1.5580E-07	-1.3445E-07	1.8006E-06	8.6585E-07
1.5612E-07	-2.2834E-07	2.4382E-06	6.1249E-07
8.2722E-08	-2.9811E-07	2.6980E-06	-4.4317E-07
-2.3167E-08	-2.3502E-07	1.9431E-06	-4.4831E-07
-8.6037E-08	-7.1558E-08	2.4501E-06	-1.2723E-06
-1.1254E-07	4.0829E-09	-2.1040E-07	-1.5428E-06
-6.0892E-08	1.2384E-07	3.2807E-07	1.6759E-06
2.6229E-08	1.0689E-07	2.7771E-06	5.5583E-07
8.2509E-08	4.4333E-09	1.2674E-06	-8.6773E-07
1.1003E-07	-8.0974E-08	6.4715E-07	1.0908E-06
1.0093E-07	-1.9878E-07	2.3685E-06	1.0443E-06
-6.6335E-08	-2.1590E-07	2.1473E-06	8.5487E-07
-1.3731E-07	-8.9856E-08	3.6752E-06	5.5233E-07
-1.8688E-07	-3.2095E-08	3.0304E-06	-1.4113E-06
-1.4824E-07	1.2098E-07	1.4962E-06	-1.3014E-06
-9.4078E-08	1.9290E-07	1.1910E-06	2.3347E-07
1.4995E-08	1.4992E-07	2.8393E-06	-3.2245E-07
1.9943E-08	8.1355E-08	1.1570E-06	-9.8596E-07
3.5381E-08	-6.4803E-08	2.0188E-06	2.2400E-07
-2.2984E-08	-1.3853E-07	1.5768E-06	-9.3827E-07
-1.1342E-07	-1.3428E-07	1.2110E-06	1.5824E-07
-1.8081E-07	-1.7258E-07	1.5216E-06	6.2779E-07
-2.2333E-07	-3.1651E-08	3.4353E-06	7.8403E-07
-2.5052E-07	8.7128E-08	3.0433E-06	-1.9078E-06
-2.1061E-07	1.8899E-07	1.4118E-06	-1.4859E-06
-1.4824E-07	1.5529E-07	4.9943E-07	-1.2048E-06
2.7648E-09	1.7326E-07	9.0344E-07	7.9211E-07
-1.5731E-08	1.4572E-07	2.1024E-06	-6.8981E-07
-5.1172E-08	4.0685E-08	8.4827E-08	9.5252E-09
-3.1105E-08	6.0482E-08	2.0083E-06	1.8280E-06
-2.7748E-08	6.3682E-08	3.5950E-06	-3.8481E-07
-6.1472E-09	4.8220E-08	1.1281E-06	-1.6963E-06
2.5006E-08	5.8672E-08	6.8592E-07	1.1491E-06
6.6901E-08	7.2114E-08	3.3511E-06	2.4644E-07
3.8381E-08	4.8066E-08	1.4296E-06	-1.5403E-06
2.1222E-08	2.2850E-09	4.2472E-07	5.1455E-07
-1.7038E-08	-2.7099E-10	1.8499E-06	1.5925E-06
-2.2812E-08	4.0374E-08	3.7059E-06	8.7554E-07
-1.2983E-07	7.4705E-08	2.9220E-06	-1.4295E-06
-5.1175E-08	5.6550E-08	1.5296E-06	3.4642E-07
6.2148E-08	8.3387E-08	4.1331E-06	-3.1350E-07
4.3195E-08	1.5610E-07	1.9553E-06	-2.3614E-06
8.7765E-08	4.8944E-09	1.5247E-06	-6.0410E-07
1.2709E-07	-2.1753E-08	1.5009E-06	-1.3213E-06
1.1743E-07	-2.5373E-08	8.7815E-07	1.1094E-07
5.9459E-08	-1.4339E-07	2.6478E-06	-8.0101E-09
-9.5783E-09	-1.0759E-07	1.8212E-06	-1.6174E-06
-4.8055E-08	-1.0921E-07	6.1751E-07	-2.4950E-07
-1.3720E-07	4.5733E-09	2.1208E-06	-4.6506E-08
-9.6373E-08	1.3338E-08	1.0544E-06	-1.0483E-06
4.2279E-08	5.9122E-08	5.1730E-07	6.3899E-07
4.5642E-08	4.2794E-08	2.2112E-06	1.6214E-06
5.9952E-08	2.1990E-08	3.8928E-06	-2.7801E-07
2.8080E-08	-1.6962E-08	1.8711E-06	-1.4354E-06
2.9789E-08	-8.9337E-08	2.0852E-06	-5.0444E-07
1.8689E-08	-1.0129E-07	1.2752E-06	-8.4243E-07
-5.4693E-08	-7.1864E-08	2.3988E-06	7.0964E-08
-6.7587E-08	-7.0040E-08	1.2816E-06	-1.6602E-06
-1.0464E-07	-1.1620E-08	1.2540E-06	9.9104E-07
-8.0363E-08	-8.0183E-08	2.9110E-06	-8.9242E-07
-9.5662E-08	-8.1635E-08	1.4671E-06	-7.0094E-07
-5.2062E-08	-4.3938E-08	1.5768E-06	-1.1507E-06
-6.8751E-08	-7.0473E-08	5.9741E-07	5.1779E-07
-6.2697E-09	2.0924E-08	3.2589E-06	1.5245E-07
-9.1159E-08	-2.6337E-08	1.6712E-06	-1.8317E-06
-5.8275E-08	-7.5175E-09	6.8327E-07	-2.7193E-07
-4.7304E-08	8.6136E-08	1.7854E-06	3.0086E-07
-7.1115E-08	6.9502E-08	2.0240E-06	-5.1166E-07
-1.9834E-08	2.0831E-08	1.8654E-06	-3.3114E-07
-5.7188E-08	-5.3805E-08	1.8513E-06	-1.2015E-06
-1.0567E-08	-2.5642E-08	6.6894E-07	-4.3413E-07
-7.0393E-08	-2.0885E-08	1.5312E-06	-7.0097E-08
-7.4963E-08	2.4882E-08	1.1104E-06	2.0120E-07
-8.4718E-08	6.2925E-08	2.7207E-06	2.4310E-07
-9.3124E-08	2.4175E-08	1.5760E-06	-1.6473E-06
-1.9945E-08	6.9749E-08	6.6799E-07	3.4251E-07
-4.0338E-08	4.0277E-08	2.4989E-06	-4.0588E-07
7.9249E-09	6.4717E-08	2.5842E-07	-1.1776E-06
4.8468E-09	1.6820E-08	6.9883E-07	1.4529E-06
2.1311E-08	-2.8213E-08	2.3246E-06	8.0521E-07
1.9878E-08	-1.1198E-08	2.9412E-06	4.5487E-07
-5.4682E-09	-6.8862E-08	2.7125E-06	-1.6446E-06
-2.4200E-08	-3.6777E-08	7.0958E-07	-6.9235E-07
-2.8376E-10	-3.3433E-08	1.5472E-06	-3.1557E-07
-3.7625E-08	3.4608E-08	6.4423E-07	2.5437E-07
1.7420E-08	4.8095E-08	2.3919E-06	1.0991E-06
-3.3000E-08	3.2046E-08	2.9466E-06	-4.5109E-07
-4.3855E-08	7.3089E-08	2.2177E-06	-1.5531E-06
-1.1659E-08	6.6704E-08	4.7572E-07	-1.3078E-06
4.4065E-08	3.3554E-08	1.2704E-07	1.3466E-07
2.6607E-08	1.2805E-08	9.6338E-07	1.6301E-06
1.9040E-08	-3.4881E-10	2.9383E-06	5.9865E-07
1.0232E-07	-3.9719E-08	1.5553E-06	5.2238E-08
4.4460E-08	-8.2265E-08	3.0710E-06	4.1557E-07
3.8423E-08	-1.0952E-07	1.4018E-06	-1.2073E-06
5.0563E-08	-8.1157E-08	1.8710E-06	1.3251E-06
2.4089E-09	-8.4512E-08	3.2082E-06	-8.2891E-07
-7.8112E-08	-7.8253E-08	1.6473E-06	-6.3142E-07
-1.5214E-08	-1.0048E-07	1.9392E-06	-7.3995E-07
-2.9021E-08	-3.3972E-08	1.1932E-06	-2.5778E-07
-7.7760E-08	-3.9544E-08	1.6788E-06	1.3268E-07
-3.5657E-08	-1.6681E-08	2.3543E-06	4.5620E-07
-6.5955E-08	-3.6092E-08	2.8565E-06	-1.5363E-06
-2.9363E-08	-2.3002E-08	3.2115E-08	-1.0782E-06
-3.6568E-08	-6.1366E-09	1.3164E-06	8.8971E-07
1.2245E-09	-3.6185E-08	1.5052E-06	1.1663E-07
-7.6290E-08	-2.5438E-08	2.0892E-06	9.3290E-07
-1.0093E-07	3.7711E-09	2.4602E-06	-4.5729E-07
-7.0100E-08	-5.7896E-08	1.3844E-06	3.1683E-07
-1.6840E-08	4.5210E-08	2.9137E-06	5.4308E-07
-9.4513E-09	1.7999E-08	2.5253E-06	-9.1634E-07
-5.7509E-08	2.3572E-08	1.6091E-06	-4.4706E-07
-4.5812E-08	-1.0329E-08	1.6994E-06	1.5078E-07
-3.3388E-08	3.7092E-08	2.6077E-06	5.7897E-07
-3.8497E-08	2.2691E-08	3.1796E-06	-9.4043E-07
-5.5112E-08	1.0014E-08	1.4802E-06	-1.0210E-06
-5.7547E-09	5.8414E-08	2.1010E-06	2.2354E-07
-5.3163E-08	-1.6908E-08	2.8824E-06	-6.7548E-07
2.0338E-08	-1.6965E-08	2.0574E-06	-1.4809E-06
-8.1883E-09	-3.3620E-08	1.2564E-06	-4.4523E-07
4.7011E-09	-1.0952E-08	2.8494E-06	-4.6690E-07
-1.2255E-08	2.6403E-09	1.5416E-06	-2.1798E-06
-1.9042E-08	-1.0817E-08	5.3249E-07	-3.6951E-07
-5.7250E-08	3.6610E-08	1.7763E-06	-7.9540E-08
-5.6489E-09	8.5174E-08	2.2310E-06	-9.8606E-07
-9.3634E-08	3.5367E-08	3.8241E-07	-2.1197E-06
2.5775E-08	1.4479E-07	-8.6011E-07	1.1400E-06
7.1754E-09	9.0638E-08	2.7412E-06	1.6596E-06
4.3296E-08	4.8689E-08	2.3607E-06	-1.0813E-06
7.8025E-08	4.5618E-08	5.5631E-07	-4.7286E-08
1.2581E-07	-2.7741E-08	1.9938E-06	1.2249E-06
7.7010E-08	-2.1377E-08	2.6159E-06	-1.1606E-08
6.3631E-08	-5.6363E-08	2.5277E-06	1.0099E-07
1.9329E-08	-7.2717E-08	2.5187E-06	-9.5473E-07
-3.0260E-09	-4.6401E-08	2.0090E-06	1.1393E-07
1.6467E-08	-4.7540E-08	3.6056E-06	-1.5783E-06
-3.1622E-08	-1.3567E-08	2.9721E-07	-2.2172E-06
6.3471E-08	-2.2909E-08	9.1997E-07	6.0662E-07
1.2599E-08	-6.2418E-08	2.4849E-06	3.1183E-08
3.7326E-08	-7.1282E-08	2.8672E-06	-1.5042E-06
5.5516E-08	-3.6908E-08	5.6667E-07	-2.1070E-06
9.3149E-09	-9.9321E-08	7.2324E-07	-2.0654E-07
4.7594E-08	-3.1167E-08	9.1700E-07	-7.4407E-07
-5.0432E-08	-4.4750E-08	9.8730E-07	1.7741E-07
-4.7107E-08	-5.0946E-08	1.6311E-06	-5.3166E-07
-3.8133E-08	-4.8991E-08	9.1605E-07	-9.7469E-07
-1.4003E-07	-4.6574E-08	-5.3693E-07	-1.7058E-07
-1.0350E-07	-1.8160E-08	1.0426E-06	2.4289E-06
-7.7307E-08	-2.2272E-08	3.4874E-06	1.2549E-07
1.9325E-08	6.1257E-08	1.3458E-06	-1.2886E-06
-3.3179E-08	-3.2310E-08	5.2449E-07	3.1418E-07
-7.8425E-08	-2.8561E-08	2.1253E-06	1.0578E-06
2.0878E-08	2.7813E-08	2.4763E-06	-7.3732E-07
2.6436E-08	2.2465E-08	1.3999E-06	-4.5272E-07
-6.9372E-08	-6.1258E-08	1.5821E-06	-1.0652E-06
2.0071E-08	5.0674E-09	-4.2278E-07	-1.3428E-07
-1.5254E-08	-1.8616E-08	1.7555E-06	1.8811E-06
3.5036E-08	1.9081E-08	2.5165E-06	-8.3279E-07
5.1458E-08	2.2940E-08	6.7484E-08	1.9303E-08
-5.8536E-09	-2.8608E-08	1.9697E-06	1.6405E-06
-6.1450E-08	-3.6729E-08	2.4382E-06	-2.2131E-07
-8.9284E-08	-3.7654E-08	1.5773E-06	3.4409E-07
-4.9895E-08	-7.9279E-09	2.5275E-06	7.2079E-09
-7.1989E-08	-2.1336E-08	1.5911E-06	-5.8211E-07
-3.4592E-08	2.1525E-08	1.6499E-06	1.1921E-07
-2.4173E-08	5.2643E-08	1.5404E-06	-2.1091E-07
3.5653E-08	7.4258E-08	1.8195E-06	8.1166E-07
6.9138E-08	3.2129E-08	3.2313E-06	-8.4008E-07
3.0468E-08	6.1739E-09	5.5436E-07	-1.7391E-06
5.7653E-08	2.4551E-08	4.5269E-07	2.5895E-07
6.7152E-08	-7.4171E-09	1.6716E-07	5.7558E-07
6.0002E-08	-2.8504E-08	2.0045E-06	2.8361E-06
-2.3175E-08	6.2568E-09	4.2521E-06	-3.6751E-07
2.8449E-08	7.5064E-09	1.3423E-06	-1.0232E-06
4.3965E-08	2.4073E-08	2.2812E-06	2.9085E-07
3.3267E-08	1.0467E-08	2.2363E-06	-1.5472E-06
2.1464E-08	-5.7035E-08	-4.2296E-08	-1.0326E-06
6.1355E-08	-9.3561E-08	5.7394E-07	1.0822E-06
-1.4119E-08	-9.2284E-08	1.5419E-06	4.4538E-07
1.3825E-08	-6.3103E-08	1.2956E-06	8.9979E-07
-1.7770E-08	-9.6128E-08	2.0053E-06	4.2500E-07
-7.5473E-08	-7.8387E-08	1.1468E-06	8.4268E-07
-2.1473E-08	-6.7569E-08	2.6681E-06	1.6143E-06
4.0554E-08	4.5344E-08	3.5538E-06	9.1666E-08
-2.7050E-08	-3.0408E-08	2.5974E-06	-1.3859E-06
1.6671E-08	1.6225E-08	7.2865E-07	-5.2106E-07
-3.9424E-08	1.1876E-10	2.0956E-06	9.6491E-07
2.2248E-08	1.3071E-08	2.7962E-06	-9.2438E-07
5.5120E-08	-3.2088E-08	7.4523E-07	-1.0543E-06
1.7722E-08	-2.2131E-08	9.9175E-07	6.7692E-07
4.6781E-09	-2.7704E-09	1.8601E-06	-6.5677E-08
-1.8106E-08	-5.0007E-08	6.2064E-07	1.5135E-07
-3.0247E-08	-4.7297E-08	1.3562E-06	1.5296E-06
-7.0648E-09	-5.0487E-09	2.5923E-06	1.2897E-06
-2.5653E-08	1.6922E-08	3.2633E-06	-2.3403E-08
-3.4843E-08	7.1231E-09	1.4457E-06	-8.9277E-07
3.6229E-08	3.9994E-08	1.5389E-06	1.3250E-06
-5.0365E-08	5.6791E-08	3.2671E-06	-9.9208E-08
-6.4133E-09	6.2426E-08	1.4818E-06	-4.8547E-07
-2.7824E-08	3.0927E-09	2.0518E-06	2.3005E-07
-3.3906E-08	-5.4314E-09	1.4400E-06	2.6845E-07
7.5455E-09	2.1137E-08	3.0846E-06	7.9118E-07
5.1828E-09	1.7333E-08	2.0728E-06	-1.5379E-06
6.0938E-08	9.6936E-09	8.0219E-07	4.8304E-07
3.3914E-08	3.0653E-08	1.7046E-06	3.5324E-07
6.5154E-10	-1.0305E-09	1.4224E-06	1.8529E-06
-1.6107E-08	1.6671E-08	4.4213E-06	1.4331E-06
-2.2872E-08	3.5839E-08	3.8699E-06	-1.2308E-06
-6.5313E-09	3.5350E-08	2.5328E-06	-1.3124E-06
4.9612E-08	1.5295E-08	1.9633E-06	-1.1829E-06
5.9751E-09	3.8604E-08	1.5847E-06	-4.9017E-07
3.5372E-08	2.9739E-08	2.5689E-06	-6.4766E-07
1.2083E-09	1.6244E-08	1.0120E-06	-1.9648E-06
4.9952E-08	2.7763E-09	-4.9074E-08	7.0101E-07
9.7037E-08	-6.0729E-08	2.4302E-06	1.2138E-06
8.8206E-08	7.9207E-09	2.9678E-06	-3.6941E-07
3.7222E-08	-1.9278E-08	1.7269E-06	-1.2253E-06
4.1896E-08	-4.7288E-08	1.2929E-06	1.3556E-07
8.1944E-08	-3.9493E-08	2.2127E-06	-2.4968E-07
6.2186E-08	-4.0243E-08	2.1084E-06	-3.9462E-07
-3.6877E-08	-5.1910E-08	1.7616E-06	-1.6428E-06
-3.5596E-08	-7.1739E-08	5.3030E-08	-1.7489E-07
-1.7645E-08	-2.3269E-08	1.8905E-06	1.9241E-07
-1.0424E-08	-3.1427E-08	7.2694E-07	-6.6004E-07
1.8531E-08	-6.6974E-09	7.9326E-07	6.1753E-07
6.1951E-08	-2.9802E-08	1.4140E-06	6.9085E-07
5.6481E-09	8.7808E-09	1.7380E-06	9.3736E-08
2.9334E-08	9.2688E-09	5.9979E-07	3.9422E-07
7.4315E-09	-2.6163E-08	1.7769E-06	1.7079E-06
3.8621E-08	-8.8103E-08	2.7371E-06	2.4253E-07
-1.6200E-08	-2.8583E-08	1.1869E-06	-1.6418E-07
-7.6726E-10	-6.0943E-08	1.5912E-06	1.7078E-06
1.1051E-08	-6.9273E-08	3.3752E-06	3.5961E-07
3.4147E-09	-6.0095E-08	1.7441E-06	-5.2821E-07
-6.7013E-08	-3.3449E-08	1.5626E-06	4.3853E-07
1.6359E-08	-2.1790E-08	1.8683E-06	9.7276E-07
1.4196E-08	2.4775E-09	3.0732E-06	5.8592E-07
5.7483E-08	-3.5757E-08	2.5050E-06	-5.8336E-07
2.4554E-08	4.3802E-08	1.7608E-06	-4.8026E-07
-3.6016E-08	-3.7828E-08	1.2512E-06	1.3293E-07
-1.9780E-08	1.9866E-08	1.7005E-06	6.5833E-07
-4.3446E-08	6.7612E-08	1.9134E-06	8.0288E-07
-1.4288E-08	-9.2608E-09	2.4610E-06	7.6354E-07
-1.2618E-08	2.8411E-08	2.6694E-06	3.9365E-07
-2.2343E-08	-6.6033E-09	2.1873E-06	2.2424E-08
-3.8098E-08	2.7027E-08	2.7864E-06	1.2805E-06
8.8752E-08	2.8658E-08	3.9849E-06	-1.3788E-06
9.8096E-08	-2.6178E-08	3.8548E-07	-5.9417E-07
1.0422E-07	3.8790E-08	3.3577E-06	1.1745E-06
6.9421E-08	2.2183E-08	2.0818E-06	-1.7601E-06
4.5138E-08	3.8569E-08	1.0025E-06	1.0250E-06
1.0000E-07	-7.6034E-08	3.4872E-06	8.2563E-07
8.6605E-08	-1.7745E-08	3.2881E-06	-1.3527E-06
2.4544E-08	-2.7976E-08	7.2829E-07	-1.0522E-06
1.4970E-08	-3.9294E-08	1.8037E-06	1.6687E-06
3.8105E-08	-5.4896E-08	4.1462E-06	1.5245E-07
2.8381E-08	-4.3751E-08	2.9309E-06	-1.9229E-06
1.4919E-08	-4.0508E-08	1.0433E-06	-8.9473E-07
-6.3034E-08	-3.1872E-08	2.2836E-06	2.3424E-07
4.8334E-08	-3.6839E-09	2.4836E-06	-8.1984E-07
-6.9518E-09	-1.4570E-08	2.1952E-06	-9.9287E-07
-6.1990E-08	5.7283E-08	1.4352E-06	-1.1778E-06
4.3293E-08	-2.3710E-08	1.3679E-06	-5.6242E-07
1.1722E-07	-2.7325E-08	1.0970E-06	-4.8610E-07
6.3618E-08	-3.1682E-08	1.5736E-06	-5.3540E-08
4.5162E-08	-2.3951E-08	9.2194E-07	-7.6190E-07
5.0702E-08	-1.3772E-09	2.5178E-07	1.1089E-06
8.6417E-08	-8.4273E-08	2.6622E-06	1.9105E-06
4.1160E-08	-1.0414E-08	3.4514E-06	-5.9165E-07
3.2792E-08	-2.8346E-09	1.3755E-06	-5.0483E-07
-3.7012E-09	-2.3268E-08	2.5647E-06	1.8162E-07
2.4979E-08	-3.9583E-08	1.7067E-06	-8.1913E-07
1.5807E-09	-5.0771E-08	2.0558E-06	7.9227E-08
-3.1181E-08	-3.9488E-08	1.6327E-06	-9.6151E-07
-2.7217E-08	-9.4466E-08	1.1151E-06	-1.9828E-08
2.0869E-08	-7.1928E-08	8.2140E-07	3.4588E-07
1.9463E-08	-1.1664E-08	2.2722E-06	1.8866E-06
1.6371E-08	-2.6127E-08	3.4168E-06	-4.1682E-07
4.3235E-09	-3.3562E-08	1.8405E-06	-3.3439E-07
-3.1300E-08	-6.4382E-09	2.3933E-06	-9.4133E-08
1.0465E-09	-3.1453E-08	2.2316E-06	-4.1283E-07
-3.2043E-08	-1.2729E-08	1.9308E-06	-5.0439E-07
-2.9589E-08	1.4553E-08	2.0555E-06	-7.2621E-08
-1.8886E-08	-2.9871E-08	2.2161E-06	-6.9327E-07
4.2588E-08	4.8971E-09	1.8045E-06	-5.6400E-07
-1.6605E-09	2.5110E-08	1.5048E-06	-9.6309E-07
2.6706E-08	-2.6017E-09	6.7064E-07	1.9674E-07
4.9690E-08	1.7161E-08	2.2503E-06	8.6003E-07
3.7346E-09	3.2728E-08	2.7286E-06	-5.6031E-07
-3.0565E-08	1.8312E-08	1.5918E-06	-1.0346E-06
-2.3123E-08	1.1992E-08	1.3102E-06	-2.0218E-07
2.8230E-08	-3.4555E-08	1.6751E-06	-3.9261E-07
2.4292E-08	-1.9050E-09	1.0712E-06	-3.0229E-07
7.3996E-09	8.9910E-09	1.4364E-06	3.8738E-07
4.4689E-08	3.0986E-08	1.7513E-06	-2.9642E-07
-4.2546E-09	5.1454E-09	6.8611E-07	2.4359E-07
3.3976E-08	-4.7514E-09	2.0517E-06	1.2319E-06
2.4765E-08	-5.5692E-09	2.3794E-06	-6.1597E-08
1.5717E-08	1.4082E-08	2.0827E-06	4.4264E-08
1.5731E-08	-6.1411E-08	1.8172E-06	-3.9068E-07
4.7708E-08	-1.8264E-08	1.7968E-06	4.0852E-07
3.8043E-08	2.8687E-10	2.4621E-06	-4.5108E-07
3.8394E-08	2.7489E-08	1.4412E-06	-6.2351E-07
1.2059E-08	2.9673E-08	1.3360E-06	-1.4823E-07
3.7607E-08	-2.9486E-08	1.5168E-06	1.8253E-07
5.9393E-08	-2.0306E-08	1.6363E-06	-3.7288E-07
2.3580E-08	1.7015E-08	4.9970E-07	1.4424E-07
5.4391E-08	1.6161E-08	1.3236E-06	1.5881E-06
7.2681E-09	-7.0607E-09	2.7041E-06	1.1066E-06
1.6678E-08	-3.2748E-08	2.7444E-06	1.6293E-07
5.4535E-08	-6.6011E-08	2.5622E-06	-8.9156E-08
-2.1758E-08	-4.6571E-08	2.4259E-06	-7.3565E-07
4.8760E-08	2.8461E-08	1.1209E-06	-8.2730E-07
-2.9724E-08	-9.1732E-09	8.5138E-07	9.9039E-07
1.4971E-08	-7.4474E-08	3.1172E-06	1.3647E-06
1.3849E-08	-1.8570E-08	3.6244E-06	-1.2847E-06
-2.6880E-08	4.6539E-08	5.6416E-07	-1.9024E-06
2.4023E-08	-4.8108E-08	2.5629E-07	1.5827E-06
-1.2390E-08	-1.5616E-09	3.6354E-06	1.0138E-06
1.5612E-08	1.6782E-08	2.4207E-06	-1.1833E-06
3.8969E-09	-7.8608E-09	1.9373E-06	-5.1134E-07
-6.7603E-10	3.0191E-08	1.3155E-06	-1.0348E-06
-1.0941E-08	-2.1056E-08	6.7745E-07	1.2079E-07
4.5797E-08	-3.9038E-08	1.1831E-06	1.0902E-06
-2.1302E-08	-2.4485E-09	3.1935E-06	1.1348E-06
-5.7466E-08	1.8415E-08	2.7460E-06	-1.6281E-06
4.5026E-08	-7.3690E-08	3.0064E-07	-4.1609E-07
3.9222E-08	6.3125E-09	1.4976E-06	1.3216E-06
4.7747E-09	-4.3124E-08	2.9027E-06	7.4070E-07
-5.0550E-09	-1.1772E-08	2.9847E-06	-2.9563E-07
4.5114E-08	-4.3634E-08	2.6336E-06	-1.2055E-06
-1.0796E-07	4.4379E-08	9.3373E-07	-8.1018E-07
6.1704E-08	-1.3885E-08	2.7583E-06	4.1505E-07
6.0228E-08	1.4675E-09	1.8725E-06	-2.7245E-06
4.4792E-08	-1.9530E-08	-6.7310E-07	-4.2535E-08
4.9426E-08	1.1194E-08	1.4815E-06	7.2204E-07
5.2868E-08	-6.1373E-08	1.4326E-06	5.5609E-07
2.1289E-08	3.2178E-08	2.2995E-06	1.8735E-07
-1.1612E-08	6.7218E-09	1.9058E-06	-4.1227E-07
3.2849E-08	1.3517E-08	1.1027E-06	-7.9567E-07
-1.3082E-08	-6.3911E-08	5.8164E-07	1.1760E-06
-3.9317E-08	2.1379E-09	2.9652E-06	7.4501E-07
5.7974E-08	-4.0317E-08	2.1223E-06	-3.6533E-07
-3.6074E-09	-2.0362E-08	2.3824E-06	-6.0411E-07
1.9823E-08	-1.9916E-08	1.1351E-06	-6.5030E-07
3.6603E-08	2.0611E-09	2.1760E-06	-2.1111E-07
2.3229E-08	1.9282E-08	7.9740E-07	-1.4025E-06
2.6496E-08	-3.7785E-08	6.3194E-07	6.7985E-07
1.7585E-08	3.5335E-08	1.9347E-06	-1.5452E-08
-4.3932E-08	-3.2954E-08	1.4263E-06	-6.8873E-07
2.8846E-08	5.1737E-09	6.3454E-08	-9.7904E-07
1.6649E-08	-6.2590E-09	-8.2979E-07	1.7401E-06
-1.2851E-08	3.4077E-08	2.5995E-06	2.7685E-06
1.6087E-08	-4.8165E-09	3.5097E-06	-2.8882E-07
3.5312E-08	-6.7314E-08	1.3490E-06	-1.0973E-06
3.1015E-08	4.4869E-09	6.1439E-07	3.3462E-07
-9.7329E-09	4.3483E-12	1.6274E-06	7.5847E-07
4.2766E-09	-5.4271E-08	1.3759E-06	2.5652E-07
6.9911E-09	7.7523E-09	1.8378E-06	1.1540E-06
-4.5066E-09	1.4424E-08	2.8034E-06	-5.1699E-07
6.2608E-09	1.8228E-08	2.8128E-07	-1.0068E-06
5.5500E-09	1.3789E-08	2.1485E-07	1.6359E-06
6.0765E-09	-1.5335E-10	2.3845E-06	1.7557E-06
2.0081E-09	-4.5589E-08	2.9097E-06	1.7650E-07
-6.3977E-08	-1.6260E-08	1.4582E-06	-6.0994E-07
1.0108E-08	2.2952E-08	1.2357E-06	1.4186E-06
-1.1146E-08	-1.9415E-08	3.8533E-06	-1.4709E-07
-4.6454E-08	-2.7966E-08	7.5239E-08	-2.1565E-06
1.9255E-08	-5.0415E-08	-1.1292E-07	2.4228E-06
-6.7090E-09	2.2080E-08	3.1099E-06	1.3500E-06
-4.2993E-09	2.1854E-08	2.6517E-06	-8.6824E-08
-3.9442E-08	3.8835E-08	1.3742E-06	-7.9645E-07
-1.8831E-09	1.2016E-08	1.1678E-06	1.2815E-06
9.4851E-09	1.4701E-08	2.6109E-06	-2.8798E-07
6.9070E-09	6.2872E-08	6.1791E-07	5.5689E-07
8.0031E-09	3.7058E-08	2.8943E-06	8.8938E-07
4.7541E-08	-9.2036E-08	1.8834E-06	-6.0884E-07
1.6861E-08	2.6967E-08	1.6249E-06	-2.7808E-07
-9.1966E-10	5.3588E-08	8.3429E-07	-2.0005E-08
-2.3289E-08	2.8767E-09	1.3172E-06	4.0713E-07
-1.8530E-08	4.7564E-08	9.5783E-07	7.9982E-07
6.8556E-08	-1.2673E-08	2.0407E-06	3.5873E-07
3.5400E-08	5.2525E-08	-1.5109E-08	5.3668E-07
3.4655E-08	-2.4600E-08	2.0569E-06	2.6899E-06
6.2154E-09	-2.0885E-08	2.9312E-06	8.6700E-07
1.2251E-09	1.1121E-09	3.3060E-06	3.3973E-07
-2.5821E-08	-2.7875E-08	1.7893E-06	-1.3670E-06
-1.8779E-08	1.2570E-08	4.7067E-07	4.0395E-07
2.5424E-08	-6.7464E-08	1.1256E-06	1.6260E-06
3.2144E-08	-4.0122E-08	3.2525E-06	1.3492E-06
1.2723E-08	-8.3120E-09	1.5481E-06	-4.6877E-07
6.6610E-08	-6.3394E-08	2.3291E-06	2.3150E-06
6.7541E-09	2.5617E-08	3.9589E-06	-6.3464E-07
3.0072E-08	-4.5367E-08	1.9790E-06	-5.3770E-07
3.9981E-08	-6.0264E-09	1.8232E-06	-1.0650E-06
1.0121E-08	-5.9625E-08	8.5339E-07	5.4219E-07
-1.9637E-09	-1.2360E-08	2.2152E-06	-4.2375E-07
3.8809E-08	-2.3517E-08	-5.0310E-09	5.9583E-07
1.5200E-09	-1.0270E-07	2.9557E-06	1.6371E-06
-3.1749E-09	1.1971E-08	1.9330E-06	-1.1411E-06
4.8123E-09	3.0417E-08	3.1354E-07	8.3697E-07
-2.8216E-08	-2.1712E-09	2.0749E-06	1.8779E-06
-3.9568E-08	-1.8020E-08	2.9338E-06	8.1840E-07
3.1637E-08	-1.1400E-08	3.0819E-06	4.2717E-07
3.1021E-08	-4.2372E-09	2.9597E-06	-1.2587E-06
-5.5557E-08	-1.9177E-08	6.2643E-07	-4.6271E-07
-1.4921E-09	1.0227E-07	2.5070E-06	8.2386E-07
1.0940E-08	3.2742E-08	2.1342E-06	-1.3979E-06
2.1974E-08	-3.2692E-10	4.3435E-07	-4.9264E-07
-4.6974E-08	1.9884E-08	5.5503E-07	6.8066E-07
-4.6356E-08	-3.2701E-08	1.6218E-06	1.3692E-06
-6.3222E-09	2.8858E-08	2.3079E-06	3.9774E-07
3.8161E-08	1.3265E-08	1.6991E-06	1.0080E-07
-4.8654E-09	-5.2355E-08	1.6145E-06	4.6156E-07
-8.0148E-09	-1.4183E-08	2.1920E-06	2.6458E-07
6.3310E-08	-6.9228E-08	1.1747E-06	-6.2056E-07
1.2319E-08	1.7796E-09	5.8261E-07	1.4868E-06
3.3177E-08	4.3913E-08	3.2302E-06	1.1108E-06
2.9672E-08	1.5861E-08	1.9426E-06	-1.1976E-06
-1.0032E-07	-9.1186E-09	2.5986E-07	2.3738E-07
-4.6109E-09	-1.9783E-08	1.1999E-06	1.7520E-06
1.5417E-08	7.4883E-09	2.9213E-06	1.2682E-06
2.5396E-08	-3.5487E-08	2.6104E-06	-2.6946E-07
5.2507E-08	-9.7101E-08	1.9222E-06	-3.4242E-07
-2.7640E-08	4.6496E-08	9.4968E-07	-3.3211E-07
1.6169E-08	-1.5628E-08	1.4128E-06	1.3246E-06
6.5373E-09	2.1515E-08	2.4721E-06	-3.1585E-07
-2.8742E-08	5.4798E-08	5.5357E-07	2.8587E-07
4.8410E-08	6.3262E-08	2.0677E-06	7.7226E-07
-8.9125E-09	-1.3531E-08	8.7829E-07	5.9201E-07
-1.0238E-08	2.2852E-08	3.3451E-06	1.3463E-06
-3.1202E-08	-1.2890E-08	1.3815E-06	-2.2722E-06
-2.1434E-10	3.5544E-08	-4.3203E-07	1.8364E-06
-8.1194E-09	5.4943E-08	2.5292E-06	9.2754E-07
4.3132E-08	-2.8344E-09	1.3478E-06	1.3354E-06
7.5407E-09	-4.9647E-08	3.4135E-06	-1.0376E-08
-1.5490E-08	3.4755E-08	9.2306E-08	-1.9209E-07
1.9526E-08	1.6972E-08	2.5904E-06	1.9907E-06
4.2006E-08	-5.9306E-08	2.3758E-06	-3.9504E-07
-5.2777E-08	3.4113E-08	2.4713E-06	-1.1070E-07
-5.9843E-09	-2.4880E-08	4.2331E-07	-1.6198E-06
-8.4949E-09	7.2791E-08	-1.2433E-07	1.8066E-06
-5.4163E-09	-1.0708E-08	2.1106E-06	1.2307E-06
1.5133E-09	9.8986E-08	1.9436E-06	5.5831E-07
5.6621E-09	-3.4844E-09	1.1682E-06	1.1799E-07
4.3800E-08	-3.3554E-08	1.4035E-06	1.4496E-06
-4.1801E-08	1.0050E-08	2.0502E-06	4.2765E-07
-1.1021E-08	-1.6248E-08	1.6958E-06	5.7433E-07
-3.4429E-08	3.6565E-08	9.1952E-07	-6.6471E-08
4.3278E-08	-2.2669E-08	9.4174E-07	2.2238E-06
-1.4848E-08	-3.4968E-08	2.8408E-06	6.4152E-07
-3.2815E-08	2.4767E-08	1.2138E-06	7.1274E-07
-2.2159E-08	4.8117E-08	2.2224E-06	7.9869E-07
9.1253E-09	4.7000E-08	1.4372E-06	4.9038E-07
4.0961E-08	2.2482E-08	1.4387E-06	6.9809E-07
3.1493E-08	-2.8555E-08	1.2290E-06	1.6960E-06
4.9879E-08	-3.1380E-08	3.0063E-06	1.2820E-06
4.2085E-08	-4.3368E-08	2.0188E-06	-1.4910E-08
-3.3146E-08	-3.9167E-08	1.5364E-06	9.0173E-07
-3.1338E-08	8.9008E-09	2.7084E-06	8.7574E-07
2.8155E-08	2.7949E-08	1.7750E-06	-1.1060E-06
-1.4231E-08	3.4529E-08	-1.9005E-07	9.7393E-07
-4.1245E-08	1.1610E-07	1.6103E-06	1.7221E-06
1.4470E-08	7.4442E-08	1.6853E-06	1.8498E-06
1.8754E-08	2.1101E-08	3.0287E-06	9.8647E-07
-4.0879E-08	8.6337E-08	1.6469E-06	5.9846E-07
-7.7004E-09	6.7394E-08	2.5459E-06	7.1003E-07
4.7345E-08	-2.6809E-09	9.6961E-07	3.2059E-07
2.6586E-08	3.1595E-08	1.9315E-06	1.9425E-06
2.4440E-08	-1.7023E-08	2.4038E-06	9.4450E-07
-1.8037E-08	6.1371E-08	2.4761E-06	1.0338E-06
-4.5677E-08	2.2451E-08	2.3929E-06	5.7409E-07
1.6761E-08	-4.6204E-08	2.4786E-06	5.6988E-07
2.0702E-08	1.8114E-08	2.3643E-06	1.0266E-07
9.8980E-09	-5.7135E-08	1.6620E-06	-5.4736E-07
-2.5697E-08	-4.0753E-08	1.0401E-07	1.1047E-06
2.9179E-08	-4.2568E-09	2.8334E-06	2.0509E-06
-1.7425E-09	5.1829E-08	1.8248E-06	-2.7096E-07
7.8416E-09	4.5539E-08	1.3420E-06	2.0714E-06
-1.2574E-08	-4.3189E-08	3.4362E-06	1.1169E-06
1.3061E-08	1.5877E-08	2.3249E-06	-9.5477E-09
9.9955E-09	1.4310E-08	2.1805E-06	9.5470E-07
6.1166E-08	-1.5260E-08	3.3840E-06	-2.1869E-07
5.4197E-08	3.9210E-08	6.1802E-07	-1.2210E-06
-5.2892E-09	-5.1921E-09	1.0730E-06	2.4018E-06
-8.1785E-09	8.2854E-08	4.2297E-06	-1.6218E-07
-3.4143E-09	6.4277E-08	2.3672E-07	-2.0631E-06
-4.9782E-08	-2.4013E-08	-3.0492E-07	1.7924E-06
8.7522E-09	5.1230E-08	1.7114E-06	1.2039E-06
4.7899E-08	6.8604E-08	7.6036E-07	1.9285E-06
-1.5141E-08	7.2898E-09	3.3858E-06	2.0132E-06
3.3824E-08	-1.6397E-08	2.1218E-06	-2.9760E-07
2.4917E-08	-3.3142E-08	1.7411E-06	1.2764E-06
-1.1446E-08	3.5724E-08	2.2822E-06	9.2062E-08
3.4098E-08	-2.7064E-08	9.4100E-07	5.5577E-07
-3.7218E-08	3.4148E-08	1.2750E-06	1.3378E-06
7.6258E-09	-6.4037E-09	1.7052E-06	1.7404E-06
-3.8759E-08	3.5155E-08	2.3144E-06	1.4249E-06
1.7094E-08	-1.7129E-08	2.0985E-06	1.4225E-06
-5.5650E-09	7.7897E-08	3.0235E-06	1.7204E-06
1.3666E-08	2.5910E-08	3.6093E-06	3.3233E-08
-1.5345E-08	2.0138E-08	1.6029E-06	-5.4936E-07
4.8673E-09	3.1422E-08	1.6598E-06	1.2419E-06
5.7445E-09	8.0046E-09	2.9705E-06	2.7828E-07
2.5468E-08	2.3186E-08	1.4994E-06	-7.2000E-07
2.9127E-08	1.1856E-08	5.8648E-07	5.0971E-07
-5.7021E-08	9.3890E-08	9.5313E-07	1.3058E-06
-2.4585E-09	4.1402E-08	1.6071E-06	1.8212E-06
-3.4606E-09	1.4711E-08	2.1798E-06	1.0834E-06
4.5783E-08	2.8570E-08	1.2432E-06	1.5414E-06
1.0653E-08	6.3605E-08	2.9211E-06	2.3313E-06
4.6879E-08	3.2565E-08	3.1138E-06	4.9711E-07
5.8572E-09	-2.7346E-08	2.3847E-06	9.2690E-07
3.9148E-11	8.8933E-08	3.1107E-06	2.8381E-07
6.7591E-08	1.9040E-08	1.8207E-06	-4.7364E-07
6.4199E-08	3.8137E-09	1.1496E-06	6.0455E-07
1.1229E-08	-2.0354E-08	1.6354E-06	9.8754E-07
4.8623E-08	-3.7634E-09	1.3084E-06	1.0038E-06
-8.4845E-08	-5.9454E-08	1.6231E-06	2.4754E-06
-2.3606E-09	3.4277E-08	4.0934E-06	1.8854E-06
6.2483E-09	-1.2129E-08	3.2966E-06	-4.2129E-07
1.1262E-10	9.3349E-08	2.5603E-06	-6.4918E-08
-3.7595E-09	-8.7430E-08	1.5855E-06	-8.2855E-07
-2.9538E-08	5.1918E-08	1.1743E-06	1.1837E-06
4.6892E-08	1.5801E-08	2.3180E-06	-7.3281E-08
1.7386E-08	4.0774E-08	6.8154E-07	1.1335E-06
-5.9596E-08	1.0105E-07	3.2228E-06	7.8093E-07
-3.2938E-08	7.3445E-08	7.2008E-07	-7.5817E-07
-1.1605E-08	5.6940E-08	8.2299E-07	1.6164E-06
-1.6518E-09	-1.5266E-08	1.4429E-06	1.3585E-06
-2.8547E-08	2.5536E-08	2.1088E-06	1.7691E-06
8.9160E-10	-2.1663E-08	2.2136E-06	8.1981E-07
2.7952E-08	2.3931E-08	1.7765E-06	1.1773E-06
1.3589E-08	2.1285E-08	2.1889E-06	1.3764E-06
-1.2352E-08	1.5340E-08	2.5124E-06	9.9770E-07
2.0204E-08	-1.2794E-08	2.5380E-06	7.6450E-07
3.3953E-08	-1.9805E-08	2.0815E-06	-4.1000E-07
-4.1194E-08	7.5940E-08	1.1121E-07	1.3268E-06
-1.7492E-08	2.8728E-08	2.9915E-06	2.4075E-06
1.1443E-08	2.5077E-08	2.4713E-06	4.0217E-07
-3.7813E-08	-1.2769E-08	2.6878E-06	1.0002E-06
-2.8527E-08	-8.4481E-08	1.8116E-06	-1.0265E-07
-2.7053E-08	-7.3308E-08	1.9431E-06	1.6563E-06
9.9451E-09	2.1937E-08	3.1983E-06	1.6349E-07
-1.2953E-08	2.4779E-08	1.7032E-06	-5.9947E-07
1.2582E-08	2.6156E-08	7.7052E-07	1.5460E-07
3.4267E-08	-1.8683E-08	6.1638E-07	8.9530E-07
-4.2175E-08	7.5423E-08	7.8650E-07	2.5286E-06
5.0097E-08	-2.2049E-08	3.7409E-06	1.7170E-06
2.5380E-09	-2.1471E-10	1.1885E-06	-3.3558E-07
-2.1754E-09	5.7422E-08	2.2130E-06	2.3046E-06
7.3704E-09	-4.3435E-08	2.1816E-06	-7.1013E-07
-5.5406E-08	-1.2106E-08	4.2566E-07	1.6208E-06
1.2888E-08	6.8517E-08	1.4990E-06	1.0883E-06
7.1362E-08	1.1634E-08	9.8542E-07	3.3025E-06
5.6804E-09	-6.7749E-09	4.4818E-06	1.7961E-06
-4.6397E-08	-4.9435E-08	1.8649E-06	-3.6064E-08
5.5823E-08	6.6951E-09	1.9937E-06	1.8120E-06
-3.8781E-08	-1.4077E-09	2.9441E-06	1.2689E-06
-1.1836E-08	-1.9061E-08	2.5837E-06	1.1007E-07
1.9483E-08	3.2063E-08	8.6165E-07	9.3438E-07
-4.7230E-08	-5.9696E-08	2.3712E-06	2.6723E-06
1.0905E-08	-1.4838E-08	3.7151E-06	1.0748E-06
1.0939E-08	2.7011E-08	2.3877E-06	3.7294E-07
-6.1408E-09	4.9777E-08	2.8732E-06	1.6285E-06
-2.9997E-08	2.5635E-08	4.0720E-06	-2.5544E-07
-6.6901E-08	6.6572E-08	1.7746E-06	-9.6462E-07
6.2225E-08	5.7388E-09	1.8759E-06	2.2466E-07
-4.1099E-08	2.0766E-08	1.4039E-06	-5.7778E-07
4.6286E-09	5.7569E-08	1.5133E-07	8.4021E-07
3.5120E-08	1.5167E-08	1.5876E-06	2.3858E-06
3.6974E-08	-1.3154E-08	3.2537E-06	1.2862E-06
-9.5943E-09	5.4367E-09	2.4962E-06	-2.3931E-07
-1.3557E-08	3.0444E-08	1.2824E-06	8.5661E-08
-1.0261E-10	5.4742E-09	1.0303E-06	1.1094E-06
9.2497E-10	2.8120E-08	2.2318E-06	1.8966E-06
2.2579E-08	-1.5116E-08	3.2968E-06	2.2249E-07
2.6223E-08	2.4546E-08	1.2346E-06	-8.0492E-07
-7.4192E-09	2.5125E-08	4.8752E-07	1.2398E-06
-1.1428E-09	-3.9665E-08	2.1413E-06	1.6170E-06
2.2332E-08	2.5553E-09	2.3355E-06	4.5616E-07
-3.1084E-08	-2.6730E-09	1.4459E-06	-4.2284E-08
5.3635E-08	-3.7375E-08	2.6908E-07	1.1624E-06
7.6449E-09	3.5702E-08	2.4561E-06	2.6433E-06
1.3211E-08	3.2222E-09	3.2504E-06	-4.1622E-07
-2.1959E-08	-3.9115E-08	6.0425E-07	-1.0833E-07
-3.3366E-08	8.0257E-08	1.1580E-06	8.4352E-07
5.1008E-09	-3.1367E-08	6.3886E-07	9.8946E-07
-6.5670E-09	-6.8804E-08	9.7542E-07	1.8159E-06
1.9282E-08	6.3008E-10	2.0014E-06	2.5258E-06
-5.9180E-09	-4.6600E-09	3.4904E-06	1.8815E-07
1.3341E-08	-4.3117E-08	-3.5856E-07	-1.4882E-07
-5.4495E-09	1.7367E-08	1.5591E-06	3.6031E-06
5.2442E-09	-1.0136E-08	3.7247E-06	5.3884E-07
6.4717E-09	6.3040E-09	1.1136E-06	-1.9726E-07
-4.2813E-08	-1.4633E-08	1.1898E-06	1.6241E-06
-8.6636E-08	-2.1845E-08	2.2938E-06	5.9156E-07
1.5613E-08	1.4410E-08	5.6860E-07	8.9461E-07
3.6687E-08	-5.3744E-08	2.5979E-06	1.7178E-06
-1.6846E-08	-5.1834E-08	1.5452E-06	-7.2205E-07
-3.2572E-08	1.7677E-08	1.9487E-07	7.6353E-07
1.9034E-08	6.3445E-09	2.1363E-07	1.3019E-06
2.1400E-08	-3.4606E-08	9.9883E-07	2.2632E-06
5.9130E-08	2.4002E-08	1.1291E-06	1.5002E-06
-3.5370E-09	-2.5859E-08	1.2484E-06	2.2651E-06
-8.4567E-10	-1.7397E-09	1.5048E-06	2.0012E-06
8.0716E-09	2.8653E-08	2.6925E-06	2.2872E-06
7.0548E-09	-3.4345E-09	2.1883E-06	-7.7562E-08
3.2663E-08	-3.3690E-08	5.3818E-07	1.0855E-06
3.8230E-08	8.1598E-08	5.7777E-07	1.6746E-06
-2.4482E-09	6.0234E-08	1.9460E-06	2.9768E-06
-9.5295E-09	7.8445E-08	2.2882E-06	-5.5104E-08
-2.6237E-08	3.4433E-08	-6.9652E-07	2.0821E-06
-1.4219E-08	-4.0395E-08	2.4517E-06	3.2866E-06
4.4563E-08	1.6183E-08	2.5124E-06	1.2375E-06
2.2436E-08	1.3761E-08	1.5283E-06	8.6787E-07
2.5363E-08	2.4954E-09	1.0944E-06	1.9081E-06
-1.4926E-08	4.0769E-08	1.9197E-06	1.1576E-06
2.6017E-10	-1.8840E-08	1.7837E-07	1.8936E-06
7.6375E-08	1.6503E-08	2.6495E-06	2.7663E-06
-4.5191E-08	8.1448E-08	1.2824E-06	2.0802E-07
1.0891E-08	4.5917E-08	6.1568E-07	3.1277E-06
-7.7461E-09	3.1677E-08	2.8822E-06	1.2795E-06
4.1918E-08	3.5930E-09	-7.1432E-08	1.4825E-06
1.7256E-08	-2.1397E-08	2.1898E-06	2.9174E-06
-5.8154E-08	-1.4365E-08	6.5462E-07	1.2513E-06
9.0101E-09	2.2714E-08	1.8726E-06	4.1619E-06
7.6801E-09	3.3538E-08	3.0243E-06	8.6154E-07
-4.4098E-08	8.3150E-08	6.7037E-07	2.4802E-06
-4.8692E-08	-1.9331E-08	2.9549E-06	2.2908E-06
-2.7663E-08	7.3933E-08	1.5022E-06	1.6438E-06
-6.3518E-08	4.8924E-08	2.6337E-06	2.6412E-06
1.0484E-08	-4.9125E-09	3.0813E-06	6.4177E-07
3.6256E-08	2.5788E-08	5.1739E-07	4.4193E-07
3.1342E-08	3.6615E-09	1.3037E-06	3.2331E-06
-1.0178E-08	-2.7145E-08	3.1671E-06	1.0261E-06
-3.4688E-08	4.2301E-08	8.3999E-07	7.1990E-07
-2.0487E-08	-1.5970E-08	1.1581E-06	1.7845E-06
4.3137E-08	7.5980E-08	1.5936E-06	1.7078E-06
1.4421E-08	4.5415E-08	1.0875E-06	5.5856E-07
-3.4724E-08	6.3320E-08	-3.2180E-07	1.9894E-06
3.7444E-08	-1.6915E-08	3.8951E-07	2.2903E-06
-8.3373E-08	8.2028E-08	1.7579E-07	4.2178E-06
-1.9936E-09	5.7851E-08	3.7249E-06	2.7377E-06
2.9079E-08	1.1275E-08	1.6428E-07	6.6456E-07
-1.1709E-08	2.0424E-08	7.1527E-07	3.8959E-06
7.5789E-09	6.6424E-08	1.6063E-06	2.7200E-06
7.1703E-09	4.6286E-09	1.8319E-06	3.2708E-06
2.7511E-08	1.6709E-08	1.6451E-06	2.1124E-06
3.5798E-08	1.8636E-08	1.2733E-06	3.6294E-06
1.8917E-08	-1.2822E-08	2.9534E-06	2.5679E-06
1.6503E-08	2.9529E-08	1.1019E-06	1.8339E-06
9.8957E-09	2.4493E-09	1.4249E-06	3.6393E-06
-5.1513E-09	1.2116E-08	2.6185E-06	2.7826E-06
2.8636E-08	-2.5790E-09	2.0064E-06	2.4584E-06
1.8399E-08	3.6298E-08	2.1416E-06	2.0560E-06
2.6166E-08	7.7879E-09	6.2423E-07	2.5001E-06
-1.7027E-08	-4.6193E-08	2.3032E-06	4.1298E-06
9.2966E-09	3.8913E-09	2.6256E-06	1.8266E-06
-2.5071E-08	5.4135E-08	1.1541E-06	3.3563E-06
-1.5835E-08	8.9948E-08	3.6153E-06	2.9763E-06
-1.1237E-08	-2.0020E-08	1.7191E-06	1.3027E-06
3.4673E-08	-9.9575E-09	1.8838E-06	3.1770E-06
-3.9591E-08	4.4359E-08	2.2475E-06	1.9077E-06
-7.3339E-09	-9.8383E-09	1.8249E-06	3.0222E-06
7.2670E-09	2.0087E-08	2.8283E-06	1.5946E-06
-1.3291E-08	7.4958E-09	8.4731E-07	2.0133E-06
9.2157E-09	3.6600E-08	2.2088E-06	2.4426E-06
2.3203E-08	7.5493E-08	7.7321E-07	1.4419E-06
-1.2841E-08	-2.3323E-08	2.3249E-07	3.1105E-06
-4.3686E-08	1.4522E-08	8.4505E-07	4.2539E-06
-1.0332E-08	-1.7078E-08	2.9121E-06	4.5376E-06
1.4272E-08	-2.8635E-08	3.8221E-06	2.3828E-06
8.2910E-09	-1.6859E-08	1.7335E-06	5.3186E-07
-2.0734E-09	1.7581E-08	-3.6677E-07	3.7536E-06
2.4476E-08	2.8948E-08	4.2837E-06	3.8034E-06
3.6564E-08	3.3657E-08	1.2236E-06	-8.2897E-09
3.5547E-08	-1.8185E-08	7.2063E-07	3.4425E-06
1.8112E-08	1.3348E-08	5.5760E-07	1.5153E-06
-3.3430E-08	3.1148E-08	-2.5701E-07	5.6292E-06
-1.2237E-08	5.6155E-08	4.0033E-06	3.6069E-06
-1.4418E-08	3.4171E-08	1.3351E-06	2.3320E-06
6.0593E-08	-5.9469E-08	2.1611E-06	2.6905E-06
-2.3745E-10	-3.1022E-08	2.3148E-07	2.3561E-06
4.2293E-08	5.0201E-08	9.0112E-07	4.3267E-06
3.0135E-08	3.4296E-08	1.8452E-06	4.0733E-06
-2.7464E-08	-4.0828E-08	2.5911E-06	3.2437E-06
5.2141E-08	1.8192E-08	1.2565E-06	2.4143E-06
1.6375E-08	-4.2672E-09	9.5523E-07	3.4868E-06
1.9602E-08	-2.5335E-08	1.2539E-06	3.6732E-06
1.9546E-09	1.7427E-08	1.4704E-06	3.3464E-06
-1.0195E-08	2.6115E-08	5.5492E-07	3.8046E-06
2.6344E-09	5.0413E-08	1.9824E-06	4.2716E-06
-1.8625E-08	3.4610E-08	8.1625E-07	2.7815E-06
-7.3633E-09	-1.1175E-08	2.3530E-07	4.9243E-06
-7.6877E-08	3.6742E-08	1.6310E-06	4.7507E-06
-2.3555E-08	-1.3802E-08	1.3794E-06	4.6270E-06
-1.6613E-09	9.4302E-09	1.6827E-06	4.9670E-06
8.7819E-09	3.1187E-08	2.6124E-06	4.6331E-06
4.9938E-09	4.8637E-09	1.6471E-06	3.2778E-06
3.5347E-08	3.6663E-08	8.8134E-07	5.0266E-06
4.6987E-08	4.5054E-08	2.3983E-06	4.4750E-06
1.1451E-08	5.6428E-08	1.0017E-06	4.0686E-06
5.5483E-09	-4.6631E-09	1.2194E-06	5.0880E-06
-3.9647E-08	-2.2128E-09	1.1107E-06	5.4665E-06
3.1897E-08	-2.6642E-08	2.6283E-06	6.3652E-06
1.1787E-08	1.6860E-08	3.4564E-06	4.2866E-06
-3.4976E-09	-4.8489E-08	1.8948E-06	3.9211E-06
4.6611E-09	-3.3527E-08	1.6727E-06	4.2867E-06
6.4084E-09	2.4668E-08	1.1815E-06	4.7495E-06
-1.8825E-08	1.5741E-08	1.8204E-06	4.9463E-06
5.8173E-09	-2.6171E-08	8.9605E-07	4.4282E-06
7.7579E-09	1.4920E-08	7.3294E-07	6.0764E-06
1.5161E-08	2.7421E-08	1.9724E-06	5.5655E-06
-1.0937E-08	1.3676E-08	4.5625E-07	5.4962E-06
2.9679E-08	2.8373E-08	1.7084E-06	7.6762E-06
3.2977E-08	-1.6834E-10	3.3493E-06	5.2144E-06
5.9067E-08	1.8061E-08	2.3396E-07	5.1056E-06
3.3518E-08	-2.4482E-08	1.4525E-06	7.7186E-06
-8.2002E-09	-1.5950E-08	2.7447E-06	6.0788E-06
-3.6738E-08	2.4191E-10	1.3344E-06	5.6791E-06
1.3835E-08	3.3988E-08	9.4478E-07	6.3606E-06
1.9094E-08	1.0836E-08	2.7566E-07	6.7769E-06
1.6927E-08	6.3218E-09	3.5337E-07	8.6333E-06
2.2584E-09	1.5751E-09	1.8358E-06	8.4808E-06
1.7740E-08	-1.2724E-08	1.0543E-06	8.7535E-06
-5.0950E-09	-3.9825E-08	2.4740E-06	9.4273E-06
1.5349E-10	-5.0958E-08	1.8569E-06	8.3740E-06
4.7036E-08	2.1664E-08	1.2151E-06	9.8161E-06
-1.2482E-08	1.4982E-09	1.9580E-06	1.1011E-05
-1.5232E-08	1.4697E-09	3.2613E-06	1.0880E-05
-5.1023E-08	-4.1312E-08	2.1438E-06	1.0952E-05
-1.3859E-08	4.8853E-08	3.1893E-06	1.3019E-05
-9.2831E-09	2.5880E-08	4.0042E-06	1.3248E-05
-1.5626E-08	6.8290E-11	5.8744E-06	1.4314E-05
5.2748E-08	5.4465E-09	6.0468E-06	1.3333E-05
-8.0846E-09	-2.6296E-08	7.3833E-06	1.6430E-05
-5.1969E-08	5.3449E-08	1.1964E-05	1.4793E-05
2.2443E-08	4.3117E-08	1.1909E-05	1.2361E-05
8.6862E-09	1.5875E-08	1.2306E-05	1.2352E-05
1.1334E-08	-4.7732E-09	1.4128E-05	1.1496E-05
4.9067E-08	-3.7603E-08	1.4352E-05	9.5865E-06
8.8102E-09	5.1502E-08	1.5131E-05	9.0104E-06
1.7786E-08	-5.5892E-08	1.4903E-05	6.8279E-06
1.5611E-08	1.9010E-08	1.5042E-05	7.4242E-06
-3.2196E-08	1.2457E-08	1.6659E-05	4.9895E-06
1.4686E-08	1.4249E-08	1.5961E-05	2.9801E-06
1.5782E-08	-1.4882E-08	1.4540E-05	3.9012E-07
-5.0157E-09	1.4120E-08	1.2130E-05	1.0228E-06
-5.3763E-08	-3.3711E-08	1.2427E-05	2.7971E-07
5.7134E-08	2.6275E-08	1.0364E-05	-3.5776E-07
-2.1041E-08	-3.3145E-08	8.7723E-06	1.3532E-08
-1.0435E-08	-2.5581E-08	8.1200E-06	2.3890E-06
-2.6933E-08	-1.7980E-08	9.9863E-06	1.6424E-06
-1.0026E-08	5.8187E-08	8.3767E-06	1.3700E-06
-3.0128E-09	1.6903E-08	9.0494E-06	1.1116E-06
-1.2812E-08	5.1349E-08	6.5846E-06	1.0810E-06
4.9897E-08	-2.7323E-08	7.6427E-06	3.2261E-06
7.1150E-09	-3.1206E-08	8.2479E-06	1.9248E-06
3.7165E-08	-3.9393E-08	7.1709E-06	1.0282E-06
-2.9753E-08	5.0361E-08	4.3127E-06	2.2430E-06
-1.5285E-08	-2.8831E-08	5.7014E-06	5.8221E-06
-3.7704E-09	1.0088E-08	7.5183E-06	4.7194E-06
4.3640E-09	-1.5498E-08	6.5522E-06	5.3317E-06
3.1707E-08	-9.7170E-08	8.1310E-06	6.7826E-06
2.0567E-08	-5.9221E-08	9.7202E-06	5.9568E-06
5.6502E-09	6.1351E-09	1.0268E-05	5.3790E-06
2.9016E-09	6.1467E-08	1.0726E-05	4.1269E-06
2.2875E-08	4.2977E-08	1.0306E-05	3.9785E-06
-3.8958E-08	-1.1088E-08	1.1063E-05	2.3665E-06
3.3258E-08	-1.1472E-08	8.0942E-06	1.5779E-06
2.3518E-08	-4.3417E-08	7.5447E-06	3.4905E-06
3.3170E-08	1.6492E-08	6.7112E-06	5.0531E-06
2.1780E-08	-6.8523E-09	9.6738E-06	7.6047E-06
1.2452E-08	7.8326E-09	1.1499E-05	5.2960E-06
-2.2524E-08	1.5158E-08	1.1659E-05	5.0107E-06
2.9624E-08	-1.6736E-08	1.1490E-05	3.8503E-06
2.0720E-08	2.5812E-09	1.2224E-05	4.9782E-06
-7.6049E-09	-3.5771E-08	1.3244E-05	2.3623E-06
-3.5051E-08	-3.7197E-08	1.1806E-05	2.8452E-06
7.4395E-09	2.6130E-08	1.2916E-05	1.3181E-06
9.6632E-09	1.4806E-08	1.0164E-05	1.8369E-06
2.4864E-08	2.3432E-08	1.2650E-05	3.3630E-06
-8.0582E-09	1.4777E-08	1.2984E-05	1.0675E-06
-1.7953E-09	-5.2542E-08	1.2303E-05	3.9379E-07
-3.4344E-08	-1.3523E-08	1.1142E-05	8.1383E-07
4.3298E-08	-5.6835E-08	1.3004E-05	1.0960E-06
-1.3618E-08	1.9381E-08	1.1873E-05	-1.2152E-06
2.1749E-08	-1.2472E-08	1.1518E-05	1.3375E-07
2.2674E-08	-4.0257E-08	1.1808E-05	-1.6383E-06
1.1790E-08	4.1825E-08	1.0240E-05	-8.9978E-07
5.6406E-08	2.2802E-10	1.1311E-05	-9.4204E-07
1.2882E-08	-2.6967E-09	1.0915E-05	-2.0459E-06
-1.4503E-08	-5.4897E-09	9.8699E-06	-2.9115E-06
7.6738E-09	-8.7820E-09	8.1468E-06	-2.2714E-06
3.7472E-08	5.0510E-08	8.4065E-06	-1.1342E-06
9.4124E-09	-2.0613E-08	8.6298E-06	-2.0691E-06
1.1022E-09	-2.4166E-08	5.9323E-06	-2.0342E-06
-8.5497E-09	1.6908E-08	6.2322E-06	1.8911E-06
-3.1262E-08	1.8373E-08	9.4922E-06	4.9948E-07
-5.1471E-08	5.5298E-09	6.8931E-06	-9.8365E-07
-1.0242E-08	3.3393E-08	6.4490E-06	1.4762E-06
2.1536E-08	1.7753E-08	7.1607E-06	2.0997E-06
4.0575E-09	-1.9356E-08	8.1716E-06	3.3472E-06
-1.2929E-08	2.7276E-08	1.0001E-05	2.2107E-06
-5.6946E-09	1.4605E-08	8.3660E-06	1.3266E-06
-4.7513E-08	2.9796E-08	8.7030E-06	3.8206E-06
-4.8305E-09	-4.0606E-08	1.1125E-05	2.9574E-06
1.9875E-08	3.4618E-08	9.9899E-06	1.9538E-06
3.8446E-08	3.0555E-08	9.8463E-06	3.7596E-06
1.4793E-08	1.6878E-08	1.1848E-05	5.4613E-06
1.6412E-08	-8.6446E-08	1.6196E-05	5.1323E-06
-6.5972E-08	-6.9641E-09	1.8510E-05	4.5918E-07
-2.0940E-08	3.5857E-08	1.6857E-05	-2.4873E-06
4.2464E-08	1.7070E-08	1.6338E-05	-4.1631E-06
7.4020E-09	-2.0746E-08	1.4492E-05	-6.3152E-06
9.8468E-09	-4.1609E-08	1.2430E-05	-7.1443E-06
1.6903E-08	3.5261E-08	9.5234E-06	-7.0822E-06
-1.6635E-08	2.9849E-08	8.6770E-06	-4.8992E-06
-2.4219E-08	3.5902E-08	8.7474E-06	-4.8582E-06
1.3200E-09	-1.7997E-08	8.2823E-06	-4.2091E-06
-1.3974E-08	1.0597E-09	7.6696E-06	-4.4400E-06
3.6728E-09	3.1262E-09	6.9893E-06	-2.5886E-06
-2.8185E-08	-1.3983E-08	8.3227E-06	-2.7205E-06
-9.6769E-09	2.3713E-08	7.1179E-06	-2.5091E-06
2.1650E-08	-2.3282E-08	7.9150E-06	-1.0399E-06
4.6242E-09	3.1503E-09	9.1916E-06	-9.7584E-07
-4.6533E-09	1.2856E-08	1.0032E-05	-1.9789E-06
-1.4518E-08	5.0208E-09	1.0045E-05	-2.2412E-06
-2.4770E-08	-1.3036E-08	1.0966E-05	-4.1581E-06
-1.9750E-09	-1.5352E-09	7.7983E-06	-5.3109E-06
-7.8248E-09	-2.0032E-08	7.4934E-06	-2.9647E-06
-4.7113E-09	2.7847E-08	7.6888E-06	-3.3013E-06
-3.5225E-08	-1.2137E-08	7.6107E-06	-1.9691E-06
1.8300E-08	-4.6710E-08	8.9940E-06	-2.3374E-06
-1.2130E-08	2.1496E-08	8.7122E-06	-2.8751E-06
-2.2171E-08	3.2556E-08	9.1519E-06	-2.8568E-06
-1.6347E-08	1.0329E-08	9.2305E-06	-3.9341E-06
4.5217E-08	1.5621E-08	8.2594E-06	-3.9420E-06
1.2578E-10	-1.6015E-08	9.0916E-06	-3.7205E-06
7.3447E-09	-8.6192E-09	8.9000E-06	-5.6852E-06
1.2352E-09	-1.0529E-08	6.5769E-06	-6.2115E-06
1.0981E-08	-3.1993E-08	4.8320E-06	-4.4381E-06
4.1160E-08	2.0414E-08	5.8951E-06	-2.2824E-06
9.5932E-08	3.6440E-08	7.4565E-06	-2.7469E-06
-8.1830E-09	3.6613E-08	7.7376E-06	-3.6523E-06
-2.5031E-08	1.5630E-08	7.1441E-06	-4.3161E-06
-1.3511E-08	-2.0418E-08	7.5387E-06	-4.3232E-06
2.8739E-08	3.4884E-08	6.4714E-06	-6.7746E-06
-1.0660E-08	-1.7287E-08	3.3131E-06	-5.2969E-06
1.5939E-08	4.6961E-08	3.6756E-06	-4.1366E-06
7.9362E-09	-1.6136E-08	1.9916E-06	-2.7694E-06
1.7073E-08	-6.3646E-08	3.9891E-06	-3.2804E-07
1.0409E-08	2.8402E-09	4.8091E-06	-1.5039E-06
-1.1728E-08	3.4532E-08	4.7026E-06	-6.8928E-07
4.5128E-08	-2.8504E-08	5.5535E-06	-8.8999E-07
1.3738E-08	1.2178E-08	5.7383E-06	-1.1012E-06
1.4045E-08	-1.4117E-08	5.2297E-06	-2.0026E-06
4.2883E-08	3.8048E-08	3.5355E-06	-1.5994E-07
-1.4693E-08	-5.4225E-09	6.5281E-06	1.6354E-06
-1.5474E-08	-6.7058E-09	6.8630E-06	-1.2227E-06
-5.4371E-08	-4.4168E-08	5.6091E-06	7.2975E-07
1.6255E-08	-2.3043E-08	8.4366E-06	-2.4398E-07
-2.8720E-08	1.7610E-09	6.1131E-06	-1.6400E-06
-1.7320E-09	2.9571E-08	6.5530E-06	2.0077E-07
-3.6333E-08	3.9801E-08	6.6842E-06	-4.9275E-07
-2.3037E-08	2.4446E-08	6.6085E-06	9.6449E-07
1.2303E-08	1.1891E-08	9.0879E-06	1.2338E-06
-6.7794E-09	4.0783E-09	9.8889E-06	-1.9683E-06
-1.5314E-09	-7.7669E-09	6.8388E-06	-2.1893E-06
7.6296E-09	7.9771E-09	7.3783E-06	-1.2647E-06
-2.2234E-09	-2.9686E-08	4.8093E-06	-5.4601E-07
1.8143E-08	1.6127E-08	7.9285E-06	4.3288E-06
1.5104E-08	-3.8903E-09	1.2235E-05	1.1699E-06
1.9953E-08	1.1911E-08	1.1857E-05	-6.8168E-07
-1.9971E-08	2.9256E-08	1.2368E-05	-1.7823E-06
-1.5047E-08	6.0920E-08	1.3759E-05	-3.6715E-06
4.2818E-08	4.4759E-08	1.1700E-05	-8.4686E-06
-1.6925E-08	-1.6477E-08	6.8304E-06	-7.7933E-06
1.1836E-08	-1.5757E-08	5.1512E-06	-5.4501E-06
-3.5973E-08	4.1760E-08	6.3472E-06	-2.4976E-06
-2.8907E-09	-8.6062E-09	8.1486E-06	-4.9967E-06
-9.8040E-09	1.5611E-09	4.5016E-06	-4.4905E-06
-5.6782E-09	2.4514E-08	6.3002E-06	-1.5457E-06
-1.4125E-08	3.8319E-09	7.7731E-06	-3.3339E-06
-2.9140E-09	1.7455E-08	6.0685E-06	-3.7473E-06
1.5150E-08	-1.4301E-08	6.4601E-06	-1.7663E-06
-1.7824E-08	1.2947E-08	8.4646E-06	-2.5501E-06
-1.3792E-09	-1.8850E-08	8.5808E-06	-4.2040E-06
2.8828E-08	-8.9950E-09	7.1468E-06	-6.0676E-06
-1.1137E-09	3.4902E-09	4.7339E-06	-4.7308E-06
1.7930E-09	3.4819E-09	5.7084E-06	-3.9118E-06
-6.5014E-09	1.1945E-08	4.2928E-06	-4.4843E-06
9.7326E-11	-7.5587E-09	3.7234E-06	-2.0356E-06
-4.1887E-08	4.4720E-08	5.8794E-06	-1.4104E-06
-5.6140E-08	-7.6204E-09	6.1390E-06	-2.8655E-06
-1.1935E-08	-6.6165E-09	5.2747E-06	-2.8131E-06
1.0527E-08	-9.8495E-10	4.9970E-06	-2.3792E-06
4.2133E-09	-9.0319E-09	5.1750E-06	-1.6978E-06
-3.1771E-08	6.9441E-08	5.6067E-06	-1.7394E-06
-2.0415E-08	-2.0573E-08	5.5661E-06	-1.8800E-06
-3.2122E-08	-9.3443E-09	4.9376E-06	-1.4165E-06
-7.1218E-08	1.2088E-09	6.1952E-06	-2.4695E-07
-4.4917E-08	-1.3082E-08	7.0008E-06	-1.8036E-06
2.4250E-08	1.4020E-08	6.1820E-06	-2.2970E-06
-1.9028E-08	1.7774E-08	4.6418E-06	-2.3389E-06
-3.1873E-09	-1.5231E-08	4.6734E-06	3.2327E-07
5.4706E-08	-3.7588E-08	6.2019E-06	4.0761E-08
-1.5423E-08	-8.3622E-09	7.0040E-06	1.1189E-06
3.0393E-08	-3.0841E-08	8.9140E-06	-1.6034E-06
1.7551E-08	4.9014E-08	5.6721E-06	-1.9216E-06
3.2255E-08	3.6709E-08	6.4211E-06	-2.3842E-07
-1.4305E-09	-1.1373E-08	6.4318E-06	8.7477E-08
-1.1927E-08	-1.9313E-08	7.8085E-06	1.5252E-07
-3.6943E-08	2.8534E-08	7.2053E-06	-3.7861E-07
-2.2152E-08	-7.8479E-09	7.6937E-06	-1.7933E-07
-1.8873E-08	4.0526E-08	6.3576E-06	3.8181E-07
-2.9845E-08	4.7278E-08	9.0594E-06	2.6725E-06
1.3755E-08	-6.9409E-09	1.0380E-05	-9.7163E-07
1.2595E-08	-9.2134E-09	7.0603E-06	1.4515E-07
-4.7173E-09	3.7419E-09	1.0242E-05	3.0098E-06
-4.1120E-08	5.7565E-08	1.2183E-05	-2.5762E-07
2.3128E-09	-1.2053E-08	1.0638E-05	-1.9093E-07
-3.4738E-08	5.3786E-09	1.2344E-05	-2.9784E-07
-5.0159E-09	2.3747E-08	1.2221E-05	-1.6684E-06
-9.1025E-09	-4.3612E-09	1.1877E-05	-2.6866E-06
3.7110E-10	-3.6192E-08	1.0315E-05	-1.9129E-06
-1.4828E-09	1.3575E-08	1.1994E-05	-1.3968E-06
-5.8226E-09	9.2381E-09	1.0377E-05	-2.0948E-06
8.8171E-09	2.4721E-08	1.1180E-05	1.3444E-06
-1.2085E-08	-1.0991E-08	1.4470E-05	2.4091E-06
3.2378E-08	-2.6750E-09	2.0162E-05	2.0671E-06
1.0218E-08	-1.5087E-08	2.3954E-05	-4.8342E-06
-2.3578E-08	-9.8686E-09	2.2537E-05	-1.0474E-05
-1.3146E-08	-4.5246E-08	1.8933E-05	-1.5940E-05
4.7886E-08	-3.9807E-08	1.2498E-05	-1.5719E-05
-4.5591E-08	-1.5542E-08	1.1501E-05	-1.3871E-05
-1.6359E-08	-4.2375E-09	9.9461E-06	-1.3930E-05
-4.1876E-09	-6.9610E-09	9.0808E-06	-1.3469E-05
5.6604E-08	-2.3901E-08	7.6296E-06	-1.3047E-05
-2.2195E-08	1.0982E-08	7.6555E-06	-1.2609E-05
2.3317E-08	-1.9415E-08	6.0780E-06	-1.3010E-05
-2.6503E-08	-1.5972E-08	5.3021E-06	-1.2081E-05
-3.5423E-08	-3.3598E-08	3.7539E-06	-1.1259E-05
2.5129E-10	-4.1654E-09	4.7995E-06	-9.1806E-06
-1.4722E-08	-3.0033E-09	4.8771E-06	-1.0282E-05
1.2923E-08	-4.1602E-08	4.7827E-06	-8.8916E-06
-4.3833E-08	2.4127E-08	5.7796E-06	-1.0267E-05
-2.0230E-08	-1.4894E-09	3.9510E-06	-1.1176E-05
1.8082E-08	-3.8906E-08	1.6892E-06	-9.6865E-06
1.7350E-08	-3.8834E-08	3.3960E-06	-6.9617E-06
-4.1149E-08	-3.9054E-08	4.1004E-06	-8.9826E-06
-3.9432E-08	-2.0158E-08	3.2596E-06	-7.7259E-06
6.3276E-10	-1.9820E-08	3.5976E-06	-8.7530E-06
-3.2506E-09	-4.2823E-08	2.5111E-06	-7.0830E-06
-2.7986E-08	2.3000E-08	3.5546E-06	-7.3587E-06
-4.5006E-08	-1.0117E-08	3.6487E-06	-5.6163E-06
-3.0256E-08	-1.1655E-09	6.3319E-06	-8.1279E-06
-1.1781E-08	-1.4310E-08	3.0561E-06	-8.7738E-06
8.0189E-09	1.6278E-08	4.2128E-06	-7.9578E-06
-3.6551E-09	-2.3837E-08	2.8622E-06	-8.6573E-06
-5.3795E-09	2.7690E-09	2.8646E-06	-8.2544E-06
-2.8039E-08	-2.1927E-08	1.6563E-06	-7.4338E-06
-2.3345E-08	-3.4583E-09	3.0310E-06	-7.0603E-06
-1.8042E-08	1.8419E-09	1.7559E-06	-6.8694E-06
1.0456E-08	-1.6546E-09	3.8649E-06	-6.0856E-06
-4.8449E-09	8.7009E-10	3.3793E-06	-8.0962E-06
4.9883E-09	-1.8716E-08	2.1862E-06	-8.5205E-06
-2.1615E-08	-1.6715E-08	1.6478E-07	-6.3014E-06
-1.0681E-08	-1.6279E-08	4.0940E-06	-5.8042E-06
-1.6481E-08	-1.0180E-08	7.8858E-07	-8.7940E-06
-1.4018E-08	-3.9062E-09	1.0021E-06	-4.1326E-06
-4.1752E-08	3.1196E-08	3.5287E-06	-5.6687E-06
9.3364E-09	-3.1489E-08	4.0591E-06	-6.4340E-06
-5.4008E-08	-2.8192E-08	3.0615E-06	-8.9405E-06
-2.7947E-09	6.3826E-09	1.4022E-06	-9.1959E-06
-2.2147E-08	1.7675E-08	-3.7264E-06	-8.3585E-06
-1.9250E-08	-2.5054E-09	1.9808E-06	-3.7398E-08
-3.6605E-08	-1.0635E-08	-8.4102E-08	-1.0572E-05
-2.7412E-08	-1.3297E-08	4.9243E-06	-2.7877E-06
-5.2724E-08	3.4677E-09	-2.7513E-06	-2.1770E-06
-1.5344E-08	-3.4103E-09	4.1286E-06	-1.2225E-05
-1.5334E-08	-3.3846E-09	-8.4387E-06	-5.3081E-06
-1.5324E-08	-3.3586E-09	-2.7633E-06	6.7054E-07
-1.5314E-08	-3.3325E-09	5.6154E-07	2.6657E-06
-1.5304E-08	-3.3061E-09	5.6356E-06	-5.6119E-07
-1.5293E-08	-3.2796E-09	3.4598E-06	-2.4432E-06
-1.5283E-08	-3.2528E-09	5.3809E-06	-2.6061E-06
-1.5272E-08	-3.2259E-09	3.7993E-06	-4.2829E-06
-1.5261E-08	-3.1988E-09	5.1490E-06	-3.6768E-06
-1.5250E-08	-3.1714E-09	3.3803E-06	-6.5572E-06
-1.5239E-08	-3.1439E-09	2.0611E-06	-3.1805E-06
-1.5228E-08	-3.1163E-09	5.3271E-06	-4.1518E-06
-1.5217E-08	-3.0884E-09	3.9100E-06	-6.4869E-06
-1.5205E-08	-3.0604E-09	2.1124E-06	-6.0462E-06
-1.5194E-08	-3.0322E-09	2.3347E-06	-4.3610E-06
-1.5182E-08	-3.0038E-09	3.5225E-06	-5.7339E-06
-1.5171E-08	-2.9752E-09	1.2625E-06	-5.7841E-06
-1.5159E-08	-2.9465E-09	2.2252E-06	-4.1733E-06
-1.5147E-08	-2.9177E-09	2.6527E-06	-5.2644E-06
-1.5135E-08	-2.8886E-09	1.9776E-06	-5.6780E-06
-1.5123E-08	-2.8595E-09	6.9766E-07	-4.9081E-06
-1.5110E-08	-2.8301E-09	2.3481E-06	-3.8703E-06
-1.5098E-08	-2.8006E-09	1.3567E-06	-6.1102E-06
-1.5085E-08	-2.7710E-09	-1.2678E-07	-3.2256E-06
-1.5073E-08	-2.7412E-09	2.4237E-06	-3.3120E-06
-1.5060E-08	-2.7113E-09	1.5350E-06	-3.7076E-06
-1.5047E-08	-2.6813E-09	2.9834E-06	-3.4191E-06
-1.5034E-08	-2.6511E-09	2.2454E-06	-5.2195E-06
-1.5021E-08	-2.6208E-09	1.0583E-06	-4.2103E-06
-1.5007E-08	-2.5903E-09	1.4953E-06	-3.7055E-06
-1.4994E-08	-2.5598E-09	1.7279E-06	-3.4663E-06
-1.4980E-08	-2.5291E-09	2.0143E-06	-4.1243E-06
-1.4966E-08	-2.4983E-09	4.7771E-07	-3.5210E-06
-1.4952E-08	-2.4673E-09	2.4324E-06	-1.8602E-06
-1.4938E-08	-2.4363E-09	2.5577E-06	-4.3321E-06
-1.4924E-08	-2.4051E-09	1.2869E-06	-2.3105E-06
-1.4910E-08	-2.3739E-09	4.0912E-06	-3.0253E-06
-1.4895E-08	-2.3425E-09	2.4902E-06	-5.0500E-06
-1.4881E-08	-2.3110E-09	1.1163E-06	-4.0523E-06
-1.4866E-08	-2.2794E-09	1.4600E-06	-2.3920E-06
-1.4851E-08	-2.2478E-09	3.1968E-06	-2.9332E-06
-1.4836E-08	-2.2160E-09	2.3906E-06	-3.7131E-06
-1.4821E-08	-2.1841E-09	2.5951E-06	-3.2178E-06
-1.4805E-08	-2.1522E-09	2.9951E-06	-3.4377E-06
-1.4790E-08	-2.1201E-09	2.9667E-06	-4.5419E-06
-1.4774E-08	-2.0880E-09	1.4025E-06	-3.8457E-06
-1.4758E-08	-2.0558E-09	3.0608E-06	-3.0741E-06
-1.4742E-08	-2.0235E-09	2.6648E-06	-4.8262E-06
-1.4726E-08	-1.9911E-09	1.4452E-06	-4.2349E-06
-1.4710E-08	-1.9587E-09	1.7008E-06	-3.1512E-06
-1.4694E-08	-1.9262E-09	2.8728E-06	-3.8395E-06
-1.4677E-08	-1.8936E-09	1.2898E-06	-4.2444E-06
-1.4660E-08	-1.8610E-09	2.4662E-06	-2.8351E-06
-1.4643E-08	-1.8283E-09	2.4577E-06	-4.9876E-06
-1.4626E-08	-1.7955E-09	8.1492E-07	-3.8851E-06
-1.4609E-08	-1.7627E-09	1.6904E-06	-3.4994E-06
-1.4592E-08	-1.7298E-09	1.3255E-06	-3.6104E-06
-1.4574E-08	-1.6969E-09	1.3915E-06	-3.3190E-06
-1.4557E-08	-1.6639E-09	1.4579E-06	-3.0132E-06
-1.4539E-08	-1.6309E-09	1.8593E-06	-3.3119E-06
-1.4521E-08	-1.5978E-09	1.2122E-06	-3.1037E-06
-1.4503E-08	-1.5647E-09	2.2843E-06	-2.9516E-06
-1.4484E-08	-1.5315E-09	9.6117E-07	-4.2394E-06
-1.4466E-08	-1.4983E-09	4.6605E-07	-1.8173E-06
-1.4447E-08	-1.4651E-09	2.4117E-06	-2.2772E-06
-1.4429E-08	-1.4318E-09	2.0030E-06	-3.1181E-06
-1.4410E-08	-1.3985E-09	9.1917E-07	-3.5572E-06
-1.4391E-08	-1.3652E-09	2.3843E-07	-1.0008E-06
-1.4371E-08	-1.3319E-09	3.1898E-06	-9.8302E-07
-1.4352E-08	-1.2985E-09	3.1599E-06	-2.3929E-06
-1.4333E-08	-1.2651E-09	3.0356E-06	-3.7396E-06
-1.4313E-08	-1.2317E-09	5.4301E-07	-2.7795E-06
-1.4293E-08	-1.1983E-09	2.9905E-06	-1.1679E-06
-1.4273E-08	-1.1648E-09	2.6177E-06	-3.2929E-06
-1.4253E-08	-1.1314E-09	2.2953E-06	-2.1370E-06
-1.4233E-08	-1.0979E-09	2.6461E-06	-2.9156E-06
-1.4212E-08	-1.0645E-09	1.8964E-06	-2.3051E-06
-1.4191E-08	-1.0310E-09	3.0804E-06	-1.4047E-06
-1.4171E-08	-9.9754E-10	4.3237E-06	-3.3757E-06
-1.4150E-08	-9.6407E-10	1.7782E-06	-3.7675E-06
-1.4129E-08	-9.3061E-10	3.1394E-06	-2.1718E-06
-1.4107E-08	-8.9715E-10	2.7525E-06	-3.8741E-06
-1.4086E-08	-8.6369E-10	2.8424E-06	-2.8997E-06
-1.4064E-08	-8.3025E-10	2.1376E-06	-4.5098E-06
-1.4043E-08	-7.9682E-10	1.3528E-06	-2.1634E-06
-1.4021E-08	-7.6340E-10	2.9622E-06	-3.2041E-06
-1.3999E-08	-7.2999E-10	1.7706E-06	-2.5248E-06
-1.3977E-08	-6.9661E-10	3.6646E-06	-2.9694E-06
-1.3954E-08	-6.6324E-10	2.1468E-06	-4.0763E-06
-1.3932E-08	-6.2990E-10	2.4339E-06	-3.4171E-06
-1.3909E-08	-5.9658E-10	1.4830E-06	-4.2891E-06
-1.3886E-08	-5.6329E-10	7.6390E-07	-2.6826E-06
-1.3863E-08	-5.3003E-10	2.0450E-06	-2.0960E-06
-1.3840E-08	-4.9679E-10	2.7229E-06	-3.2209E-06
-1.3817E-08	-4.6359E-10	1.1813E-06	-3.8846E-06
-1.3794E-08	-4.3043E-10	6.5934E-07	-2.1203E-06
-1.3770E-08	-3.9730E-10	1.9899E-06	-1.3379E-06
-1.3746E-08	-3.6421E-10	3.6636E-06	-2.3680E-06
-1.3723E-08	-3.3115E-10	1.9804E-06	-4.7141E-06
-1.3699E-08	-2.9815E-10	2.7590E-07	-2.1693E-06
-1.3675E-08	-2.6518E-10	2.4027E-06	-1.9892E-06
-1.3650E-08	-2.3227E-10	2.0698E-06	-2.5929E-06
-1.3626E-08	-1.9940E-10	2.1020E-06	-3.5686E-06
-1.3601E-08	-1.6658E-10	-2.2118E-07	-2.3943E-06
-1.3577E-08	-1.3381E-10	2.2964E-06	-7.8851E-07
-1.3552E-08	-1.0110E-10	1.7651E-06	-2.8094E-06
-1.3527E-08	-6.8439E-11	1.4536E-06	-1.2869E-06
-1.3502E-08	-3.5838E-11	1.9687E-06	-1.7811E-06
-1.3476E-08	-3.2974E-12	1.9306E-06	-1.1241E-06
-1.3451E-08	2.9182E-11	2.3683E-06	-1.1998E-06
-1.3425E-08	6.1600E-11	3.1781E-06	-9.2523E-07
-1.3400E-08	9.3952E-11	3.0140E-06	-2.1734E-06
-1.3374E-08	1.2624E-10	2.9842E-06	-6.2434E-07
-1.3348E-08	1.5846E-10	5.2093E-06	-2.4535E-06
-1.3322E-08	1.9060E-10	2.7921E-06	-3.9553E-06
-1.3295E-08	2.2268E-10	2.3056E-06	-2.5263E-06
-1.3269E-08	2.5469E-10	2.7104E-06	-2.0709E-06
-1.3242E-08	2.8662E-10	3.8627E-06	-2.7668E-06
-1.3216E-08	3.1847E-10	2.0912E-06	-3.9248E-06
-1.3189E-08	3.5024E-10	2.2522E-06	-2.1504E-06
-1.3162E-08	3.8194E-10	2.1017E-06	-3.7186E-06
-1.3135E-08	4.1355E-10	7.1166E-07	-1.3785E-06
-1.3108E-08	4.4508E-10	2.9581E-06	-1.5117E-06
-1.3080E-08	4.7653E-10	1.9685E-06	-1.3101E-06
-1.3053E-08	5.0789E-10	4.0802E-06	-1.0102E-06
-1.3025E-08	5.3917E-10	3.8568E-06	-2.3863E-06
-1.2998E-08	5.7035E-10	4.2908E-06	-3.5013E-06
-1.2970E-08	6.0145E-10	1.2525E-06	-4.0107E-06
-1.2942E-08	6.3245E-10	2.2250E-06	-1.2127E-06
-1.2914E-08	6.6336E-10	2.3798E-06	-2.5893E-06
-1.2886E-08	6.9417E-10	2.4635E-06	-3.9595E-07
-1.2857E-08	7.2489E-10	4.7609E-06	-1.6338E-06
-1.2829E-08	7.5551E-10	4.1596E-06	-2.7463E-06
-1.2800E-08	7.8604E-10	3.7556E-06	-3.1379E-06
-1.2771E-08	8.1646E-10	3.7812E-06	-2.8147E-06
-1.2743E-08	8.4678E-10	3.8761E-06	-3.9899E-06
-1.2714E-08	8.7700E-10	2.5411E-06	-3.6654E-06
-1.2685E-08	9.0711E-10	3.0899E-06	-3.2043E-06
-1.2656E-08	9.3712E-10	2.8949E-06	-3.9567E-06
-1.2626E-08	9.6702E-10	1.7405E-06	-3.7230E-06
-1.2597E-08	9.9681E-10	1.9818E-06	-2.4965E-06
-1.2567E-08	1.0265E-09	2.5360E-06	-2.8797E-06
-1.2538E-08	1.0561E-09	2.1579E-06	-2.7929E-06
-1.2508E-08	1.0855E-09	1.8520E-06	-2.2746E-06
-1.2478E-08	1.1149E-09	3.1378E-06	-1.0214E-06
-1.2448E-08	1.1441E-09	4.3740E-06	-3.0861E-06
-1.2418E-08	1.1732E-09	2.7830E-06	-2.9008E-06
-1.2388E-08	1.2022E-09	4.5397E-06	-3.0333E-06
-1.2358E-08	1.2311E-09	3.0364E-06	-5.2883E-06
-1.2327E-08	1.2599E-09	1.1012E-06	-3.9793E-06
-1.2297E-08	1.2885E-09	1.3058E-06	-2.2253E-06
-1.2266E-08	1.3171E-09	3.0908E-06	-1.8977E-06
-1.2236E-08	1.3455E-09	3.0062E-06	-3.1001E-06
-1.2205E-08	1.3737E-09	3.2305E-06	-2.6576E-06
-1.2174E-08	1.4019E-09	3.1115E-06	-4.0141E-06
-1.2143E-08	1.4299E-09	2.2181E-06	-2.8941E-06
-1.2112E-08	1.4578E-09	3.4801E-06	-3.8118E-06
-1.2081E-08	1.4856E-09	1.1064E-06	-3.8007E-06
-1.2050E-08	1.5133E-09	2.8961E-06	-1.6179E-06
-1.2018E-08	1.5408E-09	3.6165E-06	-4.2656E-06
-1.1987E-08	1.5682E-09	1.5252E-06	-3.5289E-06
-1.1955E-08	1.5954E-09	2.9392E-06	-2.7081E-06
-1.1924E-08	1.6226E-09	2.6973E-06	-3.9960E-06
-1.1892E-08	1.6496E-09	2.1305E-06	-3.2505E-06
-1.1860E-08	1.6764E-09	2.9010E-06	-3.5952E-06
-1.1828E-08	1.7032E-09	2.1769E-06	-4.0325E-06
-1.1796E-08	1.7297E-09	2.2732E-06	-3.8580E-06
-1.1764E-08	1.7562E-09	1.5646E-06	-4.4090E-06
-1.1732E-08	1.7825E-09	8.6092E-07	-3.4302E-06
-1.1700E-08	1.8087E-09	1.4685E-06	-2.8856E-06
-1.1668E-08	1.8347E-09	1.6400E-06	-3.4110E-06
-1.1635E-08	1.8607E-09	2.4768E-07	-3.0748E-06
-1.1603E-08	1.8864E-09	1.1420E-06	-2.6568E-07
-1.1570E-08	1.9120E-09	4.8826E-06	-1.6505E-06
-1.1538E-08	1.9375E-09	3.2325E-06	-5.0368E-06
-1.1505E-08	1.9629E-09	1.4215E-06	-3.5500E-06
-1.1472E-08	1.9881E-09	2.2400E-06	-3.4938E-06
-1.1440E-08	2.0131E-09	1.5646E-06	-3.4481E-06
-1.1407E-08	2.0380E-09	2.2067E-06	-3.1440E-06
-1.1374E-08	2.0628E-09	2.1054E-06	-4.1405E-06
-1.1341E-08	2.0874E-09	5.3702E-07	-4.2080E-06
-1.1308E-08	2.1119E-09	3.9299E-07	-1.9430E-06
-1.1275E-08	2.1362E-09	2.5957E-06	-2.2473E-06
-1.1241E-08	2.1604E-09	2.4007E-06	-3.3598E-06
-1.1208E-08	2.1844E-09	2.1153E-06	-4.8147E-06
-1.1175E-08	2.2083E-09	-1.2438E-06	-3.8157E-06
-1.1141E-08	2.2320E-09	1.1660E-06	-5.7929E-07
-1.1108E-08	2.2556E-09	2.2605E-06	-3.0120E-06
-1.1074E-08	2.2791E-09	1.4920E-06	-2.3828E-06
-1.1041E-08	2.3023E-09	1.9703E-06	-2.8502E-06
-1.1007E-08	2.3255E-09	2.2448E-06	-2.5280E-06
-1.0973E-08	2.3485E-09	2.5182E-06	-4.2695E-06
-1.0940E-08	2.3713E-09	7.8658E-07	-4.2175E-06
-1.0906E-08	2.3940E-09	1.4198E-07	-3.9559E-06
-1.0872E-08	2.4165E-09	-4.2331E-07	-2.0285E-06
-1.0838E-08	2.4389E-09	1.6606E-06	-2.4254E-06
-1.0804E-08	2.4611E-09	-2.0177E-07	-2.9763E-06
-1.0770E-08	2.4831E-09	1.2151E-06	-8.8362E-07
-1.0736E-08	2.5051E-09	2.4556E-06	-3.2740E-06
-1.0702E-08	2.5268E-09	3.3486E-07	-4.0453E-06
-1.0668E-08	2.5484E-09	-7.3505E-07	-2.7883E-06
-1.0634E-08	2.5699E-09	-2.3599E-07	-1.9270E-06
-1.0600E-08	2.5911E-09	-9.5538E-07	-2.1212E-06
-1.0566E-08	2.6123E-09	-1.2287E-06	4.3207E-07
-1.0531E-08	2.6333E-09	1.6955E-06	8.1406E-07
-1.0497E-08	2.6541E-09	1.9911E-06	-1.0367E-06
-1.0463E-08	2.6747E-09	1.1437E-06	-1.3049E-06
-1.0428E-08	2.6952E-09	3.5283E-07	-6.8218E-07
-1.0394E-08	2.7156E-09	8.1690E-07	1.2146E-06
-1.0359E-08	2.7358E-09	3.5882E-06	1.1312E-06
-1.0325E-08	2.7558E-09	3.2037E-06	-1.1742E-06
-1.0290E-08	2.7757E-09	2.8262E-06	4.1755E-07
-1.0256E-08	2.7954E-09	5.0624E-06	-1.0913E-06
-1.0221E-08	2.8150E-09	3.5040E-06	-2.4841E-06
-1.0187E-08	2.8344E-09	2.9573E-06	-2.5061E-06
-1.0152E-08	2.8536E-09	2.0784E-06	-1.1561E-06
-1.0117E-08	2.8727E-09	4.6334E-06	-1.7125E-06
-1.0083E-08	2.8916E-09	1.8916E-06	-3.2902E-06
-1.0048E-08	2.9104E-09	3.1868E-06	-3.7407E-07
-1.0013E-08	2.9290E-09	4.1075E-06	-3.3187E-06
-9.9785E-09	2.9474E-09	2.0441E-06	-2.7722E-06
-9.9438E-09	2.9657E-09	1.8099E-06	-1.6791E-06
-9.9090E-09	2.9838E-09	4.0690E-06	-7.4147E-08
-9.8742E-09	3.0018E-09	5.0427E-06	-4.0117E-06
-9.8394E-09	3.0196E-09	1.9926E-06	-2.4860E-06
-9.8046E-09	3.0373E-09	5.2260E-06	-2.7602E-06
-9.7698E-09	3.0547E-09	2.4764E-06	-5.1580E-06
-9.7349E-09	3.0721E-09	2.3880E-06	-2.8938E-06
-9.7001E-09	3.0892E-09	2.5273E-06	-4.3703E-06
-9.6652E-09	3.1062E-09	1.0059E-06	-3.2002E-06
-9.6304E-09	3.1231E-09	1.9918E-06	-2.1439E-06
-9.5955E-09	3.1398E-09	3.1244E-06	-2.4363E-06
-9.5606E-09	3.1563E-09	3.2909E-06	-4.0159E-06
-9.5257E-09	3.1727E-09	1.6126E-06	-4.6002E-06
-9.4908E-09	3.1889E-09	4.0641E-07	-3.1372E-06
-9.4559E-09	3.2049E-09	1.9990E-06	-1.4625E-06
-9.4211E-09	3.2208E-09	3.5431E-06	-3.5075E-06
-9.3862E-09	3.2365E-09	1.6634E-06	-4.5009E-06
-9.3513E-09	3.2521E-09	1.0786E-06	-3.8206E-06
-9.3164E-09	3.2675E-09	4.7221E-07	-3.3673E-06
-9.2815E-09	3.2828E-09	7.1124E-07	-2.4159E-06
-9.2466E-09	3.2979E-09	1.3816E-06	-2.3323E-06
-9.2117E-09	3.3128E-09	1.2514E-06	-3.0156E-06
-9.1769E-09	3.3276E-09	3.6751E-07	-1.7062E-06
-9.1420E-09	3.3422E-09	3.2025E-06	-1.3841E-06
-9.1071E-09	3.3567E-09	1.9939E-06	-4.9611E-06
-9.0723E-09	3.3710E-09	-1.0320E-06	-2.2023E-06
-9.0374E-09	3.3851E-09	2.3070E-06	-6.5301E-07
-9.0026E-09	3.3991E-09	2.2233E-06	-3.3320E-06
-8.9678E-09	3.4129E-09	1.1447E-06	-2.3046E-06
-8.9330E-09	3.4266E-09	1.8988E-06	-3.0101E-06
-8.8982E-09	3.4401E-09	2.1131E-07	-2.7557E-06
-8.8634E-09	3.4535E-09	9.3341E-07	-1.1480E-06
-8.8287E-09	3.4667E-09	2.2706E-06	-1.3209E-06
-8.7940E-09	3.4797E-09	2.5903E-06	-2.8239E-06
-8.7592E-09	3.4926E-09	1.2557E-06	-2.6531E-06
-8.7245E-09	3.5053E-09	2.0431E-06	-2.5884E-06
-8.6899E-09	3.5179E-09	8.0378E-07	-2.8477E-06
-8.6552E-09	3.5303E-09	1.5976E-06	-1.8613E-06
-8.6206E-09	3.5426E-09	1.4114E-06	-2.5659E-06
-8.5860E-09	3.5547E-09	1.8121E-06	-2.5034E-06
-8.5514E-09	3.5667E-09	1.6761E-07	-3.1457E-06
-8.5168E-09	3.5785E-09	6.8991E-07	-5.2547E-07
-8.4823E-09	3.5901E-09	2.1260E-06	-1.8286E-06
-8.4478E-09	3.6016E-09	1.7260E-06	-1.5324E-06
-8.4133E-09	3.6129E-09	2.0579E-06	-2.5414E-06
-8.3788E-09	3.6241E-09	8.8961E-07	-1.2763E-06
-8.3444E-09	3.6352E-09	3.6594E-06	-1.1202E-06
-8.3100E-09	3.6460E-09	2.8867E-06	-4.1783E-06
-8.2757E-09	3.6568E-09	8.3717E-07	-3.1536E-06
-8.2414E-09	3.6674E-09	1.4827E-06	-3.0700E-06
-8.2071E-09	3.6778E-09	-3.9047E-07	-2.6081E-06
-8.1728E-09	3.6881E-09	1.5858E-06	-2.7876E-07
-8.1386E-09	3.6982E-09	2.4054E-06	-2.8961E-06
-8.1044E-09	3.7082E-09	9.2399E-07	-1.6360E-06
-8.0703E-09	3.7180E-09	3.1728E-06	-2.1861E-06
-8.0362E-09	3.7277E-09	1.4212E-06	-4.1210E-06
-8.0021E-09	3.7372E-09	4.1359E-07	-2.6743E-06
-7.9681E-09	3.7466E-09	5.9813E-07	-2.7802E-06
-7.9341E-09	3.7558E-09	-3.1350E-07	-1.5154E-06
-7.9001E-09	3.7649E-09	1.8495E-06	-1.0001E-06
-7.8662E-09	3.7739E-09	7.5118E-07	-2.7779E-06
-7.8324E-09	3.7827E-09	5.3108E-07	-4.4063E-07
-7.7986E-09	3.7913E-09	2.3865E-06	-1.6223E-06
-7.7648E-09	3.7998E-09	1.0760E-06	-2.0339E-06
-7.7311E-09	3.8082E-09	1.3993E-06	-1.4542E-06
-7.6974E-09	3.8164E-09	1.4078E-06	-1.4734E-06
-7.6638E-09	3.8244E-09	1.9582E-06	-1.2183E-06
-7.6302E-09	3.8324E-09	2.4063E-06	-2.3569E-06
-7.5967E-09	3.8402E-09	5.7602E-07	-2.4802E-06
-7.5632E-09	3.8478E-09	1.5356E-06	-5.6649E-07
-7.5298E-09	3.8553E-09	2.3175E-06	-2.1072E-06
-7.4964E-09	3.8627E-09	2.0647E-06	-1.7081E-06
-7.4631E-09	3.8699E-09	1.9336E-06	-3.6242E-06
-7.4298E-09	3.8770E-09	-4.9251E-07	-1.7603E-06
-7.3966E-09	3.8839E-09	1.7867E-06	-1.0594E-06
-7.3634E-09	3.8907E-09	8.6276E-07	-1.4761E-06
-7.3303E-09	3.8973E-09	2.4469E-06	-1.0286E-06
-7.2973E-09	3.9039E-09	1.3382E-06	-2.4061E-06
-7.2643E-09	3.9102E-09	1.8991E-06	-1.0674E-06
-7.2313E-09	3.9165E-09	1.6489E-06	-2.9811E-06
-7.1985E-09	3.9226E-09	7.3348E-08	-1.1078E-06
-7.1656E-09	3.9286E-09	2.0859E-06	-6.0922E-07
-7.1329E-09	3.9344E-09	2.0235E-06	-1.7661E-06
-7.1002E-09	3.9401E-09	1.1972E-06	-1.7686E-06
-7.0675E-09	3.9457E-09	1.1428E-06	-1.8350E-07
-7.0350E-09	3.9511E-09	3.6395E-06	-3.8683E-07
-7.0025E-09	3.9564E-09	3.2277E-06	-2.7902E-06
-6.9700E-09	3.9616E-09	1.8537E-06	-2.6494E-06
-6.9376E-09	3.9666E-09	1.4009E-06	-2.0326E-06
-6.9053E-09	3.9715E-09	2.3919E-06	-1.3548E-06
-6.8731E-09	3.9763E-09	2.4715E-06	-3.3051E-06
-6.8409E-09	3.9809E-09	2.7229E-07	-2.3697E-06
-6.8087E-09	3.9854E-09	1.6915E-06	-1.1837E-06
-6.7767E-09	3.9898E-09	1.3394E-06	-2.0261E-06
-6.7447E-09	3.9941E-09	1.6748E-06	-7.8318E-07
-6.7128E-09	3.9982E-09	2.7283E-06	-1.8363E-06
-6.6809E-09	4.0022E-09	2.0901E-06	-2.2866E-06
-6.6492E-09	4.0061E-09	1.6050E-06	-2.7568E-06
-6.6174E-09	4.0098E-09	5.6845E-07	-1.3079E-06
-6.5858E-09	4.0135E-09	3.0407E-06	-1.0508E-06
-6.5542E-09	4.0170E-09	1.6507E-06	-3.5164E-06
-6.5227E-09	4.0203E-09	3.1443E-07	-7.9795E-07
-6.4913E-09	4.0236E-09	3.3431E-06	-8.8376E-07
-6.4600E-09	4.0267E-09	2.2162E-06	-3.2544E-06
-6.4287E-09	4.0297E-09	1.1874E-06	-1.6111E-06
-6.3975E-09	4.0326E-09	2.6626E-06	-2.0835E-06
-6.3664E-09	4.0354E-09	1.5440E-06	-2.5675E-06
-6.3353E-09	4.0380E-09	2.2549E-06	-2.2927E-06
-6.3043E-09	4.0406E-09	1.1265E-06	-3.3324E-06
-6.2734E-09	4.0430E-09	7.1979E-07	-1.9154E-06
-6.2426E-09	4.0452E-09	1.1127E-06	-2.0543E-06
-6.2119E-09	4.0474E-09	1.0629E-06	-1.5703E-06
-6.1812E-09	4.0495E-09	1.4658E-06	-1.5740E-06
-6.1506E-09	4.0514E-09	1.8622E-06	-1.7424E-06
-6.1201E-09	4.0532E-09	1.5980E-06	-2.2895E-06
-6.0897E-09	4.0549E-09	1.4476E-06	-2.5468E-06
-6.0593E-09	4.0565E-09	-2.5257E-07	-2.2013E-06
-6.0291E-09	4.0580E-09	1.5567E-06	2.1895E-08
-5.9989E-09	4.0594E-09	1.8915E-06	-2.9493E-06
-5.9688E-09	4.0606E-09	-7.8513E-08	-6.8303E-07
-5.9387E-09	4.0618E-09	2.5195E-06	-9.8071E-07
-5.9088E-09	4.0628E-09	1.4026E-06	-1.5949E-06
-5.8789E-09	4.0637E-09	2.1785E-06	-1.8292E-06
-5.8491E-09	4.0646E-09	5.6031E-07	-1.7415E-06
-5.8195E-09	4.0653E-09	2.1544E-06	-4.7733E-07
-5.7898E-09	4.0659E-09	2.1760E-06	-2.0773E-06
-5.7603E-09	4.0664E-09	1.8908E-06	-1.7269E-06
-5.7309E-09	4.0667E-09	1.5755E-06	-2.4963E-06
-5.7015E-09	4.0670E-09	5.4503E-07	-1.6532E-06
-5.6722E-09	4.0672E-09	1.1493E-06	-3.7250E-07
-5.6431E-09	4.0673E-09	3.1655E-06	-5.2777E-07
-5.6140E-09	4.0672E-09	2.8963E-06	-3.1208E-06
-5.5849E-09	4.0671E-09	8.8514E-07	-2.1981E-06
-5.5560E-09	4.0669E-09	2.1429E-06	-1.9954E-06
-5.5272E-09	4.0665E-09	5.6547E-07	-2.5186E-06
-5.4984E-09	4.0661E-09	1.4330E-06	-6.4100E-07
-5.4698E-09	4.0655E-09	2.1240E-06	-2.2517E-06
-5.4412E-09	4.0649E-09	9.3988E-07	-1.6886E-06
-5.4127E-09	4.0642E-09	1.9547E-06	-1.1027E-06
-5.3843E-09	4.0633E-09	2.6752E-06	-2.4903E-06
-5.3560E-09	4.0624E-09	3.6659E-07	-3.3837E-06
-5.3278E-09	4.0613E-09	2.6760E-07	-6.6246E-07
-5.2996E-09	4.0602E-09	1.7373E-06	-1.6342E-06
-5.2716E-09	4.0590E-09	8.3131E-07	-1.2274E-06
-5.2436E-09	4.0577E-09	1.7586E-06	-1.1171E-06
-5.2158E-09	4.0563E-09	2.1070E-06	-1.4135E-06
-5.1880E-09	4.0548E-09	1.5435E-06	-3.0998E-06
-5.1603E-09	4.0532E-09	-5.1541E-07	-9.9682E-07
-5.1328E-09	4.0515E-09	2.2967E-06	-4.9142E-07
-5.1053E-09	4.0497E-09	1.1351E-06	-2.0066E-06
-5.0779E-09	4.0478E-09	1.1540E-06	-1.0209E-06
-5.0506E-09	4.0459E-09	6.8573E-07	-7.0830E-07
-5.0233E-09	4.0438E-09	2.7215E-06	6.2097E-07
-4.9962E-09	4.0417E-09	3.7063E-06	-2.5666E-06
-4.9692E-09	4.0395E-09	7.2392E-07	-2.6892E-06
-4.9423E-09	4.0371E-09	1.4524E-06	-7.0057E-07
-4.9154E-09	4.0347E-09	2.1525E-06	-2.0486E-06
-4.8887E-09	4.0323E-09	8.7047E-07	-1.4222E-06
-4.8620E-09	4.0297E-09	2.2540E-06	-1.0045E-06
-4.8354E-09	4.0270E-09	1.8521E-06	-2.1121E-06
-4.8090E-09	4.0243E-09	1.6871E-06	-1.7704E-06
-4.7826E-09	4.0215E-09	1.3727E-06	-2.6009E-06
-4.7563E-09	4.0186E-09	-3.0519E-07	-1.8121E-06
-4.7301E-09	4.0156E-09	6.2181E-07	2.6711E-07
-4.7041E-09	4.0126E-09	2.0533E-06	-6.9553E-07
-4.6781E-09	4.0094E-09	1.1578E-06	-6.2911E-07
-4.6522E-09	4.0062E-09	2.2581E-06	2.2653E-07
-4.6264E-09	4.0029E-09	3.5475E-06	-7.2594E-07
-4.6007E-09	3.9995E-09	3.0003E-06	-2.7665E-06
-4.5750E-09	3.9961E-09	8.3817E-07	-1.8871E-06
-4.5495E-09	3.9926E-09	2.3733E-06	-4.8053E-07
-4.5241E-09	3.9889E-09	3.1612E-06	-2.2916E-06
-4.4988E-09	3.9853E-09	1.1651E-06	-3.0866E-06
-4.4736E-09	3.9815E-09	7.0510E-07	-8.5562E-07
-4.4484E-09	3.9777E-09	2.2358E-06	-1.4558E-06
-4.4234E-09	3.9738E-09	1.3551E-06	-1.1226E-06
-4.3985E-09	3.9698E-09	2.7501E-06	-1.5900E-06
-4.3736E-09	3.9658E-09	1.3311E-06	-1.7567E-06
-4.3489E-09	3.9617E-09	2.7722E-06	-1.8394E-06
-4.3242E-09	3.9575E-09	4.8146E-07	-2.4211E-06
-4.2997E-09	3.9532E-09	2.3845E-06	-6.5708E-07
-4.2752E-09	3.9489E-09	1.1669E-06	-3.1114E-06
-4.2509E-09	3.9445E-09	8.7500E-07	-3.3631E-07
-4.2266E-09	3.9401E-09	2.1483E-06	-1.7451E-06
-4.2025E-09	3.9356E-09	1.5858E-06	-1.3385E-06
-4.1784E-09	3.9310E-09	1.2056E-06	-2.1546E-06
-4.1544E-09	3.9263E-09	1.0334E-06	1.8307E-09
-4.1306E-09	3.9216E-09	3.1806E-06	-1.7391E-06
-4.1068E-09	3.9168E-09	5.6818E-07	-2.2366E-06
-4.0831E-09	3.9120E-09	1.3101E-06	-1.4080E-07
-4.0596E-09	3.9071E-09	2.6668E-06	-1.2543E-06
-4.0361E-09	3.9021E-09	9.6260E-07	-1.8961E-06
-4.0127E-09	3.8971E-09	1.4069E-06	7.0303E-07
-3.9894E-09	3.8920E-09	4.1268E-06	-6.0457E-07
-3.9662E-09	3.8868E-09	2.9670E-06	-2.3603E-06
-3.9432E-09	3.8816E-09	2.5677E-06	-1.6876E-06
-3.9202E-09	3.8764E-09	3.4238E-06	-2.6166E-06
-3.8973E-09	3.8710E-09	1.4724E-06	-3.6377E-06
-3.8745E-09	3.8657E-09	1.5031E-06	-1.9365E-06
-3.8518E-09	3.8602E-09	1.1837E-06	-3.3076E-06
-3.8292E-09	3.8547E-09	2.9476E-07	-7.8836E-07
-3.8067E-09	3.8492E-09	3.0254E-06	-2.0212E-06
-3.7843E-09	3.8436E-09	6.2915E-07	-3.2911E-06
-3.7620E-09	3.8379E-09	1.0610E-07	-1.9279E-06
-3.7398E-09	3.8322E-09	2.2697E-08	-6.0263E-07
-3.7177E-09	3.8265E-09	1.8516E-06	-5.1749E-07
-3.6957E-09	3.8206E-09	1.1677E-06	-1.1270E-06
-3.6737E-09	3.8148E-09	2.2533E-06	-5.0880E-07
-3.6519E-09	3.8089E-09	2.0625E-06	-1.8825E-06
-3.6302E-09	3.8029E-09	1.5724E-06	-1.3864E-06
-3.6086E-09	3.7969E-09	1.6542E-06	-1.3591E-06
-3.5871E-09	3.7908E-09	2.0658E-06	-1.2182E-06
-3.5656E-09	3.7847E-09	1.8159E-06	-1.8951E-06
-3.5443E-09	3.7785E-09	1.5404E-06	-1.1100E-06
-3.5231E-09	3.7723E-09	2.6390E-06	-1.3950E-06
-3.5019E-09	3.7661E-09	2.1289E-06	-2.6427E-06
-3.4809E-09	3.7598E-09	9.5703E-07	-2.1539E-06
-3.4599E-09	3.7534E-09	1.2981E-06	-1.3675E-06
-3.4391E-09	3.7471E-09	1.8405E-06	-1.4226E-06
-3.4184E-09	3.7406E-09	1.8462E-06	-2.3685E-06
-3.3977E-09	3.7341E-09	3.6445E-07	-1.7293E-06
-3.3771E-09	3.7276E-09	1.8940E-06	-7.2112E-07
-3.3567E-09	3.7211E-09	1.4114E-06	-2.1029E-06
-3.3363E-09	3.7145E-09	1.5366E-06	-6.6063E-07
-3.3161E-09	3.7078E-09	2.2804E-06	-2.0725E-06
-3.2959E-09	3.7011E-09	1.4907E-06	-1.4492E-06
-3.2758E-09	3.6944E-09	2.2616E-06	-2.5826E-06
-3.2558E-09	3.6877E-09	3.2011E-07	-2.1319E-06
-3.2359E-09	3.6809E-09	1.4126E-06	-1.6513E-06
-3.2162E-09	3.6740E-09	-1.6161E-07	-1.3163E-06
-3.1965E-09	3.6671E-09	2.6036E-06	5.3105E-07
-3.1769E-09	3.6602E-09	2.8332E-06	-3.1572E-06
-3.1574E-09	3.6533E-09	8.5371E-07	-1.9892E-06
-3.1379E-09	3.6463E-09	1.5252E-06	-2.9753E-06
-3.1186E-09	3.6393E-09	-1.3137E-06	-1.7292E-06
-3.0994E-09	3.6322E-09	1.4667E-06	5.8508E-07
-3.0803E-09	3.6251E-09	1.5725E-06	-1.9118E-06
-3.0613E-09	3.6180E-09	1.2539E-06	-1.9624E-07
-3.0423E-09	3.6109E-09	2.5781E-06	-2.4852E-06
-3.0235E-09	3.6037E-09	-6.0219E-07	-1.4707E-06
-3.0047E-09	3.5965E-09	2.1984E-06	1.6556E-07
-2.9861E-09	3.5892E-09	1.8570E-06	-1.7429E-06
-2.9675E-09	3.5820E-09	2.5695E-06	-1.6642E-06
-2.9491E-09	3.5746E-09	3.4313E-07	-3.7812E-06
-2.9307E-09	3.5673E-09	-8.9057E-07	-2.5679E-07
-2.9124E-09	3.5599E-09	1.1525E-06	-1.9523E-07
-2.8942E-09	3.5526E-09	1.5329E-06	1.4782E-07
-2.8761E-09	3.5451E-09	2.5779E-06	-9.5571E-07
-2.8581E-09	3.5377E-09	2.1853E-06	-1.3522E-06
-2.8402E-09	3.5302E-09	1.6585E-06	-2.4404E-06
-2.8224E-09	3.5227E-09	4.8386E-07	-6.2310E-07
-2.8047E-09	3.5152E-09	3.2187E-06	-9.6515E-07
-2.7870E-09	3.5076E-09	1.6431E-06	-3.5664E-06
-2.7695E-09	3.5000E-09	-5.6208E-07	-1.9254E-06
-2.7520E-09	3.4924E-09	1.0148E-06	-1.5982E-07
-2.7347E-09	3.4848E-09	1.5983E-06	-2.0819E-06
-2.7174E-09	3.4772E-09	-5.8759E-08	-1.1320E-06
-2.7002E-09	3.4695E-09	1.1355E-06	-7.7081E-07
-2.6831E-09	3.4618E-09	5.3085E-07	-6.1859E-07
-2.6661E-09	3.4541E-09	1.7612E-06	-3.3753E-07
-2.6492E-09	3.4464E-09	1.5836E-06	-1.0911E-06
-2.6324E-09	3.4386E-09	1.7307E-06	-1.6829E-06
-2.6157E-09	3.4308E-09	-9.6701E-08	-1.6685E-06
-2.5990E-09	3.4230E-09	5.7938E-07	1.3945E-07
-2.5825E-09	3.4152E-09	1.0825E-06	-2.0620E-07
-2.5660E-09	3.4074E-09	2.0386E-06	3.2426E-07
-2.5496E-09	3.3995E-09	2.5060E-06	-1.5399E-06
-2.5333E-09	3.3917E-09	8.4966E-07	-1.5464E-06
-2.5171E-09	3.3838E-09	8.8389E-07	-7.5481E-07
-2.5010E-09	3.3759E-09	7.5076E-07	-4.9431E-07
-2.4850E-09	3.3679E-09	1.1583E-06	4.0242E-07
-2.4691E-09	3.3600E-09	2.5254E-06	1.3935E-07
-2.4532E-09	3.3521E-09	2.4270E-06	-1.3347E-06
-2.4374E-09	3.3441E-09	1.1653E-06	-1.0302E-06
-2.4218E-09	3.3361E-09	2.1034E-06	-4.4040E-07
-2.4062E-09	3.3281E-09	1.4304E-06	-1.8579E-06
-2.3907E-09	3.3201E-09	3.4846E-07	-1.4761E-08
-2.3753E-09	3.3121E-09	2.0519E-06	1.7989E-07
-2.3599E-09	3.3040E-09	1.7685E-06	4.7007E-08
-2.3447E-09	3.2960E-09	3.2463E-06	1.5494E-07
-2.3295E-09	3.2879E-09	3.2649E-06	-1.8933E-06
-2.3144E-09	3.2799E-09	1.2647E-06	-2.1597E-06
-2.2994E-09	3.2718E-09	1.2088E-06	-2.1583E-07
-2.2845E-09	3.2637E-09	2.6841E-06	-1.1327E-06
-2.2697E-09	3.2556E-09	1.0341E-06	-1.4771E-06
-2.2550E-09	3.2475E-09	1.4872E-06	2.2790E-08
-2.2403E-09	3.2393E-09	2.8610E-06	-1.1580E-07
-2.2257E-09	3.2312E-09	3.2505E-06	-2.1491E-06
-2.2112E-09	3.2231E-09	7.7590E-07	-2.2273E-06
-2.1968E-09	3.2149E-09	1.1210E-06	-6.4227E-07
-2.1825E-09	3.2068E-09	1.4219E-06	-3.5315E-07
-2.1682E-09	3.1986E-09	2.6930E-06	-5.5916E-07
-2.1541E-09	3.1904E-09	1.8435E-06	-1.6511E-06
-2.1400E-09	3.1823E-09	1.6905E-06	-1.0106E-06
-2.1260E-09	3.1741E-09	1.5406E-06	-9.0737E-07
-2.1121E-09	3.1659E-09	2.3830E-06	-1.1796E-06
-2.0982E-09	3.1577E-09	3.9887E-07	-1.8595E-06
-2.0845E-09	3.1495E-09	8.8930E-07	1.1150E-06
-2.0708E-09	3.1413E-09	3.2819E-06	3.2201E-07
-2.0572E-09	3.1331E-09	3.5998E-06	-1.3841E-06
-2.0437E-09	3.1249E-09	1.7718E-06	-2.3061E-06
-2.0302E-09	3.1167E-09	1.9166E-06	-8.2319E-07
-2.0169E-09	3.1084E-09	1.6491E-06	-2.1239E-06
-2.0036E-09	3.1002E-09	7.2229E-07	-1.3241E-07
-1.9904E-09	3.0920E-09	2.7807E-06	-1.3662E-07
-1.9772E-09	3.0838E-09	2.9347E-06	-1.2549E-06
-1.9642E-09	3.0755E-09	2.3866E-06	-2.1651E-06
-1.9512E-09	3.0673E-09	1.4765E-06	-2.2291E-06
-1.9383E-09	3.0591E-09	-1.6164E-07	-1.5403E-06
-1.9255E-09	3.0508E-09	1.4706E-06	1.4001E-06
-1.9128E-09	3.0426E-09	3.3749E-06	-1.5275E-06
-1.9001E-09	3.0344E-09	1.0860E-06	-8.3739E-07
-1.8875E-09	3.0261E-09	2.6769E-06	-1.0364E-06
-1.8750E-09	3.0179E-09	1.0896E-06	-6.7186E-07
-1.8625E-09	3.0097E-09	3.5912E-06	-4.3280E-07
-1.8502E-09	3.0014E-09	1.8620E-06	-2.6694E-06
-1.8379E-09	2.9932E-09	1.2282E-06	-1.0868E-06
-1.8257E-09	2.9850E-09	1.0135E-06	-8.2094E-07
-1.8135E-09	2.9768E-09	2.1150E-06	4.0451E-07
-1.8014E-09	2.9685E-09	3.0634E-06	-5.4833E-07
-1.7894E-09	2.9603E-09	3.6413E-06	-1.6891E-06
-1.7775E-09	2.9521E-09	1.2295E-06	-2.9469E-06
-1.7657E-09	2.9439E-09	1.3747E-06	-3.2465E-08
-1.7539E-09	2.9357E-09	2.6915E-06	-1.7628E-06
-1.7422E-09	2.9275E-09	1.3216E-06	-9.2509E-07
-1.7305E-09	2.9193E-09	2.6109E-06	-9.3273E-07
-1.7190E-09	2.9111E-09	2.5419E-06	-1.2325E-06
-1.7075E-09	2.9029E-09	2.7210E-06	-2.2808E-06
-1.6961E-09	2.8947E-09	1.7174E-06	-2.1258E-06
-1.6847E-09	2.8865E-09	1.4479E-06	-2.8634E-06
-1.6734E-09	2.8783E-09	-2.9891E-07	-1.1418E-06
-1.6622E-09	2.8702E-09	1.8474E-06	-8.1925E-07
-1.6511E-09	2.8620E-09	-2.5327E-08	-1.1235E-06
-1.6400E-09	2.8538E-09	1.9660E-06	1.2487E-06
-1.6290E-09	2.8457E-09	3.4075E-06	-1.0294E-06
-1.6180E-09	2.8375E-09	2.6867E-06	-2.1929E-06
-1.6072E-09	2.8294E-09	6.2156E-07	-2.8268E-06
-1.5964E-09	2.8213E-09	-1.9364E-07	-1.0438E-07
-1.5856E-09	2.8131E-09	2.0908E-06	2.6845E-07
-1.5750E-09	2.8050E-09	1.7585E-06	-1.1770E-06
-1.5644E-09	2.7969E-09	8.5527E-07	1.2816E-07
-1.5538E-09	2.7888E-09	2.6251E-06	6.1548E-07
-1.5434E-09	2.7807E-09	2.6242E-06	-2.2455E-07
-1.5330E-09	2.7727E-09	3.3053E-06	2.2383E-07
-1.5226E-09	2.7646E-09	4.3735E-06	-7.9763E-07
-1.5124E-09	2.7565E-09	4.2713E-06	-2.9103E-06
-1.5022E-09	2.7485E-09	1.3849E-06	-3.2519E-06
-1.4920E-09	2.7404E-09	1.7944E-06	-8.8334E-07
-1.4819E-09	2.7324E-09	2.6993E-06	-1.8848E-06
-1.4719E-09	2.7244E-09	2.3343E-06	-1.7814E-06
-1.4620E-09	2.7164E-09	2.6220E-06	-2.4905E-06
-1.4521E-09	2.7084E-09	1.3993E-06	-3.0191E-06
-1.4423E-09	2.7004E-09	4.9854E-07	-1.5461E-06
-1.4325E-09	2.6924E-09	2.2731E-06	-1.2880E-06
-1.4228E-09	2.6844E-09	7.8782E-07	-2.5468E-06
-1.4132E-09	2.6765E-09	1.3716E-06	-4.3212E-08
-1.4036E-09	2.6685E-09	2.9686E-06	-2.4341E-06
-1.3941E-09	2.6606E-09	4.0167E-07	-2.4691E-06
-1.3846E-09	2.6527E-09	8.5298E-07	-8.8685E-07
-1.3752E-09	2.6448E-09	1.9039E-06	-1.0705E-06
-1.3659E-09	2.6369E-09	1.4062E-06	-2.2098E-06
-1.3566E-09	2.6290E-09	8.5314E-07	-9.6653E-07
-1.3474E-09	2.6211E-09	1.9716E-06	-2.1018E-06
-1.3383E-09	2.6133E-09	-7.4678E-07	-2.0879E-06
-1.3292E-09	2.6054E-09	1.2063E-07	9.7709E-07
-1.3201E-09	2.5976E-09	2.4980E-06	2.3104E-07
-1.3112E-09	2.5898E-09	2.1021E-06	-1.2239E-06
-1.3023E-09	2.5820E-09	1.4529E-06	-6.0489E-07
-1.2934E-09	2.5742E-09	2.5734E-06	-6.8243E-07
-1.2846E-09	2.5664E-09	1.8961E-06	-1.8038E-06
-1.2758E-09	2.5586E-09	1.4238E-06	-8.5408E-07
-1.2672E-09	2.5509E-09	2.1424E-06	-1.0130E-06
-1.2585E-09	2.5432E-09	2.1736E-06	-1.1014E-06
-1.2500E-09	2.5354E-09	2.5048E-06	-2.1811E-06
-1.2414E-09	2.5277E-09	5.6906E-07	-2.0296E-06
-1.2330E-09	2.5201E-09	1.8517E-06	-5.6581E-07
-1.2246E-09	2.5124E-09	1.8568E-06	-2.3454E-06
-1.2162E-09	2.5047E-09	9.4433E-07	-1.6009E-06
-1.2079E-09	2.4971E-09	8.5650E-07	-1.9027E-06
-1.1997E-09	2.4895E-09	5.2537E-07	-6.2904E-07
-1.1915E-09	2.4819E-09	1.7007E-06	-1.4060E-06
-1.1833E-09	2.4743E-09	1.7918E-07	-1.3992E-06
-1.1753E-09	2.4667E-09	9.4979E-07	-3.2219E-07
-1.1672E-09	2.4591E-09	1.2062E-06	-9.3043E-07
-1.1592E-09	2.4516E-09	7.2424E-07	-1.0605E-06
-1.1513E-09	2.4441E-09	1.2696E-07	4.4602E-08
-1.1434E-09	2.4365E-09	2.0892E-06	8.7672E-07
-1.1356E-09	2.4291E-09	2.6270E-06	-1.3906E-06
-1.1279E-09	2.4216E-09	6.8384E-07	-1.5336E-06
-1.1201E-09	2.4141E-09	6.7955E-07	-2.0099E-07
-1.1125E-09	2.4067E-09	1.3732E-06	-2.3839E-07
-1.1049E-09	2.3992E-09	1.1300E-06	-5.5927E-07
-1.0973E-09	2.3918E-09	5.7720E-07	-7.7981E-08
-1.0898E-09	2.3844E-09	1.0323E-06	1.1805E-06
-1.0823E-09	2.3771E-09	2.7296E-06	8.1157E-07
-1.0749E-09	2.3697E-09	1.8193E-06	-4.0349E-07
-1.0675E-09	2.3624E-09	1.8958E-06	1.7928E-06
-1.0602E-09	2.3550E-09	4.9899E-06	4.0604E-07
-1.0529E-09	2.3477E-09	3.1253E-06	-1.9539E-06
-1.0457E-09	2.3405E-09	2.6927E-06	-6.9079E-07
-1.0385E-09	2.3332E-09	2.9367E-06	-1.5195E-06
-1.0314E-09	2.3259E-09	2.4276E-06	-1.3402E-06
-1.0243E-09	2.3187E-09	2.2349E-06	-1.5500E-06
-1.0173E-09	2.3115E-09	2.3293E-06	-1.1068E-06
-1.0103E-09	2.3043E-09	2.1712E-06	-2.0929E-06
-1.0034E-09	2.2971E-09	1.1922E-06	-1.1254E-06
-9.9647E-10	2.2900E-09	2.0098E-06	-1.2689E-06
-9.8962E-10	2.2828E-09	9.1075E-07	-1.0571E-06
-9.8282E-10	2.2757E-09	1.7327E-06	1.5640E-09
-9.7606E-10	2.2686E-09	2.3319E-06	-3.2446E-07
-9.6934E-10	2.2615E-09	2.8309E-06	-8.2046E-07
-9.6268E-10	2.2545E-09	2.2019E-06	-1.4967E-06
-9.5605E-10	2.2474E-09	1.9268E-06	-9.5656E-07
-9.4947E-10	2.2404E-09	2.1765E-06	-1.0548E-06
-9.4294E-10	2.2334E-09	1.8751E-06	-1.0126E-06
-9.3644E-10	2.2264E-09	2.3105E-06	-5.6998E-07
-9.2999E-10	2.2194E-09	2.5315E-06	-1.4558E-06
-9.2359E-10	2.2125E-09	1.7781E-06	-8.5364E-07
-9.1722E-10	2.2056E-09	3.0562E-06	-1.3019E-06
-9.1090E-10	2.1987E-09	1.0287E-06	-1.9232E-06
-9.0462E-10	2.1918E-09	2.2856E-06	6.6530E-07
-8.9838E-10	2.1849E-09	3.9658E-06	-1.9206E-06
-8.9219E-10	2.1781E-09	2.0484E-06	-2.3035E-06
-8.8603E-10	2.1712E-09	2.1288E-06	-2.3413E-06
-8.7992E-10	2.1644E-09	8.1088E-07	-2.1747E-06
-8.7384E-10	2.1576E-09	9.7160E-07	-9.9278E-07
-8.6781E-10	2.1509E-09	1.6464E-06	-8.0939E-07
-8.6182E-10	2.1441E-09	1.4855E-06	-1.4472E-06
-8.5586E-10	2.1374E-09	1.0997E-06	9.0177E-08
-8.4995E-10	2.1307E-09	3.6567E-06	-7.4407E-07
-8.4407E-10	2.1240E-09	1.5656E-06	-2.5455E-06
-8.3824E-10	2.1173E-09	1.5543E-06	-6.3769E-07
-8.3244E-10	2.1107E-09	2.2865E-06	-1.3613E-06
-8.2668E-10	2.1040E-09	2.4245E-06	-1.9510E-06
-8.2096E-10	2.0974E-09	3.6834E-07	-2.9017E-06
-8.1528E-10	2.0908E-09	-1.5491E-07	3.5480E-07
-8.0963E-10	2.0843E-09	2.5127E-06	2.2847E-07
-8.0403E-10	2.0777E-09	2.8496E-06	-1.1757E-06
-7.9846E-10	2.0712E-09	1.5069E-06	-2.3888E-06
-7.9292E-10	2.0647E-09	5.9957E-07	-3.0220E-07
-7.8743E-10	2.0582E-09	2.2338E-06	-6.0889E-07
-7.8196E-10	2.0517E-09	1.6830E-06	-2.4916E-07
-7.7654E-10	2.0453E-09	3.6256E-06	-9.1765E-07
-7.7115E-10	2.0388E-09	2.0288E-06	-2.6487E-06
-7.6580E-10	2.0324E-09	1.3593E-06	-1.7247E-06
-7.6048E-10	2.0260E-09	1.0723E-06	-1.5588E-06
-7.5520E-10	2.0197E-09	1.0407E-06	-1.1281E-06
-7.4995E-10	2.0133E-09	8.7336E-07	-2.9692E-07
-7.4474E-10	2.0070E-09	2.5959E-06	-1.5748E-07
-7.3956E-10	2.0007E-09	2.2671E-06	-1.5719E-06
-7.3441E-10	1.9944E-09	2.0357E-06	-1.8660E-06
-7.2930E-10	1.9882E-09	8.1755E-09	-1.7947E-06
-7.2422E-10	1.9819E-09	1.4781E-06	8.7140E-07
-7.1918E-10	1.9757E-09	2.3989E-06	-1.3926E-06
-7.1416E-10	1.9695E-09	1.9754E-06	-2.2032E-07
-7.0919E-10	1.9633E-09	2.6551E-06	-2.9304E-06
-7.0424E-10	1.9571E-09	-1.0316E-06	-9.2746E-07
-6.9933E-10	1.9510E-09	2.2677E-06	4.2668E-07
-6.9444E-10	1.9449E-09	6.3905E-07	-6.9547E-07
-6.8959E-10	1.9388E-09	3.0067E-06	1.5562E-06
-6.8478E-10	1.9327E-09	3.7317E-06	-2.1136E-06
-6.7999E-10	1.9267E-09	1.4795E-06	-1.6023E-06
-6.7523E-10	1.9206E-09	1.7787E-06	-1.1483E-06
-6.7051E-10	1.9146E-09	1.7092E-06	-8.3078E-07
-6.6581E-10	1.9086E-09	2.0145E-06	-9.0294E-07
-6.6115E-10	1.9026E-09	2.1246E-06	-9.5760E-07
-6.5652E-10	1.8967E-09	1.8993E-06	-1.3159E-06
-6.5191E-10	1.8907E-09	1.8171E-06	-7.9381E-07
-6.4734E-10	1.8848E-09	2.1636E-06	-1.1963E-06
-6.4279E-10	1.8789E-09	1.7309E-06	-1.0301E-06
-6.3828E-10	1.8730E-09	2.1359E-06	-1.0168E-06
-6.3379E-10	1.8672E-09	1.7380E-06	-1.0323E-06
-6.2933E-10	1.8614E-09	2.7553E-06	-5.6639E-07
-6.2491E-10	1.8555E-09	2.5898E-06	-2.9465E-06
-6.2050E-10	1.8498E-09	-5.7693E-07	-1.1644E-06
-6.1613E-10	1.8440E-09	3.1209E-06	1.2290E-06
-6.1179E-10	1.8382E-09	3.4524E-06	-3.0087E-06
-6.0747E-10	1.8325E-09	9.3096E-07	-1.6573E-06
-6.0318E-10	1.8268E-09	2.2996E-06	-1.8830E-06
-5.9892E-10	1.8211E-09	3.5297E-07	-2.0435E-06
-5.9469E-10	1.8154E-09	1.3515E-06	-9.6749E-08
-5.9048E-10	1.8098E-09	2.5164E-06	-1.5887E-06
-5.8630E-10	1.8041E-09	1.1314E-06	-2.3470E-06
-5.8214E-10	1.7985E-09	-3.1079E-08	-1.5253E-06
-5.7802E-10	1.7929E-09	2.0946E-07	5.4854E-07
-5.7391E-10	1.7874E-09	2.7809E-06	1.1524E-07
-5.6984E-10	1.7818E-09	1.3682E-06	-1.5979E-06
-5.6579E-10	1.7763E-09	1.5602E-06	3.1095E-07
-5.6176E-10	1.7708E-09	2.6434E-06	-1.1404E-06
-5.5776E-10	1.7653E-09	1.5950E-06	-1.1906E-06
-5.5379E-10	1.7598E-09	1.2634E-06	-1.0092E-06
-5.4984E-10	1.7543E-09	1.7781E-06	3.4570E-07
-5.4591E-10	1.7489E-09	2.9765E-06	-1.1796E-06
-5.4201E-10	1.7435E-09	1.6445E-06	-8.2415E-07
-5.3813E-10	1.7381E-09	3.0732E-06	-8.8057E-07
-5.3428E-10	1.7327E-09	2.6375E-06	-1.9271E-06
-5.3045E-10	1.7274E-09	2.0280E-06	-3.0656E-06
-5.2664E-10	1.7220E-09	-6.0085E-07	-1.6159E-06
-5.2286E-10	1.7167E-09	1.9917E-06	3.5986E-07
-5.1910E-10	1.7114E-09	2.1206E-06	-2.0475E-06
-5.1537E-10	1.7061E-09	8.2847E-07	-1.4409E-06
-5.1166E-10	1.7009E-09	9.6330E-07	-5.2326E-07
-5.0797E-10	1.6957E-09	2.3559E-06	-8.7780E-07
-5.0430E-10	1.6904E-09	5.8861E-07	-1.9990E-06
-5.0065E-10	1.6852E-09	1.0263E-06	5.5762E-07
-4.9703E-10	1.6801E-09	2.5804E-06	-1.1516E-06
-4.9343E-10	1.6749E-09	1.1485E-06	-1.3135E-06
-4.8985E-10	1.6697E-09	1.0357E-06	-6.5475E-07
-4.8629E-10	1.6646E-09	2.1182E-06	7.9589E-08
-4.8276E-10	1.6595E-09	2.2380E-06	-2.2212E-06
-4.7924E-10	1.6544E-09	-7.7058E-08	-5.1502E-07
-4.7575E-10	1.6494E-09	2.6105E-06	-2.7906E-08
-4.7228E-10	1.6443E-09	1.0499E-06	-1.8478E-06
-4.6882E-10	1.6393E-09	5.1487E-07	4.2141E-07
-4.6539E-10	1.6343E-09	2.4658E-06	7.7725E-07
-4.6198E-10	1.6293E-09	3.1735E-06	-7.8987E-07
-4.5859E-10	1.6243E-09	2.1947E-06	-1.0433E-06
-4.5522E-10	1.6194E-09	2.9186E-06	-1.3709E-06
-4.5187E-10	1.6144E-09	1.3248E-06	-2.2502E-06
-4.4854E-10	1.6095E-09	1.1205E-06	-7.7678E-07
-4.4523E-10	1.6046E-09	1.3217E-06	-6.6847E-07
-4.4194E-10	1.5997E-09	2.3396E-06	-2.1611E-07
-4.3866E-10	1.5949E-09	2.0068E-06	-1.7490E-06
-4.3541E-10	1.5900E-09	1.4279E-06	-4.1763E-07
-4.3218E-10	1.5852E-09	2.6557E-06	-1.3187E-06
-4.2896E-10	1.5804E-09	1.3486E-06	-1.7908E-06
-4.2576E-10	1.5756E-09	1.0545E-06	-1.2508E-06
-4.2258E-10	1.5708E-09	8.7579E-07	-5.3250E-07
-4.1942E-10	1.5661E-09	1.5103E-06	-4.0428E-07
-4.1628E-10	1.5613E-09	1.3436E-06	8.4654E-08
-4.1316E-10	1.5566E-09	3.1657E-06	-9.5799E-08
-4.1005E-10	1.5519E-09	1.7845E-06	-2.1574E-06
-4.0696E-10	1.5472E-09	1.0989E-06	5.5356E-07
-4.0389E-10	1.5426E-09	4.1276E-06	-9.5675E-07
-4.0084E-10	1.5379E-09	1.1925E-06	-2.8194E-06
-3.9780E-10	1.5333E-09	1.0941E-06	-1.8560E-07
-3.9478E-10	1.5287E-09	2.4173E-06	-1.1103E-06
-3.9178E-10	1.5241E-09	1.3855E-06	-1.5491E-06
-3.8879E-10	1.5195E-09	1.2357E-06	-4.6351E-07
-3.8582E-10	1.5149E-09	2.4229E-06	-1.1107E-06
-3.8287E-10	1.5104E-09	2.9739E-07	-1.4822E-06
-3.7994E-10	1.5059E-09	1.6299E-06	1.2906E-06
-3.7702E-10	1.5013E-09	3.3374E-06	-8.2364E-07
-3.7411E-10	1.4968E-09	2.3989E-06	-1.1593E-06
-3.7123E-10	1.4924E-09	2.1307E-06	-1.5763E-06
-3.6835E-10	1.4879E-09	2.4876E-06	-8.6012E-07
-3.6550E-10	1.4835E-09	2.3137E-06	-3.4993E-06
-3.6266E-10	1.4790E-09	-1.3849E-06	-1.4372E-06
-3.5983E-10	1.4746E-09	1.2338E-06	1.1372E-06
-3.5702E-10	1.4702E-09	2.2758E-06	1.9604E-07
-3.5423E-10	1.4659E-09	3.4932E-06	-4.6553E-07
-3.5145E-10	1.4615E-09	2.5487E-06	-2.4775E-06
-3.4869E-10	1.4572E-09	9.9129E-07	-1.4974E-06
-3.4594E-10	1.4528E-09	1.9619E-06	-6.5893E-07
-3.4320E-10	1.4485E-09	2.1366E-06	-1.8791E-06
-3.4048E-10	1.4442E-09	9.7911E-07	-1.4877E-06
-3.3778E-10	1.4399E-09	1.5018E-06	-1.0019E-06
-3.3509E-10	1.4357E-09	1.5682E-06	-1.3783E-06
-3.3241E-10	1.4314E-09	6.9426E-07	-1.8770E-06
-3.2975E-10	1.4272E-09	-1.6592E-07	3.5082E-07
-3.2710E-10	1.4230E-09	3.0100E-06	4.6070E-07
-3.2446E-10	1.4188E-09	1.9208E-06	-2.2391E-06
-3.2184E-10	1.4146E-09	3.1888E-07	-9.3584E-07
-3.1923E-10	1.4104E-09	8.4656E-07	2.9128E-07
-3.1664E-10	1.4063E-09	2.2269E-06	2.1407E-07
-3.1406E-10	1.4021E-09	1.7023E-06	-6.3576E-07
-3.1149E-10	1.3980E-09	2.1739E-06	4.0948E-07
-3.0894E-10	1.3939E-09	3.0202E-06	-9.8003E-07
-3.0640E-10	1.3898E-09	1.7984E-06	-1.1065E-06
-3.0387E-10	1.3857E-09	2.3944E-06	-5.4372E-07
-3.0135E-10	1.3817E-09	2.5509E-06	-1.7277E-06
-2.9885E-10	1.3776E-09	9.4361E-07	-1.8399E-06
-2.9636E-10	1.3736E-09	5.2346E-07	-1.4254E-07
-2.9388E-10	1.3696E-09	2.0283E-06	1.0252E-06
-2.9142E-10	1.3656E-09	3.8922E-06	-3.2217E-07
-2.8897E-10	1.3616E-09	2.6320E-06	-1.8547E-06
-2.8653E-10	1.3576E-09	2.5662E-06	-9.2672E-07
-2.8410E-10	1.3536E-09	2.9336E-06	-2.2254E-06
-2.8168E-10	1.3497E-09	1.4015E-06	-2.2900E-06
-2.7928E-10	1.3458E-09	1.2968E-06	-1.1113E-06
-2.7688E-10	1.3419E-09	2.6287E-06	-1.2977E-06
-2.7450E-10	1.3380E-09	1.4789E-06	-3.0840E-06
-2.7214E-10	1.3341E-09	1.3004E-07	-1.2193E-06
-2.6978E-10	1.3302E-09	1.2921E-06	-1.3265E-06
-2.6743E-10	1.3263E-09	1.6796E-07	-7.2856E-07
-2.6510E-10	1.3225E-09	1.8485E-06	-8.4998E-08
-2.6277E-10	1.3187E-09	1.3839E-06	-1.2104E-06
-2.6046E-10	1.3148E-09	1.4506E-06	-5.7005E-07
-2.5816E-10	1.3110E-09	1.1979E-06	-9.6692E-07
-2.5587E-10	1.3073E-09	1.3601E-06	5.6043E-08
-2.5359E-10	1.3035E-09	2.3677E-06	-4.0772E-07
-2.5132E-10	1.2997E-09	2.3469E-06	-1.1289E-06
-2.4907E-10	1.2960E-09	1.6874E-06	-1.6530E-06
-2.4682E-10	1.2922E-09	9.7390E-07	-1.0484E-06
-2.4458E-10	1.2885E-09	1.4252E-06	-1.8631E-07
-2.4236E-10	1.2848E-09	2.3686E-06	-7.9126E-07
-2.4014E-10	1.2811E-09	1.4579E-06	-8.9327E-07
-2.3793E-10	1.2774E-09	3.2505E-06	-6.3732E-07
-2.3574E-10	1.2738E-09	1.5441E-06	-3.6929E-06
-2.3356E-10	1.2701E-09	-4.8010E-07	-4.1154E-07
-2.3138E-10	1.2665E-09	2.1255E-06	-8.5472E-07
-2.2922E-10	1.2628E-09	3.3291E-07	-1.2567E-06
-2.2706E-10	1.2592E-09	1.0381E-06	-1.6045E-07
-2.2492E-10	1.2556E-09	1.0924E-06	1.8070E-07
-2.2278E-10	1.2520E-09	2.9431E-06	-1.1964E-07
-2.2065E-10	1.2484E-09	1.7291E-06	-2.2405E-06
-2.1854E-10	1.2449E-09	-1.1433E-08	-8.9697E-07
-2.1643E-10	1.2413E-09	7.7273E-07	1.2147E-06
-2.1434E-10	1.2378E-09	3.7152E-06	4.7430E-07
-2.1225E-10	1.2342E-09	2.3708E-06	-2.2943E-06
-2.1017E-10	1.2307E-09	9.6637E-07	-8.8895E-07
-2.0810E-10	1.2272E-09	1.2919E-06	-5.7991E-07
-2.0604E-10	1.2237E-09	1.7538E-06	3.7698E-07
-2.0399E-10	1.2202E-09	3.0600E-06	-7.4575E-07
-2.0195E-10	1.2168E-09	1.9832E-06	-1.6263E-06
-1.9992E-10	1.2133E-09	1.1294E-06	-1.3747E-06
-1.9789E-10	1.2099E-09	7.6574E-07	6.3185E-07
-1.9588E-10	1.2064E-09	4.5384E-06	5.7246E-07
-1.9387E-10	1.2030E-09	3.2255E-06	-3.9406E-06
-1.9187E-10	1.1996E-09	2.2661E-07	-1.7346E-06
-1.8989E-10	1.1962E-09	1.7771E-06	-1.6738E-06
-1.8791E-10	1.1928E-09	9.2002E-08	-1.2129E-06
-1.8593E-10	1.1894E-09	2.1666E-06	-5.8711E-07
-1.8397E-10	1.1861E-09	5.1294E-07	-2.4853E-06
-1.8202E-10	1.1827E-09	-2.8099E-07	-3.0389E-07
-1.8007E-10	1.1794E-09	2.5126E-07	4.6517E-07
-1.7813E-10	1.1760E-09	2.2256E-06	1.1380E-06
-1.7620E-10	1.1727E-09	1.9296E-06	-1.1742E-06
-1.7428E-10	1.1694E-09	1.2650E-06	4.9599E-07
-1.7237E-10	1.1661E-09	2.2029E-06	-5.7633E-07
-1.7046E-10	1.1628E-09	1.5927E-06	6.4734E-07
-1.6856E-10	1.1596E-09	3.5263E-06	-5.7216E-07
-1.6667E-10	1.1563E-09	1.9592E-06	-1.0140E-06
-1.6479E-10	1.1530E-09	2.8843E-06	-1.2468E-06
-1.6292E-10	1.1498E-09	1.1390E-06	-1.7096E-06
-1.6105E-10	1.1466E-09	1.6582E-06	-5.9103E-07
-1.5919E-10	1.1433E-09	1.3321E-06	-6.9981E-07
-1.5734E-10	1.1401E-09	2.4972E-06	-4.1510E-07
-1.5550E-10	1.1369E-09	1.2577E-06	-1.7570E-06
-1.5366E-10	1.1337E-09	1.1914E-06	5.5389E-07
-1.5184E-10	1.1306E-09	3.0517E-06	-5.5057E-07
-1.5002E-10	1.1274E-09	2.0125E-06	-1.1786E-06
-1.4820E-10	1.1242E-09	2.3007E-06	-9.9757E-07
-1.4640E-10	1.1211E-09	1.7296E-06	-1.4967E-06
-1.4460E-10	1.1179E-09	1.6647E-06	-6.4849E-07
-1.4281E-10	1.1148E-09	2.2239E-06	-1.3391E-06
-1.4102E-10	1.1117E-09	1.1487E-06	-1.0881E-06
-1.3925E-10	1.1086E-09	2.2027E-06	-4.2948E-07
-1.3748E-10	1.1055E-09	2.1957E-06	-1.6504E-06
-1.3572E-10	1.1024E-09	1.2675E-06	-1.5112E-06
-1.3396E-10	1.0993E-09	1.2983E-06	-6.3700E-07
-1.3221E-10	1.0962E-09	2.3289E-06	-1.1882E-06
-1.3047E-10	1.0932E-09	8.9049E-07	-1.8625E-06
-1.2874E-10	1.0901E-09	1.0223E-06	-4.2778E-07
-1.2701E-10	1.0871E-09	1.4212E-06	-6.7089E-07
-1.2529E-10	1.0840E-09	2.2577E-06	-5.4508E-07
-1.2358E-10	1.0810E-09	1.4320E-06	-2.5079E-06
-1.2187E-10	1.0780E-09	-4.5888E-07	-4.8251E-07
-1.2017E-10	1.0750E-09	1.3105E-06	4.9669E-07
-1.1848E-10	1.0720E-09	1.7167E-06	1.7758E-07
-1.1679E-10	1.0690E-09	2.3619E-06	-1.5965E-07
-1.1511E-10	1.0660E-09	2.3478E-06	-6.5485E-07
-1.1344E-10	1.0630E-09	2.1502E-06	-1.3040E-06
-1.1177E-10	1.0601E-09	1.3649E-06	-8.4879E-07
-1.1011E-10	1.0571E-09	2.0033E-06	-8.4062E-07
-1.0846E-10	1.0542E-09	1.1110E-06	-8.5496E-07
-1.0681E-10	1.0512E-09	2.0510E-06	2.1188E-07
-1.0517E-10	1.0483E-09	2.7083E-06	-9.5459E-07
-1.0353E-10	1.0454E-09	2.2571E-06	-1.2138E-06
-1.0190E-10	1.0425E-09	2.3097E-06	-1.6823E-06
-1.0028E-10	1.0396E-09	1.3359E-06	-2.2012E-06
-9.8666E-11	1.0367E-09	4.4815E-07	-1.1083E-06
-9.7057E-11	1.0338E-09	1.4500E-06	-5.1932E-07
-9.5453E-11	1.0309E-09	1.1671E-06	-1.1875E-06
-9.3856E-11	1.0281E-09	8.9754E-07	-3.0266E-07
-9.2265E-11	1.0252E-09	1.7371E-06	8.1184E-08
-9.0681E-11	1.0224E-09	2.8741E-06	-8.4028E-07
-8.9102E-11	1.0195E-09	9.8580E-07	-2.3044E-06
-8.7529E-11	1.0167E-09	8.7242E-07	6.8612E-07
-8.5963E-11	1.0139E-09	3.4664E-06	-1.7490E-06
-8.4402E-11	1.0110E-09	-4.4602E-07	-2.1755E-06
-8.2848E-11	1.0082E-09	1.2714E-06	5.4453E-07
-8.1299E-11	1.0054E-09	1.1498E-06	-1.5208E-06
-7.9757E-11	1.0026E-09	2.0152E-07	6.6364E-07
-7.8220E-11	9.9984E-10	2.5453E-06	6.9122E-07
-7.6689E-11	9.9706E-10	2.5501E-06	-7.5208E-07
-7.5164E-11	9.9429E-10	1.9350E-06	-9.1911E-07
-7.3645E-11	9.9152E-10	1.9227E-06	-8.3692E-07
-7.2131E-11	9.8876E-10	1.6506E-06	-7.1945E-07
-7.0624E-11	9.8602E-10	2.6857E-06	-4.6464E-07
-6.9122E-11	9.8327E-10	2.5011E-06	-2.6761E-06
-6.7626E-11	9.8054E-10	-7.5979E-08	-2.1191E-06
-6.6135E-11	9.7781E-10	3.5352E-07	-3.4173E-07
-6.4651E-11	9.7509E-10	8.0166E-07	-3.4477E-07
-6.3172E-11	9.7238E-10	1.0581E-06	7.0221E-08
-6.1698E-11	9.6968E-10	1.2538E-06	-1.0278E-07
-6.0231E-11	9.6698E-10	1.4529E-06	7.4958E-07
-5.8768E-11	9.6429E-10	3.1933E-06	-1.6492E-08
-5.7312E-11	9.6160E-10	1.8894E-06	-1.7581E-06
-5.5861E-11	9.5893E-10	6.7491E-07	-1.7245E-07
-5.4415E-11	9.5626E-10	2.3929E-06	7.6802E-07
-5.2975E-11	9.5360E-10	3.2653E-06	-1.1037E-06
-5.1541E-11	9.5094E-10	1.5724E-06	-1.5374E-06
-5.0112E-11	9.4829E-10	1.6148E-06	-7.8122E-07
-4.8688E-11	9.4565E-10	1.3142E-06	-2.5880E-07
-4.7270E-11	9.4302E-10	3.2876E-06	-1.0143E-07
-4.5857E-11	9.4039E-10	2.0833E-06	-2.6145E-06
-4.4450E-11	9.3777E-10	8.9524E-07	-6.2306E-07
-4.3048E-11	9.3515E-10	1.8302E-06	-1.0264E-06
-4.1652E-11	9.3254E-10	1.6054E-06	-2.3554E-07
-4.0261E-11	9.2994E-10	2.7537E-06	-1.4560E-06
-3.8875E-11	9.2735E-10	1.1042E-06	-1.5142E-06
-3.7494E-11	9.2476E-10	1.8793E-06	-1.1550E-06
-3.6119E-11	9.2218E-10	9.2513E-07	-1.6967E-06
-3.4749E-11	9.1960E-10	7.2550E-07	-7.7621E-07
-3.3384E-11	9.1703E-10	1.0380E-06	-3.2640E-07
-3.2025E-11	9.1447E-10	1.5068E-06	-7.0235E-07
-3.0671E-11	9.1192E-10	7.1431E-07	-2.2892E-07
-2.9322E-11	9.0937E-10	2.1419E-06	3.2640E-07
-2.7978E-11	9.0682E-10	2.0318E-06	-8.1949E-07
-2.6639E-11	9.0428E-10	1.7753E-06	-5.7966E-07
-2.5306E-11	9.0175E-10	1.8112E-06	-1.6476E-07
-2.3978E-11	8.9923E-10	3.3505E-06	-6.8767E-07
-2.2655E-11	8.9671E-10	2.0556E-06	-2.4523E-06
-2.1337E-11	8.9420E-10	1.4850E-06	-1.8866E-06
-2.0024E-11	8.9169E-10	-2.8544E-07	-1.8990E-06
-1.8717E-11	8.8919E-10	1.1254E-06	1.1578E-06
-1.7414E-11	8.8669E-10	2.5878E-06	-1.7946E-06
-1.6117E-11	8.8420E-10	4.7343E-07	-9.1631E-07
-1.4824E-11	8.8172E-10	1.1427E-06	-9.6029E-07
-1.3537E-11	8.7924E-10	8.9244E-07	5.4940E-07
-1.2255E-11	8.7677E-10	2.8426E-06	-1.2015E-06
-1.0977E-11	8.7431E-10	2.6184E-07	-8.0966E-07
-9.7051E-12	8.7185E-10	2.4590E-06	-1.8428E-07
-8.4380E-12	8.6939E-10	1.1763E-06	-1.2121E-06
-7.1758E-12	8.6694E-10	2.1541E-06	-7.3474E-07
-5.9186E-12	8.6450E-10	8.9225E-07	-1.6261E-06
-4.6664E-12	8.6206E-10	1.2009E-06	-7.0843E-07
-3.4192E-12	8.5963E-10	5.2134E-07	-6.7108E-07
-2.1770E-12	8.5720E-10	1.9143E-06	-3.0853E-08
-9.3974E-13	8.5478E-10	1.2534E-06	-1.1967E-06
2.9259E-13	8.5237E-10	1.6283E-06	-9.5855E-07
1.5200E-12	8.4996E-10	-4.1262E-07	-1.3407E-06
2.7424E-12	8.4755E-10	1.1208E-06	1.6057E-06
3.9600E-12	8.4515E-10	2.4315E-06	-9.4541E-07
5.1726E-12	8.4276E-10	9.3648E-07	-8.4379E-07
6.3803E-12	8.4037E-10	2.8279E-07	-2.4389E-07
7.5831E-12	8.3799E-10	1.5225E-06	1.5684E-06
8.7811E-12	8.3561E-10	3.0210E-06	1.5800E-08
9.9742E-12	8.3324E-10	2.8784E-06	-7.9742E-07
1.1162E-11	8.3087E-10	1.7690E-06	-1.9610E-06
1.2346E-11	8.2851E-10	1.1740E-06	-7.7664E-07
1.3524E-11	8.2615E-10	1.0063E-06	-1.1553E-06
1.4698E-11	8.2380E-10	1.1721E-06	1.4745E-07
1.5867E-11	8.2145E-10	1.5195E-06	-8.8198E-07
1.7031E-11	8.1911E-10	1.4194E-06	4.0026E-07
1.8190E-11	8.1678E-10	2.4139E-06	-1.2863E-06
1.9344E-11	8.1445E-10	6.6803E-07	-5.0367E-07
2.0494E-11	8.1212E-10	2.1541E-06	-4.8011E-07
2.1638E-11	8.0980E-10	9.3804E-07	-9.7218E-07
2.2778E-11	8.0748E-10	1.4678E-06	8.4018E-08
2.3913E-11	8.0517E-10	2.1038E-06	-5.9527E-07
2.5044E-11	8.0286E-10	1.4918E-06	-1.2433E-06
2.6169E-11	8.0056E-10	8.3481E-07	-5.7920E-07
2.7290E-11	7.9826E-10	1.3963E-06	1.1638E-07
2.8406E-11	7.9597E-10	2.6793E-06	-6.0225E-07
2.9517E-11	7.9368E-10	9.8217E-07	-2.5520E-06
3.0624E-11	7.9140E-10	-7.0798E-07	9.8423E-08
3.1726E-11	7.8912E-10	1.5462E-06	8.3413E-07
3.2823E-11	7.8685E-10	1.7225E-06	-1.1152E-08
3.3915E-11	7.8458E-10	1.8880E-06	-1.8212E-07
3.5003E-11	7.8232E-10	1.7124E-06	-6.5190E-07
3.6086E-11	7.8006E-10	1.0981E-06	-2.9502E-07
3.7164E-11	7.7780E-10	2.0923E-06	4.7500E-08
3.8237E-11	7.7555E-10	1.3961E-06	-1.1527E-06
3.9306E-11	7.7331E-10	1.1434E-06	1.6103E-07
4.0370E-11	7.7107E-10	1.3871E-06	-3.4230E-07
4.1429E-11	7.6883E-10	2.0545E-06	9.3926E-07
4.2484E-11	7.6660E-10	2.9582E-06	-1.9168E-06
4.3534E-11	7.6437E-10	-5.4671E-07	-6.9481E-07
4.4579E-11	7.6215E-10	2.0884E-06	1.3550E-06
4.5620E-11	7.5993E-10	2.3106E-06	-8.4762E-07
4.6656E-11	7.5772E-10	1.2723E-06	4.2162E-08
4.7687E-11	7.5551E-10	2.8359E-06	1.4690E-08
4.8713E-11	7.5331E-10	1.6265E-06	-1.5400E-06
4.9735E-11	7.5110E-10	1.3525E-06	4.2012E-07
5.0753E-11	7.4891E-10	2.5195E-06	-7.2030E-07
5.1765E-11	7.4672E-10	1.7945E-06	-2.0041E-07
5.2773E-11	7.4453E-10	2.9843E-06	-1.3044E-06
5.3776E-11	7.4235E-10	1.0147E-06	-2.1397E-06
5.4775E-11	7.4017E-10	-2.8060E-07	-7.6287E-07
5.5769E-11	7.3799E-10	9.1593E-07	1.8924E-06
5.6759E-11	7.3582E-10	3.6494E-06	-2.2651E-08
5.7743E-11	7.3366E-10	1.9613E-06	-9.9331E-07
5.8724E-11	7.3150E-10	2.2305E-06	-8.8811E-07
5.9699E-11	7.2934E-10	1.8332E-06	-4.8871E-07
6.0670E-11	7.2718E-10	2.9168E-06	-1.9978E-06
6.1637E-11	7.2504E-10	-6.4927E-07	-1.9081E-06
6.2598E-11	7.2289E-10	1.2989E-06	1.3904E-06
6.3555E-11	7.2075E-10	2.6957E-06	-1.0694E-06
6.4508E-11	7.1861E-10	9.8301E-07	-9.1307E-07
6.5456E-11	7.1648E-10	1.9644E-06	-1.3191E-07
6.6399E-11	7.1435E-10	1.6512E-06	-1.4398E-06
