jMRUI Data Textfile

Filename: Export_to_jmrui.txt

PointsInDataset: 2048
DatasetsInFile: 1
SamplingInterval: 0.250000
ZeroOrderPhase: 0E0
BeginTime: 0E0
TransmitterFrequency: 1.2326E8
MagneticField: 2.8936E0
TypeOfNucleus:  
NameOfPatient:  
DateOfExperiment:  
Spectrometer:  
AdditionalInfo: 
SignalNames:  


Signal and FFT
sig(real)	sig(imag)	fft(real)	fft(imag)
Signal 1 out of 1 in file
3.5967E-06	-7.6901E-07	5.2413E-07	1.6378E-06
3.0953E-06	-1.7437E-06	2.1022E-06	9.4737E-07
1.9501E-06	-2.3226E-06	1.3882E-06	3.7268E-07
8.7934E-07	-2.4796E-06	2.1304E-06	9.9371E-07
-5.2024E-07	-2.0741E-06	1.9378E-06	-2.2036E-07
-1.1838E-06	-1.2581E-06	2.0832E-06	9.8024E-07
-1.4518E-06	-4.0756E-07	2.9303E-06	-1.2145E-06
-1.0179E-06	2.8521E-07	3.1260E-07	-3.7608E-07
-4.3541E-07	5.0971E-07	2.0968E-06	8.5524E-07
2.5998E-07	2.9188E-07	2.3877E-06	-7.8683E-08
4.8328E-07	-1.1164E-07	2.6251E-06	-9.2331E-07
4.4148E-07	-5.0366E-07	1.4706E-06	-1.2969E-06
2.0966E-07	-8.3163E-07	1.1690E-06	-1.2558E-06
-1.5624E-07	-7.4493E-07	5.3581E-07	-3.9073E-07
-4.4832E-07	-5.7799E-07	1.2853E-06	-1.3908E-06
-5.6434E-07	-2.8632E-07	-1.9329E-06	-1.1666E-07
-4.4241E-07	-1.0063E-07	1.5332E-06	2.7896E-06
-3.3488E-07	2.9748E-08	1.8010E-06	-3.2335E-07
-2.4765E-07	3.5339E-08	1.2066E-06	1.1797E-06
-2.5648E-07	-3.7362E-08	2.0765E-06	6.4023E-08
-3.4866E-07	-1.6166E-08	1.3951E-06	4.5719E-07
-4.8450E-07	1.0451E-07	1.7177E-06	1.5308E-07
-4.8587E-07	1.7258E-07	1.4159E-06	9.8920E-07
-4.1129E-07	2.7578E-07	3.2847E-06	7.7231E-07
-2.8861E-07	3.8423E-07	2.9927E-06	-1.4943E-06
-3.1173E-08	3.0923E-07	1.0307E-06	-1.4877E-06
1.0323E-07	1.6482E-07	7.7950E-07	-5.5420E-07
9.5493E-08	7.3091E-08	5.2557E-07	5.4491E-08
-2.2767E-08	6.6775E-08	1.6439E-06	7.5373E-07
-1.2706E-07	-7.4145E-09	2.0601E-06	-7.1923E-07
-2.5625E-07	2.1661E-07	3.1266E-07	-9.9685E-07
-3.1442E-07	3.2732E-07	-1.8908E-07	1.3445E-06
-1.9867E-07	4.9574E-07	2.6921E-06	1.7461E-06
7.1958E-08	5.1701E-07	2.5572E-06	-6.2910E-07
2.2968E-07	4.2002E-07	1.6842E-06	-3.9564E-07
3.4957E-07	2.8595E-07	1.2060E-06	-5.8536E-07
3.6353E-07	5.2164E-08	1.3369E-06	5.9396E-07
2.7553E-07	-5.6972E-09	2.5164E-06	-4.6079E-07
1.4141E-07	4.7413E-08	1.1893E-06	-1.3598E-06
1.0284E-07	-8.8834E-09	2.1786E-07	-4.7192E-07
1.9227E-07	1.0064E-07	8.3611E-07	7.3363E-07
2.7091E-07	1.1269E-07	1.8161E-06	-1.7310E-07
2.5190E-07	-7.0185E-08	7.6350E-07	-3.0447E-07
3.1241E-07	-1.9224E-07	1.6040E-06	-2.3913E-07
2.1235E-07	-3.0229E-07	-3.9729E-07	-1.3546E-06
2.8210E-08	-3.7080E-07	-6.7177E-07	2.2347E-06
-1.2422E-07	-3.3431E-07	2.4260E-06	1.3613E-06
-1.9030E-07	-1.6117E-07	1.6498E-06	3.0725E-07
-2.2843E-07	9.2410E-08	1.8220E-06	-4.6923E-07
-1.4036E-07	1.2113E-07	-9.6663E-08	2.6389E-08
5.3115E-11	4.0496E-08	1.2110E-06	1.3088E-06
8.0186E-08	3.7111E-09	1.4726E-06	7.1010E-07
7.1903E-08	-8.6979E-08	1.7198E-06	-1.1459E-07
2.1804E-08	-2.0713E-07	-2.8734E-07	8.7853E-07
-1.4360E-07	-1.8650E-07	2.9405E-06	2.1215E-06
-2.8996E-07	-1.1415E-07	1.8129E-06	-1.0009E-06
-2.8619E-07	9.8466E-08	1.5697E-06	8.0919E-07
-1.7107E-07	1.8983E-07	1.1498E-06	-1.2222E-06
-8.4402E-08	2.4653E-07	-3.6347E-07	1.4874E-06
8.5138E-08	1.2084E-07	2.0767E-06	1.6443E-06
1.5465E-07	-1.0359E-07	2.6465E-06	8.5184E-07
1.0909E-07	-1.6715E-07	2.4318E-06	-1.3129E-06
-1.7327E-08	-3.0415E-07	-3.2165E-07	-5.8323E-07
-2.0489E-07	-2.1743E-07	6.4406E-07	1.3514E-06
-3.0109E-07	2.9170E-09	1.3607E-06	4.4166E-07
-3.3431E-07	1.0747E-07	1.9392E-07	1.0688E-06
-2.9430E-07	2.6073E-07	2.2177E-06	2.0437E-06
-1.3754E-07	3.5957E-07	1.7888E-06	-1.4256E-07
1.7840E-08	3.8106E-07	1.5466E-06	1.3962E-06
5.5150E-08	1.6868E-07	1.9700E-06	-5.6875E-07
6.9335E-08	1.4122E-07	2.1291E-07	1.1623E-06
2.4433E-08	1.5402E-08	1.9431E-06	7.7629E-07
-3.4522E-08	5.6639E-08	7.9721E-07	1.7045E-06
-1.2440E-07	7.7292E-08	3.8887E-06	7.1890E-07
-1.1157E-07	5.6496E-08	3.2765E-07	-1.6163E-06
-4.2394E-08	1.5473E-07	2.4745E-07	1.9421E-06
1.0701E-07	1.8209E-07	1.4859E-06	1.1533E-06
8.8830E-08	1.2626E-07	1.7220E-06	1.7619E-06
1.3001E-07	7.9657E-08	2.0167E-06	5.1924E-07
6.8731E-08	3.2509E-09	1.2093E-06	1.6962E-06
1.4781E-09	7.4827E-08	3.1143E-06	1.2790E-06
-5.8768E-08	1.0702E-07	2.2012E-06	-1.7121E-07
-3.0063E-08	1.9412E-07	1.2026E-06	5.8183E-08
1.1321E-08	2.0042E-07	5.7035E-07	1.5858E-06
7.4313E-08	1.7944E-07	3.0430E-06	2.1576E-06
1.8154E-07	1.2077E-07	2.7867E-06	-4.7362E-07
2.2043E-07	9.3029E-09	8.3842E-07	3.6745E-07
1.6471E-07	-1.7058E-07	1.7089E-06	1.8119E-06
4.1376E-08	-1.9789E-07	3.0929E-06	7.9717E-07
-5.1403E-08	-1.8257E-07	1.6438E-06	1.7999E-08
-1.8622E-07	-1.0320E-07	2.3966E-06	1.2628E-06
-1.6554E-07	5.4057E-08	2.4095E-06	-6.5864E-07
-1.1049E-07	1.3697E-07	8.1421E-07	2.6786E-07
5.4926E-08	1.0674E-07	1.0644E-06	9.3295E-07
1.5813E-07	1.4868E-07	1.8041E-06	2.2191E-06
1.8277E-07	3.4304E-08	3.7212E-06	4.8389E-07
1.7363E-07	-1.1021E-07	1.4444E-06	-9.9551E-07
1.0097E-07	-1.5408E-07	1.1156E-07	1.0172E-06
9.9977E-09	-1.8523E-07	1.9636E-06	2.9348E-06
-8.5173E-08	-2.0395E-07	4.1049E-06	8.9226E-07
-6.8669E-08	-1.1662E-07	2.3749E-06	-4.7012E-07
-1.2278E-07	-1.3942E-07	2.0573E-06	2.0632E-07
-1.6733E-07	-5.3200E-08	1.8959E-06	-1.8696E-07
-1.1649E-07	-3.8887E-08	6.7787E-07	7.4571E-08
-7.5208E-08	-2.1256E-08	1.0048E-06	2.4271E-06
-3.6266E-08	3.0202E-08	3.9256E-06	1.6171E-06
-1.3978E-07	8.4668E-08	2.9162E-06	-7.7292E-07
-1.0689E-07	8.0458E-08	1.2685E-06	-2.5569E-07
-8.8116E-08	6.7880E-08	1.5786E-06	1.3373E-06
-6.9267E-08	8.8297E-08	3.2059E-06	1.5474E-07
2.8499E-08	1.3918E-07	1.1385E-06	-6.4895E-07
1.3299E-08	2.0923E-08	1.4120E-06	7.6022E-07
4.9479E-08	-2.8422E-08	1.0819E-06	5.7465E-07
-1.2594E-08	-1.0842E-07	2.0745E-06	1.7097E-06
-5.9812E-08	-1.4105E-08	2.3910E-06	6.1984E-08
-1.2340E-07	9.2813E-09	1.3765E-06	6.8868E-07
-1.2334E-07	6.6676E-09	1.7453E-06	9.0280E-07
-9.0388E-08	1.4093E-07	2.1588E-06	1.3648E-06
-5.8737E-09	1.6682E-07	2.8084E-06	2.4110E-07
6.0463E-08	1.6359E-07	1.6676E-06	-1.3152E-07
5.8269E-08	1.0372E-07	1.0287E-06	2.0058E-07
9.9181E-08	-8.7799E-09	5.5092E-07	1.6317E-06
2.5726E-08	2.0662E-08	2.2851E-06	2.4793E-06
1.3421E-08	-6.4278E-08	3.2148E-06	1.2882E-06
-2.7016E-08	-4.5089E-08	2.7259E-06	6.1130E-07
2.2286E-08	-4.1022E-08	2.7818E-06	6.4597E-07
-1.1123E-08	8.8542E-09	2.2207E-06	-4.1124E-08
-3.7025E-08	4.4773E-08	1.9251E-06	1.3432E-06
2.9129E-08	1.3003E-07	3.6482E-06	3.3623E-07
3.7164E-09	1.6352E-08	1.5324E-06	-8.6883E-07
9.6362E-09	2.6212E-08	1.0627E-06	1.6740E-06
8.5210E-09	6.4696E-08	3.8992E-06	1.7961E-06
-8.6852E-09	-5.7637E-09	3.8438E-06	-1.2779E-06
2.8474E-08	2.2463E-08	1.4758E-06	-1.0454E-06
3.7220E-08	3.8838E-08	1.4437E-06	-4.0059E-07
1.4866E-07	7.4555E-08	8.6459E-07	2.3109E-07
9.9426E-08	-4.0712E-08	1.2806E-06	6.7007E-07
1.1562E-07	-5.6956E-08	1.6024E-06	1.5529E-06
7.9419E-08	-1.1531E-07	3.0389E-06	5.1652E-08
1.2741E-08	-1.6346E-07	5.9601E-07	2.4658E-07
-1.1649E-07	-1.9098E-07	2.9109E-06	1.1016E-06
-5.5099E-08	-6.4119E-08	6.3958E-07	-9.5473E-07
-9.6846E-08	-1.8114E-08	1.0263E-06	2.4986E-06
-7.0899E-08	-1.4404E-09	2.6554E-06	5.2129E-07
-8.4666E-08	-1.9422E-08	1.3301E-06	9.8108E-07
8.5752E-09	2.8086E-08	1.7937E-06	1.3234E-06
4.0146E-08	6.2917E-08	2.5678E-06	1.9347E-06
3.7516E-08	-1.6887E-08	3.3962E-06	3.2670E-07
-3.1413E-08	-7.3000E-08	2.2261E-06	-3.1214E-08
-2.2950E-08	-6.6931E-08	1.8206E-06	-3.3845E-07
-4.9444E-08	-5.9294E-08	1.4705E-07	6.1145E-07
-1.1872E-07	-2.4661E-08	1.4940E-06	3.2449E-06
-1.5893E-07	-7.8492E-08	4.5636E-06	1.4958E-06
-8.0125E-08	-1.8409E-08	2.3339E-06	-8.1270E-07
-4.3914E-08	9.4358E-09	1.6496E-06	1.0536E-06
2.9649E-09	1.0103E-07	2.0916E-06	1.2505E-06
-1.9417E-08	1.2705E-08	3.8502E-06	1.5484E-06
5.9078E-09	2.4797E-08	2.9133E-06	-1.7246E-06
-4.1286E-08	2.2959E-08	4.0699E-07	7.9501E-07
-4.0815E-08	1.9826E-08	2.4678E-06	1.2969E-06
-4.4704E-08	-1.4608E-08	2.2826E-06	1.2609E-06
1.2330E-08	-1.8247E-08	3.4008E-06	7.4334E-07
2.4126E-09	-5.8254E-08	2.7659E-06	-8.0382E-08
3.4204E-08	-4.8387E-08	2.0788E-06	-2.7983E-07
-1.6899E-08	-7.5261E-08	1.6502E-06	1.0114E-06
-3.2836E-08	-1.5536E-08	2.9643E-06	7.5693E-07
-3.1651E-08	2.8524E-08	2.6984E-06	6.1897E-07
-7.8773E-08	4.2986E-08	3.7076E-06	-3.4075E-07
-9.0857E-08	2.8788E-08	1.7754E-06	-1.4527E-06
-5.3538E-09	1.0384E-07	1.1396E-06	1.7329E-07
1.4438E-08	1.2292E-07	2.0009E-06	3.6706E-07
5.9817E-08	1.0781E-07	1.7101E-06	-1.1259E-07
7.0906E-08	3.3843E-08	1.5506E-06	4.8568E-07
1.1229E-07	-4.3089E-09	1.6526E-06	2.6313E-07
1.0489E-07	-6.9030E-09	1.6573E-06	1.1310E-06
8.6369E-08	-6.2577E-08	2.8690E-06	4.0375E-07
5.8380E-08	-1.0388E-07	2.1301E-06	-5.8537E-07
3.1197E-09	-1.3966E-07	8.1184E-07	-7.1639E-07
8.5878E-09	8.2774E-09	3.2753E-07	1.2185E-06
-2.3178E-08	-4.4304E-08	1.3825E-06	1.1459E-06
5.9997E-09	-3.0305E-08	1.5462E-06	2.6008E-06
-4.7956E-09	-7.9305E-08	4.5756E-06	4.6013E-07
2.9855E-08	-1.2361E-07	6.0840E-07	-1.4923E-06
9.2363E-09	-9.5722E-08	6.2260E-07	1.9469E-06
1.6857E-08	-1.2486E-07	1.8237E-06	1.6312E-06
-1.0882E-07	-1.5501E-07	2.5270E-06	2.0752E-06
-6.2521E-08	-1.1788E-07	3.2689E-06	1.2658E-06
-2.5593E-08	-6.2064E-08	3.8529E-06	6.0471E-07
-1.0151E-07	-6.2218E-08	3.0836E-06	-1.3852E-06
-8.2367E-08	-8.6995E-08	8.0043E-07	-5.6945E-07
-2.6212E-08	1.0903E-08	1.6531E-06	1.0940E-06
-2.9255E-08	4.5581E-08	2.2611E-06	4.6098E-08
-8.2325E-08	-1.0876E-08	1.4326E-06	4.6531E-07
-3.6829E-08	-3.6273E-08	1.9501E-06	2.6934E-07
-3.9231E-08	1.9204E-08	1.0041E-06	1.0114E-06
-9.0130E-09	-3.3829E-08	3.1096E-06	1.2157E-06
-1.6448E-09	-4.6897E-08	1.9583E-06	-6.3646E-07
-7.2090E-08	-9.5412E-09	1.7921E-06	4.6476E-07
-1.8786E-08	9.5613E-10	1.3433E-06	-6.6691E-07
-3.2090E-08	1.1693E-08	1.7068E-07	7.9817E-07
-4.6086E-08	2.2095E-08	1.0380E-06	1.6621E-06
1.5638E-08	-1.2367E-08	2.0298E-06	1.7107E-06
-1.7665E-08	3.0790E-09	1.8970E-06	6.8086E-07
-4.1182E-08	1.8359E-08	1.5538E-06	1.5838E-06
-5.0267E-08	-3.0134E-08	2.5244E-06	9.3016E-07
-7.4964E-08	-3.8593E-08	1.3293E-06	6.8937E-07
-5.8256E-08	2.2257E-08	1.6909E-06	1.8452E-06
-1.3760E-08	3.9882E-08	2.5157E-06	1.5654E-06
-7.4635E-09	4.2252E-08	2.8154E-06	1.1483E-06
-4.1637E-08	2.8830E-08	2.5955E-06	2.3333E-07
4.2781E-08	4.9020E-08	1.5333E-06	7.6368E-07
2.8840E-08	2.6402E-08	2.5932E-06	1.2339E-06
8.4086E-08	2.4196E-08	2.2169E-06	2.0147E-07
6.8239E-08	4.9948E-09	1.9924E-06	7.0694E-07
7.7769E-08	-1.1271E-08	1.6554E-06	4.9022E-08
5.1600E-08	-5.3509E-08	7.6597E-07	1.3374E-06
-4.7098E-08	-3.5342E-08	2.2773E-06	1.7575E-06
5.9843E-08	4.6730E-08	1.8064E-06	6.8055E-07
3.2153E-08	1.9064E-10	1.4727E-06	2.1009E-06
5.4657E-08	1.2387E-08	3.1341E-06	1.3212E-06
6.9985E-08	-2.4945E-08	9.9765E-07	8.7817E-07
7.5706E-08	-9.8078E-08	2.6953E-06	3.7512E-06
4.0111E-08	-1.3350E-07	5.0078E-06	7.6667E-07
8.7326E-08	-8.9477E-08	2.5553E-06	-2.0489E-07
-2.3433E-08	-9.7389E-08	2.7228E-06	9.7519E-07
-5.0524E-08	-1.2716E-07	3.3921E-06	1.5255E-08
-6.7065E-08	-8.9529E-08	1.6061E-06	-7.7235E-07
-6.1977E-08	-2.4238E-08	1.1630E-06	1.5756E-06
-7.6405E-08	-1.0930E-08	3.0958E-06	1.2595E-06
-1.0691E-08	-1.2710E-08	2.7268E-06	4.6124E-07
-1.3947E-08	3.0486E-08	2.6261E-06	2.4352E-08
-1.9319E-09	-8.6022E-08	1.7494E-06	2.3445E-07
1.6085E-08	-2.3629E-08	1.9809E-06	6.0426E-07
-3.6402E-08	-9.0092E-08	1.9597E-06	9.2162E-07
-1.4356E-08	-4.8981E-08	2.4553E-06	3.5329E-07
-5.7327E-08	-5.0191E-08	1.2826E-06	8.4446E-07
-4.0341E-08	-5.7269E-09	2.9208E-06	1.3001E-06
-4.0248E-08	-5.1497E-08	1.9281E-06	-9.0116E-08
-6.6979E-09	-7.7787E-08	1.8297E-06	1.2725E-06
-2.3321E-09	7.8161E-09	2.2042E-06	9.5246E-07
-9.8971E-08	-1.2829E-08	2.9012E-06	1.2680E-06
-1.0796E-07	-5.8922E-08	2.6533E-06	-9.1451E-08
-6.3895E-08	-2.3553E-09	2.4542E-06	7.6527E-07
-8.4885E-08	-2.4523E-08	2.6274E-06	-8.5998E-07
-6.6870E-08	-3.5147E-08	6.0837E-07	2.3062E-07
-4.6074E-09	6.0194E-09	1.9627E-06	1.2628E-06
-2.1366E-08	2.6870E-08	2.4929E-06	6.2455E-07
-6.1616E-08	3.3641E-08	2.2678E-06	-5.1171E-07
5.5896E-08	-2.3338E-09	8.1992E-07	-1.9440E-07
-2.4074E-08	3.1278E-08	7.2893E-07	4.3167E-07
-2.0706E-08	2.1013E-08	5.3135E-07	1.3571E-06
-4.1932E-09	3.8196E-08	1.1881E-06	1.4627E-06
1.9329E-08	4.9893E-08	1.4226E-06	2.4584E-06
4.5352E-08	3.4703E-08	3.3075E-06	6.9050E-07
-4.0238E-08	-2.0746E-09	-7.3866E-08	2.6226E-07
6.1537E-08	6.1008E-09	1.6491E-06	3.1192E-06
6.2677E-08	3.8625E-08	2.2672E-06	1.1564E-06
7.2339E-08	-5.9858E-09	1.6165E-06	1.8839E-06
-3.0903E-09	-2.9773E-08	1.9760E-06	2.2336E-06
4.2818E-08	1.6023E-08	3.4998E-06	1.9857E-06
-2.5115E-09	-3.1903E-08	1.9931E-06	2.5401E-07
1.0844E-08	-5.8438E-08	2.2936E-06	2.4990E-06
2.3942E-08	-1.3565E-08	2.9267E-06	1.0614E-07
-9.7120E-09	-1.9629E-08	7.6845E-07	1.9881E-06
-7.8479E-09	-1.8437E-09	3.3749E-06	2.4878E-06
-3.8378E-08	-4.6194E-08	3.2532E-06	9.0997E-07
-1.0326E-08	-1.0123E-07	2.1428E-06	4.1075E-07
5.3548E-08	-9.4353E-08	1.6346E-06	2.3672E-06
3.7229E-08	-4.2120E-09	3.9933E-06	1.6298E-06
9.7472E-08	-1.8599E-08	2.0926E-06	6.0691E-07
2.2497E-08	-8.5236E-09	3.2086E-06	2.6371E-06
1.3199E-08	-3.3563E-08	4.7983E-06	4.6483E-08
-8.9815E-09	-3.4440E-08	1.7422E-06	-8.8523E-07
4.2364E-08	-6.7798E-08	2.0394E-06	1.7719E-06
-6.6089E-08	-7.3923E-08	3.4497E-06	3.2950E-09
-8.0184E-08	-5.0181E-08	1.1266E-06	2.8941E-08
-2.0191E-09	-3.4052E-08	1.6314E-06	1.9120E-06
5.8543E-08	-5.5058E-08	3.4080E-06	1.7185E-06
-1.9471E-08	-4.1348E-08	2.6622E-06	-5.8565E-07
1.6215E-08	6.3236E-08	8.7279E-07	2.0915E-06
2.3630E-08	3.0881E-08	4.9401E-06	1.4396E-06
-1.4660E-08	-5.8783E-08	1.8912E-06	-1.7689E-06
-2.8155E-08	-1.5109E-08	7.0955E-07	1.2768E-06
-4.0136E-08	-5.2132E-08	1.9569E-06	1.4268E-06
-4.4235E-08	-4.1350E-08	2.1848E-06	1.2784E-06
-1.5122E-09	-2.1190E-08	1.6702E-06	1.2781E-06
-5.6505E-08	1.0955E-08	2.3048E-06	2.1920E-06
9.8025E-09	-1.1510E-08	2.7909E-06	1.8138E-06
-3.8800E-08	2.7955E-08	3.6987E-06	1.7728E-06
9.8443E-08	3.6881E-08	3.4845E-06	6.4919E-08
8.2729E-08	5.9612E-08	2.2571E-06	4.8200E-07
2.9257E-08	5.4217E-08	2.3961E-06	9.0860E-07
1.1038E-07	-1.5130E-08	2.6008E-06	1.1430E-06
1.9913E-08	1.4661E-10	3.0794E-06	9.4518E-07
1.0817E-07	-7.6379E-09	3.0711E-06	-1.3864E-07
3.8109E-08	-3.8906E-08	9.2153E-07	-2.8587E-08
-9.7755E-09	-3.3510E-08	1.6543E-06	2.8505E-06
6.6329E-09	-2.2186E-08	4.4061E-06	1.7050E-06
7.1449E-08	-3.8876E-08	3.4948E-06	-4.4490E-07
8.3202E-08	5.0593E-09	2.1245E-06	2.7602E-07
-1.1457E-10	-2.8167E-08	3.2685E-06	4.6015E-07
1.9031E-08	4.4194E-08	2.1479E-06	-1.1737E-06
2.5636E-08	1.4174E-08	5.3084E-07	4.1248E-07
-3.8601E-08	1.7048E-08	1.7090E-06	1.8729E-06
-4.0483E-09	-1.8983E-08	3.1349E-06	7.0847E-07
-1.0504E-08	3.2385E-08	1.1251E-06	-1.5403E-07
2.6868E-08	9.5982E-09	1.5240E-06	2.1939E-06
6.7546E-09	-1.6099E-08	2.8216E-06	1.1348E-06
3.4361E-08	1.3825E-08	2.5476E-06	7.9741E-07
4.0186E-08	-1.4663E-08	1.4373E-06	2.9506E-07
3.5282E-08	-1.8767E-08	1.9464E-06	2.8332E-06
8.4052E-08	-6.4390E-08	4.2767E-06	4.6227E-07
2.2421E-08	-7.1332E-08	1.6546E-06	-2.0304E-07
5.2812E-08	-4.6821E-08	1.8069E-06	1.0182E-06
2.7997E-08	-5.4376E-08	2.5291E-06	1.4232E-06
1.6170E-08	-4.6110E-08	2.7987E-06	-6.2852E-07
-7.7689E-08	-2.7323E-08	6.3539E-08	7.8621E-07
-4.3166E-09	-4.4486E-08	2.3833E-06	1.5365E-06
-5.0217E-08	-3.1344E-08	3.7799E-07	1.0844E-06
3.4558E-08	-7.4615E-08	2.7233E-06	3.3468E-06
7.3449E-09	-3.8548E-08	2.8219E-06	6.4453E-07
6.1004E-09	9.9994E-09	2.3654E-06	1.9759E-06
4.6316E-08	-3.0809E-08	2.7153E-06	6.7476E-07
1.5832E-08	5.6492E-09	2.1429E-06	1.9966E-06
-4.9621E-08	6.2716E-09	3.6154E-06	5.7609E-07
-4.2738E-08	-1.4283E-08	9.6104E-07	4.3688E-07
2.0233E-08	-6.9902E-08	2.3142E-06	3.1277E-06
-9.7385E-08	-6.4321E-09	4.2002E-06	8.0036E-07
-4.6176E-08	-1.6860E-08	1.6671E-06	6.1812E-07
8.3557E-09	3.9194E-08	3.5926E-06	2.0259E-06
1.2490E-08	1.4414E-08	2.7113E-06	-6.7390E-07
-6.2005E-08	-2.0933E-08	1.5057E-06	1.8870E-06
4.7677E-08	4.1618E-08	3.6170E-06	1.0452E-06
1.1862E-08	2.5677E-08	2.5038E-06	5.0485E-07
1.6674E-09	-1.3372E-08	2.3744E-06	5.1766E-07
3.2803E-08	7.6528E-09	2.3525E-06	1.6368E-06
5.1588E-08	-2.1754E-11	3.8108E-06	6.3402E-08
-7.7466E-08	4.7200E-08	1.2761E-06	1.7627E-08
-6.1612E-09	-1.6887E-08	2.9334E-06	1.2975E-06
4.4321E-09	3.3855E-09	2.1724E-06	-6.5971E-07
5.7897E-08	-1.5192E-08	9.7812E-07	8.3779E-07
-3.4156E-08	5.4649E-09	2.0733E-06	1.4436E-06
-1.4401E-08	8.6744E-09	2.4001E-06	4.6528E-07
8.6316E-09	-3.0084E-08	1.1049E-06	6.2222E-07
-2.0992E-08	-3.6179E-08	1.7523E-06	1.8243E-06
3.3053E-08	-3.5732E-08	2.5122E-06	1.1141E-06
1.7755E-08	1.2808E-08	1.8632E-06	4.2900E-07
3.6362E-08	1.9746E-09	1.0741E-06	1.0999E-06
1.1346E-07	2.8700E-08	1.0628E-06	1.5594E-06
9.1347E-08	1.3673E-08	1.3020E-06	3.2969E-06
5.9821E-08	2.9581E-08	4.2873E-06	2.2333E-06
9.1358E-08	-3.0798E-08	2.0514E-06	-3.3498E-08
1.1542E-08	2.5311E-08	1.3332E-06	2.1312E-06
-8.5846E-09	2.1784E-09	2.3565E-06	2.7491E-06
-1.2508E-08	-6.2840E-08	4.1214E-06	2.1903E-06
2.0604E-08	-6.2888E-08	2.9941E-06	3.5175E-07
-4.1884E-10	-4.3841E-08	2.6213E-06	1.5581E-06
1.2758E-09	-1.7676E-08	2.9706E-06	1.1515E-06
1.7277E-08	-1.9182E-08	3.5555E-06	9.6735E-07
3.9634E-08	-5.8613E-08	2.1600E-06	-3.9030E-07
-1.5279E-08	-2.8030E-08	1.9670E-06	1.6205E-06
-2.7979E-08	-3.9659E-09	2.3338E-06	2.1643E-07
1.0096E-07	-1.2146E-08	1.2628E-06	2.2453E-06
-5.6619E-08	2.1627E-08	3.7996E-06	1.4645E-06
2.0012E-08	-1.0038E-08	1.9624E-06	4.7598E-07
-3.8855E-08	-8.7069E-10	2.6447E-06	1.7617E-06
-2.1355E-08	-3.2239E-08	2.9432E-06	3.2155E-07
4.7209E-08	-2.8307E-09	1.1492E-06	5.2031E-07
-2.5533E-08	-1.0131E-08	1.4871E-06	2.5421E-06
4.2668E-09	-3.1152E-08	3.1553E-06	2.2909E-06
2.6844E-08	3.5419E-08	3.3020E-06	1.5782E-06
7.5839E-08	3.2207E-08	3.5213E-06	1.0893E-06
5.2978E-08	2.8980E-08	3.1510E-06	3.4025E-07
-5.1602E-11	-8.1449E-09	2.3665E-06	4.8983E-07
-3.5317E-09	-7.2478E-09	2.5666E-06	5.8583E-07
7.5009E-08	4.7450E-09	1.5857E-06	6.5849E-07
-1.9003E-08	3.5648E-08	2.6847E-06	1.7035E-06
6.2916E-08	-1.1394E-08	2.0535E-06	3.7987E-08
-2.0478E-08	4.6142E-08	1.6989E-06	2.3643E-06
1.0581E-08	-6.2066E-10	3.3563E-06	5.2870E-07
5.8388E-08	2.1482E-09	1.0499E-06	1.4628E-06
1.0502E-07	3.7799E-08	3.4443E-06	1.9678E-06
1.1054E-07	9.9284E-09	2.2845E-06	8.2840E-07
-1.2514E-08	-1.9938E-09	3.1486E-06	1.5513E-06
1.4660E-09	3.7252E-08	2.4658E-06	6.1393E-07
-6.9848E-08	3.3973E-08	3.3118E-06	1.2834E-06
1.9652E-08	3.1864E-08	2.2257E-06	-9.5689E-07
-5.0145E-09	2.5186E-08	2.6104E-07	1.7379E-06
-3.0943E-09	3.0696E-08	2.9570E-06	2.6579E-06
-1.5437E-08	5.8809E-08	3.4643E-06	1.0022E-06
1.3372E-08	-3.8184E-08	2.3731E-06	1.6840E-07
5.2550E-08	6.4336E-09	1.4472E-06	1.7303E-06
-4.2975E-08	1.6079E-08	3.6098E-06	1.9446E-06
-5.0517E-08	1.8192E-08	2.9334E-06	2.4386E-07
-4.1175E-08	1.2383E-08	2.8283E-06	9.4689E-07
-1.2209E-09	-1.0928E-08	2.5560E-06	-5.5753E-07
-1.8883E-08	-1.6677E-08	4.9787E-07	7.3910E-07
2.9246E-08	-2.4768E-08	1.9898E-06	2.1951E-06
2.7722E-08	-4.0692E-08	2.1523E-06	1.2365E-06
5.3841E-08	-1.3817E-08	1.8430E-06	2.6993E-06
-4.9935E-08	-2.0663E-08	4.7759E-06	2.5356E-06
3.3163E-08	-9.6772E-09	4.3748E-06	-8.2396E-07
5.5269E-08	-1.4130E-08	2.0257E-06	-6.7575E-07
-4.3776E-08	2.4452E-08	1.3553E-06	2.6365E-07
3.8537E-08	-6.1526E-08	2.0204E-06	1.6483E-06
2.5913E-08	-5.4485E-08	3.1646E-06	2.8510E-08
3.1191E-08	-4.7044E-08	8.0937E-07	-6.0604E-08
2.4679E-08	-2.0654E-08	1.4876E-06	1.9137E-06
-2.8358E-08	2.9309E-09	2.9112E-06	1.4113E-06
2.6249E-08	-1.8841E-08	2.8287E-06	-6.1788E-07
5.7029E-09	-1.7565E-08	-5.1498E-07	-5.5090E-08
2.9743E-08	-1.7939E-08	1.3614E-06	3.4466E-06
3.6281E-08	-8.6117E-09	3.1946E-06	9.1540E-07
2.3602E-08	4.4396E-08	1.7476E-06	7.7223E-07
2.1531E-08	-2.1671E-08	1.2009E-06	4.7465E-07
-1.4002E-08	1.2143E-08	7.5057E-07	2.9569E-06
5.5257E-08	1.3511E-08	3.9225E-06	1.5246E-06
3.9835E-08	1.8286E-08	8.3714E-07	1.9758E-07
-1.6631E-08	-2.4395E-09	1.8329E-06	2.6949E-06
3.4788E-08	-1.9416E-08	2.5394E-06	1.4394E-06
5.7895E-09	-6.5341E-09	2.5963E-06	1.3070E-06
7.0535E-08	2.5679E-08	1.6745E-06	8.5153E-07
-1.2592E-08	6.0285E-08	2.3797E-06	1.9267E-06
5.4462E-08	1.1523E-08	2.3546E-06	3.4345E-07
4.6045E-08	-1.1401E-08	1.3480E-06	1.0120E-06
-1.1045E-07	5.4613E-08	1.2370E-06	1.0767E-06
1.8479E-08	-4.1902E-08	1.2311E-06	1.9676E-06
3.6029E-09	6.8277E-08	1.5669E-06	1.4832E-06
6.5354E-09	1.1360E-08	6.2657E-07	2.2245E-06
-1.0619E-07	3.6493E-08	1.7149E-06	3.8091E-06
1.3869E-10	-2.2987E-08	3.9847E-06	2.8118E-06
-3.0095E-08	2.1065E-09	2.7728E-06	8.8386E-07
-2.1499E-08	5.0075E-08	2.4045E-06	2.3767E-06
4.9006E-08	-3.3311E-08	4.0144E-06	1.3890E-06
-2.9973E-08	4.1046E-08	2.7307E-06	-7.3505E-07
7.7986E-08	-8.6570E-08	-1.3600E-07	6.6875E-07
-2.6358E-08	2.6550E-08	1.6744E-06	3.1453E-06
2.3667E-08	-1.9741E-08	2.5763E-06	1.8582E-06
8.4807E-08	-3.8057E-09	3.1335E-06	1.5940E-06
5.9376E-08	-4.1223E-08	1.6977E-06	-9.7524E-08
-7.0815E-09	1.5206E-08	1.0351E-06	1.9895E-06
-5.0898E-08	-4.7186E-09	1.5311E-06	1.1347E-06
2.9952E-08	3.9542E-08	6.0161E-07	2.2445E-06
-9.5112E-09	6.6215E-09	7.2356E-07	2.9723E-06
1.2604E-08	-5.7074E-08	2.7197E-06	4.6899E-06
5.4710E-08	-4.5703E-08	3.7805E-06	1.5912E-06
2.6131E-08	2.0499E-08	2.4084E-06	2.6919E-06
1.6186E-09	-2.3680E-08	3.1585E-06	9.6199E-07
-5.0070E-08	1.2852E-08	1.1172E-06	3.3799E-06
5.1722E-08	-9.8384E-08	5.3161E-06	2.3649E-06
2.6090E-08	2.7510E-08	1.7170E-06	3.5555E-08
-1.9699E-08	-4.0246E-09	2.2145E-06	3.3369E-06
-3.4810E-08	1.8315E-08	4.1524E-06	2.1028E-06
2.4375E-08	-1.9704E-08	3.7881E-06	4.6284E-07
3.3812E-09	2.1958E-08	1.9151E-06	1.0773E-07
-1.2403E-08	-1.5922E-08	1.1832E-06	1.8763E-06
-7.4315E-08	3.3225E-08	3.2425E-06	2.7542E-06
-7.4199E-08	1.8439E-08	3.2058E-06	-6.0988E-08
-1.2097E-07	-2.3038E-08	1.0623E-06	1.6578E-06
7.4368E-08	3.3972E-09	2.8626E-06	9.8791E-07
3.6626E-08	3.7328E-08	-1.6201E-07	1.9027E-06
-5.3467E-09	4.3708E-08	3.9003E-06	4.1930E-06
1.8844E-08	1.4598E-08	3.4544E-06	-3.6588E-07
6.0662E-08	-2.1913E-08	1.0118E-06	1.6311E-06
6.3002E-08	-4.4939E-08	2.2082E-06	1.8149E-06
-9.8925E-10	3.5823E-08	1.5832E-06	2.2349E-06
4.5554E-08	-5.5077E-08	2.6883E-06	2.5831E-06
3.4700E-08	4.9948E-08	2.7041E-06	2.0640E-06
4.7737E-08	1.2184E-09	3.2467E-06	1.8444E-06
3.4895E-08	2.4468E-08	2.5487E-06	8.3186E-07
-4.2856E-08	3.8675E-08	1.9287E-06	1.3042E-06
-9.2311E-09	-9.3148E-09	1.1522E-06	1.6803E-06
6.4840E-08	-5.4184E-09	2.2502E-06	3.2216E-06
2.1217E-09	-1.4781E-08	2.5175E-06	1.5369E-06
4.5044E-08	-2.5342E-08	1.9206E-06	3.3510E-06
1.1270E-08	2.6420E-09	3.8283E-06	2.2477E-06
-4.7726E-09	-8.5060E-09	3.1284E-06	2.2778E-06
4.7878E-09	-5.4245E-09	4.0680E-06	4.8855E-07
5.4306E-08	-1.0223E-07	1.0313E-06	1.0380E-06
2.1484E-09	2.6869E-08	2.9335E-06	2.3269E-06
2.8890E-08	-2.0084E-08	1.8872E-06	1.5714E-06
9.5924E-08	-8.5623E-08	3.4681E-06	2.8836E-06
4.9767E-08	4.7383E-09	3.7943E-06	1.7715E-07
5.4833E-09	-2.3398E-08	1.1108E-06	1.2668E-07
-4.4631E-08	4.6837E-08	1.0276E-06	2.7222E-06
8.6224E-10	-1.9089E-08	2.8060E-06	1.8893E-06
5.2326E-09	-1.7551E-08	1.0097E-06	2.5175E-06
6.6047E-08	-7.6362E-08	3.9653E-06	3.7245E-06
9.6552E-10	6.8424E-08	3.8318E-06	8.8156E-07
-9.7917E-10	1.0577E-08	2.9481E-06	1.1584E-06
5.2996E-08	-2.9151E-08	2.4706E-06	8.4944E-07
4.6471E-08	4.7690E-09	2.4080E-06	1.1079E-06
-2.4635E-08	-2.6638E-08	1.4885E-06	1.1467E-06
5.4034E-08	-4.2735E-08	2.4566E-06	2.2681E-06
2.4925E-08	-2.6991E-09	2.1820E-06	7.2156E-07
-2.6175E-08	3.8572E-08	1.3514E-06	2.4928E-06
3.3131E-08	4.7723E-09	3.6107E-06	2.1417E-06
1.7938E-08	-8.9312E-09	2.7354E-06	-4.8639E-08
2.6814E-08	2.1491E-08	6.7247E-07	6.8073E-07
2.4248E-08	5.1856E-08	1.2203E-06	2.3286E-06
2.6858E-08	6.8759E-09	2.2474E-06	1.5166E-06
5.9132E-08	-1.3974E-08	5.8379E-07	7.3862E-07
-2.4334E-08	4.9153E-08	-2.0867E-07	3.4076E-06
-7.2155E-09	-3.8359E-08	2.6646E-06	3.6904E-06
4.2420E-09	3.4697E-08	1.9063E-06	1.8243E-06
-2.5679E-08	6.6301E-08	1.3971E-06	3.1185E-06
-2.8080E-09	-9.8995E-10	2.0898E-06	2.9797E-06
4.4045E-08	-2.8717E-08	1.9242E-06	3.5162E-06
1.5566E-08	2.8975E-08	3.5172E-06	3.8004E-06
-6.8457E-08	3.5098E-08	4.0636E-06	1.6666E-06
1.6398E-08	-2.5449E-09	1.9330E-06	1.1741E-06
2.0030E-08	-5.0159E-08	1.8366E-06	2.9031E-06
-4.2568E-08	6.7805E-08	3.1041E-06	2.5991E-06
3.1417E-08	-3.8926E-08	2.5211E-06	1.6849E-06
6.7718E-08	-3.8372E-08	2.0667E-06	2.3514E-06
2.4442E-08	-1.2962E-08	2.4717E-06	2.1608E-06
-3.2829E-08	5.1801E-08	1.7740E-06	1.9707E-06
6.9438E-09	1.7450E-08	9.3854E-07	2.9321E-06
1.3478E-08	-6.1881E-09	2.2146E-06	5.0789E-06
-9.9990E-09	5.5725E-08	4.8380E-06	3.6090E-06
1.3893E-08	2.0304E-08	4.0197E-06	2.1541E-06
6.5018E-08	-1.3085E-08	4.2357E-06	1.6005E-06
6.7678E-10	1.9905E-08	2.9460E-06	6.3262E-07
-2.7644E-08	4.0154E-08	2.0242E-06	1.3208E-06
5.4541E-08	-3.5263E-08	1.8911E-06	2.1160E-06
1.1796E-08	-3.9575E-09	2.2342E-06	2.1028E-06
-4.0023E-09	5.3840E-08	1.6465E-06	2.9098E-06
-1.4686E-08	4.9202E-08	3.3868E-06	3.4351E-06
-1.5995E-08	7.7457E-09	3.5754E-06	2.1181E-06
6.0846E-08	2.8888E-08	3.5047E-06	1.4956E-06
3.9983E-08	-7.9600E-08	1.9214E-06	1.0457E-06
2.5397E-08	9.2558E-09	2.0361E-06	2.8758E-06
1.7265E-08	-1.9286E-08	3.0252E-06	2.1928E-06
5.4178E-08	-1.1209E-07	2.5803E-06	2.3379E-06
3.3224E-08	-4.3726E-08	3.4572E-06	2.0675E-06
-1.4853E-08	5.8618E-08	2.7426E-06	9.3003E-07
4.8439E-08	-2.5977E-08	1.7064E-06	1.4840E-06
1.6242E-08	9.0337E-09	1.8374E-06	2.2082E-06
-1.7584E-10	1.7962E-08	2.2843E-06	1.9763E-06
3.0019E-08	-2.9101E-08	1.1194E-06	1.7389E-06
3.0475E-08	-8.8796E-08	1.1244E-06	3.7525E-06
4.3697E-08	-3.2928E-08	2.7817E-06	3.7796E-06
-6.9784E-09	-1.9277E-08	3.4502E-06	3.2984E-06
1.2637E-08	-1.2632E-08	3.6256E-06	1.9513E-06
-2.5345E-08	-1.4719E-08	2.3214E-06	1.8179E-06
-8.8499E-09	-4.9126E-10	2.1614E-06	2.9872E-06
-9.5027E-09	-2.0741E-08	4.1272E-06	2.7668E-06
1.5649E-08	6.5755E-08	1.9741E-06	1.8571E-07
-1.9343E-08	7.7977E-08	1.0944E-06	4.5294E-06
5.6504E-08	4.9071E-08	4.7651E-06	2.3867E-06
8.9033E-08	-8.5263E-08	2.1954E-06	2.2797E-06
-5.6242E-09	6.0094E-09	4.4104E-06	1.6220E-06
2.9456E-08	2.5539E-08	8.8906E-07	8.6201E-07
9.1114E-08	6.8480E-09	2.6576E-06	3.5460E-06
7.3982E-08	4.2335E-08	2.8493E-06	1.5320E-06
-2.7227E-08	2.8140E-08	1.8467E-06	2.0551E-06
5.1834E-08	2.2781E-08	2.0635E-06	3.3382E-06
-1.2489E-08	2.4341E-08	3.9291E-06	1.8131E-06
-3.3749E-10	5.1783E-08	4.3159E-07	1.6167E-06
-2.8358E-08	-6.1283E-09	3.1280E-06	4.5969E-06
4.9349E-08	-4.5629E-08	3.2846E-06	1.1575E-06
-1.5138E-08	-1.0107E-08	1.5724E-06	2.8492E-06
-2.4243E-08	7.6445E-08	2.9312E-06	3.1347E-06
4.1426E-08	1.7418E-08	3.1760E-06	2.5147E-06
1.4815E-08	-2.8113E-08	2.8297E-06	2.3748E-06
1.4662E-08	-5.2880E-08	3.2169E-06	2.0448E-06
-7.9750E-09	1.6942E-08	2.1703E-06	1.9935E-06
-2.2026E-09	2.3431E-08	3.0749E-06	2.2784E-06
-6.2314E-08	7.2592E-08	1.7442E-06	1.5700E-06
-2.5654E-08	1.0460E-07	2.1882E-06	3.0131E-06
4.9497E-08	-1.4496E-08	2.2428E-06	2.5931E-06
2.5997E-08	2.5774E-08	3.1166E-06	2.9302E-06
8.8218E-08	-2.0684E-08	2.3254E-06	1.8828E-06
7.7135E-08	5.7615E-08	2.8859E-06	2.8305E-06
-2.6491E-10	2.7804E-08	1.7923E-06	1.1890E-06
-5.8770E-08	2.0053E-08	9.2942E-07	4.5227E-06
-7.0232E-09	2.7992E-08	4.8746E-06	4.3594E-06
-5.5000E-08	1.2146E-08	4.8313E-06	8.0895E-07
2.9735E-08	2.2622E-08	1.8321E-06	5.5968E-07
-5.1628E-08	4.7888E-09	2.0653E-06	2.3907E-06
-2.7606E-09	-1.9938E-08	2.2774E-06	1.8242E-06
2.2565E-09	1.6753E-09	2.2393E-06	2.1583E-06
-3.4100E-08	5.0318E-08	1.7443E-06	1.9399E-06
-4.0271E-09	2.5371E-08	2.5237E-06	2.8119E-06
2.0379E-08	-6.3332E-08	2.2750E-06	7.5536E-07
-4.6015E-09	-2.2842E-09	1.1300E-07	2.2444E-06
-2.1530E-08	2.3947E-08	1.4796E-06	3.2618E-06
2.7167E-08	4.0632E-08	1.0042E-06	3.0626E-06
1.5844E-08	-5.1760E-08	2.0860E-06	4.3486E-06
3.9595E-08	4.8507E-09	2.6258E-06	2.3981E-06
-1.4727E-08	5.9523E-08	9.7102E-07	3.7280E-06
-4.1598E-09	-8.1675E-09	2.8838E-06	3.6240E-06
8.3530E-09	2.3006E-08	1.3143E-06	4.0611E-06
-1.2669E-08	3.3263E-08	4.8141E-06	4.7685E-06
-8.0091E-08	-7.0887E-08	3.6540E-06	1.1134E-06
-2.3285E-08	5.2357E-08	2.4025E-06	1.7657E-06
2.8991E-08	2.2021E-08	1.1525E-07	1.8449E-06
-1.5365E-08	5.4933E-08	1.4475E-06	5.8003E-06
3.0399E-08	-1.6722E-09	4.2088E-06	3.6391E-06
-1.5409E-08	-2.5945E-08	3.0311E-06	2.1021E-06
1.7168E-08	8.7877E-08	7.1054E-07	3.1290E-06
-9.0117E-09	-5.8311E-09	4.1447E-06	5.9708E-06
1.5882E-08	2.8372E-09	4.8865E-06	3.0481E-07
-3.8118E-08	-1.0748E-08	1.3627E-07	2.4972E-06
5.5031E-08	-2.0258E-08	3.1589E-06	4.5366E-06
-4.2729E-08	3.1286E-08	3.7233E-06	2.4293E-06
1.0305E-08	-2.4493E-08	2.1765E-06	1.9673E-06
5.4573E-08	-4.8946E-08	2.1304E-06	3.4831E-06
-4.6589E-08	1.2993E-08	3.1971E-06	2.7057E-06
-2.6708E-09	5.2374E-08	2.0661E-06	2.1311E-06
-7.7369E-09	5.7484E-08	1.4479E-06	3.4912E-06
-2.5286E-09	7.9293E-09	3.3147E-06	3.7646E-06
2.1831E-08	-7.3411E-09	2.4143E-06	2.2538E-06
5.9891E-08	1.3168E-08	2.6072E-06	3.3814E-06
7.2874E-09	1.7848E-08	1.9512E-06	2.2554E-06
2.4327E-08	4.2221E-08	2.2919E-06	4.4107E-06
-3.6252E-08	4.7348E-08	3.2739E-06	2.3530E-06
-1.3318E-08	4.0752E-08	2.2319E-06	3.5604E-06
-1.2397E-08	3.8596E-08	3.3018E-06	1.8676E-06
-6.9271E-08	-3.0212E-09	7.4042E-07	3.1749E-06
-4.5400E-08	5.3760E-08	3.6605E-06	3.9165E-06
2.1106E-08	-1.0720E-10	2.4909E-06	1.4219E-06
-2.2449E-08	2.5301E-08	1.0553E-06	2.7765E-06
5.5144E-08	5.9443E-09	1.6350E-06	3.5461E-06
7.4021E-09	1.4421E-08	1.7911E-06	3.5984E-06
-1.8865E-08	-4.7833E-08	2.2033E-06	3.9681E-06
3.9107E-08	3.4980E-08	2.5662E-06	3.6450E-06
2.7155E-10	3.5009E-09	2.9743E-06	3.1769E-06
-1.1392E-09	2.1580E-08	1.4113E-06	2.3110E-06
1.7338E-08	3.5449E-08	1.3695E-06	4.9961E-06
3.1793E-08	-3.6693E-08	3.4999E-06	3.9468E-06
1.7064E-08	4.4739E-08	3.1576E-06	3.5567E-06
6.8828E-08	6.0104E-09	3.4178E-06	1.4430E-06
4.0096E-09	-6.4070E-09	-4.9198E-07	2.4060E-06
-1.8710E-09	-5.0850E-09	1.9986E-06	5.8070E-06
3.9415E-08	3.5795E-08	3.4323E-06	3.0315E-06
-1.3190E-08	5.3517E-09	1.6332E-06	3.2163E-06
-2.4839E-09	3.7292E-08	2.1387E-06	3.5473E-06
-4.2362E-08	-2.3025E-09	1.3544E-06	3.8853E-06
-2.6371E-08	-4.7477E-08	2.8361E-06	4.7138E-06
2.2776E-08	2.3289E-08	2.8046E-06	2.8076E-06
-9.9719E-09	-3.8227E-08	1.2938E-06	3.4693E-06
4.7205E-08	-2.4006E-08	1.9322E-06	4.6488E-06
1.6675E-08	-2.7881E-08	3.0558E-06	3.7106E-06
-1.2196E-07	2.5541E-08	1.2383E-06	3.3783E-06
-3.0174E-08	4.2480E-08	2.5200E-06	5.0498E-06
8.4193E-09	1.1055E-08	2.2904E-06	3.2050E-06
-6.6005E-09	-2.2557E-08	1.8984E-06	4.8982E-06
-6.3058E-08	4.8505E-08	2.6090E-06	3.9982E-06
-8.1847E-09	5.6828E-08	2.8633E-06	5.0267E-06
5.6364E-08	3.0233E-08	3.4807E-06	2.6328E-06
5.0595E-08	1.3563E-08	1.1119E-06	4.0210E-06
9.2277E-08	-3.8593E-08	3.1542E-06	4.2774E-06
3.2622E-08	1.1371E-08	2.1507E-06	3.4036E-06
-7.3312E-09	-2.5819E-08	2.0101E-06	3.8223E-06
1.3273E-08	3.4011E-09	1.9895E-06	4.3487E-06
-1.1026E-08	4.9817E-08	2.1727E-06	3.6345E-06
2.3266E-08	-1.8267E-08	1.1235E-06	5.1947E-06
2.8869E-08	6.1618E-09	3.9244E-06	5.1283E-06
1.0333E-08	-2.2938E-08	2.6443E-06	2.9505E-06
-2.2746E-08	-2.7562E-08	1.9737E-06	4.1827E-06
2.8372E-08	6.7131E-08	2.4593E-06	3.6939E-06
1.9201E-08	-3.8356E-08	1.1827E-06	3.7175E-06
-7.5685E-08	2.8269E-08	1.5798E-06	5.3369E-06
1.5591E-08	4.5474E-08	2.6667E-06	4.6420E-06
1.8012E-08	4.6451E-08	2.2078E-06	4.1676E-06
-6.0738E-08	2.6349E-08	9.4693E-07	4.3633E-06
3.1261E-08	1.5821E-08	2.1798E-06	7.1603E-06
3.6364E-09	1.5002E-08	4.7608E-06	4.0636E-06
-4.7328E-08	8.1454E-08	1.5067E-06	3.7931E-06
2.1407E-08	2.3949E-08	2.7222E-06	4.6358E-06
1.7427E-09	-5.4028E-08	1.2829E-06	4.6326E-06
6.1768E-09	7.4921E-08	3.0699E-06	5.5607E-06
-8.8253E-09	1.3598E-08	1.8071E-06	4.2571E-06
1.8091E-08	4.6116E-09	2.5990E-06	6.3609E-06
2.8196E-08	3.0445E-09	3.5558E-06	4.7259E-06
1.6646E-08	-4.0699E-08	3.0467E-06	4.8988E-06
1.0884E-08	-1.2050E-09	3.0724E-06	4.4353E-06
2.4460E-08	-1.3198E-08	3.3743E-06	4.8437E-06
-3.8385E-08	-1.9472E-08	3.2367E-06	3.1438E-06
2.7222E-08	3.2302E-08	1.6215E-06	4.4683E-06
8.3379E-09	2.2052E-08	3.4444E-06	4.1775E-06
1.8800E-08	5.1008E-08	1.2942E-06	3.1646E-06
-2.7324E-08	7.3158E-08	1.6730E-06	5.2637E-06
-2.8856E-08	7.0671E-08	2.1487E-06	4.1338E-06
7.0025E-09	3.6703E-08	1.2806E-06	4.8205E-06
3.8109E-08	-2.4155E-08	1.6327E-06	5.2619E-06
-7.2083E-09	3.5375E-08	2.3548E-06	5.5207E-06
1.9211E-08	6.9468E-08	2.0351E-06	4.2026E-06
-2.9926E-09	2.9155E-08	9.4610E-07	5.7390E-06
6.2823E-09	-4.9593E-08	2.6744E-06	5.5230E-06
-4.1154E-09	4.5682E-08	1.0763E-06	4.9704E-06
-2.0782E-08	-7.5075E-08	1.8772E-06	6.9930E-06
-2.5045E-09	4.3348E-08	3.1480E-06	5.6626E-06
1.1449E-08	5.4916E-09	2.2297E-06	5.8889E-06
-2.7648E-08	2.3072E-09	3.7902E-06	5.7507E-06
4.3531E-09	3.2870E-09	2.7275E-06	4.0953E-06
2.3741E-09	-1.0860E-08	2.2731E-06	4.8828E-06
-1.7425E-08	-2.6440E-08	1.8070E-06	4.3586E-06
-5.5696E-08	2.5144E-08	1.7930E-06	5.1288E-06
-7.6228E-10	6.4658E-08	1.0472E-06	4.0621E-06
-8.1865E-09	-5.8769E-08	3.2397E-08	6.0084E-06
-3.0255E-08	5.0506E-08	7.2380E-07	6.1759E-06
6.1445E-09	8.5301E-09	1.0173E-06	7.5981E-06
-3.7804E-08	1.4157E-08	2.2143E-06	6.2034E-06
7.9418E-09	5.2567E-08	6.3041E-07	7.2760E-06
-2.0686E-08	3.0828E-08	2.6321E-06	7.7319E-06
-1.7372E-08	3.6943E-08	2.5883E-06	7.2734E-06
5.9361E-08	-1.9069E-08	3.6387E-06	6.2286E-06
-1.4448E-08	1.4827E-10	1.5786E-06	5.3934E-06
-5.7210E-08	5.8422E-08	1.2743E-06	7.0887E-06
-1.0209E-08	1.8959E-08	2.4354E-06	7.7218E-06
-2.2037E-08	2.3448E-09	2.9372E-06	6.0425E-06
3.2533E-08	2.7909E-08	8.7558E-07	7.1103E-06
-1.7217E-08	6.1565E-08	3.3354E-06	7.9924E-06
4.3086E-09	1.9808E-08	2.5207E-06	5.8772E-06
-6.1648E-09	2.9721E-08	1.4112E-06	7.1594E-06
-4.0261E-09	-3.2885E-08	2.3987E-06	8.1312E-06
2.5691E-08	4.1981E-08	3.3731E-06	6.8246E-06
2.6016E-08	2.5229E-08	1.7536E-06	6.9585E-06
-2.2814E-08	5.8094E-08	3.1007E-06	7.4022E-06
-3.1442E-08	-2.0227E-09	1.7636E-06	6.6201E-06
-1.4238E-08	-2.5400E-08	2.9267E-06	7.8426E-06
5.1548E-08	9.6946E-09	1.8721E-06	5.6642E-06
2.1708E-08	5.4371E-08	8.3295E-07	8.5879E-06
-1.2985E-08	3.1907E-08	3.2922E-06	7.2516E-06
3.3058E-09	3.4911E-08	2.4950E-10	6.8044E-06
-6.1494E-08	5.5318E-08	1.2767E-06	1.0501E-05
-5.5101E-08	4.5244E-08	3.7543E-06	8.7187E-06
-1.8498E-08	1.3482E-08	2.6446E-06	7.8137E-06
6.1741E-08	-5.9407E-08	2.0667E-06	7.7501E-06
2.9957E-08	5.2571E-09	1.4653E-06	9.1121E-06
-7.9830E-09	4.8668E-08	2.9162E-06	9.1743E-06
5.7412E-09	3.1030E-08	2.4964E-06	8.9665E-06
8.3255E-09	2.1354E-10	3.1082E-06	8.6665E-06
-3.7126E-08	1.6109E-08	1.7561E-06	9.0459E-06
1.2350E-08	-2.1969E-08	3.6252E-06	1.0079E-05
7.3370E-09	7.4512E-09	3.1838E-06	8.2066E-06
8.3852E-09	-4.1638E-08	2.5095E-06	9.5511E-06
2.3963E-08	-1.7075E-08	3.8060E-06	9.4425E-06
-2.0404E-08	-2.9685E-08	3.5543E-06	7.9788E-06
-7.4171E-08	5.7845E-08	1.5936E-06	8.6440E-06
3.7805E-08	5.2912E-08	2.7875E-06	1.0204E-05
-1.0916E-08	3.4295E-09	3.1455E-06	9.3917E-06
1.8052E-08	-6.3368E-09	3.4137E-06	9.2219E-06
-3.2793E-08	-1.9770E-08	1.9630E-06	8.5944E-06
-3.9112E-09	-4.4043E-09	2.0922E-06	1.0837E-05
5.8025E-08	5.9982E-09	3.3955E-06	1.0065E-05
2.7917E-08	1.2624E-08	3.0239E-06	1.0026E-05
9.5020E-09	2.3155E-08	3.0606E-06	9.5780E-06
1.0942E-08	-5.4405E-09	2.4528E-06	9.8956E-06
-2.9115E-08	1.7735E-08	2.2702E-06	9.9590E-06
-6.3218E-08	-1.2661E-08	1.9763E-06	1.0976E-05
-2.2167E-08	-9.2235E-09	2.9878E-06	1.0830E-05
6.1695E-09	4.1670E-09	2.0835E-06	1.0479E-05
8.7385E-09	2.9411E-09	2.2688E-06	1.1382E-05
3.7808E-08	2.3604E-08	2.1351E-06	1.0735E-05
6.2354E-09	-8.2892E-09	1.0366E-06	1.1809E-05
-3.0254E-08	-6.4124E-08	1.7959E-06	1.2648E-05
6.1362E-08	1.4221E-08	1.6989E-06	1.2954E-05
-2.7477E-08	-3.6621E-08	2.3518E-06	1.3196E-05
4.7855E-08	-3.2719E-08	1.5036E-06	1.3124E-05
3.4891E-09	6.2745E-08	1.6580E-06	1.4341E-05
2.2034E-08	6.0550E-08	1.2024E-06	1.5022E-05
4.2710E-08	2.0431E-08	3.0146E-06	1.7324E-05
-7.3668E-09	3.9036E-09	5.1732E-06	1.4908E-05
-2.3561E-08	-7.0901E-10	2.7081E-06	1.3751E-05
3.3422E-09	2.8510E-08	1.2085E-06	1.5702E-05
-1.8292E-08	6.6474E-08	2.0778E-06	1.7984E-05
2.3580E-08	9.8458E-09	3.1903E-06	1.7848E-05
2.0097E-08	-1.3347E-08	2.5482E-06	1.9085E-05
-1.9976E-08	2.8984E-08	4.3565E-06	2.0319E-05
-1.4485E-08	2.2138E-08	4.3779E-06	1.9771E-05
1.4998E-08	8.6298E-11	4.1843E-06	2.1727E-05
1.2684E-08	-5.1065E-08	5.6483E-06	2.2855E-05
-3.1291E-09	4.3378E-08	6.5932E-06	2.4448E-05
-2.5613E-08	8.8198E-09	9.7853E-06	2.4673E-05
1.6425E-08	3.7843E-08	8.8669E-06	2.3232E-05
-3.7235E-08	-2.0925E-08	8.9044E-06	2.7632E-05
-6.8178E-09	6.9082E-08	1.4046E-05	2.9510E-05
-2.2461E-08	1.7734E-09	1.8108E-05	2.8635E-05
-6.2239E-09	2.6844E-08	2.0995E-05	2.6641E-05
4.8333E-09	6.4005E-09	2.3284E-05	2.6132E-05
4.8163E-09	-3.5925E-09	2.8070E-05	2.3321E-05
-1.9029E-08	7.8837E-09	2.8930E-05	1.7882E-05
2.8928E-08	2.4243E-08	2.7947E-05	1.5102E-05
-2.6821E-08	-4.0803E-08	2.8013E-05	1.3485E-05
5.6478E-09	2.5259E-08	2.9028E-05	1.0124E-05
-2.7530E-08	5.8909E-09	2.6456E-05	6.3030E-06
-1.3751E-08	-2.5464E-08	2.4795E-05	5.9512E-06
3.9819E-09	-1.1072E-08	2.3944E-05	3.1194E-06
2.2504E-08	5.2238E-08	2.0330E-05	2.0500E-06
1.1847E-08	-3.7492E-08	1.8754E-05	2.1899E-06
1.0565E-08	-1.8983E-08	1.6221E-05	1.4356E-06
-6.3305E-09	7.8958E-08	1.2959E-05	2.7423E-06
2.1818E-08	4.1235E-08	1.1614E-05	6.1767E-06
-2.0673E-08	-6.5869E-09	1.3454E-05	7.9252E-06
5.8119E-09	-1.9468E-08	1.3370E-05	7.5372E-06
3.0143E-08	-1.0791E-08	1.3559E-05	8.9878E-06
4.6655E-09	5.7931E-08	1.4616E-05	8.6917E-06
-6.6525E-09	2.0437E-08	1.4371E-05	8.5714E-06
-1.0223E-09	3.8718E-08	1.4557E-05	8.6375E-06
1.9920E-08	4.8493E-08	1.4625E-05	8.1826E-06
4.6264E-08	4.9459E-08	1.3163E-05	7.3812E-06
-1.2484E-08	-6.3652E-09	1.0911E-05	9.6079E-06
5.4217E-09	4.1461E-08	1.2249E-05	1.2957E-05
-2.2445E-09	3.3313E-08	1.5067E-05	1.3260E-05
5.5412E-09	-2.6355E-08	1.5246E-05	1.2476E-05
-1.9225E-08	-3.6604E-08	1.6210E-05	1.4414E-05
-1.4978E-08	-1.2447E-08	1.9149E-05	1.3495E-05
-1.4056E-08	-1.8452E-08	1.9505E-05	1.2905E-05
-3.8850E-08	-1.1061E-08	2.2507E-05	1.1768E-05
4.5526E-10	-4.4644E-08	2.1646E-05	7.6618E-06
1.8650E-08	-7.5028E-09	1.9391E-05	8.1242E-06
4.9504E-09	-1.8487E-08	2.0061E-05	8.2247E-06
-2.2866E-08	3.5970E-08	1.9324E-05	7.0080E-06
-1.5687E-08	1.6668E-08	1.7485E-05	7.9869E-06
4.7029E-08	4.2671E-08	1.8569E-05	1.0774E-05
-1.5366E-09	-1.1641E-08	2.2481E-05	1.0549E-05
-6.2912E-09	7.2088E-08	2.4002E-05	6.2859E-06
-3.5733E-08	4.9872E-08	2.0751E-05	3.8768E-06
-3.6057E-08	-1.9396E-08	1.9240E-05	5.4207E-06
-2.4062E-08	-1.0032E-08	1.9639E-05	5.4903E-06
-5.1891E-08	1.7655E-08	1.8958E-05	5.0075E-06
1.7485E-08	1.9179E-09	1.7519E-05	6.2903E-06
-4.1673E-08	-1.4330E-08	1.9992E-05	8.4112E-06
-1.8319E-08	-6.3014E-08	2.1383E-05	4.9936E-06
-5.9360E-08	5.5145E-10	1.8396E-05	5.5624E-06
-1.6108E-10	-1.1636E-08	2.0287E-05	7.2321E-06
2.5310E-08	4.4990E-08	2.1126E-05	6.2650E-06
1.5873E-09	5.0888E-09	2.2369E-05	5.3943E-06
-2.5047E-08	1.5199E-08	2.1271E-05	3.4016E-06
-5.5069E-08	2.1174E-08	2.1090E-05	4.3908E-06
-1.8783E-08	-4.9421E-08	2.1600E-05	2.3485E-06
-1.8420E-08	3.3569E-08	1.9775E-05	2.3884E-06
-3.2706E-09	1.3884E-09	1.9732E-05	1.5098E-06
-2.5084E-08	-1.3855E-08	1.6613E-05	2.7628E-06
-3.4790E-08	2.5532E-08	1.9227E-05	5.0343E-06
9.4914E-09	2.2316E-08	1.8328E-05	2.8108E-06
3.2840E-08	-4.0328E-09	1.8425E-05	5.7728E-06
-2.4862E-08	1.3071E-08	2.0313E-05	3.8420E-06
-2.3637E-08	1.7587E-08	1.9089E-05	4.1437E-06
-2.3481E-08	8.2269E-09	1.9253E-05	3.1944E-06
4.2732E-09	5.1178E-08	1.7338E-05	5.4055E-06
-1.5977E-08	4.8930E-08	2.0483E-05	6.3040E-06
-3.8546E-08	1.2033E-08	1.9969E-05	5.3981E-06
-2.3427E-08	2.2809E-08	2.1444E-05	6.3098E-06
-6.4267E-09	1.1862E-08	2.2027E-05	5.3453E-06
6.6151E-09	3.2566E-08	2.2650E-05	4.8555E-06
8.9584E-09	2.0314E-08	2.1803E-05	4.9264E-06
3.8669E-08	-2.0554E-08	2.3661E-05	5.8498E-06
1.5462E-08	2.0576E-08	2.3532E-05	5.0228E-06
4.8131E-09	-1.3348E-08	2.6026E-05	7.0538E-06
1.0342E-08	2.0730E-08	2.8863E-05	3.8924E-06
-6.5035E-09	-3.1490E-08	2.8979E-05	3.2560E-06
-5.1890E-08	-3.5962E-08	3.2531E-05	9.5792E-07
2.9513E-08	-3.0846E-08	3.2617E-05	-4.8444E-06
-3.2820E-08	2.9504E-09	2.9049E-05	-7.9522E-06
2.9160E-08	4.3637E-08	2.7569E-05	-8.7626E-06
-1.7037E-08	6.4129E-09	2.5062E-05	-1.1883E-05
-5.6211E-09	1.3905E-08	2.0420E-05	-1.1975E-05
-6.3691E-09	-1.1664E-08	1.6750E-05	-1.0310E-05
-4.1618E-08	-2.1291E-08	1.5558E-05	-6.0839E-06
3.6633E-08	1.9752E-08	1.7222E-05	-5.6013E-06
-1.5666E-08	2.3004E-08	1.5304E-05	-4.9233E-06
-8.0859E-09	-2.7196E-08	1.5705E-05	-2.2838E-06
-3.3689E-08	-9.2110E-09	1.6943E-05	-1.1594E-06
2.5285E-08	4.7665E-09	1.7706E-05	-6.0591E-07
-9.7091E-10	-1.4934E-08	1.9189E-05	1.4109E-06
-3.9574E-08	-3.1599E-09	2.3171E-05	7.7084E-08
-1.4863E-08	2.1333E-08	2.2679E-05	-2.1392E-06
5.6443E-08	6.8092E-09	2.4348E-05	-2.2025E-06
-5.8317E-08	-3.0905E-08	2.4791E-05	-5.5339E-06
-5.1164E-08	4.8249E-09	2.3303E-05	-6.9049E-06
-1.8727E-08	-3.6427E-08	2.1813E-05	-7.4751E-06
1.9283E-09	-4.0343E-08	2.1769E-05	-6.4351E-06
-2.8659E-08	-1.0506E-08	2.3094E-05	-7.8772E-06
-1.0706E-08	6.1786E-09	2.2224E-05	-1.0101E-05
-7.8821E-09	1.6881E-08	2.0113E-05	-1.1490E-05
1.0277E-08	6.1117E-08	1.7581E-05	-1.0822E-05
2.2312E-08	2.3085E-09	1.7195E-05	-9.0633E-06
3.4555E-08	-8.5307E-09	1.7921E-05	-8.9417E-06
-7.9719E-10	-1.9545E-08	1.7840E-05	-9.0673E-06
-3.7576E-08	-4.3015E-08	1.8856E-05	-1.0072E-05
-1.2867E-08	1.2230E-08	1.6574E-05	-1.2441E-05
-1.0043E-08	2.1908E-08	1.4827E-05	-1.0355E-05
6.3894E-09	-3.0073E-08	1.5510E-05	-1.1634E-05
-2.8389E-08	-6.6826E-09	1.1784E-05	-1.1176E-05
-8.0371E-09	1.8351E-08	1.2504E-05	-8.2840E-06
-1.9480E-08	1.8084E-09	1.2576E-05	-8.5388E-06
-3.8861E-09	7.6666E-08	1.3528E-05	-7.2312E-06
-3.5807E-08	-2.1875E-08	1.3738E-05	-9.6379E-06
-1.7956E-08	4.5820E-08	1.1141E-05	-8.4525E-06
1.6088E-10	8.5201E-08	1.1934E-05	-7.4865E-06
-1.0190E-08	-3.5595E-08	1.1454E-05	-6.5854E-06
6.8792E-09	-4.2761E-09	1.3335E-05	-7.0335E-06
-1.8651E-08	1.1891E-08	1.0652E-05	-8.0742E-06
-1.7404E-08	8.2900E-10	1.1563E-05	-5.0175E-06
-3.2035E-08	7.9240E-10	1.2323E-05	-7.4466E-06
-3.5091E-08	1.6106E-08	9.7441E-06	-5.7828E-06
2.2795E-08	-2.6857E-09	1.1915E-05	-4.1890E-06
-4.5980E-09	-1.5438E-08	1.2261E-05	-5.9217E-06
-6.2173E-08	-6.2018E-10	1.0271E-05	-5.4319E-06
9.5286E-10	4.1873E-08	1.1036E-05	-2.9441E-06
-2.8943E-08	-2.4217E-08	1.2975E-05	-3.6833E-06
2.6016E-08	5.8649E-09	1.2143E-05	-4.4801E-06
-1.4586E-08	-7.6331E-08	1.1633E-05	-3.2525E-06
1.4088E-08	-1.4937E-08	1.3131E-05	-2.3094E-06
-5.8850E-08	-2.2143E-08	1.3711E-05	-3.3367E-06
-3.4634E-08	6.5461E-08	1.3654E-05	-2.4975E-06
2.1070E-09	-1.0687E-08	1.5489E-05	-2.8021E-06
5.6757E-09	4.8525E-08	1.5876E-05	-4.4390E-06
-5.5146E-09	-2.6658E-08	1.4667E-05	-5.5045E-06
-1.1261E-08	-1.1367E-08	1.4022E-05	-4.4736E-06
-8.4328E-09	4.8570E-08	1.3742E-05	-4.8128E-06
8.1708E-09	-1.9335E-08	1.3109E-05	-1.3460E-06
1.5950E-08	-3.0087E-08	1.9135E-05	-1.1177E-06
-3.9176E-09	2.2013E-09	1.9133E-05	-5.6501E-06
1.0036E-09	-1.6429E-08	1.9620E-05	-5.3678E-06
-1.3776E-08	-2.9835E-09	2.1386E-05	-9.6871E-06
-3.0409E-08	-1.1398E-08	1.7760E-05	-1.3774E-05
1.4311E-08	-2.5287E-08	1.2897E-05	-1.3363E-05
2.2927E-08	-8.9913E-09	1.1860E-05	-1.0712E-05
-1.2903E-09	2.1724E-09	1.1054E-05	-1.0984E-05
-1.0278E-08	-6.3641E-09	9.3964E-06	-8.4696E-06
2.7473E-08	-3.4147E-08	1.1170E-05	-7.1874E-06
2.9225E-08	1.4191E-08	1.1516E-05	-7.7945E-06
-1.3290E-08	3.8233E-08	1.0608E-05	-8.1380E-06
4.7847E-08	3.3889E-08	9.9889E-06	-5.9152E-06
-6.2347E-09	-1.5601E-08	1.2581E-05	-5.7493E-06
-3.0879E-08	-1.3022E-08	1.2541E-05	-6.6990E-06
-3.8327E-08	7.9618E-10	1.4227E-05	-8.0790E-06
-1.6082E-08	-1.4520E-08	1.0851E-05	-1.1319E-05
-2.1327E-08	3.5221E-08	8.2261E-06	-7.7498E-06
2.9744E-08	1.1116E-08	1.0045E-05	-7.0070E-06
-3.2980E-09	-2.4658E-08	9.5062E-06	-7.4353E-06
-3.4538E-08	-4.8369E-09	8.8276E-06	-7.1247E-06
3.6917E-08	8.5891E-09	8.1908E-06	-5.7324E-06
3.9080E-08	8.3911E-09	9.6304E-06	-4.8154E-06
-1.9930E-08	8.4148E-10	9.7006E-06	-6.2132E-06
-1.3339E-08	2.3457E-08	8.0210E-06	-5.0586E-06
-2.9276E-08	5.5868E-09	9.8221E-06	-3.8776E-06
-1.4371E-09	-3.7518E-08	9.2315E-06	-5.5608E-06
7.4672E-09	-1.3848E-08	7.9076E-06	-3.6821E-06
-2.1249E-08	2.2421E-08	9.0982E-06	-2.5028E-06
6.9347E-09	-8.3041E-09	1.0332E-05	-2.4811E-06
-2.2118E-08	1.1751E-08	9.8545E-06	-3.8079E-06
-2.8940E-08	7.7764E-09	8.4302E-06	-1.8053E-06
-1.4326E-08	-1.6734E-08	1.0536E-05	-4.9829E-07
2.3201E-08	-2.7511E-08	1.1043E-05	-1.2505E-06
-3.9428E-08	-3.5315E-08	1.0723E-05	-3.6741E-07
1.6909E-09	-2.4863E-08	1.2465E-05	1.0736E-06
-4.6903E-08	-3.9844E-09	1.4450E-05	9.1147E-09
-5.0243E-09	-1.7487E-08	1.5083E-05	-8.5589E-07
-4.6185E-08	3.3749E-08	1.5263E-05	-2.7789E-06
2.1385E-09	-1.8026E-08	1.2950E-05	-2.6394E-06
5.1485E-09	2.3266E-09	1.3385E-05	-1.4118E-07
-1.4251E-08	6.1589E-09	1.6259E-05	3.9147E-07
2.6226E-08	-1.8477E-08	1.7607E-05	-2.6086E-06
-1.3419E-08	-8.8840E-09	1.4987E-05	-3.1360E-06
4.3547E-08	-1.5507E-08	1.5566E-05	-1.1299E-06
-6.1519E-09	6.0398E-09	1.6721E-05	-1.2481E-06
-3.0545E-08	3.1111E-08	1.7581E-05	-1.1964E-06
-3.9609E-09	-2.9839E-08	1.8420E-05	-1.4768E-06
2.2614E-08	-4.4023E-08	1.9474E-05	-1.7636E-06
-1.7727E-08	3.2960E-08	2.0225E-05	-2.4885E-06
-4.0776E-08	6.4397E-08	2.1221E-05	-2.9075E-06
-6.7351E-08	-2.1907E-08	2.2356E-05	-4.4669E-06
2.7477E-09	1.3032E-08	2.1847E-05	-6.1882E-06
-6.7189E-08	-1.5107E-08	2.1242E-05	-6.3456E-06
1.0882E-09	4.0254E-08	2.1229E-05	-6.8779E-06
7.1856E-09	-2.3668E-09	2.0316E-05	-6.1943E-06
-5.5616E-10	-3.0797E-09	2.1980E-05	-4.5258E-06
-5.0310E-08	2.5222E-08	2.4114E-05	-4.4729E-06
-1.9965E-08	2.8138E-09	2.8359E-05	-3.6605E-06
4.4577E-08	-2.4285E-09	3.5137E-05	-9.1916E-06
-1.3280E-08	2.0635E-08	3.4629E-05	-1.8458E-05
1.4952E-08	-2.6363E-08	3.0858E-05	-2.4746E-05
-2.9747E-08	2.2297E-08	2.3183E-05	-2.9198E-05
9.5549E-10	1.0556E-08	1.6780E-05	-2.5966E-05
-3.7571E-08	7.8344E-08	1.5884E-05	-2.4472E-05
-1.6756E-08	9.4585E-11	1.3345E-05	-2.3682E-05
-1.8041E-08	-3.7019E-08	1.2150E-05	-2.2276E-05
-1.1248E-08	-1.7389E-08	1.1334E-05	-2.0599E-05
1.1129E-08	6.6059E-09	1.2495E-05	-2.0803E-05
-2.4138E-08	-1.9831E-08	9.9478E-06	-2.2436E-05
3.3697E-08	1.4167E-08	7.5728E-06	-1.9688E-05
-3.3565E-08	-6.4586E-09	9.1995E-06	-1.8462E-05
1.0767E-09	-4.0604E-08	7.8440E-06	-1.9887E-05
1.1247E-08	3.1464E-08	6.6719E-06	-1.7554E-05
-3.6195E-08	-2.3582E-08	6.8576E-06	-1.8310E-05
-6.9784E-09	1.3098E-08	4.3960E-06	-1.5375E-05
-6.6367E-09	5.8012E-08	8.1484E-06	-1.4057E-05
-7.7077E-09	-2.5086E-08	6.9898E-06	-1.5646E-05
-1.4562E-08	1.6112E-08	8.1015E-06	-1.4178E-05
4.0033E-08	1.2371E-08	7.8480E-06	-1.5852E-05
-1.8736E-08	1.2999E-09	7.7923E-06	-1.4985E-05
-3.1003E-08	4.0218E-08	7.4288E-06	-1.6492E-05
1.1510E-08	-4.6465E-09	5.9547E-06	-1.5519E-05
-7.3762E-09	-5.7316E-09	5.7279E-06	-1.4789E-05
-1.0919E-08	1.5506E-08	6.5569E-06	-1.3325E-05
-2.6916E-08	1.2448E-08	7.8056E-06	-1.4815E-05
6.9392E-09	-3.4513E-09	6.6020E-06	-1.5162E-05
-4.7893E-08	-1.6118E-08	6.7938E-06	-1.5292E-05
-2.7780E-08	4.5313E-09	5.8521E-06	-1.5905E-05
1.6060E-08	1.8634E-08	4.5739E-06	-1.5358E-05
-9.8817E-09	2.2678E-08	4.7441E-06	-1.3620E-05
-1.4606E-09	-5.7205E-09	6.3500E-06	-1.4347E-05
-5.4963E-08	-1.1636E-08	5.0999E-06	-1.5353E-05
2.9899E-08	4.9536E-09	5.1187E-06	-1.4683E-05
-5.8118E-08	2.1603E-08	4.9082E-06	-1.5908E-05
-1.4951E-08	-5.3398E-08	3.4100E-06	-1.5851E-05
-1.2080E-09	2.4394E-08	2.6945E-06	-1.5768E-05
-5.7730E-08	-8.5180E-09	1.0336E-06	-1.5060E-05
-1.5973E-08	2.8217E-09	1.0114E-06	-1.3457E-05
-2.2831E-08	-2.2360E-08	9.6764E-07	-1.3413E-05
2.3046E-08	-2.9077E-08	-1.5083E-07	-1.2453E-05
-2.4344E-08	-1.2118E-08	2.1601E-07	-1.0156E-05
-7.2562E-08	-2.8162E-08	2.5437E-06	-1.0350E-05
-1.2411E-08	3.6883E-08	8.8112E-07	-1.1363E-05
-4.6491E-09	-2.2204E-08	2.3703E-06	-8.8098E-06
2.9413E-08	-3.1802E-08	1.2828E-06	-1.1657E-05
-3.3400E-08	-7.8021E-09	4.7307E-06	-9.1122E-06
-2.3615E-08	8.0450E-09	-1.0574E-06	-8.3448E-06
-1.1349E-08	-3.1034E-09	6.0407E-06	-1.5883E-05
-1.1313E-08	-3.0868E-09	-9.5502E-06	-9.9147E-06
-1.1277E-08	-3.0703E-09	6.3320E-07	4.3019E-07
-1.1241E-08	-3.0537E-09	5.4816E-06	-3.8873E-06
-1.1205E-08	-3.0371E-09	6.5830E-06	-5.6805E-06
-1.1170E-08	-3.0206E-09	7.2406E-06	-6.9183E-06
-1.1134E-08	-3.0040E-09	8.1706E-06	-9.2754E-06
-1.1099E-08	-2.9875E-09	6.6734E-06	-1.1182E-05
-1.1064E-08	-2.9710E-09	4.5953E-06	-1.2256E-05
-1.1029E-08	-2.9544E-09	2.6658E-06	-9.6481E-06
-1.0995E-08	-2.9379E-09	5.1388E-06	-9.4732E-06
-1.0960E-08	-2.9214E-09	4.1854E-06	-1.0338E-05
-1.0926E-08	-2.9049E-09	4.5977E-06	-1.1102E-05
-1.0892E-08	-2.8884E-09	1.7169E-06	-1.0630E-05
-1.0858E-08	-2.8719E-09	4.0117E-06	-8.3908E-06
-1.0824E-08	-2.8554E-09	3.9030E-06	-1.1087E-05
-1.0790E-08	-2.8389E-09	2.1902E-06	-1.0008E-05
-1.0756E-08	-2.8225E-09	2.8023E-06	-9.0390E-06
-1.0723E-08	-2.8060E-09	3.3346E-06	-9.9513E-06
-1.0689E-08	-2.7896E-09	1.3956E-06	-9.1776E-06
-1.0656E-08	-2.7731E-09	3.9424E-06	-7.5944E-06
-1.0623E-08	-2.7567E-09	3.8413E-06	-1.0550E-05
-1.0590E-08	-2.7403E-09	2.1768E-06	-9.9052E-06
-1.0558E-08	-2.7239E-09	1.5625E-06	-9.5945E-06
-1.0525E-08	-2.7075E-09	1.4985E-06	-8.0994E-06
-1.0492E-08	-2.6911E-09	2.2408E-06	-8.1071E-06
-1.0460E-08	-2.6747E-09	2.0696E-06	-7.8417E-06
-1.0428E-08	-2.6583E-09	2.4344E-06	-6.9599E-06
-1.0396E-08	-2.6419E-09	4.3608E-06	-7.2220E-06
-1.0364E-08	-2.6256E-09	3.9478E-06	-9.5407E-06
-1.0332E-08	-2.6092E-09	1.8084E-06	-9.5658E-06
-1.0300E-08	-2.5929E-09	7.3942E-07	-7.0405E-06
-1.0269E-08	-2.5766E-09	4.0828E-06	-5.7260E-06
-1.0237E-08	-2.5603E-09	4.6525E-06	-8.7355E-06
-1.0206E-08	-2.5440E-09	3.2750E-06	-9.2876E-06
-1.0175E-08	-2.5277E-09	1.5328E-06	-8.7362E-06
-1.0144E-08	-2.5114E-09	3.1489E-06	-6.6258E-06
-1.0113E-08	-2.4952E-09	3.6185E-06	-9.3101E-06
-1.0082E-08	-2.4789E-09	1.8075E-06	-7.9444E-06
-1.0051E-08	-2.4627E-09	3.3406E-06	-7.9411E-06
-1.0020E-08	-2.4465E-09	2.7450E-06	-8.9077E-06
-9.9900E-09	-2.4303E-09	1.4287E-06	-8.8581E-06
-9.9596E-09	-2.4141E-09	1.4677E-06	-6.8203E-06
-9.9293E-09	-2.3979E-09	3.1844E-06	-7.7046E-06
-9.8991E-09	-2.3817E-09	1.9644E-06	-8.3997E-06
-9.8691E-09	-2.3656E-09	1.6860E-06	-8.2025E-06
-9.8391E-09	-2.3494E-09	9.1874E-08	-7.5925E-06
-9.8093E-09	-2.3333E-09	1.1999E-06	-4.5653E-06
-9.7796E-09	-2.3172E-09	4.3065E-06	-6.2233E-06
-9.7499E-09	-2.3011E-09	2.5476E-06	-7.6898E-06
-9.7204E-09	-2.2850E-09	3.2094E-06	-7.5229E-06
-9.6910E-09	-2.2690E-09	4.5905E-07	-8.5666E-06
-9.6617E-09	-2.2530E-09	1.1066E-06	-4.4252E-06
-9.6324E-09	-2.2369E-09	3.5133E-06	-6.2288E-06
-9.6033E-09	-2.2209E-09	3.0656E-06	-6.2572E-06
-9.5743E-09	-2.2049E-09	3.0146E-06	-7.9080E-06
-9.5454E-09	-2.1890E-09	1.2978E-06	-6.4789E-06
-9.5165E-09	-2.1730E-09	2.3597E-06	-6.0383E-06
-9.4878E-09	-2.1571E-09	3.0278E-06	-5.1718E-06
-9.4591E-09	-2.1412E-09	4.3759E-06	-7.6030E-06
-9.4306E-09	-2.1253E-09	1.5409E-06	-7.4438E-06
-9.4021E-09	-2.1094E-09	2.3638E-06	-6.4411E-06
-9.3738E-09	-2.0935E-09	1.9068E-06	-5.6888E-06
-9.3455E-09	-2.0777E-09	4.3030E-06	-5.8195E-06
-9.3173E-09	-2.0619E-09	3.3845E-06	-7.9389E-06
-9.2892E-09	-2.0461E-09	2.4902E-06	-7.9690E-06
-9.2612E-09	-2.0303E-09	9.3666E-07	-7.7032E-06
-9.2333E-09	-2.0146E-09	8.0047E-07	-5.9908E-06
-9.2055E-09	-1.9988E-09	1.8210E-06	-5.0056E-06
-9.1777E-09	-1.9831E-09	3.2090E-06	-6.0024E-06
-9.1501E-09	-1.9674E-09	2.0265E-06	-6.5730E-06
-9.1225E-09	-1.9518E-09	2.2614E-06	-6.4657E-06
-9.0950E-09	-1.9361E-09	4.4056E-07	-6.0002E-06
-9.0676E-09	-1.9205E-09	2.4221E-06	-3.2247E-06
-9.0403E-09	-1.9049E-09	4.7359E-06	-5.7371E-06
-9.0130E-09	-1.8894E-09	2.9354E-06	-7.3515E-06
-8.9858E-09	-1.8738E-09	1.7391E-06	-6.2827E-06
-8.9587E-09	-1.8583E-09	2.6570E-06	-5.9195E-06
-8.9317E-09	-1.8428E-09	1.6621E-06	-6.7254E-06
-8.9048E-09	-1.8273E-09	1.3162E-06	-4.9995E-06
-8.8779E-09	-1.8119E-09	2.2823E-06	-5.1219E-06
-8.8511E-09	-1.7965E-09	2.0821E-06	-4.3969E-06
-8.8244E-09	-1.7811E-09	4.1673E-06	-4.5312E-06
-8.7978E-09	-1.7657E-09	3.5635E-06	-6.8320E-06
-8.7712E-09	-1.7504E-09	2.1041E-06	-6.1801E-06
-8.7447E-09	-1.7351E-09	1.9252E-06	-5.6365E-06
-8.7183E-09	-1.7198E-09	2.7053E-06	-4.2618E-06
-8.6919E-09	-1.7045E-09	4.2569E-06	-6.5107E-06
-8.6657E-09	-1.6893E-09	8.7459E-07	-6.5863E-06
-8.6395E-09	-1.6741E-09	2.8230E-06	-3.9403E-06
-8.6133E-09	-1.6589E-09	3.3003E-06	-6.8692E-06
-8.5873E-09	-1.6438E-09	8.1926E-07	-5.5919E-06
-8.5613E-09	-1.6287E-09	2.4338E-06	-4.2980E-06
-8.5353E-09	-1.6136E-09	2.4402E-06	-5.4770E-06
-8.5095E-09	-1.5985E-09	1.4303E-06	-4.4878E-06
-8.4837E-09	-1.5835E-09	2.6824E-06	-3.0546E-06
-8.4579E-09	-1.5685E-09	4.8447E-06	-3.8294E-06
-8.4322E-09	-1.5536E-09	4.4572E-06	-6.4506E-06
-8.4066E-09	-1.5387E-09	2.3340E-06	-5.6680E-06
-8.3811E-09	-1.5238E-09	3.7362E-06	-5.1364E-06
-8.3556E-09	-1.5089E-09	2.5794E-06	-6.2948E-06
-8.3302E-09	-1.4941E-09	2.5229E-06	-4.6909E-06
-8.3049E-09	-1.4793E-09	3.1625E-06	-5.4623E-06
-8.2796E-09	-1.4645E-09	2.5518E-06	-4.8718E-06
-8.2543E-09	-1.4498E-09	3.5555E-06	-4.9394E-06
-8.2292E-09	-1.4351E-09	3.0694E-06	-5.4182E-06
-8.2041E-09	-1.4204E-09	3.7027E-06	-4.9200E-06
-8.1790E-09	-1.4058E-09	4.0492E-06	-7.0159E-06
-8.1540E-09	-1.3912E-09	5.2552E-07	-6.9907E-06
-8.1291E-09	-1.3766E-09	1.4386E-06	-2.8902E-06
-8.1042E-09	-1.3621E-09	4.6150E-06	-4.9932E-06
-8.0794E-09	-1.3476E-09	2.0319E-06	-6.1573E-06
-8.0546E-09	-1.3332E-09	2.5104E-06	-4.6091E-06
-8.0299E-09	-1.3188E-09	2.3070E-06	-5.1095E-06
-8.0053E-09	-1.3044E-09	3.0555E-06	-4.4716E-06
-7.9807E-09	-1.2900E-09	2.0100E-06	-5.9493E-06
-7.9562E-09	-1.2757E-09	1.5385E-06	-2.9702E-06
-7.9317E-09	-1.2615E-09	4.4017E-06	-4.2796E-06
-7.9073E-09	-1.2472E-09	2.4971E-06	-5.4483E-06
-7.8829E-09	-1.2330E-09	2.1101E-06	-4.5019E-06
-7.8586E-09	-1.2189E-09	1.9881E-06	-3.3298E-06
-7.8343E-09	-1.2048E-09	3.4814E-06	-2.8011E-06
-7.8101E-09	-1.1907E-09	4.7190E-06	-3.1221E-06
-7.7860E-09	-1.1766E-09	5.0609E-06	-5.8585E-06
-7.7618E-09	-1.1627E-09	1.6094E-06	-4.6912E-06
-7.7378E-09	-1.1487E-09	4.5318E-06	-2.7196E-06
-7.7138E-09	-1.1348E-09	4.1802E-06	-4.8345E-06
-7.6898E-09	-1.1209E-09	4.5647E-06	-3.8219E-06
-7.6660E-09	-1.1071E-09	4.4759E-06	-5.0088E-06
-7.6421E-09	-1.0933E-09	4.9232E-06	-4.2298E-06
-7.6183E-09	-1.0795E-09	4.9807E-06	-5.9564E-06
-7.5946E-09	-1.0658E-09	4.1443E-06	-5.2180E-06
-7.5709E-09	-1.0521E-09	4.5941E-06	-5.8943E-06
-7.5472E-09	-1.0385E-09	3.6236E-06	-5.6187E-06
-7.5236E-09	-1.0249E-09	4.1564E-06	-4.9155E-06
-7.5001E-09	-1.0113E-09	5.3684E-06	-5.4758E-06
-7.4766E-09	-9.9782E-10	4.6812E-06	-7.4931E-06
-7.4531E-09	-9.8436E-10	2.6792E-06	-7.0900E-06
-7.4297E-09	-9.7093E-10	2.2067E-06	-5.5107E-06
-7.4063E-09	-9.5756E-10	3.9788E-06	-4.5358E-06
-7.3830E-09	-9.4422E-10	4.4548E-06	-6.7049E-06
-7.3598E-09	-9.3093E-10	2.8094E-06	-6.5969E-06
-7.3366E-09	-9.1768E-10	2.5659E-06	-6.1537E-06
-7.3134E-09	-9.0448E-10	2.3683E-06	-5.1625E-06
-7.2903E-09	-8.9132E-10	3.4465E-06	-5.1259E-06
-7.2672E-09	-8.7820E-10	3.3023E-06	-5.8670E-06
-7.2442E-09	-8.6513E-10	2.5142E-06	-5.6848E-06
-7.2212E-09	-8.5211E-10	3.0566E-06	-4.9224E-06
-7.1982E-09	-8.3913E-10	2.6963E-06	-5.7117E-06
-7.1753E-09	-8.2619E-10	2.9249E-06	-3.8855E-06
-7.1525E-09	-8.1330E-10	4.3248E-06	-6.1976E-06
-7.1297E-09	-8.0046E-10	8.0225E-07	-4.7641E-06
-7.1069E-09	-7.8766E-10	4.9443E-06	-2.2145E-06
-7.0842E-09	-7.7491E-10	5.3605E-06	-6.2707E-06
-7.0615E-09	-7.6221E-10	3.7819E-06	-5.3854E-06
-7.0389E-09	-7.4955E-10	4.4301E-06	-6.0691E-06
-7.0163E-09	-7.3694E-10	3.1130E-06	-5.7249E-06
-6.9938E-09	-7.2437E-10	4.2819E-06	-4.5208E-06
-6.9713E-09	-7.1186E-10	5.6493E-06	-5.9572E-06
-6.9488E-09	-6.9939E-10	4.6884E-06	-7.3118E-06
-6.9264E-09	-6.8696E-10	4.1200E-06	-7.6125E-06
-6.9040E-09	-6.7459E-10	2.3313E-06	-7.6487E-06
-6.8817E-09	-6.6226E-10	3.1864E-06	-5.2328E-06
-6.8594E-09	-6.4998E-10	4.7740E-06	-7.6498E-06
-6.8372E-09	-6.3775E-10	2.5873E-06	-7.6964E-06
-6.8150E-09	-6.2557E-10	3.3170E-06	-8.1108E-06
-6.7928E-09	-6.1344E-10	6.5211E-07	-8.3031E-06
-6.7707E-09	-6.0136E-10	1.1941E-06	-6.3984E-06
-6.7486E-09	-5.8932E-10	3.8521E-07	-6.4874E-06
-6.7266E-09	-5.7733E-10	1.6545E-06	-4.3695E-06
-6.7046E-09	-5.6540E-10	2.5436E-06	-6.1996E-06
-6.6827E-09	-5.5351E-10	1.7619E-06	-5.5526E-06
-6.6607E-09	-5.4167E-10	2.1659E-06	-6.2156E-06
-6.6389E-09	-5.2988E-10	1.1761E-06	-5.3120E-06
-6.6171E-09	-5.1814E-10	2.6014E-06	-4.9431E-06
-6.5953E-09	-5.0646E-10	2.5893E-06	-5.7706E-06
-6.5735E-09	-4.9482E-10	2.6224E-06	-5.8436E-06
-6.5518E-09	-4.8323E-10	2.7955E-06	-6.7431E-06
-6.5302E-09	-4.7169E-10	8.1121E-07	-7.6647E-06
-6.5085E-09	-4.6020E-10	-5.3196E-07	-5.0015E-06
-6.4870E-09	-4.4877E-10	1.3720E-06	-3.9829E-06
-6.4654E-09	-4.3738E-10	1.9027E-06	-3.9366E-06
-6.4439E-09	-4.2605E-10	3.5545E-06	-4.2459E-06
-6.4225E-09	-4.1476E-10	3.5934E-06	-6.1335E-06
-6.4010E-09	-4.0353E-10	2.5008E-06	-6.8930E-06
-6.3797E-09	-3.9235E-10	1.2106E-06	-6.8725E-06
-6.3583E-09	-3.8122E-10	3.0539E-07	-5.6628E-06
-6.3370E-09	-3.7014E-10	1.2954E-06	-4.4281E-06
-6.3158E-09	-3.5911E-10	1.8124E-06	-5.5053E-06
-6.2945E-09	-3.4814E-10	8.0987E-07	-4.6927E-06
-6.2734E-09	-3.3721E-10	2.2611E-06	-4.3941E-06
-6.2522E-09	-3.2634E-10	1.9083E-06	-5.1750E-06
-6.2311E-09	-3.1552E-10	2.1583E-06	-5.2158E-06
-6.2101E-09	-3.0475E-10	9.9379E-07	-5.6500E-06
-6.1890E-09	-2.9404E-10	1.0853E-06	-3.9675E-06
-6.1681E-09	-2.8337E-10	2.0815E-06	-4.2951E-06
-6.1471E-09	-2.7276E-10	2.0176E-06	-4.0580E-06
-6.1262E-09	-2.6220E-10	3.2250E-06	-3.9662E-06
-6.1054E-09	-2.5169E-10	4.0856E-06	-5.4994E-06
-6.0845E-09	-2.4124E-10	3.2669E-06	-7.3352E-06
-6.0638E-09	-2.3084E-10	9.0101E-07	-8.4163E-06
-6.0430E-09	-2.2049E-10	-2.1500E-06	-6.0271E-06
-6.0223E-09	-2.1019E-10	-1.6837E-07	-2.7303E-06
-6.0016E-09	-1.9995E-10	1.4940E-06	-3.7426E-06
-5.9810E-09	-1.8976E-10	1.6707E-06	-3.9557E-06
-5.9604E-09	-1.7962E-10	1.1983E-06	-4.4275E-06
-5.9399E-09	-1.6954E-10	1.9013E-06	-3.3298E-06
-5.9194E-09	-1.5951E-10	1.7089E-06	-5.4839E-06
-5.8989E-09	-1.4953E-10	-3.6317E-07	-2.5089E-06
-5.8785E-09	-1.3960E-10	3.9284E-06	-2.0880E-06
-5.8581E-09	-1.2973E-10	3.0525E-06	-4.7360E-06
-5.8377E-09	-1.1991E-10	2.9612E-06	-4.2890E-06
-5.8174E-09	-1.1015E-10	2.1485E-06	-4.8420E-06
-5.7972E-09	-1.0044E-10	2.9460E-06	-3.6867E-06
-5.7769E-09	-9.0776E-11	3.2552E-06	-5.5923E-06
-5.7567E-09	-8.1171E-11	1.9249E-06	-5.1124E-06
-5.7366E-09	-7.1618E-11	2.2109E-06	-5.3088E-06
-5.7165E-09	-6.2119E-11	1.0317E-06	-4.7796E-06
-5.6964E-09	-5.2674E-11	2.0980E-06	-3.8158E-06
-5.6763E-09	-4.3282E-11	2.0071E-06	-4.6981E-06
-5.6563E-09	-3.3943E-11	1.7892E-06	-3.5527E-06
-5.6364E-09	-2.4658E-11	3.2587E-06	-3.8275E-06
-5.6165E-09	-1.5426E-11	3.1685E-06	-4.9566E-06
-5.5966E-09	-6.2482E-12	2.1174E-06	-5.4544E-06
-5.5767E-09	2.8765E-12	1.5140E-06	-3.6234E-06
-5.5569E-09	1.1948E-11	4.2422E-06	-3.7319E-06
-5.5372E-09	2.0965E-11	3.3328E-06	-6.3743E-06
-5.5175E-09	2.9929E-11	1.5313E-06	-5.1592E-06
-5.4978E-09	3.8840E-11	3.1809E-06	-3.7968E-06
-5.4781E-09	4.7697E-11	4.6189E-06	-6.6960E-06
-5.4585E-09	5.6501E-11	5.8232E-07	-7.6138E-06
-5.4390E-09	6.5251E-11	1.0542E-06	-4.2140E-06
-5.4194E-09	7.3947E-11	2.1284E-06	-5.6375E-06
-5.3999E-09	8.2591E-11	1.0408E-06	-4.6737E-06
-5.3805E-09	9.1180E-11	2.4874E-06	-4.2050E-06
-5.3611E-09	9.9717E-11	3.1703E-06	-5.3410E-06
-5.3417E-09	1.0820E-10	2.1442E-06	-6.3788E-06
-5.3224E-09	1.1663E-10	1.7926E-06	-5.6681E-06
-5.3031E-09	1.2501E-10	1.3734E-06	-6.3638E-06
-5.2839E-09	1.3333E-10	9.6849E-07	-4.8606E-06
-5.2646E-09	1.4160E-10	2.1223E-06	-5.8891E-06
-5.2455E-09	1.4981E-10	7.2547E-07	-5.4197E-06
-5.2263E-09	1.5798E-10	2.5300E-06	-5.7672E-06
-5.2073E-09	1.6609E-10	5.0671E-08	-7.6899E-06
-5.1882E-09	1.7414E-10	-1.2956E-06	-4.7984E-06
-5.1692E-09	1.8215E-10	5.0572E-07	-3.9245E-06
-5.1502E-09	1.9010E-10	1.0754E-06	-4.8875E-06
-5.1313E-09	1.9800E-10	1.7182E-08	-5.0392E-06
-5.1124E-09	2.0584E-10	3.5235E-07	-3.8510E-06
-5.0935E-09	2.1363E-10	9.9059E-07	-4.4497E-06
-5.0747E-09	2.2137E-10	4.9021E-07	-4.3303E-06
-5.0560E-09	2.2906E-10	8.7785E-07	-4.1743E-06
-5.0372E-09	2.3669E-10	7.0552E-07	-4.4363E-06
-5.0185E-09	2.4427E-10	5.1248E-07	-4.2357E-06
-4.9999E-09	2.5180E-10	3.0490E-07	-4.1229E-06
-4.9813E-09	2.5927E-10	-5.3677E-08	-3.1896E-06
-4.9627E-09	2.6670E-10	1.6156E-06	-2.1529E-06
-4.9442E-09	2.7407E-10	2.7567E-06	-4.1876E-06
-4.9257E-09	2.8138E-10	1.0386E-06	-4.4969E-06
-4.9072E-09	2.8865E-10	1.8355E-06	-3.7228E-06
-4.8888E-09	2.9586E-10	1.5836E-06	-4.9440E-06
-4.8705E-09	3.0302E-10	8.0578E-07	-4.1248E-06
-4.8521E-09	3.1013E-10	1.7810E-06	-4.1195E-06
-4.8339E-09	3.1719E-10	1.0766E-06	-5.1811E-06
-4.8156E-09	3.2420E-10	9.4008E-08	-3.8344E-06
-4.7974E-09	3.3115E-10	1.7921E-06	-3.4086E-06
-4.7792E-09	3.3805E-10	1.5821E-06	-4.5879E-06
-4.7611E-09	3.4490E-10	1.9132E-06	-4.6066E-06
-4.7430E-09	3.5170E-10	6.8561E-07	-6.6262E-06
-4.7250E-09	3.5845E-10	-2.1745E-06	-4.3003E-06
-4.7070E-09	3.6514E-10	2.5191E-07	-1.8017E-06
-4.6890E-09	3.7179E-10	1.4462E-06	-3.6504E-06
-4.6711E-09	3.7838E-10	2.1724E-07	-3.0564E-06
-4.6532E-09	3.8492E-10	2.3412E-06	-2.5870E-06
-4.6354E-09	3.9141E-10	1.6470E-06	-4.9840E-06
-4.6176E-09	3.9785E-10	6.5311E-07	-3.2186E-06
-4.5998E-09	4.0424E-10	2.6224E-06	-4.4777E-06
-4.5821E-09	4.1058E-10	-3.4104E-07	-5.6984E-06
-4.5644E-09	4.1687E-10	-3.2228E-07	-2.3628E-06
-4.5468E-09	4.2311E-10	2.0925E-06	-3.6471E-06
-4.5292E-09	4.2930E-10	2.0905E-07	-4.2422E-06
-4.5117E-09	4.3543E-10	1.5855E-06	-3.2745E-06
-4.4942E-09	4.4152E-10	4.2430E-07	-5.6436E-06
-4.4767E-09	4.4756E-10	-1.3717E-06	-3.0918E-06
-4.4593E-09	4.5354E-10	3.5553E-07	-2.6100E-06
-4.4419E-09	4.5948E-10	1.1101E-07	-2.4640E-06
-4.4246E-09	4.6537E-10	7.5582E-07	-2.2109E-06
-4.4073E-09	4.7121E-10	1.2438E-06	-1.6032E-06
-4.3900E-09	4.7700E-10	2.8883E-06	-2.7653E-06
-4.3728E-09	4.8273E-10	1.6244E-06	-4.0169E-06
-4.3556E-09	4.8842E-10	1.0178E-06	-3.7736E-06
-4.3385E-09	4.9407E-10	7.0832E-08	-2.6297E-06
-4.3214E-09	4.9966E-10	2.3948E-06	-1.3837E-06
-4.3043E-09	5.0520E-10	3.3895E-06	-4.0792E-06
-4.2873E-09	5.1070E-10	1.2905E-06	-5.1549E-06
-4.2704E-09	5.1614E-10	3.6293E-08	-3.7356E-06
-4.2534E-09	5.2154E-10	8.2898E-07	-3.0778E-06
-4.2366E-09	5.2689E-10	4.3533E-07	-2.7020E-06
-4.2197E-09	5.3219E-10	2.1549E-06	-2.2036E-06
-4.2029E-09	5.3744E-10	1.5460E-06	-4.0488E-06
-4.1862E-09	5.4265E-10	1.0318E-06	-2.7340E-06
-4.1695E-09	5.4781E-10	1.4639E-06	-3.1560E-06
-4.1528E-09	5.5292E-10	2.1050E-06	-2.3458E-06
-4.1362E-09	5.5798E-10	2.4838E-06	-4.9632E-06
-4.1196E-09	5.6299E-10	-5.6545E-07	-3.4416E-06
-4.1030E-09	5.6796E-10	2.0535E-06	-1.8525E-06
-4.0865E-09	5.7288E-10	2.5741E-06	-3.7169E-06
-4.0701E-09	5.7776E-10	1.7052E-06	-5.1287E-06
-4.0537E-09	5.8258E-10	-1.1848E-06	-3.8396E-06
-4.0373E-09	5.8736E-10	1.1132E-06	-9.8240E-07
-4.0210E-09	5.9210E-10	2.6741E-06	-3.0787E-06
-4.0047E-09	5.9679E-10	1.8205E-06	-3.8318E-06
-3.9884E-09	6.0143E-10	1.1272E-06	-3.6014E-06
-3.9722E-09	6.0603E-10	1.6064E-06	-3.4310E-06
-3.9561E-09	6.1058E-10	8.4901E-07	-3.6513E-06
-3.9399E-09	6.1508E-10	1.6175E-06	-3.1406E-06
-3.9239E-09	6.1954E-10	5.9470E-07	-3.9991E-06
-3.9078E-09	6.2395E-10	1.1010E-06	-2.3253E-06
-3.8918E-09	6.2832E-10	1.4903E-06	-3.7228E-06
-3.8759E-09	6.3265E-10	1.0545E-06	-2.9850E-06
-3.8600E-09	6.3693E-10	7.5493E-07	-3.5994E-06
-3.8441E-09	6.4116E-10	1.3410E-06	-1.6830E-06
-3.8283E-09	6.4535E-10	2.4545E-06	-4.7227E-06
-3.8125E-09	6.4949E-10	-1.1210E-06	-2.8802E-06
-3.7968E-09	6.5360E-10	2.4776E-06	-1.4328E-06
-3.7811E-09	6.5765E-10	1.7214E-06	-3.8433E-06
-3.7655E-09	6.6167E-10	1.5642E-06	-2.8304E-06
-3.7499E-09	6.6563E-10	1.8915E-06	-3.6279E-06
-3.7343E-09	6.6956E-10	1.3421E-06	-4.0747E-06
-3.7188E-09	6.7344E-10	2.5343E-07	-3.6337E-06
-3.7033E-09	6.7728E-10	8.4080E-07	-2.7730E-06
-3.6879E-09	6.8108E-10	5.8857E-07	-2.8284E-06
-3.6725E-09	6.8483E-10	1.8891E-06	-1.9945E-06
-3.6572E-09	6.8854E-10	1.9029E-06	-4.4305E-06
-3.6419E-09	6.9221E-10	-4.5575E-07	-2.8111E-06
-3.6266E-09	6.9584E-10	2.4470E-06	-1.7294E-06
-3.6114E-09	6.9942E-10	1.9128E-06	-4.8314E-06
-3.5962E-09	7.0296E-10	-2.3244E-07	-3.3329E-06
-3.5811E-09	7.0646E-10	1.1750E-06	-2.7738E-06
-3.5660E-09	7.0992E-10	4.6018E-07	-3.4927E-06
-3.5510E-09	7.1334E-10	2.1547E-07	-2.5970E-06
-3.5360E-09	7.1671E-10	2.2919E-07	-2.2627E-06
-3.5210E-09	7.2005E-10	9.1570E-07	-1.1698E-06
-3.5061E-09	7.2334E-10	2.4678E-06	-2.0172E-06
-3.4913E-09	7.2659E-10	1.8170E-06	-3.2798E-06
-3.4764E-09	7.2980E-10	9.6431E-07	-2.9932E-06
-3.4617E-09	7.3297E-10	1.1142E-06	-2.2272E-06
-3.4469E-09	7.3611E-10	1.7317E-06	-2.6862E-06
-3.4322E-09	7.3920E-10	8.4252E-07	-2.5133E-06
-3.4176E-09	7.4225E-10	2.1655E-06	-1.6110E-06
-3.4030E-09	7.4526E-10	2.6776E-06	-3.5684E-06
-3.3884E-09	7.4823E-10	7.9442E-07	-3.7613E-06
-3.3739E-09	7.5117E-10	8.1408E-07	-2.0704E-06
-3.3594E-09	7.5406E-10	2.3126E-06	-2.5490E-06
-3.3450E-09	7.5691E-10	1.4909E-06	-3.3519E-06
-3.3306E-09	7.5973E-10	1.5527E-06	-3.1963E-06
-3.3163E-09	7.6251E-10	3.9872E-07	-3.0275E-06
-3.3020E-09	7.6525E-10	1.8657E-06	-1.6862E-06
-3.2877E-09	7.6795E-10	1.7123E-06	-3.4669E-06
-3.2735E-09	7.7061E-10	1.7968E-06	-2.0022E-06
-3.2593E-09	7.7323E-10	2.8571E-06	-4.3002E-06
-3.2452E-09	7.7582E-10	3.4317E-07	-4.4707E-06
-3.2311E-09	7.7837E-10	-2.2851E-07	-3.1879E-06
-3.2171E-09	7.8088E-10	5.3650E-07	-1.8211E-06
-3.2031E-09	7.8336E-10	1.0172E-06	-2.9059E-06
-3.1891E-09	7.8580E-10	3.7962E-07	-1.3423E-06
-3.1752E-09	7.8820E-10	2.6094E-06	-1.8736E-06
-3.1613E-09	7.9056E-10	1.9488E-06	-2.8649E-06
-3.1475E-09	7.9289E-10	2.1168E-06	-3.1803E-06
-3.1337E-09	7.9519E-10	1.8090E-06	-3.5860E-06
-3.1200E-09	7.9744E-10	6.6929E-07	-4.8397E-06
-3.1063E-09	7.9966E-10	-1.4581E-06	-2.0659E-06
-3.0926E-09	8.0185E-10	1.7681E-06	-1.1953E-06
-3.0790E-09	8.0400E-10	1.0177E-06	-2.3825E-06
-3.0655E-09	8.0611E-10	2.4685E-06	-1.8150E-06
-3.0520E-09	8.0819E-10	1.6509E-06	-3.9303E-06
-3.0385E-09	8.1024E-10	7.9915E-07	-2.4796E-06
-3.0250E-09	8.1225E-10	1.8410E-06	-2.8815E-06
-3.0117E-09	8.1422E-10	1.3446E-06	-3.6770E-06
-2.9983E-09	8.1616E-10	2.2761E-08	-3.9540E-06
-2.9850E-09	8.1807E-10	-1.0641E-06	-1.7452E-06
-2.9717E-09	8.1995E-10	1.7845E-06	-6.6853E-07
-2.9585E-09	8.2178E-10	1.8080E-06	-3.3204E-06
-2.9454E-09	8.2359E-10	4.2109E-07	-2.4425E-06
-2.9322E-09	8.2536E-10	6.0346E-07	-2.4017E-06
-2.9191E-09	8.2710E-10	6.9996E-07	-9.3367E-07
-2.9061E-09	8.2881E-10	2.6529E-06	-2.2579E-06
-2.8931E-09	8.3048E-10	7.2420E-07	-3.2948E-06
-2.8801E-09	8.3213E-10	-2.2758E-08	-1.7487E-06
-2.8672E-09	8.3373E-10	1.8651E-06	-1.8487E-07
-2.8543E-09	8.3531E-10	3.0042E-06	-3.4658E-06
-2.8415E-09	8.3686E-10	-1.9535E-07	-1.9807E-06
-2.8287E-09	8.3837E-10	3.1356E-06	-1.7196E-06
-2.8160E-09	8.3985E-10	3.7128E-07	-3.5471E-06
-2.8033E-09	8.4130E-10	1.1329E-06	-8.7520E-07
-2.7906E-09	8.4272E-10	1.7146E-06	-1.4562E-06
-2.7780E-09	8.4411E-10	3.6137E-06	-1.2667E-06
-2.7655E-09	8.4546E-10	3.1245E-06	-4.1844E-06
-2.7529E-09	8.4679E-10	1.7428E-06	-4.2272E-06
-2.7404E-09	8.4808E-10	-4.5137E-07	-4.3112E-06
-2.7280E-09	8.4935E-10	-3.3601E-07	-9.9038E-07
-2.7156E-09	8.5058E-10	1.8603E-06	-1.5266E-06
-2.7032E-09	8.5179E-10	1.7689E-06	-2.2786E-06
-2.6909E-09	8.5297E-10	1.2901E-06	-2.2352E-06
-2.6787E-09	8.5411E-10	2.5492E-06	-2.0577E-06
-2.6664E-09	8.5523E-10	1.2013E-06	-4.2708E-06
-2.6542E-09	8.5632E-10	-2.0781E-07	-1.3574E-06
-2.6421E-09	8.5737E-10	2.7179E-06	-1.5828E-06
-2.6300E-09	8.5840E-10	1.7391E-06	-3.4027E-06
-2.6179E-09	8.5940E-10	8.0799E-07	-2.6302E-06
-2.6059E-09	8.6038E-10	1.2113E-06	-2.1826E-06
-2.5939E-09	8.6132E-10	1.2074E-06	-1.9724E-06
-2.5820E-09	8.6224E-10	2.5236E-06	-1.9251E-06
-2.5701E-09	8.6313E-10	1.9572E-06	-3.8164E-06
-2.5583E-09	8.6399E-10	1.1911E-06	-3.0651E-06
-2.5465E-09	8.6482E-10	6.1718E-07	-4.2802E-06
-2.5347E-09	8.6563E-10	-1.2176E-06	-1.8408E-06
-2.5230E-09	8.6641E-10	1.4448E-06	-1.3878E-06
-2.5113E-09	8.6716E-10	4.7344E-07	-2.0941E-06
-2.4997E-09	8.6788E-10	1.9820E-06	-1.7588E-06
-2.4881E-09	8.6858E-10	3.3836E-08	-3.6814E-06
-2.4765E-09	8.6925E-10	-6.0557E-07	-1.8679E-07
-2.4650E-09	8.6990E-10	2.2608E-06	-7.0951E-07
-2.4535E-09	8.7052E-10	1.9611E-06	-1.8334E-06
-2.4421E-09	8.7112E-10	1.7493E-06	-2.6470E-06
-2.4307E-09	8.7168E-10	1.3358E-07	-2.0870E-06
-2.4194E-09	8.7223E-10	1.2562E-06	-3.0759E-07
-2.4081E-09	8.7275E-10	3.0174E-06	-1.6235E-06
-2.3968E-09	8.7324E-10	1.4830E-06	-3.1710E-06
-2.3856E-09	8.7371E-10	8.4460E-07	-1.5180E-06
-2.3744E-09	8.7415E-10	1.5098E-06	-2.0835E-06
-2.3633E-09	8.7457E-10	8.2390E-07	-7.0078E-07
-2.3522E-09	8.7496E-10	3.4387E-06	-1.3111E-06
-2.3411E-09	8.7533E-10	1.7064E-06	-3.1315E-06
-2.3301E-09	8.7568E-10	1.1924E-06	-1.7523E-06
-2.3191E-09	8.7600E-10	1.6921E-06	-9.0805E-07
-2.3082E-09	8.7630E-10	4.0526E-06	-1.5392E-06
-2.2973E-09	8.7658E-10	2.7551E-06	-4.3510E-06
-2.2865E-09	8.7683E-10	1.0827E-06	-3.4364E-06
-2.2757E-09	8.7706E-10	7.4239E-07	-2.6762E-06
-2.2649E-09	8.7726E-10	2.0560E-06	-1.9952E-06
-2.2542E-09	8.7744E-10	1.6818E-06	-4.4187E-06
-2.2435E-09	8.7761E-10	-1.1237E-06	-3.1091E-06
-2.2328E-09	8.7774E-10	1.4687E-08	-6.6736E-07
-2.2222E-09	8.7786E-10	1.8395E-06	-1.3689E-06
-2.2117E-09	8.7795E-10	1.0196E-06	-2.3524E-06
-2.2012E-09	8.7802E-10	1.0140E-06	-1.4859E-06
-2.1907E-09	8.7808E-10	1.1194E-06	-2.0661E-06
-2.1802E-09	8.7810E-10	4.5299E-07	-1.1734E-06
-2.1698E-09	8.7811E-10	1.6747E-06	-2.5026E-07
-2.1595E-09	8.7810E-10	3.3354E-06	-1.3329E-06
-2.1491E-09	8.7806E-10	2.0696E-06	-3.4177E-06
-2.1389E-09	8.7801E-10	7.5605E-07	-1.6195E-06
-2.1286E-09	8.7793E-10	2.6929E-06	-1.9740E-06
-2.1184E-09	8.7783E-10	1.0460E-06	-3.2078E-06
-2.1082E-09	8.7772E-10	9.4130E-07	-1.6769E-06
-2.0981E-09	8.7758E-10	1.0558E-06	-2.2294E-06
-2.0880E-09	8.7742E-10	8.3658E-07	-8.3568E-07
-2.0780E-09	8.7724E-10	2.6065E-06	-1.4369E-06
-2.0680E-09	8.7705E-10	1.7576E-06	-2.5478E-06
-2.0580E-09	8.7683E-10	1.1083E-06	-2.2627E-06
-2.0481E-09	8.7659E-10	9.1501E-07	-1.3704E-06
-2.0382E-09	8.7634E-10	1.7664E-06	-1.2459E-06
-2.0284E-09	8.7606E-10	2.1792E-06	-1.1380E-06
-2.0186E-09	8.7577E-10	3.0115E-06	-2.8370E-06
-2.0088E-09	8.7546E-10	1.5183E-07	-3.0043E-06
-1.9991E-09	8.7513E-10	1.0807E-06	-3.5522E-07
-1.9894E-09	8.7478E-10	2.9595E-06	-1.2752E-06
-1.9797E-09	8.7442E-10	2.5437E-06	-3.2827E-06
-1.9701E-09	8.7403E-10	1.7768E-07	-2.2521E-06
-1.9605E-09	8.7363E-10	2.3159E-06	-1.0027E-06
-1.9510E-09	8.7321E-10	1.6561E-06	-2.5675E-06
-1.9415E-09	8.7277E-10	2.1609E-06	-1.7098E-06
-1.9320E-09	8.7231E-10	1.3551E-06	-3.0248E-06
-1.9226E-09	8.7184E-10	1.4921E-06	-1.4616E-06
-1.9132E-09	8.7135E-10	1.6661E-06	-2.9487E-06
-1.9039E-09	8.7085E-10	7.8797E-07	-1.8939E-06
-1.8946E-09	8.7032E-10	9.4864E-07	-2.1916E-06
-1.8853E-09	8.6978E-10	7.5313E-07	-8.9789E-07
-1.8761E-09	8.6923E-10	1.7328E-06	-1.2741E-06
-1.8669E-09	8.6866E-10	1.9562E-06	-8.1533E-07
-1.8577E-09	8.6807E-10	2.7586E-06	-2.2276E-06
-1.8486E-09	8.6746E-10	1.3163E-06	-2.0634E-06
-1.8395E-09	8.6684E-10	2.1664E-06	-1.8129E-06
-1.8305E-09	8.6621E-10	1.3284E-06	-2.4503E-06
-1.8215E-09	8.6555E-10	1.0108E-06	-1.1357E-06
-1.8125E-09	8.6489E-10	2.5727E-06	-7.6922E-07
-1.8036E-09	8.6421E-10	3.1133E-06	-2.3274E-06
-1.7947E-09	8.6351E-10	1.9487E-06	-3.0016E-06
-1.7858E-09	8.6280E-10	1.4310E-06	-2.1107E-06
-1.7770E-09	8.6207E-10	2.3126E-06	-2.5834E-06
-1.7682E-09	8.6133E-10	3.8835E-07	-2.7270E-06
-1.7595E-09	8.6057E-10	2.0171E-06	-5.6045E-07
-1.7508E-09	8.5980E-10	2.5158E-06	-3.1770E-06
-1.7421E-09	8.5902E-10	1.3006E-06	-1.8845E-06
-1.7335E-09	8.5822E-10	2.6256E-06	-3.0315E-06
-1.7249E-09	8.5741E-10	9.2918E-07	-3.3998E-06
-1.7163E-09	8.5658E-10	6.2666E-07	-3.2115E-06
-1.7078E-09	8.5574E-10	-4.4859E-07	-2.2481E-06
-1.6993E-09	8.5489E-10	3.6303E-07	-1.5512E-06
-1.6908E-09	8.5402E-10	-1.2418E-07	-1.4617E-06
-1.6824E-09	8.5314E-10	1.7762E-07	-1.5311E-07
-1.6740E-09	8.5225E-10	1.5826E-06	5.1839E-08
-1.6657E-09	8.5134E-10	1.6644E-06	-5.0169E-07
-1.6574E-09	8.5042E-10	2.7223E-06	1.4130E-07
-1.6491E-09	8.4949E-10	3.1239E-06	-1.7370E-06
-1.6409E-09	8.4855E-10	2.6837E-06	-7.4070E-07
-1.6327E-09	8.4759E-10	4.3981E-06	-2.7663E-06
-1.6245E-09	8.4662E-10	1.8628E-06	-3.5740E-06
-1.6164E-09	8.4564E-10	2.2534E-06	-3.2369E-06
-1.6083E-09	8.4465E-10	1.5253E-07	-3.8353E-06
-1.6002E-09	8.4365E-10	-1.2002E-07	-1.1983E-06
-1.5922E-09	8.4263E-10	1.7444E-06	-1.1453E-06
-1.5842E-09	8.4160E-10	1.2625E-06	-2.2849E-06
-1.5762E-09	8.4057E-10	8.8446E-07	-1.0061E-06
-1.5683E-09	8.3952E-10	1.7408E-06	-1.7752E-06
-1.5604E-09	8.3845E-10	4.0770E-07	-2.6946E-07
-1.5526E-09	8.3738E-10	4.4001E-06	1.2929E-07
-1.5447E-09	8.3630E-10	3.3017E-06	-4.2391E-06
-1.5369E-09	8.3521E-10	3.7982E-07	-2.6141E-06
-1.5292E-09	8.3410E-10	1.6649E-06	-9.5454E-07
-1.5215E-09	8.3299E-10	2.9599E-06	-2.1883E-06
-1.5138E-09	8.3186E-10	1.4511E-06	-3.0289E-06
-1.5061E-09	8.3073E-10	1.5162E-06	-1.8743E-06
-1.4985E-09	8.2958E-10	1.8173E-06	-2.1669E-06
-1.4909E-09	8.2842E-10	2.6290E-06	-2.6025E-06
-1.4834E-09	8.2726E-10	4.5312E-07	-4.5627E-06
-1.4759E-09	8.2608E-10	-9.8416E-07	-5.7782E-07
-1.4684E-09	8.2490E-10	2.8989E-06	-1.0774E-06
-1.4609E-09	8.2370E-10	1.1325E-06	-2.9585E-06
-1.4535E-09	8.2250E-10	1.1849E-06	-1.8708E-06
-1.4461E-09	8.2129E-10	8.2400E-07	-2.2473E-06
-1.4388E-09	8.2007E-10	1.1524E-06	-1.6674E-06
-1.4315E-09	8.1883E-10	6.1879E-07	-2.1383E-06
-1.4242E-09	8.1759E-10	8.1866E-07	-8.6456E-07
-1.4169E-09	8.1635E-10	1.7424E-06	-1.2377E-06
-1.4097E-09	8.1509E-10	2.2557E-06	-2.0885E-06
-1.4025E-09	8.1382E-10	3.1180E-07	-3.1541E-06
-1.3954E-09	8.1255E-10	2.2637E-07	-5.6186E-07
-1.3883E-09	8.1126E-10	1.2741E-06	-1.7643E-06
-1.3812E-09	8.0997E-10	4.4408E-07	-4.3638E-07
-1.3741E-09	8.0867E-10	2.1079E-06	-1.0860E-06
-1.3671E-09	8.0737E-10	1.2918E-06	-1.1257E-06
-1.3601E-09	8.0605E-10	1.7632E-06	-1.8427E-06
-1.3531E-09	8.0473E-10	2.2065E-07	-4.8272E-07
-1.3462E-09	8.0340E-10	3.1662E-06	-1.6301E-07
-1.3393E-09	8.0206E-10	2.0706E-06	-2.1874E-06
-1.3324E-09	8.0072E-10	1.9607E-06	-1.3906E-06
-1.3256E-09	7.9936E-10	1.8042E-06	-1.6638E-06
-1.3188E-09	7.9800E-10	2.1690E-06	-1.7359E-06
-1.3120E-09	7.9664E-10	1.4409E-06	-1.5825E-06
-1.3053E-09	7.9526E-10	3.1359E-06	-1.6837E-06
-1.2986E-09	7.9388E-10	1.2723E-06	-3.8333E-06
-1.2919E-09	7.9249E-10	1.9018E-07	-1.6214E-06
-1.2852E-09	7.9110E-10	1.0156E-06	-1.4223E-06
-1.2786E-09	7.8970E-10	1.2957E-06	-1.1648E-06
-1.2720E-09	7.8829E-10	1.4513E-06	-1.5436E-06
-1.2655E-09	7.8688E-10	1.0891E-06	-1.7675E-06
-1.2589E-09	7.8546E-10	-1.5344E-08	-2.5083E-07
-1.2524E-09	7.8403E-10	3.7650E-06	1.1752E-06
-1.2460E-09	7.8260E-10	4.3248E-06	-3.7332E-06
-1.2395E-09	7.8116E-10	5.6230E-07	-3.9324E-06
-1.2331E-09	7.7971E-10	-9.4421E-07	-1.6567E-06
-1.2267E-09	7.7826E-10	1.4678E-06	1.0426E-06
-1.2204E-09	7.7681E-10	3.0851E-06	-1.9361E-06
-1.2141E-09	7.7535E-10	1.4653E-06	-1.2728E-06
-1.2078E-09	7.7388E-10	2.5844E-06	-2.5155E-06
-1.2015E-09	7.7241E-10	-2.8967E-07	-1.5833E-06
-1.1953E-09	7.7093E-10	2.7488E-06	6.0135E-07
-1.1891E-09	7.6945E-10	3.7017E-06	-2.4968E-06
-1.1829E-09	7.6796E-10	1.9533E-06	-3.3978E-06
-1.1768E-09	7.6647E-10	4.8515E-07	-2.5854E-06
-1.1707E-09	7.6497E-10	1.3051E-06	-1.3889E-06
-1.1646E-09	7.6347E-10	1.2814E-06	-2.2881E-06
-1.1585E-09	7.6196E-10	8.9612E-07	-1.2603E-06
-1.1525E-09	7.6045E-10	1.9142E-06	-1.5257E-06
-1.1465E-09	7.5893E-10	1.8030E-06	-1.9182E-06
-1.1405E-09	7.5741E-10	1.6466E-06	-2.9187E-06
-1.1346E-09	7.5588E-10	-3.5805E-07	-2.0635E-06
-1.1287E-09	7.5435E-10	1.6647E-06	-2.9555E-07
-1.1228E-09	7.5282E-10	2.2285E-06	-2.9830E-06
-1.1169E-09	7.5128E-10	-2.4262E-07	-2.7177E-06
-1.1111E-09	7.4974E-10	-9.6515E-08	-8.2436E-07
-1.1053E-09	7.4819E-10	1.3776E-06	-5.9800E-07
-1.0995E-09	7.4664E-10	1.8394E-06	-1.7503E-06
-1.0938E-09	7.4509E-10	9.2483E-07	-2.8791E-06
-1.0880E-09	7.4353E-10	-1.1885E-06	-1.7447E-06
-1.0823E-09	7.4197E-10	4.5266E-07	2.0606E-07
-1.0767E-09	7.4041E-10	6.1815E-07	-1.2543E-06
-1.0710E-09	7.3884E-10	1.2534E-07	-1.2589E-08
-1.0654E-09	7.3727E-10	6.7565E-07	3.5664E-07
-1.0598E-09	7.3569E-10	2.7792E-06	1.0955E-06
-1.0543E-09	7.3411E-10	2.9001E-06	-2.7536E-06
-1.0488E-09	7.3253E-10	-1.4511E-07	-1.0175E-06
-1.0432E-09	7.3095E-10	1.7904E-06	-7.6148E-07
-1.0378E-09	7.2936E-10	3.1116E-07	-8.0393E-07
-1.0323E-09	7.2777E-10	1.7073E-06	1.8912E-07
-1.0269E-09	7.2618E-10	1.8305E-06	-1.0373E-06
-1.0215E-09	7.2458E-10	6.3410E-07	-1.2514E-06
-1.0161E-09	7.2298E-10	3.4612E-07	9.6109E-07
-1.0108E-09	7.2138E-10	2.8334E-06	6.1200E-07
-1.0054E-09	7.1978E-10	2.3926E-06	-4.3367E-07
-1.0002E-09	7.1817E-10	2.4546E-06	-1.1300E-06
-9.9488E-10	7.1656E-10	1.0292E-06	-3.6286E-07
-9.8964E-10	7.1495E-10	2.8359E-06	1.6033E-07
-9.8442E-10	7.1334E-10	2.3513E-06	-1.0232E-06
-9.7923E-10	7.1173E-10	1.9637E-06	-1.0882E-06
-9.7406E-10	7.1011E-10	9.6859E-07	4.1536E-07
-9.6891E-10	7.0849E-10	4.0584E-06	8.9342E-07
-9.6380E-10	7.0687E-10	3.5209E-06	-1.5305E-06
-9.5870E-10	7.0524E-10	3.2048E-06	-1.4949E-06
-9.5364E-10	7.0362E-10	1.9290E-06	-1.6851E-06
-9.4859E-10	7.0199E-10	2.9546E-06	-5.5612E-07
-9.4357E-10	7.0036E-10	2.7196E-06	-1.9060E-06
-9.3858E-10	6.9873E-10	2.3103E-06	-1.3174E-06
-9.3361E-10	6.9710E-10	2.1701E-06	-6.7530E-07
-9.2867E-10	6.9547E-10	4.6795E-06	-8.0025E-07
-9.2375E-10	6.9384E-10	3.3053E-06	-4.0800E-06
-9.1885E-10	6.9220E-10	1.5531E-06	-3.0264E-06
-9.1398E-10	6.9056E-10	2.1729E-07	-2.6246E-06
-9.0913E-10	6.8892E-10	1.3254E-06	1.5413E-07
-9.0430E-10	6.8728E-10	2.6970E-06	-1.9912E-06
-8.9950E-10	6.8564E-10	1.1222E-06	-1.2238E-06
-8.9473E-10	6.8400E-10	2.2094E-06	-5.7170E-07
-8.8997E-10	6.8236E-10	3.4928E-06	-8.9568E-07
-8.8524E-10	6.8071E-10	3.0479E-06	-3.4030E-06
-8.8054E-10	6.7907E-10	7.1802E-07	-2.1564E-06
-8.7585E-10	6.7742E-10	2.1834E-06	-8.7004E-07
-8.7119E-10	6.7578E-10	3.5362E-06	-2.3045E-06
-8.6656E-10	6.7413E-10	1.4451E-06	-4.8185E-06
-8.6194E-10	6.7248E-10	-1.6262E-06	-2.1551E-06
-8.5735E-10	6.7083E-10	1.5915E-07	4.2803E-07
-8.5278E-10	6.6918E-10	2.2526E-06	4.2402E-07
-8.4824E-10	6.6754E-10	3.2553E-06	-1.5300E-06
-8.4372E-10	6.6589E-10	1.6664E-06	-2.4909E-06
-8.3922E-10	6.6424E-10	8.7243E-07	-1.3976E-06
-8.3474E-10	6.6258E-10	2.0159E-06	-7.7066E-07
-8.3028E-10	6.6093E-10	1.9728E-06	-2.3179E-06
-8.2585E-10	6.5928E-10	4.3832E-07	-1.5048E-06
-8.2144E-10	6.5763E-10	1.3561E-06	-3.3603E-07
-8.1705E-10	6.5598E-10	2.3170E-06	-1.1143E-06
-8.1268E-10	6.5433E-10	1.1217E-06	-1.6859E-06
-8.0834E-10	6.5268E-10	1.6183E-06	-1.2604E-07
-8.0402E-10	6.5103E-10	2.3934E-06	-1.5735E-06
-7.9971E-10	6.4937E-10	1.1837E-06	-1.0389E-06
-7.9543E-10	6.4772E-10	1.9824E-06	-5.4290E-07
-7.9118E-10	6.4607E-10	2.9491E-06	-7.4090E-07
-7.8694E-10	6.4442E-10	2.4967E-06	-3.2815E-06
-7.8272E-10	6.4277E-10	-9.1689E-07	-1.3922E-06
-7.7853E-10	6.4112E-10	1.8906E-06	1.3445E-06
-7.7435E-10	6.3947E-10	3.3416E-06	-7.5093E-07
-7.7020E-10	6.3782E-10	2.7311E-06	-1.1276E-06
-7.6607E-10	6.3617E-10	3.4021E-06	-1.6522E-06
-7.6196E-10	6.3452E-10	2.1202E-06	-3.2009E-06
-7.5787E-10	6.3288E-10	7.4993E-07	-1.4322E-06
-7.5380E-10	6.3123E-10	2.2172E-06	-1.3910E-06
-7.4975E-10	6.2958E-10	9.5832E-07	-1.6636E-06
-7.4572E-10	6.2794E-10	1.8322E-06	7.7161E-08
-7.4171E-10	6.2629E-10	3.7046E-06	-1.0754E-06
-7.3773E-10	6.2465E-10	2.8996E-06	-3.1318E-06
-7.3376E-10	6.2300E-10	1.1356E-06	-2.7265E-06
-7.2981E-10	6.2136E-10	1.2100E-06	-2.0159E-06
-7.2588E-10	6.1972E-10	9.6161E-07	-1.8845E-06
-7.2198E-10	6.1808E-10	8.8939E-07	-1.6363E-06
-7.1809E-10	6.1644E-10	5.2484E-07	-1.0535E-06
-7.1422E-10	6.1480E-10	1.2407E-06	-3.5900E-07
-7.1037E-10	6.1316E-10	1.8151E-06	-4.5394E-07
-7.0654E-10	6.1152E-10	2.6082E-06	-9.9221E-07
-7.0273E-10	6.0989E-10	1.6847E-06	-2.2259E-06
-6.9894E-10	6.0825E-10	6.3403E-07	-7.4352E-07
-6.9517E-10	6.0662E-10	2.3418E-06	-1.1427E-07
-6.9142E-10	6.0498E-10	2.8930E-06	-1.5020E-06
-6.8769E-10	6.0335E-10	1.9721E-06	-2.5739E-06
-6.8398E-10	6.0172E-10	3.8761E-07	-1.7663E-06
-6.8028E-10	6.0010E-10	1.0510E-06	-6.8709E-07
-6.7661E-10	5.9847E-10	7.5857E-07	-2.1133E-07
-6.7295E-10	5.9684E-10	3.0459E-06	7.0190E-07
-6.6931E-10	5.9522E-10	2.9907E-06	-2.0562E-06
-6.6569E-10	5.9360E-10	2.0419E-06	-9.7966E-07
-6.6209E-10	5.9197E-10	2.4705E-06	-1.9175E-06
-6.5851E-10	5.9035E-10	2.2215E-06	-1.0271E-06
-6.5494E-10	5.8874E-10	2.8167E-06	-3.0980E-06
-6.5140E-10	5.8712E-10	1.7060E-07	-2.0783E-06
-6.4787E-10	5.8550E-10	1.4775E-06	-1.3168E-06
-6.4436E-10	5.8389E-10	8.8974E-07	-9.1954E-07
-6.4087E-10	5.8228E-10	2.3705E-06	-1.4720E-06
-6.3739E-10	5.8067E-10	2.2635E-07	-1.6486E-06
-6.3394E-10	5.7906E-10	1.7970E-06	-1.0701E-07
-6.3050E-10	5.7746E-10	1.2761E-06	-1.2135E-06
-6.2708E-10	5.7585E-10	2.3131E-06	2.6142E-07
-6.2368E-10	5.7425E-10	3.1304E-06	-2.0430E-06
-6.2029E-10	5.7265E-10	1.3132E-06	-2.1932E-06
-6.1692E-10	5.7105E-10	1.0234E-06	-1.3458E-06
-6.1357E-10	5.6945E-10	1.4987E-06	-8.2647E-07
-6.1024E-10	5.6786E-10	1.7720E-06	-1.5156E-06
-6.0692E-10	5.6626E-10	5.2637E-07	-1.2502E-06
-6.0362E-10	5.6467E-10	1.4896E-06	4.8863E-07
-6.0034E-10	5.6308E-10	2.8022E-06	-1.1098E-06
-5.9707E-10	5.6150E-10	1.4780E-06	-9.8326E-07
-5.9382E-10	5.5991E-10	2.4493E-06	-1.1597E-06
-5.9059E-10	5.5833E-10	1.0371E-06	-1.0421E-06
-5.8738E-10	5.5675E-10	2.8498E-06	-3.5923E-07
-5.8418E-10	5.5517E-10	1.5660E-06	-1.9923E-06
-5.8099E-10	5.5360E-10	1.9471E-06	1.2480E-07
-5.7783E-10	5.5202E-10	3.1387E-06	-1.4985E-06
-5.7468E-10	5.5045E-10	2.4304E-06	-1.7866E-06
-5.7155E-10	5.4888E-10	1.8269E-06	-2.6447E-06
-5.6843E-10	5.4731E-10	4.2185E-07	-1.4929E-06
-5.6533E-10	5.4575E-10	1.3372E-06	-1.2029E-07
-5.6224E-10	5.4419E-10	3.0355E-06	-7.6947E-07
-5.5917E-10	5.4263E-10	1.8170E-06	-2.5390E-06
-5.5612E-10	5.4107E-10	1.1190E-06	-8.6191E-07
-5.5308E-10	5.3951E-10	1.8053E-06	-1.4424E-06
-5.5006E-10	5.3796E-10	1.4375E-06	-3.1550E-07
-5.4706E-10	5.3641E-10	3.4057E-06	-1.5421E-06
-5.4406E-10	5.3486E-10	9.1317E-07	-3.0286E-06
-5.4109E-10	5.3332E-10	2.2511E-08	-4.3846E-07
-5.3813E-10	5.3177E-10	2.1812E-06	2.8876E-07
-5.3519E-10	5.3023E-10	2.5196E-06	-1.2842E-06
-5.3226E-10	5.2869E-10	2.1045E-06	-9.8960E-07
-5.2934E-10	5.2716E-10	2.0899E-06	-1.9225E-06
-5.2644E-10	5.2563E-10	1.1445E-06	-3.1085E-07
-5.2356E-10	5.2409E-10	4.0093E-06	-1.1507E-06
-5.2069E-10	5.2257E-10	1.3828E-06	-3.3788E-06
-5.1784E-10	5.2104E-10	9.5534E-07	-8.0697E-07
-5.1500E-10	5.1952E-10	2.1392E-06	-1.4829E-06
-5.1217E-10	5.1800E-10	1.4511E-06	-1.6893E-06
-5.0937E-10	5.1648E-10	1.4877E-06	-9.3292E-07
-5.0657E-10	5.1497E-10	2.9182E-06	-1.5141E-06
-5.0379E-10	5.1346E-10	1.3472E-06	-3.4513E-06
-5.0102E-10	5.1195E-10	-3.0233E-07	-1.5902E-06
-4.9827E-10	5.1044E-10	6.8624E-07	-6.2458E-07
-4.9553E-10	5.0894E-10	1.1140E-06	-5.7569E-07
-4.9281E-10	5.0744E-10	1.4850E-06	-6.4425E-07
-4.9010E-10	5.0594E-10	1.5397E-06	-8.3152E-07
-4.8741E-10	5.0444E-10	1.7887E-06	-6.0296E-07
-4.8473E-10	5.0295E-10	2.1905E-06	-1.8047E-06
-4.8206E-10	5.0146E-10	-7.9032E-08	-1.3808E-06
-4.7941E-10	4.9997E-10	1.7740E-06	7.0753E-07
-4.7677E-10	4.9849E-10	2.0623E-06	-1.4498E-06
-4.7414E-10	4.9701E-10	1.3233E-06	-3.1349E-10
-4.7153E-10	4.9553E-10	2.8285E-06	-6.2627E-07
-4.6893E-10	4.9405E-10	2.6280E-06	-1.0954E-06
-4.6635E-10	4.9258E-10	2.7466E-06	-2.2786E-06
-4.6378E-10	4.9111E-10	1.2199E-06	-2.4457E-06
-4.6122E-10	4.8965E-10	6.5189E-07	-1.7241E-06
-4.5867E-10	4.8818E-10	1.0219E-06	-6.1679E-07
-4.5614E-10	4.8672E-10	1.7717E-06	-1.6178E-06
-4.5362E-10	4.8526E-10	3.4316E-07	-1.3090E-06
-4.5112E-10	4.8381E-10	1.1074E-06	-3.9664E-07
-4.4863E-10	4.8236E-10	1.2111E-06	-7.6961E-07
-4.4615E-10	4.8091E-10	1.0363E-06	-2.7239E-07
-4.4368E-10	4.7946E-10	2.2783E-06	9.4969E-08
-4.4123E-10	4.7802E-10	2.1659E-06	-1.7825E-06
-4.3879E-10	4.7658E-10	1.0367E-06	-4.5392E-07
-4.3636E-10	4.7514E-10	2.6468E-06	-1.6588E-06
-4.3395E-10	4.7371E-10	-5.4865E-07	-1.8027E-06
-4.3154E-10	4.7228E-10	8.2624E-07	1.3638E-06
-4.2915E-10	4.7085E-10	2.8619E-06	1.8511E-07
-4.2678E-10	4.6942E-10	2.6624E-06	-1.5482E-06
-4.2441E-10	4.6800E-10	5.5863E-07	-1.0249E-06
-4.2206E-10	4.6658E-10	2.3990E-06	2.7649E-07
-4.1972E-10	4.6517E-10	1.5086E-06	-1.3851E-06
-4.1739E-10	4.6376E-10	2.2961E-06	8.2095E-07
-4.1507E-10	4.6235E-10	3.4511E-06	-2.1690E-06
-4.1277E-10	4.6094E-10	9.3631E-07	-1.6735E-06
-4.1048E-10	4.5954E-10	9.5826E-07	-1.1959E-06
-4.0820E-10	4.5814E-10	9.1485E-07	1.0924E-06
-4.0593E-10	4.5674E-10	4.2560E-06	-5.2263E-07
-4.0367E-10	4.5535E-10	1.3736E-06	-2.0345E-06
-4.0143E-10	4.5396E-10	2.4862E-06	-2.1883E-07
-3.9920E-10	4.5257E-10	2.3812E-06	-1.9706E-06
-3.9697E-10	4.5119E-10	1.6455E-06	-1.6643E-06
-3.9476E-10	4.4980E-10	5.6037E-07	-1.0872E-06
-3.9257E-10	4.4843E-10	2.5698E-06	5.9797E-07
-3.9038E-10	4.4705E-10	3.1042E-06	-2.4789E-06
-3.8821E-10	4.4568E-10	8.4076E-07	-1.7006E-06
-3.8604E-10	4.4431E-10	1.6671E-06	-1.2014E-06
-3.8389E-10	4.4295E-10	1.0514E-06	-1.3503E-06
-3.8175E-10	4.4158E-10	1.3224E-06	-5.1804E-07
-3.7962E-10	4.4022E-10	1.9220E-06	-9.5734E-07
-3.7750E-10	4.3887E-10	1.5785E-06	-1.0005E-06
-3.7539E-10	4.3752E-10	1.8729E-06	-1.6447E-06
-3.7329E-10	4.3617E-10	-2.6582E-07	-9.5911E-07
-3.7121E-10	4.3482E-10	2.3938E-06	1.3465E-06
-3.6913E-10	4.3348E-10	2.9864E-06	-1.9840E-06
-3.6707E-10	4.3214E-10	1.4722E-06	-1.1872E-06
-3.6502E-10	4.3080E-10	1.4656E-06	-1.8882E-06
-3.6297E-10	4.2947E-10	6.6520E-07	-3.0318E-07
-3.6094E-10	4.2814E-10	2.1874E-06	-8.7561E-07
-3.5892E-10	4.2681E-10	1.0512E-06	-1.0172E-06
-3.5691E-10	4.2549E-10	1.6342E-06	-2.5955E-07
-3.5491E-10	4.2417E-10	2.6175E-06	-8.2797E-07
-3.5292E-10	4.2285E-10	1.4773E-06	-2.5478E-06
-3.5094E-10	4.2154E-10	4.7172E-08	-6.3651E-07
-3.4897E-10	4.2022E-10	1.3673E-06	-3.9594E-07
-3.4701E-10	4.1892E-10	1.1977E-06	-2.3055E-07
-3.4506E-10	4.1761E-10	1.7802E-06	-5.5686E-07
-3.4312E-10	4.1631E-10	1.4893E-06	-5.4537E-07
-3.4120E-10	4.1501E-10	1.3360E-06	-7.5456E-07
-3.3928E-10	4.1372E-10	1.6322E-06	8.0219E-08
-3.3737E-10	4.1243E-10	1.6320E-06	-1.2421E-06
-3.3547E-10	4.1114E-10	1.0005E-06	6.7497E-07
-3.3358E-10	4.0985E-10	2.8961E-06	-9.2202E-07
-3.3170E-10	4.0857E-10	5.0224E-07	-3.2045E-07
-3.2984E-10	4.0729E-10	2.8693E-06	5.3535E-07
-3.2798E-10	4.0602E-10	2.5672E-06	-1.1474E-06
-3.2613E-10	4.0475E-10	1.6761E-06	-1.5649E-06
-3.2429E-10	4.0348E-10	1.0181E-06	1.9455E-07
-3.2246E-10	4.0221E-10	3.1966E-06	-1.1658E-06
-3.2064E-10	4.0095E-10	-1.1842E-07	-1.4104E-06
-3.1883E-10	3.9969E-10	1.7455E-06	1.1858E-06
-3.1702E-10	3.9844E-10	2.3979E-06	-2.6442E-07
-3.1523E-10	3.9718E-10	2.4910E-06	-5.1339E-07
-3.1345E-10	3.9593E-10	1.6533E-06	-3.8047E-07
-3.1168E-10	3.9469E-10	3.2423E-06	-2.0314E-07
-3.0991E-10	3.9345E-10	1.9429E-06	-1.8949E-06
-3.0816E-10	3.9221E-10	1.4444E-06	-5.5738E-07
-3.0641E-10	3.9097E-10	1.3118E-06	-3.1565E-07
-3.0467E-10	3.8974E-10	2.5306E-06	8.4214E-07
-3.0295E-10	3.8851E-10	3.6456E-06	-7.6637E-07
-3.0123E-10	3.8728E-10	2.8826E-06	-1.7681E-06
-2.9952E-10	3.8606E-10	1.7486E-06	-2.0883E-06
-2.9782E-10	3.8484E-10	5.4296E-07	-9.0303E-07
-2.9613E-10	3.8362E-10	2.2131E-06	1.0874E-06
-2.9444E-10	3.8241E-10	4.0653E-06	-1.7892E-06
-2.9277E-10	3.8119E-10	7.2908E-07	-2.0958E-06
-2.9110E-10	3.7999E-10	1.6876E-06	-1.8212E-07
-2.8945E-10	3.7878E-10	1.9496E-06	-4.1744E-07
-2.8780E-10	3.7758E-10	3.1183E-06	-8.8864E-07
-2.8616E-10	3.7639E-10	1.5760E-06	-1.7808E-06
-2.8453E-10	3.7519E-10	2.1196E-06	-5.5731E-07
-2.8290E-10	3.7400E-10	2.1832E-06	-1.4367E-06
-2.8129E-10	3.7281E-10	2.0114E-06	-1.6338E-06
-2.7968E-10	3.7163E-10	8.1333E-07	-1.4191E-06
-2.7809E-10	3.7044E-10	1.5617E-06	-4.2883E-07
-2.7650E-10	3.6927E-10	1.6839E-06	-5.0305E-07
-2.7492E-10	3.6809E-10	2.7292E-06	-1.4583E-06
-2.7334E-10	3.6692E-10	-1.4522E-07	-1.6817E-06
-2.7178E-10	3.6575E-10	1.6902E-06	1.0352E-06
-2.7022E-10	3.6458E-10	2.0109E-06	-7.1638E-07
-2.6867E-10	3.6342E-10	2.8361E-06	7.3394E-08
-2.6713E-10	3.6226E-10	2.0855E-06	-2.1069E-06
-2.6560E-10	3.6111E-10	1.7181E-06	-2.6802E-07
-2.6408E-10	3.5995E-10	1.7395E-06	-2.1807E-06
-2.6256E-10	3.5880E-10	-1.4562E-07	6.7842E-07
-2.6105E-10	3.5766E-10	3.9202E-06	1.1762E-06
-2.5955E-10	3.5651E-10	3.6189E-06	-2.5471E-06
-2.5806E-10	3.5537E-10	5.0494E-07	-1.7660E-06
-2.5657E-10	3.5424E-10	2.1654E-06	3.9075E-07
-2.5510E-10	3.5310E-10	2.9681E-06	-1.5346E-06
-2.5363E-10	3.5197E-10	2.1478E-06	-1.9808E-06
-2.5217E-10	3.5084E-10	4.5421E-07	-2.1734E-06
-2.5071E-10	3.4972E-10	7.5835E-07	5.4692E-07
-2.4927E-10	3.4860E-10	2.6076E-06	-7.4088E-07
-2.4783E-10	3.4748E-10	1.5084E-06	-7.9151E-07
-2.4639E-10	3.4636E-10	2.3186E-06	-8.0574E-07
-2.4497E-10	3.4525E-10	1.4350E-06	-1.3600E-06
-2.4355E-10	3.4414E-10	1.3994E-06	2.8895E-08
-2.4214E-10	3.4304E-10	3.2831E-06	-4.1221E-07
-2.4074E-10	3.4193E-10	2.6072E-06	-2.4928E-06
-2.3935E-10	3.4083E-10	7.6860E-07	-2.4006E-06
-2.3796E-10	3.3974E-10	-3.8055E-07	-6.6227E-07
-2.3658E-10	3.3864E-10	1.5424E-06	1.3311E-06
-2.3521E-10	3.3755E-10	3.6627E-06	-4.4162E-07
-2.3384E-10	3.3646E-10	2.4127E-06	-2.5229E-06
-2.3248E-10	3.3538E-10	7.6315E-07	-1.6759E-06
-2.3113E-10	3.3430E-10	8.2956E-07	-1.3361E-06
-2.2978E-10	3.3322E-10	3.9648E-07	3.6870E-07
-2.2844E-10	3.3215E-10	3.2489E-06	-7.6201E-07
-2.2711E-10	3.3107E-10	-3.2874E-08	-2.0244E-06
-2.2579E-10	3.3000E-10	1.3669E-06	1.7860E-07
-2.2447E-10	3.2894E-10	-3.6369E-07	-9.4916E-07
-2.2316E-10	3.2788E-10	1.5593E-06	2.6679E-06
-2.2186E-10	3.2682E-10	3.0756E-06	-3.5948E-07
-2.2056E-10	3.2576E-10	2.5005E-06	2.4138E-07
-2.1927E-10	3.2470E-10	2.3467E-06	-8.1767E-07
-2.1799E-10	3.2365E-10	3.2409E-06	4.3589E-08
-2.1671E-10	3.2261E-10	2.0585E-06	-2.5315E-06
-2.1544E-10	3.2156E-10	1.7482E-06	2.5884E-07
-2.1418E-10	3.2052E-10	2.1592E-06	-2.3228E-06
-2.1292E-10	3.1948E-10	7.3167E-07	5.4218E-07
-2.1167E-10	3.1844E-10	2.7059E-06	-8.9197E-07
-2.1043E-10	3.1741E-10	2.1437E-06	6.0254E-07
-2.0919E-10	3.1638E-10	4.1222E-06	-2.4920E-06
-2.0796E-10	3.1535E-10	3.4820E-07	-1.7600E-06
-2.0673E-10	3.1433E-10	2.1054E-06	-1.2025E-06
-2.0551E-10	3.1331E-10	3.5077E-07	-1.0312E-06
-2.0430E-10	3.1229E-10	1.5983E-06	1.6764E-07
-2.0310E-10	3.1127E-10	2.6407E-06	1.0845E-07
-2.0190E-10	3.1026E-10	2.8765E-06	-2.6440E-06
-2.0070E-10	3.0925E-10	-3.6143E-07	-1.0904E-06
-1.9952E-10	3.0825E-10	1.8607E-06	-4.9540E-08
-1.9834E-10	3.0724E-10	1.2262E-06	-3.8585E-07
-1.9716E-10	3.0624E-10	2.0746E-06	-7.4910E-07
-1.9599E-10	3.0524E-10	5.4900E-07	-6.0374E-08
-1.9483E-10	3.0425E-10	2.4964E-06	5.6961E-07
-1.9367E-10	3.0326E-10	2.1807E-06	3.7236E-07
-1.9252E-10	3.0227E-10	4.4789E-06	-4.0533E-07
-1.9138E-10	3.0128E-10	2.4146E-06	-2.7109E-06
-1.9024E-10	3.0030E-10	1.6866E-06	-1.3779E-06
-1.8910E-10	2.9932E-10	1.8044E-06	-1.2272E-06
-1.8798E-10	2.9834E-10	2.1695E-06	-1.8810E-06
-1.8686E-10	2.9737E-10	5.1795E-07	-1.8270E-06
-1.8574E-10	2.9640E-10	7.8851E-07	-1.0195E-06
-1.8463E-10	2.9543E-10	-3.3771E-08	2.3798E-08
-1.8353E-10	2.9446E-10	2.4152E-06	7.0825E-07
-1.8243E-10	2.9350E-10	1.6222E-06	-1.0979E-06
-1.8134E-10	2.9254E-10	1.5314E-06	6.4577E-08
-1.8025E-10	2.9158E-10	1.6726E-06	-1.2885E-07
-1.7917E-10	2.9062E-10	2.4550E-06	3.8506E-07
-1.7809E-10	2.8967E-10	2.8883E-06	-4.3799E-07
-1.7702E-10	2.8872E-10	3.1984E-06	-1.2391E-06
-1.7596E-10	2.8778E-10	1.5804E-06	-2.0179E-06
-1.7490E-10	2.8683E-10	1.4472E-06	-3.6595E-07
-1.7385E-10	2.8589E-10	2.3434E-06	-4.5674E-07
-1.7280E-10	2.8495E-10	3.0487E-06	-1.0449E-06
-1.7175E-10	2.8402E-10	2.1748E-06	-2.2829E-06
-1.7072E-10	2.8308E-10	1.5052E-06	-1.6372E-06
-1.6969E-10	2.8215E-10	1.1730E-06	-1.8318E-06
-1.6866E-10	2.8123E-10	7.1342E-07	-7.4142E-07
-1.6764E-10	2.8030E-10	1.9678E-06	-4.8412E-07
-1.6662E-10	2.7938E-10	1.9206E-06	-1.9142E-06
-1.6561E-10	2.7846E-10	1.7835E-07	-1.4653E-06
-1.6461E-10	2.7755E-10	9.9735E-07	4.6406E-08
-1.6361E-10	2.7663E-10	1.4870E-06	-7.6754E-07
-1.6261E-10	2.7572E-10	1.0968E-06	8.2790E-09
-1.6162E-10	2.7481E-10	2.8557E-06	-2.4192E-07
-1.6064E-10	2.7391E-10	1.8713E-06	-2.4527E-06
-1.5966E-10	2.7301E-10	-7.2116E-08	-9.8460E-07
-1.5868E-10	2.7211E-10	1.0420E-06	2.7441E-07
-1.5771E-10	2.7121E-10	2.0764E-06	2.1377E-07
-1.5675E-10	2.7031E-10	2.7162E-06	-1.2670E-06
-1.5579E-10	2.6942E-10	1.0945E-06	-1.8142E-06
-1.5483E-10	2.6853E-10	5.8572E-07	-8.4098E-07
-1.5388E-10	2.6765E-10	1.2090E-06	6.2542E-08
-1.5294E-10	2.6676E-10	1.7791E-06	-1.2635E-06
-1.5200E-10	2.6588E-10	1.6314E-08	-1.0454E-07
-1.5106E-10	2.6500E-10	2.7277E-06	3.6284E-07
-1.5013E-10	2.6412E-10	1.1597E-06	-1.9913E-06
-1.4921E-10	2.6325E-10	2.8591E-07	2.4656E-07
-1.4829E-10	2.6238E-10	1.7376E-06	4.0869E-07
-1.4737E-10	2.6151E-10	1.8655E-06	-3.4816E-07
-1.4646E-10	2.6064E-10	1.3435E-06	2.9268E-07
-1.4555E-10	2.5978E-10	3.2114E-06	1.9579E-07
-1.4465E-10	2.5892E-10	2.4153E-06	-1.7321E-06
-1.4376E-10	2.5806E-10	1.4301E-06	-1.3491E-06
-1.4286E-10	2.5721E-10	8.4909E-07	-3.1889E-07
-1.4198E-10	2.5635E-10	3.2931E-06	-2.1675E-07
-1.4109E-10	2.5550E-10	1.5049E-06	-3.3753E-06
-1.4021E-10	2.5466E-10	-4.9868E-07	-8.4543E-07
-1.3934E-10	2.5381E-10	4.1692E-07	-4.0278E-07
-1.3847E-10	2.5297E-10	2.7668E-07	5.7694E-07
-1.3761E-10	2.5213E-10	1.3533E-06	1.1791E-06
-1.3674E-10	2.5129E-10	3.2760E-06	9.1198E-07
-1.3589E-10	2.5045E-10	2.9258E-06	-1.9521E-06
-1.3504E-10	2.4962E-10	1.1344E-06	-1.0918E-06
-1.3419E-10	2.4879E-10	1.3356E-06	-1.5038E-06
-1.3335E-10	2.4796E-10	-4.2419E-08	-2.8665E-07
-1.3251E-10	2.4714E-10	1.3391E-06	3.4555E-07
-1.3167E-10	2.4631E-10	1.3272E-06	4.4726E-07
-1.3084E-10	2.4549E-10	2.6387E-06	-1.9877E-07
-1.3002E-10	2.4467E-10	1.0246E-06	-1.0396E-06
-1.2920E-10	2.4386E-10	1.3392E-06	4.1202E-07
-1.2838E-10	2.4305E-10	1.6851E-06	3.7190E-08
-1.2757E-10	2.4223E-10	2.4569E-06	3.3335E-07
-1.2676E-10	2.4143E-10	2.2251E-06	-1.2449E-06
-1.2596E-10	2.4062E-10	1.3130E-06	-1.6623E-07
-1.2516E-10	2.3982E-10	2.2313E-06	-6.8401E-07
-1.2436E-10	2.3902E-10	1.2835E-06	-3.6859E-07
-1.2357E-10	2.3822E-10	2.3402E-06	-7.0735E-07
-1.2278E-10	2.3742E-10	3.9545E-07	-5.8036E-07
-1.2200E-10	2.3663E-10	2.8328E-06	1.2315E-06
-1.2122E-10	2.3584E-10	2.5960E-06	-2.0522E-06
-1.2044E-10	2.3505E-10	1.3063E-06	2.8984E-08
-1.1967E-10	2.3426E-10	3.1580E-06	-1.7981E-06
-1.1890E-10	2.3348E-10	-3.9646E-08	-2.0245E-06
-1.1814E-10	2.3269E-10	5.8488E-07	1.2519E-07
-1.1738E-10	2.3191E-10	1.1349E-06	1.7765E-07
-1.1662E-10	2.3114E-10	2.0050E-06	1.8763E-07
-1.1587E-10	2.3036E-10	2.0244E-06	-3.3569E-07
-1.1513E-10	2.2959E-10	2.4488E-06	-9.2801E-07
-1.1438E-10	2.2882E-10	1.0250E-06	-1.4887E-06
-1.1364E-10	2.2805E-10	1.4353E-06	-1.8940E-07
-1.1291E-10	2.2728E-10	1.5038E-06	-1.7775E-06
-1.1217E-10	2.2652E-10	-7.9019E-07	-6.8395E-07
-1.1144E-10	2.2576E-10	5.6718E-07	1.9047E-06
-1.1072E-10	2.2500E-10	3.0694E-06	7.7697E-07
-1.1000E-10	2.2424E-10	2.0337E-06	-1.0027E-06
-1.0928E-10	2.2349E-10	1.3639E-06	-2.9899E-08
-1.0857E-10	2.2274E-10	1.9822E-06	5.4038E-08
-1.0786E-10	2.2199E-10	2.4166E-06	-1.1554E-07
-1.0715E-10	2.2124E-10	2.5198E-06	-1.1046E-06
-1.0645E-10	2.2050E-10	1.5140E-06	-1.5433E-06
-1.0575E-10	2.1975E-10	5.4160E-07	-6.6882E-07
-1.0506E-10	2.1901E-10	1.8264E-06	3.7890E-07
-1.0437E-10	2.1827E-10	1.9090E-06	-1.3939E-06
-1.0368E-10	2.1754E-10	6.7575E-07	-2.2308E-07
-1.0299E-10	2.1680E-10	1.9911E-06	-4.9034E-07
-1.0231E-10	2.1607E-10	6.0342E-07	-7.4877E-07
-1.0164E-10	2.1534E-10	1.2186E-06	6.4254E-07
-1.0096E-10	2.1461E-10	2.2057E-06	1.7268E-07
-1.0029E-10	2.1389E-10	2.0765E-06	-7.1219E-07
-9.9627E-11	2.1317E-10	1.4349E-06	-1.4265E-07
-9.8964E-11	2.1244E-10	2.6821E-06	-4.0843E-07
-9.8304E-11	2.1173E-10	1.5700E-06	-1.3156E-06
-9.7648E-11	2.1101E-10	1.9783E-06	-5.3835E-07
-9.6996E-11	2.1029E-10	1.5169E-06	-1.7694E-06
-9.6346E-11	2.0958E-10	9.0095E-07	-7.0141E-07
-9.5701E-11	2.0887E-10	1.1157E-06	-1.3012E-06
-9.5058E-11	2.0816E-10	2.1835E-07	-8.2664E-08
-9.4419E-11	2.0746E-10	2.0970E-06	-8.8043E-08
-9.3784E-11	2.0675E-10	1.1653E-06	-1.6700E-06
-9.3151E-11	2.0605E-10	-7.4683E-08	-7.5250E-07
-9.2522E-11	2.0535E-10	3.6998E-07	6.1683E-07
-9.1897E-11	2.0466E-10	1.6773E-06	1.4371E-07
-9.1274E-11	2.0396E-10	9.5987E-07	-1.5638E-07
-9.0655E-11	2.0327E-10	1.9464E-06	-1.6514E-07
-9.0039E-11	2.0258E-10	3.3283E-07	-1.0777E-06
-8.9426E-11	2.0189E-10	1.2405E-06	1.1493E-06
-8.8817E-11	2.0120E-10	1.9556E-06	-1.5309E-06
-8.8211E-11	2.0052E-10	-5.1636E-07	-1.1404E-07
-8.7608E-11	1.9983E-10	1.3917E-06	4.2392E-07
-8.7008E-11	1.9915E-10	1.0183E-07	-2.8794E-07
