jMRUI Data Textfile

Filename: Export_to_jmrui.txt

PointsInDataset: 2048
DatasetsInFile: 1
SamplingInterval: 0.250000
ZeroOrderPhase: 0E0
BeginTime: 0E0
TransmitterFrequency: 1.2326E8
MagneticField: 2.8936E0
TypeOfNucleus:  
NameOfPatient:  
DateOfExperiment:  
Spectrometer:  
AdditionalInfo: 
SignalNames:  


Signal and FFT
sig(real)	sig(imag)	fft(real)	fft(imag)
Signal 1 out of 1 in file
4.2154E-06	7.7215E-07	-2.9079E-06	7.7149E-07
6.9650E-06	-4.6461E-07	-3.3028E-06	-1.1061E-06
4.8541E-06	-2.6805E-06	-1.0354E-06	-1.7487E-07
2.8333E-06	-3.6877E-06	-2.1558E-06	-1.0359E-07
-7.5640E-08	-3.9306E-06	-1.8281E-06	2.3676E-07
-1.9471E-06	-2.5147E-06	-1.6300E-06	-1.4117E-07
-2.8453E-06	-1.0039E-06	-1.0638E-06	1.0419E-07
-2.1129E-06	6.5330E-07	-9.2337E-07	5.7063E-07
-8.8223E-07	1.3596E-06	-2.0004E-08	8.0403E-08
6.4640E-07	1.4206E-06	-2.4903E-06	7.1508E-07
1.4660E-06	6.2347E-07	-2.5512E-06	-4.0945E-07
1.8743E-06	-1.8025E-07	-1.6789E-06	1.5877E-06
1.3663E-06	-1.0335E-06	-3.5151E-06	1.7627E-06
6.3422E-07	-1.3261E-06	-2.0601E-07	3.4253E-07
-1.6114E-07	-1.3154E-06	-2.3532E-06	4.4702E-07
-5.2328E-07	-9.1878E-07	-2.4857E-06	2.3323E-07
-7.5186E-07	-6.0159E-07	-2.4060E-06	9.4766E-07
-6.1053E-07	-2.7400E-07	-1.4330E-06	1.3396E-06
-5.8667E-07	-2.0489E-07	-1.5136E-06	-5.5140E-07
-5.3318E-07	-1.3218E-07	-1.8614E-06	2.7969E-06
-7.1297E-07	-7.2346E-08	-1.6018E-06	-1.1137E-07
-7.4738E-07	1.7557E-07	-1.9859E-06	1.6077E-06
-7.6112E-07	4.0718E-07	-1.5962E-06	5.6678E-07
-4.5700E-07	5.6925E-07	-1.9317E-06	9.8529E-07
-1.3089E-07	5.3141E-07	-1.1911E-06	3.3677E-07
2.5643E-07	3.0630E-07	-2.2572E-06	-8.5017E-07
3.5847E-07	-7.0794E-08	-2.6511E-06	1.4602E-06
3.6755E-07	-3.2895E-07	-3.3233E-06	1.7522E-06
-1.6627E-08	-4.5550E-07	-2.3427E-06	-5.3149E-07
-3.0120E-07	-3.6009E-07	-1.7125E-06	1.4532E-06
-6.2677E-07	-1.3956E-07	-1.8295E-06	5.3418E-07
-6.8253E-07	2.2250E-07	-7.3997E-07	2.9286E-08
-5.9585E-07	5.0685E-07	-1.5521E-06	1.0254E-07
-3.2936E-07	6.3196E-07	-2.4227E-06	1.4662E-06
-5.9331E-08	6.2797E-07	-7.3329E-07	3.3242E-07
1.9421E-07	5.1552E-07	-1.6628E-06	1.9468E-06
2.8978E-07	3.5470E-07	-4.5218E-07	5.4294E-07
3.2062E-07	2.4959E-07	-1.0991E-06	4.3106E-07
2.8619E-07	1.4059E-07	-9.2418E-07	1.0464E-06
3.0525E-07	9.5653E-08	-1.9444E-06	-3.2713E-07
3.0167E-07	-5.8766E-08	4.6406E-07	1.9877E-06
3.7435E-07	-1.2972E-07	-8.5763E-07	-7.4194E-07
3.1731E-07	-3.3557E-07	-4.2578E-07	-2.6634E-07
2.7426E-07	-5.2998E-07	-9.5510E-07	-9.7699E-07
6.1681E-08	-6.1088E-07	4.3360E-07	1.9661E-06
-2.0107E-07	-5.9096E-07	-1.1577E-06	3.2329E-07
-4.4166E-07	-4.7742E-07	-6.2360E-07	8.3137E-07
-5.3747E-07	-1.8276E-07	-2.1323E-06	1.4501E-06
-4.9850E-07	7.1208E-08	-1.8631E-07	1.0154E-06
-2.1195E-07	1.7919E-07	-3.2812E-06	-3.6853E-07
-4.6736E-08	1.8449E-07	-1.3797E-06	1.0344E-06
1.5073E-07	2.3604E-08	-3.4068E-06	1.0134E-06
9.5989E-08	-2.0627E-07	-1.1125E-07	1.5758E-06
-4.6737E-08	-4.1495E-07	-1.0051E-06	9.4334E-07
-2.9709E-07	-5.3983E-07	-8.0091E-07	1.5410E-07
-5.6698E-07	-4.0784E-07	-1.7208E-06	2.9404E-07
-7.1958E-07	-2.0364E-07	-1.7372E-06	4.8552E-07
-6.6942E-07	3.1535E-08	-1.4275E-06	1.1932E-06
-4.2754E-07	2.8495E-07	-5.6156E-07	2.9321E-07
-2.4271E-07	2.9337E-07	-5.3815E-07	1.3481E-07
-3.4223E-08	2.1399E-07	-1.7915E-07	7.3965E-07
5.9084E-08	4.4070E-08	-9.6243E-07	5.7635E-07
1.6548E-09	-1.2864E-07	-7.3604E-07	3.3079E-06
-1.4947E-07	-2.4946E-07	-2.5501E-07	1.7245E-06
-3.5214E-07	-1.6926E-07	2.2146E-07	1.4193E-06
-4.7694E-07	-5.5991E-08	-8.6356E-07	3.6354E-07
-4.9346E-07	1.0427E-07	-1.6778E-06	7.4110E-07
-3.2966E-07	1.5778E-07	4.8950E-07	1.2248E-06
-2.3476E-07	2.5547E-07	-1.8744E-06	2.2212E-06
-1.1346E-07	1.8463E-07	-1.4673E-06	1.0712E-06
-1.5121E-07	2.5612E-08	-1.1796E-06	1.4075E-06
-2.0579E-07	-5.1855E-08	4.3603E-07	2.6570E-06
-3.0366E-07	-5.2928E-08	-8.9651E-07	3.1228E-06
-3.8082E-07	7.9049E-08	-3.3483E-07	7.2891E-07
-4.0732E-07	1.8106E-07	2.7995E-08	2.4698E-06
-3.1362E-07	2.7913E-07	-2.0421E-06	1.9212E-06
-1.6959E-07	2.9567E-07	-1.4004E-06	-6.3861E-07
-3.1410E-08	2.7214E-07	-1.5246E-06	1.7278E-06
1.2378E-08	1.6120E-07	-2.8512E-07	9.5978E-07
1.1559E-08	2.4044E-08	-6.7554E-07	5.9663E-07
-1.3811E-07	-2.9858E-08	-5.0743E-07	7.8393E-07
-2.4370E-07	-1.2267E-08	-1.6492E-06	4.9151E-07
-3.1839E-07	9.2656E-08	-1.0498E-06	1.5278E-06
-2.1794E-07	2.0935E-07	-3.7923E-06	1.3225E-06
-1.1959E-07	2.6491E-07	-2.3930E-06	1.3990E-06
2.7390E-08	2.5012E-07	-1.4317E-06	9.1417E-07
1.2806E-07	8.7497E-08	2.8495E-07	2.7953E-06
1.3838E-07	-1.1272E-07	-6.3762E-07	9.3677E-07
4.2257E-08	-1.9842E-07	-8.2417E-07	8.9681E-07
-1.1926E-07	-2.5056E-07	-1.5434E-06	-1.8835E-07
-2.8470E-07	-1.7092E-07	-1.9968E-06	1.2416E-06
-3.7711E-07	1.8605E-08	9.1869E-08	6.3497E-07
-3.0311E-07	1.6906E-07	-2.9324E-07	3.0096E-06
-1.6959E-07	2.7649E-07	-7.3476E-07	2.6538E-06
-1.8875E-08	3.1639E-07	-1.4438E-06	9.2956E-07
1.5179E-07	2.1324E-07	3.8538E-07	2.4659E-06
1.8635E-07	2.2129E-08	-5.3023E-07	1.9429E-06
7.0043E-08	-1.1676E-07	-4.2426E-07	9.4720E-07
1.0735E-09	-2.0381E-07	-4.1433E-07	1.2406E-06
-1.2023E-07	-2.4650E-07	-1.8299E-06	1.0868E-06
-2.3711E-07	-2.0552E-07	-1.2209E-06	2.7763E-06
-2.4130E-07	-1.2540E-07	-4.8381E-07	2.1876E-06
-2.0833E-07	-9.7286E-08	1.7871E-07	1.1582E-06
-2.5596E-07	-6.7294E-08	-7.5073E-07	4.8566E-07
-2.5263E-07	-5.5583E-08	-8.5071E-07	2.0797E-06
-3.0238E-07	-3.9008E-08	-8.6779E-08	2.6452E-06
-2.9639E-07	-1.3333E-08	1.8169E-07	2.1332E-06
-2.9707E-07	9.9255E-08	-2.3456E-07	-5.6172E-07
-2.4957E-07	1.4029E-07	-5.0091E-07	6.7399E-07
-1.8582E-07	1.8374E-07	-7.7635E-07	1.6364E-06
-6.5477E-08	1.8515E-07	4.6995E-07	2.2652E-06
7.3334E-08	1.3066E-07	3.8845E-07	1.2625E-06
5.1421E-08	2.8111E-08	-2.0746E-06	9.4520E-07
-2.5682E-08	-6.7159E-08	8.7503E-07	7.8173E-07
-1.1803E-07	-1.0792E-07	1.0395E-06	5.6833E-07
-2.2603E-07	-1.2920E-07	-5.1255E-07	2.6600E-06
-3.2504E-07	-4.7499E-08	-1.8370E-06	4.4291E-07
-3.0818E-07	4.2104E-08	-1.4073E-06	1.3419E-06
-2.3269E-07	1.5623E-07	2.8780E-07	1.9499E-06
-7.5102E-08	1.6698E-07	-2.7555E-06	1.2713E-06
-8.2161E-09	1.6456E-07	-1.8266E-07	1.3250E-06
6.8425E-08	6.6795E-08	-1.6047E-06	2.9699E-06
1.2201E-08	-1.1986E-08	-1.1408E-06	3.1274E-06
-3.3847E-08	-9.2153E-08	-7.9721E-07	1.3482E-06
-1.2678E-07	-1.3359E-07	2.8073E-08	1.6327E-06
-1.7250E-07	-6.0026E-08	-1.2431E-06	1.1676E-06
-2.2181E-07	1.0756E-08	-2.1333E-07	2.1665E-06
-1.5603E-07	8.8171E-08	-9.0813E-07	1.6179E-06
-1.1178E-07	1.1490E-07	-1.8048E-06	1.5763E-06
-8.1911E-08	1.2240E-07	-5.5967E-07	1.7744E-06
-9.0235E-08	8.5621E-08	-1.3686E-06	1.3449E-06
-9.9526E-08	5.1294E-08	-3.3472E-07	2.2689E-06
-8.2872E-08	1.2792E-08	2.1992E-07	2.5762E-06
-7.8816E-08	1.4356E-09	-2.2411E-06	7.9607E-07
-1.1386E-07	4.8395E-08	5.8838E-08	2.4782E-06
-9.4774E-08	5.5067E-08	3.9654E-07	2.4638E-06
-4.1270E-08	1.4854E-08	-2.3679E-07	3.7732E-07
1.0494E-08	3.3693E-09	2.4590E-07	1.0551E-06
8.0137E-09	-1.5207E-08	-9.4439E-07	4.8267E-07
3.3037E-08	-4.4809E-08	-1.5055E-06	1.6214E-06
-5.4705E-08	-1.1174E-07	3.7168E-07	2.4105E-07
-1.2182E-07	-1.3696E-07	6.4043E-07	2.2373E-06
-1.9047E-07	-1.2010E-07	-3.3513E-07	2.5727E-06
-2.0185E-07	-1.0061E-07	7.9573E-08	1.7467E-06
-2.3937E-07	2.1846E-10	9.2905E-07	8.8173E-07
-1.9185E-07	4.0469E-08	-1.3001E-06	8.1992E-07
-8.1653E-08	4.3419E-08	-1.4650E-06	-4.8966E-07
-4.6447E-08	5.0812E-08	-2.5255E-07	8.0353E-07
-6.7100E-08	1.0319E-08	-3.9044E-07	6.7014E-07
-5.1112E-08	-3.5921E-08	-1.7100E-06	2.0736E-06
-9.0421E-08	-1.1107E-07	6.9928E-07	1.8088E-06
-1.4844E-07	-7.8494E-08	-1.1924E-06	1.0747E-06
-1.6466E-07	-3.2405E-08	-2.8007E-07	5.7043E-08
-1.4344E-07	-1.6680E-08	-8.6512E-07	2.4105E-06
-1.4483E-07	2.6438E-08	-1.2846E-07	2.1625E-06
-1.0902E-07	7.1077E-08	2.3361E-07	2.2646E-06
-1.0105E-07	5.7025E-08	2.1011E-07	2.1435E-06
-8.4731E-08	7.1546E-08	3.6600E-08	7.9616E-07
-6.4953E-08	6.3154E-10	5.5160E-07	1.1663E-06
-1.8424E-08	1.8027E-09	-2.1222E-06	2.1696E-06
-2.8555E-08	-1.7747E-08	-4.9024E-07	1.4637E-06
-4.1505E-08	-9.3048E-09	4.5479E-07	1.7980E-06
-3.3413E-08	-1.7057E-08	-3.7885E-07	3.2659E-06
-7.9977E-08	-2.9466E-08	-2.8824E-07	2.3950E-06
-7.0602E-08	-1.3379E-08	1.7263E-07	3.0215E-06
-8.3297E-08	-1.6420E-08	1.5431E-07	1.1499E-06
-1.2815E-07	-3.8710E-08	1.2146E-06	1.1049E-06
-1.0998E-07	3.4411E-08	-4.9217E-07	2.2896E-06
-1.1341E-07	4.8866E-08	-5.0536E-07	2.3881E-06
-6.8435E-08	9.8362E-08	2.7413E-07	3.0391E-06
-5.2731E-08	5.9426E-08	-2.5989E-07	3.3972E-06
-1.3253E-08	8.3151E-08	1.7001E-07	3.1052E-06
-4.0882E-08	3.1387E-08	-1.6744E-06	2.0716E-06
3.8409E-08	-5.6106E-09	-9.8030E-07	2.6636E-06
-3.8265E-08	1.3760E-09	-2.4485E-06	3.2316E-06
3.4670E-09	2.5827E-09	1.9721E-06	9.2558E-07
-4.6977E-08	-5.9232E-09	-4.5136E-07	1.3365E-06
-1.2505E-08	-6.1099E-09	-5.6684E-08	3.3348E-06
-3.4469E-08	8.2172E-10	1.1790E-06	3.6248E-06
8.5913E-09	4.8738E-08	-1.0635E-06	1.1865E-06
-5.4225E-08	-1.5003E-08	2.9914E-07	2.2084E-06
3.2794E-08	-1.5139E-08	6.0706E-07	2.9941E-06
3.1928E-09	-8.3179E-09	2.1340E-07	2.4449E-06
-2.2206E-08	-3.9857E-08	-1.9882E-06	2.4900E-06
-4.2503E-09	-3.7734E-08	-5.0673E-07	3.5941E-06
-2.9150E-08	-6.8512E-08	-6.9067E-07	2.0929E-06
-2.1394E-08	-2.5349E-08	-1.0334E-06	3.3092E-06
-1.1230E-08	-1.9357E-08	-7.5026E-07	3.0571E-06
-3.2511E-08	-1.9647E-08	3.9889E-07	2.8435E-06
-3.4864E-08	-5.0921E-08	6.7302E-07	2.3763E-06
-9.1551E-08	-1.6499E-09	-1.9364E-06	2.3192E-06
-6.7418E-08	-1.9462E-08	1.4474E-06	3.3750E-07
-8.8808E-08	-2.7581E-08	-7.8793E-07	1.1094E-06
-9.6448E-08	-2.2427E-08	-6.4866E-07	1.1946E-06
-7.8981E-08	3.1723E-08	-1.7991E-07	1.6255E-06
-8.6234E-08	1.0788E-08	-2.4423E-06	2.6320E-06
-4.3794E-08	4.0589E-08	-3.5051E-08	2.0849E-06
-7.3094E-08	2.5318E-08	3.3137E-07	2.3136E-06
-3.9922E-08	6.9932E-08	-8.3159E-07	9.8715E-07
-5.7951E-08	-1.7423E-08	-5.3428E-08	1.7264E-06
-4.5016E-08	-3.9691E-09	-8.4979E-07	2.5009E-06
-5.2434E-08	1.6777E-08	-8.1104E-07	1.5349E-06
-5.1342E-08	3.1479E-08	-4.8594E-07	1.3096E-06
-3.9515E-08	2.5080E-08	-6.5519E-07	1.2409E-06
-9.7157E-08	-8.8457E-09	-1.3611E-06	2.2551E-06
-1.9993E-08	3.9070E-08	-5.5667E-08	2.5010E-06
-5.7891E-08	4.1959E-08	4.0137E-07	4.0392E-06
-5.0297E-08	2.7391E-08	-1.7149E-07	5.1434E-07
-1.5290E-08	4.7084E-08	1.1885E-07	2.0419E-06
-1.7749E-08	5.6400E-08	-2.1524E-09	2.3686E-06
-1.7667E-08	1.0219E-08	-1.1587E-06	3.5652E-06
-1.8155E-08	4.8357E-08	-1.3722E-06	3.7020E-06
-5.6240E-08	3.3970E-08	-8.2216E-07	2.9474E-06
-2.9920E-08	2.5005E-08	7.9949E-07	2.2150E-06
-2.1905E-09	7.3423E-08	-1.3341E-06	2.1670E-06
-4.3692E-08	3.2094E-08	9.5494E-08	2.7364E-06
6.5914E-09	3.2121E-08	-6.7770E-07	2.6480E-06
4.8813E-09	3.2401E-08	-6.0397E-07	2.0218E-06
6.8624E-09	6.7474E-08	-1.1826E-07	1.7642E-06
2.6728E-08	4.3868E-08	4.4973E-07	1.8609E-06
-2.1868E-08	2.8933E-08	-1.5358E-06	6.2567E-07
4.9156E-09	5.2626E-08	-1.2185E-06	2.4642E-06
-1.3836E-08	6.0881E-08	-1.2998E-06	3.1416E-06
-3.1307E-09	5.3621E-08	1.8185E-06	1.3506E-06
7.1307E-09	2.1773E-08	-2.3252E-07	2.0296E-06
-8.8367E-09	3.5229E-08	1.3658E-07	8.3790E-07
-1.4471E-08	-1.0953E-08	-1.3670E-06	2.9385E-06
8.6243E-09	-5.9575E-10	6.5737E-07	4.4405E-06
-8.7141E-09	-7.5681E-09	-7.3190E-07	2.5285E-06
-2.4795E-08	6.7325E-09	-8.9118E-07	1.5499E-06
-1.4699E-08	3.3402E-08	-7.2506E-07	3.5732E-06
-2.2487E-08	1.8774E-08	1.5714E-07	1.0128E-06
-5.9776E-08	3.4419E-08	3.8336E-07	2.7703E-06
-2.0405E-08	5.4093E-08	-1.1523E-06	2.6902E-06
-2.5700E-08	3.8522E-08	-1.2491E-06	1.3977E-06
1.5112E-08	3.0534E-08	-1.8877E-06	1.7401E-06
-7.5518E-11	6.4382E-08	-8.3261E-07	2.4909E-06
-3.7770E-08	3.5429E-08	-3.5210E-07	2.5308E-06
-6.5794E-09	1.6808E-08	4.2406E-07	3.1469E-06
-1.7374E-08	3.4407E-08	1.1694E-06	1.6018E-06
-5.1133E-08	6.8313E-08	-1.0790E-06	2.7083E-06
-2.1976E-08	2.6516E-08	-1.5507E-06	2.7824E-06
-2.1523E-08	4.8658E-08	-3.4966E-07	3.5431E-06
5.3458E-09	6.1471E-08	4.0150E-07	2.6995E-06
-4.5834E-08	-7.6315E-09	3.4118E-07	2.5525E-06
-3.3082E-08	7.7264E-08	-1.6336E-06	3.6437E-06
-4.9733E-08	2.8948E-08	-8.1586E-07	3.5625E-06
-5.1584E-08	6.2679E-08	-9.5539E-07	1.7737E-06
-4.2527E-08	8.7064E-08	-6.8619E-07	2.6354E-06
-3.4310E-08	4.9670E-08	-2.8038E-07	2.6806E-06
-6.3933E-08	5.4586E-08	7.0444E-07	3.3408E-06
-5.1383E-08	7.3405E-08	3.9524E-07	1.6225E-06
-1.3714E-08	6.9340E-08	2.3184E-07	3.1308E-06
-8.0385E-08	7.7060E-08	-7.0505E-07	3.0651E-06
-2.2482E-08	2.9869E-08	-5.0782E-07	3.3880E-06
-1.9544E-08	1.0566E-07	6.9462E-08	2.9198E-06
-2.4608E-08	8.4781E-08	9.4526E-08	2.1034E-06
-2.3681E-08	9.5768E-08	9.6173E-07	3.8989E-06
-3.1544E-08	4.1069E-08	-4.3514E-07	2.2688E-06
-2.2373E-08	3.0761E-08	-1.6876E-07	2.6149E-06
-1.9850E-08	1.1014E-07	-6.8440E-07	2.7924E-06
-1.9339E-08	1.3268E-08	-1.9050E-06	1.6618E-06
-4.4018E-08	7.9577E-08	-1.2921E-07	2.1451E-06
-5.0942E-08	8.5711E-08	-6.2918E-07	2.5093E-06
-3.9408E-08	8.2783E-08	2.0333E-07	2.2181E-06
-9.9900E-09	5.2356E-08	1.7966E-06	2.4842E-06
-4.7085E-09	7.0754E-08	4.9929E-07	2.3882E-06
-2.1961E-08	7.8419E-08	1.5347E-07	2.5879E-06
-9.0274E-09	7.3632E-08	-1.0629E-06	3.2397E-06
-7.7862E-09	8.3125E-08	6.9990E-08	2.7887E-06
-3.3276E-08	6.6138E-08	-1.9464E-06	2.4618E-06
-4.1707E-09	7.8187E-08	-4.4516E-07	1.7890E-06
2.9203E-08	6.0298E-08	-1.0802E-06	2.6067E-06
-1.0356E-10	5.9624E-08	-7.1088E-07	3.4906E-06
-1.8560E-08	6.5506E-08	-2.1096E-07	1.8672E-06
-2.1364E-08	6.6181E-08	5.3606E-07	1.6248E-06
-4.6055E-08	4.4274E-08	-1.8612E-07	3.6375E-06
-4.9086E-08	5.6295E-08	1.2731E-07	2.5593E-06
-5.8603E-08	7.5685E-08	-8.8589E-07	2.8241E-06
-5.5494E-08	3.9208E-08	-1.3910E-06	2.5559E-06
-5.9495E-08	8.0363E-08	2.6668E-07	2.2130E-06
-4.4342E-08	6.0323E-08	3.1402E-07	1.9460E-06
-4.0670E-08	6.2081E-08	-2.7767E-07	2.8425E-06
-5.5246E-08	5.1768E-08	8.6583E-07	3.8762E-06
-1.9666E-08	6.6100E-08	7.0322E-07	3.8868E-06
-6.2978E-08	3.6891E-08	-9.0974E-07	3.2483E-06
-5.5166E-08	1.0593E-07	3.6386E-07	2.3517E-06
-5.1992E-08	7.2396E-08	-1.1970E-06	3.0616E-06
-6.1407E-08	1.4240E-07	-1.4210E-06	3.2053E-06
-9.7689E-08	7.9437E-08	-6.6122E-07	2.7128E-06
-6.8327E-08	5.6150E-08	1.3491E-06	2.0807E-06
-2.5106E-08	8.1570E-08	-1.4639E-06	2.1653E-06
-6.2751E-08	8.5526E-08	1.4389E-06	2.3467E-06
-5.1332E-08	8.3951E-08	-8.4057E-07	1.6221E-06
-9.6337E-08	1.0870E-07	8.9010E-07	2.8081E-06
-4.4280E-08	1.0064E-07	8.1913E-08	3.0855E-06
-3.7479E-08	5.3035E-08	-3.8039E-08	3.3317E-06
-5.1740E-08	8.4954E-08	-3.2019E-07	1.7285E-06
-4.8512E-08	8.7025E-08	6.4437E-07	3.5501E-06
-7.6210E-08	6.5373E-08	1.8940E-08	2.7693E-06
-4.8900E-08	7.3409E-08	1.3161E-07	3.1833E-06
-6.7922E-08	1.1397E-07	-1.0775E-07	3.0934E-06
-2.0859E-08	1.1529E-07	-2.9240E-08	3.3119E-06
-4.2253E-08	9.5096E-08	1.2688E-07	3.0603E-06
-8.4998E-08	1.0545E-07	-1.3527E-06	3.1768E-06
-3.5128E-08	5.9564E-08	-7.9304E-07	2.1389E-06
-5.2377E-08	1.0630E-07	2.2026E-07	3.2654E-06
-6.1935E-08	1.0892E-07	-1.1592E-06	4.0866E-06
-4.0353E-08	9.0883E-08	9.2045E-08	2.9257E-06
-9.6201E-08	1.2075E-07	-3.5425E-08	2.0889E-06
-4.6359E-08	1.0907E-07	-7.5554E-07	2.1848E-06
-3.0699E-08	8.5077E-08	1.7686E-06	2.3801E-06
-6.4232E-08	1.1262E-07	-5.8596E-07	3.2669E-06
-4.6609E-08	5.9810E-08	7.2519E-07	3.9213E-06
-1.8844E-08	9.5572E-08	5.0463E-07	3.2832E-06
-4.0794E-08	8.2684E-08	9.9874E-07	2.5494E-06
-3.9935E-08	7.4394E-08	9.3759E-07	3.2645E-06
-3.3296E-08	1.0501E-07	-1.1212E-07	1.6491E-06
-6.3292E-08	1.0829E-07	-5.4594E-07	2.5386E-06
-6.0734E-09	7.1489E-08	-1.1553E-06	2.4767E-06
-5.0058E-08	7.7650E-08	-5.4076E-08	3.3439E-06
-4.4482E-08	6.4512E-08	2.8552E-07	2.3665E-06
-6.4087E-08	7.5748E-08	2.2630E-07	2.6962E-06
-7.3739E-08	8.3833E-08	1.0991E-06	3.7564E-06
-6.7685E-08	7.4551E-08	-3.4341E-09	4.7464E-06
-8.5867E-08	1.0810E-07	1.8884E-07	1.3180E-06
-3.3949E-08	9.5142E-08	-4.1932E-07	2.3841E-06
-8.6251E-08	7.4311E-08	-8.2605E-07	2.7513E-06
-5.3359E-08	9.4236E-08	-1.0548E-06	2.2400E-06
-7.6024E-08	9.5293E-08	2.5796E-07	3.5745E-06
-6.3008E-08	5.1543E-08	2.4096E-07	3.9638E-06
-3.8845E-08	9.2242E-08	1.4823E-06	2.7538E-06
-8.5729E-08	7.8813E-08	7.5065E-07	3.0156E-06
-7.6391E-08	1.0278E-07	4.1257E-07	3.6877E-06
-1.0059E-07	1.0717E-07	-1.1937E-07	3.9947E-06
-6.0225E-08	7.6117E-08	-1.6365E-06	4.0577E-06
-7.3066E-08	8.3350E-08	-4.0173E-07	2.6407E-06
-1.1739E-07	1.0324E-07	1.9115E-06	2.9958E-06
-9.1304E-08	8.8638E-08	1.0153E-06	4.3008E-06
-8.0161E-08	7.2621E-08	-2.6485E-07	1.9918E-06
-7.2240E-08	1.1565E-07	3.6636E-07	2.0911E-06
-5.7054E-08	1.3689E-07	7.8051E-07	1.2325E-06
-8.9202E-08	9.0037E-08	-6.8571E-07	2.3753E-06
-7.3563E-08	7.7165E-08	1.1562E-06	3.5761E-06
-5.1896E-08	1.2284E-07	-9.7572E-08	3.9595E-06
-9.1711E-08	7.0828E-08	1.1903E-06	3.1206E-06
-8.1132E-08	9.9809E-08	-4.4780E-07	2.2176E-06
-7.2493E-08	6.1475E-08	2.6376E-07	4.7096E-06
-5.9953E-08	9.4163E-08	1.0548E-07	3.0001E-06
-9.4409E-08	7.9698E-08	1.2690E-07	5.1333E-06
-9.0476E-08	9.6162E-08	-5.2363E-07	1.7277E-06
-5.1865E-08	9.4990E-08	-1.7389E-06	4.3719E-06
-6.8624E-08	1.0981E-07	4.9504E-07	2.5504E-06
-7.7470E-08	5.5052E-08	1.4684E-07	2.6573E-06
-5.5475E-08	1.0025E-07	-8.6164E-07	3.1349E-06
-5.7729E-08	9.7254E-08	9.4437E-07	5.7714E-06
-6.9949E-08	9.1215E-08	-6.2572E-07	3.9446E-06
-6.3446E-08	8.5789E-08	-4.0668E-07	2.1867E-06
-6.3097E-08	7.9676E-08	2.0418E-07	3.0404E-06
-6.6717E-08	6.2295E-08	-1.8468E-07	2.0716E-06
-1.0258E-07	9.1284E-08	-3.0540E-07	2.3398E-06
-3.8596E-08	7.2642E-08	1.1641E-06	3.6174E-06
-7.6957E-08	9.6854E-08	-1.0636E-06	3.0726E-06
-6.8106E-08	9.2051E-08	-8.2018E-07	3.7698E-06
-4.3774E-08	5.8866E-08	6.0914E-08	2.9752E-06
-5.1876E-08	3.9193E-08	-5.8635E-07	1.7580E-06
-8.5923E-08	6.4488E-08	-1.7046E-06	2.7869E-06
-5.7355E-08	1.1461E-07	7.9273E-07	1.6197E-06
-1.2954E-07	8.9047E-08	-1.9383E-06	3.4562E-06
-6.7779E-08	4.7394E-08	-1.0107E-06	3.5027E-06
-7.1372E-08	9.2726E-08	-7.1908E-07	3.6872E-06
-5.8958E-08	1.0840E-07	-1.4582E-06	3.9256E-06
-8.4764E-08	5.7223E-08	-1.5065E-06	2.2419E-06
-9.8745E-08	1.1513E-07	9.5857E-08	4.0050E-06
-1.1777E-07	8.6353E-08	-7.7865E-07	3.3904E-06
-1.1614E-07	1.0343E-07	-1.9743E-07	4.2945E-06
-9.1705E-08	6.1032E-08	1.6841E-06	2.9503E-06
-9.4011E-08	4.3223E-08	1.7764E-07	3.4453E-06
-6.7786E-08	3.5564E-08	5.6659E-08	3.0241E-06
-6.5864E-08	9.5893E-08	4.1969E-07	3.1514E-06
-1.0387E-07	7.7782E-08	6.9330E-07	2.8053E-06
-7.5131E-08	7.1801E-08	-1.3278E-06	3.3712E-06
-8.1530E-08	1.0308E-07	8.4181E-07	1.9315E-06
-8.2737E-08	8.9791E-08	1.0878E-06	1.6367E-06
-3.5395E-08	9.7744E-08	-1.2919E-06	2.7541E-06
-1.0718E-07	5.6781E-08	-2.9301E-07	2.8851E-06
-7.1951E-08	8.6623E-08	-1.0347E-06	2.8024E-06
-7.1184E-08	6.4035E-08	2.8230E-07	3.2006E-06
-6.7016E-08	1.1044E-07	-6.2255E-07	5.0928E-06
-7.8200E-08	1.0975E-07	1.6737E-07	1.8997E-06
-1.0400E-07	3.4063E-08	-1.1657E-06	3.0181E-06
-9.5900E-08	8.0188E-08	8.0883E-07	4.7369E-06
-8.6729E-08	2.9840E-08	-4.4789E-07	4.1107E-06
-6.0916E-08	1.1634E-07	6.2058E-07	3.5931E-06
-6.1096E-08	7.2020E-08	6.6691E-08	3.2914E-06
-6.3515E-08	7.7221E-08	-8.7462E-09	2.1782E-06
-6.7044E-08	9.1195E-08	-7.7947E-07	2.7310E-06
-7.0265E-08	7.7106E-08	2.0410E-06	3.4696E-06
-1.3330E-07	6.8703E-08	3.9474E-07	5.3588E-06
-2.0755E-08	7.7771E-08	8.4800E-07	4.0672E-06
-4.4675E-08	5.8987E-08	-1.0406E-06	2.5322E-06
-6.0859E-08	7.0664E-08	-4.9602E-07	3.4798E-06
-4.1474E-08	6.1353E-08	6.2223E-07	3.8618E-06
-8.7143E-08	8.7194E-08	2.1960E-07	4.4908E-06
-8.6517E-08	4.6702E-08	6.1489E-07	2.5402E-06
-4.4401E-08	5.2990E-08	5.6350E-07	3.0741E-06
-5.1260E-08	8.9881E-08	1.0576E-06	2.5202E-06
-3.1006E-08	8.5943E-08	2.1821E-07	4.1126E-06
-6.3427E-08	5.2588E-08	-2.6544E-06	2.2902E-06
-4.7761E-08	4.8724E-08	-2.2774E-06	4.0871E-06
-5.7757E-08	4.5925E-08	-6.6308E-07	1.6611E-06
-4.7928E-08	6.6936E-08	-5.3716E-07	4.6507E-06
-7.7627E-08	6.2738E-08	-7.3943E-07	3.2602E-06
-6.5105E-08	7.3112E-08	-5.0937E-07	4.1329E-06
-7.8551E-08	4.0260E-08	-1.2564E-06	5.0974E-06
-7.4974E-08	6.0524E-08	-1.6446E-06	3.8558E-06
-7.0709E-08	4.7955E-08	-9.5501E-07	3.6553E-06
-5.0645E-08	4.9901E-08	6.5716E-07	4.0009E-06
-4.8246E-08	6.7195E-08	-1.2634E-06	3.7464E-06
-5.8383E-08	7.0714E-08	1.0941E-06	3.9908E-06
-2.3707E-08	6.4844E-08	-4.1605E-08	3.4838E-06
-6.2317E-08	5.1212E-08	-7.0404E-07	4.0583E-06
-5.2311E-08	7.2465E-08	-1.7323E-06	4.0659E-06
-6.4127E-08	3.8490E-08	-6.0362E-08	2.8350E-06
-8.0465E-08	5.7529E-08	-5.4957E-07	4.0187E-06
-4.1405E-08	2.1757E-08	8.1471E-07	2.7493E-06
-1.0827E-07	4.8505E-08	-1.2202E-06	5.6894E-06
-6.0479E-08	3.6432E-08	-3.0870E-07	3.9946E-06
-1.0578E-07	9.9346E-08	-6.7503E-07	3.4851E-06
-1.0943E-07	5.3604E-08	-5.6467E-07	3.4984E-06
-7.0457E-08	3.9195E-08	-1.2159E-06	3.7970E-06
-6.0192E-08	4.1482E-08	-1.3164E-06	4.1630E-06
-4.0415E-08	5.6141E-08	-6.0096E-08	4.8018E-06
-5.6270E-08	5.3707E-08	5.3991E-07	4.0735E-06
-6.9318E-08	6.1407E-08	-5.8807E-07	3.1468E-06
-7.0107E-08	6.9571E-08	1.5405E-06	3.7949E-06
-6.2314E-08	2.9415E-08	7.7631E-07	3.2405E-06
-3.5970E-08	5.6278E-08	-6.4592E-07	3.8008E-06
-1.5882E-08	6.3592E-08	1.0411E-06	3.2409E-06
-4.9800E-08	6.2548E-08	-9.7201E-07	4.6997E-06
-5.0269E-08	3.8862E-08	5.1026E-08	5.7605E-06
-6.8416E-08	4.3580E-08	-6.2652E-07	3.0435E-06
-3.0048E-08	5.9867E-08	-2.2293E-06	5.1109E-06
-4.0038E-08	3.9394E-08	-1.3501E-06	3.5268E-06
-2.1691E-08	-2.6281E-09	4.0387E-07	4.9102E-06
-8.3482E-08	3.1544E-08	-6.9443E-07	2.6911E-06
-4.5524E-08	4.9325E-08	4.3753E-07	4.0058E-06
-6.5102E-08	2.2437E-08	4.1261E-07	3.4692E-06
-5.6951E-08	4.4895E-08	2.8086E-07	4.8637E-06
-3.9413E-08	3.0536E-09	1.5187E-08	3.7904E-06
-5.1436E-08	5.4312E-08	-5.0478E-07	4.4244E-06
-5.7060E-08	4.6847E-08	-1.1553E-06	3.9097E-06
-5.3794E-08	3.2738E-08	-9.2188E-07	4.0870E-06
-5.8975E-08	6.7302E-08	-3.7046E-07	4.0248E-06
-6.2823E-08	5.0663E-08	-9.8493E-07	4.3500E-06
-7.5729E-08	1.0263E-08	1.4918E-07	3.4091E-06
-4.4307E-08	-1.6030E-08	6.1841E-08	3.1821E-06
-7.1403E-08	4.1605E-08	2.3949E-08	3.8258E-06
-6.6988E-08	3.9646E-08	4.1594E-07	4.6665E-06
-3.2881E-08	8.7489E-09	-1.1372E-06	4.5633E-06
-7.9209E-08	3.6116E-08	-8.6855E-07	4.3680E-06
-4.1272E-08	6.4264E-09	-1.3400E-06	4.4010E-06
-2.7259E-08	4.6355E-08	2.5767E-07	2.8634E-06
-6.1315E-08	4.1934E-08	-3.0289E-07	5.3487E-06
-4.8260E-08	4.1362E-08	1.2355E-06	3.3240E-06
-8.1450E-08	5.6991E-10	1.3595E-06	4.4610E-06
-4.2360E-08	2.6369E-08	5.4851E-07	3.7037E-06
-2.3270E-08	2.4886E-09	-3.9840E-08	4.1884E-06
-4.4171E-08	1.7811E-08	7.0747E-08	4.1416E-06
-4.8653E-08	-3.7227E-09	1.0325E-07	3.8512E-06
-7.6631E-08	3.9315E-08	-2.0042E-06	4.3999E-06
-2.6204E-08	4.0140E-08	2.1743E-07	3.7784E-06
-4.5139E-08	2.2030E-08	-1.3817E-06	5.1060E-06
-1.4014E-08	2.6628E-08	-9.8801E-10	4.0703E-06
-4.9544E-08	4.4631E-08	-5.3051E-07	4.0280E-06
-3.9008E-08	2.4891E-08	-5.4973E-07	5.2143E-06
-2.0853E-08	2.8914E-09	-9.7587E-07	2.7982E-06
-4.4794E-08	2.0884E-08	-3.5861E-07	4.1361E-06
-2.5360E-08	3.6691E-08	1.8818E-06	3.0196E-06
-7.8250E-08	1.3212E-08	-9.2211E-07	4.0932E-06
-1.5759E-08	1.6527E-08	2.0220E-07	4.1208E-06
-4.4354E-08	1.8657E-08	5.5833E-08	3.9452E-06
8.3503E-09	2.0743E-08	1.3286E-06	3.4116E-06
-2.4092E-08	4.8278E-08	-4.4237E-07	5.7950E-06
-3.3847E-08	3.4974E-08	-3.0530E-07	3.8976E-06
-3.4124E-08	1.2189E-08	-1.3737E-06	3.8281E-06
-4.1904E-08	-3.8285E-09	1.1312E-06	6.6160E-06
-5.7492E-08	-7.5355E-09	-8.7549E-07	5.9976E-06
-5.8234E-08	9.2426E-10	1.3862E-08	5.2299E-06
-3.5896E-08	1.2525E-08	1.1937E-06	2.7334E-06
-8.5930E-08	5.5242E-10	1.0451E-06	4.9733E-06
-2.3573E-08	2.3031E-08	-9.3018E-08	3.0404E-06
-1.3827E-08	2.2533E-08	-1.8993E-06	3.4366E-06
-5.4688E-08	2.7297E-08	2.4938E-07	4.2461E-06
-2.1067E-08	2.2958E-08	-9.2199E-07	5.0857E-06
-2.7510E-08	3.7348E-08	2.2448E-08	5.0881E-06
9.9045E-09	1.7736E-08	-7.2597E-07	4.6929E-06
-3.9565E-08	3.8709E-08	4.2041E-07	4.9638E-06
-1.6282E-08	1.4225E-08	-1.4778E-06	2.5039E-06
-9.4547E-09	1.4640E-08	2.0963E-07	4.4755E-06
-4.1844E-08	-1.4324E-10	-1.1267E-06	5.2614E-06
-9.4223E-10	1.2306E-08	-8.5058E-07	3.8391E-06
-3.4537E-08	3.4917E-08	9.5266E-07	3.1119E-06
-4.8148E-08	-2.7076E-09	-8.5271E-07	4.4415E-06
-4.1811E-08	5.0635E-09	-5.3254E-08	4.4947E-06
-3.8207E-10	-3.4577E-09	3.3285E-07	4.5568E-06
-2.7940E-08	2.3990E-08	1.4101E-06	3.8202E-06
-1.6430E-08	-2.5681E-08	-4.8142E-07	4.3293E-06
-5.3460E-08	5.6931E-09	-3.2760E-07	6.5280E-06
-3.5142E-08	2.5422E-08	-4.4122E-07	5.6594E-06
-4.4897E-08	7.3854E-09	4.3906E-07	3.6315E-06
-4.4658E-08	-2.1773E-09	-1.7221E-06	4.3750E-06
-2.1016E-08	1.9700E-08	-6.0345E-07	4.1251E-06
-4.6890E-09	6.8362E-09	-6.4505E-07	2.9812E-06
-2.7457E-08	2.0817E-08	-7.4525E-07	6.0841E-06
-3.8994E-08	-1.1252E-08	-1.2347E-07	5.1290E-06
-2.3733E-08	3.7578E-08	-8.6573E-07	7.0601E-06
-2.0156E-08	-1.3162E-08	-2.3074E-06	3.6567E-06
-1.4017E-08	2.7897E-08	-1.6084E-06	3.8496E-06
-2.9514E-08	1.3049E-08	1.4844E-09	5.9863E-06
-3.1179E-08	7.9885E-09	-1.0228E-06	3.9787E-06
-3.3066E-08	3.1387E-08	-9.4258E-07	5.2505E-06
-1.3666E-08	9.4730E-09	6.2114E-07	4.1022E-06
-2.9825E-08	2.7217E-09	7.2988E-08	5.7436E-06
-4.6292E-08	1.1363E-08	-1.1328E-08	4.7782E-06
1.8669E-08	8.8084E-09	-8.9170E-07	6.2506E-06
-1.6785E-08	-1.7324E-10	2.3958E-07	4.7102E-06
-1.9975E-08	2.7227E-08	-5.7272E-07	6.7184E-06
-3.9512E-08	1.3349E-08	5.8785E-07	3.0032E-06
-4.9095E-08	3.8865E-08	2.8039E-07	4.4924E-06
-2.6185E-08	3.9880E-09	-9.7956E-07	3.6226E-06
-6.6373E-09	2.2387E-09	-2.9817E-06	4.9683E-06
-4.4449E-08	6.6638E-09	4.2499E-09	4.0185E-06
8.0469E-10	3.2108E-08	-4.0596E-07	4.1054E-06
3.6639E-09	1.5355E-08	-1.3609E-06	4.8241E-06
1.5683E-08	7.8741E-09	-2.1583E-06	4.2753E-06
-1.6270E-08	-9.0621E-09	-3.0841E-07	4.8232E-06
-4.2314E-08	4.5001E-08	2.6712E-08	4.2140E-06
-1.5620E-08	2.9354E-08	-2.7005E-06	4.8698E-06
-4.5894E-08	-6.5604E-09	-7.1145E-07	4.3771E-06
-1.5451E-09	1.6797E-08	-1.0667E-06	4.9950E-06
4.0099E-09	-3.0763E-08	6.2089E-07	5.5979E-06
-3.2028E-08	3.4273E-09	-2.1508E-06	4.9825E-06
-1.4907E-08	-1.4065E-08	-8.8999E-07	5.6667E-06
-3.0438E-08	1.1867E-10	-4.0550E-07	4.2780E-06
-3.3376E-08	-8.7417E-09	-7.2120E-07	4.4788E-06
8.0986E-10	-9.7935E-09	-1.1144E-07	5.5584E-06
-2.7940E-08	2.2756E-08	-1.7257E-06	5.4422E-06
-7.6166E-08	1.0383E-08	-2.3952E-06	5.0602E-06
-2.4415E-08	-2.0126E-08	-2.1145E-06	5.7646E-06
-2.4667E-08	3.0189E-08	-1.5642E-06	5.9014E-06
-3.9669E-08	3.3476E-08	-2.3209E-06	5.0411E-06
-4.1127E-08	2.2807E-08	-1.5991E-06	3.9447E-06
-3.7790E-09	1.7677E-08	-1.5988E-06	5.5133E-06
-1.8276E-08	4.1420E-08	6.5012E-08	4.7371E-06
-5.5499E-08	1.1245E-08	-1.5777E-06	5.6791E-06
-1.4025E-08	1.5741E-08	-1.3906E-06	4.8989E-06
-1.5823E-08	1.7108E-08	-5.4678E-07	4.2542E-06
1.4034E-08	1.2173E-08	-2.3456E-07	4.9226E-06
-1.7664E-08	9.0009E-09	-1.7947E-07	5.9742E-06
-4.7911E-08	-3.0889E-09	-1.2944E-06	6.2689E-06
-5.3131E-09	2.7454E-08	-3.3527E-07	2.2621E-06
3.1299E-08	2.7279E-08	-7.1738E-07	5.9157E-06
1.4302E-08	3.2405E-08	-4.4623E-07	4.3848E-06
6.7630E-09	7.9761E-09	-1.1344E-06	5.4103E-06
9.6638E-09	3.9741E-08	-5.8080E-07	4.8639E-06
-2.6540E-10	6.8777E-09	-1.7722E-06	4.5934E-06
-3.4119E-09	3.7572E-08	-2.4932E-07	4.8217E-06
2.4835E-09	9.7997E-09	1.3486E-07	5.2153E-06
-1.9612E-08	1.7207E-08	-1.2758E-06	6.6797E-06
-1.8817E-08	1.2795E-08	-2.4393E-06	5.4653E-06
-1.0942E-08	2.0071E-08	-1.5480E-06	5.4506E-06
8.4949E-09	1.2388E-08	-2.0648E-07	4.7891E-06
-2.5365E-08	-1.2797E-09	-2.3523E-06	5.8613E-06
-1.4766E-08	3.5481E-09	-1.8104E-06	6.1206E-06
-3.3211E-08	1.7302E-09	-2.2173E-07	5.4515E-06
-9.1184E-09	4.4693E-08	-8.9680E-08	5.3195E-06
-1.0330E-08	3.1378E-08	-2.5815E-06	3.9969E-06
-1.6776E-08	-6.0604E-10	-7.4018E-07	5.9455E-06
-2.0812E-08	3.6552E-08	-9.6143E-07	5.9725E-06
1.5335E-09	1.6889E-08	-1.7728E-06	5.3868E-06
4.0944E-09	-4.2332E-09	-1.9852E-06	6.5812E-06
1.5564E-08	-2.3361E-08	-7.7268E-07	6.4462E-06
-1.5650E-08	1.4220E-08	-2.5018E-06	6.0723E-06
2.0004E-09	4.5597E-08	-1.9121E-06	4.1577E-06
-3.6759E-08	2.4269E-08	-7.6502E-07	7.0967E-06
1.2717E-08	-7.9603E-09	-1.8691E-06	5.6774E-06
2.0353E-08	1.1784E-08	-1.1986E-06	4.3922E-06
-5.3464E-09	3.5737E-08	-1.1864E-06	6.9357E-06
1.0498E-08	3.4168E-09	-2.0032E-06	6.0412E-06
-2.0717E-10	-3.2988E-08	-4.1097E-07	4.9433E-06
-9.9579E-10	-1.5404E-09	-1.7618E-06	7.3705E-06
-3.0582E-08	-4.6685E-09	-2.6605E-06	5.4930E-06
-1.2111E-08	1.8081E-08	3.5194E-07	7.0739E-06
2.4665E-08	3.7717E-08	-1.4253E-06	5.9256E-06
-2.3340E-08	-4.1949E-09	-1.9295E-06	5.9090E-06
-1.7193E-08	1.2130E-08	-8.6945E-07	6.8168E-06
-7.3758E-09	-1.8638E-08	-1.5438E-06	7.5961E-06
3.9093E-08	5.7280E-09	-1.7615E-06	7.2047E-06
3.7347E-09	-1.3374E-08	-2.8131E-06	5.4484E-06
-1.3954E-08	-4.3886E-09	-1.0432E-06	6.5233E-06
4.5491E-08	1.9398E-08	-1.7174E-06	6.3672E-06
-4.6924E-08	8.0359E-09	-3.5659E-07	6.2600E-06
-1.2546E-08	-2.5640E-09	-1.0703E-06	4.9397E-06
9.3173E-09	1.2181E-08	-5.4327E-07	6.5300E-06
9.1299E-10	6.1893E-09	-1.9557E-06	7.2036E-06
-1.3462E-08	1.1841E-08	-3.3544E-06	6.8358E-06
8.9538E-09	1.0960E-09	-6.1439E-07	6.2130E-06
-2.1667E-09	4.3440E-08	-1.7195E-06	5.0566E-06
1.2795E-08	4.8470E-09	-9.8189E-07	6.3787E-06
-6.6360E-09	1.5393E-08	-6.6232E-07	6.2671E-06
-9.9786E-09	-2.8923E-08	-1.8111E-06	6.2397E-06
-1.9025E-08	9.1150E-09	-1.1246E-06	5.8361E-06
-2.3352E-08	1.0648E-08	-1.4835E-06	7.3302E-06
-1.4608E-08	-1.1595E-08	-1.4137E-06	5.1358E-06
4.7630E-09	-1.4265E-08	-3.4731E-06	7.1607E-06
-2.0866E-08	-2.9360E-08	-4.5008E-07	5.7217E-06
6.6314E-10	-1.1395E-08	-2.1360E-06	7.4759E-06
9.0109E-09	9.1783E-09	-2.7719E-06	6.6176E-06
-2.4142E-08	2.2164E-08	-2.1057E-06	6.9511E-06
-6.5466E-09	-1.1661E-08	-2.4408E-06	6.4442E-06
4.3155E-09	-1.4967E-09	-2.3146E-06	5.5485E-06
-4.5075E-09	1.8700E-08	-1.0763E-06	7.3094E-06
8.5272E-09	7.5020E-09	-1.9519E-06	6.5604E-06
1.8836E-09	-2.1493E-08	-3.0531E-06	6.4592E-06
1.3020E-08	1.8557E-09	-1.8708E-06	7.2081E-06
-1.6630E-08	-2.1664E-08	-2.0046E-06	7.2633E-06
1.9703E-08	-1.8035E-08	-2.0762E-06	7.3574E-06
-1.4923E-09	-9.2297E-09	-3.0024E-06	7.5664E-06
-1.6193E-09	1.3535E-08	-1.6800E-06	7.5051E-06
1.4116E-09	2.9371E-08	-2.5544E-06	7.7030E-06
-1.7307E-08	-1.1620E-08	-2.4051E-06	7.7389E-06
5.4527E-09	-7.7259E-11	-3.3774E-06	7.7383E-06
1.3923E-08	1.0587E-08	-1.0707E-06	7.5166E-06
3.6157E-09	1.0579E-08	-2.5224E-06	8.2382E-06
5.6382E-10	-9.8050E-09	-3.4016E-06	7.9942E-06
2.3126E-08	-2.2595E-08	-3.4621E-06	7.4648E-06
1.2304E-08	2.0817E-08	-1.7801E-06	6.6143E-06
-2.3647E-08	-7.7686E-09	-1.2300E-06	8.6898E-06
8.1260E-09	-2.1730E-09	-1.7014E-06	8.4652E-06
-9.4572E-09	1.1908E-08	-2.5943E-06	7.7759E-06
-2.7101E-08	1.9553E-08	-2.8259E-06	5.6031E-06
6.6040E-09	-1.2785E-09	-1.4211E-06	7.5649E-06
-4.0322E-09	-1.9952E-08	-2.3181E-06	8.6210E-06
2.0874E-09	4.0407E-08	-1.8530E-06	9.0568E-06
-3.0197E-09	2.8678E-08	-2.4648E-06	6.4468E-06
1.0898E-08	-1.2383E-08	-3.3441E-06	9.7956E-06
2.3803E-09	1.2410E-08	-4.1996E-06	8.1730E-06
-3.5321E-08	-1.7097E-08	-2.3835E-06	8.7476E-06
-1.0610E-08	-4.1605E-09	-3.2824E-06	8.5353E-06
7.9552E-09	-1.6092E-08	-3.3387E-06	9.4447E-06
1.9806E-09	-2.8739E-09	-1.5605E-06	6.7320E-06
-7.3908E-09	2.1128E-08	-2.4933E-06	8.2316E-06
2.1923E-08	2.1109E-08	-2.7335E-06	9.4300E-06
-6.4749E-09	1.3823E-08	-3.5210E-06	7.9467E-06
-7.9727E-09	-3.2971E-08	-3.5833E-06	8.4469E-06
-3.6672E-08	5.8111E-09	-2.1358E-06	1.0238E-05
-2.2442E-08	1.5356E-08	-3.3431E-06	8.0859E-06
-1.9905E-08	2.2807E-08	-3.0741E-06	9.4350E-06
3.9791E-08	2.8260E-08	-2.4103E-06	9.3267E-06
-1.7373E-10	-3.4640E-08	-2.5102E-06	7.5757E-06
-1.3688E-08	2.1106E-08	-2.7979E-06	8.5843E-06
-2.9631E-08	-2.6094E-08	-1.7769E-06	9.8428E-06
-4.7415E-08	-2.8694E-08	-1.4487E-06	7.9097E-06
-5.4007E-09	5.9073E-08	-3.0484E-06	8.6961E-06
1.2789E-08	-4.1896E-09	-2.8418E-06	8.8578E-06
-2.8392E-08	2.6590E-08	-3.9787E-06	1.0286E-05
2.7151E-09	-1.7765E-08	-2.1706E-06	7.5206E-06
3.4316E-09	3.9000E-08	-4.1513E-06	1.0947E-05
-1.2016E-08	5.6051E-10	-2.5121E-06	8.2002E-06
4.9610E-09	3.2803E-09	-2.4767E-06	1.0291E-05
-2.2253E-08	1.2385E-08	-3.2112E-06	9.5138E-06
-7.9732E-10	-3.3916E-08	-2.7567E-06	8.9969E-06
-6.2284E-09	1.5143E-09	-3.6242E-06	9.5413E-06
9.9260E-09	6.6166E-08	-4.3352E-06	1.1303E-05
-5.7343E-09	1.0705E-08	-1.2336E-06	9.2060E-06
3.4100E-08	6.3797E-09	-1.8863E-06	8.2760E-06
2.0986E-09	-1.4738E-09	-1.9590E-06	1.1466E-05
1.7243E-08	-5.7085E-09	-3.0370E-06	9.1873E-06
-2.1097E-08	-1.1476E-08	-3.2576E-06	9.6629E-06
5.5455E-09	2.4200E-08	-2.2351E-06	1.2108E-05
2.0270E-08	1.9947E-08	-2.3951E-06	1.0502E-05
4.4379E-09	-8.6522E-09	-2.4567E-06	1.0248E-05
-1.1788E-08	-4.0370E-09	-4.3283E-06	1.2944E-05
2.3477E-08	-2.8039E-08	-3.2329E-06	1.0636E-05
1.7363E-08	1.4827E-08	-1.5859E-06	1.1542E-05
-3.4884E-08	4.3010E-08	-2.1525E-06	1.0980E-05
1.5430E-08	1.4703E-08	-2.8478E-06	9.4069E-06
-7.3863E-09	1.9113E-08	-4.0401E-06	1.1694E-05
-1.4861E-08	1.9716E-08	-2.9920E-06	1.0879E-05
1.5618E-08	-7.1421E-09	-1.9368E-06	1.2171E-05
-1.8831E-08	9.3941E-09	-1.5678E-06	1.0486E-05
-1.1940E-08	1.5382E-08	-2.8844E-06	1.1463E-05
1.5815E-08	3.9388E-08	-3.4950E-06	1.1798E-05
-6.3342E-09	6.9090E-09	-4.1339E-06	1.1103E-05
2.6930E-09	4.0253E-09	-3.3914E-06	1.1727E-05
1.5178E-08	2.3460E-08	-2.9067E-06	1.2698E-05
-3.1702E-08	6.7585E-09	-3.5211E-06	1.0562E-05
1.4141E-09	-5.1282E-09	-1.4210E-06	1.1864E-05
-2.6065E-09	1.6774E-08	-3.3136E-06	1.2559E-05
1.2538E-08	-1.0808E-09	-2.4472E-06	1.2803E-05
-1.8198E-08	-9.1925E-09	-2.9731E-06	1.1880E-05
-1.7416E-08	2.6072E-08	-2.8798E-06	1.1550E-05
-7.1204E-09	3.5911E-08	-1.5124E-06	1.3092E-05
-1.8037E-08	-1.0243E-11	-4.7313E-06	1.0221E-05
-1.9538E-09	2.2472E-08	-3.1109E-06	1.1833E-05
5.7494E-09	-2.6697E-09	-3.0606E-06	1.2223E-05
-1.0399E-08	-4.0725E-10	-4.0761E-06	1.1699E-05
1.4338E-09	7.5928E-09	-2.7288E-06	1.1970E-05
1.0973E-08	-4.0380E-09	-4.3133E-06	1.2492E-05
2.7173E-08	-4.6660E-09	-3.9280E-06	1.2615E-05
2.6615E-08	1.7614E-09	-2.3263E-06	1.3954E-05
-2.5120E-08	-1.1071E-08	-3.8954E-06	1.4146E-05
7.7856E-09	-1.4605E-08	-4.0404E-06	1.3388E-05
4.2734E-09	1.7681E-08	-3.6574E-06	1.3053E-05
-1.7846E-09	-2.2528E-08	-4.6554E-06	1.4626E-05
1.9092E-08	-2.1885E-08	-4.3323E-06	1.4490E-05
7.4384E-09	5.6971E-09	-4.6916E-06	1.4022E-05
-1.6280E-09	-1.8408E-08	-3.2500E-06	1.4706E-05
9.6567E-10	-2.4045E-08	-3.4973E-06	1.5681E-05
3.8592E-10	1.8151E-09	-5.1795E-06	1.3810E-05
7.9587E-09	-5.6479E-09	-5.2495E-06	1.2576E-05
1.3732E-08	8.8740E-10	-3.7001E-06	1.4636E-05
-1.6846E-08	-3.9869E-09	-4.6700E-06	1.5265E-05
2.5817E-08	3.6158E-08	-6.2401E-06	1.4975E-05
-3.5634E-08	7.4773E-10	-5.2270E-06	1.4849E-05
-1.6222E-08	-3.6180E-08	-6.1296E-06	1.6815E-05
-4.6542E-09	3.0240E-09	-5.8301E-06	1.5399E-05
-2.2515E-08	1.9633E-08	-5.2148E-06	1.7397E-05
2.1593E-08	-8.1741E-09	-5.5309E-06	1.7093E-05
-1.7282E-08	3.1974E-08	-6.7750E-06	1.7074E-05
-1.9908E-08	-5.7755E-08	-4.6464E-06	1.8476E-05
2.0965E-08	-2.1126E-08	-7.0839E-06	1.7383E-05
5.4180E-09	3.1290E-08	-6.7359E-06	1.7773E-05
-3.7535E-08	2.0410E-08	-5.9439E-06	1.8779E-05
-3.5255E-08	-2.3165E-09	-5.4608E-06	1.7419E-05
4.0662E-08	-4.5355E-09	-6.1904E-06	1.8738E-05
-5.5336E-09	-2.3959E-09	-6.0859E-06	1.9780E-05
-2.0735E-08	2.0759E-09	-6.7439E-06	1.7497E-05
2.7685E-08	-9.6940E-10	-5.8224E-06	2.0842E-05
-3.6385E-09	8.3006E-09	-7.3703E-06	2.0554E-05
4.4064E-09	8.1988E-09	-6.1837E-06	1.9269E-05
3.2580E-08	2.4720E-08	-6.1261E-06	1.9368E-05
2.9091E-08	-9.6306E-09	-4.9547E-06	2.2015E-05
1.5120E-08	1.7499E-08	-5.8390E-06	2.1616E-05
2.2271E-08	-1.5886E-08	-5.4179E-06	2.2889E-05
3.3624E-08	2.8287E-08	-4.8432E-06	2.5121E-05
-1.0986E-08	2.2301E-08	-4.8873E-06	2.3594E-05
1.9872E-08	-2.9277E-09	-4.7395E-06	2.2593E-05
3.9826E-08	1.1799E-08	-7.9594E-06	2.5177E-05
-1.6962E-08	6.0891E-09	-7.4125E-06	2.4343E-05
-3.0740E-09	2.5554E-08	-5.5157E-06	2.5909E-05
1.3771E-08	1.5168E-09	-7.1222E-06	2.5828E-05
-5.8048E-09	5.3776E-09	-5.9981E-06	2.6193E-05
-1.1959E-08	-8.9512E-09	-5.5672E-06	2.6538E-05
-2.5326E-08	-4.3091E-09	-7.6043E-06	2.7684E-05
-2.7693E-08	-1.9980E-09	-6.2745E-06	2.8660E-05
-2.4417E-09	1.6540E-09	-6.6301E-06	2.9021E-05
1.9764E-09	5.2867E-08	-5.2375E-06	3.0827E-05
-6.0159E-09	3.8863E-08	-3.4555E-06	3.2556E-05
1.2363E-08	7.6090E-09	-4.3948E-06	3.1473E-05
2.3171E-08	-1.6647E-08	-2.5351E-06	3.2239E-05
2.2906E-08	2.6212E-08	-1.0343E-06	3.1926E-05
-9.2986E-09	2.2523E-08	-4.5123E-06	3.2236E-05
-1.5860E-08	-2.7756E-09	-4.7797E-06	3.2625E-05
2.2556E-08	6.9297E-09	-2.1334E-06	3.1510E-05
-1.1579E-08	-1.6927E-08	-1.0723E-06	3.3540E-05
1.8618E-08	2.4983E-08	-1.2234E-07	3.5347E-05
-1.8443E-08	2.7251E-10	-1.3904E-06	3.5458E-05
-1.8898E-08	-9.7891E-09	3.7652E-07	3.5785E-05
2.4723E-09	4.6938E-09	-2.6843E-06	3.4653E-05
1.4823E-08	-3.9961E-08	-1.9489E-07	3.6823E-05
-4.9359E-09	3.3315E-08	4.0682E-07	3.8147E-05
-4.5885E-09	1.2441E-08	7.9986E-07	3.8599E-05
1.6120E-08	7.1014E-09	5.5645E-07	4.2294E-05
-2.3870E-08	-1.3268E-08	4.0493E-07	4.3461E-05
-3.8846E-09	-2.3286E-08	1.3734E-06	4.4888E-05
2.3116E-08	-2.0879E-08	3.4679E-06	4.6612E-05
1.8382E-08	-5.6033E-09	6.0273E-06	4.8078E-05
-2.9231E-08	6.4354E-09	8.9001E-06	5.1620E-05
-1.4928E-08	2.4001E-08	1.2713E-05	5.1420E-05
3.1040E-09	3.3203E-08	1.7576E-05	5.2790E-05
8.0328E-09	1.1124E-08	2.0412E-05	5.1332E-05
2.1175E-08	2.1198E-08	2.7367E-05	5.0857E-05
2.4151E-09	1.0532E-08	3.0172E-05	4.7620E-05
-8.4829E-10	4.8476E-09	3.4395E-05	4.3562E-05
8.1022E-09	-5.4554E-09	3.7344E-05	3.8296E-05
-2.8199E-10	1.0642E-08	3.8500E-05	3.3341E-05
4.3962E-08	-8.8980E-09	3.6545E-05	2.8002E-05
5.7165E-09	1.7565E-08	3.5026E-05	2.4578E-05
-1.4784E-08	3.4107E-08	3.2718E-05	2.1724E-05
-2.1973E-08	1.3857E-08	2.8849E-05	1.7384E-05
-4.2505E-08	8.6360E-09	2.5754E-05	1.9062E-05
1.3899E-08	2.5063E-08	2.1021E-05	1.7216E-05
-1.8283E-08	2.2718E-09	1.9711E-05	1.8272E-05
3.1466E-08	-2.5515E-08	1.5684E-05	1.9308E-05
-1.9621E-08	2.2769E-08	1.5656E-05	2.2812E-05
5.2111E-09	-2.2142E-09	1.4179E-05	2.4112E-05
4.7202E-08	-8.5645E-10	1.2540E-05	2.4687E-05
-4.4140E-09	2.4153E-08	1.3710E-05	2.7083E-05
9.0575E-09	1.8694E-08	1.4960E-05	2.7134E-05
1.5678E-08	-7.9922E-11	1.4892E-05	2.9023E-05
8.8965E-09	-1.6281E-08	1.7279E-05	3.0419E-05
-8.8553E-09	1.9174E-08	1.8517E-05	3.3168E-05
-1.7787E-10	6.5391E-08	1.9035E-05	3.1622E-05
1.0070E-08	1.9061E-08	1.9612E-05	3.1710E-05
-1.3025E-08	3.9880E-08	2.0035E-05	3.1237E-05
-7.5762E-09	1.4259E-08	2.1082E-05	3.2390E-05
3.0395E-08	5.1406E-09	2.1060E-05	3.0559E-05
9.9729E-09	-7.1114E-09	2.1376E-05	3.2173E-05
-3.1023E-08	7.2321E-09	2.1408E-05	3.2441E-05
-5.8281E-09	-6.9791E-09	2.3897E-05	3.4196E-05
-1.2133E-09	1.7204E-08	2.4259E-05	3.4386E-05
5.5630E-09	-1.0565E-08	2.6326E-05	3.3502E-05
2.9601E-08	2.6068E-08	2.8900E-05	3.4875E-05
2.9651E-08	-2.8137E-09	3.0646E-05	3.2375E-05
4.3708E-09	2.2685E-08	3.2693E-05	3.2001E-05
1.2675E-08	-1.9762E-08	3.3350E-05	2.9672E-05
1.9167E-08	1.3632E-08	3.4795E-05	2.8932E-05
7.4092E-09	3.5845E-08	3.4542E-05	2.9360E-05
-2.3627E-08	2.7462E-08	3.3836E-05	2.6390E-05
6.1769E-10	-1.7770E-09	3.2443E-05	2.4291E-05
-1.1433E-08	-1.7102E-08	3.1345E-05	2.3229E-05
3.7937E-09	-3.5196E-09	3.1452E-05	2.3829E-05
-9.5361E-10	8.0615E-09	3.2311E-05	2.3343E-05
2.0785E-09	-3.4023E-09	3.1755E-05	2.3001E-05
3.2881E-09	-1.2588E-08	3.2421E-05	2.5041E-05
6.7118E-09	-1.1407E-08	3.1923E-05	2.5895E-05
6.2668E-09	-7.2670E-10	3.3623E-05	2.3968E-05
-4.3186E-09	6.6148E-09	3.4510E-05	2.4931E-05
1.2685E-08	1.2587E-08	3.4695E-05	2.3060E-05
1.6248E-08	6.5985E-09	3.5885E-05	2.3275E-05
-1.0052E-08	1.7554E-08	3.7960E-05	2.3361E-05
1.0353E-08	-8.2539E-09	3.7008E-05	1.9968E-05
1.1113E-08	8.4784E-09	3.6713E-05	1.9821E-05
-8.4963E-09	-2.6979E-08	3.5157E-05	1.9706E-05
-2.2813E-08	9.3117E-09	3.4278E-05	1.8228E-05
1.5145E-09	8.2162E-10	3.3553E-05	1.8012E-05
5.8378E-09	-1.7194E-08	3.6027E-05	1.7832E-05
-3.4736E-09	-1.9656E-08	3.1788E-05	1.8045E-05
1.5280E-08	-2.9347E-08	3.2381E-05	1.8351E-05
1.7224E-08	1.0299E-08	3.2161E-05	1.9718E-05
1.6144E-08	3.1708E-08	3.3499E-05	2.0071E-05
8.8139E-09	-2.2830E-09	3.3480E-05	1.9417E-05
3.7348E-09	5.0521E-08	3.0893E-05	2.0083E-05
-1.5308E-08	1.6348E-08	3.3849E-05	2.1878E-05
3.5242E-08	3.2679E-09	3.4502E-05	2.4093E-05
-2.0060E-08	-4.2629E-09	3.3237E-05	2.5750E-05
2.8680E-09	9.9019E-09	3.6728E-05	2.6445E-05
8.1421E-11	1.1341E-08	3.9308E-05	2.7427E-05
5.5119E-09	5.6100E-09	3.9434E-05	2.7352E-05
1.1973E-08	-9.0247E-10	4.3730E-05	2.8837E-05
-2.7441E-09	3.6118E-09	4.5831E-05	2.7479E-05
1.0519E-09	1.5016E-08	5.1587E-05	2.6657E-05
-1.8515E-08	-1.1678E-08	5.4423E-05	2.5250E-05
2.3695E-08	-2.8832E-08	5.7369E-05	2.0853E-05
-2.1308E-08	5.6367E-10	6.1735E-05	1.7531E-05
1.9712E-08	3.9136E-08	5.9927E-05	1.3698E-05
-2.4869E-08	-6.5706E-09	6.0786E-05	7.8293E-06
7.8512E-09	-2.3816E-08	5.9300E-05	4.4472E-06
1.2318E-09	-4.8016E-09	5.4010E-05	1.4614E-06
6.3063E-09	1.6255E-08	5.3464E-05	-8.3326E-07
1.0048E-09	-5.7889E-09	5.0924E-05	-3.1459E-06
1.2500E-08	-5.8520E-09	4.9017E-05	-2.6889E-06
3.4464E-08	6.6630E-10	4.7206E-05	-2.1736E-06
4.6325E-09	-2.8188E-09	4.5713E-05	-2.3562E-06
-1.7220E-08	-8.1730E-10	4.6217E-05	-2.0480E-06
1.7215E-08	3.9238E-09	4.8341E-05	-2.5037E-06
-9.8230E-09	-8.0603E-09	4.8939E-05	-3.1145E-06
7.1027E-09	1.0781E-08	5.0144E-05	-5.2612E-06
1.9790E-08	1.3106E-08	4.9973E-05	-7.1783E-06
1.5702E-08	4.3117E-08	5.1483E-05	-8.2753E-06
1.2587E-09	-2.3168E-09	4.9568E-05	-1.0879E-05
-1.8157E-08	-2.0080E-08	4.8879E-05	-1.4196E-05
-9.7585E-09	1.1263E-09	4.8004E-05	-1.5795E-05
-2.1155E-08	2.2678E-08	4.6586E-05	-1.6590E-05
-8.0656E-09	-7.0896E-09	4.3146E-05	-1.9812E-05
-5.0559E-10	-9.7775E-09	4.0696E-05	-1.9138E-05
-1.4213E-08	-1.7357E-08	3.9535E-05	-2.0831E-05
-1.8386E-08	1.2882E-08	3.6272E-05	-2.1358E-05
1.8183E-08	1.3151E-09	3.3406E-05	-2.3499E-05
-1.3900E-08	2.4486E-08	3.1086E-05	-2.1961E-05
5.1458E-09	1.4631E-08	2.8673E-05	-2.1362E-05
-3.9622E-09	-3.8430E-09	2.6152E-05	-2.0323E-05
-2.7498E-08	4.7625E-08	2.3845E-05	-1.8756E-05
-4.5624E-09	3.7743E-08	2.2478E-05	-1.7452E-05
2.3677E-08	-1.7690E-08	2.3734E-05	-1.6689E-05
-2.0904E-08	9.9928E-09	2.2929E-05	-1.4948E-05
-2.1729E-08	2.2478E-08	2.2113E-05	-1.4950E-05
1.7910E-08	-3.6165E-08	2.0050E-05	-1.3166E-05
3.4621E-09	9.5597E-09	2.0775E-05	-1.1983E-05
-7.8324E-09	-1.4400E-08	2.0931E-05	-1.1831E-05
9.4607E-09	-2.1929E-08	2.3388E-05	-1.1119E-05
5.4909E-09	2.2982E-08	2.2520E-05	-1.0619E-05
-2.4548E-09	3.4846E-08	2.3265E-05	-1.0632E-05
-3.1780E-08	-1.0117E-08	2.1647E-05	-9.3746E-06
6.6491E-09	2.6592E-08	2.1422E-05	-1.0486E-05
-2.1557E-08	-3.0815E-08	2.1292E-05	-1.2121E-05
2.8117E-10	1.9579E-08	1.9961E-05	-1.1143E-05
-4.3597E-08	-2.0678E-08	2.0066E-05	-1.0894E-05
-1.5741E-08	2.3227E-08	1.9812E-05	-9.7128E-06
-1.4137E-08	-2.1602E-08	1.8534E-05	-1.0007E-05
3.9317E-09	-4.8762E-09	1.9459E-05	-9.1301E-06
-1.3761E-09	5.4053E-09	1.7149E-05	-9.0289E-06
4.8550E-09	1.1681E-08	1.7285E-05	-8.8735E-06
-1.3570E-08	7.7136E-09	1.6877E-05	-7.6036E-06
1.2169E-08	-2.8961E-08	1.6244E-05	-9.7353E-06
1.1381E-08	-3.9013E-10	1.7388E-05	-4.2684E-06
-1.2961E-08	6.4294E-09	1.7171E-05	-4.5383E-06
-1.5390E-08	-2.0531E-08	1.7169E-05	-2.0216E-06
-3.4967E-09	-1.5146E-08	1.8285E-05	-1.7030E-07
-1.7695E-09	6.3255E-09	1.8570E-05	-1.1040E-06
-1.3692E-08	2.4420E-08	2.1001E-05	-2.0903E-06
-2.9940E-08	-2.2927E-08	2.2178E-05	-1.2673E-06
-1.3626E-08	-1.1115E-08	2.1753E-05	-1.1265E-06
-4.7381E-09	-1.4000E-08	2.3675E-05	-4.7487E-07
-6.0857E-09	-2.9694E-09	2.5862E-05	-6.6790E-07
-1.9021E-08	-3.1777E-08	2.7226E-05	-2.7234E-06
9.2768E-09	5.0024E-08	2.5467E-05	-3.6532E-06
-1.7372E-08	-9.4609E-09	2.7430E-05	-5.5645E-06
-2.2017E-09	3.1714E-08	2.7722E-05	-6.6881E-06
2.4859E-10	-1.6927E-08	2.6508E-05	-9.3631E-06
-3.5642E-08	-1.6115E-09	2.5179E-05	-1.2566E-05
1.3336E-08	2.3615E-10	2.3611E-05	-9.7786E-06
7.6063E-09	1.0245E-08	2.1899E-05	-6.9411E-06
1.6907E-08	2.7748E-08	1.8795E-05	-1.0322E-05
-1.3352E-08	1.5981E-08	2.0893E-05	-9.6998E-06
5.3405E-09	4.9825E-09	1.8573E-05	-7.3704E-06
-2.1811E-08	-3.6248E-08	1.9032E-05	-6.3791E-06
-3.3389E-08	4.2196E-08	2.0755E-05	-6.9139E-06
4.1517E-08	6.1897E-08	2.0501E-05	-6.3363E-06
2.5289E-09	-2.5191E-08	2.0832E-05	-5.6943E-06
-1.9881E-08	-6.0542E-08	2.1099E-05	-7.7223E-06
-2.3455E-08	2.5410E-08	2.0876E-05	-1.1029E-05
-4.1201E-09	2.9307E-09	1.9632E-05	-9.5105E-06
3.8242E-08	-2.2892E-08	1.8306E-05	-9.8887E-06
1.6292E-08	-1.7553E-08	1.5587E-05	-1.0971E-05
-3.7275E-08	3.4284E-09	1.5030E-05	-9.0297E-06
-9.4631E-09	4.8764E-08	1.3698E-05	-8.7003E-06
1.8530E-08	-1.9793E-08	1.3656E-05	-7.4677E-06
1.3315E-08	-2.1220E-09	1.2656E-05	-8.1413E-06
1.8334E-09	9.7365E-09	1.3034E-05	-6.5708E-06
3.1243E-08	3.4698E-08	1.2115E-05	-3.5833E-06
2.1702E-08	-3.3254E-08	1.2983E-05	-3.1513E-06
-2.3301E-08	-9.7773E-09	1.2244E-05	-2.3379E-06
1.2862E-08	1.0433E-08	1.3614E-05	-8.8630E-07
-4.6835E-09	1.9941E-08	1.4626E-05	-1.1150E-07
8.3800E-10	-1.0211E-08	1.4612E-05	1.6307E-06
-5.0840E-09	1.4260E-08	1.3938E-05	2.2692E-06
-1.4010E-08	9.8191E-09	1.4379E-05	2.5179E-06
-1.1372E-08	1.7456E-08	1.6032E-05	3.2189E-06
-2.5721E-08	-2.5127E-09	1.6948E-05	4.2040E-06
3.3591E-08	9.5280E-09	1.6850E-05	4.9871E-06
-3.3284E-10	-9.9261E-09	1.9819E-05	6.9973E-06
-1.3476E-08	2.7083E-08	2.1933E-05	4.1301E-06
1.3729E-08	-5.9509E-09	2.1500E-05	4.7710E-06
8.4876E-09	-4.0151E-08	2.0069E-05	5.2701E-06
-2.7732E-08	2.3230E-08	2.2939E-05	4.9584E-06
-5.8391E-09	4.3479E-09	2.2886E-05	3.3708E-06
1.6451E-08	-1.0570E-08	2.4155E-05	4.1995E-06
-1.2683E-08	-3.0423E-10	2.2743E-05	3.7305E-06
-1.8938E-08	-1.4740E-08	2.4869E-05	4.8572E-06
1.9424E-08	-4.6583E-08	2.5939E-05	4.7233E-06
-3.4587E-08	8.1679E-10	2.7079E-05	3.7447E-06
-1.7066E-08	1.7886E-08	2.6984E-05	4.0432E-06
-2.6667E-08	8.6050E-09	2.8636E-05	4.4435E-06
2.5938E-08	-2.4302E-08	2.9055E-05	1.1357E-06
2.8651E-08	-2.3373E-08	2.9746E-05	1.4889E-06
8.7252E-09	6.4450E-09	3.1476E-05	1.6509E-06
3.0301E-08	-5.5281E-09	3.1851E-05	1.7020E-07
-1.7685E-08	2.0997E-08	3.2549E-05	4.6072E-07
-1.7605E-09	-2.8766E-08	3.4364E-05	-3.0110E-07
2.3260E-08	2.8903E-08	3.4818E-05	-1.5525E-06
2.6884E-08	1.0715E-08	3.6596E-05	-3.7107E-06
7.1676E-09	4.5575E-09	3.7103E-05	-3.6843E-06
1.0697E-08	2.5869E-08	3.8654E-05	-5.3712E-06
-1.1278E-08	-1.9811E-08	4.1469E-05	-8.9073E-06
-1.3317E-08	-4.0816E-09	4.3197E-05	-1.3965E-05
1.5888E-08	-1.8762E-08	4.0564E-05	-2.0619E-05
-1.2009E-08	1.7415E-08	3.5532E-05	-2.0951E-05
-1.3274E-08	1.6555E-08	3.0492E-05	-2.2568E-05
5.4463E-09	1.2336E-08	2.6639E-05	-2.2678E-05
-4.1926E-09	1.6339E-08	2.5779E-05	-2.1793E-05
-1.9594E-08	3.5484E-08	2.4626E-05	-2.0984E-05
-4.0448E-09	-1.8118E-08	2.3513E-05	-1.9250E-05
-1.5140E-08	1.3952E-08	2.1286E-05	-1.9738E-05
-2.2587E-08	-2.0232E-08	2.0829E-05	-1.9932E-05
-1.7195E-08	6.7003E-09	1.9512E-05	-1.7369E-05
3.8098E-08	-5.2637E-09	1.8580E-05	-1.8769E-05
-9.5962E-10	3.0113E-09	1.8038E-05	-1.9002E-05
-9.0528E-09	-1.1714E-08	1.8054E-05	-1.4481E-05
-1.4372E-08	2.4492E-08	1.6356E-05	-1.4364E-05
-1.6704E-09	-2.8462E-08	1.5282E-05	-1.4263E-05
-2.8022E-08	4.1389E-09	1.7168E-05	-1.3243E-05
1.7477E-08	1.9115E-08	1.6897E-05	-1.1255E-05
1.6683E-08	-1.4258E-08	1.6720E-05	-1.1305E-05
4.7030E-08	1.1449E-08	1.8655E-05	-1.0773E-05
5.1758E-09	2.9955E-08	1.9038E-05	-9.2361E-06
2.2864E-08	1.1677E-09	2.0406E-05	-9.8877E-06
-3.5998E-08	3.4603E-08	2.1793E-05	-9.9795E-06
1.7874E-08	-2.9041E-08	2.0741E-05	-1.1140E-05
2.7514E-08	-3.9584E-09	2.0730E-05	-1.0352E-05
-6.7350E-10	4.3425E-10	2.3054E-05	-1.0491E-05
-3.5255E-08	-9.2371E-09	2.4150E-05	-1.0488E-05
-6.3681E-09	-3.8596E-09	2.2193E-05	-1.2635E-05
-4.2545E-08	1.3281E-09	2.4708E-05	-1.1843E-05
1.5064E-08	7.4644E-10	2.5315E-05	-1.3565E-05
-4.0232E-08	-4.3328E-08	2.2484E-05	-1.4179E-05
1.5794E-08	4.6842E-09	2.3188E-05	-1.4547E-05
-6.9164E-09	-5.2961E-09	2.5013E-05	-1.7089E-05
-1.5768E-08	-1.2683E-09	2.3624E-05	-1.8624E-05
2.0923E-08	-8.1980E-09	2.4301E-05	-1.9546E-05
2.3543E-08	-7.1876E-09	2.2181E-05	-1.6818E-05
-1.1215E-08	3.3164E-09	2.4139E-05	-2.1563E-05
-8.9224E-09	9.5484E-09	2.3304E-05	-2.2702E-05
2.3068E-09	2.7389E-08	1.9934E-05	-2.4499E-05
-1.6804E-08	2.5254E-08	1.6781E-05	-2.5804E-05
2.0639E-08	8.7811E-09	1.2751E-05	-2.4853E-05
-3.5909E-09	5.4508E-09	1.5330E-05	-2.3731E-05
-3.6306E-08	-4.6158E-08	1.6541E-05	-2.6709E-05
-3.8559E-08	-3.1841E-09	1.3948E-05	-3.7259E-05
3.0087E-08	4.4369E-09	-5.1879E-06	-4.2527E-05
-4.1512E-08	-1.0111E-08	-2.9362E-05	-2.6949E-05
2.0977E-08	4.3825E-09	-2.2325E-05	6.7450E-06
1.1455E-08	-3.1590E-09	6.8640E-06	1.5486E-05
2.2973E-08	-2.1011E-09	2.1106E-05	-3.6444E-07
5.3141E-09	2.6038E-08	1.3970E-05	-1.7003E-05
-9.8349E-09	-4.9174E-09	-6.8932E-07	-1.2827E-05
1.3222E-08	-2.5350E-08	-1.9757E-07	4.6249E-06
1.1474E-08	8.9208E-10	1.2211E-05	9.5720E-06
1.3195E-08	-3.2374E-08	2.1583E-05	4.6144E-06
2.8753E-08	-1.5680E-08	2.4864E-05	-5.2039E-06
2.5799E-09	-1.3477E-08	2.0855E-05	-1.0486E-05
1.5629E-09	1.0208E-08	1.8790E-05	-1.1621E-05
6.6978E-08	-9.0300E-09	1.7561E-05	-1.2971E-05
-2.3838E-08	3.6234E-09	1.6832E-05	-1.1993E-05
-3.3981E-08	7.2288E-09	1.5332E-05	-1.1878E-05
2.0723E-08	-2.2910E-08	1.4037E-05	-1.0842E-05
3.1569E-09	3.0439E-08	1.3498E-05	-1.0727E-05
-1.7040E-08	1.8719E-08	1.4634E-05	-1.1396E-05
3.4024E-09	-1.1548E-08	1.3644E-05	-1.0774E-05
2.4793E-08	-2.2346E-08	1.2490E-05	-1.1028E-05
-7.0473E-09	-5.8194E-09	1.5267E-05	-1.0029E-05
-2.8147E-08	1.2115E-08	1.3250E-05	-1.0794E-05
1.4104E-08	9.6808E-09	1.2976E-05	-1.1072E-05
-8.5243E-09	1.0291E-08	1.3699E-05	-1.1534E-05
2.2713E-08	-8.5787E-09	1.1840E-05	-1.1296E-05
-5.0747E-09	1.1923E-08	1.3601E-05	-1.0614E-05
1.0583E-08	-6.5595E-09	1.1849E-05	-1.0821E-05
1.8420E-08	2.9130E-08	1.3316E-05	-1.2486E-05
1.6744E-09	1.8498E-08	1.1820E-05	-1.0281E-05
2.6814E-08	-1.7751E-08	1.1225E-05	-1.0245E-05
1.5300E-09	1.2692E-08	1.0684E-05	-1.0765E-05
-2.8721E-08	1.7173E-08	1.2072E-05	-1.0950E-05
-6.3994E-09	2.6482E-08	1.1178E-05	-9.0344E-06
8.0612E-09	-9.5732E-09	9.7681E-06	-1.0431E-05
-2.4595E-08	-1.5615E-08	1.1998E-05	-8.9145E-06
3.9279E-09	1.9148E-08	1.0937E-05	-1.1269E-05
8.2603E-10	1.2377E-08	1.1330E-05	-9.5299E-06
1.4152E-08	2.7014E-09	1.1918E-05	-1.1493E-05
-2.7680E-08	-9.0547E-09	1.1811E-05	-1.1189E-05
1.3601E-08	1.1403E-08	1.0820E-05	-9.3708E-06
1.5124E-08	1.5716E-08	1.0894E-05	-1.1734E-05
-1.1139E-08	-1.1133E-08	1.1546E-05	-1.1495E-05
-3.2450E-08	1.9350E-08	8.5874E-06	-9.5758E-06
2.3078E-08	-2.9097E-08	1.0394E-05	-1.1103E-05
-1.2962E-08	-1.5043E-08	8.5021E-06	-8.9961E-06
9.4555E-10	-9.2701E-09	9.9608E-06	-9.6340E-06
-3.1764E-08	-3.2961E-08	1.0558E-05	-8.9239E-06
-2.1602E-08	-1.3853E-08	8.8741E-06	-9.9696E-06
5.5899E-09	2.2121E-08	1.0217E-05	-1.0228E-05
-1.2436E-08	-1.5036E-09	9.0180E-06	-9.8965E-06
3.2181E-09	-1.4046E-08	9.3088E-06	-1.0412E-05
1.9354E-08	-7.3261E-09	9.7486E-06	-9.4353E-06
-1.4909E-08	2.1329E-08	1.0904E-05	-9.0642E-06
-1.7458E-08	2.8336E-08	1.1035E-05	-1.0712E-05
4.7642E-09	-3.8084E-08	9.8370E-06	-9.2011E-06
-1.2087E-08	-5.2991E-09	9.1806E-06	-8.2893E-06
-1.0557E-08	1.3471E-08	1.0470E-05	-9.0334E-06
-8.1834E-09	2.0583E-09	8.5253E-06	-8.0751E-06
4.6325E-09	5.0756E-09	7.7601E-06	-7.7920E-06
-1.3502E-08	2.4959E-08	7.6234E-06	-9.5914E-06
4.0769E-08	-1.1744E-08	9.2250E-06	-8.6563E-06
-7.5769E-09	1.3437E-08	7.3774E-06	-8.0900E-06
-1.4769E-08	-1.2501E-08	9.9329E-06	-9.2545E-06
-8.9716E-09	1.0273E-08	8.6838E-06	-7.8431E-06
3.4945E-09	2.4763E-09	8.7816E-06	-8.1767E-06
-2.3772E-08	-3.2681E-08	8.5303E-06	-9.2094E-06
2.6749E-09	1.0171E-09	9.2589E-06	-7.9119E-06
-4.2493E-08	-1.6357E-09	1.0659E-05	-1.0073E-05
1.3889E-08	5.3237E-09	9.3607E-06	-8.1524E-06
3.1026E-08	3.1062E-08	9.6554E-06	-7.9287E-06
7.1459E-09	7.1774E-09	1.0642E-05	-9.1122E-06
-3.4871E-08	-1.2481E-08	8.2577E-06	-9.3259E-06
-1.4540E-08	1.6136E-08	6.9854E-06	-9.4128E-06
1.1756E-08	-1.4458E-08	8.4950E-06	-1.0421E-05
1.6591E-08	1.1447E-09	7.7490E-06	-7.3319E-06
-2.3860E-08	1.8356E-08	8.3299E-06	-7.6698E-06
1.6712E-08	1.1739E-08	7.2324E-06	-8.5610E-06
6.6867E-09	-1.0399E-08	8.4265E-06	-8.8205E-06
-2.3627E-08	1.9748E-09	7.4779E-06	-7.8151E-06
2.7875E-08	1.4848E-08	8.3468E-06	-8.0981E-06
-2.1541E-08	-9.7913E-10	8.0934E-06	-8.5175E-06
3.1257E-09	-2.3022E-08	7.6602E-06	-7.1456E-06
1.3495E-08	8.2737E-10	6.7823E-06	-8.5932E-06
-1.8267E-08	-5.9893E-09	7.0081E-06	-5.5451E-06
-2.4382E-08	-3.2853E-08	6.3544E-06	-8.1076E-06
-1.6040E-08	2.8136E-08	7.9536E-06	-7.3426E-06
2.5129E-09	4.2920E-08	8.1778E-06	-6.8249E-06
-1.9035E-08	1.8396E-10	8.0720E-06	-6.8612E-06
-7.4355E-09	-2.6309E-08	7.8551E-06	-5.6514E-06
1.7294E-08	3.5126E-09	7.2481E-06	-7.2855E-06
-1.2549E-09	-4.8281E-09	7.5584E-06	-7.1240E-06
4.1533E-09	2.0513E-08	7.1709E-06	-7.1403E-06
3.2983E-09	-3.7541E-09	9.2050E-06	-6.9419E-06
-7.0916E-09	4.9475E-08	7.3255E-06	-6.5360E-06
1.5890E-08	1.1110E-08	6.9698E-06	-7.0678E-06
1.8671E-09	2.5197E-08	7.5776E-06	-5.9799E-06
-1.0862E-08	1.8080E-08	8.6489E-06	-6.7088E-06
1.0999E-08	1.1608E-08	7.6479E-06	-5.9637E-06
2.9028E-08	-8.1853E-09	6.9114E-06	-4.9019E-06
3.8359E-08	-1.0902E-08	5.7959E-06	-8.0262E-06
2.7440E-08	7.0360E-09	7.8906E-06	-6.0117E-06
-4.5170E-08	2.6762E-08	6.6606E-06	-6.4706E-06
-1.8215E-08	-1.1738E-08	5.7041E-06	-5.2563E-06
-3.1285E-09	2.5949E-08	6.7045E-06	-6.6518E-06
-1.9305E-09	9.1100E-09	6.7085E-06	-6.6390E-06
4.7241E-09	1.6095E-08	4.9981E-06	-5.8081E-06
3.9392E-08	6.2275E-09	7.0565E-06	-4.9792E-06
1.0092E-09	1.7297E-08	4.9819E-06	-5.0657E-06
-1.0708E-08	-2.4466E-08	6.7123E-06	-4.6200E-06
9.6046E-09	1.1788E-08	6.4249E-06	-5.4912E-06
-5.4787E-09	1.3581E-08	7.4952E-06	-4.5999E-06
-6.7368E-09	1.6414E-08	6.1040E-06	-3.5771E-06
1.2553E-09	2.1902E-08	6.3504E-06	-3.5178E-06
-1.1543E-08	1.7680E-08	7.6321E-06	-3.8672E-06
-1.9733E-08	4.5672E-09	7.4503E-06	-3.5538E-06
1.6513E-08	9.0136E-09	5.9843E-06	-5.4469E-06
-1.8486E-09	2.9161E-08	7.2749E-06	-2.7528E-06
1.6244E-08	-3.4896E-09	7.2486E-06	-4.9337E-06
9.3352E-09	-3.4804E-09	6.7930E-06	-4.9458E-06
-1.5985E-08	4.5387E-10	7.0323E-06	-4.8439E-06
5.5743E-09	1.9107E-08	6.6740E-06	-3.9276E-06
-2.9311E-08	-1.3238E-08	7.1132E-06	-4.0573E-06
1.1634E-08	-1.0231E-08	6.7445E-06	-2.6293E-06
-4.4774E-09	9.0174E-09	6.6312E-06	-3.0907E-06
5.8923E-09	-3.3312E-09	7.5500E-06	-3.5275E-06
2.5727E-08	6.9081E-11	7.5082E-06	-5.3770E-06
-8.5849E-09	-2.2107E-09	6.7844E-06	-2.6539E-06
1.1057E-08	2.4220E-08	6.3296E-06	-2.6207E-06
-1.3594E-08	1.3738E-08	7.3975E-06	-2.9156E-06
-1.4171E-08	5.9822E-09	8.9131E-06	-2.3746E-06
3.5574E-08	2.9313E-09	8.6882E-06	-3.8378E-06
6.6978E-10	7.4049E-09	8.7235E-06	-4.5194E-06
1.9554E-08	-1.5932E-08	1.0342E-05	-3.8174E-06
-2.3046E-09	-3.9966E-09	8.9848E-06	-4.7951E-06
-3.1156E-09	6.9608E-09	1.0398E-05	-5.3237E-06
2.8173E-09	-2.5766E-08	1.0678E-05	-5.3410E-06
-1.8650E-08	-2.0724E-08	1.0498E-05	-4.2636E-06
-7.7536E-09	2.9646E-08	1.0618E-05	-6.4028E-06
-2.2161E-08	1.6923E-10	8.8568E-06	-4.7491E-06
2.7441E-08	-1.6602E-08	8.9393E-06	-6.8051E-06
-1.3055E-09	-3.7663E-08	8.4962E-06	-6.6232E-06
-1.1713E-08	2.4061E-09	8.5685E-06	-5.7018E-06
8.8480E-09	9.0054E-09	8.3640E-06	-6.2575E-06
-9.9367E-09	-4.8719E-09	8.9231E-06	-6.9454E-06
3.1131E-09	-1.6462E-08	8.4433E-06	-5.6108E-06
-1.5700E-08	-3.3708E-09	7.5590E-06	-6.2534E-06
5.0686E-08	2.2185E-09	7.8855E-06	-6.1742E-06
-3.3212E-09	-2.8751E-08	9.1213E-06	-6.4419E-06
2.1520E-08	-4.0333E-10	6.4155E-06	-7.0465E-06
3.5718E-08	7.4510E-09	8.0406E-06	-5.5227E-06
1.6575E-08	-8.2602E-10	9.5117E-06	-5.8661E-06
-1.6232E-08	-1.2487E-08	9.2451E-06	-4.7548E-06
3.3248E-08	-2.0228E-08	9.8993E-06	-6.5506E-06
-1.2084E-08	6.5355E-09	7.8574E-06	-6.4191E-06
4.8038E-08	1.8236E-08	7.4028E-06	-6.1455E-06
-6.6373E-09	4.3545E-08	8.2998E-06	-7.1459E-06
1.8359E-08	-1.3368E-08	6.0038E-06	-5.0151E-06
1.6986E-08	1.2366E-09	8.5135E-06	-6.9961E-06
-8.4938E-10	-5.0934E-09	8.5163E-06	-8.3678E-06
6.1184E-10	1.3746E-08	8.7766E-06	-5.1642E-06
-3.4521E-09	-3.7127E-09	8.0795E-06	-6.5328E-06
3.2646E-08	9.0396E-09	8.5257E-06	-3.7112E-06
-6.0959E-09	4.7219E-09	8.1400E-06	-6.6314E-06
1.8973E-08	-8.5551E-09	7.7146E-06	-7.2589E-06
2.3223E-08	2.3176E-08	8.0316E-06	-6.6727E-06
-2.0289E-08	-8.5825E-09	7.3050E-06	-6.5630E-06
1.8542E-08	-4.4671E-09	8.4476E-06	-6.3641E-06
-2.4681E-08	-2.4759E-08	8.5195E-06	-7.1437E-06
2.4981E-08	-3.5615E-09	7.9932E-06	-7.5620E-06
2.1027E-08	2.2215E-08	8.6737E-06	-7.3195E-06
5.7855E-11	-1.4966E-08	7.1025E-06	-7.4912E-06
-2.6799E-09	1.4640E-08	7.9913E-06	-6.5780E-06
-1.1157E-08	2.5901E-08	6.0433E-06	-7.7753E-06
-3.2809E-08	1.8549E-08	7.2368E-06	-7.2316E-06
5.4194E-08	6.9751E-10	7.4547E-06	-6.8878E-06
-6.5949E-09	2.7542E-08	7.5150E-06	-7.5465E-06
1.7970E-08	5.4435E-09	8.2677E-06	-7.0153E-06
-4.0177E-08	3.4237E-08	8.1980E-06	-5.4614E-06
-9.2185E-09	2.8476E-08	6.2924E-06	-6.5031E-06
3.7076E-09	-4.0772E-09	6.9277E-06	-6.1465E-06
9.8640E-09	-2.4338E-08	7.0942E-06	-7.6096E-06
3.2421E-09	-8.6051E-09	6.4872E-06	-8.1717E-06
1.0470E-08	3.4537E-08	5.8281E-06	-7.3843E-06
-1.4364E-08	8.1492E-10	7.6590E-06	-7.3100E-06
1.3376E-08	3.8549E-09	5.8568E-06	-7.6389E-06
-1.3670E-08	-2.5513E-08	6.4249E-06	-7.6420E-06
1.3282E-08	-3.2276E-08	5.7359E-06	-6.4907E-06
-2.3992E-08	-1.8694E-08	7.6540E-06	-6.8180E-06
-1.0693E-08	1.2833E-08	7.2019E-06	-6.1885E-06
-6.3464E-09	3.8404E-09	7.1222E-06	-6.6042E-06
1.2846E-08	-2.8705E-08	5.5324E-06	-7.8849E-06
-1.6348E-08	1.5061E-08	6.3138E-06	-6.2287E-06
1.7079E-08	-2.1917E-08	6.0904E-06	-6.7605E-06
2.6919E-08	7.2413E-09	6.6432E-06	-5.4934E-06
5.1027E-10	1.4009E-08	5.9850E-06	-6.4057E-06
4.6695E-08	-1.4901E-08	5.8159E-06	-5.0811E-06
2.6245E-09	1.4762E-08	7.0427E-06	-4.3169E-06
1.3972E-08	-1.8048E-08	5.4141E-06	-6.2878E-06
3.4416E-08	-1.2307E-08	6.1593E-06	-6.4210E-06
-1.2614E-08	-1.6420E-08	5.4606E-06	-6.4737E-06
1.6380E-08	-4.8349E-09	7.7157E-06	-6.3057E-06
-9.4034E-09	1.9751E-08	8.0575E-06	-5.2655E-06
1.0668E-08	-2.5194E-09	5.4189E-06	-5.6053E-06
-4.7568E-09	2.9465E-08	5.4079E-06	-5.8747E-06
8.3396E-09	-1.7255E-08	6.7116E-06	-6.8311E-06
1.3159E-08	-2.4057E-08	7.4114E-06	-5.9523E-06
3.3374E-08	-6.3360E-09	8.3263E-06	-6.8967E-06
2.4636E-08	1.1204E-08	7.4738E-06	-5.4708E-06
-5.4257E-09	7.1826E-09	7.4432E-06	-5.4249E-06
-5.1162E-08	-3.6988E-09	6.9233E-06	-6.0013E-06
-4.9641E-08	-1.3437E-08	6.8063E-06	-7.0781E-06
-1.9069E-08	-3.6203E-09	7.5850E-06	-7.0282E-06
-2.6240E-08	4.3144E-08	6.8260E-06	-8.9551E-06
-4.2764E-09	1.9525E-08	7.4481E-06	-7.1558E-06
2.6984E-08	-1.9642E-08	5.8488E-06	-5.5589E-06
4.3903E-09	-2.9454E-08	4.9907E-06	-6.5829E-06
1.6635E-08	4.8395E-10	5.9253E-06	-7.9164E-06
-1.0882E-08	-1.3129E-08	7.7107E-06	-7.7367E-06
-2.0634E-09	2.4231E-08	6.5454E-06	-7.8522E-06
-1.1064E-08	3.5546E-09	8.0067E-06	-5.5662E-06
-1.1184E-08	-2.1550E-08	6.8683E-06	-7.1988E-06
4.2254E-08	-7.1483E-09	5.6189E-06	-6.8466E-06
-3.2849E-08	-4.3989E-09	6.5800E-06	-5.5745E-06
-1.6632E-08	-1.9687E-08	7.1480E-06	-7.2827E-06
-5.0638E-09	1.2582E-08	6.5124E-06	-7.7867E-06
-5.1643E-08	2.8146E-08	6.9359E-06	-7.9415E-06
1.1306E-08	1.7743E-08	6.7983E-06	-6.8549E-06
2.6890E-08	1.9301E-08	6.8081E-06	-7.3971E-06
-1.5756E-08	-2.1615E-08	4.5972E-06	-8.9505E-06
1.2518E-08	1.3421E-08	5.3855E-06	-7.5610E-06
1.5862E-09	-1.6478E-08	4.3483E-06	-8.8008E-06
1.1047E-08	2.3772E-08	5.7780E-06	-8.3995E-06
-3.0351E-08	-1.0196E-08	4.1514E-06	-7.8093E-06
-1.4368E-08	-2.4239E-08	5.1155E-06	-8.0243E-06
-2.0777E-08	-1.2316E-08	4.6766E-06	-8.2172E-06
-5.6817E-09	-1.0155E-08	5.8341E-06	-7.7735E-06
-8.8175E-09	-4.2935E-08	4.1527E-06	-8.1788E-06
-1.1577E-08	1.0966E-08	5.6655E-06	-7.7703E-06
-2.1292E-08	7.3347E-09	5.7280E-06	-8.3803E-06
-3.9660E-09	-7.5332E-09	5.4779E-06	-6.6907E-06
-2.6923E-09	-8.4515E-09	6.4829E-06	-7.9818E-06
1.2679E-08	-3.3939E-08	4.9846E-06	-8.2679E-06
-2.2495E-08	2.4593E-09	6.2860E-06	-7.9669E-06
9.9594E-09	-6.8185E-09	5.5843E-06	-7.9962E-06
1.9117E-08	3.9029E-09	4.0155E-06	-9.9006E-06
4.1516E-08	1.2647E-08	3.7905E-06	-9.6624E-06
-1.5502E-08	-3.7131E-08	5.2052E-06	-9.0033E-06
3.3550E-08	4.9260E-09	3.3359E-06	-8.7225E-06
-4.8689E-09	-3.8193E-09	2.0831E-06	-1.0160E-05
-2.9441E-08	2.1947E-08	3.1741E-06	-7.2501E-06
1.4025E-08	-2.5934E-08	3.1404E-06	-7.1773E-06
-5.7135E-09	-6.7682E-09	2.9006E-06	-6.7599E-06
4.1851E-09	-4.3608E-08	1.6791E-06	-7.1610E-06
8.9065E-09	-2.3223E-08	4.0710E-06	-5.8713E-06
1.2865E-08	-1.3813E-08	2.2239E-06	-5.4442E-06
8.4909E-09	7.3288E-09	2.7780E-06	-7.0851E-06
9.6797E-09	-4.1776E-08	2.7735E-06	-7.8475E-06
-3.3500E-10	2.8033E-09	1.3629E-06	-8.0772E-06
2.2715E-09	-6.5864E-09	1.7775E-06	-6.4639E-06
7.2124E-09	3.7415E-09	2.0979E-06	-7.0383E-06
-2.5832E-09	-1.3241E-08	2.2713E-06	-5.7936E-06
-2.2989E-08	3.1395E-08	2.4762E-06	-7.4862E-06
-1.6064E-08	1.6914E-08	2.6077E-06	-8.0417E-06
2.4966E-08	3.8951E-08	7.7044E-07	-6.8259E-06
-1.0019E-09	2.3234E-08	1.5690E-06	-4.8606E-06
1.1078E-08	-3.0507E-09	1.4734E-06	-6.8154E-06
1.2176E-08	-2.1755E-08	3.0710E-06	-5.3761E-06
9.3538E-09	9.5796E-09	1.5862E-06	-6.5663E-06
1.9329E-08	-2.2891E-08	1.9115E-06	-6.5572E-06
-6.6990E-09	1.4428E-08	2.3842E-06	-5.9695E-06
-4.5524E-09	2.5014E-08	1.0057E-06	-6.0218E-06
-4.0022E-08	-1.4992E-08	2.6849E-06	-4.6355E-06
-6.6903E-09	-7.2834E-10	1.7304E-06	-6.5412E-06
8.2297E-09	7.6335E-09	2.7806E-06	-6.6186E-06
-3.5171E-08	4.0873E-09	2.7790E-06	-4.6397E-06
3.0133E-08	1.7125E-08	1.6569E-06	-5.6852E-06
2.6481E-09	-2.3999E-09	3.5109E-06	-4.9045E-06
-1.5429E-08	1.5001E-08	3.4474E-06	-5.0885E-06
-5.5736E-09	-1.9526E-08	2.8821E-06	-5.4865E-06
-2.6313E-08	-1.6185E-08	2.8085E-06	-4.6842E-06
2.4369E-08	-1.9467E-08	8.2039E-07	-4.0239E-06
-7.5697E-10	-9.7477E-09	3.8162E-06	-5.2584E-06
-5.5067E-09	6.0678E-08	2.3285E-06	-6.8235E-06
8.7263E-09	1.4832E-08	2.6152E-06	-6.6869E-06
-9.6029E-09	-1.4677E-08	2.4194E-06	-4.9558E-06
-9.9491E-09	-2.6410E-08	2.1782E-06	-5.8291E-06
-3.5044E-09	2.5838E-08	1.3211E-06	-6.2815E-06
1.6016E-09	1.0690E-08	3.6824E-06	-5.7110E-06
1.3666E-08	2.0691E-09	2.0012E-06	-5.4691E-06
1.8571E-09	-2.0851E-08	1.8080E-06	-6.8236E-06
4.7975E-08	-5.1395E-09	2.9527E-06	-5.5479E-06
1.9147E-08	2.1808E-08	2.3471E-06	-4.8791E-06
7.9130E-09	-1.2245E-08	2.3993E-06	-5.3483E-06
-1.9584E-08	-3.1322E-08	3.7237E-06	-4.3234E-06
1.2783E-08	1.0712E-08	3.2353E-06	-6.6236E-06
2.7760E-09	1.9134E-09	3.3946E-06	-5.2974E-06
-1.1206E-08	8.2763E-09	3.1056E-06	-6.3716E-06
1.4530E-08	1.8376E-08	3.2473E-06	-5.6466E-06
2.7430E-08	1.2070E-09	2.6459E-06	-6.6765E-06
-1.8499E-08	3.0432E-08	2.4095E-06	-4.9250E-06
-1.0447E-08	-2.3886E-09	1.0886E-06	-6.4852E-06
-1.0681E-08	1.8563E-08	1.6506E-06	-6.6564E-06
-1.4071E-08	-1.4065E-08	2.2478E-06	-5.0333E-06
2.8592E-08	4.7033E-09	3.1198E-06	-5.3999E-06
1.2990E-08	6.4401E-09	2.9482E-06	-4.1332E-06
-2.5341E-08	1.5871E-08	1.8041E-06	-4.9609E-06
1.6872E-09	7.3496E-09	3.2511E-06	-5.3539E-06
5.7349E-09	-1.4204E-08	2.8292E-06	-2.6111E-06
-3.8591E-08	-2.5859E-09	2.2149E-06	-4.8610E-06
-3.8456E-09	1.4661E-08	3.8838E-06	-5.3095E-06
-2.1741E-09	3.1340E-09	2.9812E-06	-6.2918E-06
4.0199E-08	3.2998E-08	1.2342E-06	-4.8734E-06
1.1252E-08	-9.9456E-09	2.1892E-06	-4.2984E-06
-5.3930E-08	-3.1695E-08	8.1345E-07	-4.5635E-06
-2.6182E-08	-2.5888E-08	2.5755E-06	-4.0596E-06
-3.0714E-08	8.2950E-09	2.6776E-06	-4.9768E-06
-7.8660E-09	2.9849E-09	2.2581E-06	-4.5694E-06
4.8733E-09	1.3704E-08	7.3833E-07	-4.6323E-06
3.7126E-09	1.1460E-08	2.3513E-06	-5.0369E-06
-2.4946E-08	-3.4026E-08	3.0459E-06	-3.6131E-06
2.2798E-08	1.1990E-08	2.1778E-06	-3.6098E-06
7.8099E-09	-3.2030E-08	1.7038E-06	-4.4431E-06
1.2567E-08	5.4481E-10	1.6763E-06	-2.9860E-06
1.2189E-08	2.3753E-08	2.7397E-06	-3.7589E-06
4.5004E-09	3.1909E-08	2.4672E-06	-3.1954E-06
1.7416E-08	1.0865E-08	2.8946E-06	-6.0976E-06
1.9332E-08	1.9328E-08	1.2099E-06	-4.8327E-06
-8.4884E-09	-1.3658E-08	1.3965E-06	-4.0251E-06
8.4388E-09	-2.3016E-08	2.6714E-06	-4.1107E-06
-2.4655E-08	4.0200E-08	2.2499E-06	-4.9689E-06
4.4397E-08	-2.1383E-08	3.1343E-06	-4.8891E-06
-1.7809E-08	1.8012E-08	5.8392E-07	-2.4856E-06
6.7336E-09	-2.1283E-08	1.0830E-06	-5.3868E-06
-3.2277E-09	-3.9500E-09	2.7639E-06	-5.5100E-06
2.3245E-08	1.3770E-08	1.0104E-06	-5.8076E-06
-1.3965E-08	-1.4350E-08	6.0627E-07	-4.8627E-06
4.9923E-08	1.0004E-08	2.2007E-06	-3.5984E-06
-3.3263E-08	-9.4426E-09	1.1695E-06	-4.6930E-06
-2.0031E-08	-1.3929E-08	3.2858E-06	-3.9733E-06
2.1013E-08	2.7633E-08	2.6372E-06	-4.2548E-06
2.4440E-08	9.6593E-10	1.3918E-06	-4.8867E-06
-3.0559E-08	-1.1785E-09	2.7433E-06	-4.5935E-06
4.1854E-08	-1.3472E-08	1.9471E-06	-3.0571E-06
-2.0746E-08	-2.3458E-08	2.4697E-06	-4.4352E-06
-4.7192E-09	-2.6101E-08	1.1499E-06	-3.7100E-06
-2.2502E-08	-9.4223E-09	2.0472E-06	-4.4248E-06
-2.3692E-08	-1.0667E-08	1.5389E-06	-3.1404E-06
2.9995E-08	-1.1469E-08	2.2527E-06	-4.7374E-06
2.3047E-08	-8.5065E-09	1.5434E-06	-3.7495E-06
1.0428E-08	-1.4909E-08	3.7281E-07	-5.1691E-06
2.0828E-08	-1.3294E-09	1.8825E-06	-5.5763E-06
4.3383E-08	1.4343E-08	1.1478E-06	-5.0136E-06
-3.6596E-09	2.2026E-08	2.0793E-06	-4.5322E-06
4.0942E-08	1.0795E-08	3.2804E-06	-2.9522E-06
-8.2421E-09	3.9512E-09	1.9548E-06	-4.3349E-06
1.7043E-08	-4.4615E-08	1.5276E-06	-4.6631E-06
-2.4362E-08	-4.8312E-09	2.1914E-06	-2.2225E-06
-1.6644E-08	3.4029E-08	1.6385E-06	-5.0073E-06
-5.6841E-10	-4.9033E-08	9.8689E-07	-2.9922E-06
2.0979E-08	-3.4595E-08	1.8832E-06	-2.8413E-06
-7.0944E-09	-8.9483E-09	2.3732E-06	-4.2263E-06
1.2055E-08	5.7888E-09	2.5487E-06	-5.1758E-06
4.6833E-10	-8.5613E-09	1.9774E-06	-5.0177E-06
-1.5892E-08	1.6885E-08	2.2036E-06	-3.8470E-06
2.8535E-08	-2.1633E-08	3.3953E-06	-2.2723E-06
8.1143E-09	-1.9161E-08	2.7340E-06	-2.6180E-06
-3.3212E-09	-1.2813E-08	1.8608E-06	-3.6135E-06
5.2342E-09	-4.5883E-09	3.3867E-06	-3.7979E-06
8.2855E-09	2.1337E-09	1.0184E-06	-3.1523E-06
1.9764E-08	-1.3035E-08	3.4138E-06	-2.1167E-06
9.3876E-09	5.2829E-10	2.3717E-06	-4.5397E-06
5.4313E-09	-1.1241E-09	2.8047E-06	-5.1573E-06
-2.7527E-08	1.1312E-08	2.4209E-06	-4.4717E-06
-2.9368E-09	-2.3548E-08	2.4051E-06	-3.2955E-06
-2.8896E-09	1.2893E-08	1.3060E-06	-3.9946E-06
-1.2219E-08	-3.1780E-09	2.2002E-06	-3.0402E-06
-1.5190E-08	1.0042E-08	2.6571E-06	-5.9144E-06
1.3505E-08	-3.1148E-08	1.6835E-06	-2.8337E-06
1.5020E-09	-2.8493E-08	1.7227E-06	-3.9607E-06
-5.4201E-08	-1.1828E-08	1.4266E-06	-3.3509E-06
-3.0006E-08	-1.8581E-08	1.8261E-06	-2.7844E-06
1.0660E-08	9.1275E-09	2.0402E-06	-3.9768E-06
7.5149E-09	-7.4105E-09	9.7411E-07	-3.3073E-06
-2.1481E-08	9.2135E-10	1.0222E-06	-2.3505E-06
-2.5323E-08	-2.3315E-08	7.9897E-07	-2.6967E-06
-1.2302E-08	4.4187E-08	1.1643E-06	-4.6769E-06
-1.5265E-08	4.8623E-09	3.7001E-06	-2.0193E-06
-1.0211E-08	-3.3479E-09	2.1865E-06	-4.5357E-06
-2.0472E-09	-2.4791E-09	3.3101E-06	-3.6112E-06
-1.2802E-08	-5.0095E-09	2.1627E-06	-3.6668E-06
-1.4735E-08	2.0914E-08	2.3031E-06	-2.6640E-06
7.7419E-09	2.6903E-08	1.7461E-06	-2.7294E-06
-2.0019E-08	7.4221E-09	7.0905E-07	-4.0742E-06
4.2201E-09	-5.3281E-08	2.2900E-06	-3.1104E-06
-5.3662E-10	2.0202E-08	2.2989E-06	-3.3745E-06
2.2693E-08	-4.9638E-09	2.1688E-06	-3.1900E-06
-1.5524E-08	-1.6411E-08	2.6108E-06	-3.9234E-06
-4.6563E-09	-4.6682E-08	2.6211E-07	-4.9881E-06
-1.2247E-08	-1.3663E-08	1.9597E-06	-3.2280E-06
8.9158E-09	8.8405E-09	3.7764E-06	-3.7570E-06
-4.4627E-09	1.8857E-08	9.0240E-07	-3.7282E-06
1.1718E-08	-1.3227E-08	2.4056E-06	-3.1151E-06
3.1191E-08	-5.6339E-09	1.7738E-06	-5.2364E-06
-3.5326E-08	-4.5474E-09	2.4608E-06	-4.3728E-06
2.8313E-08	3.1877E-08	2.5731E-06	-3.5779E-06
1.6290E-09	2.7059E-09	2.0833E-06	-4.9156E-06
-4.3463E-09	1.6869E-08	2.1556E-06	-3.7398E-06
2.3963E-08	-2.1589E-08	4.6241E-07	-3.5881E-06
6.7533E-08	2.3416E-08	1.7781E-06	-1.9953E-06
1.2527E-08	-1.5706E-08	3.0745E-06	-2.4322E-06
-2.1895E-08	-1.9952E-09	2.5964E-06	-4.9166E-06
1.8784E-09	2.4385E-08	-6.0151E-07	-2.4427E-06
-6.1102E-10	3.9424E-08	1.1277E-06	-2.9223E-06
4.5893E-09	-1.1467E-08	7.6800E-07	-1.7189E-06
3.9275E-08	-2.2653E-08	8.2793E-07	-2.6357E-06
2.4146E-08	2.5161E-09	6.4889E-07	-4.5632E-06
-1.5224E-08	-4.1829E-08	3.2028E-06	-3.7347E-06
8.4192E-09	5.5660E-09	2.2152E-06	-1.9950E-06
-1.6396E-08	-1.4361E-08	2.6440E-06	-4.5680E-06
-4.2842E-08	4.1974E-10	1.5226E-06	-3.0925E-06
3.1661E-08	-5.5582E-09	1.4684E-06	-3.2561E-06
-2.7873E-09	-1.0639E-08	1.5942E-06	-2.9920E-06
-2.4815E-08	8.6500E-09	2.5917E-06	-3.4623E-06
-5.4706E-09	-2.4295E-08	2.8345E-06	-4.2445E-06
3.7171E-08	1.8025E-08	1.5444E-06	-3.9375E-06
-1.1563E-08	2.7876E-09	1.6560E-06	-3.8835E-06
-1.3261E-08	2.7037E-08	2.1007E-06	-2.8975E-06
-7.2217E-09	1.0867E-08	1.6991E-06	-4.2054E-06
1.1371E-08	-1.0571E-08	1.9786E-06	-2.8823E-06
1.5222E-08	-2.6597E-08	2.9793E-06	-3.1779E-06
3.1587E-08	5.7045E-09	1.9624E-06	-4.1729E-06
-1.3385E-08	9.6141E-09	1.9036E-06	-4.1461E-06
1.3351E-08	-2.2578E-08	1.2871E-06	-3.6618E-06
4.0375E-09	-2.3177E-09	8.0348E-07	-3.3814E-06
5.7268E-09	2.8128E-08	1.1830E-06	-2.3155E-06
-1.3391E-11	1.3339E-08	2.6624E-06	-4.6431E-06
-1.8283E-09	-1.1163E-08	1.5108E-06	-1.7407E-06
-8.7627E-10	-3.2367E-08	1.4466E-06	-3.6855E-06
-2.0306E-08	-2.4181E-08	-1.3574E-08	-3.5869E-06
-3.6264E-09	-1.0631E-08	2.1281E-06	-2.4297E-06
-1.4117E-08	7.8490E-09	1.5808E-06	-4.0060E-06
7.6841E-09	-1.2438E-08	1.9582E-06	-1.6329E-06
-3.9921E-08	-8.1359E-09	1.0494E-06	-3.2737E-06
-3.3838E-08	9.4141E-09	2.3076E-06	-2.9075E-06
-4.4888E-08	6.7646E-09	2.7917E-06	-1.8294E-06
-2.5508E-08	8.8526E-09	1.3803E-06	-2.4754E-06
-9.8395E-09	3.0567E-09	1.4344E-06	-3.1888E-06
9.7538E-09	2.2390E-08	2.2000E-06	-3.1503E-06
2.1186E-09	-8.4394E-09	2.9263E-06	-1.7952E-06
-2.1377E-08	5.0061E-08	3.2455E-06	-2.6972E-06
2.1901E-08	-1.3542E-08	1.5650E-06	-2.3416E-06
-1.0574E-08	-8.3592E-09	4.0399E-06	-3.3754E-06
-2.0007E-08	-9.5109E-09	2.4163E-06	-2.7847E-06
1.6133E-08	5.3219E-09	8.3640E-07	-3.3186E-06
-1.4364E-08	-2.0926E-08	1.1428E-06	-2.3286E-06
-1.5370E-09	-3.4247E-08	1.3507E-06	-2.1744E-06
-1.5248E-08	2.3822E-09	1.9646E-06	-4.2026E-06
-2.7052E-08	-8.4322E-10	3.2219E-06	-2.3711E-06
-4.0875E-09	7.3908E-09	1.9293E-06	-1.9830E-06
1.3233E-08	-4.3637E-08	2.2778E-06	-1.4589E-06
-2.2938E-08	2.9559E-09	3.7166E-06	-2.0512E-06
-2.6164E-08	-9.1767E-09	3.4824E-06	-2.9001E-06
4.4552E-08	-2.1961E-09	1.3426E-06	-1.9712E-06
-6.2296E-09	-3.3699E-08	2.6386E-06	-3.5810E-06
-9.2177E-09	-3.4332E-08	2.0615E-06	-3.0036E-06
2.5733E-08	-7.5664E-09	3.3591E-06	-4.2463E-06
-2.1764E-09	3.1808E-09	2.6473E-06	-2.3746E-06
5.3735E-09	1.0939E-08	1.1365E-06	-4.5692E-06
7.1580E-09	2.0025E-08	1.5585E-06	-3.1396E-06
2.1992E-08	2.9230E-08	2.6971E-07	-2.2538E-06
1.1281E-08	-6.6250E-09	1.3815E-07	-1.8832E-06
-1.7256E-08	5.2488E-10	3.6840E-06	-2.0380E-06
2.1609E-08	8.1556E-09	1.1589E-06	-1.8328E-06
-7.6301E-09	4.5392E-10	2.7989E-07	-3.9697E-06
4.1032E-08	7.1012E-09	2.5503E-06	-2.8402E-06
-7.3301E-09	-6.6787E-09	1.9913E-06	-7.3284E-07
3.2301E-08	-2.2086E-08	2.3129E-06	-7.7834E-07
-7.6932E-09	-6.9725E-10	2.0294E-06	-2.7400E-06
2.1227E-08	-2.2632E-08	1.5576E-06	-2.1702E-06
1.3266E-08	-3.8700E-08	1.4153E-06	-1.7476E-06
-2.1275E-08	-1.4826E-08	2.4185E-06	-3.3138E-06
-3.7249E-08	9.4889E-09	1.1386E-06	-1.5176E-06
-2.3863E-09	-1.4299E-08	4.3976E-06	-1.3497E-06
2.4350E-08	-3.3791E-09	1.2917E-06	-3.1057E-06
-4.7638E-09	2.5179E-08	1.9289E-06	-2.1762E-06
3.3525E-09	-1.4443E-08	2.2178E-06	-2.2589E-06
5.1341E-09	7.9942E-09	1.0859E-06	-2.4320E-06
-3.4289E-08	-2.8302E-08	1.8131E-06	-1.2076E-06
1.0679E-08	1.4716E-08	1.6090E-06	-1.8730E-07
6.2863E-09	-4.8267E-08	2.1618E-06	-2.1059E-06
2.8685E-08	-9.1276E-09	1.3914E-06	-3.1509E-06
-1.1689E-08	1.4806E-08	2.7445E-06	-2.0835E-06
7.9640E-09	9.9655E-09	-2.5062E-07	-2.2238E-06
-3.0057E-08	-8.0603E-10	2.5564E-06	-3.4213E-06
2.7156E-08	6.4807E-09	1.6437E-06	-2.9274E-06
2.5692E-08	5.1162E-09	6.5147E-07	-2.4424E-06
-3.2187E-09	-2.7157E-08	2.4854E-06	-8.7791E-07
-1.9434E-10	-5.0559E-09	8.2400E-07	-2.3060E-06
-9.3823E-09	9.2496E-09	7.6101E-07	-1.5741E-06
1.1602E-08	-6.4272E-10	1.6797E-06	-2.4656E-06
-1.3737E-09	3.0562E-08	1.0453E-06	-1.9060E-06
-3.2616E-08	-2.5462E-08	1.7228E-06	-4.1491E-06
-3.7587E-09	-1.7281E-08	1.3682E-06	-2.6895E-06
1.9199E-08	1.0710E-08	1.1606E-06	-1.7120E-06
-2.6375E-08	-9.7025E-09	2.1745E-06	-1.5691E-06
-4.5034E-08	1.0366E-08	5.1915E-07	-3.3505E-06
1.2544E-08	1.0382E-08	1.6129E-06	-1.4143E-07
-1.4252E-08	-3.0454E-09	3.1771E-06	-2.3304E-06
4.1080E-08	-1.9902E-09	1.9302E-06	-1.2361E-06
-2.5373E-08	-2.2749E-08	1.6148E-06	-2.0370E-06
1.1859E-09	1.8659E-08	1.2719E-06	-1.9640E-06
-2.0425E-08	2.9454E-08	1.1264E-06	-2.4560E-06
-2.9950E-09	-1.2540E-09	1.4195E-06	-1.5593E-06
-1.5074E-08	2.6035E-08	2.1099E-06	-2.4843E-06
-7.8445E-10	3.6119E-08	8.3124E-07	-1.0445E-06
4.9892E-08	1.8009E-08	1.9654E-06	-2.0643E-06
4.3475E-08	-1.4075E-09	2.7681E-06	-2.6937E-06
2.2057E-08	2.2216E-09	1.8127E-06	-2.4503E-06
2.1140E-08	1.1198E-08	9.9454E-07	-9.8771E-07
-2.5202E-08	1.0518E-08	1.6474E-06	-2.2612E-06
-2.0669E-08	-1.0054E-08	1.8846E-06	-2.5905E-06
9.7410E-09	-6.0699E-09	2.5388E-06	-3.5196E-06
3.2448E-08	-1.8992E-09	2.8101E-06	-2.9171E-06
2.4932E-08	-1.1974E-08	1.1342E-06	-2.7510E-06
5.0247E-09	-5.1372E-09	8.0627E-07	-2.5751E-06
-8.6970E-09	1.7949E-08	1.8189E-06	-2.5057E-06
-4.0081E-09	2.8058E-08	2.6643E-06	-2.3709E-06
-1.0414E-09	-1.2910E-09	3.9724E-07	-1.5168E-06
-1.4343E-09	-1.9521E-08	1.1570E-06	-1.7954E-06
-3.6144E-10	8.3190E-09	1.2968E-06	-1.4463E-06
8.4198E-10	-1.2978E-08	1.6838E-06	-2.0769E-06
2.9437E-08	-3.1746E-08	2.0368E-06	-2.8691E-06
1.5753E-08	7.9307E-09	3.5025E-06	-2.1783E-06
-1.5217E-08	-6.4750E-09	2.4022E-06	-2.1503E-06
1.7412E-08	6.8243E-09	7.0137E-07	-1.8989E-06
-4.3984E-09	-3.1750E-09	8.9594E-07	-3.3816E-06
5.2182E-09	9.3419E-09	1.6734E-06	-1.8055E-06
1.7365E-08	3.0489E-08	2.0712E-06	-5.2317E-07
-1.0083E-08	-7.0540E-09	1.6980E-06	-3.5844E-07
-2.6369E-08	-9.4626E-09	1.5481E-06	-8.6447E-07
-5.9334E-09	8.4624E-09	7.6550E-08	-3.6106E-06
3.4688E-08	1.2519E-09	2.2101E-06	-1.4822E-06
4.1858E-08	8.6573E-09	1.4274E-06	-3.1596E-06
-1.0551E-08	-5.4129E-08	1.6793E-06	-2.4646E-06
-3.0694E-08	-1.7990E-08	1.3366E-06	-3.9404E-06
2.5639E-08	7.4855E-09	2.0944E-06	-3.1183E-06
2.9646E-08	1.3962E-08	2.9923E-07	-4.1046E-06
-2.8999E-09	-1.7301E-08	7.8394E-07	-3.1130E-06
1.8986E-08	-2.6353E-09	1.1010E-06	-1.1774E-06
-7.2726E-09	-1.9715E-08	2.6792E-06	-1.9781E-06
2.5633E-08	-1.2818E-08	1.5104E-06	-3.6221E-06
6.1371E-09	-8.4986E-09	4.1468E-07	-1.6795E-06
1.0979E-08	-2.0396E-08	1.8797E-06	-2.4626E-06
1.9570E-08	1.6131E-08	-2.1344E-07	-2.8419E-06
1.6525E-08	1.9257E-09	1.7642E-06	-8.8744E-07
4.2882E-09	-2.0451E-09	1.0989E-06	-1.3900E-06
-1.3797E-08	-6.9053E-09	2.9781E-06	-1.8253E-06
6.0516E-10	4.6847E-09	3.9586E-07	-2.0390E-06
4.2901E-08	-1.0486E-08	4.1919E-07	-2.3429E-06
-3.6707E-08	3.9192E-10	1.6138E-07	-3.1429E-06
-1.1219E-08	-1.4154E-08	1.5916E-06	-1.6148E-06
-3.1168E-08	-1.1429E-08	1.5513E-06	-2.3262E-06
1.1519E-08	1.2347E-08	6.4536E-07	-2.7375E-06
3.2619E-08	-3.2526E-09	2.0583E-06	-1.8472E-06
2.1638E-08	3.7091E-09	2.4707E-06	-3.1515E-06
-1.8614E-08	1.6774E-09	4.4427E-07	-1.1218E-06
-2.6665E-08	-4.3013E-09	1.6455E-06	-1.6915E-06
8.2305E-09	-2.6514E-08	1.5198E-06	-2.0361E-06
1.4134E-08	-4.5317E-09	1.0153E-06	-4.0706E-06
3.9905E-09	-2.2124E-08	5.4680E-07	-1.9462E-06
-1.6226E-08	5.4853E-09	1.5099E-06	-1.7543E-06
1.0485E-08	-1.3950E-09	2.1168E-06	-2.3379E-06
5.2846E-08	-2.2013E-08	1.7297E-06	-2.3212E-06
-4.4200E-09	1.1584E-08	1.2301E-06	-2.6905E-06
2.5949E-08	-1.4863E-08	1.8763E-06	-2.3090E-06
1.7432E-08	2.8710E-08	1.9723E-06	-2.1308E-06
1.5581E-09	1.4084E-08	1.0988E-06	-2.0983E-06
1.5105E-08	-2.0190E-08	2.0484E-06	-1.5676E-06
3.2485E-08	2.2266E-08	8.5275E-07	-3.6814E-06
-3.1131E-08	2.2778E-09	3.9702E-07	-2.9099E-06
-8.9722E-09	-6.8070E-09	9.9522E-07	-2.6603E-06
1.8659E-08	-2.1303E-08	2.4578E-06	-2.5948E-06
-1.0364E-08	-2.0725E-08	3.9255E-07	-3.5264E-06
-9.2737E-09	5.4927E-09	-3.3170E-07	2.2238E-07
1.6998E-08	1.9631E-08	-1.3502E-07	-1.3012E-06
2.8768E-09	-2.4062E-08	1.9749E-06	-1.7542E-06
-2.3675E-08	-2.9103E-09	6.5331E-07	-1.9738E-06
-1.6222E-08	-1.2111E-08	2.7460E-07	-2.6083E-06
-1.0335E-08	-4.1245E-09	1.3453E-06	-3.8065E-06
-1.6693E-08	-2.6516E-08	1.6457E-07	-2.1784E-06
1.0409E-08	1.1226E-08	1.3141E-06	-2.1526E-06
1.1325E-08	1.2441E-08	2.2074E-06	-2.4982E-06
-5.4123E-08	-1.6592E-08	-5.3389E-07	-1.4764E-06
-7.2757E-09	-8.3523E-09	1.7849E-06	-9.5213E-07
2.0938E-08	1.1374E-08	9.5290E-07	-1.4228E-06
5.4612E-09	4.0692E-09	1.0608E-07	-3.0875E-06
2.1152E-08	-3.6155E-08	-2.4553E-07	-1.2985E-06
-1.9719E-08	1.2107E-08	2.1066E-06	-3.8491E-06
2.2982E-08	7.1877E-09	-5.2280E-07	-1.8624E-06
-2.1160E-08	2.4187E-08	6.1751E-07	-3.4782E-06
4.6190E-09	1.4056E-08	1.7302E-06	-1.6382E-06
2.3999E-08	7.1073E-09	2.8507E-06	-1.2642E-06
7.7022E-09	7.3335E-09	1.8018E-06	-1.8343E-06
-5.3503E-09	-1.0473E-08	7.9532E-07	-2.7913E-06
1.8673E-09	4.1715E-09	2.2787E-06	-2.6964E-06
-2.6827E-08	-2.2169E-08	4.6266E-07	-3.1137E-06
5.6168E-09	4.7674E-09	1.1211E-06	-3.6969E-06
-2.9653E-08	8.6037E-09	1.6242E-06	-2.8043E-06
1.1155E-08	-3.3839E-08	2.2652E-06	-1.8887E-06
-1.9893E-08	-2.2470E-09	1.9663E-06	-2.0794E-06
-1.7685E-08	-7.4083E-09	5.1120E-07	-2.2828E-06
1.2180E-08	1.0044E-08	2.3197E-06	-2.2006E-06
1.0792E-08	-4.8431E-08	7.2935E-07	-2.8062E-06
2.8393E-08	8.4578E-09	3.1051E-06	-4.1397E-06
-2.4807E-08	3.4635E-09	2.0337E-06	-2.1292E-06
6.5541E-10	8.4465E-10	2.1016E-06	-2.2661E-06
7.9127E-09	1.6167E-08	2.1035E-06	-2.7100E-06
5.5329E-08	-1.6864E-09	1.0754E-06	-1.8795E-06
1.0511E-08	-1.5346E-08	4.2004E-07	-1.0875E-06
2.6509E-09	-1.0732E-09	1.4069E-06	-2.9220E-06
1.7480E-08	-1.0175E-08	1.4536E-07	-1.8652E-06
-6.4941E-09	-1.7852E-08	1.2734E-06	-3.1927E-06
-1.8243E-08	1.5401E-08	2.0291E-06	-1.9532E-06
-2.8242E-08	-2.0206E-08	-2.6660E-07	-3.5665E-06
1.9398E-08	-2.1280E-08	1.3370E-07	5.0258E-07
-1.0805E-08	-1.7180E-10	2.0598E-07	-3.3093E-06
3.4412E-11	-1.2312E-08	5.6725E-08	-3.1242E-06
-1.0016E-08	-1.7251E-08	3.5886E-06	-1.0650E-06
6.0144E-09	-4.8134E-09	-4.6236E-07	-1.7185E-06
5.7223E-09	-1.2745E-09	1.0139E-06	-2.3501E-06
-1.6314E-08	8.6058E-09	8.0650E-07	-2.5009E-06
-1.1109E-08	2.7676E-08	7.7449E-07	-1.3591E-06
-6.3197E-09	-2.8333E-08	-5.1002E-07	-1.1388E-06
-7.8499E-09	-7.1327E-09	1.1678E-06	-2.0164E-06
2.7141E-08	6.7965E-09	1.0112E-06	-1.7338E-06
-1.0271E-08	2.5084E-09	1.1418E-06	-2.8707E-06
-3.3110E-09	-1.4466E-08	3.5647E-07	-3.1657E-06
2.4437E-08	7.3589E-09	1.6365E-06	-5.2596E-07
-2.0615E-08	1.6020E-08	5.6101E-07	-1.2616E-06
-3.8890E-09	-3.8248E-08	1.5663E-06	-3.7006E-06
-6.7826E-11	5.3774E-09	-7.9429E-09	-6.4054E-07
2.1055E-09	8.3124E-09	6.0062E-07	4.1541E-07
-4.1992E-08	2.7655E-08	2.2275E-06	-2.2465E-06
3.8869E-09	2.1119E-08	1.6095E-06	-9.9219E-07
-6.0266E-09	-2.2811E-08	1.5066E-06	-2.0740E-06
-1.7998E-08	-1.3832E-08	4.0144E-07	-2.1443E-06
-5.5391E-09	1.6926E-08	-2.4669E-08	-1.4030E-06
-6.5499E-09	1.4451E-08	1.2825E-06	-3.2730E-06
4.9007E-09	6.3959E-09	2.8263E-07	-1.4011E-06
1.1766E-08	2.0767E-08	1.6048E-07	-2.0679E-06
1.0713E-08	-2.0110E-08	2.5277E-06	-2.7891E-06
2.0378E-09	6.8366E-09	-3.7846E-07	-7.7700E-07
9.9635E-09	1.7072E-08	7.2973E-07	-1.1166E-06
1.2107E-08	1.7699E-08	3.8694E-07	-3.3288E-06
-1.5244E-08	-1.2375E-08	3.3081E-07	-1.2828E-06
-5.7394E-09	-7.5623E-09	8.8390E-07	-1.7561E-06
2.4609E-08	2.7952E-08	-1.1202E-06	-1.8680E-06
-1.6429E-09	-3.4646E-08	1.4408E-06	-1.7079E-06
2.1931E-08	3.3704E-09	2.2275E-06	-3.0617E-06
1.7064E-08	-2.3502E-08	4.7925E-07	-1.1676E-06
-2.7760E-09	1.4309E-08	1.7928E-06	-1.7922E-07
1.5776E-08	-7.3734E-09	5.9776E-07	-1.7543E-06
-2.4093E-08	-4.1355E-08	7.3955E-07	-1.9745E-06
8.4112E-09	3.7384E-08	6.5254E-07	-2.5034E-06
1.4585E-08	-6.8648E-09	2.5820E-06	-2.5239E-06
1.6505E-08	3.1702E-09	2.5234E-07	-1.1445E-06
3.6374E-08	-5.9783E-09	-1.0140E-07	-1.4597E-06
1.1072E-08	1.0603E-09	2.2456E-06	-2.2661E-06
-6.6189E-10	3.6788E-09	2.5815E-07	-1.4607E-06
-2.1215E-08	2.5070E-09	2.0064E-06	-1.8406E-06
-1.1866E-08	-1.0276E-09	7.3786E-07	-2.1561E-07
-1.0829E-08	-6.0629E-09	2.5366E-06	-8.2774E-07
-2.5490E-08	2.3561E-08	8.2273E-07	-2.3022E-06
-2.2115E-08	1.2596E-08	1.5211E-06	-2.7678E-06
7.0496E-09	-1.0754E-08	5.9606E-07	-2.7900E-06
1.5286E-08	-3.0568E-08	1.0533E-06	-7.6091E-07
9.1883E-09	-8.9086E-09	5.1225E-07	-1.4647E-06
2.3956E-08	-7.7756E-09	1.5830E-06	-1.9396E-06
-5.7526E-09	1.4663E-08	1.9006E-06	-3.0912E-08
-4.3038E-09	1.4818E-08	3.6107E-07	-2.5333E-06
4.4673E-09	-1.2827E-08	3.1071E-06	-2.6430E-06
8.1554E-09	-7.0479E-09	-6.8312E-07	-1.9270E-06
-1.8135E-08	-2.1878E-08	1.0865E-06	-2.0110E-06
1.5250E-08	6.2654E-09	1.7340E-06	-1.0655E-06
-1.1878E-08	-3.8529E-08	1.7847E-06	-2.1425E-06
1.0410E-08	-5.0072E-08	-5.9080E-07	-9.5553E-07
2.3115E-08	-3.3448E-08	8.5420E-07	-1.5011E-06
5.4464E-10	-8.1792E-09	1.4025E-06	-1.3650E-06
-1.1777E-08	1.8588E-08	1.7420E-06	-1.2100E-06
2.2500E-09	3.7197E-08	1.1812E-06	-2.3250E-06
1.0464E-08	1.5624E-08	1.4561E-06	-2.7717E-06
-1.7412E-08	2.9888E-08	1.0233E-06	-1.1279E-06
2.8044E-08	3.0406E-09	1.0075E-06	-2.4856E-07
-2.4731E-08	-1.1083E-08	8.2667E-07	-1.7580E-06
7.8783E-09	5.3558E-09	2.2295E-06	-1.5953E-06
4.9161E-09	9.3209E-10	6.9691E-07	-1.5080E-06
1.0795E-08	-6.9410E-09	5.0035E-07	-1.9696E-08
2.3528E-09	2.4020E-08	-1.0913E-07	-7.1703E-08
2.7214E-08	-2.2521E-09	1.8086E-06	-4.4440E-07
1.5490E-09	3.0476E-08	5.3614E-07	-6.1094E-07
-1.0828E-08	1.2719E-08	9.5017E-07	-2.2419E-06
-6.6910E-09	1.0645E-09	1.6659E-06	-1.0189E-06
-2.6797E-08	2.4340E-08	6.9515E-07	-1.4399E-06
-1.8779E-08	2.8112E-08	-5.5316E-08	-1.0372E-06
-2.3083E-08	2.8123E-09	2.3937E-06	-1.9907E-06
4.4864E-08	-2.4185E-08	2.1802E-06	-1.8469E-06
1.0754E-09	-5.5594E-09	2.5525E-06	-1.7986E-06
2.6001E-08	7.6475E-09	1.3187E-06	-1.3505E-06
4.7480E-08	-1.5017E-08	1.0723E-06	-1.8046E-06
-2.3207E-08	-6.4091E-09	6.5639E-07	2.8254E-07
-5.4313E-09	2.1709E-09	3.1690E-06	-7.2094E-07
-1.2782E-08	2.0599E-09	1.1735E-06	-1.3135E-06
-1.1350E-08	-1.3895E-08	5.8213E-07	-1.6885E-06
-6.2687E-11	-3.2155E-09	3.3963E-06	-2.6562E-06
2.3045E-09	-2.2241E-08	1.2613E-06	-1.4684E-06
8.9778E-09	-1.9689E-08	3.9066E-07	-2.3289E-06
1.8655E-08	6.9300E-09	1.0883E-06	-1.6025E-06
-3.4180E-09	3.3791E-08	4.9299E-07	-7.3180E-07
5.3551E-09	-8.9493E-10	-1.1930E-06	-1.3524E-07
2.9208E-09	-2.4698E-10	1.1222E-06	2.4176E-07
2.8074E-10	3.1376E-08	2.7763E-06	-2.1673E-06
-1.1693E-08	1.1303E-08	-5.1348E-07	-1.5029E-06
1.1643E-08	-5.9676E-09	1.2086E-06	-1.6942E-06
-8.0768E-09	2.4959E-08	7.3184E-07	-4.8165E-07
3.0318E-08	1.3216E-08	3.0424E-07	-4.2076E-07
1.8634E-08	-2.8163E-08	2.8825E-08	-7.6393E-07
8.0688E-09	-1.8609E-08	4.9596E-07	-2.3315E-06
-9.0876E-09	3.8258E-10	-4.9944E-07	-1.7526E-06
-8.9156E-09	2.2982E-08	1.4842E-06	-3.5312E-06
3.5375E-08	-9.1191E-09	5.1026E-07	-7.2506E-07
-4.5048E-08	-8.6757E-09	-3.7892E-08	-2.1270E-07
-5.8082E-09	-1.0359E-08	1.7434E-06	-1.0633E-06
-2.8502E-08	-1.1799E-08	9.0679E-07	-1.3545E-06
-2.6595E-08	-1.6660E-08	2.3563E-07	6.5355E-08
-2.1111E-08	-7.5752E-09	8.3604E-07	-2.9585E-06
-1.1322E-08	-9.4818E-09	-1.1189E-07	-7.8870E-07
2.1989E-09	1.2820E-08	-6.4636E-07	-8.3437E-07
-1.9923E-08	4.0290E-08	1.3943E-06	7.0542E-09
-1.1944E-09	7.6822E-09	9.0624E-07	-7.7429E-07
2.3920E-08	-1.6925E-08	5.8051E-07	-6.2057E-07
-1.2213E-08	4.5197E-09	1.5907E-06	-2.7376E-06
-1.2478E-08	-1.7270E-08	9.3677E-07	-6.5871E-07
-7.9985E-09	-1.9445E-08	4.3252E-07	-1.0601E-06
-2.9664E-08	8.5752E-09	1.3715E-06	-1.2540E-06
7.0871E-09	1.3409E-08	1.1998E-06	-1.0856E-07
1.9694E-08	-2.5012E-09	7.0815E-07	-8.1633E-07
-1.6739E-08	1.0550E-08	1.7634E-06	1.5829E-08
-1.5548E-08	1.9560E-08	1.0254E-06	1.4079E-06
4.6769E-08	-3.9730E-08	1.4296E-06	-8.5503E-07
-2.6003E-08	-2.6998E-08	1.6265E-06	-1.0244E-06
-2.8476E-08	-2.3698E-08	1.0796E-06	-6.7324E-07
-3.3377E-08	1.0946E-08	1.1189E-06	-1.5631E-06
-2.2564E-08	-1.6744E-09	4.4015E-07	-2.1310E-06
-1.5388E-08	4.0831E-08	7.5704E-07	-1.3885E-06
-1.7890E-08	3.6546E-08	6.8501E-07	-1.4033E-06
1.7735E-08	-1.0680E-08	5.3136E-07	-1.1268E-06
2.0781E-08	2.5551E-08	1.5766E-06	5.8564E-07
2.4915E-10	3.5180E-08	-4.6338E-07	-1.6905E-06
1.1845E-08	-1.1554E-08	3.6499E-06	-1.6656E-06
-1.4177E-08	2.6879E-08	1.7636E-06	-1.1167E-06
5.9857E-09	-6.5674E-09	1.7557E-06	-1.5952E-06
-3.3824E-09	-1.5325E-08	1.5816E-07	-1.3482E-06
6.7082E-09	-1.0706E-08	-5.6523E-07	-2.9054E-06
-1.4896E-08	2.0225E-08	-5.8882E-07	-3.7137E-07
-4.4580E-09	-3.3061E-08	1.1849E-06	-3.9212E-07
-3.9777E-09	-4.3424E-10	-1.6472E-07	-6.4064E-07
8.9089E-09	-9.4187E-10	-4.2394E-07	-2.3862E-06
1.3858E-09	1.0224E-08	5.7607E-07	-1.9945E-07
-4.9038E-09	6.4894E-09	4.4799E-07	-3.4348E-07
1.2795E-08	7.9039E-09	6.5662E-08	-9.7220E-07
-1.6610E-08	-3.0354E-08	1.6112E-06	-3.3096E-07
-1.4393E-08	4.6497E-08	1.5983E-06	-2.4661E-06
-2.5224E-08	1.9731E-08	1.6451E-06	-7.8709E-07
-2.4103E-08	1.0864E-09	7.5443E-07	-1.0530E-06
-5.1240E-08	6.3645E-09	-6.0337E-07	-1.8310E-06
-1.8094E-08	-1.8364E-08	-6.3815E-08	9.2338E-08
-1.5960E-08	1.5326E-08	4.7541E-07	9.1634E-07
2.3271E-08	8.5378E-09	2.5363E-07	-2.0149E-06
-2.4751E-08	-5.2023E-08	2.5805E-07	-4.8934E-07
4.4130E-09	-2.2334E-08	-8.2798E-08	-2.9493E-06
4.7487E-09	6.0348E-09	2.6915E-07	2.2710E-07
2.7897E-09	-8.5631E-09	1.0047E-06	-1.0840E-06
1.3758E-08	-5.5593E-09	1.1030E-06	-6.2892E-07
3.3003E-09	2.2110E-08	-5.6719E-07	-1.1416E-06
-8.9857E-09	2.2536E-08	7.7957E-07	-9.1004E-07
-7.4909E-09	1.0941E-08	5.7578E-07	-8.7713E-07
-3.3835E-08	-2.0469E-08	-6.4894E-08	-1.4231E-06
2.7256E-09	2.2749E-08	1.7444E-06	-3.5119E-07
3.2646E-09	-2.4714E-08	5.1043E-07	6.8937E-07
1.9247E-08	-1.5373E-08	2.9049E-07	-8.0973E-07
-1.0146E-08	3.6951E-08	1.3247E-06	-9.3534E-07
-1.2340E-08	1.7217E-08	4.3572E-07	-9.2765E-07
2.3818E-09	-2.6479E-08	1.4669E-06	-1.6498E-06
2.9701E-08	2.2528E-09	-9.1692E-07	-3.4099E-07
2.5378E-08	1.0201E-08	1.6160E-07	-3.5995E-06
-5.7051E-09	1.8531E-08	1.3087E-06	-5.8745E-07
1.2797E-08	7.2708E-09	1.2400E-06	-1.2846E-06
-6.1592E-09	7.5789E-11	1.5024E-06	-1.1800E-07
5.2082E-09	1.2405E-08	-2.1296E-07	-6.7934E-07
-2.1216E-09	-4.0810E-08	1.7394E-06	-7.5568E-07
-1.4044E-08	6.4064E-09	1.1321E-06	-2.2725E-06
-1.7665E-09	-9.3571E-09	-4.3775E-08	-6.1244E-07
-8.9985E-09	-1.3327E-08	1.5646E-07	-1.8427E-06
-1.4142E-08	-8.1836E-09	-1.5382E-06	-1.2019E-06
1.1071E-08	1.6358E-08	-1.0247E-07	-2.2684E-07
2.5089E-08	4.9747E-09	2.0614E-06	-1.7914E-06
-2.7073E-09	-1.0084E-08	1.9936E-07	-1.1710E-06
1.5031E-08	-2.0483E-08	1.5599E-06	-1.3287E-06
-2.9941E-08	1.1481E-08	3.1618E-07	-2.4724E-06
-1.9221E-08	2.3573E-09	-1.1897E-06	-6.4122E-07
1.7576E-08	-8.1525E-09	3.2793E-07	-1.2667E-06
1.7557E-08	-8.8782E-09	1.0456E-06	5.5694E-08
-3.5094E-08	4.8421E-08	1.1704E-06	-1.4344E-06
8.1636E-09	-4.3465E-08	5.7885E-07	-1.4912E-06
-3.3291E-08	-1.2899E-08	1.5892E-06	-1.4463E-06
5.3422E-09	2.5273E-08	1.2763E-06	-4.0642E-07
4.0132E-09	1.8470E-08	7.3553E-07	-9.4573E-07
1.3045E-09	-1.7090E-08	8.9090E-07	-1.4792E-06
1.7493E-08	-1.4111E-08	1.0596E-06	-1.0498E-06
-5.1677E-10	1.3684E-08	1.2889E-06	-7.4248E-07
1.3836E-08	5.3518E-09	3.9913E-07	-4.5769E-07
9.0401E-09	-3.9690E-09	-5.8028E-07	7.6109E-07
-1.5548E-08	-2.4693E-08	2.2552E-07	-6.2283E-07
-3.1675E-09	4.6888E-09	6.8605E-07	-3.9131E-07
4.2696E-09	4.4680E-10	-4.5839E-07	-6.5186E-08
-6.7786E-09	-2.5416E-08	1.4640E-06	-7.6130E-07
-7.8631E-09	1.8029E-08	3.1997E-07	-1.2284E-07
9.7913E-09	-1.4292E-08	9.2174E-07	-1.4527E-06
1.4472E-08	1.1141E-09	1.4788E-07	-1.0512E-06
-9.2408E-09	-5.8132E-09	1.0095E-06	1.4171E-07
3.7341E-08	-2.0765E-09	2.0413E-06	-1.9093E-06
-1.3491E-08	1.2438E-09	5.8688E-07	-3.5926E-07
-8.7164E-09	-2.8045E-09	8.6480E-07	-2.2093E-06
7.9432E-09	4.4218E-10	-5.5009E-07	-6.5705E-07
2.4929E-09	-2.8609E-08	8.3387E-08	-1.5372E-07
6.4193E-09	1.8116E-09	1.3060E-06	9.7378E-07
-1.4831E-08	2.6817E-08	4.6634E-07	-4.1521E-07
1.9728E-08	-2.6320E-09	5.4071E-07	8.8312E-07
-5.8874E-09	-2.0057E-08	9.2236E-07	6.0295E-07
1.6700E-08	-2.6957E-09	4.4970E-07	-5.8501E-07
1.9412E-09	4.0208E-08	1.5752E-06	2.8722E-08
5.7988E-09	1.8352E-08	3.7061E-07	-2.3444E-06
1.1032E-08	-1.2969E-08	5.0021E-09	2.4455E-07
-4.8998E-09	-3.2259E-08	-1.2267E-06	7.2428E-09
-1.6354E-08	-8.1156E-10	2.2874E-06	-2.8336E-07
9.1506E-09	-1.5752E-08	-7.0713E-07	-1.2107E-06
2.1741E-08	6.9887E-09	7.1851E-07	-1.6206E-07
-2.5840E-08	3.1644E-08	1.1554E-06	-8.2956E-07
1.0873E-08	9.6197E-09	1.0456E-06	-1.6675E-06
6.1488E-09	-2.1841E-08	1.7251E-06	-4.8189E-07
-1.0773E-08	-1.0888E-08	1.2974E-06	4.1515E-07
7.2374E-09	-3.4633E-08	9.2397E-07	-1.5983E-06
1.7480E-09	-7.8787E-09	-1.1958E-06	8.6558E-07
-2.1530E-08	-9.4725E-09	7.2389E-07	-8.6797E-07
-9.8403E-09	1.6161E-08	1.5680E-06	-1.3566E-07
3.9930E-10	-3.4986E-08	4.4040E-07	-8.0489E-07
3.5555E-08	-8.6277E-09	7.2558E-07	-1.4471E-06
-1.4941E-08	-4.5854E-08	-9.4952E-08	-2.2087E-06
4.6539E-09	6.8189E-09	8.5055E-07	-4.3222E-07
-5.1550E-09	-1.1178E-08	-3.5559E-08	9.0652E-07
-5.8283E-09	-1.6133E-08	-8.7584E-07	2.0627E-07
9.2227E-09	-1.8422E-08	2.5144E-07	-1.8932E-06
-1.7384E-08	-1.0537E-08	3.7394E-08	-1.3361E-06
1.8310E-08	1.4404E-08	1.5995E-06	-1.8133E-06
9.0577E-09	1.6051E-08	9.0157E-07	-2.8554E-06
-7.9092E-09	9.4358E-09	-1.9975E-06	-5.9207E-07
2.3510E-08	-1.7434E-08	1.3112E-06	-3.0133E-07
-1.4686E-08	-1.7488E-08	8.0318E-07	-1.2404E-06
6.0606E-09	-5.3500E-08	1.3142E-06	-1.0505E-06
5.9052E-08	-1.8708E-08	1.3969E-06	-4.2187E-07
-2.7578E-09	1.1935E-09	-4.1602E-08	6.1217E-07
6.3148E-09	-8.8891E-09	1.0160E-06	5.5535E-07
1.6958E-08	-2.8651E-08	9.1153E-07	-1.0081E-06
1.1375E-08	-1.4060E-09	-5.9461E-07	-9.8308E-07
-2.1728E-08	-1.2757E-09	-7.1399E-07	-3.1843E-07
4.0597E-08	3.0951E-08	-9.5027E-07	-1.4929E-06
-1.6308E-08	-2.0354E-09	2.4799E-07	-1.4729E-06
3.7591E-08	2.7731E-08	2.1356E-07	1.2819E-07
-3.2473E-09	1.4647E-08	-1.0617E-10	-1.8797E-06
1.7222E-08	4.5560E-09	1.5446E-06	3.9346E-07
8.9071E-09	1.7858E-09	1.0625E-06	-5.2717E-07
-4.3260E-08	-2.4922E-09	-2.0886E-07	-2.0578E-07
-3.4728E-08	7.2189E-09	-3.6594E-08	-8.8497E-07
-7.3491E-09	-3.9448E-08	4.4693E-07	-1.9574E-06
-2.9237E-08	-2.5222E-09	6.4832E-07	5.0570E-07
1.3923E-08	2.6192E-08	8.7872E-09	3.3639E-07
-5.9889E-09	1.3310E-08	-1.0766E-06	-1.1294E-06
2.0339E-08	2.6138E-08	1.4979E-06	-8.2885E-08
2.2928E-08	-2.8249E-08	1.9702E-06	-9.9585E-07
-2.9326E-08	1.5899E-08	5.1685E-07	-1.9028E-06
-2.7292E-09	-1.5519E-08	-6.8680E-07	-2.0740E-06
-7.8836E-09	-3.3308E-08	5.3097E-07	-4.1708E-07
-4.3470E-08	-1.7723E-09	2.8900E-07	7.7711E-07
1.8915E-08	9.2628E-09	8.3447E-09	-1.1897E-06
-5.8775E-09	-4.7109E-09	4.1085E-08	-2.1581E-06
3.3861E-09	-1.0991E-08	-5.6002E-07	-1.3908E-06
1.1769E-08	1.4089E-08	-9.3537E-08	-6.5294E-07
-1.2713E-08	-1.6736E-08	-6.6895E-08	-2.5728E-07
-2.4193E-09	-1.5944E-08	1.0933E-06	-2.3012E-06
4.5110E-09	3.9475E-09	6.8178E-07	8.1533E-07
-2.0804E-08	1.3227E-08	-1.0467E-06	-1.1808E-06
3.8424E-09	1.7609E-08	1.3860E-06	-1.6767E-07
1.9771E-09	-1.2180E-08	1.7449E-06	-8.4109E-07
2.7394E-08	-5.1558E-08	1.3948E-06	2.7884E-07
-1.3320E-08	-2.0199E-08	-4.9884E-07	-2.0430E-07
3.5552E-08	-3.0594E-08	7.4771E-07	-2.5417E-06
-1.7374E-08	2.2688E-08	-2.3498E-07	-1.0254E-06
2.3451E-08	-1.6426E-09	4.1296E-07	-1.7570E-06
9.4955E-09	1.1952E-09	1.7066E-06	-2.6342E-07
-3.4345E-08	-3.5628E-08	1.0925E-06	9.6222E-07
-1.2948E-08	6.7581E-09	6.4155E-07	-7.3626E-07
2.9550E-09	2.4737E-08	1.2331E-06	3.3977E-07
-2.5643E-08	-3.0604E-09	1.2376E-06	-1.6472E-06
5.5005E-09	7.2446E-09	8.8858E-07	-8.9596E-07
-9.0254E-09	6.0577E-09	1.1870E-06	-1.0735E-06
2.2745E-08	3.5228E-09	4.8056E-07	-9.1832E-07
2.0643E-08	1.6532E-08	-1.5776E-07	-2.0153E-06
-1.6456E-09	-1.9752E-08	3.8061E-08	-1.0800E-06
1.2036E-08	2.4036E-08	1.9139E-06	2.0905E-07
6.7531E-09	-1.1322E-08	4.2970E-07	-1.0180E-06
1.8414E-08	8.4393E-09	4.0660E-07	-1.8160E-06
-1.8108E-08	-7.4769E-09	-2.6506E-07	-1.3650E-06
9.0369E-10	-2.1141E-09	1.5436E-06	-1.1191E-06
-2.1929E-08	1.8688E-08	1.5028E-06	-3.6847E-07
1.0983E-08	-2.8357E-08	1.1084E-07	-3.4612E-07
-3.3114E-08	-1.1114E-08	2.4750E-06	-3.8286E-07
-2.6108E-08	2.7698E-08	1.6044E-06	-2.0332E-06
-3.1533E-08	1.2783E-08	6.4869E-07	-3.1957E-07
1.5986E-08	-1.2948E-08	-6.6565E-07	-3.7098E-07
9.6649E-09	-6.2907E-10	8.7799E-08	-7.8886E-07
1.9831E-08	4.0331E-09	1.1258E-06	3.2330E-07
5.4575E-09	2.7108E-09	2.6894E-07	-1.1594E-06
4.1717E-09	-4.6544E-08	4.0411E-07	-2.0784E-06
-1.0114E-08	-1.8208E-08	1.3581E-06	-4.9610E-07
-2.7833E-09	-1.2018E-08	5.5715E-07	3.0933E-07
-1.6892E-08	5.8318E-09	-7.0125E-07	-8.5392E-07
2.7118E-08	2.8398E-09	1.8716E-07	-1.1695E-06
-1.9156E-08	1.3130E-08	-3.4878E-07	-2.2486E-07
-2.6952E-09	2.8333E-08	6.5890E-07	-1.0224E-06
-2.3577E-09	-3.3221E-08	1.1671E-06	3.4193E-07
1.3147E-08	1.1605E-08	2.0120E-07	-8.2163E-10
1.6719E-08	1.2079E-08	1.2927E-06	-7.3165E-07
1.2555E-08	5.3993E-09	-8.7217E-07	-8.2599E-07
1.2685E-08	5.2646E-09	1.7427E-06	-1.1350E-06
-1.4172E-09	6.9613E-09	-9.4396E-07	-6.4029E-07
2.7012E-08	-1.2159E-09	3.5342E-07	-4.3809E-07
7.9886E-09	5.3581E-09	7.6660E-07	-1.0426E-06
-1.4624E-08	-3.7160E-08	-6.6734E-07	-3.2869E-07
-8.6484E-09	-5.0016E-08	1.1391E-06	-6.6654E-07
1.2027E-08	1.4147E-08	7.9809E-07	4.7890E-07
-7.9923E-09	-1.2564E-08	7.8380E-07	-1.0760E-06
1.7607E-08	-2.0048E-09	-5.2506E-08	-8.3425E-07
-1.5753E-08	-4.9845E-09	2.1308E-06	-1.5004E-06
4.4005E-09	4.1133E-08	-5.8478E-07	3.2608E-07
-1.9991E-09	-1.1631E-08	2.3432E-07	1.3804E-06
-1.0709E-08	2.1404E-09	6.9275E-07	-8.5509E-07
-1.2100E-08	-2.3887E-08	-2.5291E-07	2.2207E-07
-2.5680E-08	-2.9380E-09	1.1008E-07	-5.6865E-07
3.2742E-09	-1.7219E-08	5.6615E-07	-2.0269E-07
7.2715E-09	1.0126E-08	8.5304E-07	-2.6136E-07
3.7379E-09	-3.4050E-11	-1.4673E-07	4.6987E-07
-3.0497E-08	1.8815E-08	1.2101E-06	-6.5806E-07
-1.9733E-08	-1.4629E-08	3.0653E-06	-2.0259E-06
-3.2021E-08	2.3869E-08	9.0309E-07	-2.1362E-06
-2.2686E-08	-2.2623E-08	1.6597E-06	-2.7293E-07
-3.7946E-09	1.8190E-08	1.0841E-06	-1.0322E-06
2.4343E-08	1.8596E-08	1.6287E-06	-5.4466E-07
6.8348E-09	1.4775E-08	3.7066E-07	3.0626E-07
2.1249E-08	-2.2831E-08	-3.3357E-07	-1.1956E-06
2.6253E-09	-1.9613E-09	5.6239E-07	2.1318E-07
-1.0317E-08	-9.1058E-09	1.6026E-07	-1.3979E-07
8.5088E-09	7.2276E-09	-1.0770E-06	-1.4405E-06
-3.3435E-09	-9.7023E-09	1.0184E-06	-5.0276E-07
5.7666E-09	5.5203E-09	3.9655E-07	5.2605E-07
9.8827E-09	-2.4517E-08	1.5281E-06	-1.9946E-06
-4.9203E-10	-1.6937E-08	6.8662E-08	-5.7036E-07
-9.0609E-09	-1.6854E-08	-1.4637E-06	-1.1614E-06
-1.5074E-08	6.4183E-09	9.3787E-08	-7.1758E-07
-2.6031E-08	-2.1474E-08	9.8011E-07	-7.9108E-07
1.0066E-08	-7.0266E-09	-1.5702E-06	-2.8058E-07
-1.1597E-08	1.8934E-08	-6.0234E-07	-1.6584E-06
1.9786E-08	-1.7690E-09	1.2178E-07	4.6117E-07
-1.7706E-08	-2.9743E-08	6.1299E-07	5.8968E-07
9.8489E-09	1.5130E-08	8.0191E-07	-1.0779E-06
1.2371E-08	-9.1231E-09	2.6270E-07	-1.6007E-06
-6.5071E-09	-1.6527E-08	-1.3585E-07	-9.0559E-07
2.9448E-08	-3.4706E-09	1.8649E-06	-2.0015E-06
-2.2385E-08	3.0205E-08	7.4067E-07	-1.6978E-06
-3.8395E-09	1.0137E-08	5.9419E-08	-9.3782E-07
-4.7975E-08	8.8846E-09	1.8591E-07	-1.2940E-06
3.4237E-08	8.1102E-09	-1.4195E-06	-1.1111E-06
-3.8049E-09	-3.2104E-08	-7.9400E-07	3.4203E-07
-3.2251E-09	1.0901E-08	-4.7203E-07	-6.9074E-07
2.1486E-08	-4.6279E-09	-6.5222E-07	-1.1829E-06
-1.9257E-09	2.6721E-08	-8.5144E-07	-1.9738E-06
-2.1715E-08	-1.6008E-08	7.8610E-07	-2.8698E-07
1.1187E-10	-1.1343E-08	2.3113E-07	-1.3798E-06
-1.4882E-08	-1.4110E-08	-7.5820E-08	-1.1883E-06
-1.7424E-10	-3.1117E-08	1.4619E-06	-1.9799E-06
2.8687E-08	8.9082E-09	7.0576E-08	-2.5641E-06
3.6598E-08	2.9866E-08	-1.0184E-06	-2.4491E-06
-2.3769E-08	-3.8709E-09	5.9842E-07	-3.2911E-06
2.8086E-08	3.4584E-08	1.1413E-06	-5.5546E-08
4.2064E-08	-3.0072E-08	7.8639E-07	-4.8266E-07
3.3866E-08	2.9466E-08	9.3947E-07	-1.2879E-06
1.7582E-08	8.9266E-09	2.9234E-07	-4.6949E-07
5.5527E-08	2.5761E-08	1.8861E-07	5.5875E-07
3.6671E-08	-4.1428E-09	-2.6432E-07	-1.3360E-06
2.1689E-08	-3.1924E-08	6.8415E-07	-1.4768E-06
5.6705E-09	2.2820E-08	-2.6118E-06	-2.0794E-06
-4.4190E-08	-5.7776E-09	-2.7731E-07	-2.3960E-06
-1.3936E-09	5.8944E-09	-6.8861E-07	-1.4855E-06
3.4828E-09	-2.4892E-08	-1.1269E-06	-1.3386E-06
1.7945E-08	-1.8741E-08	-8.3426E-07	-1.7850E-06
1.6739E-08	9.6776E-09	-1.5388E-06	-9.8904E-07
-2.5659E-09	-4.0674E-08	-2.8447E-06	-2.0590E-06
-6.0274E-09	-2.5453E-08	-1.5999E-06	-5.8369E-07
7.1001E-08	-1.1849E-08	-1.3217E-06	-1.9609E-06
2.8979E-08	6.7955E-08	-9.6557E-07	-8.6076E-07
5.3535E-08	-1.8734E-08	-1.5438E-06	-2.4505E-06
1.0435E-07	-3.2319E-08	-6.4557E-07	-2.3369E-06
1.2433E-07	-7.1991E-09	4.6810E-07	-1.2060E-06
1.3188E-07	1.2351E-08	-3.1448E-06	-1.1839E-06
2.2700E-07	3.5510E-08	-1.6067E-06	-1.6182E-06
3.2987E-07	7.9762E-09	-4.8515E-06	-2.4143E-06
5.7067E-07	-3.0451E-09	-1.4482E-06	-3.2706E-07
