jMRUI Data Textfile

Filename: Export_to_jmrui.txt

PointsInDataset: 2048
DatasetsInFile: 1
SamplingInterval: 0.250000
ZeroOrderPhase: 0E0
BeginTime: 0E0
TransmitterFrequency: 1.2326E8
MagneticField: 2.8936E0
TypeOfNucleus:  
NameOfPatient:  
DateOfExperiment:  
Spectrometer:  
AdditionalInfo: 
SignalNames:  


Signal and FFT
sig(real)	sig(imag)	fft(real)	fft(imag)
Signal 1 out of 1 in file
2.8365E-06	6.3861E-07	-1.9238E-07	3.6085E-07
4.3704E-06	-2.0548E-07	-1.6052E-06	1.7067E-06
3.1535E-06	-1.4970E-06	-8.8266E-07	-4.2539E-07
2.1008E-06	-2.2152E-06	-1.3539E-06	1.6606E-06
2.7389E-07	-2.3750E-06	-1.1978E-06	2.3923E-06
-7.0947E-07	-1.7164E-06	-6.3139E-08	5.5585E-07
-1.3692E-06	-7.7849E-07	-2.2440E-06	-6.6658E-07
-9.6383E-07	1.3082E-07	-6.1797E-07	1.5801E-07
-3.1363E-07	5.8685E-07	-3.1162E-06	5.1769E-07
5.2987E-07	5.8394E-07	-1.8136E-06	1.9049E-06
1.0047E-06	1.8787E-07	-5.3859E-07	1.4679E-06
1.2017E-06	-3.2243E-07	-6.3178E-07	1.1965E-06
9.0546E-07	-7.2735E-07	1.2065E-06	1.2954E-06
4.9635E-07	-9.2788E-07	-8.5123E-07	1.5649E-06
3.6629E-08	-8.2849E-07	-1.5576E-06	1.7430E-06
-1.1960E-07	-6.6836E-07	-7.2196E-08	-3.5896E-07
-2.2176E-07	-4.2904E-07	-1.1207E-06	2.8354E-06
-6.7433E-08	-3.5604E-07	-6.9984E-07	2.0595E-07
-5.7606E-08	-3.5579E-07	6.5780E-08	2.4706E-06
-8.9559E-08	-3.7987E-07	-8.8107E-07	2.3624E-07
-3.1052E-07	-3.7804E-07	-9.4405E-07	7.4380E-07
-3.3895E-07	-1.8222E-07	-2.1743E-07	8.2242E-07
-4.3742E-07	-8.3535E-08	1.0767E-07	2.3069E-06
-2.6544E-07	1.2989E-07	1.0564E-06	1.4433E-06
-1.0785E-07	1.9307E-07	2.7634E-07	2.9424E-06
1.5308E-07	8.1294E-08	2.0075E-06	-1.1377E-07
2.7322E-07	-6.0529E-08	8.3633E-07	4.1586E-07
2.9697E-07	-2.9025E-07	-1.3249E-07	-1.4944E-07
1.0201E-07	-4.4482E-07	-1.0384E-06	2.0614E-06
-9.6863E-08	-3.9816E-07	8.9642E-07	1.4185E-06
-3.5353E-07	-2.3582E-07	1.4670E-06	1.0279E-06
-3.6588E-07	-2.0947E-08	-8.4913E-07	2.7971E-07
-3.5346E-07	1.9908E-07	7.6403E-07	3.1298E-06
-1.6411E-07	2.6300E-07	1.8276E-06	1.4783E-06
1.4550E-08	2.2939E-07	-6.4246E-07	2.9435E-06
1.7737E-07	1.3299E-07	4.9697E-08	5.1658E-07
2.2940E-07	7.9113E-08	7.7221E-08	9.5161E-07
2.1852E-07	-6.1841E-08	5.7742E-09	2.1252E-06
1.8053E-07	-1.5010E-07	-2.0729E-07	5.1286E-07
1.9047E-07	-1.2304E-07	-2.5728E-07	3.7816E-07
1.3453E-07	-1.6123E-07	-1.2766E-06	7.9162E-07
1.9576E-07	-2.2427E-07	3.0132E-07	-2.6316E-07
1.2328E-07	-2.9196E-07	5.5538E-07	1.9947E-07
1.1477E-07	-3.5805E-07	6.0510E-07	-4.7163E-07
-4.4926E-08	-4.1682E-07	-1.8653E-06	1.1924E-06
-8.7664E-08	-4.3150E-07	1.3951E-06	9.2102E-07
-1.7528E-07	-3.3606E-07	-1.7907E-07	1.2126E-06
-2.6229E-07	-2.3816E-07	9.1756E-08	3.2418E-07
-2.6620E-07	-1.8174E-07	-9.5716E-07	1.1150E-06
-2.0844E-07	-9.7994E-08	-1.2475E-07	3.6472E-06
-1.3875E-07	-7.2521E-08	3.8023E-07	2.1353E-06
-9.3795E-08	-1.1341E-07	4.4882E-07	6.9350E-07
-1.0076E-07	-2.1477E-07	2.5267E-07	2.4612E-06
-1.8726E-07	-2.4127E-07	9.7449E-07	1.3067E-06
-2.9823E-07	-2.7715E-07	6.2520E-07	7.5988E-07
-4.0684E-07	-1.7138E-07	2.8053E-07	7.0435E-07
-4.6076E-07	-8.4364E-08	5.0866E-07	9.9037E-07
-4.2776E-07	-8.3352E-09	5.1669E-07	4.1028E-07
-2.6456E-07	1.0713E-07	-1.0429E-06	1.1505E-06
-1.2669E-07	8.5539E-08	9.1137E-07	1.6552E-06
-5.6709E-08	-1.4887E-08	-3.7429E-07	2.1430E-06
-4.3958E-08	-6.7839E-08	-8.6977E-07	1.0376E-07
-1.3779E-07	-1.3791E-07	8.1894E-07	1.7812E-06
-2.5607E-07	-1.4538E-07	1.0900E-06	1.7121E-06
-3.6537E-07	-1.0903E-07	4.8902E-08	1.5813E-06
-4.2431E-07	2.5487E-08	1.9330E-06	-7.1304E-07
-3.6426E-07	1.4941E-07	7.9456E-07	1.3957E-07
-2.7156E-07	1.9060E-07	1.2744E-06	2.2373E-06
-1.5851E-07	1.6982E-07	7.6969E-07	1.2602E-06
-1.1667E-07	1.2229E-07	-6.3020E-07	1.5167E-06
-1.0711E-07	2.7221E-08	-2.1928E-07	1.6410E-06
-1.8566E-07	2.5871E-09	-9.2971E-07	5.0698E-07
-2.2758E-07	7.2896E-09	-3.9105E-07	1.8623E-06
-2.8000E-07	4.5186E-08	7.1405E-07	2.6486E-06
-2.3694E-07	1.3779E-07	-9.1163E-07	1.8643E-06
-2.0170E-07	1.6103E-07	8.8311E-07	1.9250E-06
-5.7641E-08	2.0209E-07	1.3150E-06	7.9541E-07
-3.7888E-08	1.6330E-07	1.1327E-06	5.3822E-07
-5.8054E-08	9.1189E-08	-9.3933E-07	1.7863E-06
-8.0421E-08	4.3338E-08	1.4956E-06	1.5245E-06
-1.2710E-07	3.7851E-08	-8.1685E-07	2.9294E-07
-1.8881E-07	8.5867E-08	1.7235E-07	-1.1118E-06
-1.7389E-07	1.4144E-07	6.6837E-07	2.3124E-06
-1.3204E-07	2.2609E-07	1.6043E-06	4.4011E-07
-5.4131E-08	1.9930E-07	-9.0348E-07	7.6328E-07
4.6699E-08	1.5182E-07	-9.2138E-07	6.1350E-07
7.1550E-08	5.5002E-08	5.9466E-07	3.0053E-06
4.1729E-08	-8.3792E-08	3.9385E-07	1.4145E-06
-4.4130E-08	-1.1255E-07	7.1852E-07	5.4697E-07
-1.5823E-07	-1.1186E-07	9.2874E-07	5.6202E-07
-2.1212E-07	-8.5576E-08	-5.7636E-07	1.3438E-07
-2.5799E-07	7.2392E-08	-2.4630E-07	5.0803E-07
-2.0027E-07	1.7018E-07	-1.2749E-06	1.8478E-06
-8.2864E-08	1.7377E-07	1.4170E-06	2.1672E-06
-3.7862E-08	1.4450E-07	-2.0047E-06	5.6368E-07
1.0514E-07	1.4003E-07	-7.8582E-07	1.5653E-06
1.2502E-07	-2.6169E-08	1.2203E-06	2.8640E-06
9.6666E-09	-8.8882E-08	1.1471E-07	-9.9590E-08
-7.5305E-08	-1.8612E-07	4.0520E-07	1.3340E-06
-1.6660E-07	-1.3581E-07	-1.1152E-06	1.3991E-06
-2.4700E-07	-1.0158E-07	1.0388E-06	1.2887E-06
-2.4194E-07	-2.3277E-08	6.3200E-07	-3.7293E-07
-2.7115E-07	5.5347E-10	-1.0421E-06	1.3368E-06
-2.2900E-07	4.6679E-08	-7.9381E-07	2.1603E-06
-2.0577E-07	5.4087E-08	5.8404E-07	5.3225E-07
-1.9154E-07	2.6961E-08	9.4552E-07	1.0266E-06
-2.3275E-07	3.7881E-08	3.9132E-07	2.2825E-06
-2.4278E-07	2.5809E-08	-3.2028E-07	1.2031E-06
-2.2535E-07	7.6180E-08	-1.8357E-07	3.7608E-06
-1.4867E-07	7.9843E-08	1.1880E-07	1.2489E-06
-7.7573E-08	1.5584E-07	1.4847E-06	2.3340E-06
-4.7181E-08	9.1458E-08	-8.2321E-07	7.2300E-07
-6.1100E-09	1.9854E-08	7.4435E-07	1.0907E-06
-8.0740E-08	-2.7746E-08	-8.5108E-07	1.5965E-06
-1.4892E-07	-6.7363E-08	1.4960E-06	1.8155E-06
-2.2722E-07	-1.8286E-08	-1.0312E-07	2.1537E-06
-2.8848E-07	2.9706E-08	5.1046E-07	2.4874E-06
-2.1961E-07	8.2257E-08	1.5529E-06	8.5085E-07
-1.8960E-07	1.6923E-07	7.5666E-07	1.9251E-06
-8.8334E-08	1.4445E-07	9.1228E-07	1.6320E-06
-3.6065E-08	1.2193E-07	1.0537E-06	2.5082E-06
-1.6050E-08	5.2015E-08	-6.4714E-07	1.3555E-06
-1.9879E-08	-2.6936E-08	-2.6138E-07	7.3347E-07
-6.6776E-08	-7.2687E-08	5.0302E-07	1.6715E-06
-1.2631E-07	-1.3602E-08	1.6919E-06	2.0771E-06
-2.1573E-07	1.7742E-08	-1.4802E-06	1.3510E-06
-1.8865E-07	6.8955E-08	4.9651E-07	1.5532E-06
-1.5568E-07	7.3428E-08	-4.2381E-07	3.1681E-06
-9.5848E-08	1.2222E-07	2.1664E-06	2.3951E-06
-3.4144E-08	7.8476E-08	1.5388E-07	2.0512E-06
-4.6466E-08	2.8440E-08	-1.1670E-06	1.6410E-06
-1.3256E-07	4.1700E-08	-1.5735E-06	2.0892E-06
-1.3615E-07	-1.3533E-08	4.6801E-07	1.6254E-06
-9.9783E-08	7.9307E-09	1.9513E-06	2.6616E-06
-1.5303E-07	3.9654E-08	-5.6346E-08	2.3769E-06
-8.9157E-08	5.7701E-08	-1.0738E-06	2.7742E-06
-5.1271E-08	7.6902E-08	-6.1449E-07	2.7382E-06
1.2177E-08	3.0828E-08	7.3301E-07	2.1737E-06
-3.5165E-08	-2.1237E-08	-2.3558E-07	2.3592E-06
-1.4107E-08	-7.4290E-08	-5.8041E-07	1.6260E-06
-7.6322E-08	-8.6019E-08	-3.9883E-07	2.2987E-06
-1.5440E-07	-8.7056E-08	1.0741E-07	9.3203E-07
-1.7258E-07	-5.5709E-08	-1.4779E-07	2.3063E-06
-1.9449E-07	1.1165E-08	7.5390E-07	2.8561E-06
-1.8903E-07	4.7922E-08	4.2531E-07	3.0810E-06
-1.5307E-07	6.5322E-08	7.0607E-09	2.1200E-06
-1.1194E-07	7.7222E-08	8.3439E-07	9.1798E-07
-4.0539E-08	1.4249E-08	8.9623E-07	1.5832E-06
-4.4511E-08	-4.0820E-08	3.4431E-07	1.9129E-06
-7.8601E-08	-1.8621E-08	-1.2469E-06	4.9122E-08
-1.1311E-07	-6.7327E-08	-1.1835E-06	1.8427E-06
-1.6553E-07	-7.9208E-08	1.9361E-07	1.6032E-06
-1.7047E-07	-2.3624E-09	1.0782E-06	2.7332E-06
-1.7547E-07	-1.2000E-08	-4.7397E-07	1.6933E-06
-1.1749E-07	4.5635E-08	-9.5041E-07	1.2378E-06
-1.5441E-07	9.1146E-08	1.6353E-06	2.9512E-06
-6.8009E-08	6.1307E-08	8.5594E-07	1.3483E-06
-5.4171E-08	2.8738E-08	-5.7259E-07	6.0565E-07
-3.0593E-08	-1.5415E-09	3.8474E-07	2.3096E-06
-1.3233E-07	-2.6517E-08	2.6013E-06	5.3386E-07
-7.9730E-08	6.3242E-09	4.3110E-07	1.3037E-06
-7.8730E-08	-2.0716E-08	3.0711E-07	2.2834E-06
-9.9232E-08	1.5819E-08	1.4460E-07	3.9446E-06
-9.6607E-08	-1.6252E-08	1.0895E-06	1.3950E-06
-1.0706E-07	2.1693E-08	1.5350E-06	2.3524E-06
-1.4445E-07	4.8733E-09	4.9300E-07	3.3280E-06
-8.4116E-08	6.6873E-08	6.9065E-07	1.6679E-06
-1.1024E-07	6.8432E-08	-1.6376E-07	2.3487E-06
-6.5417E-08	7.0746E-08	-8.1438E-08	5.0003E-07
-1.2520E-07	5.7415E-08	1.0686E-06	1.7982E-06
-9.1004E-08	6.4845E-08	5.2881E-07	1.7955E-06
-1.4242E-08	6.7863E-08	7.2489E-07	8.3738E-07
-1.8167E-08	1.5404E-08	4.8138E-07	1.7253E-06
-7.8023E-09	-7.7699E-09	1.4398E-06	2.2037E-06
-6.2976E-09	1.3118E-08	-2.7043E-07	5.7360E-07
3.4955E-08	-4.9869E-09	1.2572E-06	2.1358E-06
-5.8186E-08	-4.0946E-08	6.9232E-07	2.9030E-06
-1.0688E-08	-1.8285E-08	3.9133E-07	1.4349E-06
-7.2855E-08	-7.4581E-09	-1.3559E-06	3.6146E-06
-7.4233E-08	-1.9055E-08	1.8449E-06	1.1438E-06
-4.6240E-08	-2.5818E-08	1.8017E-07	1.1392E-06
-7.7193E-08	-2.3521E-08	4.5724E-07	2.6905E-06
-5.1744E-08	-4.4620E-08	-1.8405E-07	1.6331E-06
-5.3422E-08	-3.9563E-08	5.6351E-07	1.2114E-06
-5.4830E-08	-2.7058E-08	5.4419E-07	1.5806E-06
-9.2451E-08	-6.2393E-08	8.2632E-07	3.6704E-07
-5.5887E-08	-5.3354E-08	1.0489E-06	2.2654E-06
-1.1766E-07	-4.3308E-08	4.7051E-07	1.2669E-06
-7.5242E-08	5.2260E-09	-4.2218E-07	1.6349E-06
-6.7736E-08	1.1820E-08	6.1182E-07	1.3816E-06
-8.0722E-08	3.0248E-08	-1.1341E-06	1.7968E-06
-1.1543E-07	1.3755E-08	1.4336E-06	1.5666E-06
-9.5274E-08	1.3753E-08	4.3062E-07	1.5858E-06
-6.9665E-08	1.3647E-08	1.6567E-08	5.1339E-07
-7.3180E-08	3.8478E-08	-1.0554E-07	1.4535E-06
-6.8619E-08	5.2340E-09	-3.1608E-09	1.5797E-06
-6.3866E-08	2.2706E-08	8.6741E-07	-3.2978E-08
-2.9570E-08	-4.6218E-09	1.0013E-07	1.3877E-06
-6.9205E-08	-1.9260E-09	-7.0129E-07	8.3800E-07
-6.8985E-09	2.1971E-08	-1.5992E-07	2.3566E-06
-4.8198E-08	2.0766E-08	1.3756E-06	2.5816E-07
-7.0555E-08	-1.0976E-08	6.9157E-07	1.1320E-06
-8.3843E-08	4.8942E-09	1.2634E-06	1.2695E-06
-4.4142E-08	8.5718E-09	1.3590E-06	2.0729E-06
-7.6642E-08	-5.5603E-09	-1.9463E-06	1.1816E-06
-2.6349E-08	2.6947E-08	1.3132E-07	1.4661E-06
-4.8256E-08	-2.0133E-08	-4.4549E-07	1.8086E-06
-3.6683E-08	-1.7954E-08	5.6190E-07	1.0375E-06
-3.1879E-08	-2.7030E-08	3.9265E-07	3.6214E-07
-4.8723E-08	-1.7886E-08	1.0093E-06	1.6811E-06
-5.9030E-08	1.8104E-08	1.1635E-06	2.4725E-06
-2.1853E-08	1.4309E-09	4.7432E-07	1.8049E-06
2.5200E-09	4.2193E-08	-4.8095E-07	2.1722E-06
1.5355E-09	2.4721E-08	-1.1851E-06	1.7913E-06
-2.0620E-08	5.1565E-09	1.1777E-06	3.0331E-06
7.5206E-09	-4.1593E-09	7.3419E-07	1.5508E-06
-4.9316E-08	-2.0574E-08	9.2299E-07	1.4189E-06
-3.1111E-08	-1.0025E-08	4.9024E-07	7.4986E-07
-6.7416E-09	-3.1446E-09	5.3857E-07	7.8171E-07
4.7726E-09	2.0620E-08	1.2241E-06	1.4678E-06
-2.8349E-08	-2.1334E-09	2.6743E-07	2.6797E-06
2.7154E-08	2.9645E-08	-6.1365E-08	5.1184E-07
-7.3571E-09	-1.5584E-08	1.0890E-06	1.9011E-06
-1.6257E-08	-3.1823E-08	-2.1644E-07	2.4071E-06
8.6895E-09	-7.1834E-09	1.2522E-06	2.0710E-06
-3.4099E-08	-2.9084E-08	-1.1178E-06	1.5027E-06
-4.2584E-09	2.1844E-08	3.5976E-07	5.8989E-08
-5.2354E-08	-4.0292E-09	1.2338E-06	2.9920E-06
-5.6971E-08	-7.6993E-09	2.2902E-06	2.1759E-06
-2.5461E-08	-1.6947E-08	1.2984E-08	4.8546E-07
4.8957E-09	-1.1932E-08	1.0110E-06	1.2942E-06
-1.8506E-09	-2.2637E-09	1.2603E-06	2.1848E-06
-2.1426E-08	-3.2095E-08	6.2826E-07	9.0329E-07
-4.5730E-08	-2.5274E-08	1.2514E-06	2.8751E-06
2.0316E-08	-1.8960E-08	6.4902E-07	6.8357E-07
2.0863E-08	6.3952E-09	6.8878E-07	-7.2611E-08
-4.5112E-09	1.3071E-09	4.7506E-07	3.1533E-06
-2.9759E-08	-1.9850E-08	5.5572E-07	1.5205E-06
1.3048E-08	-3.3135E-09	-4.7366E-07	1.7223E-06
-1.5761E-08	6.6223E-09	-1.9853E-06	3.7055E-06
-4.4435E-08	6.0162E-09	4.8939E-07	3.2072E-07
-4.4409E-08	4.6406E-09	-3.9695E-08	1.7031E-06
-1.4216E-08	1.7873E-08	1.3882E-06	2.1706E-06
-2.2669E-08	2.9516E-08	3.7774E-07	2.7770E-06
-6.9650E-09	-8.3816E-09	4.6557E-07	3.2961E-06
-2.7198E-08	4.1249E-09	8.2628E-07	2.8218E-06
-7.1288E-08	2.0252E-08	2.6152E-06	1.7388E-06
-4.7444E-08	4.3278E-08	1.6459E-06	2.4321E-06
-1.6375E-08	2.0654E-08	8.7543E-07	2.6200E-07
-4.0425E-08	5.5530E-08	-4.0978E-07	1.1730E-06
-1.1765E-08	3.8776E-08	3.6343E-07	3.5640E-06
5.1218E-08	5.6393E-08	1.8803E-06	1.9662E-06
6.0209E-09	4.9905E-08	5.8610E-07	1.4930E-06
-1.7106E-08	8.6110E-10	2.9841E-07	1.8297E-06
2.1902E-08	3.4756E-09	3.1155E-06	2.3123E-06
2.7244E-08	3.2784E-08	1.1396E-06	2.0553E-06
2.9609E-08	6.5973E-08	4.6539E-07	2.4328E-06
1.1564E-08	2.2031E-08	9.8214E-07	1.1808E-06
2.5016E-08	1.7502E-08	-3.5659E-07	2.2481E-06
6.0402E-08	4.8354E-08	1.9188E-06	1.5297E-06
4.1707E-08	4.4583E-08	3.7135E-07	3.0860E-06
2.6818E-08	-5.8078E-09	2.7082E-07	2.6905E-06
9.7180E-09	1.1466E-09	-8.5581E-08	1.5231E-06
2.4123E-08	8.3317E-09	1.3083E-07	2.1651E-06
5.4572E-08	1.1435E-08	5.1427E-07	9.8175E-07
2.6175E-08	4.0004E-08	1.5990E-07	1.1521E-06
4.7144E-08	1.4623E-08	1.2467E-06	2.3937E-06
2.3018E-08	-2.7551E-09	4.5207E-07	2.2694E-06
3.7919E-09	-3.6615E-09	-6.3323E-07	3.1813E-06
3.2074E-08	-2.0109E-09	2.2448E-07	2.4325E-06
3.4093E-08	-6.2423E-09	3.0603E-07	6.9839E-07
4.2664E-08	2.0664E-08	3.6204E-07	1.5816E-06
5.8804E-08	-1.4663E-09	2.0946E-06	3.1830E-06
1.4887E-08	8.7955E-08	1.6122E-06	1.5392E-06
3.1499E-08	8.7436E-09	-2.6964E-07	1.4733E-06
2.5283E-08	3.3397E-09	5.1346E-07	9.1866E-07
-2.8219E-08	4.5611E-08	9.5718E-08	3.1350E-06
1.9786E-08	1.5443E-08	4.8022E-07	6.9121E-07
-2.8526E-08	2.7206E-08	-6.1025E-07	9.4003E-07
-1.7862E-08	1.5874E-08	9.4353E-07	2.2307E-06
5.0213E-08	4.3684E-08	7.8011E-07	2.2223E-06
1.3575E-08	6.0156E-08	-6.5496E-07	2.1281E-06
-4.2027E-09	6.1325E-08	9.0500E-07	3.2121E-06
-7.4039E-09	4.5114E-08	1.0391E-06	3.2378E-06
6.6365E-09	4.7495E-08	-5.6917E-08	3.3601E-06
8.9230E-09	7.3616E-08	6.5483E-07	3.0350E-06
1.9270E-08	1.3335E-08	5.6719E-07	2.5375E-07
2.0562E-08	6.3746E-08	-2.0302E-07	1.0168E-06
6.3895E-09	5.1748E-08	-7.5850E-07	2.6450E-06
5.5629E-08	6.5714E-08	-1.3275E-06	2.3788E-06
1.3360E-08	4.1073E-08	-1.6287E-07	3.0686E-06
6.4822E-08	1.0127E-07	1.1830E-06	1.2142E-06
3.5918E-08	7.4936E-08	1.2667E-06	9.9210E-07
4.9255E-09	7.2022E-08	-7.8460E-09	2.0149E-06
4.5797E-08	5.8556E-08	1.7376E-06	1.8281E-06
2.8189E-08	7.4983E-08	4.6403E-07	2.5854E-06
4.7110E-08	5.0697E-08	6.4353E-07	2.1806E-06
3.8275E-08	5.1210E-08	5.3199E-07	2.1346E-06
4.3138E-08	4.4158E-08	-5.0673E-07	5.8978E-08
2.4650E-08	3.7401E-08	1.7012E-06	2.3660E-06
4.4982E-08	3.0081E-08	7.6917E-07	-3.1452E-07
3.4713E-08	8.1392E-08	-8.2303E-07	2.2254E-06
1.1517E-08	5.0986E-08	-5.9710E-07	1.5482E-06
5.1328E-08	1.1041E-08	7.5500E-07	1.7578E-06
4.3103E-08	4.9590E-08	-6.3263E-07	3.1195E-06
3.8052E-08	8.2026E-08	-8.3419E-07	7.6078E-07
5.4800E-08	5.8297E-08	2.4449E-06	1.4180E-06
5.1370E-09	4.8807E-08	-1.9450E-07	3.1012E-06
1.4110E-08	6.6573E-08	4.9502E-07	1.7461E-06
4.1202E-08	5.9683E-08	2.6195E-06	2.5768E-07
6.4630E-08	6.3961E-08	3.3467E-07	4.6480E-06
6.9213E-08	5.4652E-08	-6.4674E-07	2.5834E-06
9.2243E-08	4.9051E-08	1.3949E-08	1.9279E-06
3.0316E-08	5.4469E-08	2.5943E-07	3.0916E-06
4.2451E-08	4.8596E-08	1.5122E-06	8.1884E-07
-9.4105E-09	4.9779E-08	1.6418E-06	2.2809E-06
5.4669E-08	3.2932E-08	2.0543E-07	2.3577E-06
8.4311E-09	5.7299E-08	-2.2611E-09	2.1107E-06
4.0792E-08	1.3167E-08	1.8339E-07	1.7048E-06
5.9194E-08	5.8207E-08	-1.4453E-07	3.3216E-06
4.7781E-08	6.0999E-08	2.2719E-06	8.8119E-07
2.0804E-08	7.4063E-08	7.7146E-07	2.2794E-06
7.0121E-08	5.8373E-08	-2.5270E-07	2.4500E-06
2.5737E-08	5.8602E-08	8.3059E-08	1.0750E-06
4.4362E-08	9.0671E-08	2.3593E-07	1.9195E-06
2.3133E-08	4.8377E-08	-1.4776E-06	3.2755E-06
3.8722E-08	9.2630E-08	1.9838E-06	2.5288E-06
3.5935E-08	8.0598E-08	6.2728E-07	2.8075E-06
1.8416E-08	7.1335E-08	7.8743E-07	2.3953E-06
3.3018E-10	7.2172E-08	7.9928E-07	1.8179E-06
8.8413E-09	6.3397E-08	5.5852E-07	2.6961E-06
-3.5251E-08	4.9501E-08	-5.3048E-07	1.3203E-06
6.3297E-08	8.3528E-08	1.1191E-06	3.2278E-06
2.4948E-08	5.9394E-08	-2.0563E-07	2.7908E-06
2.6271E-08	5.2945E-08	-3.0478E-07	3.0050E-06
1.8885E-08	7.1490E-08	1.9938E-06	2.4906E-06
3.2172E-08	8.4892E-08	1.5510E-07	2.2735E-06
1.4039E-08	4.6659E-08	1.2400E-06	2.6413E-06
6.9908E-08	5.9346E-08	2.2371E-07	2.8526E-06
3.2953E-08	7.2394E-08	8.5048E-07	8.5617E-07
5.8669E-08	6.5706E-08	2.6670E-08	2.4085E-06
4.7145E-08	1.0239E-07	9.9629E-07	2.6202E-06
7.2985E-08	5.6112E-08	8.2590E-07	1.2377E-06
8.3353E-08	6.0426E-08	-1.9307E-07	2.9279E-06
6.9657E-08	4.6532E-08	9.9756E-07	1.9247E-06
7.7231E-09	7.4480E-08	-1.1028E-06	1.7611E-06
1.7691E-08	5.8862E-08	7.5504E-07	1.0421E-06
4.3980E-08	7.3803E-08	6.1043E-07	1.4505E-06
6.6606E-08	1.2104E-07	2.0080E-07	2.0680E-06
5.9985E-09	8.3257E-08	-1.3644E-06	2.5478E-06
1.0708E-07	5.2414E-08	9.4372E-07	1.4943E-06
4.1498E-08	6.3512E-08	8.4996E-07	1.9393E-06
5.3055E-08	1.0346E-07	4.7328E-08	1.9701E-06
4.1104E-08	5.8202E-08	1.9872E-06	3.0282E-06
5.6179E-08	7.0654E-08	1.2826E-06	2.6924E-06
5.1385E-08	6.8624E-08	6.5877E-07	2.0321E-06
4.8317E-08	2.4245E-09	2.6600E-06	7.2694E-07
6.7017E-08	2.4837E-08	2.0572E-06	3.6499E-06
4.0313E-08	5.8613E-08	3.3043E-07	2.2411E-06
5.1168E-08	5.8739E-08	1.2522E-07	1.8441E-06
1.7510E-08	7.1845E-08	3.1475E-06	2.6224E-07
4.8165E-08	9.2502E-08	-2.2000E-07	2.3401E-06
1.0416E-08	4.4880E-08	1.9561E-06	2.3012E-06
4.1306E-08	3.9907E-08	8.5933E-07	2.3850E-06
4.0453E-08	6.9088E-08	6.7727E-07	2.0690E-06
3.7058E-08	9.6611E-08	1.2141E-07	3.3581E-06
4.8919E-08	8.5396E-08	1.2168E-06	1.0147E-06
7.1580E-09	5.0721E-08	3.7151E-07	1.9111E-06
-3.0652E-09	7.8469E-08	-5.5445E-07	3.0762E-06
4.8060E-08	7.1359E-08	8.9868E-07	1.6120E-06
7.3831E-08	6.5366E-08	-2.9396E-07	1.3560E-06
6.3348E-08	5.5638E-08	1.3395E-06	8.4885E-07
6.6179E-08	4.4017E-08	3.8903E-07	3.1631E-06
4.2556E-08	4.6373E-08	1.2452E-06	4.9942E-06
5.2299E-08	5.6669E-08	-3.2246E-07	9.6334E-07
4.0256E-08	7.2009E-08	5.8678E-07	2.5568E-06
4.2466E-08	6.4149E-08	9.7536E-07	3.1504E-06
3.7893E-08	8.5561E-08	5.0128E-07	2.5448E-06
1.4039E-08	5.5879E-08	2.1396E-07	2.6781E-06
6.2710E-08	7.4240E-08	3.1822E-06	1.5460E-06
4.5525E-08	6.2122E-08	8.8914E-07	2.0414E-06
6.3744E-08	6.3728E-08	-1.1559E-06	2.6388E-06
6.3022E-08	3.6315E-08	1.3025E-06	3.5119E-06
3.7441E-08	6.0866E-08	-1.1128E-06	3.1232E-06
2.5211E-08	5.1939E-08	7.8700E-07	3.9454E-06
4.3977E-08	8.7804E-08	-4.5023E-07	1.5824E-06
3.7059E-08	5.4827E-08	-5.8624E-07	2.5116E-06
5.1870E-08	6.1789E-08	-1.3724E-07	1.5101E-06
1.9162E-08	8.4561E-08	1.2038E-06	2.3422E-06
1.9941E-08	8.6183E-08	6.6173E-07	8.3209E-07
2.9780E-08	8.5629E-08	-1.9181E-06	3.6257E-06
7.1851E-08	7.0848E-08	-5.1732E-10	4.1554E-06
3.7833E-08	6.1100E-08	-1.5647E-07	2.2386E-06
4.5352E-08	6.1746E-08	1.1937E-07	2.5218E-06
2.7550E-08	8.4087E-08	-1.0477E-06	3.9065E-06
5.6676E-08	6.0315E-08	1.0832E-06	2.3772E-06
7.5197E-08	7.9037E-08	-2.8867E-07	2.3625E-06
2.7335E-08	6.4662E-08	7.9126E-07	2.1751E-06
3.5063E-08	8.1674E-08	-5.3582E-07	3.8964E-06
6.9341E-08	4.6930E-08	-1.0041E-06	2.0375E-06
9.5413E-08	8.5822E-08	1.1606E-06	4.0499E-06
4.1201E-08	5.7632E-08	1.4593E-06	3.2313E-06
3.1180E-08	9.1381E-08	7.6602E-08	3.0787E-06
6.3268E-08	7.2726E-08	4.6786E-07	2.0843E-06
9.5462E-08	6.7663E-08	4.5666E-07	2.8952E-06
4.2478E-08	4.6320E-08	6.9305E-07	3.5648E-06
1.1540E-08	6.2870E-08	-5.8156E-08	2.4915E-06
-2.0609E-08	4.1694E-08	1.5227E-06	1.2883E-06
6.0205E-08	5.1754E-08	-1.1880E-07	2.9725E-06
3.5283E-08	5.2478E-08	2.0281E-06	2.4217E-06
5.3345E-08	4.7498E-08	7.1614E-07	2.1607E-06
3.3370E-08	5.5820E-08	6.6035E-08	2.7008E-06
3.5382E-08	7.1275E-08	-1.5703E-07	3.6872E-06
4.4885E-08	3.6194E-08	1.2687E-06	1.9256E-06
6.3756E-08	5.5058E-08	-5.3244E-08	3.6184E-06
-1.5324E-09	5.0938E-08	2.1572E-08	1.3850E-06
6.0164E-08	7.7348E-08	-9.1153E-07	3.6119E-06
4.5472E-08	5.6588E-08	-5.2608E-07	3.1660E-06
1.8613E-08	6.6570E-08	-1.7015E-09	3.5971E-06
4.0117E-08	6.7552E-08	2.0811E-06	3.4210E-06
5.7120E-08	4.6755E-08	6.8952E-07	3.1223E-06
5.1562E-08	8.2647E-08	-8.5698E-07	3.3140E-06
9.7965E-09	6.9876E-08	6.4679E-07	2.8583E-06
4.1022E-08	6.0772E-08	6.6015E-07	4.3475E-06
3.5819E-08	2.5678E-08	1.5073E-06	2.8012E-06
5.6348E-08	4.1486E-08	-2.5417E-07	1.8892E-06
3.4744E-08	7.0039E-08	8.8728E-07	3.1768E-06
1.6921E-08	7.1312E-08	9.4471E-07	2.4766E-06
3.1344E-08	5.6573E-08	3.3729E-07	2.5480E-06
2.6428E-08	4.1676E-08	7.6030E-07	2.4396E-06
3.9241E-08	4.6671E-08	-1.3832E-06	3.6141E-06
3.1124E-08	6.9004E-08	-8.7126E-08	3.5439E-06
1.9740E-08	6.8123E-08	3.6860E-07	2.5771E-06
6.0841E-08	4.8412E-08	9.8574E-07	4.2738E-06
3.2825E-08	2.0920E-08	1.1412E-07	2.3580E-06
3.2238E-08	4.7536E-08	1.1697E-07	3.8287E-06
2.4310E-08	6.2921E-08	7.8417E-07	3.0373E-06
5.3314E-08	9.3497E-08	8.0271E-07	2.1201E-06
6.0826E-08	3.4399E-08	4.1109E-07	4.1332E-06
4.9413E-08	-2.9123E-09	8.3927E-07	2.5211E-06
1.7521E-08	4.1671E-08	4.4766E-07	2.2092E-07
4.3380E-08	7.5879E-08	5.4102E-07	2.4956E-06
3.6834E-08	6.3951E-08	4.4070E-08	2.8312E-06
1.9069E-08	4.9277E-08	3.2184E-07	1.5815E-06
4.8388E-08	7.3441E-08	-1.6244E-06	4.0610E-06
4.3555E-08	4.9822E-08	-9.9603E-08	3.0687E-06
3.1489E-08	7.4194E-08	9.0379E-07	3.5834E-06
2.3093E-08	4.5729E-08	6.5895E-07	4.3631E-06
3.0345E-08	4.5943E-08	1.0308E-06	3.1788E-06
3.6835E-08	2.0625E-08	6.8207E-07	2.9641E-06
2.3917E-08	9.4155E-08	2.1278E-06	2.2057E-06
1.0074E-07	4.2057E-08	7.6406E-07	4.0181E-06
3.9905E-08	2.8527E-08	4.5074E-07	3.6869E-06
4.1550E-08	5.1437E-08	2.4606E-07	2.3552E-06
1.3974E-08	-1.2722E-08	6.1757E-07	1.9820E-06
3.1902E-08	7.0482E-08	7.6557E-07	4.3021E-06
1.9753E-08	3.7681E-08	-6.2111E-07	3.1596E-06
3.9516E-08	5.5277E-08	-1.5491E-06	2.7728E-06
4.5295E-08	2.1978E-08	3.4800E-07	2.9500E-06
5.4220E-08	2.9482E-08	1.6075E-06	3.8066E-06
3.1533E-08	3.3036E-08	1.2073E-07	3.8150E-06
3.4657E-08	3.4883E-08	-1.4599E-07	4.5502E-06
2.6336E-09	1.6720E-08	1.4713E-06	4.8360E-06
9.3591E-09	7.6376E-08	7.6632E-07	1.7623E-06
5.6524E-08	2.4271E-08	4.2818E-07	1.9816E-06
1.7180E-08	7.0661E-09	-7.1584E-07	4.7832E-06
-1.5430E-08	5.1135E-08	7.4061E-07	4.1968E-06
7.5560E-08	8.5968E-08	-2.9342E-08	3.1907E-06
1.6746E-08	7.8887E-08	3.6862E-07	3.3203E-06
4.9672E-08	4.7899E-08	8.1659E-07	3.9750E-06
5.8340E-10	5.4184E-08	8.7667E-07	3.7675E-06
3.0729E-08	1.5460E-08	4.7995E-07	2.4126E-06
5.4806E-08	5.4142E-08	6.0400E-07	2.7108E-06
7.5299E-09	5.0950E-08	-5.6642E-07	2.8034E-06
3.6930E-08	5.0107E-08	-7.0601E-07	3.3096E-06
2.4699E-08	3.7687E-08	1.1594E-06	2.1565E-06
1.3965E-08	4.6722E-08	2.7157E-07	1.5747E-06
2.5650E-08	2.9264E-08	-1.0428E-06	1.6504E-06
6.0904E-08	1.2476E-08	1.2344E-06	3.7841E-06
3.3146E-08	1.9473E-08	-3.7422E-07	3.0294E-06
5.3730E-08	4.7859E-08	-2.0831E-07	2.5019E-06
1.9334E-08	3.4555E-08	-1.1438E-07	2.6568E-06
1.8770E-08	4.0555E-08	-5.3230E-08	3.0937E-06
-2.0616E-08	2.4955E-08	1.8335E-06	1.9214E-06
1.6361E-08	1.0672E-08	-1.1346E-06	4.8774E-06
1.2117E-08	5.6020E-10	2.0425E-06	3.6612E-06
2.1240E-08	2.7116E-08	-2.5636E-07	3.0401E-06
-6.6434E-09	1.5602E-08	5.1619E-07	3.1913E-06
2.4227E-08	5.3479E-08	4.4047E-07	3.0775E-06
4.5371E-08	3.4078E-08	3.5546E-07	4.5145E-06
5.3095E-08	3.7059E-08	-1.6523E-07	3.4510E-06
1.8586E-08	-8.7254E-09	2.7917E-07	3.5344E-06
3.0813E-08	6.4335E-08	-1.5361E-07	4.0565E-06
3.6373E-08	5.5060E-08	8.5147E-07	3.2707E-06
2.4734E-08	4.2218E-08	-8.3331E-07	3.6993E-06
4.6145E-08	1.5275E-08	-2.1748E-07	3.5215E-06
2.6867E-08	2.4461E-08	1.0927E-06	3.9498E-06
6.7798E-08	4.3626E-08	-1.4071E-06	4.0282E-06
4.7089E-09	2.7380E-08	-4.6963E-07	3.0779E-06
3.0161E-08	4.1986E-08	1.0383E-06	2.2031E-06
5.8475E-09	4.8441E-08	1.0252E-06	4.1496E-06
1.5601E-10	5.9738E-08	-9.5029E-07	3.7950E-06
2.4468E-08	3.1251E-08	6.7630E-07	3.2136E-06
5.0555E-08	2.1934E-08	-7.2147E-07	2.7454E-06
3.7335E-08	9.6762E-09	-1.2913E-06	2.7293E-06
4.7592E-09	1.3229E-08	1.7190E-08	3.4940E-06
-1.3288E-09	-2.0990E-09	-1.7043E-07	3.9328E-06
2.4742E-08	4.4012E-08	5.9471E-07	4.5249E-06
5.1310E-08	2.5084E-08	-6.1002E-07	3.4785E-06
3.5299E-08	3.1085E-08	-5.8242E-07	3.4719E-06
4.1758E-08	1.9613E-08	7.4850E-07	3.1610E-06
4.1812E-08	6.1817E-08	4.2149E-07	3.1343E-06
5.0444E-08	2.8093E-08	-5.6569E-07	3.9130E-06
6.8288E-08	9.4435E-09	1.4588E-06	2.2761E-06
1.3077E-08	4.1697E-08	6.7557E-07	3.9628E-06
6.5997E-08	4.4681E-08	-5.5394E-07	3.3535E-06
-4.1438E-10	3.1935E-08	-2.8119E-07	4.4062E-06
5.8190E-08	6.0456E-08	1.7689E-06	1.9738E-06
1.3333E-08	5.2233E-08	-1.1921E-06	4.2478E-06
1.0871E-08	6.3361E-08	-4.3635E-07	3.9690E-06
1.7787E-08	-1.1005E-08	3.1156E-07	3.6298E-06
2.0209E-08	3.3271E-08	-4.1936E-07	3.0517E-06
4.5191E-08	4.5695E-08	-1.8556E-06	2.3973E-06
6.9069E-10	3.3078E-08	-1.0163E-06	4.1133E-06
2.7034E-08	1.9827E-08	-2.6708E-07	3.9167E-06
-2.2280E-08	3.9730E-08	-1.7924E-06	4.2882E-06
2.2429E-08	2.6134E-08	4.1561E-07	2.6582E-06
2.0525E-08	1.1693E-08	-2.1098E-07	3.4412E-06
1.6337E-09	3.3094E-08	2.7703E-07	3.5959E-06
1.5828E-08	5.0613E-08	3.0100E-09	2.6069E-06
2.6356E-08	1.6265E-08	4.7859E-07	5.2228E-06
9.8793E-09	4.4765E-08	-8.5658E-07	4.5723E-06
7.0887E-09	5.4670E-08	1.5444E-06	2.8300E-06
2.3604E-08	4.8524E-08	-3.9919E-07	4.2458E-06
1.4912E-08	1.4153E-08	9.6287E-07	4.3749E-06
-1.7381E-08	3.2657E-08	1.1657E-06	5.5169E-06
-4.3384E-09	1.7282E-08	-5.9079E-07	2.9950E-06
1.4643E-08	2.3399E-08	2.1263E-07	2.7506E-06
3.0698E-08	3.1526E-08	-6.3206E-07	3.0683E-06
7.6122E-09	-3.3329E-08	-1.5230E-06	2.4397E-06
2.7656E-08	3.7984E-08	-1.4213E-06	4.5151E-06
1.8433E-08	1.3099E-08	3.5248E-07	4.5877E-06
2.2694E-08	3.6480E-08	1.8232E-06	2.8942E-06
-2.6751E-08	-1.4585E-10	1.0833E-07	2.1355E-06
6.7889E-09	2.0379E-08	-9.4308E-08	3.9137E-06
-7.3979E-09	4.2887E-08	6.1062E-07	4.7301E-06
-1.0898E-08	1.8801E-08	1.6450E-07	3.0527E-06
2.6494E-08	4.7304E-08	-4.8585E-08	4.5154E-06
-9.8075E-09	3.9994E-08	-2.2368E-06	2.9906E-06
1.9611E-08	2.6667E-08	-2.4230E-06	3.4063E-06
-1.0082E-08	1.7728E-08	-3.7463E-08	3.6925E-06
2.4589E-08	1.9550E-08	7.3647E-07	4.1262E-06
1.6813E-08	2.8579E-08	1.5056E-08	1.9295E-06
2.1893E-08	2.7020E-08	-7.5289E-07	3.3163E-06
1.2716E-08	6.7774E-08	5.3633E-07	4.7880E-06
8.3649E-09	-1.4258E-08	3.5761E-07	4.8568E-06
-7.6658E-09	3.9568E-08	-3.1089E-07	3.7670E-06
7.2672E-09	2.4826E-08	-1.4298E-06	3.1060E-06
1.9288E-08	1.5506E-08	-3.8121E-08	5.4747E-06
9.4890E-09	4.7792E-08	-6.6798E-08	2.9719E-06
2.8340E-08	-1.0599E-08	1.4623E-07	4.0958E-06
-1.9621E-08	2.6547E-08	-6.5083E-07	3.0715E-06
1.1813E-08	-2.0760E-08	5.3677E-07	2.9266E-06
-1.5695E-08	9.8270E-09	7.6908E-07	3.7820E-06
3.7477E-08	1.7550E-08	-6.6354E-07	3.6541E-06
2.0849E-08	1.9021E-08	8.5354E-07	5.6953E-06
1.7191E-09	5.3936E-08	-1.9686E-06	5.5454E-06
-9.1423E-11	2.8479E-08	4.9290E-07	4.8343E-06
7.1783E-09	1.4768E-08	1.2301E-06	3.3364E-06
-2.9908E-08	1.3094E-08	-1.5557E-07	5.0779E-06
8.2608E-09	9.6780E-09	5.3106E-07	2.6820E-06
2.1550E-08	-7.9819E-09	-2.7296E-08	4.2883E-06
-3.8109E-08	-1.1748E-08	-1.4187E-06	5.0603E-06
2.7254E-08	2.4894E-08	-7.5423E-08	2.7601E-06
1.2500E-08	1.6817E-08	3.1332E-07	4.8609E-06
2.3922E-08	-3.7537E-08	-4.6194E-07	3.9426E-06
1.6586E-08	1.8332E-09	3.7116E-07	5.0337E-06
1.6740E-08	2.4095E-08	1.2476E-07	5.1411E-06
4.9910E-09	2.3601E-08	2.2792E-07	4.1689E-06
3.5899E-09	-8.1526E-09	-1.0068E-06	4.4337E-06
-1.9287E-08	-1.9486E-08	-2.5854E-07	3.6168E-06
-2.3490E-09	3.6543E-08	-3.3237E-07	3.6461E-06
-4.6223E-08	1.9727E-08	-5.9835E-07	4.6621E-06
2.2579E-08	7.0202E-09	-6.7352E-07	2.0560E-06
2.7813E-08	2.4648E-09	-4.2429E-08	2.9461E-06
9.1496E-09	3.6783E-08	-1.5093E-06	4.1015E-06
3.6091E-09	2.1771E-08	-2.1962E-06	4.7245E-06
1.1445E-08	-9.6951E-09	-1.3185E-07	5.4124E-06
3.5332E-08	-2.9585E-08	-9.7160E-07	3.6930E-06
1.3062E-08	3.4604E-08	-1.3574E-06	3.1340E-06
9.0096E-09	8.4804E-09	-2.0136E-06	5.5158E-06
2.2998E-08	-1.2314E-08	2.8210E-07	4.0265E-06
1.5511E-08	2.8156E-08	5.8598E-07	5.9595E-06
-2.0315E-08	5.1927E-09	-4.9319E-08	2.2546E-06
-1.0960E-09	4.8701E-08	-9.5583E-07	3.4652E-06
6.6753E-08	1.2252E-08	-1.0823E-06	3.4852E-06
1.8517E-08	2.1431E-08	-1.0364E-06	4.2662E-06
4.2616E-08	2.9139E-09	3.6421E-07	3.5865E-06
1.4693E-08	1.2195E-08	2.1128E-07	4.5229E-06
-2.6490E-09	6.6716E-08	-9.2945E-07	4.0082E-06
6.5178E-09	-1.8832E-08	-2.2037E-06	5.3705E-06
-1.9140E-08	4.4430E-08	-1.4927E-06	3.4073E-06
4.5689E-09	-2.2222E-08	-1.0286E-06	5.5581E-06
2.4557E-08	4.0597E-09	6.2330E-07	3.9545E-06
-5.0717E-09	-1.5269E-08	-5.2058E-07	5.3483E-06
-2.3809E-08	2.8143E-09	-2.0312E-06	3.2280E-06
1.3394E-08	5.0344E-09	-1.3320E-06	5.0246E-06
2.0347E-08	1.7435E-08	-1.4360E-07	3.8310E-06
5.9346E-10	1.3211E-08	-1.3241E-06	4.5471E-06
-8.1045E-09	2.3718E-09	2.2191E-08	3.2757E-06
3.8782E-08	9.4803E-09	-1.9427E-06	4.3196E-06
-2.1309E-08	-2.0139E-08	-1.5724E-06	6.5129E-06
2.5790E-08	-1.3089E-08	-1.5085E-06	5.3681E-06
-5.6340E-09	5.8923E-09	-2.1738E-06	4.0679E-06
1.3945E-08	1.1235E-08	-1.2497E-06	5.0644E-06
-1.8829E-08	-5.4728E-08	3.2580E-07	5.8429E-06
1.5704E-09	3.1659E-08	-7.7927E-07	6.9350E-06
-1.8695E-09	-2.1166E-09	-1.0380E-06	4.1725E-06
-8.7541E-09	-4.2172E-08	-2.4455E-06	6.4764E-06
-8.1710E-09	-1.0174E-08	-1.8447E-06	5.0657E-06
1.7810E-08	9.1586E-09	-1.1860E-06	5.5398E-06
5.5779E-08	-3.4074E-09	4.9488E-07	4.9448E-06
-6.0088E-09	-1.7535E-08	-2.0182E-06	4.1871E-06
2.9094E-08	-1.2579E-09	-7.8471E-07	5.1491E-06
5.1676E-09	1.1545E-08	-1.6807E-06	6.4522E-06
7.1562E-09	2.0911E-08	-1.9056E-06	2.8590E-06
3.0023E-08	-6.5725E-10	-2.2421E-06	4.8268E-06
-2.0653E-08	1.0222E-08	-8.8375E-07	5.7857E-06
5.2854E-08	2.2809E-08	-2.0653E-06	4.0925E-06
-1.7142E-08	2.2792E-08	3.6546E-07	6.8053E-06
-9.8667E-09	-2.1952E-08	-5.1565E-07	5.8306E-06
1.4042E-08	9.1341E-09	-1.0637E-07	5.4091E-06
-1.8458E-08	-1.0519E-11	-2.4939E-06	5.9642E-06
1.2296E-08	1.2633E-08	-1.6839E-06	6.5014E-06
-1.9682E-08	-1.0276E-08	-1.4655E-06	5.6578E-06
-3.9326E-10	9.9874E-09	4.2257E-07	5.9684E-06
1.8942E-08	-6.0306E-10	-1.0855E-06	4.5723E-06
9.8184E-09	-2.0642E-08	-1.0295E-06	6.1308E-06
3.9921E-08	4.4822E-08	-2.2411E-06	5.2144E-06
3.4725E-08	2.2748E-09	-2.1526E-06	4.3150E-06
-1.2359E-08	-4.6755E-09	-8.6164E-08	5.7987E-06
-3.2830E-08	1.4136E-08	-1.8323E-06	6.4055E-06
1.2968E-08	3.5849E-08	-4.4685E-08	5.5622E-06
7.5992E-09	3.5069E-08	2.4448E-07	3.9869E-06
1.7787E-09	2.4850E-08	-2.4190E-06	6.5200E-06
6.5209E-09	3.5522E-08	-1.0101E-06	4.0893E-06
-1.0174E-08	-4.9278E-09	-3.7976E-07	6.4288E-06
1.4679E-08	-3.5541E-08	-6.9219E-07	5.7530E-06
9.5333E-09	1.1487E-08	-9.5598E-07	6.8354E-06
-9.5777E-09	1.9248E-08	-2.3202E-06	3.9207E-06
1.1590E-08	1.9276E-09	-2.4355E-06	6.3397E-06
3.8318E-08	2.8953E-08	-1.6843E-06	7.0170E-06
5.4110E-08	1.4972E-09	-1.1299E-06	6.8121E-06
-3.1416E-08	-6.0838E-09	-1.6780E-06	6.4937E-06
-1.8948E-08	-1.1271E-08	1.6793E-07	6.7685E-06
3.5780E-09	1.0176E-08	-1.6710E-06	7.1151E-06
-4.8334E-09	-1.0462E-08	-1.7571E-06	6.5513E-06
-2.8065E-09	3.9817E-08	-9.1339E-07	6.3331E-06
8.3284E-09	2.0054E-08	-2.0084E-06	7.0928E-06
-1.0147E-08	-2.9738E-08	-1.0399E-06	5.4319E-06
9.6975E-09	-1.5350E-08	-1.5329E-06	4.6056E-06
1.3623E-08	1.8171E-08	-8.8519E-07	6.2141E-06
-7.7053E-09	-1.0301E-08	-1.8284E-06	4.9292E-06
5.5882E-09	2.9056E-08	-1.4820E-06	8.5030E-06
1.9171E-08	-2.7249E-09	-2.5010E-06	6.9322E-06
6.0820E-09	-4.3572E-09	-1.3587E-06	5.5868E-06
-4.7292E-09	2.0361E-08	-2.5903E-06	6.7657E-06
-1.5800E-09	1.3889E-08	6.5722E-08	5.7314E-06
-6.7066E-09	-1.5837E-08	-1.2724E-06	7.2420E-06
-3.3688E-08	1.3470E-08	5.7648E-07	7.8663E-06
-1.0908E-08	-4.1190E-09	-3.2979E-06	6.5542E-06
2.0766E-09	2.0438E-08	-1.6788E-06	7.5168E-06
1.5059E-08	-1.1704E-08	-2.3279E-06	6.5952E-06
1.7528E-08	9.9684E-09	-2.5475E-06	6.9890E-06
-3.3483E-08	6.9059E-10	-2.7508E-06	4.9401E-06
-3.3243E-08	-1.8268E-08	-2.7909E-06	5.8697E-06
1.4658E-09	9.3994E-09	-8.4742E-07	7.0331E-06
3.1136E-08	1.9031E-08	-1.9730E-06	5.2110E-06
1.7400E-08	-7.7428E-09	2.0625E-07	5.5842E-06
1.7825E-08	3.1559E-09	-2.9706E-07	7.5684E-06
1.4559E-08	-2.4147E-08	-2.6198E-06	7.1918E-06
-1.9566E-08	4.2229E-09	-2.7153E-06	7.2460E-06
1.3259E-08	9.7323E-09	-3.0051E-06	7.8033E-06
-6.0459E-10	4.2474E-09	-1.3003E-06	7.8765E-06
2.0547E-08	1.7949E-08	-3.7410E-06	5.4700E-06
2.7679E-09	-6.0559E-08	-1.8976E-06	7.2858E-06
-2.0842E-08	-3.8451E-08	-1.8910E-06	7.3808E-06
2.6476E-08	1.1809E-08	-2.4773E-06	8.5513E-06
3.8371E-08	-2.2795E-09	-2.0731E-06	5.8586E-06
-3.0631E-08	-1.5383E-08	-3.3618E-06	6.7416E-06
9.7331E-09	3.1491E-08	-2.2026E-06	6.3501E-06
-5.0257E-09	-6.2573E-09	-2.0850E-06	7.9418E-06
3.1973E-10	-3.2801E-08	-4.7180E-06	8.3613E-06
-2.6907E-09	4.9098E-09	-5.3094E-07	6.4898E-06
-7.8292E-09	-1.6411E-08	-1.4853E-06	6.0366E-06
-2.4599E-08	-3.2257E-08	-1.8183E-06	8.5756E-06
-3.7888E-10	3.3878E-08	-1.7662E-06	7.6184E-06
2.5389E-09	7.3252E-09	-1.8838E-06	7.0198E-06
-4.7336E-11	9.2363E-09	-2.7345E-06	7.4235E-06
-1.1567E-09	1.8500E-08	-3.9660E-06	9.5903E-06
-2.6231E-10	-1.9768E-08	-1.6687E-06	7.8474E-06
9.0788E-09	9.4110E-09	-2.5936E-06	7.0805E-06
-1.4751E-08	-1.5578E-08	-3.2012E-06	9.0205E-06
3.0608E-08	1.6883E-08	-3.0347E-06	8.1967E-06
-9.1301E-09	-2.1196E-08	-3.1866E-06	9.4553E-06
5.2668E-09	1.2649E-08	-1.5294E-06	9.6209E-06
-5.4354E-09	-1.6688E-08	-1.3055E-06	8.1616E-06
-2.1115E-09	1.4660E-08	-3.1850E-06	8.3745E-06
2.5352E-08	-1.0553E-08	-2.7207E-06	9.4571E-06
2.4894E-08	-1.2172E-08	-1.6144E-06	8.6504E-06
-7.2833E-09	-2.3019E-09	-2.4224E-06	7.6817E-06
1.2372E-08	3.1048E-09	-2.7352E-06	9.4056E-06
-3.3368E-08	-3.9790E-08	-1.5887E-06	9.2839E-06
5.9278E-09	2.5734E-08	-3.3267E-06	9.8507E-06
2.7115E-09	1.9557E-09	-1.7371E-06	8.7892E-06
-1.9927E-08	1.4850E-08	-2.1188E-06	7.7461E-06
3.9178E-08	4.2577E-09	-2.6434E-06	8.5583E-06
-1.2302E-09	-8.5510E-09	-2.7616E-06	1.1167E-05
-1.6103E-09	1.8300E-08	-1.9931E-06	8.6782E-06
4.6239E-08	-3.4385E-09	-1.6380E-06	9.9283E-06
-1.6072E-09	-5.5804E-09	-2.6666E-06	8.8501E-06
-4.9573E-09	-8.1232E-09	-2.7608E-06	1.0578E-05
4.0097E-08	-2.4376E-09	-2.8204E-06	8.8224E-06
1.4832E-08	-6.8248E-12	-3.2691E-06	1.0686E-05
-1.0673E-08	9.3994E-09	-2.0909E-06	9.2578E-06
-2.1886E-08	-2.0065E-08	-2.6352E-06	7.4232E-06
-1.7484E-08	1.7399E-09	-3.6086E-06	1.1743E-05
1.9486E-09	9.0634E-09	-2.6398E-06	1.0089E-05
1.0549E-08	2.0437E-08	-3.8185E-06	1.0580E-05
-1.6681E-09	2.3601E-08	-3.2868E-06	1.0681E-05
1.1934E-08	1.8504E-08	-3.0979E-06	1.0372E-05
1.2641E-08	1.3361E-08	-4.1656E-06	9.7696E-06
1.9387E-08	1.6947E-08	-4.0543E-06	9.6683E-06
3.1459E-08	1.5278E-08	-3.9177E-06	1.2381E-05
9.0852E-09	2.5650E-08	-3.5828E-06	1.1213E-05
1.6314E-08	1.0544E-08	-4.2975E-06	1.0134E-05
-7.4367E-09	3.3391E-08	-5.7595E-06	1.1907E-05
7.0704E-09	-2.7905E-10	-3.8954E-06	1.0170E-05
1.7923E-08	-5.0630E-09	-4.6377E-06	1.0604E-05
-1.2758E-08	2.2762E-08	-5.3267E-06	1.1515E-05
-1.1272E-08	2.5080E-09	-5.0378E-06	1.1979E-05
-2.8827E-08	2.1402E-08	-6.1242E-06	1.3378E-05
1.5126E-08	3.0380E-08	-5.1019E-06	1.3772E-05
-5.2326E-08	1.8781E-08	-4.8843E-06	1.4210E-05
8.7521E-09	2.3811E-08	-6.4060E-06	1.4902E-05
5.1271E-09	-6.5236E-09	-5.2734E-06	1.6437E-05
-1.6172E-08	2.7156E-08	-3.1873E-06	1.4560E-05
8.5921E-10	6.0929E-10	-4.0858E-06	1.4961E-05
1.2480E-08	-6.4055E-09	-3.5268E-06	1.3301E-05
-3.9373E-08	5.1245E-09	-5.2762E-06	1.6027E-05
4.7456E-08	3.3306E-08	-5.5384E-06	1.6828E-05
-4.3352E-09	-8.8612E-09	-5.6479E-06	1.6921E-05
8.8533E-09	-6.3757E-09	-3.9801E-06	1.7064E-05
2.6443E-08	6.2390E-09	-4.2545E-06	1.8018E-05
3.9406E-08	-8.4325E-09	-3.1242E-06	1.5105E-05
5.1846E-09	-7.9633E-09	-2.3415E-06	1.5255E-05
-9.6269E-09	1.1288E-08	-4.2856E-06	1.8036E-05
-2.3737E-08	1.8966E-08	-5.9996E-06	1.6162E-05
-4.8725E-09	-4.2006E-10	-5.9970E-06	1.7920E-05
-1.2610E-08	-1.1451E-08	-3.0991E-06	1.7817E-05
1.3953E-08	-1.7773E-08	-3.6066E-06	1.9341E-05
1.9862E-08	-2.9382E-09	-3.6505E-06	1.9506E-05
8.7555E-09	-2.2786E-08	-2.2891E-06	2.2078E-05
1.4704E-08	3.4310E-08	-3.0163E-06	1.9996E-05
-1.0889E-08	2.1821E-08	-1.7840E-06	2.2605E-05
-3.6203E-08	2.5199E-08	-2.0134E-06	2.1274E-05
2.9775E-08	9.9009E-09	-1.2023E-06	2.1068E-05
1.7371E-08	-1.0251E-09	-1.6330E-06	2.2612E-05
1.4232E-08	2.3696E-08	-2.7385E-06	2.3264E-05
3.1940E-08	1.3644E-08	-3.8022E-07	2.2047E-05
5.2708E-09	-2.7349E-08	1.3796E-08	2.4818E-05
2.1725E-09	7.9162E-09	-1.6046E-07	2.4070E-05
8.6698E-09	-3.3304E-08	-1.7292E-06	2.5524E-05
-1.2312E-08	2.8275E-08	-9.6051E-07	2.4057E-05
-5.5499E-08	1.2593E-08	-4.5543E-07	2.6007E-05
9.2577E-09	5.9262E-10	1.4496E-06	2.6583E-05
3.0672E-08	-2.3599E-09	-7.8614E-08	2.7502E-05
1.2777E-09	-1.3015E-08	9.6469E-07	3.0248E-05
-2.2318E-08	-2.0797E-08	3.9402E-06	3.3090E-05
6.8886E-09	6.8072E-09	3.4308E-06	3.2041E-05
2.0817E-09	8.9614E-09	6.8428E-06	3.3665E-05
2.6366E-08	-4.3786E-09	9.9321E-06	3.3747E-05
4.8341E-08	-7.6741E-09	1.2209E-05	3.3336E-05
2.9459E-09	-2.0551E-08	1.7705E-05	3.2712E-05
7.6628E-09	-1.3112E-09	1.7784E-05	3.0173E-05
-7.0852E-09	5.6506E-09	2.1635E-05	2.7039E-05
3.5194E-08	4.4353E-09	2.3130E-05	2.2852E-05
-9.8502E-09	-1.9919E-08	2.2881E-05	2.0184E-05
2.5239E-08	-1.5605E-08	2.1627E-05	1.7996E-05
-4.4998E-09	-9.1193E-09	1.9667E-05	1.3033E-05
-3.4314E-08	1.4897E-08	1.7528E-05	1.3641E-05
-4.2125E-09	1.3877E-08	1.6007E-05	1.2394E-05
-2.5826E-08	1.2717E-09	1.3240E-05	1.1501E-05
-1.2964E-08	1.8984E-09	1.0535E-05	1.1597E-05
-1.0377E-09	-3.1641E-08	8.5778E-06	1.3989E-05
4.6370E-09	1.8434E-09	8.4994E-06	1.4602E-05
2.6738E-08	-3.0528E-08	8.5982E-06	1.5678E-05
-1.7189E-08	-7.6016E-09	7.4651E-06	1.8774E-05
-8.2160E-09	-5.6549E-09	7.7995E-06	1.9505E-05
-1.4127E-08	2.4484E-08	1.0145E-05	2.0799E-05
-9.1044E-10	2.5059E-08	1.0862E-05	2.0677E-05
-2.4171E-09	-1.8263E-09	1.1799E-05	1.9981E-05
1.4956E-08	-1.2340E-08	1.3611E-05	1.9707E-05
1.4469E-08	1.3807E-08	1.4546E-05	1.9167E-05
1.9847E-08	4.6936E-09	1.3836E-05	1.8272E-05
-1.2165E-08	-3.2682E-08	1.2460E-05	1.8011E-05
-9.5935E-09	7.4565E-09	1.2667E-05	1.7699E-05
-8.6106E-10	-1.5396E-08	1.4903E-05	1.8012E-05
1.2134E-08	9.5010E-09	1.2337E-05	1.9384E-05
-1.8975E-08	-2.6709E-08	1.3836E-05	1.8214E-05
3.8217E-08	4.2619E-08	1.4921E-05	1.9470E-05
-2.3102E-08	-8.1702E-09	1.4664E-05	1.8882E-05
-2.1429E-08	4.6341E-09	1.6107E-05	1.9352E-05
5.5180E-10	-1.9847E-08	1.7805E-05	1.7759E-05
1.0790E-08	1.4763E-08	1.9590E-05	1.6794E-05
1.9079E-08	-7.0975E-09	1.8117E-05	1.7107E-05
-2.2147E-08	-1.3398E-08	1.5417E-05	1.4806E-05
2.7136E-08	-1.9813E-08	1.6666E-05	1.6455E-05
4.8680E-09	-2.4761E-08	1.8075E-05	1.4202E-05
-5.8749E-09	-1.5364E-08	1.6489E-05	1.4532E-05
-2.9253E-08	-2.0393E-08	1.6475E-05	1.1942E-05
7.2994E-09	-1.4958E-08	1.4748E-05	1.2274E-05
-3.3499E-08	1.9521E-08	1.6390E-05	1.3232E-05
5.0730E-09	-3.5546E-08	1.2841E-05	1.4962E-05
4.9210E-09	-5.7598E-10	1.5308E-05	1.4964E-05
4.9344E-09	1.0092E-08	1.3934E-05	1.5040E-05
1.0677E-08	5.2330E-08	1.4994E-05	1.6188E-05
1.8413E-08	-1.7612E-08	1.7162E-05	1.6021E-05
2.2371E-08	6.3497E-09	1.6877E-05	1.7212E-05
7.4992E-09	3.1560E-09	1.6755E-05	1.6744E-05
-2.8096E-08	1.3667E-08	1.8607E-05	1.5653E-05
1.0146E-08	-2.1390E-08	1.9299E-05	1.4806E-05
-4.6032E-10	-6.8247E-09	1.8040E-05	1.4754E-05
-7.8824E-09	4.5423E-09	1.6550E-05	1.2709E-05
-1.7341E-08	-3.3775E-09	1.7655E-05	1.3877E-05
-3.2521E-08	-3.1776E-08	1.7651E-05	1.2115E-05
3.5689E-08	1.3016E-08	1.7211E-05	1.2746E-05
8.2326E-09	1.8213E-08	1.6535E-05	1.3129E-05
2.3312E-08	-4.2430E-08	1.5680E-05	1.4306E-05
-1.7573E-08	-2.9865E-08	1.6982E-05	1.4163E-05
-1.1031E-09	-1.4153E-08	1.7528E-05	1.6190E-05
-7.3057E-09	2.6110E-08	1.6179E-05	1.6074E-05
-8.4151E-09	7.8272E-09	1.8134E-05	1.6483E-05
-1.3598E-08	1.4241E-08	1.7115E-05	1.8408E-05
-3.9959E-09	4.6427E-09	1.7886E-05	1.7778E-05
2.7487E-08	-2.2939E-08	1.9064E-05	1.5429E-05
-2.3340E-09	-8.0792E-09	1.9092E-05	1.6612E-05
-4.7439E-08	-1.9820E-08	1.9790E-05	1.8096E-05
1.9609E-09	-6.6382E-09	2.0844E-05	1.8158E-05
1.6024E-08	3.6686E-08	2.1057E-05	1.9155E-05
-1.3583E-09	-4.9053E-09	2.4219E-05	1.6628E-05
1.1788E-08	-3.8034E-09	2.5822E-05	1.8607E-05
-1.4903E-08	-1.3162E-08	2.9117E-05	1.7377E-05
-3.0367E-09	-6.5427E-09	2.9968E-05	1.6051E-05
-7.8387E-09	4.5265E-08	3.0624E-05	1.4827E-05
2.3348E-08	-7.3079E-09	3.3374E-05	1.3205E-05
7.2623E-09	2.1132E-08	3.1862E-05	7.6479E-06
-5.8005E-09	-4.4829E-08	3.3678E-05	6.2391E-06
3.3025E-10	-3.2429E-08	3.1920E-05	5.4733E-06
-1.1492E-08	-1.6280E-08	3.0163E-05	1.7325E-06
-2.3102E-08	2.3350E-08	2.8445E-05	2.2208E-06
-6.4520E-10	6.6355E-09	2.6422E-05	1.1645E-06
1.0404E-08	-1.6998E-08	2.4514E-05	3.6552E-06
-1.9221E-09	-1.7935E-08	2.3074E-05	1.7066E-06
-1.4650E-08	7.7204E-09	2.2360E-05	4.2262E-06
-1.7687E-08	3.3520E-09	2.3675E-05	4.8974E-06
8.8715E-09	-1.4367E-08	2.4230E-05	5.3179E-06
-1.1826E-08	1.3473E-08	2.5505E-05	4.5073E-06
8.7889E-09	3.0116E-08	2.4814E-05	5.1516E-06
2.2423E-08	-3.9719E-08	2.6812E-05	2.5743E-06
-4.1747E-09	1.5694E-08	2.7307E-05	2.3961E-06
1.8629E-09	1.8791E-08	2.8156E-05	1.1852E-06
3.8084E-09	-2.7811E-09	2.8792E-05	1.6596E-06
-2.2725E-08	1.5561E-09	2.6881E-05	-4.0597E-06
-1.7066E-08	5.9360E-09	2.7361E-05	-3.2934E-06
-9.9168E-09	-9.1373E-09	2.5515E-05	-4.2194E-06
5.5578E-09	1.1052E-08	2.3750E-05	-4.5892E-06
-1.7398E-09	6.1943E-09	2.4043E-05	-5.3894E-06
-4.3071E-09	1.0091E-08	2.2978E-05	-6.7662E-06
-7.7028E-09	-6.6353E-09	2.1720E-05	-8.5505E-06
-3.5000E-08	-1.6586E-08	2.0590E-05	-8.1927E-06
3.5382E-09	1.3470E-08	1.8717E-05	-6.9490E-06
-1.2189E-08	-2.0554E-08	1.7547E-05	-6.8490E-06
-1.4016E-09	-3.2794E-09	1.6427E-05	-6.3576E-06
-1.4334E-08	-1.5312E-08	1.6787E-05	-6.4967E-06
3.2912E-09	4.2776E-08	1.4767E-05	-6.7856E-06
3.6968E-08	9.3752E-09	1.5667E-05	-6.9045E-06
-2.3809E-08	-1.6426E-08	1.5266E-05	-5.7176E-06
-3.5191E-08	-1.8017E-08	1.2943E-05	-4.8915E-06
5.6725E-09	-6.3977E-09	1.4789E-05	-2.5694E-06
1.1388E-08	2.9660E-10	1.4640E-05	-4.5986E-06
-5.0676E-09	2.0130E-08	1.4819E-05	-4.1857E-06
-1.1351E-08	-1.5471E-08	1.5400E-05	-3.8762E-06
-6.7449E-09	-5.3250E-09	1.4151E-05	-3.5435E-06
-1.2370E-08	6.8616E-10	1.2725E-05	-2.8832E-06
1.3302E-08	-2.2193E-08	1.3596E-05	-4.9296E-06
5.2113E-09	-2.9451E-08	1.2850E-05	-4.5210E-06
2.1413E-08	-9.6418E-09	1.2991E-05	-3.8693E-06
4.6262E-08	4.4388E-09	1.2167E-05	-5.3156E-06
2.8567E-08	-1.5148E-08	1.0712E-05	-3.6385E-06
5.8770E-09	-5.1173E-09	1.2372E-05	-2.1478E-06
-1.7941E-08	1.7340E-08	1.1858E-05	-2.7349E-06
-1.6922E-08	-3.0435E-08	1.0784E-05	-1.3225E-06
1.1120E-08	2.6005E-09	1.1820E-05	-1.6953E-06
-6.9169E-09	-1.4786E-08	1.0038E-05	-8.0419E-07
2.0395E-08	6.1534E-09	1.0588E-05	-2.3432E-07
-6.3702E-09	-6.2308E-09	1.2225E-05	-7.9791E-07
9.8650E-09	-8.9074E-09	1.1111E-05	1.0521E-06
1.5082E-08	1.8361E-09	1.0951E-05	1.7448E-06
1.8344E-08	-1.7626E-08	1.1428E-05	9.8689E-07
1.7156E-08	1.5509E-08	1.0870E-05	6.6381E-07
7.7677E-09	2.4864E-09	1.3356E-05	1.6315E-06
-1.3122E-08	-5.5573E-09	1.2313E-05	1.6663E-06
2.5899E-08	5.9789E-08	1.2686E-05	-6.9846E-07
1.3478E-08	3.8445E-08	1.3804E-05	2.3830E-06
-6.2468E-09	-1.4108E-08	1.5567E-05	1.3662E-06
1.8410E-08	3.8173E-08	1.5736E-05	1.3995E-06
4.2904E-08	2.7369E-08	1.7047E-05	-7.6365E-07
6.1730E-10	-1.3235E-08	1.7957E-05	1.2573E-06
-4.6600E-09	3.9971E-08	1.7502E-05	-1.1333E-06
3.4179E-08	8.0528E-09	1.6363E-05	-3.8133E-06
-2.7955E-09	-2.1443E-08	1.4174E-05	-4.9453E-06
3.6329E-08	-6.9803E-09	1.2126E-05	-3.1655E-06
-1.2620E-09	5.1547E-10	1.2252E-05	-3.0435E-06
9.5108E-09	-2.3115E-08	1.1093E-05	-1.4155E-06
3.9089E-08	3.8177E-08	1.0436E-05	-3.6491E-06
4.3611E-08	-1.2713E-08	1.0781E-05	-2.0082E-06
1.7168E-08	-6.5768E-09	1.2241E-05	-1.3878E-06
-3.1516E-08	-5.5312E-09	1.2652E-05	-1.9015E-06
-1.1232E-08	-2.0548E-08	1.2485E-05	-6.1768E-07
2.6462E-08	-7.9029E-09	1.2073E-05	-2.1165E-06
-1.5167E-08	-9.6308E-10	1.2083E-05	-2.7963E-06
-1.1182E-08	-2.6128E-08	1.2196E-05	-4.2155E-06
-2.6325E-08	-3.5988E-09	1.0389E-05	-5.0407E-06
-2.3198E-08	-2.1432E-08	1.0241E-05	-3.2733E-06
9.2270E-09	-2.1523E-08	8.3965E-06	-3.2066E-06
3.0467E-08	-1.3000E-08	8.6727E-06	-1.9630E-06
1.9598E-09	4.1870E-10	7.6305E-06	-4.4976E-06
-9.6099E-09	1.1426E-08	7.6136E-06	-1.7100E-06
9.2238E-10	-2.3509E-08	7.4895E-06	-1.6946E-06
4.6239E-09	9.2379E-09	6.3712E-06	6.6943E-07
-3.6354E-08	-4.0494E-08	6.6900E-06	-8.0871E-07
6.7335E-10	8.5318E-09	6.7672E-06	-1.0155E-06
4.3738E-09	1.7038E-08	5.0268E-06	-6.9552E-07
-3.9049E-09	-1.3422E-08	5.5834E-06	1.9025E-06
1.6475E-09	-1.0587E-08	6.1019E-06	1.7045E-06
2.9035E-08	4.2460E-09	6.1611E-06	2.6221E-06
-9.9744E-09	-2.7815E-08	5.8762E-06	3.1041E-06
2.6545E-08	-2.2484E-08	5.1299E-06	3.1215E-06
-1.8524E-08	1.1022E-08	6.9059E-06	5.7930E-06
-1.7285E-08	-1.6870E-08	9.2711E-06	7.7332E-06
-1.2510E-10	3.7658E-08	1.0344E-05	6.4512E-06
1.9462E-08	-2.3921E-08	1.2442E-05	6.3158E-06
-2.0142E-08	-2.4015E-08	1.1085E-05	5.4417E-06
-2.1681E-08	4.8041E-09	1.2929E-05	4.9196E-06
7.1182E-09	-3.6239E-09	1.0788E-05	3.8609E-06
3.1474E-08	-7.2832E-09	1.0405E-05	6.3101E-06
1.4575E-08	1.3480E-08	1.0839E-05	5.9647E-06
2.0005E-08	-4.8318E-09	1.1322E-05	5.2909E-06
-8.7393E-09	-1.8254E-08	1.3991E-05	6.1155E-06
3.8177E-08	-1.1723E-08	1.4084E-05	6.5602E-06
-5.4095E-09	2.1752E-08	1.5399E-05	6.7205E-06
-1.6193E-08	-3.0313E-09	1.4572E-05	5.8384E-06
-7.5150E-09	6.3800E-09	1.7962E-05	4.7221E-06
-6.1887E-09	-3.5156E-09	1.5538E-05	5.3233E-06
6.1929E-10	6.8903E-09	1.8034E-05	5.8152E-06
1.4038E-08	1.2195E-08	1.7409E-05	5.8399E-06
4.7295E-08	1.0475E-08	1.8931E-05	5.8670E-06
2.7352E-08	-3.7262E-08	2.0287E-05	5.7123E-06
-7.3327E-09	1.5549E-08	1.9045E-05	3.8567E-06
-1.2703E-08	-1.0365E-08	2.0420E-05	3.6410E-06
-4.8679E-09	8.8520E-09	1.9558E-05	4.5929E-06
-2.4588E-08	2.2012E-09	2.2424E-05	4.1980E-06
9.7017E-09	6.9987E-09	2.2079E-05	3.8487E-06
-2.6172E-08	3.1637E-08	2.4908E-05	3.5352E-06
3.7760E-10	-2.4577E-08	2.7015E-05	2.8299E-08
-1.6552E-08	3.0741E-08	2.9548E-05	-4.1056E-06
-3.8891E-08	8.1896E-10	2.5767E-05	-8.2187E-06
1.1119E-08	2.8235E-08	2.4344E-05	-1.1235E-05
-1.9712E-08	-2.0140E-08	1.9834E-05	-1.1068E-05
1.3635E-08	7.1912E-10	1.6155E-05	-1.2336E-05
-3.2448E-08	5.0879E-09	1.6414E-05	-1.0518E-05
1.5379E-08	-7.5594E-09	1.5748E-05	-9.6852E-06
1.8722E-08	-4.7707E-09	1.5744E-05	-1.0292E-05
7.5453E-09	1.5354E-08	1.3076E-05	-9.6256E-06
-1.0022E-08	-9.3897E-09	1.1610E-05	-7.7938E-06
-1.8078E-08	-2.5088E-08	1.1179E-05	-7.3194E-06
2.1749E-08	2.8205E-08	9.6809E-06	-6.1226E-06
4.0890E-09	3.9802E-08	1.1126E-05	-6.5711E-06
1.1821E-08	-5.7240E-09	1.0772E-05	-3.0776E-06
5.2028E-09	-2.4347E-09	9.7769E-06	-3.0457E-06
3.0574E-09	-2.1586E-08	1.0080E-05	-1.6604E-06
-3.3286E-08	1.0030E-08	1.1160E-05	-2.1780E-06
-1.4107E-08	5.7148E-09	1.2279E-05	-8.3438E-07
3.0426E-08	-1.2203E-08	1.2895E-05	-7.2495E-08
1.0981E-08	5.4373E-09	1.3488E-05	-4.4619E-08
-7.3639E-09	2.7213E-08	1.5827E-05	-8.2957E-08
1.2126E-08	-9.8654E-09	1.5514E-05	1.6932E-07
9.9042E-09	-2.3169E-08	1.6936E-05	1.9556E-06
1.4957E-08	1.2303E-08	1.8447E-05	-7.7499E-09
5.9260E-09	-2.0986E-08	1.8203E-05	7.0437E-08
-1.7556E-08	-3.7408E-08	1.9691E-05	-5.2563E-07
-3.1146E-09	-2.0900E-08	2.0881E-05	-2.2801E-06
1.7422E-08	3.4211E-08	2.2300E-05	-2.7718E-06
-9.1558E-09	2.7831E-08	2.2391E-05	-3.6352E-06
1.9285E-08	-9.0741E-10	2.4198E-05	-4.9214E-06
-5.3525E-08	4.0882E-08	2.2680E-05	-6.4921E-06
4.9716E-08	5.0060E-09	2.4167E-05	-6.8374E-06
-9.3131E-10	-1.9004E-08	2.4462E-05	-1.0680E-05
-2.1986E-09	1.4256E-08	2.5730E-05	-8.0940E-06
-5.2852E-08	-1.2944E-08	2.5393E-05	-1.2169E-05
-2.3107E-08	-5.9768E-09	2.4670E-05	-1.2110E-05
-9.4753E-09	3.1042E-08	2.4526E-05	-1.4719E-05
-2.6535E-10	-1.0732E-09	2.5568E-05	-1.8136E-05
2.0165E-08	-4.4781E-08	2.2573E-05	-1.8313E-05
-4.4844E-09	-3.5868E-08	1.9826E-05	-2.0794E-05
5.4485E-09	2.4499E-08	1.8158E-05	-2.2322E-05
-4.5345E-10	2.4967E-08	1.8828E-05	-2.1187E-05
2.9572E-08	-7.9980E-09	1.9674E-05	-2.5659E-05
3.9691E-08	1.8349E-08	1.7383E-05	-3.6130E-05
4.4927E-08	-3.3838E-08	1.3316E-06	-4.2342E-05
-1.5506E-09	5.5715E-08	-1.9435E-05	-3.2027E-05
-1.7292E-08	-9.9364E-09	-1.8398E-05	-6.6577E-06
3.4595E-08	1.7335E-08	3.0576E-06	2.1383E-06
1.6612E-08	-1.8078E-08	9.2696E-06	-1.2079E-05
-4.2377E-08	-1.3869E-08	-8.4897E-07	-1.7538E-05
-4.3096E-09	-2.3806E-08	-9.5641E-06	-4.8399E-06
-4.7100E-08	-2.7788E-09	8.3297E-07	7.4317E-06
5.5569E-08	-3.3822E-08	1.1800E-05	5.5630E-06
2.4272E-10	2.9869E-08	1.9625E-05	-4.2302E-06
1.4923E-08	1.9610E-08	1.8519E-05	-1.0321E-05
-2.9168E-09	1.5496E-09	1.5154E-05	-1.3343E-05
3.0428E-08	6.6136E-09	1.3285E-05	-1.5746E-05
1.1821E-09	3.7640E-08	6.9868E-06	-1.5687E-05
2.1516E-08	5.5475E-10	7.5569E-06	-1.4652E-05
-3.3853E-09	9.9006E-09	7.2235E-06	-1.1995E-05
-7.9713E-09	5.3473E-08	6.0170E-06	-1.1869E-05
4.5085E-09	1.9120E-08	5.3193E-06	-1.1666E-05
3.3045E-09	1.0610E-08	4.6992E-06	-1.1831E-05
2.6867E-08	-1.8532E-08	6.6187E-06	-1.1760E-05
1.6159E-08	-9.6896E-10	6.3290E-06	-1.2413E-05
2.0419E-08	-1.2772E-08	4.5568E-06	-1.1674E-05
-6.9363E-10	2.0769E-08	3.7119E-06	-8.4431E-06
2.6800E-08	1.6405E-08	6.0339E-06	-9.5212E-06
-2.9972E-09	-3.1650E-08	4.5034E-06	-1.1328E-05
-2.1587E-08	8.7487E-09	5.6289E-06	-9.6030E-06
3.6171E-08	5.4514E-09	6.4110E-06	-9.9714E-06
-1.8910E-10	1.1959E-09	5.8901E-06	-9.7709E-06
1.7476E-08	-1.5454E-08	5.1755E-06	-9.9172E-06
-2.7218E-08	-2.0508E-08	5.6472E-06	-1.0394E-05
4.2432E-08	-2.2689E-08	4.9472E-06	-9.9063E-06
7.0729E-09	2.9199E-09	6.1778E-06	-1.0809E-05
-3.8800E-09	1.5576E-08	6.7187E-06	-1.0987E-05
-1.1582E-08	5.6560E-09	5.7503E-06	-1.0004E-05
-1.1854E-09	5.8534E-09	4.8060E-06	-7.2910E-06
-1.9459E-08	1.0837E-08	5.9269E-06	-1.0046E-05
1.9966E-08	-1.9150E-10	3.8646E-06	-1.0390E-05
-2.7161E-08	1.9558E-09	5.8184E-06	-9.3783E-06
-1.8166E-08	-2.1459E-08	4.4481E-06	-8.4395E-06
7.0817E-08	1.7950E-08	6.0918E-06	-8.6554E-06
-8.4809E-09	1.8085E-08	5.0917E-06	-9.9998E-06
4.6813E-09	2.1079E-08	5.7253E-06	-8.2911E-06
-2.5451E-08	-4.6190E-08	4.1414E-06	-9.0872E-06
3.0122E-08	-3.4928E-08	5.2508E-06	-9.1010E-06
9.1480E-09	2.7583E-09	4.6505E-06	-7.9935E-06
-5.8889E-09	7.8200E-09	3.6698E-06	-7.9149E-06
-2.4795E-08	-1.1106E-08	4.7656E-06	-8.0995E-06
-7.4843E-09	-2.3116E-08	3.6857E-06	-6.2210E-06
-2.1068E-08	2.5369E-09	5.2177E-06	-5.8717E-06
-3.6884E-08	-3.0826E-09	3.1716E-06	-9.9434E-06
-1.5004E-08	3.6159E-09	5.7296E-06	-7.7048E-06
1.4056E-09	-1.1037E-08	5.1475E-06	-8.0102E-06
1.8736E-08	-1.2469E-08	5.6480E-06	-8.2982E-06
2.2862E-08	-1.5367E-08	3.9888E-06	-7.9085E-06
-8.3794E-09	2.3928E-08	4.7514E-06	-7.1103E-06
1.6710E-08	-1.2418E-08	6.4932E-06	-6.8751E-06
-2.2426E-09	2.6054E-08	4.9330E-06	-7.6776E-06
7.1637E-09	-3.5485E-09	4.8037E-06	-7.6224E-06
-2.5654E-08	-4.2631E-08	2.9061E-06	-7.9087E-06
1.3666E-08	-2.6713E-09	4.9477E-06	-8.1808E-06
-4.9799E-10	1.3505E-08	4.1902E-06	-8.3118E-06
3.2788E-09	-1.0175E-08	4.4272E-06	-6.7141E-06
-2.7142E-08	5.1681E-09	5.5110E-06	-6.5550E-06
-1.9393E-08	1.2884E-08	5.3854E-06	-7.7353E-06
-5.6332E-09	2.0969E-08	2.6147E-06	-5.5105E-06
-1.2435E-09	-2.5737E-08	3.6434E-06	-7.3396E-06
1.2747E-08	2.7902E-08	5.0411E-06	-7.0261E-06
5.5042E-08	-2.0901E-08	4.3107E-06	-5.5119E-06
-1.1295E-08	-2.3931E-08	4.1860E-06	-6.8278E-06
1.8749E-08	-3.2951E-08	6.0536E-06	-6.7694E-06
7.5338E-09	-3.0315E-08	3.9054E-06	-5.7579E-06
1.7168E-08	1.5457E-08	4.6872E-06	-6.5208E-06
2.2178E-08	1.1246E-08	2.8918E-06	-5.9222E-06
2.1857E-08	-9.7387E-10	4.5370E-06	-6.8050E-06
7.3357E-10	-1.9294E-08	3.4839E-06	-6.1529E-06
-6.7160E-09	2.4263E-09	3.2289E-06	-7.4722E-06
-2.0978E-08	1.3919E-09	3.6275E-06	-6.9563E-06
3.1252E-08	5.4663E-09	2.0924E-06	-6.3579E-06
6.0823E-09	6.6766E-09	5.3474E-06	-6.0715E-06
3.1159E-08	4.8320E-09	5.0457E-06	-4.8940E-06
2.9953E-08	-2.0230E-08	3.8908E-06	-6.3964E-06
1.4642E-08	-1.6889E-08	3.8901E-06	-4.6255E-06
-3.6347E-08	-2.7146E-08	3.4546E-06	-7.1447E-06
-9.0721E-10	1.1712E-09	3.6460E-06	-6.1380E-06
-4.5684E-09	3.9820E-08	1.6580E-06	-6.1183E-06
-3.2675E-08	-4.1396E-08	2.6797E-06	-5.2094E-06
-1.6885E-08	3.2830E-09	4.1739E-06	-4.9365E-06
-1.7541E-08	1.0007E-08	5.1218E-06	-5.2010E-06
-2.7919E-08	1.5643E-08	2.8443E-06	-6.1042E-06
2.9983E-08	-3.2150E-10	4.2675E-06	-4.8954E-06
-1.0347E-08	1.2680E-08	3.5140E-06	-4.9793E-06
-2.5485E-08	3.5317E-09	4.1966E-06	-6.8206E-06
-4.8724E-10	5.2479E-10	4.5674E-06	-4.9658E-06
-5.2112E-08	4.6956E-09	3.0787E-06	-7.1699E-06
-2.9169E-08	-4.8848E-10	2.6961E-06	-5.8716E-06
2.2845E-08	-2.0293E-08	4.5891E-06	-6.5581E-06
-3.8021E-09	-6.7450E-09	3.6363E-06	-5.7788E-06
1.0020E-08	-1.9334E-08	2.7766E-06	-6.0785E-06
1.1763E-08	2.3729E-08	4.4125E-06	-5.0347E-06
-6.5768E-09	-7.8591E-09	3.5624E-06	-4.8972E-06
1.5729E-08	-2.5659E-08	3.9753E-06	-6.0820E-06
2.5175E-08	-2.7079E-09	2.0955E-06	-5.7688E-06
9.3314E-09	-2.5527E-08	2.8866E-06	-5.7408E-06
1.6085E-08	3.7189E-09	2.9391E-06	-5.9135E-06
1.7370E-08	5.2841E-09	2.7775E-06	-5.5326E-06
9.4743E-09	2.4132E-08	4.2511E-06	-5.0995E-06
-1.2356E-08	-1.2128E-08	4.8902E-06	-6.2608E-06
1.5157E-08	2.5436E-08	6.0293E-06	-4.2632E-06
3.5068E-08	1.8920E-08	2.9255E-06	-4.8029E-06
-8.6835E-09	1.9462E-08	2.6599E-06	-4.8883E-06
-3.3187E-08	6.8034E-09	3.8118E-06	-5.5694E-06
1.7320E-08	1.3393E-08	4.5490E-06	-5.7094E-06
-2.1741E-08	2.6958E-08	3.3057E-06	-6.0618E-06
5.6895E-09	-4.4100E-08	2.1026E-06	-6.9327E-06
-1.7157E-08	9.8482E-09	2.9412E-06	-4.6270E-06
1.5552E-08	-3.9777E-08	3.6128E-06	-5.1409E-06
-1.7148E-08	-2.8946E-09	5.6280E-06	-6.6190E-06
3.7515E-08	-1.6023E-08	4.0863E-06	-4.7259E-06
1.5047E-08	-9.0080E-09	4.9816E-06	-6.4155E-06
-2.1263E-09	-2.2746E-08	3.0935E-06	-4.8217E-06
3.7514E-09	6.8077E-09	3.7858E-06	-5.3406E-06
3.1965E-09	-1.4061E-08	3.0050E-06	-3.7859E-06
-2.6987E-08	1.5715E-09	3.5953E-06	-4.3130E-06
-2.4520E-10	1.3279E-08	5.2512E-06	-2.5854E-06
1.3753E-08	2.1894E-08	4.0346E-06	-5.0934E-06
4.3916E-09	2.4116E-08	3.8498E-06	-5.0267E-06
1.8684E-08	3.5312E-08	4.2373E-06	-3.9042E-06
1.2898E-08	6.4069E-09	3.8302E-06	-2.2239E-06
-3.9097E-08	-5.2938E-09	4.1647E-06	-3.1836E-06
8.5380E-09	2.4462E-09	4.5343E-06	-3.5001E-06
-8.6784E-09	3.5509E-08	5.5547E-06	-7.8451E-07
-1.6037E-08	3.7154E-08	5.3292E-06	-2.6838E-06
-1.5840E-08	1.0503E-09	6.4611E-06	-5.5513E-06
-3.4620E-08	1.3275E-08	4.6477E-06	-2.8457E-06
4.7750E-08	1.3565E-08	4.9676E-06	-3.2833E-06
1.3747E-08	3.9831E-09	5.9427E-06	-5.9462E-06
5.9073E-09	3.4529E-09	7.0809E-06	-4.0610E-06
-3.2951E-08	1.4702E-08	3.7273E-06	-4.5547E-06
1.9457E-08	1.3577E-08	6.1812E-06	-5.8966E-06
-1.6949E-08	3.1657E-08	4.2361E-06	-5.8786E-06
-2.3834E-09	1.7756E-09	7.2197E-06	-5.6128E-06
1.7139E-08	-1.3517E-08	4.3659E-06	-4.1212E-06
1.6343E-08	-2.5387E-08	6.1745E-06	-5.6196E-06
-4.4209E-09	3.1925E-08	3.9016E-06	-5.4852E-06
3.7117E-09	-1.0481E-08	5.4853E-06	-3.7822E-06
6.3342E-10	-3.3568E-08	5.0980E-06	-5.1087E-06
2.6721E-09	2.0694E-09	3.2078E-06	-3.7290E-06
2.8489E-08	8.7844E-09	4.7283E-06	-4.2941E-06
-3.0779E-09	9.9020E-09	5.1059E-06	-5.0627E-06
3.6684E-08	2.1432E-09	3.6948E-06	-5.0544E-06
-2.9609E-08	-1.1087E-08	5.0019E-06	-4.7395E-06
2.6162E-08	8.2287E-09	5.5668E-06	-3.7868E-06
8.7752E-09	-3.1306E-08	6.0168E-06	-6.1069E-06
1.1053E-08	1.5638E-08	4.8226E-06	-4.5139E-06
-1.1822E-08	5.3321E-09	5.4411E-06	-3.8760E-06
-2.9828E-08	-4.6478E-08	4.2711E-06	-4.7563E-06
4.7680E-08	-1.1859E-08	5.2823E-06	-3.9740E-06
6.7226E-09	4.5911E-09	4.5120E-06	-4.4440E-06
-6.9252E-09	1.5748E-08	5.4619E-06	-5.6420E-06
1.0824E-08	1.8815E-08	3.2305E-06	-4.0102E-06
5.0405E-08	3.3386E-08	3.4990E-06	-4.2154E-06
-2.1446E-08	-2.4014E-09	4.0261E-06	-4.9885E-06
9.6722E-09	3.4196E-08	4.8157E-06	-5.1423E-06
1.9097E-09	2.7891E-08	5.5733E-06	-5.2648E-06
-3.1676E-08	3.2818E-08	4.4241E-06	-3.6993E-06
9.8097E-09	-9.8853E-09	3.8716E-06	-3.5721E-06
1.2536E-09	7.6082E-09	4.5743E-06	-3.7891E-06
1.4236E-08	4.7743E-10	7.2898E-06	-5.5650E-06
-1.4327E-08	-1.1095E-08	5.7714E-06	-5.1106E-06
3.5412E-09	9.2119E-09	4.6875E-06	-4.5071E-06
-2.2011E-08	2.3365E-09	5.7246E-06	-6.1198E-06
-8.6073E-09	1.9638E-08	2.7353E-06	-6.7327E-06
-7.7798E-10	1.9117E-08	4.2981E-06	-5.9607E-06
-1.9733E-08	2.6120E-08	1.7911E-06	-4.7435E-06
8.2660E-09	-2.4881E-08	4.0446E-06	-7.7166E-06
9.4824E-09	-5.6438E-09	4.0141E-06	-6.7056E-06
-6.1512E-09	-6.2690E-09	4.6440E-06	-4.4366E-06
-6.4584E-10	-2.1280E-08	4.2773E-06	-5.9028E-06
1.3306E-08	-1.9237E-08	5.2312E-06	-4.8200E-06
-1.4599E-08	2.2174E-09	4.3123E-06	-6.7430E-06
-1.2002E-08	-2.2658E-10	4.9550E-06	-5.0391E-06
-1.1043E-08	2.4446E-08	2.5838E-06	-7.0213E-06
-2.6302E-09	1.9419E-08	3.9278E-06	-6.4160E-06
-3.6433E-09	-7.2716E-09	2.2464E-06	-5.6530E-06
9.1178E-09	9.3826E-09	3.1032E-06	-5.6252E-06
8.9260E-09	3.1332E-08	4.7291E-06	-5.4090E-06
-3.5778E-08	1.0692E-08	4.9591E-06	-4.8049E-06
1.6098E-08	-2.2507E-10	3.6605E-06	-3.5678E-06
2.9153E-09	2.9903E-08	4.0476E-06	-4.3868E-06
2.6618E-08	-2.9387E-10	3.9922E-06	-7.1926E-06
-1.9513E-08	-3.4400E-09	3.8478E-06	-5.5245E-06
7.5222E-09	-2.9776E-08	4.9943E-06	-4.5405E-06
-6.2366E-10	6.1277E-10	4.3002E-06	-5.3463E-06
1.7881E-08	1.7879E-08	4.1262E-06	-5.8507E-06
2.9242E-08	-9.8502E-09	4.5444E-06	-4.1047E-06
-7.1306E-09	3.1477E-08	2.5305E-06	-3.5047E-06
-2.6029E-08	2.4909E-08	4.5920E-06	-5.4310E-06
-4.5626E-09	1.6228E-08	3.0020E-06	-4.6724E-06
-4.4510E-09	1.9695E-08	4.1508E-06	-3.2993E-06
-3.9542E-08	-7.8406E-09	4.3886E-06	-2.4485E-06
-1.2207E-08	2.0267E-08	4.2406E-06	-4.4646E-06
3.9719E-10	3.2380E-08	4.0347E-06	-4.3767E-06
2.6719E-09	-6.5855E-10	5.0946E-06	-4.9750E-06
3.6819E-08	-1.2891E-08	4.1376E-06	-4.3611E-06
-3.3754E-09	-1.0932E-08	3.9512E-06	-3.9731E-06
1.6813E-08	-2.8245E-08	3.6880E-06	-4.5294E-06
-8.5412E-09	-1.6696E-08	5.6903E-06	-4.1692E-06
1.3492E-08	-1.6995E-08	4.1938E-06	-4.1764E-06
7.5277E-09	2.1553E-09	4.9213E-06	-5.3203E-06
-1.2171E-08	7.5961E-09	5.0057E-06	-6.6207E-06
1.8587E-08	-8.8029E-09	4.9784E-06	-4.1191E-06
-4.1142E-09	-5.8087E-09	4.5623E-06	-4.2461E-06
-1.1875E-08	9.4873E-09	5.0096E-06	-3.8365E-06
3.7279E-09	7.2332E-09	4.5470E-06	-3.7657E-06
-7.9085E-09	-2.7051E-08	3.4993E-06	-6.8704E-06
1.1126E-08	-1.3579E-09	4.4691E-06	-4.9200E-06
-4.8461E-09	-6.9545E-09	4.1517E-06	-6.1466E-06
-8.4774E-09	-2.6971E-08	5.3610E-06	-4.0967E-06
-1.7038E-08	9.7763E-09	2.6718E-06	-4.8517E-06
1.9733E-09	1.5764E-08	3.1334E-06	-4.6266E-06
-3.9095E-09	4.5713E-09	3.8358E-06	-4.0249E-06
-1.9298E-08	1.5835E-08	3.9100E-06	-4.1698E-06
-1.2213E-08	4.1908E-09	2.8419E-06	-6.1779E-06
1.1167E-08	-2.8876E-08	4.1983E-06	-5.7245E-06
1.7912E-09	-4.9736E-09	4.1302E-06	-5.7621E-06
-1.3565E-08	1.6494E-08	2.6663E-06	-5.0672E-06
1.6132E-08	5.4493E-09	3.7947E-06	-5.0820E-06
-1.6364E-08	1.9349E-08	4.5071E-06	-6.2137E-06
-3.0421E-08	-3.9477E-08	2.8747E-06	-5.0459E-06
-2.2586E-08	2.5243E-09	3.7417E-06	-6.4218E-06
-3.2952E-08	-8.9722E-09	4.0397E-06	-6.3700E-06
8.1283E-09	1.4483E-08	2.7487E-06	-6.2595E-06
-6.1355E-09	-2.4117E-08	3.7300E-06	-6.1961E-06
-1.0490E-08	-9.7911E-10	2.0012E-06	-4.7548E-06
-3.5843E-08	-2.6651E-08	3.7190E-06	-6.1309E-06
1.2789E-08	-8.6321E-09	3.4066E-06	-5.0798E-06
1.7164E-08	5.3857E-09	3.1162E-06	-4.5284E-06
-2.1655E-08	1.1826E-08	3.2818E-06	-4.9128E-06
-2.9493E-08	1.2073E-08	5.2334E-06	-5.3449E-06
-1.7722E-08	4.0410E-09	3.4129E-06	-4.2476E-06
2.3489E-08	-2.8903E-08	2.1661E-06	-6.8618E-06
4.3675E-09	4.7659E-09	3.4416E-06	-4.9464E-06
-1.1329E-08	2.0103E-08	3.6512E-06	-4.6614E-06
1.2703E-08	3.6035E-08	3.2914E-06	-5.8465E-06
7.6723E-09	2.2007E-08	3.0475E-06	-5.5996E-06
2.1149E-08	-8.0444E-10	2.6396E-06	-6.6481E-06
3.2142E-09	-1.6820E-08	2.1697E-06	-6.0600E-06
-5.0876E-08	2.3339E-09	2.8681E-06	-6.6716E-06
1.4480E-08	-2.5544E-09	1.9873E-06	-6.1150E-06
-2.5665E-08	-4.9677E-09	1.7163E-06	-4.8769E-06
1.9822E-08	5.1488E-10	3.1032E-06	-6.4444E-06
5.2010E-09	-1.2006E-08	3.1398E-06	-6.2778E-06
1.9821E-08	-1.1480E-08	9.4134E-07	-4.5159E-06
1.3511E-08	2.8981E-08	3.0319E-06	-4.6781E-06
1.3117E-08	6.3256E-09	7.6293E-07	-5.9776E-06
-8.0089E-09	-1.1067E-08	1.0003E-06	-6.4871E-06
-2.1697E-08	-1.6468E-08	2.0056E-06	-4.2559E-06
-3.2168E-08	2.4168E-08	1.3434E-06	-4.8104E-06
-1.1573E-09	1.4828E-08	2.7392E-06	-3.5475E-06
-6.1537E-09	-3.0768E-08	1.1566E-06	-4.2128E-06
-1.9225E-08	-1.5056E-08	1.1681E-06	-5.1795E-06
9.0332E-09	-1.0530E-08	2.4771E-06	-5.4345E-06
-6.9854E-09	-1.7020E-08	1.6589E-06	-4.0035E-06
-1.6774E-08	-1.7211E-08	1.5490E-06	-5.0083E-06
2.0141E-09	-2.4636E-08	1.5335E-06	-4.0172E-06
-1.7099E-08	-1.0040E-09	9.1427E-07	-3.8240E-06
5.1767E-09	5.7010E-11	2.1795E-06	-4.6460E-06
-6.1823E-09	2.5420E-09	3.2115E-06	-5.9605E-06
-8.8715E-09	3.8921E-08	2.7682E-06	-5.2144E-06
-2.9855E-10	-1.6563E-08	5.9285E-07	-4.6408E-06
2.6653E-08	-9.4554E-09	1.0637E-06	-3.2339E-06
-5.4314E-08	1.5153E-08	1.8940E-06	-2.3443E-06
1.0720E-08	-2.7596E-08	2.5588E-06	-2.9547E-06
1.1192E-08	-2.4980E-09	1.3296E-06	-4.3943E-06
-9.4411E-10	2.0398E-09	3.1102E-06	-5.3842E-06
-4.0324E-08	1.1944E-08	2.5728E-06	-6.4222E-06
-4.1247E-10	8.4426E-09	2.2113E-06	-2.7513E-06
1.9228E-08	-3.4026E-09	1.8477E-06	-4.5823E-06
-2.2268E-08	-2.1542E-11	2.8909E-06	-4.9819E-06
6.3845E-09	2.0167E-08	1.9667E-06	-3.7558E-06
5.4157E-09	-1.1834E-08	2.4039E-06	-3.8102E-06
-2.0739E-08	2.3278E-08	2.5321E-06	-4.8730E-06
1.3936E-08	-1.8372E-08	1.3963E-06	-4.0846E-06
-6.6645E-08	-1.7456E-08	1.3029E-06	-3.1829E-06
2.7168E-08	3.0476E-08	2.3846E-06	-5.9280E-06
2.2068E-08	1.3977E-08	2.0140E-06	-4.3837E-06
-1.7975E-08	-6.5109E-09	2.4292E-06	-5.5615E-06
1.5854E-08	-4.1181E-09	1.3865E-06	-4.4665E-06
-1.4760E-08	1.5655E-08	1.9675E-06	-3.0833E-06
-6.6856E-09	2.1193E-08	1.0604E-06	-3.9348E-06
4.0278E-08	8.2867E-10	8.1782E-07	-4.5406E-06
-7.4231E-09	1.5551E-09	1.0001E-06	-3.5297E-06
-7.7037E-09	8.0466E-10	-4.9395E-07	-4.7810E-06
-1.3052E-08	3.9778E-08	2.4986E-06	-4.1587E-06
-4.3591E-09	-3.3213E-09	1.7783E-06	-5.4907E-06
1.5635E-08	1.0992E-08	2.0853E-06	-3.4269E-06
-1.3718E-08	-1.1058E-08	1.6574E-06	-3.8718E-06
2.7780E-08	-2.4649E-08	3.0485E-06	-3.4908E-06
-8.2172E-08	2.1227E-08	2.9474E-06	-3.3834E-06
-6.6448E-10	6.0950E-09	2.4647E-06	-2.7216E-06
1.2944E-08	-1.3049E-08	1.1032E-06	-3.4458E-06
1.8599E-08	1.7463E-08	1.4146E-06	-2.8899E-06
-2.1841E-09	4.1279E-09	1.9025E-06	-4.0781E-06
-1.5063E-08	-7.0675E-09	1.0631E-06	-3.4578E-06
-2.5188E-08	2.6944E-09	3.0263E-06	-2.3393E-06
-1.8848E-10	-1.6600E-08	2.0251E-06	-4.1115E-06
2.2453E-08	7.5997E-10	3.3396E-06	-3.6392E-06
9.9530E-10	1.7002E-08	2.6378E-06	-3.6038E-06
-4.4714E-09	1.1937E-08	-4.7174E-07	-4.5483E-06
-2.9338E-08	-2.8204E-09	9.5590E-07	-4.4823E-06
-1.8832E-08	1.7573E-08	1.7571E-06	-3.6755E-06
4.2236E-08	-3.9866E-08	1.6253E-06	-2.4400E-06
1.9712E-08	-1.6254E-08	2.3123E-06	-5.2511E-06
3.9293E-09	-1.6812E-09	1.7735E-06	-4.6259E-06
1.7344E-08	-1.6164E-08	1.1904E-06	-3.6085E-06
-1.0641E-08	4.6402E-09	1.6884E-06	-3.5130E-06
4.2370E-08	1.1001E-08	2.0156E-06	-3.8019E-06
1.8486E-08	5.9176E-09	1.0611E-06	-2.0981E-06
-6.7182E-09	-1.6010E-09	3.1403E-06	-1.2143E-06
-2.9836E-08	-7.2294E-09	5.7769E-07	-3.0255E-06
1.3156E-09	-1.3765E-08	1.8368E-06	-3.2220E-06
-9.3815E-09	2.6168E-08	1.1887E-06	-4.3003E-06
1.9911E-08	2.0614E-08	2.7130E-06	-2.0950E-06
1.1936E-08	3.2432E-08	4.9161E-07	-4.3650E-06
-1.4743E-08	4.4087E-08	2.5146E-06	-4.8385E-06
1.2048E-08	3.7145E-08	2.0903E-06	-4.9241E-06
-1.0671E-08	-2.3270E-08	1.1800E-06	-4.0647E-06
7.3922E-09	-5.4666E-09	5.8173E-07	-3.2763E-06
1.1489E-08	-3.0664E-08	1.3597E-06	-3.2684E-06
9.7234E-09	-1.1263E-08	1.7367E-06	-1.7029E-06
-3.3323E-08	1.5740E-08	1.1573E-06	-4.4233E-06
2.6399E-08	1.6590E-08	1.3829E-06	-3.3086E-06
3.9755E-09	-6.3281E-09	2.7669E-06	-2.9063E-06
2.2982E-08	2.5865E-08	2.8040E-06	-2.8776E-06
-2.6764E-09	1.5181E-08	2.1465E-06	-3.5457E-06
2.0290E-08	9.7901E-09	1.3267E-06	-2.1593E-06
-3.5540E-09	1.8969E-08	2.7996E-06	-2.5397E-06
7.9022E-09	-3.3157E-08	2.2927E-06	-2.2503E-06
-2.1220E-08	-9.7011E-09	2.4197E-07	-3.6953E-06
4.4772E-08	8.7352E-09	6.6314E-07	-2.2902E-06
3.2051E-08	-2.3437E-08	2.8900E-06	-2.1110E-06
-1.1525E-08	1.2817E-08	1.8594E-06	-4.0247E-06
-2.8102E-08	-1.7840E-09	1.2770E-06	-4.0437E-06
1.6057E-08	1.3352E-08	1.5423E-07	-3.1826E-06
-3.7219E-09	-1.4245E-08	2.6881E-06	-2.8370E-06
1.0883E-08	2.7504E-08	1.4611E-06	-2.1750E-06
-6.2911E-09	-5.4692E-09	7.7621E-07	-2.3465E-06
2.3542E-09	1.1509E-08	1.1460E-06	-3.0187E-06
1.6156E-08	1.4566E-08	2.0368E-06	-3.1309E-06
1.2253E-08	-1.5908E-08	2.4670E-06	-3.3746E-06
-1.4355E-09	-2.2296E-08	2.8246E-06	-2.2751E-06
9.0622E-09	4.9651E-08	1.9192E-06	-3.5944E-06
-2.5220E-08	-7.5177E-09	3.4626E-06	-3.0485E-06
-4.8103E-09	-1.7921E-08	3.4487E-06	-3.1149E-06
2.0032E-08	5.2471E-09	2.6560E-06	-4.2978E-06
-1.0734E-08	2.9991E-08	1.3956E-06	-1.4956E-06
-2.1601E-08	9.8378E-09	5.5614E-07	-3.2393E-06
1.0490E-08	-4.2717E-08	1.4559E-06	-2.1135E-06
-9.2064E-09	-3.0740E-08	1.7624E-06	-3.4329E-06
3.0684E-09	-1.7145E-09	1.7135E-06	-3.3832E-06
4.5185E-08	1.7838E-08	1.5354E-06	-3.8838E-06
-2.2282E-08	1.6965E-08	1.7095E-06	-2.6562E-06
8.2515E-09	-1.4786E-08	6.1151E-07	-2.8799E-06
4.7176E-09	1.3250E-08	2.4891E-06	-2.8028E-06
5.5030E-09	-2.8051E-08	3.8058E-07	-4.1105E-06
-7.8509E-09	2.6801E-08	8.9438E-07	-3.2874E-06
-7.7646E-09	1.4838E-08	2.0173E-06	-3.2955E-06
1.8020E-08	3.9704E-08	1.2366E-06	-3.9104E-06
4.1635E-09	4.8896E-09	1.2717E-06	-2.8888E-06
4.3485E-09	-1.4597E-09	1.9473E-06	-3.7244E-06
1.1616E-08	1.8503E-08	9.5341E-07	-3.8008E-06
-5.7690E-09	-3.5814E-08	4.2144E-07	-4.4591E-06
-1.3668E-08	-2.2163E-08	2.6782E-06	-3.3994E-06
1.3644E-08	-9.4325E-09	2.1365E-06	-3.2715E-06
1.1765E-09	-2.6035E-08	1.7440E-06	-4.2647E-06
1.4348E-08	-2.0653E-08	3.8779E-06	-3.8042E-06
9.9060E-09	3.8556E-08	6.8094E-07	-3.6537E-06
-1.5780E-08	-1.0379E-08	2.6173E-06	-3.2341E-06
-1.8397E-08	-2.1133E-08	2.1536E-06	-1.7878E-06
5.2664E-08	3.6602E-08	1.4699E-06	-2.3356E-06
3.5921E-08	-1.0601E-08	1.0695E-06	-2.4673E-06
2.0429E-08	1.4106E-08	6.7571E-07	-3.2870E-06
-5.6332E-09	1.7562E-08	9.5135E-07	-3.0171E-06
5.7161E-10	6.0283E-09	2.4080E-06	-3.2796E-06
5.7443E-09	7.7832E-09	1.6304E-06	-1.7317E-06
1.9564E-08	3.6458E-08	2.3423E-06	-4.9033E-06
2.2523E-08	3.8299E-08	2.8933E-06	-3.0631E-06
-1.8464E-08	-2.4769E-09	5.3908E-08	-2.6298E-06
1.2555E-08	-5.1960E-09	3.0267E-06	-4.7163E-06
-8.9994E-09	1.0472E-08	2.4708E-06	-2.4679E-06
-5.1830E-08	-2.4674E-09	6.8807E-07	-2.0462E-06
-1.2574E-08	-1.0592E-08	1.5974E-06	-3.7669E-06
9.0149E-09	1.5512E-08	1.3691E-06	-2.3464E-06
1.2338E-08	-1.8965E-09	1.7037E-06	-1.1686E-06
4.1330E-09	-1.0703E-08	-2.9791E-07	-2.5454E-06
3.8075E-09	-1.6011E-09	1.2461E-06	-2.8261E-06
-1.0008E-08	-6.7347E-10	1.0537E-06	-1.9769E-06
3.1391E-08	2.7882E-08	1.7453E-06	-3.4004E-06
-2.7362E-08	-8.0495E-09	2.4429E-06	-3.3595E-06
-6.6895E-09	-2.6343E-08	2.2869E-06	-3.1840E-06
-5.3968E-09	-1.8400E-08	2.8685E-07	-4.1424E-06
9.5736E-09	9.1655E-09	9.9360E-07	-8.6055E-07
-3.5504E-09	4.8638E-09	-1.5694E-07	-1.6103E-06
-1.6148E-08	1.0876E-08	3.4966E-06	-2.8028E-06
7.0647E-11	-2.1722E-08	2.5198E-06	-2.9525E-06
-2.2775E-08	2.8285E-09	2.1612E-06	-1.6704E-06
-1.9491E-08	-1.9776E-08	1.7257E-06	-3.2802E-06
1.8110E-10	2.4794E-08	1.7444E-06	-2.1507E-06
1.5794E-08	-1.5271E-08	1.7533E-06	-2.6567E-06
2.1862E-08	-1.5428E-08	3.1546E-07	-4.5674E-06
2.5745E-08	-1.6684E-10	-1.5404E-07	-2.3773E-06
1.4666E-08	5.3101E-09	2.0885E-06	-1.1603E-06
1.9542E-08	-5.4170E-11	1.4810E-06	-1.9190E-06
1.7683E-08	1.1471E-08	1.7639E-06	-3.2306E-06
3.2743E-08	-3.0810E-09	2.7570E-06	-3.1176E-06
-3.1543E-08	-2.1310E-08	1.8733E-06	-3.6181E-06
3.8275E-08	3.2591E-08	1.3272E-06	-3.2581E-06
3.7555E-09	3.9089E-09	2.8378E-06	-1.7756E-06
-1.2405E-08	2.4093E-09	7.1099E-07	-3.1431E-06
-8.6801E-09	2.5146E-08	1.6700E-06	-4.5097E-06
1.0164E-09	3.5315E-08	2.1145E-06	-3.0481E-06
-1.4611E-08	2.1812E-08	1.7522E-06	-3.4768E-06
1.9296E-08	-9.7716E-09	1.2700E-06	-3.7332E-06
3.6222E-08	-3.3604E-08	2.0025E-06	-3.9266E-06
3.1539E-09	-4.3177E-09	6.2546E-07	-2.8821E-06
2.3350E-08	1.6304E-08	4.7023E-07	-2.5848E-06
-1.5488E-08	-1.8505E-08	5.7244E-07	-1.3780E-06
1.0820E-08	-3.1181E-09	1.3360E-06	-2.2209E-06
-2.6412E-08	2.5823E-08	1.6349E-06	-4.1850E-06
3.7680E-08	1.1460E-08	1.2399E-06	-2.8545E-06
7.3332E-09	1.0485E-08	1.7644E-06	-2.1238E-06
1.0304E-08	-3.5806E-08	2.5731E-06	-3.1432E-06
-2.5128E-08	-2.0346E-08	2.9587E-06	-2.4429E-06
1.5592E-09	7.5651E-10	2.0497E-06	-1.9237E-06
4.3921E-08	1.2398E-08	2.6406E-06	-3.0125E-06
-1.3213E-08	4.1393E-09	1.3049E-06	-3.0467E-06
-2.1482E-08	2.6811E-08	1.6573E-06	-3.2452E-06
-1.2215E-08	9.3224E-09	1.7589E-06	-4.1642E-06
-9.7499E-09	-6.2041E-09	2.9917E-06	-2.0817E-06
1.1428E-08	-5.1619E-09	1.2390E-06	-3.3739E-06
-1.3496E-08	1.7387E-10	2.6831E-06	-2.7793E-06
1.7013E-08	-2.8435E-08	1.1807E-06	-2.4175E-06
-2.5663E-09	7.4024E-10	9.9138E-07	-3.2567E-06
-2.0567E-09	-1.6731E-08	1.2360E-06	-2.3075E-06
1.4910E-08	3.5288E-08	7.2846E-07	-2.0534E-06
4.5998E-09	5.7981E-09	2.0025E-06	-1.1775E-06
2.9193E-08	-7.2536E-09	2.4314E-06	-2.0292E-06
-1.9031E-08	1.5770E-08	3.0263E-06	-2.0742E-06
2.4418E-09	-3.8949E-09	1.5867E-06	-1.8120E-06
2.2426E-08	-5.2989E-09	2.2621E-06	-2.6759E-06
6.1813E-09	7.2542E-09	2.6540E-06	-2.7503E-06
-1.7373E-08	-3.8023E-08	1.9453E-06	-1.3623E-06
6.4829E-09	-4.0069E-09	2.1251E-06	-2.2796E-06
-2.6404E-08	-4.5475E-08	1.2154E-06	-1.3787E-06
-2.4274E-08	-3.2410E-08	4.2195E-06	-1.8707E-06
-1.1306E-08	-1.2148E-10	1.5696E-06	-5.0919E-07
2.0433E-08	3.9064E-09	1.8767E-06	-2.5632E-06
-1.0736E-08	1.0788E-08	2.0794E-06	-2.0362E-06
-4.3380E-08	-1.2999E-08	9.2034E-07	-1.1030E-06
1.0054E-08	-3.3255E-09	3.6917E-06	-2.6482E-06
6.7455E-09	-8.4705E-09	2.9180E-07	-4.6974E-06
1.6194E-08	3.4256E-08	3.2404E-06	-2.0458E-06
4.2711E-08	2.1779E-08	1.8765E-06	-1.0959E-06
-7.0195E-09	-3.8885E-08	1.4735E-06	-2.2637E-06
-2.9054E-08	-9.8300E-09	1.8985E-07	-3.1196E-06
-2.1579E-08	1.0976E-08	2.6987E-06	-2.2195E-06
-2.6170E-08	-2.0217E-08	2.1274E-06	-2.8996E-06
-1.1646E-08	1.8706E-08	1.6609E-06	-6.6137E-07
7.6205E-09	6.0005E-09	3.1423E-06	-7.8805E-07
4.4053E-08	-3.3415E-08	2.1858E-06	-1.8490E-06
1.3938E-08	-3.7244E-08	1.3640E-06	-2.5271E-06
1.4354E-09	1.6557E-08	2.1716E-06	-2.7126E-06
5.4722E-09	-6.0071E-09	-5.0447E-08	-1.4349E-06
2.0381E-09	1.7672E-09	2.6449E-06	-2.0488E-06
1.7234E-08	8.1037E-09	1.1388E-06	-8.7511E-07
-6.6592E-09	7.5839E-09	2.3456E-06	-2.3853E-06
1.7045E-10	1.3420E-08	1.4320E-06	-3.0491E-06
1.5013E-08	1.1986E-08	2.2097E-06	-2.8046E-06
2.2091E-08	-1.5062E-08	1.0239E-06	-1.2609E-06
5.9218E-09	-4.9723E-09	2.0111E-06	-3.8324E-06
5.7060E-08	9.1236E-09	1.7070E-06	-1.5218E-06
3.0323E-09	3.4894E-08	3.0766E-06	-3.2703E-06
1.7979E-08	-8.3371E-11	9.6035E-07	-1.3451E-07
3.1750E-09	2.0883E-08	2.9469E-06	-8.7053E-07
-2.5848E-08	2.0833E-08	1.2779E-06	3.4895E-07
-9.3736E-09	-8.0229E-09	1.5128E-06	-1.7569E-06
1.3767E-09	-3.2486E-08	2.2897E-06	-2.9941E-06
4.7754E-09	-1.9925E-08	1.4101E-06	-2.1337E-06
3.0167E-08	4.3140E-09	-4.1972E-07	-2.5494E-06
-3.8952E-08	-2.4824E-08	1.6645E-06	-2.1593E-06
-2.0342E-08	-7.0496E-10	1.6129E-06	-1.6330E-06
1.0171E-08	1.8585E-09	1.5711E-06	-2.2824E-06
2.3679E-08	-2.6425E-09	9.6869E-07	-1.2948E-06
2.9527E-08	1.6095E-08	2.6160E-06	-1.2657E-06
-3.9157E-09	1.2978E-08	2.4838E-06	-2.9565E-06
-2.7849E-09	4.8328E-09	2.7404E-06	-3.4377E-06
-4.0440E-09	4.5378E-08	1.4649E-06	-2.0820E-06
-2.8958E-08	-9.0260E-09	1.3912E-06	-1.8888E-06
-1.0553E-08	-7.2713E-10	1.2460E-06	-1.8525E-06
-6.3547E-09	4.8137E-09	3.0703E-06	-1.2312E-06
3.1308E-08	-3.4847E-08	3.0822E-06	-1.4354E-06
-3.8270E-09	-1.6737E-08	1.1771E-06	-2.1709E-06
1.6557E-08	-1.4668E-08	2.3646E-06	-1.9679E-06
-3.4963E-08	2.5228E-08	1.5049E-06	-1.4858E-06
-1.9483E-08	-3.3097E-08	1.4362E-07	-2.8796E-06
7.1403E-09	2.2291E-08	1.8000E-06	-1.8187E-06
1.6494E-08	-1.7568E-08	6.3177E-07	-3.0610E-06
-5.6017E-09	-1.1269E-08	1.9091E-06	-8.8919E-07
1.9938E-08	1.3009E-08	1.9939E-06	-1.0460E-06
-1.3505E-08	8.7169E-09	2.3013E-06	-8.0228E-07
-3.3949E-08	-1.6021E-08	2.4624E-06	-2.5142E-06
2.5348E-09	-1.3664E-08	2.0543E-06	-1.4591E-06
-7.6449E-10	-8.2675E-09	1.6909E-06	-3.0351E-06
-1.0044E-08	-7.6823E-09	-1.6804E-07	-7.0194E-07
-5.0377E-09	-9.2860E-09	2.3633E-07	-1.3796E-06
5.1814E-09	5.4079E-08	3.8752E-06	-6.6208E-07
3.3552E-08	2.1465E-08	1.4889E-06	-2.7624E-06
2.6944E-08	9.2891E-10	2.1640E-06	-1.3466E-06
1.4369E-08	1.9519E-09	2.3313E-06	-1.3794E-06
1.1247E-08	-1.5976E-08	2.0965E-06	-1.3503E-09
-2.8530E-08	-3.0905E-09	-1.9122E-07	-2.4897E-06
-7.7460E-09	3.2312E-08	2.1282E-06	-1.5983E-08
-2.1187E-08	-2.3859E-08	1.9523E-06	-1.9422E-06
-8.2231E-09	-1.4170E-08	1.8593E-06	-8.1496E-07
2.0184E-09	3.7421E-08	1.2701E-06	-1.1426E-06
-1.7326E-08	4.4759E-09	2.5327E-06	-6.2794E-07
-3.1277E-08	-6.2137E-09	1.5466E-06	-1.3032E-06
1.7460E-08	1.2771E-08	1.1557E-06	1.0130E-07
-1.2453E-08	-7.4218E-09	9.5767E-07	-7.2313E-07
-2.8475E-08	1.9847E-10	2.4100E-06	-1.5731E-06
-3.7221E-09	-1.2198E-09	1.7534E-06	-1.2643E-06
-1.3015E-08	-2.0608E-08	1.3460E-07	-1.3720E-06
6.2187E-09	-3.2606E-09	1.6311E-06	-1.2776E-07
-2.5767E-08	-5.2894E-10	5.3840E-07	-1.2906E-06
1.0294E-08	3.6286E-08	1.9713E-06	-1.4580E-06
-2.4192E-10	-1.4251E-08	2.0138E-06	-1.1494E-06
3.7485E-09	8.5178E-09	8.7069E-07	-6.4234E-07
1.6322E-08	3.1948E-08	1.4096E-06	-3.6806E-06
1.1585E-08	-1.6094E-09	8.5372E-07	-2.1120E-06
-1.4342E-08	1.2754E-08	2.5849E-06	-1.9345E-06
-8.7973E-09	4.5061E-10	1.7204E-06	-2.0441E-06
7.2740E-09	2.0558E-08	2.3312E-06	-1.5326E-06
3.5598E-08	-2.2216E-09	2.4987E-06	-8.3350E-07
-1.7673E-09	7.9012E-09	1.1054E-06	-2.8138E-06
2.6603E-09	6.3064E-09	2.9216E-06	-8.5047E-07
-8.2738E-09	7.7199E-09	1.2067E-06	-2.6237E-06
2.4836E-08	1.7072E-08	1.5172E-06	-1.1001E-06
1.4626E-08	-2.5057E-09	2.9642E-06	-3.4044E-06
-2.4352E-09	5.3787E-09	1.6024E-06	-2.2236E-06
1.1467E-08	-7.3408E-09	1.9598E-06	-1.3213E-06
-3.8567E-09	3.4395E-09	6.7306E-07	-2.3910E-06
-9.0196E-09	7.8991E-09	1.2930E-06	-1.7626E-07
5.9570E-09	-1.6625E-08	6.1843E-07	-1.7005E-06
-1.1134E-08	-1.1075E-08	9.2093E-07	-1.4810E-06
2.2481E-08	1.9875E-08	6.7116E-07	-2.5109E-06
2.0961E-09	-6.9227E-10	1.4893E-06	-1.3188E-06
1.5188E-08	3.3916E-08	7.1524E-07	-5.2453E-07
2.2820E-08	-6.9244E-09	2.3148E-06	-6.9878E-07
-2.1651E-08	3.9884E-08	-1.7046E-07	-1.6364E-06
-8.0531E-09	1.2391E-09	8.3451E-07	-8.7627E-07
4.8170E-08	2.1988E-08	-2.1351E-08	-2.1163E-07
-3.6177E-08	-1.6136E-08	8.5760E-07	-1.8490E-06
3.0579E-08	-4.0278E-08	7.6827E-07	-2.1921E-06
-7.1209E-09	2.6746E-08	2.3240E-07	1.1470E-07
-4.3127E-08	-3.7385E-08	2.1743E-06	-1.8664E-06
9.9904E-09	-6.4567E-09	1.9174E-06	-1.8548E-06
2.2571E-08	5.1857E-08	1.0334E-06	-1.7134E-06
-6.8495E-09	2.3413E-08	2.1305E-06	-9.3437E-07
2.5140E-08	8.2267E-09	1.0215E-06	-1.3263E-06
-2.9917E-08	4.8693E-08	1.1851E-06	-1.0158E-06
3.3784E-08	8.7148E-10	2.4430E-07	-2.4728E-06
-3.1211E-08	8.4019E-09	1.4298E-06	-1.5092E-06
-1.9751E-08	2.1797E-08	2.2356E-06	-1.2824E-06
8.8039E-10	2.1322E-08	9.8367E-07	-1.2438E-06
-2.1245E-09	-8.4422E-09	1.9109E-06	-8.8352E-07
1.6925E-08	-9.9555E-09	2.1052E-06	-2.3888E-06
-3.0860E-08	2.3836E-09	1.4718E-06	-1.8910E-06
4.3506E-08	5.3994E-09	1.5292E-06	-1.0529E-06
1.1002E-08	-1.0969E-08	1.6744E-06	-2.1038E-06
-3.4268E-08	2.8526E-08	7.2112E-07	-3.2525E-07
9.0131E-09	-1.2784E-09	7.2763E-07	-1.6745E-07
-2.0541E-08	1.7629E-08	1.8046E-06	-7.3874E-07
-2.8973E-09	-8.6687E-09	2.2134E-06	-3.6148E-06
-2.8506E-08	2.6639E-09	1.4308E-06	-3.2585E-06
-7.9648E-09	1.9761E-08	1.8782E-06	-2.6074E-07
1.4560E-08	-5.3967E-09	1.4505E-06	-2.1888E-06
-6.4680E-09	1.3476E-08	2.6197E-06	-8.0743E-07
-4.7709E-08	-1.4026E-08	2.2033E-06	1.0908E-08
3.2974E-09	2.6604E-08	2.6560E-06	-9.4108E-07
3.9096E-10	-6.2178E-08	2.5697E-06	-2.1702E-06
1.2115E-09	-5.1563E-09	2.2655E-06	-1.6902E-06
2.9120E-08	-8.7342E-09	-1.7810E-07	-6.3926E-07
4.6435E-09	-7.9334E-09	1.7727E-06	-1.8006E-06
-5.1236E-09	3.4767E-09	1.6996E-07	-3.0639E-07
-1.9120E-09	9.8344E-09	1.1279E-06	-1.8326E-06
-1.7124E-09	2.2821E-08	8.4634E-07	-2.4866E-06
2.0790E-08	-1.9101E-08	-1.1109E-07	-5.1816E-07
-1.9246E-08	5.7535E-08	2.3625E-06	-2.1600E-06
1.1884E-08	-1.3808E-08	1.4954E-06	-1.0383E-06
-6.7394E-09	1.4335E-08	9.5270E-07	-2.5633E-06
-1.6053E-09	-3.5940E-09	1.3715E-06	-1.1567E-06
2.3164E-08	-1.4968E-09	1.2865E-06	-2.1652E-06
-2.3295E-08	7.2847E-09	2.8834E-06	-9.8568E-07
-6.6896E-09	-1.3619E-08	8.8128E-07	-1.3211E-06
1.2518E-08	1.0555E-08	1.3319E-06	-8.3530E-07
-2.5758E-08	4.9182E-09	1.8110E-06	-2.0331E-06
1.2109E-09	3.6399E-09	2.2617E-06	-6.3576E-07
5.6870E-09	4.7181E-09	2.3285E-07	-3.0173E-06
1.8403E-08	1.0091E-08	7.3727E-07	-1.1185E-06
1.9749E-08	2.3274E-08	3.0955E-07	-4.8790E-07
1.5335E-08	6.8792E-09	-1.4098E-07	-7.1974E-07
-1.7260E-09	-1.2721E-08	5.9829E-08	-8.9153E-07
-5.4574E-09	-6.9403E-09	-1.3987E-07	-8.0582E-07
1.7984E-08	3.0544E-09	6.5033E-07	-1.2613E-06
7.4070E-09	6.1394E-09	5.0310E-07	-2.0643E-06
2.7773E-09	-2.5444E-08	4.4101E-07	-3.3969E-07
-1.7052E-09	2.6139E-08	2.3445E-06	-1.7334E-06
1.3539E-08	-3.1600E-09	3.8538E-07	-5.2677E-07
-2.3406E-08	1.7508E-08	1.1729E-06	-2.3764E-06
-1.5381E-09	2.0014E-08	6.3857E-08	-1.4580E-06
-3.3563E-08	5.6195E-09	1.2325E-06	2.0909E-07
3.1865E-08	3.4384E-09	8.7984E-07	-1.2671E-06
5.8273E-09	1.1227E-09	1.1826E-06	-7.7655E-07
7.3170E-09	-4.3192E-08	9.2848E-07	-4.6549E-07
-1.6200E-08	-2.5318E-08	7.6782E-07	-2.1572E-06
1.8722E-08	-1.7683E-09	2.3514E-07	-2.2963E-06
-1.3717E-08	-2.0952E-08	-1.1640E-08	-7.8845E-07
-1.5770E-08	-4.2895E-09	1.5925E-06	-1.4023E-06
-3.0064E-08	-1.5090E-08	1.4861E-06	5.1875E-07
-8.7898E-09	-7.2500E-09	2.2437E-06	-7.4651E-07
-1.0728E-09	-1.9029E-08	1.2685E-06	-6.5080E-07
-6.8675E-09	1.9719E-08	7.4951E-07	-4.5546E-07
1.4640E-08	-1.9301E-08	1.8718E-06	-1.3042E-06
-4.1058E-08	-2.0299E-08	1.2860E-06	-1.6439E-06
1.3832E-08	1.3459E-08	-5.4690E-08	-1.8924E-06
1.0774E-08	1.3690E-08	1.0103E-07	-5.6028E-07
-8.7531E-09	3.4776E-09	6.5365E-07	-1.8053E-06
9.3330E-10	1.9331E-08	1.1517E-06	-1.0065E-06
-6.3636E-09	-1.8966E-08	8.3456E-07	-8.4559E-07
1.3537E-08	-7.1264E-09	2.5591E-06	-3.4552E-06
5.2494E-10	-8.9065E-09	2.7436E-06	-2.2355E-06
1.9710E-08	-1.8214E-08	3.1399E-06	-2.4259E-06
-2.1877E-09	-3.9759E-08	1.9529E-06	-2.3201E-07
-2.8538E-09	-1.2427E-08	-7.6156E-07	-1.7018E-06
1.5223E-08	-2.0449E-08	1.8568E-06	5.8007E-09
-4.6615E-08	-1.2457E-08	1.3640E-06	-2.0883E-06
1.4733E-08	-4.1836E-09	1.3981E-06	-1.9535E-06
1.5542E-08	-3.8350E-09	1.5346E-06	-9.9217E-08
-8.6664E-09	-3.9731E-08	-1.5363E-07	-1.6372E-06
-5.6536E-10	-3.3368E-08	1.5948E-06	1.8294E-08
-3.1139E-08	-2.5255E-08	9.4846E-07	9.6628E-07
-3.7073E-08	2.9729E-08	1.1113E-06	-1.1651E-06
-2.4501E-08	1.7409E-08	1.6271E-06	-3.8028E-06
4.2131E-09	1.2702E-08	1.7914E-06	-3.5912E-06
-4.9592E-09	-8.9138E-09	-1.5867E-07	-5.0351E-07
1.7797E-09	-2.3093E-09	2.8801E-07	-2.4747E-06
1.2349E-08	-1.6831E-08	6.4868E-07	-2.8509E-06
-1.3453E-09	2.2089E-08	1.1611E-06	-3.2601E-07
-1.0469E-09	1.0723E-09	1.5214E-06	-2.1095E-06
-2.6406E-08	-4.2069E-09	-3.7748E-08	-9.2639E-07
-1.6438E-09	6.0239E-09	-5.9494E-07	3.0167E-07
6.7101E-09	-1.2122E-08	-1.7406E-07	-1.0873E-06
-6.7513E-09	2.1902E-08	1.2638E-06	-6.2641E-07
-1.6776E-08	4.5470E-08	1.6672E-06	-4.4868E-07
-7.0554E-09	-5.1176E-08	2.5802E-06	-1.6864E-06
1.8832E-09	-1.8257E-08	1.4799E-06	-1.1274E-06
2.6691E-08	-3.3883E-09	9.8384E-07	-6.5347E-07
3.5046E-09	-1.1868E-08	-1.1683E-06	-1.3231E-06
2.8585E-08	-1.1779E-08	1.6397E-06	-1.2757E-06
1.8164E-08	-2.8438E-08	8.9765E-08	6.8366E-07
-1.5748E-08	-8.7851E-09	-3.2963E-07	-2.1003E-06
4.6632E-08	-3.0725E-09	8.0382E-07	-1.5941E-06
9.0822E-09	-2.6321E-08	1.0822E-06	-3.8607E-06
4.5715E-09	-3.3302E-08	4.9557E-07	-6.3036E-07
-2.2001E-08	1.4987E-08	8.1245E-07	-2.3708E-06
1.9154E-09	3.4050E-08	3.2008E-06	-2.7139E-06
2.0254E-08	2.1084E-08	9.7522E-07	-1.0459E-06
-1.1485E-08	-1.3763E-08	1.8001E-06	-1.3811E-06
-1.8978E-08	-2.9694E-08	1.0453E-06	-3.8977E-08
3.3085E-08	6.0713E-09	2.0962E-06	-1.6334E-06
-2.1067E-09	-1.5232E-08	2.0627E-06	-2.0330E-06
3.2423E-08	-8.9758E-09	3.5060E-06	-7.5187E-07
3.6579E-08	1.1972E-08	2.6644E-06	-2.1746E-06
1.1817E-08	3.0849E-09	1.5897E-06	-1.7566E-06
1.6046E-08	4.0954E-09	2.4248E-06	-1.6860E-06
2.1545E-09	1.0536E-08	1.0532E-06	-1.7075E-07
-2.0105E-08	-8.0077E-09	1.1796E-06	-1.6430E-06
2.4321E-08	-1.1064E-08	-8.6398E-07	-6.2988E-07
-2.1719E-08	8.3063E-09	9.1654E-07	-1.8328E-06
-1.2680E-08	-2.1280E-08	1.6803E-06	-1.2333E-06
3.4241E-08	2.7818E-08	1.1486E-06	-6.0928E-07
-1.6128E-08	1.0466E-08	-1.9478E-07	3.3202E-07
-1.6090E-09	8.1380E-09	2.5891E-06	-1.7103E-06
-8.6922E-09	-6.8115E-09	7.9750E-08	-7.2266E-07
6.7120E-09	1.9673E-08	1.4287E-06	-2.5445E-07
-1.0466E-08	7.3665E-09	1.4620E-06	4.9915E-07
1.4792E-08	-1.1341E-08	1.9417E-06	-1.6542E-06
-1.3611E-08	1.7225E-08	1.6347E-06	-1.2330E-06
-4.1025E-09	2.4602E-08	2.7802E-06	-5.1333E-07
-5.2914E-08	-2.4124E-09	1.6210E-06	-8.5825E-07
-1.8750E-09	6.4641E-09	7.9051E-07	-1.3106E-06
1.0036E-08	2.2286E-08	1.9244E-06	-5.0463E-07
8.3383E-09	-1.9977E-08	3.6904E-07	-1.9027E-06
8.1053E-09	1.1288E-08	2.4030E-06	-8.1560E-07
-3.4338E-09	5.7971E-09	1.1333E-07	1.6070E-07
-9.2021E-10	2.9973E-08	2.5610E-06	-4.1266E-07
2.7054E-08	-2.0169E-09	2.2392E-06	-1.1914E-06
1.2403E-09	2.0168E-09	2.3827E-06	-1.0904E-06
-2.1092E-08	3.5087E-09	1.8797E-06	-1.2985E-06
-3.6049E-08	-9.4963E-09	8.1085E-07	5.3645E-07
1.7923E-09	1.6566E-08	2.1304E-06	-1.7805E-06
3.5673E-08	2.2249E-08	2.4851E-06	-1.4365E-06
2.1649E-08	-2.2907E-09	2.2850E-06	-1.6236E-06
1.3250E-08	1.6848E-08	8.2666E-07	-9.2757E-07
3.3712E-09	1.3792E-08	7.4742E-07	-3.8237E-07
-1.2987E-08	3.0216E-08	1.6799E-07	-4.7242E-07
1.6058E-08	-2.1929E-08	1.8421E-06	-8.1058E-07
-7.8758E-09	-1.0490E-08	2.7338E-07	-7.2946E-07
-4.1236E-08	-2.3660E-08	2.6223E-06	-6.6591E-07
-4.2081E-10	-9.3567E-09	1.9204E-06	-9.7768E-07
-2.5667E-08	-6.4809E-09	1.3151E-06	-1.0867E-06
9.9107E-09	1.4599E-08	1.7860E-06	-7.0088E-07
1.9257E-08	-7.4285E-09	2.0083E-07	-2.1871E-06
-3.5797E-09	-4.9893E-09	1.4906E-06	-1.7695E-06
1.2408E-09	2.0441E-08	1.8002E-06	-1.3741E-06
-4.4263E-09	-9.9386E-10	2.1036E-06	-5.9633E-07
-1.8454E-08	-2.1926E-09	1.7171E-06	-2.8010E-07
9.7926E-09	-9.5407E-09	1.1743E-06	-1.3796E-06
9.5013E-09	-9.6712E-09	7.3930E-07	-1.4936E-06
-8.7165E-09	-2.8974E-09	1.5317E-06	-6.8228E-07
9.8669E-09	-9.8110E-09	1.3938E-06	-2.3259E-07
2.3385E-08	-5.6277E-10	4.2864E-07	-8.5728E-07
-6.1471E-09	-5.4963E-08	2.3109E-06	-8.9507E-07
4.0080E-08	1.7222E-08	1.4770E-06	-1.7210E-06
-4.0121E-08	-1.1646E-08	9.7514E-07	-1.8894E-06
-1.0284E-08	-2.3184E-08	3.7572E-07	-1.7269E-06
1.7593E-08	1.0266E-08	2.1338E-06	-1.5242E-06
-1.6954E-08	1.1038E-08	8.3009E-07	-2.3372E-06
-3.1233E-09	1.4936E-08	2.6172E-06	-1.2646E-06
1.9578E-08	-7.9095E-09	-1.1730E-07	6.8329E-07
-3.0437E-08	-3.7484E-08	1.4080E-06	-1.2375E-06
1.3863E-08	-1.8691E-08	5.2941E-07	-6.3532E-07
2.3852E-09	-7.2737E-09	1.4596E-06	-1.2672E-06
1.7421E-09	8.3532E-10	1.6627E-06	3.4340E-08
2.3592E-10	8.6978E-09	5.5969E-07	2.0423E-08
1.8301E-08	-3.4311E-08	5.7938E-07	-8.5170E-08
1.1640E-08	5.1001E-09	2.7633E-06	-1.5531E-06
2.4988E-08	-1.4999E-08	2.1740E-06	6.6419E-07
-2.0390E-08	-3.0789E-08	1.1486E-06	-6.4194E-07
3.2168E-11	-3.0238E-09	1.7228E-06	-2.8634E-07
3.0011E-09	7.1384E-09	6.6385E-07	-1.2206E-06
-1.3639E-09	2.2916E-08	1.0104E-06	-5.3041E-07
-4.7166E-09	8.3687E-09	1.9060E-06	-6.4266E-07
8.4039E-09	-7.1618E-09	1.7236E-06	8.8993E-07
1.9101E-08	-8.2727E-09	2.7206E-06	4.4023E-07
-5.8865E-09	1.9867E-09	1.7847E-06	-1.4865E-06
-1.4440E-08	-2.3752E-09	4.1886E-07	-1.0946E-06
-1.9361E-08	-9.0095E-09	1.3968E-06	-2.3524E-06
1.0990E-08	4.5929E-09	-1.9678E-07	-1.8463E-06
-2.2187E-08	-2.8369E-09	1.7935E-06	-2.1026E-06
3.5826E-09	3.0944E-08	1.5890E-06	5.6524E-07
2.4487E-09	2.6930E-08	6.8480E-07	5.9615E-07
-2.0094E-09	1.3660E-10	5.2755E-07	-6.6902E-07
1.5595E-09	2.6858E-09	7.0127E-07	6.2960E-07
-1.5125E-08	-2.5189E-08	3.2564E-07	-2.1992E-06
-1.0766E-08	1.7747E-08	1.2652E-06	-2.0265E-07
-1.2225E-08	2.9109E-08	1.3655E-06	-5.3833E-07
9.4355E-09	-1.9370E-08	2.1149E-07	2.6072E-07
1.5172E-08	-5.4977E-08	-2.6676E-07	5.8317E-08
2.3484E-08	1.2031E-09	1.2823E-06	7.5422E-07
-2.4145E-08	1.8129E-08	-1.6212E-07	-7.6868E-07
1.8850E-08	1.8445E-09	1.0795E-06	-7.3782E-07
-3.1690E-08	2.7166E-08	1.9416E-06	-9.7821E-07
1.2534E-08	-5.1495E-09	1.1005E-06	-2.0541E-07
1.6640E-08	-2.1441E-08	1.4774E-06	-4.0301E-07
-2.6422E-08	-1.5349E-08	1.9445E-06	-8.8790E-07
4.1232E-09	-4.9649E-09	9.3377E-07	-1.4284E-06
-2.6799E-09	-5.1592E-09	1.6085E-06	-6.7590E-07
-1.0603E-08	-3.2048E-09	1.8542E-06	1.1162E-06
2.2737E-08	-1.8060E-08	1.1691E-06	-8.2671E-07
2.4908E-08	-3.3476E-08	6.3901E-07	-1.2050E-06
2.5360E-08	8.6923E-09	1.5948E-06	1.2970E-07
-1.6200E-08	1.6795E-08	1.2255E-06	-6.2239E-07
-1.5286E-08	6.2608E-09	-5.1985E-07	5.3555E-07
5.0981E-08	1.5096E-08	1.8185E-07	1.1489E-07
-1.4392E-08	1.1208E-08	1.8253E-06	1.2605E-06
-5.1079E-09	-2.2151E-08	6.5729E-07	-8.9416E-07
-6.7167E-09	-2.7709E-08	7.9786E-07	-7.9492E-07
5.7930E-10	1.6774E-08	7.0386E-07	-1.5506E-06
2.3656E-08	-1.2775E-08	8.5996E-07	-5.6434E-07
-5.2469E-09	3.0288E-08	1.5795E-06	-1.7731E-06
5.5676E-09	-2.2089E-10	1.6505E-06	3.0718E-07
1.5749E-08	1.7884E-08	2.9140E-06	8.9687E-07
1.2352E-08	1.3315E-08	8.1201E-07	-2.1015E-06
-1.2507E-08	2.8281E-08	2.1021E-06	-1.6293E-06
-1.7026E-08	2.2455E-08	1.4490E-06	-2.9192E-07
2.9671E-08	-1.2088E-08	1.2196E-07	-7.4858E-08
-1.0719E-08	1.8358E-09	2.8885E-07	-9.7699E-07
-2.8607E-09	-2.0303E-08	9.7136E-07	-2.7671E-06
7.0237E-09	-2.2235E-09	1.5971E-06	-1.4556E-06
-4.5950E-08	1.2595E-08	2.6086E-06	9.6416E-07
-2.1535E-08	2.4763E-08	1.1001E-06	-1.0878E-06
1.0123E-08	-4.3652E-08	2.3800E-06	-9.4685E-07
-1.9930E-09	-2.4933E-08	1.3036E-06	-4.6658E-08
-2.3433E-09	-3.0085E-08	1.5144E-06	5.2736E-07
3.4045E-08	-2.9475E-08	1.1525E-07	-5.2951E-09
-1.5911E-08	1.7632E-08	4.5967E-07	-1.8646E-06
-1.3030E-08	-4.3797E-09	2.6287E-06	-1.7134E-06
-1.6014E-08	-6.2455E-09	9.7990E-07	-1.7204E-06
1.0248E-08	-1.0078E-08	2.1582E-06	-7.3576E-07
2.5901E-08	-1.7249E-08	1.7742E-06	-1.8868E-07
1.7892E-08	5.8907E-09	1.0016E-06	-8.1155E-07
3.3202E-08	-1.6295E-08	9.3389E-07	-3.4965E-06
1.4118E-08	4.5645E-08	1.1941E-06	-6.3399E-07
3.9880E-08	1.5594E-08	1.6715E-06	-2.3342E-07
6.6809E-09	-4.1290E-09	3.1812E-07	-4.1779E-07
-2.2548E-08	-2.4289E-08	1.7911E-06	-2.3931E-06
7.1522E-09	-2.2342E-08	9.5792E-07	-3.9752E-07
4.3092E-08	2.1047E-08	1.9945E-06	-5.5450E-07
-6.7144E-09	1.2176E-08	1.9002E-06	-9.1983E-07
-8.0280E-09	3.6791E-09	7.6937E-07	-2.5195E-06
1.8117E-09	1.1855E-08	7.2954E-07	-2.8063E-07
-3.2252E-08	-2.0447E-08	2.7569E-06	-1.5409E-06
-5.3338E-09	1.5399E-08	-5.5033E-07	-1.5207E-06
-1.0675E-08	-3.0496E-08	2.5910E-06	-6.2802E-07
2.9484E-08	7.1516E-09	9.1124E-07	-1.3103E-06
-9.5291E-09	2.1105E-08	9.4791E-08	-1.9426E-06
4.8553E-08	-1.0955E-09	1.1292E-06	-8.1265E-07
1.2977E-08	-2.4314E-09	4.6270E-07	-9.9695E-07
-1.0834E-08	-1.4006E-08	8.0060E-07	-3.3438E-06
-7.7877E-09	6.5209E-09	6.1537E-07	-6.4403E-07
2.0154E-08	1.4299E-08	1.6477E-06	4.9217E-07
1.6516E-08	-1.2079E-08	3.8406E-07	-1.8960E-06
-1.6173E-09	3.3663E-09	3.7896E-07	-1.2314E-06
-1.2062E-08	-7.6285E-09	7.4678E-07	-7.1694E-07
5.7618E-09	2.0850E-09	8.6790E-07	5.6099E-07
1.7293E-08	2.6689E-08	6.6595E-07	-9.4115E-07
-5.4348E-09	-5.4932E-10	2.2952E-07	-1.1012E-06
6.2107E-09	1.5538E-09	1.3050E-06	8.7735E-07
-7.7699E-09	2.8851E-08	8.1551E-07	-7.6570E-07
7.0928E-09	5.2541E-09	1.3610E-06	-4.0010E-07
-5.6951E-09	-1.1683E-08	1.9671E-06	-4.5222E-08
8.5289E-09	-7.4480E-10	-3.5821E-07	-8.6657E-07
-5.7351E-08	1.3897E-08	1.3255E-06	-1.1685E-06
-1.0988E-08	1.3555E-09	7.3785E-07	6.1023E-07
-1.5902E-08	-1.0556E-08	1.7522E-06	-3.0126E-07
3.3125E-09	-1.9520E-08	1.4511E-06	-1.2802E-06
-2.4834E-08	1.3438E-08	2.1187E-07	-2.5467E-06
-3.6648E-09	-3.9679E-09	1.1137E-06	-2.7434E-06
1.6664E-08	3.7778E-08	1.3384E-06	7.6470E-07
3.9195E-09	-7.8024E-09	3.3023E-07	-2.6286E-07
7.6167E-09	-9.0758E-09	1.9759E-06	-7.8797E-07
2.1767E-08	1.4240E-08	1.8093E-06	3.2202E-08
-3.9265E-09	2.1285E-08	1.0134E-06	2.0213E-06
2.6546E-08	4.6421E-08	9.8089E-07	-9.1305E-07
-1.5873E-08	-2.1983E-08	4.3784E-07	-1.1097E-06
-1.7436E-09	1.9838E-08	1.5511E-06	-1.6955E-06
-3.3605E-09	-1.6604E-08	1.7710E-06	5.9660E-08
-5.1370E-10	-5.0532E-09	3.1570E-06	-8.1335E-07
-1.9285E-08	2.2632E-08	-1.2564E-08	-5.8836E-07
-1.5124E-09	-2.8287E-08	2.2050E-06	1.6306E-07
1.6570E-08	1.8915E-09	1.0647E-06	-8.6320E-07
2.0146E-08	-2.0174E-08	5.6073E-07	3.4700E-07
2.2238E-08	-5.3294E-08	2.3587E-07	1.5908E-07
1.1298E-08	-1.6587E-08	1.0231E-06	-2.7818E-07
5.6462E-09	1.5491E-08	4.0064E-07	-2.6341E-07
-1.3180E-08	1.1487E-09	1.4770E-06	-1.6326E-06
1.4998E-08	2.0859E-09	1.4217E-06	-3.8538E-07
2.5961E-09	-6.8296E-09	1.3496E-06	-1.5085E-06
9.2942E-09	2.1374E-08	1.0790E-06	-1.4417E-06
-1.0290E-09	2.7089E-08	2.2010E-06	-1.8790E-06
1.3726E-08	2.8543E-08	7.4297E-07	-1.9084E-06
-8.2784E-09	3.4559E-09	1.5776E-06	6.0549E-07
1.3661E-08	-2.8234E-09	7.6873E-07	4.2529E-07
3.8038E-08	-2.6023E-08	5.6357E-07	-2.8640E-07
6.2452E-09	1.2391E-08	-3.4796E-09	3.0018E-07
-2.4255E-08	-4.1865E-09	1.5842E-06	-7.4614E-07
5.2827E-09	-2.1953E-08	9.8012E-07	1.1901E-07
1.5786E-08	3.8553E-08	-1.4758E-06	-9.7651E-07
1.9104E-08	-1.7466E-08	-2.9748E-07	6.6200E-07
-1.6021E-09	-6.1975E-09	1.4133E-06	6.1070E-07
-6.4682E-09	1.1338E-08	3.4627E-07	-1.3519E-06
-8.2263E-09	2.1949E-09	1.1053E-06	-1.0786E-06
5.8526E-10	5.9028E-09	2.3127E-06	-3.3664E-07
-3.6494E-09	-1.5206E-08	5.1798E-07	-2.7526E-06
-4.9368E-09	3.8459E-10	-8.6461E-08	-2.1813E-06
-5.9919E-09	-1.4659E-08	1.0065E-06	-1.1564E-06
3.8058E-09	-7.4061E-09	2.8794E-07	-3.0869E-07
1.1693E-08	-1.8845E-09	-4.0294E-07	1.5995E-07
-1.3036E-08	-1.6855E-08	1.6179E-06	-3.6789E-07
3.3213E-08	1.0324E-08	1.0205E-06	4.1954E-07
4.6637E-08	-1.7138E-09	1.0580E-06	-8.3377E-07
4.2837E-09	3.3002E-08	1.1085E-06	2.3281E-07
-2.2475E-08	-2.7886E-08	1.2291E-06	2.0630E-06
1.1238E-08	-3.7403E-08	1.8778E-06	-1.1041E-06
2.5675E-08	-9.5954E-09	1.6034E-06	-1.5367E-08
2.2647E-08	-9.8625E-09	1.5346E-06	-9.6388E-07
-2.4481E-08	-1.6947E-08	1.3295E-06	6.0131E-07
1.0837E-10	-2.1456E-08	1.1297E-06	-1.2117E-06
-2.8007E-08	-1.8705E-08	1.9072E-06	-6.7377E-07
-3.1921E-08	-1.8383E-08	1.8620E-07	-1.0207E-06
-2.7063E-08	1.9539E-08	-8.2330E-07	-8.6796E-09
-1.9692E-08	2.0963E-08	1.2081E-06	-2.1292E-06
2.4912E-08	-1.3825E-08	2.2741E-06	-8.5002E-07
2.4106E-08	1.5865E-08	2.2008E-06	-2.2164E-06
-1.7101E-08	-2.7418E-08	1.3403E-06	2.4820E-07
-2.0546E-08	3.0388E-08	1.6606E-06	-4.8200E-08
-1.3582E-08	1.3554E-08	-4.2120E-07	-9.2764E-07
1.1116E-08	-3.2095E-09	-8.3440E-08	2.7657E-07
6.7316E-09	-3.3110E-08	-9.0801E-08	3.6359E-07
2.0023E-08	2.3863E-08	3.4590E-06	3.5970E-07
-1.5382E-08	-1.1267E-08	4.9578E-07	-1.0543E-06
2.6011E-08	1.3415E-08	6.5067E-07	5.1906E-07
-8.3621E-09	3.5789E-08	-4.4643E-07	-6.5870E-07
-8.3427E-09	1.1175E-08	2.5736E-06	-3.5358E-07
1.2264E-08	-4.2105E-08	-9.9566E-07	-1.3739E-07
-5.5896E-10	-1.8610E-09	1.7172E-06	-6.8831E-07
1.6192E-08	-3.1223E-09	1.1040E-06	-3.1094E-07
-1.8575E-08	1.2462E-08	1.5971E-06	-2.8408E-06
1.8100E-08	-4.0827E-08	5.9961E-07	-2.8940E-06
-9.5645E-09	1.2625E-08	8.7051E-07	-4.2058E-07
-1.6600E-08	-5.3540E-08	8.7443E-08	-1.8888E-06
3.3167E-08	-2.7580E-08	8.0264E-07	-1.5280E-06
-8.5359E-09	4.3222E-08	5.7004E-07	-1.4332E-06
2.0791E-09	-5.6108E-09	-1.1106E-07	-4.9795E-09
-5.1436E-10	1.3286E-08	-3.6013E-07	-1.5061E-06
2.8416E-09	-2.2585E-09	2.7631E-07	-9.2308E-07
-2.1605E-08	1.1350E-08	4.8747E-07	-8.9092E-07
1.0520E-08	-4.9082E-08	1.6032E-06	-4.9438E-07
2.8806E-08	2.6594E-08	2.2594E-06	-1.9545E-06
2.0451E-09	-1.5161E-08	1.0591E-06	-1.3306E-06
-1.5154E-08	2.9066E-08	8.1700E-07	7.9887E-07
-9.0848E-09	-7.8324E-09	1.6279E-07	-1.2414E-06
4.6149E-09	-2.3102E-10	1.3254E-06	7.2690E-07
-2.3522E-08	-3.6808E-08	1.1837E-07	-1.7206E-06
-1.5113E-08	3.6464E-09	7.5017E-07	1.0068E-07
-3.1979E-08	-2.8401E-08	-9.0198E-08	-3.3845E-07
-1.7495E-08	-1.3919E-08	5.5968E-11	-2.0773E-06
-1.8369E-08	-4.3771E-09	8.1216E-07	-2.9864E-07
-8.0327E-09	8.9539E-09	1.1396E-06	-4.6239E-07
2.2098E-08	-1.4155E-08	6.5174E-07	-4.9003E-07
2.2942E-08	-4.3426E-09	2.6549E-06	-4.8683E-07
-2.2695E-08	1.2583E-08	4.8062E-07	-1.8553E-06
-1.2860E-08	-1.7157E-08	6.2912E-07	-1.5173E-06
-3.5568E-08	-3.2466E-09	4.6659E-07	1.3591E-07
1.6064E-09	-1.1069E-08	-6.6151E-08	-8.4296E-07
5.2494E-09	-5.0715E-09	6.0663E-07	-4.8668E-07
-2.5868E-08	2.5905E-08	1.1455E-06	-1.1401E-06
8.4769E-09	2.4006E-09	4.3042E-07	-2.3003E-08
1.0498E-09	-2.6478E-08	1.6580E-06	-5.3983E-07
-1.3521E-08	1.2590E-08	1.0549E-06	-3.9852E-07
-6.0485E-10	-6.0808E-10	2.1373E-06	-1.3436E-06
9.3681E-09	-1.3490E-08	5.8952E-07	-1.6590E-06
6.3115E-09	-3.2326E-09	1.1297E-06	1.4085E-06
-1.7284E-08	1.2054E-08	7.4912E-07	1.1044E-06
-1.4120E-08	-2.4044E-08	-6.7169E-07	-7.7684E-07
1.6599E-08	-1.2007E-08	1.1401E-06	-3.9910E-07
1.1654E-08	-3.2002E-08	1.1014E-07	-6.3781E-07
-1.4867E-09	-8.0824E-09	1.3927E-07	-1.2866E-09
8.3464E-09	-8.7984E-10	3.3312E-07	-1.3396E-06
8.6742E-09	1.1762E-08	8.6922E-08	-3.5928E-07
4.0358E-09	-1.1395E-08	2.5380E-06	5.7019E-07
2.3043E-09	3.6415E-08	-6.3622E-07	5.7646E-07
-5.3765E-09	-3.2944E-09	1.4750E-07	-2.8773E-06
4.0874E-08	1.6193E-08	-1.0668E-07	-3.3889E-07
-5.1186E-09	9.1341E-10	1.3910E-06	-2.3737E-06
-7.5557E-09	-2.1732E-09	3.0498E-07	2.4912E-07
5.1587E-09	-3.4458E-08	1.3740E-06	-7.3952E-07
1.6971E-08	7.7628E-09	1.2962E-07	-2.7582E-07
-2.7329E-08	-2.1650E-09	-1.7947E-07	-3.2217E-06
-6.5949E-09	-1.9029E-09	2.3827E-07	1.9309E-06
1.1125E-08	-2.6374E-08	7.4785E-08	6.8769E-07
-1.0660E-08	-5.1676E-09	1.1817E-06	7.2411E-07
5.3963E-09	3.8735E-09	1.8625E-06	5.4565E-07
1.2349E-08	8.8816E-09	3.0860E-07	-1.2493E-06
1.8494E-08	-1.0262E-08	1.0137E-06	1.2394E-06
-1.0055E-09	2.8776E-09	4.9155E-07	-4.7401E-07
-3.4929E-08	2.6607E-08	1.4978E-06	-3.8660E-07
1.5884E-08	3.0570E-08	5.7115E-07	-2.0394E-06
-3.1128E-09	-2.1304E-08	-8.3291E-07	-5.3490E-07
5.0248E-09	1.6394E-08	4.2805E-07	-1.0747E-06
-2.8951E-08	1.9000E-08	1.6650E-06	-1.5110E-06
-1.6702E-08	-1.3564E-08	2.8794E-07	2.5470E-07
-5.2936E-09	-2.0035E-09	1.5763E-06	-2.5031E-06
-7.1866E-09	6.5901E-09	1.5025E-06	-1.1268E-06
2.0720E-08	5.3100E-09	-2.0785E-07	1.1938E-06
-6.1423E-09	-1.4894E-08	5.7769E-07	-1.0403E-06
2.2110E-08	7.9969E-08	-2.3892E-07	-9.6025E-07
-1.1471E-08	-2.9880E-09	1.2621E-06	-1.0271E-06
8.3131E-09	6.2586E-09	1.8140E-06	-4.2223E-07
1.0979E-08	-4.3761E-09	1.8972E-06	-1.3470E-07
2.6550E-09	-7.4081E-09	1.4599E-06	4.7463E-07
7.3160E-10	-6.5506E-10	2.3514E-06	1.6385E-07
1.0567E-08	2.3072E-08	7.2104E-07	8.8805E-07
9.9368E-09	-1.8326E-08	1.5965E-06	-4.7665E-07
4.0833E-08	-3.5010E-08	1.3604E-06	-1.9704E-07
3.9188E-08	2.9563E-08	1.3385E-07	1.8971E-06
3.4457E-08	-5.4278E-09	2.0223E-06	1.6806E-06
-3.7865E-08	7.7584E-09	-2.4293E-07	-1.7273E-08
-6.9754E-09	1.0525E-08	-5.9770E-07	-4.7656E-07
-2.2136E-08	1.4422E-08	-4.9815E-07	-3.7749E-07
-3.4469E-09	4.1394E-08	1.5263E-06	5.2268E-07
-5.0668E-08	2.8191E-08	1.4491E-06	5.8458E-07
-2.3353E-08	-1.0937E-08	1.4902E-06	-1.3911E-06
-3.5378E-08	1.2059E-08	-9.8495E-07	-2.0717E-06
-1.6647E-08	6.9669E-09	1.9591E-07	-4.0039E-07
-1.6903E-08	1.0519E-09	-1.2081E-06	-1.0217E-06
1.6310E-08	-7.6043E-09	-7.3277E-07	1.7559E-07
-1.7009E-08	-1.3060E-08	7.9037E-07	-1.4210E-06
1.3025E-10	7.4587E-09	3.9806E-07	1.5568E-08
4.2215E-09	-2.1463E-08	-1.0290E-06	8.5475E-07
1.4153E-09	-1.0224E-08	2.0539E-08	-2.8284E-08
-3.3844E-08	2.9369E-08	-1.7333E-06	2.6908E-07
1.8087E-08	-7.1116E-08	1.7465E-07	3.6393E-07
2.4312E-09	1.9408E-08	-6.6749E-07	7.5360E-07
2.1242E-08	-3.6672E-08	-1.8500E-07	-5.0584E-07
-1.4404E-08	-6.3347E-09	-1.2636E-07	2.8158E-07
-1.0213E-08	6.5806E-09	-5.0404E-07	1.7519E-07
-2.4300E-08	-2.2713E-08	-8.5308E-07	2.2494E-07
2.8258E-08	-4.9058E-08	-5.0707E-08	-8.3999E-08
6.3395E-09	2.7836E-08	-2.0384E-07	1.5583E-06
-7.6005E-08	-5.1573E-09	-1.5170E-06	-1.9651E-06
-3.5419E-08	-5.8868E-08	-1.2995E-07	-3.1454E-07
-6.7774E-08	-7.9814E-08	-1.0188E-06	2.3452E-07
-3.1094E-08	1.0910E-08	-1.0528E-06	1.4340E-06
-1.0740E-07	-6.5366E-08	-1.4019E-06	8.9582E-07
-1.5544E-07	-7.9768E-08	-1.0743E-06	1.3646E-06
-3.1104E-07	-1.4585E-07	-2.2136E-07	-6.6324E-07
