jMRUI Data Textfile

Filename: Export_to_jmrui.txt

PointsInDataset: 2048
DatasetsInFile: 1
SamplingInterval: 0.250000
ZeroOrderPhase: 0E0
BeginTime: 0E0
TransmitterFrequency: 1.2326E8
MagneticField: 2.8936E0
TypeOfNucleus:  
NameOfPatient:  
DateOfExperiment:  
Spectrometer:  
AdditionalInfo: 
SignalNames:  


Signal and FFT
sig(real)	sig(imag)	fft(real)	fft(imag)
Signal 1 out of 1 in file
1.3929E-06	5.1944E-07	1.6663E-07	3.6029E-07
2.0123E-06	1.2751E-07	1.4531E-06	3.5626E-07
1.3444E-06	-5.6820E-07	-1.5476E-06	7.9656E-07
9.6132E-07	-8.9631E-07	-1.3022E-06	-1.0051E-06
6.5555E-08	-1.1138E-06	-1.0454E-06	-2.9762E-07
-4.4344E-07	-8.6619E-07	2.3319E-07	-5.1225E-07
-8.1632E-07	-4.5662E-07	-5.3073E-07	5.6274E-07
-5.7514E-07	4.7571E-08	-7.4863E-07	1.0043E-06
-2.4917E-07	1.7552E-07	-2.0410E-06	2.4252E-06
1.8316E-07	1.9741E-07	-2.2181E-06	1.3058E-06
3.8141E-07	-1.6577E-08	1.7506E-06	1.7395E-07
4.2212E-07	-2.6999E-07	-1.2138E-06	4.7474E-08
1.4006E-07	-4.8993E-07	-5.9178E-07	1.9033E-07
-5.7374E-08	-4.5914E-07	9.7546E-07	2.1962E-06
-3.1381E-07	-2.8894E-07	-3.5781E-07	1.8580E-06
-2.9616E-07	-1.4232E-07	-1.8803E-06	-8.1415E-07
-2.1428E-07	-2.2608E-08	-2.4486E-07	6.1935E-07
-3.3615E-08	2.1021E-08	-6.3411E-07	-8.1667E-07
-6.2457E-09	-1.0137E-07	2.2563E-07	5.3893E-07
-3.8289E-08	-1.3051E-07	1.2749E-06	7.1622E-07
-2.2868E-07	-2.3090E-07	-8.9399E-08	1.1567E-06
-3.0918E-07	-1.7652E-07	-7.6280E-07	1.5030E-06
-4.1035E-07	-5.5015E-08	-1.0816E-06	1.3542E-06
-2.9375E-07	8.2705E-08	-7.9548E-07	7.2176E-07
-2.1734E-07	2.4334E-07	-1.5521E-07	1.1068E-06
-2.5447E-08	2.1206E-07	6.4364E-07	6.7506E-07
3.3906E-08	1.2048E-07	-2.6122E-06	-1.9785E-07
9.5974E-08	-4.1248E-08	1.2739E-06	1.2833E-06
1.2411E-08	-4.2367E-08	2.1982E-07	4.6444E-07
-8.5220E-08	-3.9127E-09	-1.2045E-06	3.0302E-07
-1.8414E-07	1.5231E-08	2.9971E-07	9.2927E-07
-1.6140E-07	1.3761E-07	1.4948E-07	1.6977E-06
-2.1275E-07	2.5083E-07	-9.7070E-07	9.7346E-07
-1.0581E-07	3.0049E-07	-4.5242E-07	1.7292E-06
-5.7202E-08	2.9709E-07	-7.1768E-07	1.0002E-06
9.8003E-08	2.0730E-07	-1.1044E-06	1.2276E-07
9.6893E-08	2.1885E-07	1.3757E-06	-4.2744E-07
1.6815E-07	6.4975E-08	3.7214E-07	1.4683E-06
1.5494E-07	8.4935E-08	1.0076E-07	1.2560E-06
7.6222E-08	1.3406E-07	1.1764E-06	-4.5151E-07
1.3585E-07	1.3351E-07	-1.1182E-06	6.1269E-07
1.7474E-07	1.4966E-07	-4.5462E-07	7.0250E-07
1.8363E-07	6.4403E-08	-1.9744E-06	4.1397E-08
1.6764E-07	-2.4946E-08	3.4963E-07	2.3424E-07
1.2423E-07	-1.1632E-07	-7.5931E-07	2.2532E-06
1.1017E-07	-1.3415E-07	5.1076E-07	-8.0093E-08
1.0302E-08	-8.2990E-08	-2.6564E-07	-8.8098E-07
1.0589E-08	-7.2989E-08	-6.7215E-07	1.3370E-06
-5.2717E-08	3.8839E-08	-3.7746E-07	-1.9831E-07
-7.8004E-09	2.9456E-08	5.3738E-07	1.1587E-06
5.4998E-09	5.0613E-08	-8.5737E-08	-1.3269E-06
5.4847E-08	2.0570E-08	-1.1045E-06	1.9623E-06
6.0011E-08	2.1111E-08	-7.4001E-07	1.8043E-07
2.8722E-08	-5.9089E-08	-4.0661E-07	1.5096E-06
-1.1897E-08	-8.2774E-08	-2.0511E-06	1.3317E-06
-1.0425E-07	-4.6768E-08	3.4785E-08	1.9068E-07
-1.1630E-07	1.8456E-08	-3.5452E-07	2.1130E-06
-1.6817E-07	9.5908E-08	3.4033E-07	8.7724E-07
-1.0733E-07	1.3152E-07	-5.7327E-07	7.1143E-07
-2.8489E-08	1.6436E-07	-4.0622E-07	4.1583E-07
7.0862E-08	2.6225E-08	-4.7293E-07	1.4447E-06
8.5000E-08	-4.6986E-08	1.9213E-06	1.7667E-06
1.7259E-08	-4.4278E-08	6.5344E-08	1.0360E-06
-7.4039E-08	-1.3416E-07	5.9837E-07	-3.4876E-07
-1.4204E-07	-5.0994E-08	5.4832E-07	2.9078E-06
-2.7064E-07	1.3608E-08	-7.3776E-07	2.5436E-06
-1.7941E-07	1.1058E-07	-3.3936E-08	3.0512E-07
-1.4845E-07	1.3861E-07	-1.0582E-07	3.9273E-07
-8.8198E-08	1.9180E-07	-5.2265E-07	-1.5834E-07
-5.5911E-08	1.5938E-07	-8.6023E-08	6.7202E-07
-3.9694E-08	9.2691E-08	-1.5930E-06	-8.4167E-08
-2.9712E-08	5.4206E-08	-1.0256E-06	1.1752E-06
-1.0481E-07	8.1719E-08	-1.3254E-06	9.4258E-07
-8.4899E-08	1.2687E-07	3.4134E-07	4.4883E-07
-9.0501E-08	1.4148E-07	-9.8190E-08	1.0776E-06
-3.6081E-08	1.3858E-07	9.1312E-08	-3.3498E-07
4.6165E-08	1.5590E-07	2.5514E-07	3.5565E-07
2.0844E-08	1.0060E-07	-2.2226E-07	-5.1800E-07
1.5013E-09	3.0178E-08	1.3633E-07	-1.8337E-07
-3.6287E-08	2.2802E-08	-1.6633E-07	9.1557E-07
-1.2228E-07	5.2014E-08	-1.3356E-06	1.2780E-06
-1.3474E-07	9.2159E-08	-1.9092E-08	1.2917E-06
-1.3795E-07	1.6210E-07	-1.3644E-06	1.4242E-06
-3.7798E-08	2.0931E-07	1.1646E-06	2.3046E-06
7.1855E-08	1.8927E-07	3.5105E-07	7.7926E-07
1.3182E-07	1.6362E-07	-8.1528E-07	6.6095E-07
1.4941E-07	4.5133E-08	-4.6786E-07	1.7292E-06
1.1437E-07	-4.5788E-08	-5.7635E-07	9.3290E-08
-1.0169E-08	-5.2758E-08	1.6627E-06	1.3075E-06
-9.1849E-08	-7.2016E-09	9.5177E-07	1.4555E-06
-1.1559E-07	2.4358E-08	-6.9977E-07	6.2570E-07
-1.3261E-07	1.0124E-07	1.4194E-07	1.7728E-06
-5.4079E-08	1.1085E-07	-2.0466E-07	1.1067E-06
2.0340E-09	1.4254E-07	-1.1047E-06	1.3393E-06
7.1764E-08	9.9534E-08	5.1804E-07	8.2121E-07
3.9747E-08	4.3532E-08	-9.6458E-07	1.7573E-06
6.8442E-08	6.1676E-08	1.7063E-06	8.9182E-07
6.4553E-08	-3.2318E-08	-2.4699E-07	1.4301E-06
1.6340E-08	-6.9195E-08	7.7423E-08	2.0589E-06
-3.8623E-08	-5.1433E-08	-2.3414E-08	1.1039E-06
-6.2295E-08	-2.7390E-08	5.8635E-07	2.4278E-07
-7.0319E-08	-4.4642E-08	-2.2422E-06	-4.7409E-07
-1.0656E-07	-1.4389E-08	-5.1869E-07	3.8353E-07
-9.2848E-08	2.6733E-10	6.2443E-07	4.9698E-08
-8.2177E-08	-2.9323E-09	4.2683E-07	1.4558E-06
-1.3672E-07	-3.3539E-08	1.6807E-06	1.5743E-06
-5.0035E-08	-1.9235E-08	4.6553E-07	9.6947E-07
-7.7150E-08	-1.6968E-08	-1.3333E-06	6.5969E-07
-6.7032E-08	1.4117E-08	2.0398E-07	6.6275E-07
-8.0802E-08	3.7320E-08	-7.9125E-07	2.4600E-06
-2.6141E-08	3.5984E-08	9.0423E-08	4.6353E-07
-6.5457E-08	5.9394E-08	-8.3400E-07	1.2630E-06
-7.9879E-08	4.8688E-08	-8.3935E-08	-1.1712E-06
-2.8347E-08	-6.0653E-09	-8.0489E-07	7.7311E-07
-5.5165E-08	5.1531E-09	-7.3241E-07	3.6155E-07
-3.4019E-08	2.4613E-08	-1.3962E-06	1.6871E-06
-4.1883E-08	2.7650E-08	-8.4366E-07	1.1356E-06
-1.0178E-07	-2.3985E-08	-5.9896E-07	3.1387E-07
-6.1126E-08	-1.4946E-08	-9.1445E-07	1.1016E-07
-7.4586E-08	5.2215E-08	1.2928E-07	-8.2188E-07
-5.2440E-08	4.2309E-08	2.7024E-07	6.5597E-07
-4.8440E-08	6.4549E-08	4.1508E-08	4.8342E-07
3.8340E-08	4.0081E-08	4.4277E-07	9.2143E-07
4.9795E-08	-3.0233E-08	-1.1678E-06	6.5149E-07
2.9835E-08	2.9212E-09	4.2840E-07	1.0673E-06
-1.8585E-08	-6.4531E-09	2.2837E-08	4.1496E-07
-7.4713E-10	-1.5747E-08	7.7845E-08	2.9680E-06
-1.0160E-07	1.3312E-08	-2.3988E-06	9.1316E-07
-7.0113E-08	5.0164E-09	4.9196E-07	1.6758E-06
-2.7212E-08	2.1017E-08	7.7528E-07	2.3348E-06
-3.0788E-08	4.5692E-08	5.2289E-07	1.5198E-06
7.1754E-09	6.1476E-08	-4.5857E-07	9.1564E-07
1.4516E-08	2.6989E-08	3.8668E-07	1.1409E-06
1.2192E-08	3.3345E-09	1.1135E-06	1.1819E-06
6.7388E-08	1.4584E-08	-5.5923E-07	1.7691E-06
-1.3392E-08	-1.4826E-08	1.2643E-06	1.2329E-07
4.5071E-08	-1.9493E-08	-1.0161E-07	-3.2925E-07
1.4713E-08	-2.4877E-08	-1.8196E-07	7.8772E-07
3.2371E-08	-6.4993E-08	-1.1242E-06	1.1742E-07
3.1351E-08	-5.7882E-08	6.5129E-07	3.0616E-07
1.4198E-08	-9.4828E-08	-1.0043E-06	1.0910E-06
-1.5679E-08	-6.6977E-08	1.5036E-07	7.5725E-07
-2.0362E-08	-4.4663E-08	1.0856E-06	1.1945E-06
-4.2827E-08	-5.3506E-08	-1.3320E-07	2.1893E-06
-5.6588E-08	-3.3312E-08	-3.1184E-07	2.0320E-07
-2.8060E-08	-6.0422E-08	-1.6371E-06	2.5659E-06
-2.9900E-08	-2.9634E-08	-5.6627E-07	1.1670E-06
-5.8184E-09	-4.4256E-08	-1.0713E-06	9.2551E-07
2.2836E-08	-8.5605E-08	1.1965E-06	9.9218E-07
1.1172E-08	-2.2101E-08	-2.9897E-07	1.8983E-06
-2.2328E-08	-5.5288E-09	-4.4175E-07	1.3827E-06
-3.4493E-08	-3.2421E-08	7.7935E-07	3.3204E-07
-3.9335E-08	-4.7566E-08	-1.3422E-06	2.0601E-06
-4.1902E-08	-5.1718E-08	-1.1482E-07	-7.1430E-07
-1.8031E-08	7.3829E-09	8.1356E-07	1.5838E-06
-4.8938E-08	-2.2575E-09	4.3918E-07	1.2890E-06
-3.9423E-08	1.5359E-08	8.0753E-07	6.8396E-07
-3.4389E-08	7.0478E-09	-2.0025E-07	1.8647E-06
4.9238E-08	4.2450E-09	-7.7924E-07	1.7885E-07
3.3466E-08	2.0706E-08	-3.9383E-07	8.3784E-07
7.0554E-08	-3.0554E-08	1.0406E-06	1.1895E-06
4.9440E-09	-4.8458E-08	-1.6236E-06	1.5826E-06
2.7695E-08	-3.5150E-08	-1.5241E-06	1.5816E-06
-9.8207E-09	-1.9404E-08	-1.5658E-06	8.2152E-07
-2.1713E-08	-4.6307E-08	1.6566E-06	-8.7935E-07
-1.3332E-08	-1.8325E-08	-9.3868E-07	1.7776E-06
4.6991E-09	-2.9957E-08	9.2237E-07	4.9343E-07
-4.4491E-08	-2.4231E-08	-4.6354E-07	9.6003E-07
1.5038E-09	8.6725E-09	1.1290E-06	1.1458E-06
-8.5878E-09	2.2070E-08	3.0647E-07	1.8023E-06
8.7980E-08	3.8685E-08	-5.7824E-07	1.7652E-06
3.8590E-08	-7.4011E-09	-2.7090E-07	1.9488E-06
4.1737E-08	5.6559E-09	1.0370E-06	7.9713E-07
8.1977E-08	-9.1127E-09	6.6900E-07	1.6692E-06
7.1396E-08	-3.1822E-08	-2.0057E-06	1.1054E-06
5.3712E-08	-2.6761E-08	-6.9184E-07	1.6878E-06
5.2390E-08	-4.8737E-08	-1.1670E-07	2.9967E-07
5.9959E-08	-6.1810E-08	7.2189E-10	6.3446E-07
2.4755E-08	-3.6849E-08	-2.7276E-09	8.5569E-07
5.4413E-08	-5.7575E-08	2.0821E-06	2.0262E-06
4.2929E-08	-3.9353E-08	-6.0565E-08	2.1126E-06
6.3172E-08	-2.0393E-08	-9.8877E-07	-6.9569E-08
7.8382E-08	-2.6239E-08	-6.9034E-08	1.5577E-07
4.4451E-08	-4.2536E-08	-4.7242E-07	2.9092E-06
4.9257E-08	-1.2042E-07	3.9845E-08	2.1588E-06
1.8323E-08	-9.8936E-08	7.9172E-07	1.6944E-06
1.1958E-08	-7.4971E-08	-2.0273E-07	-5.9678E-07
-1.4177E-08	-6.9330E-08	1.0156E-06	2.0848E-06
2.9482E-09	-4.8002E-08	-5.2347E-08	-1.0184E-07
9.7453E-09	-5.2329E-08	1.5295E-06	1.5548E-06
-3.3975E-08	-3.4102E-09	9.4122E-07	-5.0737E-07
-9.9762E-10	-4.3741E-08	5.1360E-07	1.7524E-06
1.1815E-08	-1.0205E-08	-1.6717E-07	1.4116E-06
-5.8308E-09	-9.0010E-09	1.4769E-06	2.2202E-06
2.1271E-08	-1.0137E-08	-2.4003E-07	5.1696E-07
1.4890E-09	1.3218E-08	1.2700E-06	-4.2229E-07
-2.6716E-08	-7.3416E-09	2.6463E-06	6.3547E-07
3.5002E-08	-6.5908E-08	4.2290E-07	2.3831E-06
-3.0120E-08	-2.8621E-08	-1.4687E-07	1.4712E-06
5.1177E-08	1.8691E-08	7.3659E-07	6.6532E-07
4.2042E-08	-4.7294E-09	-7.2853E-07	5.9475E-07
4.4664E-08	-4.0399E-08	-3.8409E-07	2.2602E-06
4.8943E-08	1.7985E-08	-6.7853E-07	2.3248E-06
3.8160E-08	-2.6258E-08	8.3495E-07	8.8832E-07
3.5791E-08	-2.3350E-08	6.0710E-07	2.7509E-07
4.7977E-08	-4.7883E-08	2.7941E-07	1.3072E-07
3.8582E-08	-2.3507E-08	-9.6540E-07	1.2989E-06
-8.3955E-09	-3.9464E-09	-1.1916E-06	1.2617E-06
4.8779E-08	-3.2966E-08	1.2717E-06	1.6002E-06
1.5149E-08	5.7843E-09	-9.6608E-07	1.8176E-06
3.9160E-08	-7.4892E-09	2.8991E-07	1.4886E-06
4.2389E-08	-1.8968E-08	-3.4362E-07	2.2115E-06
8.0403E-08	2.4660E-08	-9.2456E-07	1.3574E-06
5.0318E-08	1.1916E-08	-5.0364E-07	4.3744E-08
5.7638E-08	-1.2050E-08	-7.4792E-07	1.0467E-06
6.9541E-08	-5.6763E-09	5.8185E-07	1.4388E-06
8.9903E-08	-2.4686E-08	-1.6679E-06	7.7309E-07
4.1918E-08	-3.1939E-08	-7.2691E-07	2.3647E-07
7.6094E-08	1.9002E-08	1.2946E-06	-1.1196E-07
3.6621E-08	-1.2250E-08	6.1006E-07	4.3339E-07
7.5233E-08	-2.7017E-08	3.6601E-07	7.7976E-08
9.0769E-08	-3.2951E-08	9.2287E-07	-3.3537E-07
1.0502E-07	-3.2241E-08	-1.4154E-06	4.2216E-07
7.1805E-08	-6.9131E-08	1.3708E-06	5.8658E-07
8.4801E-08	-3.5698E-08	-2.4487E-07	2.2365E-06
6.8341E-08	-4.7800E-08	4.8384E-07	1.4354E-07
3.5907E-08	-5.2059E-08	-5.1865E-07	2.0472E-06
5.5778E-09	-2.6216E-08	-7.7304E-07	6.2973E-07
5.2418E-08	-2.0740E-08	-8.0729E-07	1.6111E-06
5.0675E-08	-1.0207E-08	-1.8170E-07	1.7695E-06
3.2119E-08	-2.7451E-08	4.2096E-07	7.8775E-07
6.6876E-08	6.2218E-09	-8.1617E-08	1.8082E-07
4.5684E-08	-9.0477E-09	-5.4866E-07	9.0138E-07
6.6311E-08	-1.8590E-08	6.1597E-07	6.3754E-07
7.2178E-08	-6.2352E-09	1.4639E-06	1.0735E-08
9.5457E-08	-1.6677E-08	-5.0441E-07	1.5012E-06
3.6721E-08	-6.8786E-09	-9.7608E-07	1.4571E-06
4.6401E-08	-1.6842E-08	-1.3536E-07	1.7262E-07
7.1460E-08	-3.1598E-08	3.0776E-07	1.0995E-06
8.0452E-08	-3.1138E-09	9.8125E-07	1.6121E-06
4.8100E-08	2.3295E-09	-1.8673E-07	2.7153E-06
3.8691E-08	2.6510E-08	1.1800E-06	6.3070E-07
7.9347E-08	1.0834E-08	1.0372E-06	1.6063E-06
6.7428E-08	-1.7215E-08	3.6910E-07	1.0801E-06
4.9867E-08	7.9809E-09	1.3429E-06	1.6998E-06
5.0900E-08	-1.2622E-08	5.5895E-07	1.5083E-06
2.1463E-08	3.5593E-08	-4.9476E-07	-1.9614E-06
3.7355E-08	3.9121E-08	6.2117E-07	-6.2385E-07
8.2155E-08	3.5576E-09	-5.2857E-07	4.5075E-08
1.9793E-08	2.0022E-08	-3.9119E-07	2.0530E-06
3.7058E-08	2.7731E-08	-4.8395E-07	2.1328E-06
3.1918E-08	2.4599E-08	-3.2540E-07	1.6924E-06
3.9249E-08	3.9419E-08	9.5851E-07	1.9706E-06
8.5581E-08	4.6188E-08	5.3783E-07	1.1897E-06
8.1871E-08	5.1973E-08	-9.5564E-07	1.5699E-06
1.0684E-07	1.8150E-08	-1.3177E-08	1.5317E-06
9.0804E-08	2.9095E-08	6.3484E-07	1.1294E-06
6.8397E-08	7.9370E-09	6.6026E-07	1.0387E-06
6.3024E-08	-1.1121E-08	-1.0041E-06	1.6241E-07
8.2934E-08	3.1829E-08	-3.8057E-07	1.4404E-06
7.2352E-08	4.8732E-09	3.6424E-07	1.2809E-06
8.2742E-08	3.5064E-08	-4.1798E-07	2.1666E-06
6.7047E-08	2.0693E-08	-3.7227E-07	1.3267E-06
6.2899E-08	-1.1049E-08	-1.5278E-06	4.8375E-07
6.3742E-08	1.8523E-08	1.3716E-06	7.3214E-07
1.1220E-07	-8.1304E-09	8.3555E-07	3.8425E-07
7.4163E-08	3.0625E-08	-2.7918E-07	1.7415E-07
7.0924E-08	4.5024E-08	1.1914E-07	-1.2900E-08
5.5356E-08	2.5887E-08	2.6714E-07	1.1916E-06
5.2575E-08	1.2580E-08	-7.7440E-07	1.0441E-06
1.2256E-07	1.9025E-08	2.1033E-06	2.4724E-06
7.7337E-08	2.1072E-08	9.7381E-08	2.0381E-06
7.6528E-08	2.8128E-10	-2.9843E-07	3.1813E-07
4.9496E-08	-1.5315E-08	1.9735E-06	1.4461E-06
7.4029E-08	3.4261E-08	-8.1092E-07	1.1627E-06
2.0861E-08	-1.0919E-08	1.8288E-07	9.6606E-07
4.0210E-08	4.7346E-09	8.4889E-07	1.1325E-06
8.1165E-08	-1.7999E-08	1.7131E-07	1.4296E-06
5.4332E-08	-2.8514E-09	-1.4409E-06	1.5045E-06
6.8546E-08	-3.4205E-09	1.4845E-06	3.3082E-07
3.3632E-08	1.8005E-08	-9.3865E-07	2.8909E-06
3.5774E-08	-6.5795E-09	-1.3025E-06	9.9892E-07
4.8564E-08	1.8188E-08	2.3725E-07	9.7102E-07
3.5258E-08	3.4867E-08	-7.1231E-07	5.9776E-07
3.8152E-08	2.1609E-08	3.3770E-07	1.5814E-06
4.2657E-08	2.5375E-08	7.2731E-07	1.3319E-06
4.7885E-08	2.3118E-09	-9.5308E-07	2.4887E-06
2.2551E-08	-1.3279E-08	1.1152E-06	2.1311E-06
5.4652E-08	-5.9122E-09	4.7497E-07	1.0846E-06
4.6059E-08	5.4359E-08	-1.6599E-06	1.2968E-06
4.1774E-08	3.9066E-08	-1.8382E-07	8.4496E-08
6.9219E-08	5.8560E-08	-3.0298E-08	2.4177E-06
8.6832E-08	6.4072E-10	-7.3427E-08	1.3124E-06
5.9938E-08	-2.0532E-09	4.0225E-07	4.4703E-07
5.1697E-08	2.6922E-08	5.6252E-07	1.4421E-06
3.2018E-08	2.4432E-08	-2.0250E-07	8.9692E-07
2.8934E-08	2.6407E-08	6.6186E-08	1.1191E-06
4.2215E-08	4.4926E-08	-1.3589E-06	1.5967E-06
4.5362E-08	-9.9668E-09	-1.6966E-06	1.0647E-06
1.8043E-08	3.6012E-08	-8.6895E-08	6.5733E-07
3.2702E-08	3.3447E-08	-3.1549E-08	1.3907E-06
7.8035E-08	-6.5826E-11	-8.2289E-07	2.4132E-06
4.8666E-08	1.7407E-08	7.9539E-08	1.5431E-06
6.7967E-08	2.6552E-09	-4.5289E-07	1.4800E-06
1.7405E-09	1.5413E-08	1.0643E-06	8.6032E-07
4.6527E-08	-2.2991E-08	1.0704E-06	-4.3033E-07
5.3554E-08	3.5412E-08	1.4245E-06	8.8594E-08
1.0304E-08	4.1539E-08	-1.2194E-06	2.1563E-06
6.0157E-08	1.6866E-08	2.9384E-07	-1.3437E-08
2.7425E-08	1.9809E-08	8.5083E-07	-1.5173E-07
5.6456E-08	-1.4231E-08	-1.6565E-06	1.2751E-06
4.6288E-08	1.9258E-08	6.0454E-08	3.1838E-06
4.5783E-08	3.0491E-08	8.4015E-07	3.2776E-07
4.5059E-08	3.8170E-09	-4.4829E-07	2.0825E-06
4.8239E-08	-1.2670E-09	1.6242E-07	6.9365E-07
2.3646E-08	1.6580E-08	-7.2290E-07	-1.3145E-06
6.6910E-08	1.7377E-08	1.1456E-06	3.2425E-07
3.4864E-08	3.4547E-08	-5.7911E-07	1.9249E-06
5.8027E-08	6.8185E-09	5.0279E-07	6.0805E-07
3.2448E-08	2.3584E-08	9.9035E-07	7.8337E-07
3.2724E-08	6.1182E-09	-9.4577E-07	8.5549E-07
4.3367E-08	3.2160E-08	1.2418E-06	1.8035E-06
2.2073E-08	-1.6440E-08	-9.0490E-07	1.6803E-07
7.1759E-08	2.1610E-08	-4.3639E-07	7.7517E-07
1.6380E-08	1.5273E-08	3.5528E-07	1.2401E-06
1.8650E-08	3.6940E-08	5.0706E-07	7.7843E-07
1.1837E-08	3.3436E-08	-6.7420E-07	-1.4474E-07
2.6946E-08	3.1527E-08	-1.0111E-07	3.3363E-06
1.8099E-08	2.8522E-08	8.0545E-08	2.4275E-06
4.1967E-08	4.2028E-08	1.8091E-06	8.3672E-07
3.2540E-08	7.0575E-08	-8.7596E-07	8.0425E-08
1.4580E-08	1.0973E-08	-1.4243E-06	2.0087E-06
5.8265E-08	3.5874E-08	-1.6682E-06	1.4211E-06
4.5598E-08	-7.6921E-09	2.4345E-08	2.1016E-06
3.6861E-08	5.2856E-08	4.5139E-07	1.3704E-06
2.2303E-08	4.8137E-08	9.6336E-07	3.1616E-07
8.1712E-09	4.4324E-08	-7.6936E-08	-8.5064E-07
4.8992E-08	-4.2505E-09	5.1030E-07	8.8319E-07
2.2245E-08	3.1867E-09	-1.7373E-07	9.7506E-07
6.8865E-08	2.3020E-08	8.5228E-07	1.5784E-07
3.9808E-08	3.2656E-08	-1.8782E-07	2.7474E-06
1.1018E-08	2.4975E-08	8.9191E-08	1.4563E-08
6.0938E-08	2.0752E-09	-1.4575E-06	2.6333E-06
2.1590E-08	-1.9842E-08	9.3530E-07	1.0460E-06
2.7316E-08	-1.4674E-09	-1.3129E-06	1.8252E-06
5.2941E-08	1.5198E-08	-4.0110E-07	1.1763E-06
4.1726E-08	-2.3076E-08	-1.8901E-07	2.1267E-06
-6.4782E-09	7.7149E-09	6.0996E-08	1.1939E-06
4.0585E-08	2.3024E-08	9.9408E-08	2.6832E-06
3.0983E-08	1.4182E-08	-4.8388E-08	9.1275E-07
3.0676E-08	6.2698E-09	1.4116E-07	3.0091E-07
2.7738E-08	1.7667E-08	5.8615E-07	1.6956E-06
5.2965E-08	-1.7915E-10	-4.0378E-07	1.4721E-06
5.6675E-08	2.6772E-08	-4.0036E-09	2.2009E-06
4.6333E-08	-7.7913E-09	8.9515E-08	-1.1355E-07
6.0019E-08	2.3821E-08	-4.2158E-07	2.8603E-07
-1.3310E-09	2.1212E-08	-1.9155E-07	3.1557E-06
-1.0247E-08	-1.3432E-08	5.3745E-07	1.0004E-06
-2.3005E-08	5.9464E-09	-5.1037E-07	1.6181E-06
-3.3017E-08	1.3958E-08	1.6781E-06	9.1640E-07
3.8833E-08	-2.6191E-08	-1.9158E-06	1.9581E-06
1.0755E-08	1.6783E-08	-1.9750E-06	7.0422E-07
1.0588E-08	-1.2575E-08	5.8361E-07	9.8547E-07
8.9881E-09	-2.1887E-09	3.5129E-07	2.1311E-06
3.5430E-08	1.4091E-08	-2.0096E-06	2.2930E-06
1.9657E-08	2.5443E-08	-5.7889E-07	1.5807E-06
3.3453E-08	4.4028E-08	7.2065E-07	2.1189E-06
-2.4734E-08	-9.8219E-09	-3.6091E-07	1.5765E-06
3.2850E-08	1.5498E-08	8.2761E-07	2.5085E-06
3.6464E-08	3.5335E-08	-1.9499E-07	1.5302E-06
2.9150E-08	2.5921E-08	1.5606E-06	9.6962E-07
1.4076E-08	2.8879E-08	1.0336E-06	6.4297E-07
3.6832E-08	2.3984E-08	4.3036E-07	6.9014E-07
3.8822E-08	1.2204E-08	-1.4357E-06	1.4795E-06
1.1390E-08	2.1539E-08	4.2612E-07	8.7459E-07
3.8587E-08	2.8286E-08	4.3574E-07	5.6893E-07
2.4412E-08	2.4361E-08	-2.3286E-06	2.2144E-06
7.1442E-08	2.7381E-08	8.0897E-07	4.3995E-07
8.4085E-09	3.2613E-08	1.6319E-06	1.1021E-06
3.7208E-08	-1.2563E-08	-1.6936E-06	7.6542E-07
3.8788E-08	6.4819E-09	-1.2470E-06	3.2096E-06
1.9411E-08	1.4223E-08	-1.2026E-06	2.8506E-06
5.5462E-08	-1.1572E-08	-1.0637E-06	2.1604E-06
4.4303E-08	2.7675E-08	-1.4828E-06	1.5174E-06
3.5478E-08	1.8946E-08	-2.3352E-06	2.1314E-06
1.8962E-08	1.6900E-08	1.0680E-06	7.9137E-07
3.3614E-08	1.3029E-08	4.6404E-07	1.1125E-06
2.4489E-09	4.3579E-08	-4.2521E-07	2.3964E-06
-1.9056E-09	2.5189E-08	8.3489E-07	-3.9400E-07
2.7314E-08	4.5458E-08	-1.5479E-09	8.4318E-07
2.1154E-08	-1.5999E-08	-1.3158E-06	1.2733E-06
-4.5414E-08	-1.5095E-08	2.9295E-07	5.0392E-07
4.2377E-08	5.1735E-08	-1.9885E-06	9.0588E-07
1.4968E-08	6.8936E-09	-1.3833E-06	2.1748E-06
2.7989E-09	-1.7309E-08	1.2244E-07	1.1753E-06
2.1014E-08	4.1877E-08	-5.8846E-07	2.3183E-06
-1.6460E-10	-7.0524E-09	-7.2963E-07	9.0160E-07
3.3579E-08	2.8001E-08	1.1406E-06	7.9060E-07
3.0845E-08	2.1178E-08	-1.2048E-06	1.6490E-06
5.5344E-09	2.7686E-08	-1.0841E-06	9.0825E-07
2.5076E-08	9.9881E-09	-1.1689E-06	2.0040E-06
4.3852E-08	1.2992E-08	7.1215E-08	2.4427E-06
-1.1422E-08	-1.7979E-09	-2.0910E-07	1.4417E-06
4.7254E-08	-1.1022E-08	1.3795E-06	2.7404E-06
3.1297E-08	4.0613E-09	-3.8941E-07	1.4036E-06
2.6867E-09	1.1201E-09	1.9637E-06	1.0769E-06
-1.2921E-08	2.3823E-08	4.1904E-07	3.5365E-06
1.6965E-09	2.6766E-08	1.2014E-06	1.9709E-06
3.0482E-08	3.8307E-08	5.4557E-07	4.8729E-07
1.0504E-08	2.0759E-08	1.0634E-06	1.0545E-06
1.2171E-08	6.2383E-09	-3.5235E-07	1.3242E-06
-1.8038E-08	-3.4724E-08	1.0862E-07	1.8729E-06
1.6294E-08	4.4671E-08	-7.5567E-07	1.7626E-06
2.7692E-08	-1.9320E-09	1.0814E-06	-7.0922E-07
2.4116E-08	8.4654E-09	-1.0781E-06	-6.0278E-08
6.3177E-10	1.7053E-08	-6.4494E-07	1.2654E-07
-1.2571E-09	9.2853E-09	-1.5314E-06	7.4616E-07
-8.2456E-09	2.4128E-08	1.0479E-06	2.7435E-07
2.4755E-08	5.7177E-08	8.4256E-07	8.8897E-07
2.7885E-08	2.7872E-08	7.5591E-07	1.8071E-06
1.3076E-08	1.4518E-08	-9.8086E-07	4.4981E-09
-1.4307E-08	6.8612E-09	8.4756E-07	1.5034E-06
4.6940E-08	4.9963E-09	1.1194E-07	6.9819E-07
4.1155E-09	1.2831E-08	-2.2592E-07	1.7304E-06
-1.2136E-08	3.5218E-08	3.9263E-07	1.4253E-06
3.7429E-08	-1.0494E-08	4.8810E-07	2.2264E-06
2.6708E-08	3.2879E-08	-2.7434E-07	5.4188E-07
8.6136E-09	1.6799E-08	-7.6940E-07	1.5661E-06
3.2790E-08	1.9022E-09	1.1628E-06	3.1029E-06
-2.8447E-08	3.9139E-09	6.0469E-07	2.0672E-06
-1.4219E-08	9.8425E-09	2.2825E-07	1.8238E-06
4.4798E-09	1.7332E-08	5.6163E-07	1.7088E-06
1.5932E-08	3.1497E-08	9.1553E-07	7.3712E-07
8.7713E-10	-1.2178E-08	1.2230E-06	1.6842E-06
-6.4762E-09	-3.6411E-08	5.2321E-07	1.4846E-06
1.6143E-08	-2.5724E-08	1.6660E-06	2.1426E-06
1.4411E-08	1.5470E-08	-4.7830E-07	1.2169E-06
2.4642E-08	4.2518E-08	1.6973E-06	1.2934E-06
-9.8522E-09	-1.5531E-08	8.5587E-07	2.6088E-06
8.9227E-09	9.7181E-09	-2.2878E-07	3.2228E-06
-1.0818E-08	2.5944E-08	1.0255E-06	9.8996E-07
5.0238E-09	7.4745E-09	2.1169E-07	1.6746E-06
7.7040E-09	2.6924E-08	-1.9764E-06	1.1366E-06
2.6584E-08	-2.1664E-08	1.6654E-06	4.4519E-07
-1.4061E-08	5.5502E-09	-1.6926E-07	1.4792E-06
-7.9573E-09	-1.2631E-08	2.1374E-08	1.2325E-06
2.9268E-09	4.8750E-09	4.1132E-07	1.0519E-06
1.5387E-08	-1.0478E-08	5.6104E-07	2.3882E-06
-9.5639E-09	5.7551E-09	-3.1465E-07	1.6053E-06
2.9712E-08	-2.2863E-09	3.0086E-08	1.8012E-06
1.5666E-08	1.3622E-08	2.1510E-06	1.3231E-06
-2.3210E-08	2.0384E-08	2.8299E-07	1.6776E-06
2.4628E-08	9.6289E-10	8.8772E-07	3.5297E-06
-2.1978E-09	2.6041E-08	8.9006E-07	3.4334E-06
2.1636E-08	1.3916E-08	-2.1844E-07	2.7551E-06
3.7644E-08	1.3458E-08	-6.4710E-07	2.0902E-06
3.5832E-08	8.2682E-09	-6.8066E-07	2.3001E-06
1.7560E-08	1.7840E-08	-8.6370E-10	1.3309E-06
-3.1848E-08	5.9324E-09	-9.5322E-08	1.9284E-06
2.4710E-08	-6.8309E-09	2.8386E-07	2.0083E-06
5.0080E-08	-2.7226E-08	4.3541E-07	2.6091E-06
3.2958E-08	1.1852E-08	-1.4731E-06	2.4125E-06
1.9587E-08	3.5060E-08	-1.1776E-06	2.9528E-07
1.8205E-09	4.2845E-08	-3.9807E-07	2.0245E-06
-2.2938E-08	3.3664E-08	-1.6119E-07	2.4048E-06
4.6707E-09	-1.8095E-08	-3.3680E-08	3.6355E-06
-9.4267E-09	2.9591E-08	8.2933E-07	2.0782E-06
3.0428E-08	-8.0699E-09	-4.7070E-07	1.8988E-06
-7.0227E-09	-1.5382E-08	8.9815E-09	1.6673E-06
2.6137E-08	2.4744E-10	-5.0746E-08	2.4848E-06
6.1171E-09	-1.7610E-08	1.6002E-06	2.0980E-06
1.9276E-08	-1.4749E-08	1.2018E-06	5.8491E-08
1.6657E-08	1.3335E-08	7.4504E-08	2.6559E-06
2.2628E-08	-2.3760E-09	5.7170E-07	1.4881E-06
-1.4577E-08	5.6871E-09	9.3876E-09	1.6511E-06
1.7519E-08	2.6009E-08	-3.7282E-07	1.3443E-06
-3.3103E-08	6.1628E-08	3.2105E-07	2.1159E-06
1.9242E-08	-9.5436E-09	8.7421E-07	1.6130E-06
3.5026E-09	3.3864E-09	1.3226E-08	1.6380E-06
2.5376E-08	-4.6889E-09	-4.9853E-07	1.9210E-06
-1.1656E-08	-5.3182E-09	-9.6403E-08	1.3961E-06
9.4226E-09	2.2709E-08	-5.6195E-07	4.5215E-07
2.5327E-08	-1.7039E-09	-3.9146E-07	-2.3591E-07
5.7717E-09	2.4045E-08	6.3124E-07	7.6483E-07
4.0613E-08	2.8809E-09	-9.9307E-07	1.1277E-07
-5.9381E-09	2.3166E-08	8.3965E-07	1.2248E-06
2.2526E-08	1.4813E-08	-3.4561E-07	1.0811E-06
-1.8288E-08	1.5616E-08	-1.0005E-06	4.3847E-07
-4.7097E-09	6.7413E-09	-2.5446E-07	2.1810E-06
-3.7886E-09	3.7661E-08	7.4333E-07	2.0082E-06
-2.0665E-09	1.8248E-08	-1.9246E-06	1.8047E-06
-2.0322E-08	1.9497E-08	9.2918E-07	2.2155E-06
2.6483E-08	1.7301E-08	2.0363E-07	1.6064E-06
1.2128E-08	1.4507E-08	-1.1234E-07	9.3170E-07
-2.5419E-08	-3.7687E-08	-4.7578E-07	1.5727E-06
2.0240E-08	1.6338E-08	-6.6691E-07	1.5734E-06
1.8463E-08	-9.9870E-09	-8.6892E-07	6.7497E-07
-2.2061E-08	2.2321E-08	-3.0629E-07	4.9197E-08
8.1950E-09	-1.9476E-09	5.5440E-07	8.4097E-07
4.5568E-08	1.6730E-08	-8.8659E-07	2.5364E-06
8.1000E-09	2.4688E-08	3.0567E-07	4.3253E-07
1.2593E-08	2.7532E-08	4.1867E-07	1.3768E-06
-5.2981E-09	2.2866E-08	-6.4799E-07	1.1048E-06
1.5292E-08	2.2209E-08	-4.6812E-07	4.4300E-07
-9.9025E-09	2.2390E-08	3.1165E-08	2.4383E-07
3.1088E-08	6.8377E-09	-1.2038E-06	1.5645E-06
-2.1888E-08	3.2173E-08	1.1902E-06	1.5602E-06
3.8299E-09	1.8869E-08	1.0677E-07	1.7373E-06
2.5984E-08	-1.3429E-08	3.8826E-07	-3.3615E-08
1.3739E-08	4.5942E-10	-6.9131E-07	1.8892E-06
2.2836E-08	3.2737E-08	-1.5128E-07	2.0257E-06
2.9508E-08	-8.9747E-09	-4.9451E-07	1.6649E-06
2.4372E-08	1.8509E-08	1.3377E-07	1.7047E-06
2.7412E-08	-1.5360E-09	3.1762E-07	4.6925E-09
2.4594E-08	-2.9755E-08	3.5876E-07	1.0084E-06
-1.3479E-08	1.2900E-08	-3.6960E-07	2.0132E-06
-3.9449E-08	-1.8587E-08	1.3523E-07	2.1615E-06
3.2458E-08	1.2876E-08	6.5295E-08	3.0639E-06
6.5873E-09	-1.5461E-09	7.0355E-08	1.8652E-06
-8.6162E-09	-7.7228E-09	4.3016E-07	1.3365E-06
8.3208E-09	-5.6085E-09	2.9631E-08	9.4017E-07
8.5864E-09	4.0029E-08	8.5483E-07	1.0502E-06
-9.3278E-09	2.0201E-08	1.7855E-07	1.6343E-06
-1.5808E-08	5.4424E-08	9.3439E-07	1.7340E-06
-5.0582E-10	-3.3638E-08	5.4512E-07	9.9738E-07
2.8709E-08	-2.0562E-08	-7.7246E-07	2.0224E-06
1.1846E-08	2.9986E-08	-1.3536E-06	8.8601E-07
-3.6377E-09	4.1523E-08	3.2630E-07	9.1841E-07
-1.7628E-08	1.2618E-08	1.0847E-06	2.1266E-06
-2.0704E-09	3.1212E-08	-5.7654E-07	3.0483E-06
-6.6245E-09	-2.4619E-08	-8.9148E-07	8.2263E-07
2.2935E-09	5.6410E-09	7.1314E-07	2.9122E-06
-4.1461E-09	2.4800E-08	-5.0979E-07	1.0029E-06
1.3707E-08	2.7405E-10	1.6715E-06	1.5268E-06
-1.1213E-09	5.9801E-09	-1.9795E-07	1.5426E-06
1.8183E-09	-1.0995E-08	-3.9961E-07	1.9263E-06
-1.5182E-08	3.2494E-08	-9.1188E-07	2.2064E-07
2.1602E-08	-1.8233E-08	5.3957E-07	1.5277E-06
-3.3340E-09	6.2909E-09	-3.8027E-07	2.3265E-06
2.3293E-08	3.5171E-08	3.3689E-07	1.0446E-06
4.3216E-09	1.2308E-08	-5.0992E-07	1.8960E-06
3.5316E-09	-3.2184E-09	-4.2805E-07	3.6980E-07
-1.5019E-08	3.4609E-08	3.5032E-07	1.1944E-06
2.5070E-08	7.3236E-09	3.6463E-07	-6.6606E-07
2.0971E-08	3.5281E-08	9.4081E-07	4.6108E-07
2.0201E-08	3.0507E-08	3.5605E-07	1.7722E-06
-2.1530E-08	2.4995E-08	-5.1171E-08	2.8177E-06
5.9517E-09	3.7127E-08	-1.2542E-06	2.8645E-07
1.7095E-08	1.6378E-08	-7.5402E-07	1.3110E-06
2.9774E-08	5.6845E-09	8.2686E-07	1.8605E-06
2.2778E-09	2.1207E-08	1.6427E-06	1.5595E-06
-1.8864E-08	1.2898E-08	-7.9623E-07	2.9940E-06
1.7315E-08	6.4621E-09	3.5997E-07	1.5168E-06
-1.6671E-08	4.2850E-09	3.6554E-07	1.2591E-06
1.0879E-08	8.8184E-09	-8.1446E-07	1.6458E-06
1.6184E-08	3.1825E-08	-5.0197E-07	5.5688E-07
3.4278E-09	2.9581E-08	-1.0037E-06	1.7893E-06
-2.6337E-08	1.8318E-08	-1.5947E-06	9.0628E-07
4.3495E-08	-2.4324E-08	-5.4400E-07	1.4182E-06
1.6133E-08	-1.0464E-08	-1.7950E-07	1.9425E-06
-2.1117E-08	2.3061E-08	1.1821E-06	1.5588E-06
-2.6291E-08	3.2432E-08	-7.8225E-07	-5.2734E-07
-1.1252E-08	1.4027E-08	6.0699E-07	2.0414E-06
1.7064E-08	6.1250E-09	6.7910E-07	2.0065E-06
4.7632E-09	3.8457E-10	-2.3607E-07	2.4859E-06
-8.0040E-09	2.9421E-08	5.2711E-07	9.0446E-07
-4.3070E-09	-9.9066E-09	-4.3372E-07	1.4531E-06
2.8436E-09	3.4931E-09	4.9073E-07	1.9659E-06
-1.0460E-09	-3.2168E-08	8.5653E-07	9.5984E-07
2.1868E-09	-4.8135E-09	1.4788E-07	8.8518E-07
-2.2600E-08	4.4102E-09	-1.4394E-06	2.7713E-06
2.2745E-08	-3.2124E-09	-9.4487E-07	2.1123E-06
2.2732E-08	2.2725E-08	-1.4363E-07	1.8797E-06
-2.5941E-08	2.6673E-08	-2.7761E-07	3.0802E-06
-2.6141E-08	3.8281E-08	1.3362E-07	1.4994E-06
1.0613E-08	-2.5824E-08	-1.6991E-06	1.0392E-06
3.4571E-08	-1.6359E-08	1.6849E-06	2.4929E-06
1.3539E-08	-2.0536E-09	-1.0171E-07	1.7141E-06
2.1071E-08	3.8030E-08	-2.5816E-07	1.8784E-06
-1.7395E-09	1.1056E-08	-4.9037E-08	1.5251E-06
8.5031E-11	3.2045E-08	-7.6139E-07	3.3021E-07
4.3239E-09	1.0851E-08	-7.1081E-07	4.2387E-06
7.7931E-09	1.9543E-08	-8.4243E-07	1.9197E-06
-3.1580E-09	1.1676E-08	-4.3863E-07	2.6292E-06
8.0760E-09	2.6034E-08	-1.7326E-06	2.0111E-06
-1.6960E-08	-7.6488E-09	-9.3833E-07	1.6965E-06
-3.5165E-09	1.6893E-08	2.3158E-07	1.2154E-06
1.6341E-08	-1.9388E-08	-4.5598E-07	8.9747E-07
-7.6830E-09	2.8507E-08	-1.2916E-06	1.3151E-06
-8.8555E-09	1.5267E-08	-1.0155E-06	2.1121E-06
2.5186E-08	2.9662E-08	-1.5452E-06	7.6252E-07
1.4907E-08	-3.9927E-08	-3.6052E-07	2.8415E-06
2.7541E-08	3.8957E-08	-3.4010E-08	9.4121E-07
-1.6516E-08	-2.3784E-08	-1.8761E-06	1.4134E-06
-1.0655E-08	-2.0063E-08	-8.7626E-07	6.7795E-07
-2.6744E-08	1.5315E-08	-5.1314E-07	1.4039E-06
4.1986E-08	2.1431E-09	-2.3620E-07	2.0323E-06
1.4689E-08	-1.9600E-08	8.9502E-07	3.0894E-06
-2.6002E-08	-6.2861E-09	-1.4948E-06	5.3207E-07
2.2416E-09	-2.8751E-09	-2.2773E-06	2.1276E-06
-7.4699E-09	1.9053E-08	1.4269E-07	2.7897E-06
8.5095E-09	1.9729E-08	2.2230E-07	3.4405E-06
2.3085E-08	2.3562E-09	-8.0050E-07	1.6498E-06
5.1686E-09	-1.7823E-08	-4.8378E-07	1.8219E-06
-6.5888E-09	-2.8450E-08	-1.1627E-06	1.2450E-06
5.3494E-09	-6.9600E-09	-1.5109E-06	3.8261E-07
-2.0146E-08	1.3288E-08	-9.0023E-07	2.5598E-06
3.0186E-08	4.4540E-08	-1.7565E-06	2.7762E-06
-3.5602E-08	3.8609E-08	2.9842E-07	4.3774E-07
-1.7311E-08	4.2349E-08	-7.5901E-07	1.6874E-06
2.4190E-08	-2.6891E-09	-1.2739E-06	3.1122E-06
3.6155E-08	3.6265E-09	-6.1696E-07	1.4639E-06
2.1420E-09	9.5435E-09	1.1443E-06	1.5686E-06
6.1656E-09	2.3788E-08	-1.5599E-06	2.4513E-06
-4.2726E-08	2.8705E-08	-7.3259E-07	1.7827E-06
-1.7014E-08	-1.1834E-08	-1.1777E-07	2.5881E-06
2.5982E-08	2.2676E-08	2.0752E-06	2.5374E-06
-1.4722E-08	-7.5435E-10	-1.5606E-06	2.6836E-06
1.6365E-08	9.8728E-09	-3.1446E-07	2.2081E-06
3.3523E-08	-6.0721E-09	-1.2933E-06	2.1600E-06
-2.7079E-08	1.2980E-08	-8.1365E-07	2.9274E-06
7.1540E-09	4.6018E-08	8.8517E-07	1.4165E-06
-2.5976E-09	5.0134E-08	9.8939E-08	2.2438E-06
-1.2362E-08	-2.0671E-08	3.9858E-07	1.6390E-06
9.9734E-09	3.2856E-08	5.0547E-07	2.7387E-06
1.3289E-08	1.1952E-08	-8.0317E-07	1.1467E-06
2.3973E-08	-3.0565E-09	-1.5162E-06	2.4804E-06
-6.6676E-09	-8.8585E-09	-2.8573E-07	1.4782E-06
1.0451E-08	-1.3155E-08	1.4474E-08	2.3579E-06
6.9386E-10	6.6966E-10	1.5871E-07	1.5506E-06
3.9561E-09	6.4880E-08	-2.2504E-06	1.9335E-06
-2.5146E-08	2.5478E-08	8.7218E-07	2.9040E-06
8.1720E-09	1.2415E-08	-4.5545E-07	1.7022E-06
1.2011E-08	-2.0864E-09	-1.5962E-06	2.5069E-06
6.9914E-10	-1.1276E-08	-9.7973E-07	3.1981E-06
-8.5763E-09	-1.2170E-08	1.1134E-06	2.4193E-06
1.9357E-08	7.1875E-09	-7.4473E-07	3.4951E-06
-3.5767E-08	-2.2144E-08	5.5142E-07	2.6155E-06
5.0819E-09	1.5000E-08	-8.4460E-07	1.4311E-06
-6.3522E-09	2.4685E-08	-9.6261E-07	1.8405E-06
-9.5466E-09	2.1774E-08	-1.0738E-06	1.4463E-06
3.0173E-08	3.2687E-08	-5.0679E-07	2.5277E-06
2.3551E-09	1.8463E-10	-1.7359E-06	2.3461E-06
3.0905E-08	6.1125E-09	7.1281E-07	6.0669E-07
2.5689E-09	1.7638E-08	4.2397E-07	2.0463E-06
3.0110E-08	-2.0681E-08	-1.7603E-06	1.2351E-06
2.1300E-08	1.3977E-08	-1.1078E-06	1.1853E-06
-4.9545E-09	4.9859E-08	-1.5192E-06	1.9812E-06
2.1802E-08	1.6252E-08	-3.1030E-07	2.0010E-06
-2.5160E-08	3.0393E-10	-9.2970E-07	2.2778E-06
7.9224E-09	3.2587E-08	-4.5491E-07	1.8763E-06
2.6322E-08	1.3012E-08	-1.3620E-06	2.3639E-06
5.2545E-09	-8.5522E-09	2.4945E-07	2.8548E-06
-2.0890E-08	6.9685E-09	-1.2907E-06	1.0039E-06
2.2735E-08	-5.5805E-09	-6.2666E-07	9.1830E-07
-2.0416E-08	-7.9331E-09	-1.7252E-06	2.2272E-06
2.3927E-08	5.8584E-09	-2.0644E-06	1.9090E-06
1.4401E-08	4.2236E-08	-2.1204E-06	1.5675E-06
2.3960E-08	-1.0666E-08	-6.0812E-07	2.7446E-06
3.7245E-08	1.2491E-08	6.5568E-07	2.7269E-06
-1.7807E-10	-2.0403E-09	-2.4611E-06	2.2830E-06
1.9861E-09	-2.1421E-08	-1.3935E-06	4.4447E-06
-9.6442E-09	-1.2939E-08	-1.8198E-06	3.7582E-06
5.5617E-09	2.6044E-08	-1.1273E-06	3.0782E-06
1.2885E-08	1.0061E-08	-9.9387E-07	3.0614E-06
1.9248E-08	-6.0539E-09	-3.1986E-06	2.8906E-06
-7.2927E-09	-2.1101E-09	-1.3866E-06	3.6163E-06
2.1324E-08	-6.7109E-09	-1.4674E-06	1.5529E-06
-2.7235E-08	-1.2105E-09	-1.8448E-06	1.9937E-06
1.5306E-08	-1.7683E-08	-1.9120E-06	3.6169E-06
7.7864E-09	6.7284E-09	-1.2984E-06	2.2940E-06
9.3213E-09	1.9028E-09	-6.7427E-07	2.8636E-06
1.9547E-08	4.9220E-09	2.1868E-07	2.4033E-06
-6.9116E-09	5.2116E-08	-1.7543E-06	2.7968E-06
2.3473E-08	7.8213E-09	-1.5262E-06	3.7906E-06
1.1017E-08	-2.8033E-08	-1.3843E-06	4.5757E-06
-1.1020E-08	-3.2414E-08	-1.1515E-06	3.2797E-06
-1.6926E-08	-2.8870E-08	-5.9035E-07	2.1091E-06
-1.5431E-08	9.8204E-09	-1.5398E-06	1.6236E-06
1.8448E-09	-3.4029E-08	-2.4188E-06	1.5457E-06
-2.8703E-08	-3.2504E-08	-1.0935E-06	2.8231E-06
-6.5110E-09	-9.9250E-09	-8.6010E-07	3.1146E-06
2.0343E-08	1.0709E-08	-2.0278E-06	3.3392E-06
-1.1916E-08	9.6594E-09	-2.9673E-07	3.5239E-06
2.3488E-09	-1.9985E-08	-1.2261E-06	3.3116E-06
2.4582E-08	6.6220E-09	4.8268E-08	2.6356E-06
-9.3272E-10	-2.6083E-08	1.3365E-06	4.2233E-06
4.2106E-09	-1.1707E-08	-5.2726E-08	1.9107E-06
2.6349E-08	-6.0052E-09	6.0286E-07	2.0542E-06
9.8275E-09	2.0680E-08	-9.1878E-07	3.1106E-06
-1.0075E-08	-6.0282E-09	-1.3232E-06	3.4337E-06
1.1088E-08	1.9861E-08	-5.4490E-07	1.2954E-06
-7.4851E-09	6.3207E-09	-7.5025E-07	2.5828E-06
2.2332E-08	3.7995E-08	-8.2901E-07	1.2135E-06
1.4898E-08	-3.9983E-09	-1.3828E-06	2.6989E-06
-9.6943E-09	2.9068E-08	-2.4111E-06	1.6636E-06
-1.8490E-08	-2.6342E-09	-1.6190E-06	3.6081E-06
2.0947E-08	-1.9616E-08	-2.2123E-06	3.0172E-06
1.6762E-09	1.0682E-09	-2.2967E-06	2.4538E-06
-4.7313E-09	1.0791E-08	-8.1195E-07	3.7043E-06
4.1428E-10	1.5145E-08	-2.4047E-06	3.3597E-06
1.8989E-08	4.8805E-08	-1.9934E-06	2.2838E-06
8.8716E-09	2.2164E-08	-2.3953E-06	3.1864E-06
-1.4154E-08	4.2062E-09	-2.8573E-06	2.4733E-06
-8.9139E-09	6.3887E-09	-3.6269E-06	2.2034E-06
1.0244E-08	1.8137E-08	-2.3798E-06	3.3995E-06
-3.8069E-09	-3.3421E-09	-2.0539E-06	5.0042E-06
3.0524E-08	-3.1608E-09	-2.8291E-06	3.4698E-06
3.8910E-08	4.4215E-09	-2.0363E-06	1.9064E-06
-5.3823E-09	2.2772E-08	-2.1900E-06	3.0606E-06
3.7753E-08	4.2431E-08	-5.0783E-07	3.7870E-06
-2.2116E-08	2.4720E-08	-4.1189E-07	3.6902E-06
-1.0349E-08	2.6023E-08	-2.4457E-06	2.3648E-06
2.8336E-08	-1.3304E-08	-1.3127E-06	4.3247E-06
-7.7043E-09	2.2617E-09	-2.8770E-06	3.0771E-06
-2.8145E-08	1.5690E-08	-1.7698E-06	4.3867E-06
9.1779E-09	6.4878E-09	-3.4310E-06	3.0761E-06
-1.3571E-08	-1.9884E-08	-2.3823E-06	4.5893E-06
2.4217E-08	-1.6396E-08	-1.9640E-06	4.6028E-06
1.1097E-08	1.2483E-08	-2.2606E-06	3.0873E-06
3.5116E-09	1.5262E-08	-2.5022E-06	5.8397E-06
7.0630E-09	-2.2388E-09	-2.4562E-06	4.4625E-06
2.2872E-08	4.2391E-08	-4.4944E-06	4.2306E-06
-3.2993E-08	2.2100E-08	-3.5304E-06	4.1321E-06
-7.0753E-09	-4.2767E-09	-3.8203E-06	5.2459E-06
-4.8154E-09	1.2659E-08	-3.4656E-06	3.8310E-06
2.9380E-08	2.7884E-09	-1.4661E-06	4.5219E-06
4.7665E-09	1.0019E-08	-3.0836E-06	5.3388E-06
6.9274E-09	3.7840E-08	-1.1290E-06	4.0020E-06
1.8900E-08	2.4702E-09	-3.9011E-06	3.8625E-06
-3.4478E-09	6.6308E-09	-3.3152E-06	4.3751E-06
-2.1035E-08	-2.7769E-08	-2.5540E-06	4.0805E-06
3.8640E-08	-3.4431E-09	-3.1153E-06	4.2197E-06
3.8788E-09	-7.5532E-10	-4.4965E-06	5.3413E-06
2.7475E-08	5.3016E-08	-2.8126E-06	6.0576E-06
1.7006E-08	1.0499E-08	-2.6670E-06	3.9477E-06
2.5398E-08	1.7017E-08	-3.8238E-06	5.9562E-06
1.3000E-08	1.8112E-08	-2.9732E-06	3.8261E-06
5.0657E-08	3.5189E-08	-4.3352E-06	5.3805E-06
-1.3738E-08	1.4140E-08	-2.2025E-06	5.5404E-06
-1.1616E-08	2.7997E-09	-3.7488E-06	6.6959E-06
3.4868E-08	-4.0147E-09	-4.0729E-06	6.6244E-06
-6.6895E-09	3.1029E-08	-4.1573E-06	5.2664E-06
2.1394E-08	-6.9366E-09	-3.9780E-06	6.7407E-06
-1.8211E-08	-2.7426E-09	-2.7599E-06	5.9769E-06
1.9628E-08	-1.5903E-08	-5.2259E-06	6.6868E-06
-2.2753E-09	1.8296E-08	-5.8682E-06	6.0819E-06
5.2491E-09	2.5738E-08	-6.3103E-06	8.9568E-06
3.2313E-08	-6.2055E-09	-5.4895E-06	8.0161E-06
-2.6240E-09	-1.2791E-09	-4.1280E-06	8.9179E-06
1.0421E-08	1.9150E-08	-4.3911E-06	9.0929E-06
2.8166E-08	2.4726E-08	-3.7270E-06	9.3289E-06
2.7169E-08	2.3195E-08	-2.4769E-06	8.8901E-06
-1.5711E-08	-2.1706E-09	-3.5921E-06	9.3311E-06
-1.5314E-09	-2.4949E-09	-1.0968E-06	1.0052E-05
-2.2871E-08	-4.6193E-09	-1.5006E-06	1.0980E-05
-2.3109E-08	-9.7936E-09	-1.4216E-06	1.0942E-05
-1.9594E-08	2.0113E-08	-1.2542E-06	9.7838E-06
-3.4600E-08	1.4274E-08	-3.4293E-07	9.6495E-06
2.7037E-08	-7.0093E-09	-1.1401E-06	6.9397E-06
6.0950E-09	-7.9696E-09	-3.1259E-06	9.3520E-06
4.5732E-09	-1.5133E-08	-2.1069E-06	9.4195E-06
7.4918E-09	-4.3361E-09	-1.8514E-06	8.0650E-06
2.1027E-09	7.9913E-09	-2.3373E-06	1.0249E-05
2.6625E-09	4.5069E-08	-2.4007E-06	1.0444E-05
1.6067E-08	2.7686E-08	-2.6723E-06	9.4020E-06
-2.4563E-08	-4.3372E-08	-4.5766E-06	1.0097E-05
-3.0854E-08	5.8297E-09	-4.2001E-06	1.0621E-05
-7.6765E-09	-7.2076E-09	-4.3645E-06	1.1624E-05
-9.6655E-09	3.8586E-09	-4.8135E-06	1.1038E-05
2.0157E-08	-2.3624E-09	-4.9688E-06	1.2658E-05
2.4693E-08	-2.6613E-08	-2.0998E-06	1.2504E-05
-9.9926E-09	-6.8178E-09	-2.1422E-06	1.5408E-05
-3.8405E-08	3.4140E-08	-1.4096E-06	1.6085E-05
1.7664E-08	3.0170E-09	1.3028E-06	1.6127E-05
-1.3160E-08	-1.5581E-08	-1.6354E-06	1.6580E-05
-2.0689E-08	2.6585E-10	5.8927E-07	1.7257E-05
-5.7998E-09	1.4644E-08	1.9496E-06	1.8288E-05
1.0123E-08	3.3647E-08	3.6458E-06	1.7998E-05
9.0597E-09	8.1889E-09	2.6142E-06	1.5740E-05
2.4772E-08	1.2289E-08	5.3739E-06	1.8372E-05
-3.3182E-08	1.3440E-08	7.2942E-06	1.5279E-05
-4.2518E-08	-7.3122E-09	7.2992E-06	1.6314E-05
7.3814E-09	3.3752E-10	8.5778E-06	1.7212E-05
1.9614E-08	4.4701E-09	1.1349E-05	1.3947E-05
-1.7513E-08	7.7957E-09	9.9259E-06	1.3137E-05
2.3020E-08	8.2891E-10	1.2705E-05	1.3414E-05
4.2617E-08	-1.6493E-08	1.1948E-05	1.1477E-05
7.2659E-09	2.8241E-08	1.1633E-05	9.7962E-06
-4.8599E-09	-3.9451E-09	1.0966E-05	8.0374E-06
-1.2547E-08	-1.3701E-08	1.1586E-05	8.2731E-06
-1.6370E-09	-1.8252E-08	1.1687E-05	5.8744E-06
4.3485E-09	-6.2099E-09	9.6558E-06	6.6918E-06
2.9681E-08	1.5078E-09	6.6808E-06	3.2749E-06
2.2351E-08	6.7947E-09	7.8206E-06	4.6496E-06
-3.2497E-08	-6.0173E-09	5.6518E-06	4.1964E-06
2.6710E-09	-3.6142E-09	5.3546E-06	6.0736E-06
-2.4615E-08	1.9771E-09	3.9178E-06	5.3656E-06
4.7077E-09	-8.5245E-09	4.6304E-06	8.1594E-06
6.2085E-09	-1.2068E-08	5.6395E-06	5.4194E-06
3.7139E-08	8.6483E-09	5.2379E-06	7.5481E-06
-7.7893E-09	3.0749E-09	5.7821E-06	9.3411E-06
4.2855E-09	-4.6755E-09	5.7968E-06	8.7534E-06
-1.6075E-08	-2.7784E-09	8.7436E-06	8.2633E-06
1.1705E-08	-9.5349E-09	6.8432E-06	1.0631E-05
1.5295E-08	-1.1608E-08	7.9627E-06	8.1531E-06
1.2261E-08	-5.6893E-09	9.3252E-06	9.1069E-06
-1.8200E-08	2.6604E-09	8.6979E-06	8.9343E-06
-1.9544E-09	-2.5533E-08	8.7333E-06	6.7691E-06
-1.0562E-08	1.5372E-08	1.0683E-05	6.5904E-06
-4.9132E-08	1.5479E-08	9.3582E-06	7.3054E-06
-1.5538E-10	4.2916E-09	1.0005E-05	5.5512E-06
1.4985E-08	-3.3346E-09	9.4419E-06	6.3372E-06
2.0848E-10	4.2973E-09	9.6639E-06	4.6947E-06
-1.1125E-08	7.9923E-09	7.5771E-06	3.1944E-06
-1.0824E-08	-1.7927E-08	7.5072E-06	4.8633E-06
2.0414E-09	-8.8339E-09	5.7742E-06	5.2443E-06
-2.9048E-08	-8.1191E-09	7.4812E-06	5.8933E-06
-2.0759E-08	-1.7329E-08	6.6693E-06	8.8541E-06
-8.3952E-09	1.0343E-08	8.8044E-06	6.5361E-06
-6.7991E-09	-4.6655E-09	8.1734E-06	6.6448E-06
-4.5496E-09	-2.0063E-08	7.3737E-06	5.2845E-06
8.2818E-09	-3.9444E-08	8.2668E-06	5.6904E-06
1.4181E-08	-4.1556E-08	8.5242E-06	6.0062E-06
2.0646E-08	-6.6374E-09	7.4691E-06	5.4064E-06
-1.8183E-08	2.9553E-08	7.5802E-06	6.4885E-06
2.6235E-08	3.3702E-08	8.7660E-06	4.9588E-06
2.4639E-08	1.6104E-08	7.4679E-06	7.1258E-06
-1.8514E-08	4.6147E-08	7.5510E-06	5.6377E-06
2.1423E-08	8.7172E-09	1.1381E-05	4.8293E-06
-8.0359E-09	6.6602E-09	9.6628E-06	5.8319E-06
4.9263E-09	-2.0414E-09	1.0181E-05	5.9076E-06
1.7277E-08	-2.2643E-08	9.2985E-06	3.6413E-06
1.7754E-09	2.1400E-09	6.6610E-06	2.0874E-06
-1.5969E-08	2.3664E-08	6.7860E-06	1.6563E-06
7.0729E-09	9.6356E-09	6.9084E-06	1.9707E-06
-1.7536E-08	3.2784E-08	5.1658E-06	2.3956E-06
-1.9275E-08	1.9069E-08	4.5868E-06	3.5277E-06
-9.2587E-10	-2.3360E-09	6.2977E-06	3.6208E-06
-1.4640E-09	-1.9080E-09	7.0518E-06	3.3613E-06
8.1739E-09	-3.9256E-09	5.6840E-06	4.6069E-06
-2.2042E-08	-2.0642E-08	5.3637E-06	3.6719E-06
-3.4422E-08	6.1552E-09	6.8661E-06	7.7313E-06
-2.6108E-08	-2.5330E-09	7.0381E-06	5.9275E-06
2.9627E-08	-5.3477E-09	6.9227E-06	6.3877E-06
-1.9913E-08	9.7288E-09	5.3063E-06	7.4035E-06
1.4328E-08	-2.4099E-08	6.1551E-06	6.0141E-06
-1.8374E-08	1.7860E-08	6.5649E-06	8.1734E-06
-1.7796E-08	-3.8100E-09	7.2564E-06	7.6554E-06
-1.0294E-08	-8.4024E-09	7.3628E-06	7.5492E-06
1.5456E-08	-7.9210E-10	7.8421E-06	7.2291E-06
-8.3333E-09	7.2345E-09	8.5584E-06	8.4533E-06
1.2502E-08	2.4004E-10	1.0458E-05	9.8097E-06
-1.6934E-08	-1.2456E-08	1.1873E-05	7.8215E-06
7.0718E-09	-1.9508E-09	1.3192E-05	8.7930E-06
-2.0359E-08	-2.9924E-08	1.4408E-05	6.3489E-06
-2.1475E-08	-1.6730E-08	1.3663E-05	4.2468E-06
-9.0437E-09	2.1713E-08	1.5014E-05	1.7821E-06
-1.8051E-08	-3.6856E-09	1.2389E-05	1.1145E-07
-8.3772E-09	1.7232E-08	1.3522E-05	6.1459E-07
-1.5489E-08	1.6501E-08	1.1391E-05	-9.6468E-07
1.5539E-08	-2.3893E-09	9.8480E-06	5.3421E-07
1.7586E-08	-2.0420E-08	9.7693E-06	-1.1536E-06
1.3465E-08	1.9717E-08	8.2412E-06	7.9135E-08
1.3760E-08	-3.4066E-08	7.6263E-06	1.6151E-06
3.1935E-08	-4.2491E-09	8.3997E-06	2.1230E-06
4.9439E-08	7.8464E-09	7.3983E-06	2.2608E-06
9.5388E-09	1.8189E-08	9.7118E-06	2.9060E-06
-1.2819E-08	-3.9099E-08	7.8379E-06	3.0903E-06
7.1867E-09	-4.3062E-09	1.0137E-05	2.8971E-06
-1.9277E-08	-1.3528E-08	1.0319E-05	3.6096E-06
-8.2759E-09	9.7988E-09	1.1389E-05	1.8896E-06
1.5705E-08	-9.0706E-09	1.0416E-05	2.3040E-06
1.0089E-08	-6.8737E-09	1.1309E-05	2.2266E-06
2.1297E-08	1.7597E-08	1.1701E-05	1.2128E-06
2.0750E-08	2.2626E-08	1.0213E-05	5.8266E-07
-3.0892E-08	-1.5468E-08	1.1023E-05	5.3565E-07
1.9717E-08	1.7540E-09	1.0346E-05	9.2178E-07
1.7549E-08	1.2934E-08	1.1953E-05	8.8607E-07
1.0502E-08	3.8349E-08	1.0229E-05	1.7308E-07
-3.2094E-08	-4.4143E-08	1.0674E-05	-5.9945E-07
8.1065E-09	-1.1092E-08	9.2534E-06	-1.2802E-06
-2.1984E-09	4.1609E-09	9.7504E-06	-7.3337E-07
-6.7538E-09	-3.2083E-08	9.7784E-06	-2.0355E-06
1.0960E-09	3.5525E-08	8.7638E-06	-1.9691E-06
1.5646E-08	3.5471E-08	8.4034E-06	-2.0513E-06
8.0920E-09	-2.3379E-08	7.8104E-06	-1.2036E-06
1.6329E-08	1.1359E-08	6.7069E-06	-2.2705E-06
-2.4030E-09	2.7178E-09	8.0311E-06	-2.9090E-06
-8.0060E-09	-1.8776E-08	7.1626E-06	-1.0600E-06
3.0340E-08	-1.9627E-08	7.1619E-06	-2.7172E-06
-3.0128E-08	-7.4657E-09	6.8865E-06	-1.5128E-06
-1.0825E-08	-2.2192E-09	6.8945E-06	3.9001E-07
-2.0180E-08	-1.1168E-08	5.2194E-06	-1.2171E-06
-9.4685E-09	4.5901E-09	5.5093E-06	-1.5989E-06
-2.4374E-08	-4.7867E-08	6.7346E-06	-1.5341E-06
1.3150E-08	-2.9163E-08	6.4454E-06	-2.2553E-06
1.2101E-08	3.0285E-09	4.4477E-06	-7.9020E-07
-1.6081E-08	2.3098E-08	5.3733E-06	1.6025E-07
4.2084E-09	5.6279E-09	3.8065E-06	1.4101E-07
6.0641E-09	-1.5169E-08	5.4136E-06	-1.9723E-07
2.5082E-08	2.2379E-08	5.2033E-06	-1.4336E-07
-2.6616E-08	-2.0472E-08	7.3219E-06	1.2275E-06
2.1206E-08	4.5574E-09	5.6458E-06	-1.1036E-07
1.1983E-08	-2.1556E-08	4.6334E-06	1.1205E-06
7.1857E-09	4.1391E-09	3.9266E-06	1.1447E-06
-2.1702E-09	4.0485E-09	4.1771E-06	1.3991E-06
-8.5753E-09	-1.6536E-08	4.5478E-06	1.6374E-06
-9.9987E-09	-1.4908E-08	5.4333E-06	8.5002E-07
1.5128E-08	-1.4732E-08	6.0784E-06	2.1098E-06
-1.9783E-08	-1.3276E-08	7.0014E-06	2.5980E-06
2.2945E-08	1.7058E-09	6.6163E-06	1.7493E-06
8.5793E-09	-6.1231E-09	6.8403E-06	4.5792E-07
1.7193E-08	-1.3491E-08	6.7103E-06	1.3805E-06
-1.6722E-08	-2.7859E-08	6.9431E-06	1.5030E-06
8.0400E-08	3.2444E-08	6.7920E-06	2.2297E-06
1.1874E-08	-2.6268E-09	7.3759E-06	2.5865E-06
-2.7593E-09	6.7652E-09	8.3456E-06	2.1520E-06
-2.2586E-08	-1.1618E-08	9.2668E-06	1.2377E-06
3.0393E-08	-7.2980E-09	1.3095E-05	-1.1594E-06
-3.3679E-09	1.8971E-08	1.1493E-05	-1.2651E-06
3.3711E-09	1.5848E-08	8.9310E-06	-1.7307E-06
3.8125E-08	-9.8273E-09	8.0785E-06	-4.0747E-06
1.3906E-08	-9.4473E-09	6.0794E-06	-3.1132E-06
5.7964E-09	1.2670E-08	6.1232E-06	-2.9489E-06
-3.0370E-08	-1.6028E-08	5.3199E-06	-5.8747E-07
1.1461E-08	-3.8557E-08	6.0825E-06	-1.7174E-06
1.4073E-08	1.8067E-08	4.8917E-06	-1.2328E-06
-1.6771E-10	2.2970E-09	5.0129E-06	-2.1071E-07
2.3257E-08	2.7516E-08	5.0112E-06	-6.6547E-07
4.7386E-08	1.9367E-08	8.1758E-06	-7.2323E-07
-1.3515E-08	-4.5722E-09	7.3494E-06	-1.6229E-06
1.1285E-08	1.4277E-08	7.9070E-06	-3.5398E-06
-3.2844E-08	1.3015E-08	7.7013E-06	-2.2039E-06
1.4866E-08	6.7823E-09	5.9756E-06	-1.1943E-06
-2.8329E-08	-1.6497E-08	6.4281E-06	-3.2560E-06
1.9322E-08	1.6816E-08	5.7375E-06	-9.7264E-07
-1.3008E-09	-1.9069E-08	5.3675E-06	-1.5112E-06
1.7506E-10	7.4070E-09	5.2672E-06	-9.4657E-07
4.5410E-09	-3.4778E-09	4.5835E-06	-6.8025E-07
-8.9535E-09	-1.6008E-08	3.6883E-06	-3.8342E-07
4.8437E-09	-2.1027E-08	4.2255E-06	-2.1377E-06
2.6106E-08	-1.5970E-08	5.8264E-06	-6.3095E-07
1.8715E-08	2.2235E-08	5.3592E-06	-6.4190E-07
3.7178E-08	1.0713E-09	3.4424E-06	7.1095E-07
5.6324E-09	6.1525E-09	4.5049E-06	7.3553E-07
3.1977E-08	-3.2252E-09	3.4607E-06	4.7676E-07
5.1558E-10	2.4646E-09	5.4545E-06	2.1496E-07
3.0513E-09	-2.8231E-08	2.7452E-06	-2.4068E-07
1.5013E-09	4.7750E-09	3.9731E-06	9.9604E-07
1.6739E-08	1.8548E-08	5.0128E-06	2.5239E-06
2.8088E-08	-4.7652E-08	5.9140E-06	3.1792E-06
3.1784E-08	-6.1846E-10	4.8519E-06	1.6074E-06
3.9896E-09	4.9012E-09	6.5637E-06	2.0779E-06
-3.6501E-08	6.1364E-09	6.1671E-06	1.7368E-06
-1.0599E-08	-2.8424E-08	5.2146E-06	2.2712E-06
3.2907E-09	2.2371E-08	6.7762E-06	1.7018E-06
-1.5937E-08	2.9633E-08	7.7074E-06	2.5534E-06
-2.8622E-08	1.5120E-08	6.2509E-06	3.0178E-06
-2.6472E-08	1.9091E-08	6.4930E-06	3.3322E-06
8.1735E-09	9.8639E-09	7.0229E-06	4.0722E-06
-9.5673E-09	2.1830E-08	7.0561E-06	3.3542E-06
-4.4223E-08	1.2292E-08	8.7718E-06	3.5892E-06
-1.3460E-08	-8.1229E-09	9.2862E-06	2.7538E-06
-1.8621E-08	-4.8303E-09	1.0010E-05	2.8231E-06
-1.1871E-08	4.5738E-08	9.1180E-06	9.0320E-07
2.5074E-08	3.2980E-08	9.8294E-06	3.6586E-06
-2.1727E-09	-2.0817E-08	9.1902E-06	1.8943E-06
1.3078E-08	-1.6028E-08	1.1510E-05	2.7966E-06
-1.6667E-08	5.2116E-09	1.0134E-05	3.6009E-06
-1.8995E-08	1.8806E-08	9.9734E-06	3.1944E-06
7.1576E-09	-1.4049E-08	1.1709E-05	2.1223E-06
1.3877E-08	-6.7583E-09	1.0114E-05	4.3476E-06
2.7405E-08	-7.9830E-10	1.2593E-05	6.4116E-06
1.4749E-08	1.9776E-08	1.7790E-05	4.4004E-06
2.7529E-09	-1.8644E-08	1.8996E-05	1.4008E-06
7.8871E-09	-1.8513E-08	1.9775E-05	-1.9940E-06
1.1502E-08	4.4895E-10	1.9427E-05	-5.0716E-06
4.0854E-08	-5.9361E-09	1.6542E-05	-6.1585E-06
-2.0720E-08	1.5839E-08	1.5959E-05	-8.8811E-06
-3.0846E-08	7.0451E-09	1.3482E-05	-1.0038E-05
-3.3110E-08	1.3066E-08	1.2729E-05	-8.4549E-06
-8.2124E-09	2.2953E-08	1.1772E-05	-7.7756E-06
-3.2764E-09	-3.3130E-08	9.6836E-06	-7.8143E-06
-9.4107E-09	3.0585E-08	1.0410E-05	-8.1489E-06
-7.2842E-09	1.7676E-08	9.0478E-06	-7.2686E-06
2.6628E-09	-1.7885E-08	1.0066E-05	-8.8245E-06
2.4149E-08	-1.7435E-09	7.3904E-06	-8.7558E-06
-1.2761E-08	-6.6198E-08	6.7487E-06	-1.1011E-05
-8.6971E-09	-2.1873E-08	7.0215E-06	-7.8435E-06
5.3931E-10	5.8488E-09	6.6264E-06	-6.6312E-06
4.8380E-09	2.5901E-08	4.9985E-06	-5.3283E-06
-1.1598E-08	7.5448E-09	6.6088E-06	-6.7430E-06
1.1498E-08	-2.4101E-09	5.2014E-06	-7.4242E-06
2.4364E-10	-1.5958E-08	6.6214E-06	-5.3659E-06
-2.1642E-09	6.6402E-09	5.7376E-06	-5.7405E-06
1.0286E-08	1.0589E-08	3.8660E-06	-5.9401E-06
1.6992E-08	-3.6131E-09	4.7204E-06	-4.5149E-06
2.6895E-09	-3.8692E-08	6.4066E-06	-5.5376E-06
-1.1709E-08	-1.6953E-08	5.1568E-06	-6.5248E-06
-1.2601E-08	2.0435E-08	6.0888E-06	-5.4244E-06
6.4037E-09	1.0126E-08	5.5575E-06	-6.4486E-06
-1.6836E-08	-1.2136E-08	6.3643E-06	-7.6265E-06
4.3033E-08	1.0288E-08	4.2247E-06	-5.0985E-06
-3.2364E-08	2.5228E-08	6.2413E-06	-6.8059E-06
-1.6735E-09	-4.2639E-08	5.3916E-06	-5.8031E-06
-2.4943E-08	-2.5447E-08	4.7822E-06	-5.5209E-06
-1.8061E-09	-6.0745E-09	6.4744E-06	-6.3693E-06
-2.6702E-08	-8.3049E-09	5.6914E-06	-7.4057E-06
-3.2908E-08	3.5010E-09	5.2614E-06	-6.5478E-06
-3.5303E-09	2.0749E-08	4.7292E-06	-8.9566E-06
1.4475E-08	1.3052E-08	4.2624E-06	-8.0274E-06
1.4859E-08	-5.0763E-09	3.6211E-06	-7.3742E-06
9.3125E-09	1.6377E-08	1.6004E-06	-7.7892E-06
2.8539E-08	4.9300E-09	3.2513E-06	-7.6477E-06
-1.4171E-08	1.3916E-08	2.1337E-06	-6.1862E-06
-2.8292E-08	1.9446E-08	1.3850E-06	-6.9082E-06
-4.2648E-08	-6.4250E-09	1.7026E-06	-8.2980E-06
-9.6063E-10	-3.8860E-08	-8.3196E-08	-7.5865E-06
-3.2149E-08	2.0327E-09	-5.3934E-06	-4.4819E-06
1.0984E-08	3.7458E-08	-3.6034E-06	-1.6864E-06
-7.1798E-09	1.2473E-08	-1.9297E-06	2.4113E-06
-2.9160E-10	-3.4973E-08	1.1129E-06	7.0007E-06
2.0979E-09	1.2442E-08	1.1379E-05	3.2105E-06
-2.5523E-08	1.7085E-08	9.2035E-06	-9.7820E-06
-4.1041E-08	-5.7470E-08	-2.2703E-07	-1.3250E-05
-2.8452E-08	9.0797E-11	-6.1137E-06	-3.5710E-06
-2.6830E-09	-2.0294E-09	-4.3842E-06	3.8459E-06
-1.0381E-08	-1.0427E-08	5.7666E-07	7.9202E-06
2.8176E-09	3.1662E-09	8.2232E-06	8.0531E-06
2.8263E-08	9.2973E-09	1.1901E-05	3.1443E-06
-1.6359E-09	-4.4811E-09	1.3274E-05	-1.9516E-06
1.5413E-08	9.5580E-09	1.4288E-05	-6.4850E-06
-3.6737E-08	3.5127E-09	8.0232E-06	-8.9946E-06
1.2590E-08	-1.5983E-08	6.9458E-06	-7.5865E-06
2.1782E-08	-1.2841E-08	3.8199E-06	-9.4762E-06
4.1239E-09	5.2337E-08	2.4493E-06	-7.5667E-06
-1.4825E-08	-1.7112E-08	2.0026E-06	-7.4867E-06
-3.8907E-08	6.0841E-09	2.3140E-06	-5.3569E-06
2.8979E-08	-2.3973E-08	2.1296E-06	-6.7992E-06
-2.9548E-09	8.7816E-09	3.1025E-06	-5.2415E-06
-7.7167E-09	1.3317E-09	1.7148E-06	-7.9121E-06
2.5908E-08	-1.7038E-08	1.5011E-06	-4.0546E-06
-2.2006E-08	2.4525E-08	9.4857E-07	-2.4882E-06
1.4401E-08	3.5420E-08	-2.1090E-07	-3.4016E-06
1.8005E-08	-1.0377E-08	4.5271E-07	-3.0778E-06
1.5092E-08	-1.0125E-08	1.6420E-06	-2.8919E-06
7.8723E-09	3.6102E-08	1.0526E-06	-3.2585E-06
2.6125E-08	1.0551E-08	3.2301E-06	-2.2154E-06
2.2181E-08	1.4793E-08	2.2038E-06	-1.3669E-06
-1.2102E-08	-1.4341E-08	3.5144E-06	-4.4415E-06
3.0581E-08	-1.5621E-08	2.2133E-06	-2.6245E-06
5.1062E-09	4.8527E-09	1.4950E-06	-4.1052E-06
-4.3109E-08	4.2670E-08	2.3043E-06	-7.8792E-07
3.5291E-08	-5.5016E-08	2.2561E-06	-3.3329E-06
-1.1466E-08	-4.2326E-08	3.7334E-06	-1.5481E-06
1.9090E-08	2.1569E-08	2.6299E-06	-1.5516E-06
-3.6336E-09	-4.2210E-09	3.1441E-06	-2.5952E-06
-7.0653E-09	-1.1572E-08	3.3284E-06	-6.1281E-07
-1.8940E-08	-2.4222E-08	1.8374E-06	-2.4090E-06
2.6242E-08	1.8010E-09	1.6103E-06	-1.6517E-06
-1.9137E-08	2.0865E-08	2.8676E-06	-2.4026E-06
-3.5262E-09	-3.9569E-09	2.0554E-06	-1.6063E-06
1.5630E-08	-3.2778E-08	1.7522E-06	-3.0540E-06
2.0367E-09	-3.1332E-08	2.3476E-06	-1.3266E-06
3.0230E-08	-1.7975E-08	1.3451E-06	-1.9322E-06
6.3975E-08	-1.1111E-09	2.1200E-06	-2.3153E-06
-1.5315E-08	3.8101E-09	3.1315E-06	-8.8010E-07
-1.3914E-08	-4.3060E-10	4.1055E-06	-2.8335E-06
-3.8199E-08	7.5859E-09	2.4108E-06	-2.7480E-06
2.9715E-08	2.2816E-09	4.0343E-06	-9.0697E-07
1.7630E-08	1.6305E-08	2.0409E-06	-3.5148E-06
-1.4811E-08	-5.3542E-09	4.0388E-06	-5.3364E-07
3.5337E-10	-9.0733E-09	4.0907E-06	-2.6294E-06
9.5460E-09	-2.3561E-08	3.6346E-06	-1.6443E-06
6.7543E-09	4.9457E-09	2.6365E-06	-1.2193E-06
2.0606E-08	4.2707E-08	2.5678E-06	-1.8548E-06
-1.0317E-08	1.3876E-08	3.3759E-06	-2.5181E-06
2.5424E-08	-4.4442E-08	2.2072E-06	-2.9989E-06
-4.0736E-09	-1.4857E-08	2.6216E-06	-2.0769E-06
2.3161E-08	2.5845E-09	3.2971E-06	-3.5961E-06
-9.4811E-09	-1.8450E-08	3.4469E-06	-1.6729E-06
2.2028E-08	-2.6784E-09	2.9740E-06	-1.1343E-06
1.2184E-08	1.0058E-08	2.7831E-06	-2.2852E-06
1.8507E-09	-5.3094E-09	2.7245E-06	-1.6833E-06
1.2696E-08	1.4747E-08	1.7239E-06	-2.0105E-06
1.3424E-08	1.1256E-08	2.5439E-06	-1.3442E-07
1.2578E-08	-1.0662E-09	2.1149E-06	-5.2653E-07
2.3863E-08	-2.9645E-08	3.2280E-06	-3.4663E-06
8.6447E-09	3.6603E-08	2.3240E-06	-1.6580E-06
1.2597E-08	-6.0370E-09	3.8068E-06	-7.5251E-07
2.7688E-08	3.5841E-09	2.6759E-06	-1.2159E-06
1.5179E-08	1.3193E-09	3.5791E-06	-1.0663E-06
-1.3259E-08	3.5749E-09	3.0667E-06	-2.4936E-06
-1.1344E-08	3.2797E-09	4.8821E-06	-1.1610E-06
-1.1084E-08	5.3105E-09	4.0933E-06	-2.7015E-06
3.2042E-08	1.6463E-08	1.6051E-06	-4.3872E-07
-2.1418E-08	1.1312E-08	1.2718E-06	-1.2607E-06
3.6515E-08	3.2529E-08	2.3993E-06	-7.9618E-07
-4.3560E-08	2.2658E-08	2.4110E-06	-1.4326E-06
-1.5775E-08	1.0148E-09	3.8735E-06	-3.0823E-07
7.4739E-09	-3.4018E-09	1.7544E-06	-2.0911E-06
7.1837E-09	-1.4042E-08	2.3949E-06	-2.6983E-06
1.8619E-08	4.0512E-08	3.3902E-06	-2.5193E-06
5.1436E-09	-1.5300E-08	3.3636E-06	-1.8465E-06
-1.4717E-08	-6.5603E-09	4.7884E-06	-2.6175E-07
-1.0280E-08	-1.9774E-08	2.1291E-06	-1.1551E-06
-5.5191E-09	3.7069E-08	2.6856E-06	-6.0119E-07
-1.0246E-08	3.5452E-08	2.1488E-06	-1.5750E-06
-6.1539E-09	8.1594E-10	2.7809E-06	-1.1178E-06
-2.6149E-08	1.5125E-08	3.7920E-06	-3.2515E-06
4.9517E-09	2.3438E-09	2.6591E-06	-5.9877E-07
-6.1744E-09	1.4741E-08	3.3574E-06	-1.2253E-06
6.0853E-09	6.0033E-10	2.9512E-06	-1.2284E-06
-3.8726E-08	-1.6807E-08	2.2503E-06	-8.6229E-07
1.2104E-09	-1.3703E-08	3.1173E-06	-4.9576E-07
9.4392E-09	2.0529E-08	2.3338E-06	-1.1914E-06
4.8563E-10	-2.7027E-08	1.9104E-06	-8.8667E-07
9.6669E-09	1.5038E-08	2.8206E-06	-2.1697E-06
-1.8177E-08	1.9302E-08	1.8602E-06	-2.9432E-06
8.3548E-09	-1.6649E-08	2.9117E-06	-2.2538E-06
7.8498E-10	-2.9312E-08	2.9311E-06	-5.6604E-07
-1.6249E-08	-2.1839E-08	4.2906E-06	-1.1410E-06
2.4625E-08	-2.1648E-08	7.9341E-07	-1.5798E-06
-3.5011E-09	8.5568E-09	1.8074E-06	-1.0909E-06
-1.3895E-08	2.7216E-08	2.3986E-06	-1.8359E-06
9.3187E-09	-3.2426E-08	9.6368E-07	-2.3667E-06
-4.1272E-08	1.1744E-08	2.9566E-06	-2.3114E-06
3.1639E-10	1.5503E-08	1.2607E-06	-2.0321E-07
-3.2752E-08	3.2949E-09	2.2748E-06	-1.4845E-06
7.2139E-09	2.6786E-08	3.8846E-06	-2.2965E-07
-5.2993E-09	-1.1603E-09	1.8393E-06	-7.9566E-07
4.5795E-09	-2.6849E-08	1.5593E-06	6.2757E-07
-2.3645E-08	-3.5641E-08	1.4284E-06	-1.1317E-06
-5.5877E-09	-3.1392E-09	3.1211E-06	4.6873E-07
-5.4681E-10	1.0511E-10	2.7252E-06	-1.3948E-06
-1.0323E-08	1.3830E-08	1.7127E-06	-1.8541E-07
2.6529E-08	-1.0280E-08	2.1515E-06	-2.1338E-06
9.7046E-09	-7.1095E-09	1.8549E-06	-5.5460E-07
1.7639E-08	-1.4225E-08	1.2724E-06	-7.6976E-07
1.8263E-09	1.6761E-08	3.3520E-06	-9.3209E-07
7.7230E-09	2.7600E-08	2.8114E-06	-1.2570E-06
2.2208E-08	1.7094E-08	2.9110E-06	-1.4928E-06
-2.1466E-08	-7.6564E-09	1.2105E-06	-1.7951E-06
5.3844E-08	4.6685E-09	2.7511E-06	-1.2695E-06
4.9641E-09	1.2764E-08	3.8207E-06	-1.3267E-06
1.5111E-09	8.9874E-10	2.8481E-06	-1.3843E-06
1.7267E-08	-3.3141E-08	3.3301E-06	-1.5591E-06
-3.0012E-08	1.1430E-08	2.7943E-06	-3.3054E-07
-1.3768E-08	2.7195E-08	3.2128E-06	-1.2717E-06
1.2680E-08	3.6716E-08	3.0975E-06	5.9289E-07
2.0826E-08	-8.6681E-09	4.5877E-06	-9.6585E-07
-4.4447E-09	1.1665E-08	4.0970E-06	-8.0221E-07
1.3592E-08	1.8300E-08	3.4877E-06	-2.2101E-07
1.2054E-08	-2.7971E-08	2.8860E-06	-2.1768E-07
2.5225E-08	-6.3579E-09	3.6447E-06	-1.4125E-06
2.2452E-08	-5.8976E-09	3.1713E-06	-3.4466E-07
2.1313E-08	2.8300E-08	3.2187E-06	-2.0513E-07
5.5421E-09	1.5052E-09	3.4584E-06	-2.6221E-06
2.8824E-08	1.1290E-08	2.8198E-06	-1.5174E-06
5.9008E-09	-2.4259E-08	4.5618E-06	-1.8386E-06
-2.0458E-08	1.2126E-08	1.8515E-06	-3.9633E-07
7.2220E-09	-2.4745E-08	4.4597E-06	-2.9707E-07
5.1838E-10	-1.6706E-09	3.8322E-06	-1.3076E-06
4.5422E-08	8.7779E-09	2.6519E-06	-1.8808E-06
1.4057E-08	-3.5446E-09	3.0268E-06	-9.2956E-07
5.7320E-09	6.3624E-09	3.1866E-06	-4.6701E-07
1.0350E-08	-7.1862E-10	3.7319E-06	-1.3988E-06
4.3328E-09	5.5513E-10	4.7186E-06	-1.2287E-07
-6.7546E-09	8.4056E-09	3.6784E-06	-9.9421E-07
4.9177E-09	-2.8199E-09	4.0804E-06	-3.2421E-07
3.9452E-09	2.1770E-08	5.2207E-06	-6.2317E-07
8.4776E-10	1.8192E-08	3.0935E-06	-4.4624E-07
-1.8730E-08	-4.3150E-08	4.3357E-06	-4.3513E-07
2.2794E-08	1.0708E-09	3.8938E-06	-4.0073E-07
-2.1433E-08	1.2788E-08	3.8251E-06	-6.4214E-07
8.0215E-10	4.4149E-09	4.3934E-06	-1.5382E-06
9.3349E-09	1.3851E-08	2.9877E-06	-2.2572E-06
-2.1742E-08	3.6019E-08	4.1337E-06	-1.4805E-06
-1.4091E-08	-4.3626E-09	4.7026E-06	-1.2201E-06
-1.0484E-08	2.5082E-08	2.9795E-06	-3.4243E-06
1.5827E-08	-1.1644E-08	2.2590E-06	-1.1523E-06
5.3629E-09	3.3391E-08	5.1969E-06	-2.2496E-09
-4.9103E-09	-2.6437E-08	2.9708E-06	-4.5798E-07
4.9741E-10	-3.0565E-08	3.2377E-06	1.0757E-06
-7.4475E-09	-1.0503E-09	3.3425E-06	-2.5717E-06
4.1993E-09	-2.1945E-09	3.4667E-06	-1.0801E-06
-1.6579E-08	-2.4819E-09	4.9976E-06	-1.3929E-06
-7.2306E-09	2.5824E-08	5.1324E-06	-1.7001E-06
-1.5104E-08	-1.6988E-08	3.2217E-06	-1.0866E-06
-1.6297E-08	3.1476E-08	3.0001E-06	-1.1128E-06
-2.0638E-09	-1.9687E-08	3.9335E-06	-9.1327E-07
4.3446E-09	-3.2732E-08	4.2123E-06	-2.0700E-06
8.8808E-09	-1.3200E-08	4.3089E-06	-3.5466E-06
-2.0192E-09	-1.9200E-08	2.1354E-06	-1.5176E-06
-9.9347E-09	-1.8856E-08	1.4856E-06	-1.9937E-06
2.2916E-08	-1.5765E-08	3.6191E-06	-2.9614E-06
-6.2318E-09	9.5800E-10	3.8479E-06	-1.3139E-06
5.0755E-10	3.6451E-09	1.3687E-06	-2.4897E-06
1.1569E-08	7.8691E-09	2.7304E-06	-8.3133E-07
-2.1198E-08	1.7504E-08	1.2965E-06	-1.7523E-06
2.3650E-09	-2.4664E-08	1.6425E-06	-2.1664E-06
2.0579E-08	-4.2698E-08	1.3442E-06	-2.7331E-06
3.1755E-08	-1.1517E-08	1.5170E-06	-7.7786E-07
1.8779E-08	1.3275E-08	2.2233E-06	-1.6964E-06
3.9380E-09	1.5353E-09	3.5825E-06	-7.7153E-08
-2.3235E-08	8.7908E-09	2.2721E-06	-2.0875E-06
3.6065E-09	2.1175E-08	2.3595E-06	-2.2400E-06
-2.3177E-09	1.8012E-08	3.3499E-06	-1.5404E-06
2.3307E-08	-2.7749E-09	2.1934E-06	1.0701E-07
-7.1781E-09	2.0564E-08	2.9595E-06	-1.6788E-06
2.8808E-08	2.2446E-08	2.2612E-06	-7.7974E-07
-2.5974E-08	-2.1156E-08	1.5363E-06	-1.1198E-06
1.5123E-08	-1.2659E-09	2.0486E-06	-2.4392E-07
7.9961E-09	-3.8140E-09	3.6335E-06	-4.5002E-07
-1.0556E-08	1.5322E-08	3.7545E-06	-2.2070E-06
1.5282E-08	-3.4849E-09	3.8541E-06	-2.5954E-06
3.2216E-09	-3.9923E-08	3.4639E-06	-1.5975E-06
-6.3401E-09	3.0019E-09	2.2124E-06	-1.2112E-06
-1.9690E-08	-2.3035E-08	3.1519E-06	5.7958E-09
2.1227E-09	-7.1911E-09	2.7514E-06	-2.9018E-06
5.4844E-09	8.4240E-09	1.4240E-06	-1.3671E-06
7.4883E-09	4.7904E-08	3.5005E-06	-2.3509E-06
-1.1257E-08	-2.2486E-08	9.3683E-07	-3.2218E-07
3.9760E-08	-5.0622E-09	1.1115E-06	-5.7373E-07
-8.5497E-09	1.5685E-08	4.9618E-06	-1.2840E-06
-2.6178E-09	-1.9256E-08	3.4988E-06	-7.8155E-07
9.0093E-09	-1.5241E-08	4.2583E-06	-4.5899E-07
9.7708E-09	2.6732E-08	2.5832E-06	-2.0844E-07
6.6579E-09	-1.5120E-08	3.1646E-06	-2.0255E-06
-3.2577E-08	1.2294E-08	2.7393E-06	5.1850E-07
-1.9408E-08	1.7688E-08	2.5905E-06	5.4652E-07
-1.8520E-08	5.1770E-08	2.9688E-06	-2.0819E-06
2.8355E-08	-1.4349E-09	7.6264E-07	-2.2391E-06
-1.0429E-09	-7.7758E-09	3.7027E-06	-1.4281E-06
1.0085E-08	7.7141E-09	2.5857E-06	-2.6945E-07
-1.3115E-08	-6.4705E-09	3.8413E-06	-7.1492E-07
-9.0497E-09	-8.6231E-09	2.5856E-06	-1.3110E-06
-2.4574E-08	-1.0954E-08	2.1845E-06	-1.2061E-06
1.4836E-08	-1.8506E-09	3.3302E-06	-1.7175E-06
1.0164E-08	-1.9552E-08	4.0644E-06	-2.0128E-06
-4.9567E-09	2.7948E-08	3.2471E-06	-8.5950E-07
-2.2426E-08	7.6115E-09	3.0733E-06	-1.7675E-06
2.1623E-08	-8.8853E-09	2.9469E-06	-2.0551E-06
1.3216E-08	8.4375E-09	2.5600E-06	-1.5465E-06
-6.9876E-09	2.1125E-08	1.6217E-06	-2.8104E-06
-5.2604E-09	1.5008E-08	3.2362E-06	-3.5984E-06
1.0432E-08	7.0815E-09	1.0883E-06	-2.3751E-06
5.6066E-09	3.5499E-08	3.6355E-06	-1.3011E-06
-9.1461E-09	-1.1203E-08	3.0447E-06	-1.3733E-06
-3.0970E-08	9.1779E-09	1.4298E-06	-3.6335E-06
-6.0933E-09	3.2984E-08	2.8011E-06	-1.3150E-06
6.2939E-09	-7.9757E-09	2.9440E-06	-2.3834E-06
-3.7787E-08	1.4493E-08	1.6029E-06	-1.6898E-06
2.4772E-08	1.5607E-08	2.9005E-06	-1.7108E-06
-4.0793E-09	-2.9909E-08	1.9577E-06	-3.6552E-06
4.3063E-08	3.6209E-08	2.2187E-06	-1.8743E-06
8.9227E-09	-2.1338E-08	2.9228E-06	-1.9440E-06
1.8611E-08	9.4921E-09	2.5718E-06	-3.7192E-06
-3.8580E-09	1.6478E-08	9.2791E-07	-1.1389E-06
1.7200E-08	-1.0727E-08	1.9726E-06	-2.6478E-06
-6.6988E-09	1.9491E-09	1.0487E-06	-2.9132E-06
-1.4815E-08	4.6597E-10	8.7144E-07	-3.0245E-06
-2.3724E-08	-9.6625E-09	1.2259E-06	-2.1344E-06
1.7097E-08	-3.1131E-08	1.8104E-06	-3.2312E-06
-1.9418E-09	-7.0794E-09	1.7337E-06	-2.6306E-06
3.4200E-09	-9.7883E-09	1.8482E-06	-1.9378E-06
-1.3414E-08	6.7751E-09	1.9949E-06	-9.7000E-07
-7.2294E-10	-2.7382E-08	1.1580E-06	-2.3751E-06
1.4315E-08	1.4324E-08	4.9155E-07	-2.1027E-06
8.0398E-10	1.0570E-08	1.3385E-06	-2.4412E-06
6.2994E-09	-7.0033E-10	4.4110E-06	-2.1414E-06
1.5515E-08	-1.8656E-08	2.4867E-06	-2.6444E-06
7.2452E-09	-2.0240E-08	1.5790E-06	-2.1204E-06
-6.8015E-09	8.3340E-09	2.1609E-06	-2.4641E-06
6.3213E-09	-1.3876E-08	1.3056E-06	-1.6910E-06
2.8743E-08	-1.1460E-08	1.1064E-06	-5.4006E-07
1.0052E-09	4.6277E-09	1.7891E-06	-3.0561E-06
1.6499E-09	-3.7154E-08	1.3513E-06	-4.2014E-07
-8.4698E-09	-1.7494E-08	1.2577E-06	-2.8495E-06
-1.1097E-09	-2.5465E-08	2.2020E-06	-1.4046E-06
-1.4430E-08	7.3216E-09	2.7367E-06	-1.0495E-06
2.8066E-09	8.3876E-09	1.7948E-06	-2.0455E-06
2.1997E-08	-7.9334E-09	2.8794E-06	5.2729E-07
9.4466E-10	-2.7663E-08	2.5606E-06	-1.0784E-06
1.5288E-08	-4.3770E-09	1.4895E-06	-1.2231E-06
7.7161E-09	-4.1122E-09	3.3040E-06	-2.1488E-06
-2.1845E-08	9.7054E-09	3.3978E-06	-2.0750E-06
-2.0556E-08	2.5379E-09	4.7593E-06	-6.0835E-07
-1.8201E-08	-6.9063E-10	2.4916E-06	-1.7812E-06
1.2519E-08	-1.8258E-08	2.7046E-06	-2.4313E-06
1.4455E-09	2.3954E-09	1.4757E-06	-2.8656E-06
1.8862E-08	-3.3625E-09	1.7845E-06	-2.6713E-06
2.3332E-08	-2.7685E-08	-5.1418E-07	-3.3214E-06
1.1334E-08	2.4300E-08	3.9272E-06	-2.6235E-06
3.0431E-09	7.4986E-09	1.7884E-06	-2.6593E-06
2.7498E-08	-2.0364E-08	2.0792E-06	-1.8489E-06
-2.3958E-08	-1.1862E-08	1.3254E-06	-2.5547E-06
3.0396E-08	1.4492E-08	3.9884E-07	-2.1058E-06
2.5638E-08	6.1095E-09	1.9119E-06	-1.7180E-06
4.3149E-09	-2.0549E-08	3.0605E-06	-1.5886E-06
1.3162E-08	3.0991E-08	9.8275E-07	-1.5829E-06
3.7803E-08	9.8000E-09	1.6942E-06	-3.3105E-06
2.8816E-08	-1.2338E-08	1.3119E-06	-1.4575E-06
-8.1764E-09	-3.3107E-08	9.8471E-07	-2.1215E-06
7.4091E-09	1.8154E-08	9.9897E-07	-1.6507E-06
-1.7061E-08	-1.6906E-09	1.2070E-06	-1.0041E-06
1.4602E-08	1.8409E-08	2.6139E-06	-6.6435E-07
-5.1896E-09	3.6240E-08	7.4482E-07	-3.7763E-06
-1.5927E-08	-1.1149E-08	-5.1503E-07	-2.3806E-06
-1.3390E-08	-1.2164E-09	2.5792E-06	-1.9535E-06
-3.1975E-08	1.8377E-08	1.2315E-06	-1.6026E-06
-3.2437E-09	7.1064E-09	8.5818E-07	-1.2818E-06
8.3905E-09	-4.7898E-09	6.3446E-07	-1.9638E-06
-3.1220E-09	-5.9586E-09	1.6376E-07	-1.5561E-06
-1.4553E-08	1.9027E-08	3.6900E-07	-2.2344E-06
4.7421E-08	-1.7591E-08	2.3322E-06	-2.4376E-06
-2.7070E-08	2.6795E-09	9.8730E-07	-1.7435E-06
2.1384E-08	2.2488E-08	1.9457E-06	-1.7375E-06
-3.4495E-08	2.1669E-08	1.5274E-06	-2.6991E-06
1.5973E-08	5.8987E-10	2.3587E-06	1.0082E-07
6.5994E-10	-1.3397E-08	1.2517E-06	-7.5653E-07
-2.5271E-11	-2.2272E-08	8.3066E-07	-6.9775E-07
6.7315E-09	-1.1150E-08	8.2844E-07	-1.0070E-06
1.2780E-08	3.4596E-08	2.3999E-06	-4.2739E-07
2.1104E-08	-3.5974E-08	1.5021E-06	-1.3504E-06
-1.8217E-08	3.3456E-09	1.3749E-06	-1.1520E-06
-1.5730E-08	-3.8751E-09	1.0280E-06	6.7307E-07
1.6260E-09	-2.3378E-08	9.3893E-07	-8.1602E-07
6.5840E-09	2.9198E-08	4.8665E-07	-1.8823E-06
2.5984E-08	4.1734E-08	2.4585E-06	-1.5849E-06
1.4099E-09	2.0990E-08	3.5137E-06	-5.0658E-07
5.0800E-08	2.2618E-09	-1.9128E-07	-1.4842E-06
-3.2302E-08	-2.9513E-08	1.1067E-06	-8.4049E-07
-1.6344E-08	1.3388E-08	7.8637E-07	-1.6312E-06
-2.9301E-09	-2.5252E-08	6.9831E-08	-1.1430E-06
-9.1533E-09	-1.2683E-08	9.3941E-07	-2.4861E-06
1.2666E-08	-9.9986E-10	1.5297E-07	1.1258E-07
5.3300E-08	1.5131E-08	2.2211E-06	9.8127E-07
3.2681E-08	-2.3664E-09	1.2128E-06	-2.2435E-06
1.4686E-08	5.6893E-08	1.3508E-06	2.0961E-07
4.5918E-08	-5.1707E-09	6.9497E-08	-3.8915E-07
4.3660E-09	-2.9442E-08	2.3217E-06	-1.7801E-06
1.3955E-08	-1.2577E-08	2.6409E-06	-9.8826E-07
5.9104E-09	4.0698E-08	5.2840E-07	-1.6505E-06
-2.9203E-08	6.1950E-10	1.1877E-06	-1.0195E-06
5.5293E-09	-3.9943E-09	1.0764E-06	8.8626E-09
-4.3070E-09	-1.1715E-08	6.0414E-07	-4.9533E-07
5.0784E-09	-1.5544E-08	2.0536E-06	-2.7786E-06
3.6621E-08	-8.0974E-09	4.0271E-07	-4.3563E-07
7.6078E-09	3.2612E-08	2.8778E-06	-2.2219E-07
1.2456E-08	-2.9606E-08	1.7350E-06	3.6193E-07
8.0107E-09	-2.2964E-08	1.3790E-06	5.3857E-07
-5.0516E-08	-1.4649E-08	1.1161E-06	-3.5645E-07
9.6773E-09	1.4564E-08	2.8998E-06	-1.2611E-06
-3.5515E-08	-3.1118E-08	1.5347E-06	4.9650E-07
-2.0253E-08	4.2446E-08	2.2105E-06	-3.1454E-07
-1.4543E-08	1.0293E-08	9.1002E-07	-1.4028E-06
1.2721E-08	8.2442E-09	-5.3434E-07	1.4184E-07
-1.6714E-08	3.0396E-08	-5.5556E-07	-1.4763E-06
2.2180E-08	-2.2266E-08	4.1960E-07	-2.1772E-07
-1.1261E-08	-5.2949E-09	1.9280E-06	6.9758E-08
2.4496E-08	3.9304E-09	9.7923E-07	-2.1107E-06
2.6725E-08	-9.8599E-09	1.3203E-06	-1.3319E-06
-4.5304E-08	5.0000E-08	1.9969E-06	-2.6212E-07
6.7434E-09	2.7520E-09	1.9273E-06	-4.3872E-07
8.2970E-09	-7.6349E-10	4.8785E-07	-5.8238E-07
5.7638E-11	-1.4651E-08	7.9021E-07	-1.7277E-06
1.5805E-08	-1.7034E-08	3.7416E-07	8.8742E-08
3.6503E-08	4.0094E-08	8.4378E-07	-5.7734E-07
-2.4776E-08	-1.8667E-08	1.9739E-06	1.7639E-07
3.8478E-08	-2.0925E-08	1.0576E-06	-6.1098E-07
2.9898E-09	-1.6296E-09	7.8656E-07	-1.8241E-06
-6.3624E-09	2.5703E-08	9.4868E-07	-1.5181E-06
1.8862E-08	-3.8355E-08	8.8778E-07	-1.8548E-06
7.1111E-09	-1.4116E-08	2.2971E-06	-2.7500E-06
-7.2818E-09	-4.2693E-09	-1.3005E-06	-6.5932E-07
1.3792E-08	4.1964E-09	1.7714E-06	3.2220E-07
-1.4918E-08	3.8011E-09	1.3657E-06	-4.8246E-11
-7.6007E-11	-1.1788E-08	1.9321E-06	-1.7217E-06
2.5995E-08	-4.7523E-08	-8.0025E-07	2.9084E-07
8.5202E-09	1.7436E-09	1.0721E-06	-5.7343E-07
4.7541E-09	-3.8185E-08	1.4921E-06	-2.0717E-06
-1.4023E-09	4.9374E-09	1.5451E-06	-3.9672E-07
-8.8741E-09	2.0339E-10	2.6713E-06	-3.2681E-07
5.8957E-10	-1.0089E-08	2.5576E-06	-1.7089E-06
1.4650E-08	-5.8888E-08	1.6316E-06	-2.9126E-06
4.9567E-09	1.3359E-08	1.7474E-06	-1.8534E-06
-1.1114E-08	-2.1834E-08	8.6077E-07	-2.2012E-06
-3.9354E-09	2.1465E-08	2.5961E-06	-8.2161E-07
-1.2187E-08	2.8824E-08	1.4028E-07	-1.1777E-06
1.6699E-08	-2.8678E-08	1.2369E-06	1.3471E-08
-2.3125E-08	-8.9682E-09	2.5397E-06	-1.2596E-06
9.2057E-09	-5.4367E-09	2.2682E-06	-2.0083E-06
1.8768E-08	1.1013E-08	1.0002E-06	-1.9633E-06
1.9302E-08	-2.5663E-08	1.2135E-06	-1.2915E-06
-3.3158E-09	-2.0767E-08	1.3375E-06	-5.3751E-07
1.4764E-08	-1.0521E-08	1.1236E-06	-1.1355E-06
3.0238E-08	-2.1227E-08	1.2856E-06	-1.3708E-06
-2.3646E-08	8.8478E-09	2.2701E-06	-1.0657E-06
1.3629E-08	-1.5397E-08	1.3700E-06	-1.5751E-06
-1.8725E-08	-3.0048E-09	2.7720E-06	-2.8770E-06
-6.2815E-09	-7.4760E-09	8.2079E-07	-1.4268E-06
-1.0177E-08	3.7331E-08	4.3820E-07	1.4881E-08
1.1676E-08	2.0894E-08	2.4552E-06	-5.8702E-07
2.5861E-08	-1.4770E-08	3.4833E-07	-1.8617E-06
5.0100E-09	-5.4127E-09	3.0637E-07	-1.1606E-06
1.9157E-08	2.7276E-08	-4.9531E-07	-5.9183E-09
-3.8698E-08	1.3263E-08	1.6826E-06	-8.8826E-07
1.8611E-08	-8.1246E-09	6.4093E-07	1.0101E-07
-3.3071E-08	-2.1510E-08	1.2927E-06	-5.7040E-07
2.6075E-08	1.6254E-08	2.1894E-07	-1.6026E-06
3.2777E-09	-6.0571E-10	-9.6111E-07	-2.4551E-06
4.8635E-09	-1.2992E-08	1.8904E-06	-3.8763E-07
-1.6716E-08	2.2747E-08	-5.1265E-07	-5.2383E-07
3.0812E-08	-1.1198E-08	2.7128E-06	-3.4409E-07
1.7577E-08	8.3799E-09	1.2948E-06	1.0550E-06
-1.7102E-08	-3.5575E-08	1.4352E-06	-4.0408E-07
-5.1260E-08	-8.9910E-09	5.3859E-07	-4.5021E-07
2.1360E-08	1.1010E-08	1.6183E-06	-8.5973E-07
-4.8044E-09	-1.3077E-08	-3.4652E-07	-1.0687E-07
8.9158E-09	4.0872E-09	2.0566E-06	-1.5874E-06
-8.0672E-09	2.2453E-08	8.0273E-07	-1.3949E-06
-3.9810E-09	-1.4056E-08	3.3180E-06	-2.1823E-06
-3.1927E-08	3.8152E-08	4.7722E-07	-3.4856E-07
1.2136E-08	-3.2572E-10	1.2868E-06	-1.5555E-06
-2.1117E-08	-4.3090E-08	1.1083E-06	-9.7350E-07
-1.1507E-08	1.0769E-08	1.2258E-07	-8.4133E-07
6.7992E-09	7.7654E-09	9.7301E-07	-8.0509E-07
-2.7170E-09	2.6115E-08	1.3058E-06	-2.1712E-06
-3.5045E-08	1.5338E-09	-3.5694E-07	-6.4550E-07
-1.3294E-08	5.8297E-09	3.2539E-07	-5.3051E-07
-1.6148E-08	-2.2519E-08	1.7058E-06	-7.3538E-07
3.9644E-11	8.9737E-09	1.9577E-06	-2.3743E-07
1.0507E-08	2.2788E-09	1.4687E-06	9.5003E-09
-2.7660E-09	2.2545E-09	1.7276E-06	-1.6861E-06
8.2203E-09	-5.3174E-09	2.4423E-06	-6.4916E-08
2.4677E-09	-1.3021E-08	3.9850E-07	-9.4876E-07
-3.2483E-08	-5.4678E-09	4.4201E-07	-9.9771E-07
-4.9660E-09	1.6780E-09	1.4476E-08	-5.7155E-07
5.0488E-09	-1.4593E-08	1.2542E-06	-9.4288E-07
-1.5881E-09	2.1294E-09	1.5570E-06	-8.8416E-07
3.9776E-09	7.6262E-10	4.8264E-07	-1.3197E-06
-5.9849E-09	-1.5410E-09	-7.0049E-07	-1.9680E-06
1.6433E-08	-1.3114E-08	1.6150E-06	-1.9452E-07
-3.6140E-08	1.4224E-08	1.9020E-06	1.2979E-06
-1.7742E-08	-1.0953E-08	1.4666E-06	-1.0487E-06
-3.0496E-08	1.9617E-08	6.0938E-07	-4.3848E-08
2.7032E-08	-7.3758E-09	1.7118E-06	1.9695E-06
-9.2120E-09	6.2838E-09	1.3023E-06	-3.6908E-08
-3.9500E-08	2.3796E-08	2.8067E-06	1.2688E-07
-3.3553E-08	-1.1587E-08	1.5972E-06	1.3892E-06
-1.0443E-08	9.8494E-09	1.5842E-06	-3.8896E-07
5.4744E-09	1.4359E-08	1.2172E-07	-5.2946E-07
3.0901E-08	-9.2984E-09	9.0156E-07	-3.9147E-07
2.0651E-08	1.7826E-08	5.8128E-07	5.6621E-07
-6.3950E-09	1.5164E-08	2.5972E-06	-1.0423E-06
-9.6469E-09	-1.9700E-08	9.1192E-07	1.5472E-07
1.9517E-09	-2.0298E-08	8.8855E-07	2.0283E-07
1.9243E-08	4.5638E-09	2.5458E-06	1.6210E-06
-1.0147E-08	1.4408E-08	1.4954E-06	-1.3838E-06
2.0121E-08	-1.9478E-08	-1.2565E-06	6.3935E-07
-1.7022E-08	-9.5788E-09	1.3974E-06	6.1840E-08
1.0621E-08	7.2921E-09	1.6379E-06	2.4415E-07
-3.2079E-08	1.3154E-08	9.7628E-07	-4.9530E-07
-1.6804E-08	2.4978E-08	1.3267E-06	2.2038E-07
2.7126E-09	-8.3105E-09	9.7789E-07	-8.4708E-07
-1.8066E-08	-2.3362E-08	1.6484E-06	-1.4288E-06
-2.1387E-08	2.9910E-08	5.8832E-07	-7.0665E-07
-1.9884E-08	-5.1932E-09	1.9025E-06	-4.8659E-07
5.3671E-09	6.7875E-10	6.1061E-07	-1.5084E-08
5.6130E-09	8.4680E-09	2.8820E-06	-1.4484E-06
-3.1783E-08	-8.3422E-09	-1.0955E-06	-1.1236E-06
2.0954E-09	-1.1483E-09	2.3198E-06	-1.1524E-06
8.7518E-09	-9.7576E-10	4.8889E-07	-5.7423E-07
7.8578E-09	-9.4003E-09	6.2940E-07	1.4551E-07
-1.0695E-08	-5.8704E-09	1.0631E-06	-4.1245E-07
-3.7303E-08	1.8965E-08	1.3260E-06	4.1935E-07
-6.1241E-10	-1.2422E-08	2.1106E-06	-5.0156E-07
-1.1354E-08	5.0650E-09	2.1156E-06	-2.2358E-06
1.4173E-08	2.5756E-08	1.8958E-06	-1.9045E-06
-2.1260E-08	-2.6448E-08	1.6776E-07	-7.0083E-07
-1.0333E-08	1.8416E-08	1.1554E-06	6.9670E-07
2.2794E-08	5.1207E-09	-4.1670E-07	-5.9218E-08
-2.1793E-09	3.1152E-08	1.4827E-06	5.0993E-07
-1.7713E-09	3.0898E-08	1.8259E-06	-1.6830E-06
-1.1755E-08	4.1042E-08	2.7536E-06	-1.0495E-06
-2.2969E-08	-1.7013E-08	3.2699E-07	-8.5060E-07
7.7737E-09	-4.0178E-09	1.5211E-06	-1.6976E-07
-4.3414E-09	-8.5201E-10	1.5714E-06	-9.2232E-07
2.1395E-08	-1.0146E-08	1.5224E-06	-2.4167E-06
-8.6530E-09	-6.1104E-10	1.0219E-06	-1.8386E-06
2.1371E-08	-7.5512E-09	1.5554E-06	-6.2842E-07
2.1081E-08	7.7135E-09	-1.2989E-07	-2.6693E-07
1.8544E-09	-6.9909E-09	8.7246E-07	-8.5413E-07
1.0976E-08	1.1885E-08	1.1750E-06	-1.7702E-06
-2.3068E-08	1.4633E-09	1.0409E-06	-5.0027E-07
1.5763E-08	1.3813E-08	-1.7448E-06	-7.0787E-07
-1.4206E-08	4.3958E-08	1.6080E-06	8.2025E-08
-2.2901E-08	-2.0027E-08	2.1969E-06	-1.0836E-06
8.6528E-09	-1.0965E-08	-9.6829E-07	-3.0237E-07
-3.2971E-08	-2.0942E-09	1.8357E-06	2.8634E-07
-1.5202E-08	-7.5526E-10	1.9408E-06	1.0553E-06
1.2221E-08	-1.2845E-08	8.9139E-07	2.3738E-07
-2.7933E-08	7.7221E-09	7.3743E-08	-1.5160E-06
-9.8709E-09	-2.8062E-09	1.4963E-06	-3.4544E-08
1.0410E-08	-1.1579E-08	1.3001E-06	-2.4357E-07
-1.5718E-08	1.4155E-08	9.9870E-07	-7.6986E-07
1.4136E-08	-7.8651E-09	8.2301E-07	-1.4510E-06
1.2217E-08	2.4573E-09	1.6633E-06	-1.0544E-07
-2.1725E-08	1.8801E-08	6.6168E-07	3.6647E-07
1.3982E-08	-7.5412E-09	6.4728E-07	7.5727E-08
4.2764E-09	-5.1755E-09	6.5120E-07	-2.2899E-06
-5.4109E-09	2.8910E-08	-5.2155E-07	-7.4283E-08
2.8908E-08	8.0923E-09	1.6254E-06	-1.8734E-06
2.5079E-08	-9.6853E-09	-7.1595E-08	1.3598E-07
-3.7692E-08	8.4824E-09	-4.2457E-07	-1.6226E-06
1.0202E-08	-2.2503E-08	1.8355E-06	1.3778E-06
9.4203E-09	1.3360E-08	1.7120E-06	-2.5227E-06
-2.1864E-09	-1.2154E-08	6.6663E-07	-9.7504E-07
-7.3698E-09	1.5360E-08	2.5367E-06	-1.2460E-06
3.3297E-08	-2.7789E-08	-8.4544E-08	4.9894E-07
-3.5012E-09	-2.2525E-08	2.2020E-06	3.0273E-07
-3.2278E-08	5.1801E-08	-6.0407E-07	-6.5607E-07
-4.6932E-09	-1.1969E-08	4.6226E-07	-2.4162E-07
1.8183E-09	7.5485E-09	1.5305E-06	-3.2641E-07
-2.4213E-08	3.7023E-11	5.4458E-07	-9.0458E-07
2.5565E-08	-1.0916E-08	-8.6248E-08	1.7311E-07
-1.9548E-08	1.6756E-08	1.5690E-06	-5.9137E-08
2.6990E-09	-1.3380E-08	-3.0416E-08	3.4155E-07
3.0863E-08	3.2961E-08	1.5956E-06	-1.0689E-06
-2.7433E-08	-2.8615E-08	1.5087E-06	6.8456E-07
-4.9434E-08	-6.9736E-09	1.9482E-06	-1.5867E-06
-5.9435E-09	2.8392E-08	1.0862E-06	3.2787E-07
-5.2116E-09	-1.8597E-09	6.3353E-07	-8.0339E-07
4.4271E-09	3.0645E-08	9.3085E-07	8.8150E-07
1.0316E-08	-1.9884E-08	-8.2983E-07	-1.0153E-06
1.2597E-08	2.5173E-08	1.7682E-08	3.8729E-07
-1.2865E-08	2.2784E-08	7.6085E-07	-8.0234E-07
-2.8265E-08	1.5276E-10	1.5778E-06	1.0671E-06
1.0923E-08	-7.4217E-09	2.3050E-06	-1.5388E-06
-3.0041E-08	-1.2866E-08	2.2227E-06	6.3268E-08
-9.4696E-09	3.6464E-10	1.6036E-06	-9.2779E-07
-2.0410E-09	2.6290E-09	3.1036E-06	-5.1569E-08
1.1031E-08	3.5380E-08	1.3727E-06	-3.5917E-07
-3.0406E-08	1.1435E-08	1.3724E-06	2.2246E-06
2.4221E-08	1.9110E-08	5.8111E-07	-2.0891E-06
-1.0627E-08	-1.2928E-09	-1.2678E-06	-2.2921E-06
-1.3622E-08	4.2090E-09	4.1376E-07	-1.7365E-06
1.7568E-10	6.4125E-10	3.2698E-07	-1.1383E-06
3.5195E-09	2.3488E-09	2.0555E-07	-2.5598E-07
1.2831E-08	-1.0835E-08	5.0090E-07	-2.4252E-07
1.7002E-08	-1.6729E-08	2.4189E-07	-1.4985E-07
-7.8728E-09	6.3362E-09	1.2209E-06	8.2006E-07
-2.9528E-09	1.2152E-08	-1.2623E-09	-8.1391E-07
6.5262E-09	-2.6564E-09	1.4190E-06	-2.4125E-07
-2.0317E-08	2.0911E-08	1.7176E-06	3.0051E-07
1.2600E-08	2.4769E-08	5.4725E-07	-2.2228E-07
1.1770E-08	-2.6159E-09	1.0849E-06	-9.0634E-07
1.0202E-09	-6.1442E-09	-1.4765E-07	-1.7488E-07
1.4237E-08	6.5661E-09	2.4072E-06	3.5340E-08
-4.9019E-09	-7.9532E-09	9.9758E-07	-4.9719E-07
7.8598E-09	-2.2052E-09	2.9173E-06	4.9814E-07
3.9058E-10	1.4840E-08	1.4117E-07	-1.2690E-06
1.5772E-08	1.4987E-08	5.6717E-07	8.7386E-08
1.2889E-08	-3.5160E-08	1.7990E-06	-2.0456E-06
-6.6930E-09	1.8410E-08	-2.8735E-07	2.0723E-07
-1.5902E-08	1.8424E-08	9.9821E-07	-3.2960E-07
1.0724E-08	-7.8384E-09	-4.4041E-07	-6.2665E-07
-2.7448E-09	2.8101E-08	5.6385E-07	-2.9470E-07
-8.6345E-09	-6.5962E-09	-3.8105E-08	-7.8150E-07
-3.6541E-09	-2.3694E-08	2.8094E-07	-1.4169E-06
2.9164E-08	-9.2172E-10	6.0308E-07	-7.9957E-07
1.6599E-08	-6.4243E-09	1.2858E-06	2.8954E-07
-2.3912E-08	-3.3904E-08	5.3023E-07	-1.3220E-06
6.5033E-10	1.7698E-08	4.3011E-07	-1.7673E-07
2.3161E-09	-2.9575E-10	1.3844E-06	2.6906E-07
-2.6809E-08	1.0097E-08	-5.7129E-07	-9.4527E-08
-7.2218E-09	-2.1853E-08	1.2497E-06	-1.0868E-06
-4.9985E-08	-6.1779E-09	-3.1112E-07	-7.6760E-07
-1.4584E-10	-7.4108E-09	2.4528E-06	-1.0252E-06
-4.9417E-09	-3.8648E-08	1.9302E-07	4.0921E-07
-8.1993E-09	-1.8931E-08	-5.6914E-08	-9.7966E-07
1.4205E-08	-1.3839E-08	1.0961E-06	1.5734E-07
-5.7942E-09	-3.3604E-08	-2.9393E-07	1.3914E-06
5.9503E-09	9.8036E-09	1.0345E-07	-6.5889E-07
-2.8456E-08	-2.1577E-08	-1.1626E-06	-2.4593E-07
-9.8315E-09	1.3207E-08	-1.5459E-07	-7.8336E-07
-2.4767E-09	1.2692E-08	2.3674E-07	9.9654E-07
-5.9434E-09	3.1652E-08	-3.6250E-07	-3.1663E-07
-7.8211E-09	-1.7650E-09	1.1485E-06	-5.0553E-08
-4.5546E-09	-1.7423E-08	6.3579E-07	-3.7797E-07
3.0371E-08	8.6275E-10	1.1567E-06	-1.5235E-06
1.8372E-08	2.5035E-08	1.6479E-06	1.5874E-09
-1.1559E-08	-1.2638E-08	-2.7946E-07	-1.3984E-06
4.5475E-09	-2.9037E-09	1.0202E-06	2.1078E-07
-5.4939E-08	2.4644E-08	4.8175E-07	3.3652E-08
3.1411E-08	3.6412E-08	3.1897E-07	4.3942E-07
-6.5916E-09	-1.0785E-08	4.9813E-07	-7.1242E-07
1.4350E-08	1.8250E-08	1.1469E-06	-8.6671E-07
-9.5289E-09	-1.5966E-08	1.6645E-06	1.0868E-06
-2.2133E-08	-9.3398E-09	2.3917E-06	-4.3324E-07
2.5532E-08	-1.2792E-09	9.4371E-07	2.7204E-07
-2.5847E-08	1.2488E-08	-6.6139E-08	-5.7784E-07
-8.5644E-09	1.6672E-08	-7.0049E-07	9.5854E-07
-1.2685E-08	5.3406E-09	3.2953E-07	1.2470E-06
-2.3583E-08	6.1536E-09	1.2855E-06	-1.1381E-06
1.3813E-08	4.1427E-08	1.1753E-06	-6.2827E-07
-1.4595E-08	-1.8814E-08	-9.4605E-07	-3.1258E-07
1.0349E-10	-2.8750E-09	2.5918E-07	-9.6100E-07
1.2025E-08	-1.4468E-08	1.6237E-06	6.8254E-08
1.2689E-08	1.4076E-08	1.5259E-06	-7.6627E-07
1.9297E-08	-1.4789E-09	1.4196E-06	1.0418E-06
6.0264E-09	2.7727E-10	2.9279E-08	7.0725E-07
1.0225E-08	2.0794E-08	1.2793E-06	-1.3395E-06
5.3202E-08	-1.2759E-08	7.9823E-07	-3.4922E-07
1.8235E-08	1.6774E-08	2.7635E-06	-1.0805E-06
2.5170E-08	-8.2113E-09	2.1949E-06	-2.7460E-07
-2.0657E-08	-3.0915E-08	2.1203E-07	1.5591E-06
-2.0670E-08	-8.9006E-09	9.1225E-07	4.4414E-08
1.3446E-09	1.0143E-08	5.9654E-07	2.2398E-07
6.7003E-09	2.0595E-09	1.3401E-06	-2.7383E-07
9.6790E-09	-1.4013E-08	1.0491E-06	-4.0782E-07
3.5847E-08	5.9157E-09	1.3755E-06	-6.1398E-07
-2.7084E-08	2.9682E-08	1.3169E-06	-1.1911E-07
2.4563E-08	-1.9323E-08	2.0087E-06	-3.4821E-07
8.3240E-09	1.2661E-08	7.6806E-07	-1.2782E-06
5.0203E-09	-2.7885E-08	8.3117E-07	-2.3605E-07
2.6376E-08	2.3217E-08	7.0093E-07	-4.5506E-07
-2.4978E-08	3.7058E-08	1.9069E-07	-4.5418E-07
-8.0127E-09	2.6406E-08	4.6472E-07	9.8148E-07
-7.5353E-09	1.2481E-08	-1.4360E-07	-5.0719E-07
-2.0293E-08	-1.8263E-08	9.6651E-07	-1.3872E-06
-3.6309E-09	3.1778E-09	1.7632E-07	-1.3747E-06
6.6339E-09	1.6145E-09	1.4975E-06	-1.7358E-06
2.1726E-08	2.4999E-09	1.0764E-06	-9.1180E-07
1.7778E-08	4.6288E-09	3.4298E-07	-2.6010E-06
-2.4190E-08	2.1629E-08	-1.1591E-06	-1.0118E-06
1.0358E-08	-1.6401E-08	9.5786E-07	-6.2411E-07
-2.2510E-08	-1.3247E-08	1.5407E-06	-1.5977E-07
-1.3467E-08	9.3077E-12	1.5449E-06	-6.5324E-07
9.2403E-09	-8.6322E-09	-3.8897E-07	-1.5861E-06
-5.7437E-09	3.5616E-08	2.6080E-06	3.8771E-07
9.1292E-09	-3.4856E-08	2.5910E-07	-1.2911E-06
-1.3008E-09	-2.2117E-08	2.1883E-06	-9.8336E-07
2.3852E-08	2.1291E-08	-1.3198E-07	-1.0740E-06
-1.9327E-09	-1.8659E-08	8.7557E-07	-1.8501E-06
-3.5962E-09	-2.0631E-08	1.1037E-06	6.9399E-07
1.3511E-09	1.9568E-08	1.4963E-06	3.5541E-08
2.3564E-08	2.3341E-08	-1.5049E-06	2.4746E-07
-8.9221E-09	8.0706E-10	-1.4412E-08	6.3546E-07
3.2281E-08	2.4354E-08	1.7703E-06	5.4323E-07
-2.0731E-08	9.9358E-09	1.9060E-06	-8.2199E-08
-3.3576E-08	2.2057E-08	1.8022E-06	1.9723E-06
2.1334E-08	1.4628E-08	5.1685E-07	-1.5238E-07
-4.2302E-09	2.4623E-08	3.8482E-07	9.3348E-07
-3.6961E-08	1.4366E-08	9.4090E-07	-3.6026E-07
-2.4675E-08	-6.3536E-09	1.0977E-07	7.5424E-07
-3.4049E-08	1.7401E-08	1.2177E-06	-7.6732E-07
-1.8335E-08	2.1738E-09	-9.5998E-08	4.5471E-07
6.8082E-09	-8.6387E-09	1.6682E-06	8.2050E-07
-2.0165E-08	-1.8162E-08	4.5084E-07	-1.2806E-06
-2.2482E-09	1.6671E-08	1.4561E-06	1.7015E-08
-1.2288E-09	-3.6572E-09	4.3397E-07	-2.5545E-08
9.4636E-10	2.3111E-08	2.5829E-06	-6.9500E-07
-3.1651E-08	5.3158E-09	4.0406E-07	4.0052E-07
-4.6062E-09	5.5960E-10	6.2355E-08	2.6401E-07
-1.7314E-08	1.3043E-08	1.1545E-06	-1.8932E-06
-1.6113E-08	-1.5621E-08	1.4431E-06	1.0998E-06
1.0944E-08	-1.1994E-08	1.6049E-06	1.0872E-07
-8.4073E-09	-1.6191E-09	6.5355E-07	1.6547E-07
4.0699E-09	-1.6093E-08	3.2497E-07	-3.9494E-07
1.9041E-08	2.5392E-08	2.6007E-06	-1.6367E-06
-2.0240E-08	7.6910E-09	2.8517E-07	-5.4851E-08
2.0114E-08	-1.4841E-08	1.5237E-06	-3.1403E-09
2.2509E-09	1.5545E-08	4.1946E-07	-1.0913E-06
3.2335E-08	-7.9647E-09	1.8399E-06	-2.0423E-06
5.2681E-09	-1.5633E-09	1.1418E-06	-8.8532E-07
-1.5067E-08	-7.8779E-09	3.4054E-07	-2.2149E-08
-1.8540E-08	2.5260E-08	8.3054E-07	-1.3895E-06
1.0061E-09	9.5157E-09	1.6197E-07	5.3470E-07
-2.5434E-08	-9.4346E-09	2.4422E-06	4.1453E-07
-7.8158E-09	-1.9856E-08	1.1406E-06	-1.0868E-06
-1.0529E-08	1.1686E-08	1.4766E-06	5.6869E-07
-2.2268E-08	-1.4408E-09	1.0735E-06	-1.3637E-06
1.0901E-08	1.4270E-08	-1.0046E-06	1.2743E-07
1.7837E-09	7.5497E-09	2.8947E-07	-9.4644E-07
-2.4632E-08	5.9578E-08	1.1818E-06	-6.7137E-08
-7.1836E-09	-3.7088E-09	1.5028E-06	-2.0355E-06
4.5231E-08	-1.4199E-08	1.6215E-06	6.9139E-08
1.8900E-08	-1.9603E-08	-4.2230E-07	5.7547E-08
-1.2350E-08	2.2058E-08	-2.9332E-08	-7.9484E-07
-3.2246E-09	-9.8410E-09	1.9833E-06	-2.4460E-07
-9.4459E-10	-1.8984E-08	1.7850E-06	-1.3511E-06
4.2145E-08	1.1744E-08	-2.5165E-07	-4.5575E-07
-3.4387E-08	-7.5258E-09	1.7860E-06	-2.4701E-07
1.5474E-08	-3.6974E-09	8.2801E-07	5.2154E-07
2.1196E-08	-1.7270E-08	3.0715E-06	6.0065E-07
-9.9547E-09	-3.4827E-08	9.7725E-07	-8.1700E-07
2.3259E-09	2.6665E-09	1.1017E-06	4.8558E-07
-3.4362E-09	-8.1740E-10	1.1651E-06	-3.2180E-07
-2.5009E-09	1.9486E-08	-1.5172E-07	8.3567E-07
-3.2179E-09	-3.2926E-08	-7.5083E-08	-1.5485E-06
-2.8147E-08	5.3490E-08	3.0169E-07	-1.7723E-06
-1.7001E-08	1.8563E-08	1.0175E-06	1.0047E-06
-5.9969E-08	1.6727E-08	2.7780E-08	-1.1988E-06
1.5648E-08	-2.1399E-08	4.1467E-07	-5.3761E-07
-6.2684E-09	2.1826E-08	1.7475E-06	-6.3155E-08
1.0177E-08	-2.2196E-08	4.7786E-07	8.1889E-07
2.5026E-08	2.5840E-08	6.7764E-08	-1.3288E-06
2.9178E-08	-1.1298E-09	7.5722E-07	-1.2987E-06
2.4024E-08	2.2008E-08	-2.1532E-07	3.4391E-07
-3.1878E-08	-5.4242E-08	1.0226E-06	1.8712E-07
1.3161E-09	4.9323E-09	7.4436E-07	-6.5360E-07
8.7510E-09	-3.0264E-08	1.0991E-06	-1.3860E-06
-2.4459E-08	-2.3630E-08	-1.2394E-07	7.5869E-07
3.1039E-09	-5.0637E-08	1.1661E-07	3.5297E-07
-1.4470E-08	2.8014E-08	-9.9590E-08	1.9548E-07
1.0057E-08	-3.3837E-09	5.4320E-07	-3.5451E-07
-9.8206E-09	1.7844E-08	1.4172E-06	3.4782E-07
-2.3629E-08	-1.2729E-08	1.0732E-06	-2.1897E-07
1.0325E-08	-4.9191E-09	8.0711E-07	-3.4979E-08
1.3849E-08	-4.7512E-09	2.8660E-07	-1.0225E-06
-5.1139E-09	2.6643E-08	1.4168E-07	-5.0768E-07
-1.1369E-08	-7.4793E-09	4.2514E-07	-5.5496E-08
-1.4748E-08	3.6802E-08	1.0352E-06	-1.1036E-06
-8.5460E-09	-2.9950E-08	1.4493E-06	2.0185E-06
-1.4863E-08	-1.4577E-08	-1.6729E-07	4.1642E-07
6.3507E-09	-9.0554E-11	1.8218E-06	-7.2762E-07
5.0448E-09	-2.9695E-09	1.8362E-06	-7.0255E-07
1.1897E-08	3.2708E-08	3.9013E-07	-1.3549E-06
-1.6815E-08	2.3748E-08	1.1111E-07	-1.4113E-06
1.8683E-09	1.2837E-08	2.0320E-06	-7.1697E-07
-1.6284E-08	-2.8956E-08	1.3095E-07	-6.2887E-07
-3.4378E-09	-1.4766E-08	1.7375E-06	-2.1954E-07
-2.3141E-08	2.7707E-09	1.4696E-06	9.0321E-09
2.1423E-08	6.4201E-08	-3.5537E-07	-2.1384E-06
9.7738E-09	1.2573E-08	-7.5911E-07	-4.8357E-07
-3.0796E-09	8.4411E-09	-3.0525E-07	3.6012E-07
-1.2792E-09	4.6224E-09	1.0820E-06	6.3630E-07
4.5853E-08	1.5254E-08	7.0964E-07	-2.2118E-06
-1.0966E-09	8.9251E-09	1.8637E-06	1.8808E-07
-1.3277E-08	1.9053E-09	-6.3112E-07	-4.2939E-07
8.6047E-09	1.4228E-08	-1.6390E-06	-6.4549E-08
-2.2027E-08	-1.1407E-08	1.5034E-06	-9.2260E-07
-6.8244E-09	-1.2912E-08	-1.5241E-07	-1.2037E-07
-8.0612E-09	-6.6620E-10	1.2019E-06	-1.6657E-06
6.4372E-09	-2.3510E-08	7.1253E-07	1.0113E-06
-6.3559E-09	8.0833E-09	9.2821E-07	6.8755E-07
-2.6257E-08	1.1997E-08	1.2929E-06	4.3140E-07
4.0689E-09	1.6415E-08	1.7790E-06	1.4032E-06
1.9978E-08	-9.7271E-09	5.4196E-07	1.5772E-07
9.7437E-09	6.0035E-09	1.1383E-06	-8.4500E-07
-2.2772E-08	-3.1228E-09	6.4343E-07	4.6660E-07
3.1166E-09	1.0890E-09	1.3568E-07	2.4468E-07
-1.2329E-08	-2.5118E-09	9.8675E-07	4.0032E-07
-5.5195E-10	4.1278E-09	2.5279E-06	-1.1844E-06
-2.1100E-08	2.4234E-08	-1.2395E-07	2.7955E-07
-6.6022E-09	2.4897E-09	1.3224E-06	-7.7801E-07
-2.0311E-08	-2.4644E-08	8.3173E-07	1.1474E-06
-3.7835E-09	9.5268E-10	-9.6435E-07	-2.3635E-07
4.8953E-09	-7.4765E-09	1.8631E-06	-8.5029E-07
2.9838E-08	2.7244E-09	-9.2474E-08	-1.5254E-06
-2.1112E-08	-2.5871E-08	-1.8624E-07	5.1147E-07
-3.5901E-08	-4.2243E-09	1.3961E-06	1.2235E-06
1.2963E-08	8.3124E-09	4.5426E-07	6.4611E-07
-1.0281E-08	1.3817E-08	-9.5311E-07	1.0228E-07
-1.2312E-08	-7.9800E-09	2.1290E-07	-1.3395E-07
-9.1818E-09	-2.4989E-08	1.2924E-06	-4.5113E-08
1.5043E-08	2.2963E-09	1.4669E-06	-1.3634E-06
-1.9971E-08	1.9415E-08	1.0575E-06	-5.2451E-08
2.2104E-08	-1.9830E-08	1.8611E-06	2.6833E-07
6.1738E-09	2.0595E-08	1.1493E-06	-1.4712E-07
-2.2495E-08	-1.5481E-08	5.5606E-07	-8.9568E-07
5.4701E-09	-2.9779E-08	1.2105E-06	6.4735E-07
-8.1669E-09	-4.2502E-08	1.8812E-06	1.0669E-06
9.5917E-09	-2.0393E-08	-4.1235E-07	-4.6646E-07
-8.3496E-09	8.9723E-09	-1.5428E-06	-1.0650E-06
1.4191E-08	4.0936E-08	2.0192E-06	5.1944E-07
-6.4666E-09	-1.7854E-08	1.3501E-06	-1.5346E-06
-2.8894E-08	3.2611E-08	9.8121E-07	4.8726E-07
-4.3361E-08	-1.3785E-08	1.1343E-06	-5.7365E-07
-3.8842E-08	-3.3495E-09	6.8419E-07	-2.9320E-07
-6.4610E-09	-2.3677E-08	1.1947E-06	2.0799E-06
-1.7254E-08	1.2304E-08	1.3461E-06	8.1781E-07
-2.0988E-08	-1.6693E-08	1.0043E-06	-1.3378E-06
5.7515E-09	2.0630E-08	-2.2866E-07	-3.5630E-07
2.8105E-10	-9.2678E-09	4.3551E-07	5.7052E-07
-6.0561E-09	-9.8843E-09	8.6673E-07	-9.2969E-07
-4.3543E-08	2.1188E-08	1.6714E-06	2.3099E-07
-4.0711E-09	-7.9860E-09	6.0843E-07	7.5997E-07
7.2421E-09	-3.4040E-08	1.0118E-06	2.9423E-08
2.4274E-09	-1.2427E-08	8.2304E-08	-5.8942E-08
2.8441E-08	-1.6779E-08	2.9567E-07	-1.1671E-06
3.1180E-08	4.9364E-09	1.9933E-06	9.7400E-07
2.6148E-09	-1.5969E-08	1.0189E-06	-2.0191E-07
2.9022E-08	8.9438E-09	2.5865E-07	-7.4556E-07
1.0298E-08	-5.4833E-10	3.0695E-07	7.6722E-07
1.3860E-08	-1.7256E-08	1.1474E-06	-1.5393E-07
2.4830E-08	-2.2698E-08	-1.8636E-07	9.5366E-07
7.7729E-09	1.9823E-08	1.1512E-06	-2.9783E-07
-5.5964E-09	-1.2297E-08	1.2766E-06	7.0211E-07
-6.3843E-09	-1.3293E-09	5.1998E-07	-7.8666E-07
1.9583E-08	1.5271E-08	1.7224E-06	-3.8272E-07
-8.5974E-09	2.6570E-08	-7.3114E-07	-1.3788E-06
1.9905E-09	-1.1454E-08	-8.0745E-07	3.5154E-08
-4.8567E-08	6.1189E-09	1.2951E-06	-8.7116E-07
2.3478E-08	-2.3283E-08	9.9657E-07	-9.2525E-07
-2.0771E-08	7.8625E-09	1.4349E-06	-1.7708E-06
-2.4293E-08	2.0818E-08	1.4663E-07	-5.9947E-07
3.5729E-09	-4.6032E-08	-9.6506E-07	-1.8351E-07
7.5325E-09	1.8138E-08	-1.1646E-06	1.7972E-07
2.2313E-09	-7.9398E-09	3.9994E-07	-7.8692E-07
2.5167E-08	-3.0955E-08	1.4839E-06	-6.5060E-07
-4.7926E-09	-1.6328E-09	1.0677E-06	5.8851E-07
-2.6971E-09	-8.8304E-11	-3.3002E-08	5.3150E-07
-7.3145E-09	4.9398E-09	1.2151E-06	-1.1242E-06
-3.5864E-09	1.0362E-08	6.6746E-07	1.5304E-07
4.5212E-08	1.9897E-08	1.1345E-06	2.1532E-06
-2.4944E-08	-1.4763E-08	2.0632E-06	5.2856E-07
1.3675E-08	3.3189E-09	-5.7480E-08	4.0134E-07
-3.0572E-09	1.1061E-08	1.2278E-06	6.2900E-07
-9.1154E-09	9.9681E-09	1.5864E-06	-4.6011E-07
1.0951E-08	-2.7201E-08	7.1391E-07	-4.9935E-08
-2.1765E-08	1.0116E-08	3.9935E-07	7.5626E-07
2.8693E-10	3.0422E-08	1.2204E-06	-4.9356E-07
1.0924E-08	1.2937E-10	6.1257E-07	-1.0394E-06
2.3242E-08	6.1346E-09	1.2051E-06	-9.0690E-07
9.0300E-09	-2.4375E-09	-7.5866E-08	2.4500E-07
-2.1775E-08	9.7731E-09	4.2873E-07	2.1577E-07
-2.9251E-08	1.2434E-08	-4.6864E-08	1.1503E-06
-4.3653E-08	-4.0716E-09	1.0626E-06	-1.0016E-07
1.0224E-08	2.6432E-09	1.2309E-06	1.5990E-07
-3.2325E-08	-9.2180E-09	1.8996E-06	-3.3543E-07
2.4808E-08	-2.1962E-08	2.3067E-06	3.2757E-07
1.0587E-08	-1.5889E-09	-7.6499E-07	-5.9605E-07
9.5534E-09	-1.9609E-08	1.0740E-06	-1.7834E-06
-2.5075E-09	-2.8722E-08	1.4677E-06	-8.0400E-07
2.1306E-08	-6.0431E-09	1.2771E-06	-5.3621E-07
2.6974E-08	8.8620E-09	6.7477E-07	-1.5534E-06
-1.1670E-08	1.8172E-08	1.2736E-06	-1.0634E-06
-2.7325E-08	2.8847E-08	9.3774E-07	-1.0725E-06
2.7349E-08	2.0850E-08	-4.1733E-07	-1.7167E-06
-1.1906E-08	3.4545E-09	4.6228E-07	-1.3341E-07
2.0617E-08	4.8590E-08	-9.1454E-07	-1.6797E-06
1.3351E-08	-2.1607E-08	-7.4782E-07	2.3000E-07
2.5797E-08	1.2338E-10	3.1682E-07	1.1254E-06
-1.6538E-08	-1.6313E-09	-1.5694E-06	3.9507E-07
1.5224E-08	1.3441E-08	1.3481E-06	-2.3482E-06
-2.9241E-08	-1.2380E-08	-1.0462E-07	-1.1360E-06
3.9284E-08	1.0618E-08	6.1171E-07	-7.0736E-07
-1.5963E-08	3.0218E-08	1.0223E-07	3.6093E-07
-1.8303E-08	-9.5073E-09	3.7468E-07	-8.2663E-07
-4.7196E-08	-2.0817E-08	1.0932E-06	1.2440E-06
2.8282E-08	-8.4475E-09	9.1453E-07	5.4857E-07
-1.5344E-08	1.0122E-08	9.8126E-07	-1.7285E-06
-1.4888E-08	3.1584E-08	4.4280E-07	-3.7136E-07
-1.4202E-08	3.8537E-09	1.7565E-07	-3.0971E-07
4.0681E-10	4.4825E-09	1.3752E-08	-1.9636E-07
2.0573E-08	1.4934E-08	-9.0364E-07	-2.0214E-06
-8.9978E-09	2.9336E-09	1.1593E-06	-5.2259E-07
-7.1949E-09	-7.7172E-09	-2.2363E-08	-1.3684E-06
-1.2677E-10	-6.0388E-09	-1.2594E-06	9.9131E-07
-1.3147E-08	-6.4372E-09	-1.2380E-06	-4.1702E-07
-1.7919E-08	4.2378E-09	9.5152E-07	1.0296E-06
6.8937E-10	-8.3771E-10	-9.2603E-08	-8.3233E-07
4.1564E-09	-1.2752E-09	1.2098E-06	-7.1864E-07
2.3424E-08	-3.4231E-08	2.2941E-06	-9.9815E-07
4.5282E-08	1.4034E-09	9.5876E-07	-2.2665E-07
2.4286E-08	-3.5820E-08	-2.1884E-07	3.5566E-07
8.3810E-09	-6.6244E-09	-1.2411E-06	-6.2820E-07
-2.5484E-08	1.0999E-08	-1.1020E-06	-1.0789E-06
-3.2539E-08	-1.8445E-08	-1.8127E-07	-5.1641E-07
-3.9043E-09	-6.8216E-09	-9.6679E-07	1.1384E-06
1.3191E-08	-3.5737E-08	5.9400E-07	-2.4090E-08
-3.7172E-09	-4.6878E-09	6.8207E-07	-8.5116E-07
-1.8230E-08	2.9422E-08	1.4815E-06	1.2490E-06
-3.8056E-08	-1.1837E-08	2.3099E-07	3.2466E-07
1.8620E-08	-3.0205E-09	3.9260E-07	1.5715E-06
-7.1565E-09	4.2257E-08	-5.2866E-07	1.1120E-06
2.0453E-08	-6.3841E-09	1.6124E-06	7.3969E-07
-1.6093E-08	4.0555E-09	1.4684E-06	-6.4013E-07
-2.0754E-08	6.3852E-09	4.2566E-07	6.5605E-07
-4.7472E-09	2.3180E-08	-8.1708E-07	-4.0241E-07
-1.3802E-08	-3.1842E-09	5.7824E-08	7.1459E-07
-4.4097E-09	-8.2771E-09	6.1939E-07	1.3759E-06
-3.0245E-08	-7.4729E-09	1.3454E-06	1.8912E-06
-2.3442E-08	2.5444E-08	1.0478E-06	7.0072E-07
-2.3294E-08	7.0438E-09	1.6175E-06	3.3516E-07
-3.3184E-08	1.8022E-08	1.1652E-06	4.1836E-07
1.7232E-08	9.7324E-10	1.1465E-06	2.6236E-07
-1.7531E-08	-6.9445E-09	1.9690E-06	1.4446E-06
3.9813E-08	-1.5291E-08	1.3900E-06	-5.7777E-07
-3.3714E-08	-8.9292E-09	1.0462E-06	3.9465E-07
-3.5044E-08	-4.7254E-09	1.7994E-06	5.2913E-07
1.0444E-08	-2.3996E-09	1.1722E-06	-1.4408E-06
-2.1019E-08	-1.6775E-08	2.1795E-06	4.5092E-07
-3.1839E-09	-1.2765E-08	3.9236E-07	4.0796E-07
1.5131E-09	-2.9165E-09	9.3244E-07	-1.0218E-06
4.3741E-09	2.8306E-08	1.5286E-06	-6.7003E-07
-3.3911E-08	-4.9234E-09	7.9879E-07	-9.8799E-07
-1.9748E-09	1.0172E-08	4.0184E-07	-6.9242E-09
3.9522E-08	-1.2219E-08	1.3028E-06	-7.3252E-07
5.8249E-09	-3.4908E-08	8.6560E-07	-7.3895E-07
-2.2304E-08	-4.9696E-09	5.9887E-07	-6.7994E-07
1.7842E-08	-3.6687E-10	9.9872E-07	2.2359E-06
-3.5515E-08	-1.9510E-09	-7.5143E-07	4.6742E-07
1.4894E-08	1.6286E-08	-5.5301E-07	-3.5088E-08
1.4850E-09	8.8425E-09	4.1327E-07	-4.3417E-07
2.4034E-08	3.6123E-08	-3.9313E-07	1.3731E-06
9.8345E-09	-3.0315E-08	-8.3774E-07	-5.4095E-07
-5.6580E-09	-3.5136E-09	4.1661E-07	-3.7819E-07
5.9612E-09	-1.4731E-08	-2.1668E-07	-5.0057E-07
-1.4954E-09	-1.4298E-08	-2.1310E-07	-9.3348E-07
3.1536E-09	-1.2631E-08	-2.4207E-07	-8.0273E-07
-1.8728E-09	-1.4876E-08	2.1999E-07	5.7947E-09
2.1251E-08	-2.8514E-08	8.1137E-07	7.5966E-07
-1.7003E-08	3.4793E-09	-1.4646E-06	-2.0478E-07
2.1263E-08	3.2932E-08	5.1028E-07	1.8715E-07
-6.4695E-09	-7.4656E-09	1.0393E-06	-1.0576E-06
-7.3189E-09	-1.8530E-08	-5.6938E-07	-7.3221E-07
-4.4335E-08	3.2974E-09	-3.9256E-07	1.3785E-07
6.7655E-09	1.9914E-08	-1.5798E-07	2.0333E-07
4.2958E-08	-2.3683E-09	-1.5641E-07	6.8058E-07
-1.6914E-08	1.3736E-08	6.5532E-07	8.4388E-07
1.5802E-08	2.8205E-08	-5.0312E-07	9.8765E-07
-2.2481E-09	-2.4576E-08	-8.8736E-07	-6.6468E-09
3.0374E-09	2.1345E-08	7.4944E-07	1.1121E-06
-4.1509E-09	-7.3669E-09	6.6732E-07	-3.3012E-07
2.0263E-08	-3.2104E-08	-1.0653E-07	-2.4602E-07
1.0057E-09	2.5915E-08	1.9831E-06	-1.6084E-06
-6.7882E-09	5.4069E-09	-5.7649E-07	6.8573E-08
1.6071E-08	2.4860E-08	-2.6087E-07	-1.6412E-06
1.9997E-08	3.9726E-09	9.9229E-07	-9.4014E-08
3.3487E-08	4.5273E-09	8.3772E-07	-1.0873E-06
-1.8055E-08	-8.1203E-09	6.4996E-07	-8.7921E-07
2.0269E-08	1.6541E-08	4.7270E-07	2.9959E-07
1.8057E-08	-8.9950E-09	1.2953E-06	3.7211E-08
2.6318E-09	-7.6652E-09	6.8421E-07	-6.7735E-07
-4.9670E-08	1.8253E-08	-4.8571E-07	-6.5507E-07
-2.3620E-08	1.6882E-09	1.0997E-06	-1.0433E-06
-7.4551E-09	1.0730E-08	2.2637E-06	-6.9961E-08
-1.6806E-08	1.9756E-09	6.2518E-07	6.1947E-08
-4.1204E-08	5.1745E-09	1.4316E-06	-5.0023E-07
-5.5353E-09	-3.4414E-08	1.0512E-07	4.3593E-07
-2.3256E-09	3.5026E-09	-7.9807E-07	-8.2824E-07
-1.6970E-08	-1.1458E-08	8.6550E-07	1.7183E-06
-1.3279E-08	5.4068E-09	8.5319E-07	3.3981E-08
4.0791E-08	3.1448E-09	6.0866E-07	-1.9434E-06
8.3085E-09	-1.7326E-08	1.0491E-06	-7.3095E-07
1.5565E-08	-5.7155E-09	8.3144E-08	4.4556E-07
-4.0500E-08	-1.4756E-08	-6.0650E-07	-1.7106E-06
3.0909E-08	7.7165E-09	1.7089E-06	-7.1560E-07
-3.5194E-09	2.6524E-08	-1.2070E-07	-4.8271E-07
-4.3686E-09	9.8820E-09	7.6421E-07	2.1721E-07
-1.0794E-09	6.7526E-09	1.7828E-06	7.3534E-07
1.2424E-08	-1.1757E-08	1.1628E-06	1.0237E-06
-8.2857E-09	-2.1172E-08	1.8014E-07	3.4570E-07
-9.5578E-09	-2.0053E-08	6.6816E-07	-1.3107E-06
3.0377E-09	-1.4822E-08	-3.3276E-07	9.2457E-07
-3.4181E-08	-4.9570E-09	-1.0074E-06	-5.9607E-07
-1.4940E-08	2.1840E-08	-9.4097E-07	2.2794E-07
-8.0305E-10	-1.0915E-08	9.4430E-07	4.9568E-07
6.3520E-09	1.0845E-08	4.7112E-07	-9.1215E-07
-2.4969E-08	-4.0088E-08	-4.2783E-07	-5.5629E-07
-1.8293E-08	-1.4579E-08	3.1873E-07	4.3177E-07
4.5757E-08	5.7178E-09	-8.7704E-07	1.2644E-06
-8.8785E-09	1.5307E-08	5.8120E-08	8.3464E-08
-1.4437E-08	1.4071E-08	1.1555E-06	8.1948E-07
1.9346E-08	2.3247E-08	9.4735E-07	-4.3578E-07
1.0626E-09	-1.7658E-08	2.9507E-07	1.0318E-07
2.1247E-09	-1.4753E-10	-3.9077E-07	-1.4267E-07
1.0542E-08	-2.0697E-08	7.2725E-07	3.1396E-07
-1.0850E-08	1.1936E-08	-9.9663E-07	-5.7686E-07
-2.1784E-08	8.0351E-09	1.2775E-06	7.7701E-07
2.7707E-10	1.4067E-08	1.2172E-06	-4.7826E-07
2.4756E-08	1.7233E-08	2.4331E-07	-9.6361E-07
-2.1949E-08	-1.5388E-08	-1.2775E-06	1.2812E-08
-1.5355E-08	1.3189E-08	1.9893E-08	2.1683E-06
1.4521E-08	2.6611E-08	-7.1776E-07	6.5297E-07
1.3053E-08	1.3536E-08	-5.2827E-08	9.0073E-07
1.4138E-08	5.2304E-09	1.7736E-07	-1.2788E-06
1.0585E-08	-1.2843E-08	9.9608E-07	-9.5224E-07
3.7016E-09	-1.8414E-08	9.9424E-07	1.0154E-06
-9.1990E-09	-3.0707E-10	7.0288E-07	-1.1373E-06
-5.1091E-09	-1.3087E-08	1.2802E-07	-9.7695E-07
1.9705E-08	3.0703E-08	-2.1084E-06	7.3235E-08
-1.1051E-08	2.8747E-08	1.8188E-06	1.3696E-06
2.5217E-09	1.6070E-08	2.1730E-06	1.3052E-06
-2.8954E-10	-1.0734E-11	-4.1091E-07	-1.6807E-06
-3.0001E-08	1.6134E-08	-6.2055E-07	-6.0571E-07
4.0753E-09	-3.6107E-09	-1.4666E-06	-1.6643E-07
-4.2085E-10	2.5490E-09	7.3893E-07	-3.4556E-07
2.7362E-09	1.8844E-08	2.3107E-07	-7.9748E-07
-4.4816E-09	-1.7189E-08	-1.2105E-07	1.0165E-06
-1.0782E-08	2.3562E-08	-2.5291E-08	1.3976E-07
5.2946E-09	-6.9781E-09	1.5819E-08	-5.8724E-07
-2.8226E-08	1.6431E-08	-2.4258E-07	-1.6569E-06
4.9712E-09	-6.1865E-09	-2.9937E-07	1.3997E-06
4.4487E-08	2.5586E-09	2.6694E-06	-1.7572E-06
-1.1217E-08	1.9070E-08	1.6111E-07	-3.5572E-07
-2.4383E-08	1.6432E-08	-2.7397E-07	3.9385E-07
4.0011E-09	-1.2099E-08	-3.8470E-07	-1.5394E-06
-6.5148E-09	1.1257E-08	3.4778E-07	-2.7415E-07
2.8492E-08	-1.6089E-08	-8.5020E-07	-7.5279E-07
-4.7398E-09	-8.4315E-09	4.6565E-08	4.5093E-07
-1.0821E-09	2.9964E-08	1.4420E-06	-1.4721E-06
-1.1254E-08	-7.3018E-09	3.7190E-07	5.3353E-07
2.6669E-08	-8.2446E-09	1.5996E-06	1.0520E-06
2.9452E-08	1.3096E-08	1.5181E-06	4.4358E-07
-3.9092E-09	7.3056E-09	6.1541E-07	-5.5949E-07
-1.9775E-08	2.3958E-08	1.4900E-06	-3.1611E-07
-2.1163E-08	-2.8844E-08	-1.1641E-07	-3.3847E-07
-1.1589E-08	-7.8711E-09	1.7405E-06	-7.0544E-07
-2.5214E-08	-6.0575E-08	4.9205E-07	-1.6117E-07
-3.3856E-09	2.5003E-08	-1.1208E-06	-1.5789E-07
5.4344E-09	1.1141E-08	-4.5671E-07	-4.5971E-07
4.2200E-08	-4.0789E-09	3.2785E-07	-2.4387E-07
2.9748E-09	6.3754E-09	1.4919E-06	6.4962E-07
2.0749E-08	-8.5667E-09	2.7433E-07	-1.3208E-06
1.8809E-08	2.4913E-08	-3.2537E-07	-1.8817E-06
2.4619E-08	-1.9898E-08	-2.5395E-07	-6.5299E-07
4.1886E-09	-1.5665E-09	-4.3874E-07	-1.6945E-06
-5.6458E-09	1.0634E-08	-1.0095E-07	-1.6823E-06
2.4959E-08	-8.1459E-09	9.1728E-08	-8.7227E-07
-5.6803E-08	-1.9372E-08	4.7289E-07	-6.0685E-07
-9.3328E-09	2.7502E-08	1.5371E-06	-1.3299E-06
2.0508E-08	7.0808E-09	-1.0761E-06	2.1326E-06
-4.8530E-09	-3.3738E-08	-8.3155E-07	-1.8345E-06
-4.2466E-08	2.5742E-08	-3.6059E-07	-5.2979E-07
-4.0212E-08	1.8335E-09	1.0829E-06	-5.2100E-07
-1.1343E-08	-4.9932E-08	-4.8433E-07	-1.0185E-07
-1.7435E-08	-4.0810E-08	-9.8012E-07	-1.9235E-07
-1.0339E-08	3.3351E-09	-2.4081E-06	-7.6513E-08
2.8729E-08	1.9555E-08	-5.0640E-07	-2.3598E-06
1.5239E-08	1.3920E-08	-2.7069E-07	-2.5252E-06
6.3532E-09	1.6719E-08	-7.5024E-07	-1.7816E-07
-3.8644E-09	1.9843E-08	-1.4855E-07	6.7226E-07
2.0291E-08	-1.8601E-08	-1.8091E-06	-1.3324E-06
3.6204E-09	-1.0814E-08	-9.3171E-07	1.3430E-06
-2.5140E-09	-7.4159E-09	-3.3033E-06	1.9935E-07
-1.2465E-08	-2.0485E-08	-1.3248E-06	-1.8466E-07
2.6275E-08	-2.3459E-08	-1.3839E-06	-1.1933E-06
3.2059E-08	-5.2945E-09	-2.8008E-06	1.9698E-07
3.3832E-08	-3.0341E-08	-7.4878E-07	3.7593E-07
4.2024E-08	-6.7041E-08	1.9503E-07	-7.4336E-08
9.6207E-08	-9.5444E-08	-7.7878E-07	-1.0714E-07
1.1582E-07	-1.8741E-07	1.6948E-06	2.7386E-07
