jMRUI Data Textfile

Filename: Export_to_jmrui.txt

PointsInDataset: 2048
DatasetsInFile: 1
SamplingInterval: 0.250000
ZeroOrderPhase: 0E0
BeginTime: 0E0
TransmitterFrequency: 1.2326E8
MagneticField: 2.8936E0
TypeOfNucleus:  
NameOfPatient:  
DateOfExperiment:  
Spectrometer:  
AdditionalInfo: 
SignalNames:  


Signal and FFT
sig(real)	sig(imag)	fft(real)	fft(imag)
Signal 1 out of 1 in file
1.2949E-06	7.4393E-07	-2.2629E-07	-2.6378E-07
9.7815E-07	2.5347E-07	-6.3547E-07	7.5129E-07
6.5838E-07	-1.2638E-07	7.1607E-07	7.4936E-07
5.5281E-07	-3.9091E-07	-1.2840E-06	-5.8391E-07
8.6277E-08	-5.2155E-07	8.1012E-07	-3.8045E-07
-1.5067E-07	-4.2118E-07	-3.6437E-07	1.3335E-06
-3.4058E-07	-2.5710E-07	-5.3194E-07	2.5520E-07
-2.3375E-07	4.3442E-08	7.4384E-07	1.2398E-06
-2.2965E-08	7.8438E-08	-4.3515E-07	-4.8174E-07
1.9856E-07	5.8286E-08	2.3748E-07	8.1322E-07
3.0437E-07	-9.7870E-08	-1.2532E-06	1.9532E-07
2.4980E-07	-1.9822E-07	-1.6298E-06	6.1784E-07
1.3442E-07	-3.5142E-07	2.7556E-07	3.3807E-07
-4.6975E-08	-3.6567E-07	1.9012E-06	1.9352E-06
-2.0774E-07	-2.2912E-07	1.9856E-06	-3.3399E-07
-1.8917E-07	-8.1545E-08	6.8542E-07	1.0288E-06
-9.7422E-08	1.9140E-08	4.3787E-07	3.9975E-07
3.7052E-08	5.8441E-08	6.1080E-07	8.8615E-07
9.7154E-08	-5.8734E-10	-4.3897E-07	6.9632E-07
6.9670E-08	-1.8793E-07	8.3215E-08	-6.2235E-07
-6.1481E-08	-2.3698E-07	1.4510E-06	1.4723E-06
-1.5493E-07	-2.0972E-07	2.5062E-06	-8.8724E-07
-2.5022E-07	-1.3323E-07	2.0574E-07	-1.7544E-07
-2.1566E-07	1.4376E-08	1.3792E-07	-1.8944E-07
-1.4280E-07	9.7197E-08	3.4848E-07	2.9129E-07
1.6697E-08	7.8046E-08	-2.0224E-07	5.0395E-07
6.5439E-08	4.8896E-08	1.2531E-06	1.5160E-07
7.4918E-08	-9.0790E-08	3.5089E-07	5.1230E-08
-3.2205E-08	-1.0327E-07	-5.3520E-07	-9.1690E-07
-1.0626E-07	-7.1233E-08	2.7946E-07	7.4926E-07
-1.9023E-07	-5.0421E-08	-1.1375E-06	1.3217E-06
-1.2117E-07	3.1684E-08	4.9387E-07	1.7302E-06
-1.1679E-07	1.3371E-07	8.3646E-07	-2.7160E-07
-1.2638E-07	1.4630E-07	1.2370E-06	5.4631E-07
-2.3458E-08	1.2369E-07	5.3838E-07	3.0222E-08
7.2679E-08	6.7616E-08	1.2591E-07	6.8944E-07
7.0638E-08	4.8434E-08	1.3334E-06	1.9623E-07
6.7119E-08	3.2668E-08	2.6973E-07	2.5706E-06
8.2378E-08	3.8110E-08	-5.8924E-07	5.2023E-07
6.2694E-08	3.7206E-08	-2.6277E-08	-9.0153E-07
6.7828E-08	7.8280E-08	9.2532E-08	-1.1315E-06
6.6391E-08	1.0119E-07	-4.0895E-08	-8.7679E-07
1.3522E-07	4.3032E-08	1.9412E-07	1.7133E-06
1.4484E-07	-2.1004E-08	8.3863E-07	1.1138E-06
1.1922E-07	-6.9739E-08	1.7736E-06	6.2164E-08
9.4897E-08	-1.2821E-07	7.2454E-07	1.3971E-06
1.6691E-08	-1.3346E-07	-2.4207E-07	2.0529E-06
5.8156E-09	-8.1500E-08	1.1943E-06	2.3329E-06
-4.9518E-08	1.3165E-08	1.2722E-06	-1.3638E-06
-2.6154E-08	1.1486E-08	4.1185E-09	-6.1634E-07
-1.8791E-09	2.5503E-08	-1.0838E-06	1.8872E-06
1.3838E-08	-1.8173E-08	-3.0135E-07	1.1059E-06
1.2400E-08	-2.5809E-08	-3.2256E-07	1.8522E-07
9.7980E-09	-2.7363E-08	1.8638E-09	7.1910E-07
4.6683E-08	-9.2553E-08	6.5597E-07	9.0755E-07
5.2291E-09	-9.1462E-08	4.1341E-07	-5.5433E-07
-6.5524E-08	-4.4835E-08	-6.6326E-08	3.4672E-07
-1.2769E-07	-6.7864E-09	1.7128E-06	6.8534E-07
-1.2078E-07	1.6997E-08	7.7715E-07	-3.6155E-07
-5.3459E-08	2.9705E-08	-2.8255E-07	1.6635E-07
-2.2286E-09	-1.1664E-08	-3.1404E-07	-1.0071E-07
4.4172E-08	-2.1740E-08	2.0429E-07	-1.8095E-07
1.3533E-08	-3.7765E-08	-3.9120E-07	-7.1698E-07
-2.9943E-08	-4.7514E-09	-1.3583E-06	4.0507E-07
-7.7709E-08	-9.8807E-08	-1.2706E-06	1.7767E-07
-1.2950E-07	-4.7150E-08	8.2810E-07	-8.5043E-07
-1.9811E-07	2.6067E-10	1.0783E-06	5.6098E-07
-1.4176E-07	9.9934E-09	3.8010E-07	1.5439E-06
-1.2555E-07	7.2984E-08	-4.9336E-07	7.1011E-07
-1.0230E-07	8.0782E-08	-3.3336E-07	1.5008E-06
-8.0598E-08	6.4112E-08	2.2405E-06	4.1845E-07
-9.7921E-08	5.4514E-08	-1.1017E-07	1.7221E-07
-7.9884E-08	7.0409E-08	1.4561E-07	1.5671E-06
-3.1159E-08	1.0330E-07	2.3090E-07	-3.2927E-07
-9.7149E-08	9.6250E-08	-1.5946E-06	-3.3918E-08
-5.0999E-08	1.5233E-07	1.5744E-06	1.9204E-06
1.0692E-09	8.5298E-08	-8.9068E-08	-7.5032E-08
-2.8967E-09	1.0349E-07	1.0147E-06	1.1094E-07
-3.3719E-08	5.4512E-10	-2.2369E-07	5.1225E-08
-1.0170E-07	5.2267E-08	8.5481E-07	3.6717E-08
-8.2609E-08	3.1925E-08	2.5020E-06	8.9938E-07
-1.0427E-07	5.5455E-08	5.7741E-07	-4.3509E-07
-6.3868E-08	7.5207E-08	-9.9150E-08	-9.1304E-07
-6.7409E-08	1.0253E-07	-3.0911E-07	2.6290E-07
-3.7694E-08	1.0479E-07	-3.9516E-07	8.4892E-07
3.4149E-08	1.1116E-07	-4.9209E-07	1.1055E-06
6.4864E-08	7.9116E-08	1.3687E-08	1.6240E-06
5.9864E-08	9.6958E-09	6.9259E-07	5.0928E-07
1.6012E-08	-3.1405E-08	-3.1749E-07	1.2428E-06
-2.8263E-08	-5.0914E-08	3.3366E-07	7.9787E-07
-1.1990E-07	-1.9297E-08	-9.2664E-07	2.0857E-06
-7.5189E-08	5.5684E-09	1.7040E-07	9.7202E-07
-8.7861E-08	6.3274E-08	-1.3858E-06	1.4017E-06
-4.7403E-08	1.0624E-07	1.3129E-06	1.5934E-06
-4.1233E-08	6.4882E-08	1.5843E-06	1.0545E-06
3.0644E-08	5.3087E-08	1.6331E-06	4.9335E-07
3.7788E-08	1.8566E-08	-8.3024E-07	1.7261E-06
1.0984E-08	-3.1585E-08	1.2000E-06	1.2256E-06
3.2917E-09	-7.6547E-08	8.0844E-07	-5.4644E-07
-2.9555E-08	-1.7374E-08	8.8263E-07	-1.0108E-07
-5.1382E-08	-5.6911E-08	1.2852E-06	7.2210E-07
-5.6488E-08	-2.0974E-08	1.2476E-06	4.0307E-07
-7.3384E-08	-1.9736E-08	-5.8685E-08	1.3465E-06
-9.9780E-08	6.3485E-08	-3.6903E-07	6.7462E-07
-7.0621E-08	1.8990E-08	1.4204E-06	5.8586E-07
-5.3247E-08	-1.4557E-08	4.4182E-07	2.9468E-07
-4.3221E-08	-3.0790E-08	1.2776E-06	6.1117E-07
-6.2419E-08	-3.0417E-08	1.1726E-06	-9.6669E-07
-6.7762E-08	-2.5048E-09	7.5157E-08	4.9858E-07
-5.5216E-08	-1.0642E-09	5.2749E-07	7.5258E-07
-8.0243E-08	4.9548E-08	9.5313E-07	1.2810E-06
-5.2325E-08	2.1264E-08	-1.4514E-06	7.9603E-08
-3.6773E-08	3.7054E-08	1.1625E-06	1.3917E-06
-3.5149E-08	-2.9550E-08	1.8566E-06	1.6680E-06
-3.6051E-08	1.4508E-08	5.5168E-08	8.8020E-07
-4.6498E-08	1.4019E-08	4.8415E-08	1.9358E-06
-4.6787E-08	1.1745E-10	1.8773E-06	-4.8974E-07
-7.8894E-08	3.5746E-09	1.2088E-06	7.1017E-07
-3.9618E-08	5.4397E-08	2.0041E-07	1.8805E-06
-7.7370E-08	4.6602E-08	6.4864E-07	1.3378E-06
-6.5360E-08	8.1836E-08	5.3841E-07	1.6834E-06
-1.5747E-08	2.5673E-08	2.1145E-06	1.2369E-06
-3.9004E-09	1.6979E-08	-1.1694E-06	7.3658E-07
3.4737E-08	-2.8599E-08	5.4967E-07	2.4867E-06
1.5111E-08	5.4790E-09	1.7993E-06	8.5970E-07
-9.0511E-09	-1.4585E-08	1.2939E-06	5.9935E-07
-3.4219E-08	-3.2162E-08	1.9039E-06	-6.5218E-07
-4.8716E-08	1.0340E-08	8.9432E-07	1.6660E-06
-2.8892E-08	-1.8458E-08	7.3051E-07	-6.5458E-07
-7.7722E-08	-1.8760E-09	1.9111E-06	1.4015E-06
-1.6933E-08	5.9231E-08	-5.4032E-07	1.7188E-06
-1.4493E-08	2.1640E-08	-2.5944E-07	9.1307E-07
-1.2622E-08	4.6025E-08	1.8287E-06	1.2209E-07
-3.9915E-09	1.0260E-08	-1.9607E-07	1.7366E-06
4.0297E-08	3.5065E-08	-1.2678E-07	-2.8917E-07
3.5409E-08	1.3780E-08	-4.5712E-07	1.1078E-06
-2.4566E-09	-3.7781E-08	1.4617E-06	2.6204E-06
-2.2524E-08	-4.7763E-08	-2.8222E-08	2.0482E-06
1.3095E-08	-2.1912E-08	3.8889E-07	1.4436E-06
1.6965E-08	-3.5575E-08	-2.2299E-07	2.0556E-06
-4.5499E-08	-5.4584E-08	7.3575E-07	1.6402E-06
-2.0868E-08	-1.7515E-08	1.0723E-06	3.3125E-07
-7.1444E-08	-2.3402E-08	8.8557E-07	6.5660E-07
-4.5301E-08	-2.0531E-08	3.7083E-07	4.2896E-07
-1.2510E-08	-1.2208E-08	1.2306E-06	5.8546E-07
-1.8221E-08	-3.8499E-08	-3.3010E-07	1.3783E-06
-2.9109E-08	-2.6028E-08	1.0432E-06	8.1526E-07
-6.8763E-08	-5.3172E-08	-5.3844E-07	2.7507E-07
-6.8986E-08	-3.8575E-08	1.1494E-06	2.4149E-06
-2.8959E-08	-3.2722E-08	1.5813E-07	1.9824E-06
-1.2045E-09	1.1790E-08	6.2363E-07	1.1707E-06
-1.1804E-08	-1.4394E-08	1.2886E-06	1.2678E-06
-2.9769E-08	-3.4840E-09	1.2837E-06	1.2270E-06
-1.3824E-08	-1.6547E-09	2.4564E-06	1.2967E-06
-5.7694E-08	2.4452E-09	7.2750E-07	1.8151E-06
-9.1773E-09	-9.1661E-09	4.8019E-07	2.1892E-06
7.1125E-09	-3.0176E-09	1.2468E-06	5.0907E-07
-1.0312E-08	-1.2420E-09	2.2010E-06	-1.3347E-06
3.0298E-09	-7.6867E-09	-2.8235E-07	1.2847E-07
-1.2703E-08	2.0683E-08	-4.9250E-07	5.5334E-07
5.6083E-09	6.3711E-09	1.4407E-06	1.2727E-06
1.2768E-08	-4.9229E-09	1.9916E-06	1.5969E-06
2.1491E-09	-8.6130E-09	-2.9942E-09	7.0750E-07
1.6789E-08	-3.5162E-08	-6.3174E-07	1.1385E-06
-2.4051E-08	-3.6575E-08	1.5418E-07	6.6985E-07
-3.8046E-08	-4.9104E-08	1.3273E-07	7.9937E-07
-8.1367E-08	2.9639E-09	4.8400E-07	2.5204E-07
-4.8028E-08	4.4420E-08	5.6602E-07	2.2952E-06
-1.3474E-08	1.5165E-08	1.1322E-06	1.8531E-06
1.6003E-09	3.2271E-08	-9.0224E-07	2.3788E-06
8.1812E-09	2.5746E-08	5.6406E-07	8.3305E-08
7.1053E-09	5.4019E-08	-2.8033E-07	9.8742E-07
8.1384E-08	3.1558E-08	1.1266E-06	1.6434E-07
3.0988E-08	-6.2101E-09	1.1467E-07	1.1584E-06
3.3720E-08	-3.0661E-08	1.2200E-06	1.3087E-06
-1.1736E-08	-4.8834E-08	1.1246E-06	1.2877E-06
2.8487E-08	-5.1657E-08	6.3220E-07	1.1006E-06
1.6746E-08	-2.2926E-08	1.8827E-06	9.3931E-07
3.4841E-08	-1.1138E-08	1.6118E-06	1.4091E-06
3.2064E-08	-1.6532E-08	1.1481E-06	9.9148E-07
1.1343E-08	3.1769E-08	-1.2722E-06	6.3328E-07
1.3795E-08	-3.1939E-08	8.4428E-07	5.2329E-07
2.7928E-08	-4.1559E-08	2.8983E-06	-1.0558E-07
5.9787E-08	-7.7023E-08	-8.9638E-07	1.1539E-06
5.4894E-08	-5.3590E-08	1.4861E-06	2.0131E-06
1.6589E-08	-4.2354E-08	1.6381E-06	-3.0004E-07
8.9687E-09	-2.5479E-08	4.2523E-07	2.5694E-06
1.1136E-09	-6.7614E-08	5.7992E-07	1.2788E-06
-4.0929E-08	-3.7659E-08	9.9914E-08	1.1822E-06
-2.9609E-08	-4.3507E-08	9.3627E-07	2.1094E-06
-5.3117E-08	3.3524E-08	9.0260E-07	6.1595E-07
-2.7101E-09	-2.0019E-08	1.0300E-07	1.0784E-06
3.6117E-08	3.6721E-09	1.9429E-06	-8.2971E-07
2.5371E-08	1.2367E-08	1.2449E-07	-1.6085E-06
5.9699E-08	9.3558E-09	1.4791E-06	3.1866E-07
6.3097E-09	8.7623E-09	4.6340E-07	-6.8791E-08
1.0409E-08	-2.1308E-08	1.2110E-06	5.9802E-07
6.5503E-09	-9.0757E-09	8.6273E-07	1.1512E-06
-1.6668E-08	2.0642E-08	3.9907E-09	2.8393E-06
3.1233E-08	4.1242E-08	1.5844E-06	4.6739E-07
2.1456E-08	7.5732E-09	8.4643E-07	-2.1163E-07
3.6883E-08	-1.9345E-09	5.9350E-07	8.3138E-07
3.3921E-08	-1.5364E-08	1.9118E-07	1.3225E-06
2.7754E-08	2.2341E-08	7.8560E-07	2.5306E-06
4.4134E-08	-4.8149E-09	5.0263E-07	1.3294E-06
-7.3991E-09	-1.9375E-08	-6.4353E-07	1.5091E-06
-2.8764E-08	-3.1862E-08	3.1452E-07	3.3238E-07
-2.3521E-08	1.1223E-08	1.7037E-06	8.4648E-07
-2.9991E-09	1.3280E-08	6.9554E-07	2.9682E-06
2.1009E-08	3.0652E-08	4.6011E-07	-1.5809E-06
1.9034E-08	3.2127E-08	-8.8445E-08	-2.0235E-07
3.8037E-08	4.9129E-08	1.4337E-06	1.5224E-06
1.0025E-07	2.0055E-09	8.6626E-07	-2.6330E-07
5.5933E-08	1.3682E-08	2.4721E-07	-7.0291E-07
5.1921E-08	6.8519E-09	5.5735E-09	1.1181E-06
6.6354E-08	2.2098E-08	3.2076E-07	4.4157E-07
3.6361E-08	4.8263E-08	1.3880E-06	2.9033E-07
4.8334E-08	-4.6624E-09	-4.0017E-07	1.6541E-07
6.8367E-08	2.1963E-08	2.7493E-06	1.7999E-06
9.1560E-08	-2.1233E-08	1.2484E-06	1.6231E-06
4.6721E-08	-1.6723E-08	1.9823E-06	2.1429E-06
5.6143E-08	-1.2986E-08	5.4218E-08	4.3054E-07
4.8141E-08	-3.1887E-08	-2.8136E-07	2.5593E-06
4.9025E-08	-2.0698E-08	8.0335E-07	1.0208E-07
1.9667E-08	-4.0266E-10	1.0590E-06	1.4178E-06
5.2075E-08	-2.4799E-08	-1.1245E-06	1.1728E-06
3.8354E-08	-4.1720E-08	1.4944E-06	1.0865E-06
-3.7815E-08	-9.0746E-09	6.4181E-07	-6.3781E-09
1.5158E-08	1.9625E-08	1.4004E-06	2.2445E-06
2.7685E-08	-3.7959E-09	1.4089E-06	8.0272E-07
9.7135E-08	-5.9166E-09	4.6479E-07	2.2340E-06
6.5280E-08	3.3412E-09	-2.1396E-07	5.7539E-07
5.8393E-08	1.9430E-08	1.4169E-06	1.1810E-07
1.9480E-08	6.7812E-08	5.0579E-07	1.1054E-06
6.2918E-08	-2.1205E-08	1.1514E-06	1.0817E-06
4.7350E-08	-2.5608E-08	1.1796E-06	4.2015E-07
1.4439E-08	2.5067E-08	-8.1651E-07	2.1846E-06
2.4544E-08	5.6672E-10	2.2757E-06	2.1844E-06
-2.2653E-10	7.3739E-09	2.8633E-06	2.4663E-06
4.9590E-08	1.1556E-08	-1.0118E-06	4.2207E-07
2.1078E-08	2.8490E-09	1.5691E-07	5.1728E-07
4.3669E-08	1.8278E-08	-4.5716E-08	1.4089E-06
2.7313E-08	3.8757E-08	1.2348E-06	-2.7390E-07
-1.7260E-08	2.8399E-08	8.9857E-07	1.1044E-06
3.5682E-08	2.8121E-08	8.1087E-08	9.1145E-07
1.3139E-08	4.9011E-08	6.8265E-09	6.7052E-07
8.8931E-09	2.5075E-09	1.7178E-06	1.3762E-07
5.7320E-08	5.0711E-08	-1.0069E-06	6.8464E-07
6.3336E-08	1.8375E-08	-1.0396E-06	2.5160E-06
8.0215E-09	3.1660E-08	4.2740E-07	1.8689E-06
4.9708E-08	4.1540E-08	4.7003E-07	1.1091E-06
4.6879E-08	4.3175E-08	3.5384E-07	1.1319E-06
6.6602E-08	3.0630E-08	1.0510E-07	1.2739E-06
5.1525E-08	6.8449E-08	2.5834E-06	9.1557E-07
6.9974E-08	2.2372E-08	1.8938E-07	-1.1042E-06
5.9664E-08	3.7709E-08	1.4049E-06	1.0609E-06
6.4774E-08	1.2298E-08	4.0724E-07	-1.0178E-07
5.1318E-08	1.6105E-09	1.3657E-06	1.7021E-06
5.5393E-08	-4.3487E-10	-8.5700E-07	-2.2749E-08
1.8320E-08	1.6575E-08	1.3333E-06	1.3280E-07
1.8846E-08	3.2771E-08	1.2415E-06	1.1255E-07
2.7873E-08	4.0272E-08	2.4135E-07	-1.4294E-08
4.2354E-08	2.1038E-08	2.3719E-06	-5.9600E-07
6.3930E-08	1.9056E-08	7.5294E-07	-9.9644E-07
5.3821E-08	4.6508E-08	4.3858E-07	6.6203E-07
1.8431E-08	2.1514E-08	1.0328E-06	3.4877E-07
4.6491E-08	2.0892E-08	-2.5046E-07	8.6940E-07
3.1104E-08	-1.5934E-08	2.2657E-07	8.0443E-07
7.9891E-08	1.0052E-08	1.6027E-06	-1.4212E-06
6.0004E-08	3.6592E-08	3.8345E-07	5.5728E-07
4.7367E-08	1.7730E-08	9.8191E-07	3.4954E-07
7.3044E-08	9.7717E-09	1.6743E-06	1.2891E-06
4.0361E-08	-1.5049E-08	1.0940E-06	6.1872E-08
4.2059E-08	2.7318E-08	8.9870E-07	2.5172E-07
-3.2871E-09	-1.5451E-09	6.8249E-07	6.1778E-07
4.2354E-08	-6.0607E-09	4.7524E-07	5.8605E-07
5.7513E-08	-2.5750E-10	8.3603E-07	2.2708E-06
-1.3664E-08	-5.0949E-09	4.6915E-07	8.5419E-07
1.2578E-08	5.5954E-08	-3.3112E-07	1.4809E-06
2.8017E-08	2.6383E-09	9.3206E-07	5.5426E-07
1.7834E-08	3.4523E-08	6.2045E-07	1.5679E-06
8.8134E-09	2.7234E-08	2.2740E-07	-2.8834E-07
3.4234E-08	8.0098E-09	2.7801E-07	2.1293E-06
2.8541E-09	-7.3292E-09	3.0940E-07	1.4101E-06
2.9633E-08	9.5886E-09	1.0949E-06	3.3900E-07
5.8005E-10	5.3148E-08	1.4165E-06	2.1625E-06
5.3861E-09	4.6244E-08	-3.1492E-07	6.2730E-07
1.2182E-08	5.0945E-08	7.9182E-07	1.6428E-06
6.9807E-08	5.6171E-09	4.8459E-07	-4.4318E-07
4.7138E-08	2.3772E-08	1.9777E-07	1.3926E-06
2.8975E-08	1.3817E-08	8.6402E-07	5.7721E-07
-8.0038E-09	3.1401E-08	-9.5101E-07	-5.7435E-07
2.3102E-08	6.6442E-08	-5.5394E-07	1.0782E-06
6.7610E-08	3.7122E-08	2.1850E-07	1.0658E-06
5.7546E-08	1.5111E-08	9.0741E-08	1.0249E-06
3.0037E-08	6.4471E-08	1.1486E-06	2.9449E-06
1.0712E-08	3.5200E-08	1.3958E-06	9.2346E-07
3.2598E-08	3.0426E-08	9.4890E-07	-2.5398E-07
4.7700E-08	1.1912E-08	3.4067E-07	4.3079E-07
-2.4138E-09	3.2713E-08	-5.9403E-07	5.6982E-07
2.1541E-08	2.9312E-08	-8.3897E-07	1.4090E-06
1.9204E-08	3.3056E-08	2.5386E-07	1.0778E-06
3.5121E-08	3.2227E-08	3.7889E-07	-2.8892E-07
9.8713E-09	2.1526E-08	1.7265E-06	-4.2943E-07
2.4873E-08	2.6706E-09	1.6006E-07	2.3889E-06
3.8860E-08	2.0227E-08	-7.5150E-07	-1.3249E-06
4.6263E-08	2.4821E-08	9.6319E-07	5.0792E-07
3.1143E-08	8.3555E-09	3.9550E-07	9.0338E-07
3.1467E-10	1.8119E-08	-1.2891E-07	-5.2922E-07
1.6575E-08	1.5214E-08	9.9215E-07	1.3032E-06
7.8247E-08	6.2447E-08	2.2047E-06	1.8545E-06
3.7305E-08	-3.9647E-09	6.7134E-07	9.1293E-07
1.3339E-08	3.8552E-08	2.5765E-06	1.7192E-06
2.5284E-08	4.1986E-09	1.0976E-06	8.8556E-07
1.7762E-08	-1.1645E-08	6.1217E-07	1.6705E-06
3.2495E-08	5.2811E-09	1.8161E-06	5.5687E-07
-2.2040E-09	1.7437E-08	2.3904E-07	2.2266E-06
4.1286E-08	-3.1875E-08	9.5717E-07	-1.2457E-07
2.8388E-08	3.4313E-08	8.0380E-07	1.9442E-06
1.3062E-08	4.5163E-10	1.1067E-06	1.8321E-06
-2.0598E-08	2.9057E-08	-4.8533E-07	1.2409E-07
-1.4130E-08	8.9396E-09	1.2119E-07	1.7770E-06
-8.5342E-09	3.4616E-08	5.8590E-07	3.5842E-07
7.1282E-09	4.0651E-09	2.6071E-06	1.5118E-07
4.9287E-08	2.5619E-08	7.3881E-07	2.1518E-06
1.2506E-09	-1.3339E-08	1.3460E-06	1.8116E-06
6.6868E-08	-6.3025E-09	-7.7624E-08	1.1744E-06
2.6043E-08	-5.4271E-09	1.4202E-06	1.6322E-06
1.7809E-08	3.3016E-08	-7.9735E-07	2.3419E-06
-4.4284E-09	4.7322E-08	1.3950E-06	2.0202E-06
1.8548E-08	3.1127E-08	-2.4189E-07	8.9319E-07
3.5442E-08	-4.5880E-09	1.2385E-06	3.8866E-07
-1.3997E-08	1.3869E-08	-1.8080E-07	1.7480E-06
4.9274E-09	2.6311E-08	9.3069E-07	-5.1057E-07
-5.0284E-10	3.0899E-08	3.4640E-07	3.8914E-07
1.5328E-08	2.5201E-08	2.5234E-07	1.0161E-06
2.6337E-08	-8.0432E-09	4.0204E-07	1.3365E-06
2.8954E-08	5.6369E-08	4.6004E-07	1.3716E-06
-1.3728E-08	3.4303E-08	3.4440E-08	9.7915E-07
1.7538E-08	3.8295E-08	8.3133E-07	1.4315E-06
2.9931E-08	1.1717E-08	1.7728E-07	-7.6824E-07
1.1173E-08	4.0547E-08	-1.1949E-07	1.7951E-06
-4.5326E-09	2.4780E-08	8.8850E-07	1.0279E-06
4.6283E-08	2.1638E-08	1.1293E-06	6.1534E-07
2.6029E-08	-1.4427E-08	1.3719E-06	1.5196E-06
1.1277E-08	2.0606E-08	-3.8119E-07	6.2781E-08
2.7670E-10	1.6231E-08	9.8834E-07	1.1928E-06
2.8337E-08	3.7669E-09	1.7030E-06	1.2028E-06
3.0974E-08	1.8057E-08	8.2738E-07	1.1260E-06
4.8670E-08	6.5768E-08	1.0701E-06	-3.7643E-07
-1.6367E-08	-2.4416E-08	2.1280E-06	1.7968E-06
-4.5901E-08	4.2127E-08	-1.6183E-06	-7.2984E-07
1.8911E-10	1.9017E-08	1.3989E-06	1.7627E-06
4.5901E-08	-2.8575E-09	5.3058E-07	8.7762E-07
-3.4155E-09	2.3871E-09	-2.8649E-07	7.8892E-07
1.2175E-08	1.6493E-08	9.9744E-07	-7.9260E-07
-1.8209E-08	-1.8698E-08	2.7269E-07	5.1352E-07
2.3690E-08	1.5451E-08	1.2534E-06	8.9937E-07
-3.6784E-08	-2.8799E-09	-6.2340E-07	5.6560E-07
2.9187E-08	-1.8620E-08	-6.5103E-07	-1.3682E-07
3.1148E-08	-7.6713E-09	1.4369E-07	2.9847E-07
2.8062E-08	3.0711E-08	1.8193E-06	1.9785E-06
5.6686E-09	3.9059E-09	2.4254E-07	7.9006E-07
5.2286E-08	2.7685E-08	-1.0815E-06	8.3160E-08
-1.9973E-08	-1.5556E-09	-5.2566E-07	1.3015E-06
2.0797E-08	2.6332E-08	-3.2305E-07	3.6910E-08
8.8060E-09	7.7274E-09	1.0534E-06	1.7530E-06
-1.3616E-08	2.4740E-08	1.5712E-06	6.1990E-07
-1.2533E-08	-3.1317E-09	2.5439E-07	2.4379E-07
9.9838E-11	-3.0143E-08	3.3005E-07	7.0530E-07
2.4170E-08	-2.6458E-09	1.4816E-06	-3.5305E-08
1.9367E-08	1.4906E-08	8.2275E-09	9.2965E-07
1.0294E-08	2.0848E-08	-1.9631E-09	6.0263E-07
-5.6868E-08	-2.8886E-09	2.8415E-07	2.5034E-07
1.0865E-08	1.0658E-08	1.2079E-06	-3.0248E-07
-1.9011E-08	4.2395E-08	8.9330E-08	1.3745E-06
3.6834E-10	2.9425E-08	1.0616E-06	2.4747E-06
1.5582E-08	2.6643E-08	1.5678E-06	-9.4499E-07
4.5807E-08	2.6232E-08	1.3556E-06	1.4516E-07
2.9677E-08	-1.1403E-08	1.1382E-06	6.2473E-07
3.6635E-08	-1.0447E-08	1.2587E-06	-1.5668E-07
5.3516E-09	-8.0197E-09	-2.6385E-07	5.7138E-07
2.3443E-09	-1.7326E-08	1.9771E-06	1.7631E-07
3.6867E-08	-2.3139E-08	5.8678E-07	5.5044E-07
-8.9650E-09	1.0553E-08	1.9896E-06	5.3680E-07
4.6962E-08	3.4936E-08	1.8545E-06	4.3179E-07
8.5822E-09	6.8164E-08	1.3149E-06	-4.5247E-07
-4.8003E-09	-1.8981E-08	-4.0443E-07	-7.6400E-07
3.0022E-08	1.5714E-08	7.7021E-07	7.6530E-07
9.9969E-09	1.1137E-09	1.2629E-07	-1.5253E-08
3.9284E-08	-2.1866E-08	1.9065E-06	-2.1025E-08
3.3563E-08	-1.6143E-08	-1.3439E-07	-3.5380E-07
3.6646E-08	-1.5194E-09	5.2677E-07	2.2487E-07
8.3147E-09	-5.7571E-09	2.6520E-07	1.0241E-06
2.8025E-08	2.0094E-08	1.7802E-07	2.3555E-06
3.1156E-08	3.2782E-08	1.4007E-06	1.9550E-07
9.2245E-09	1.9745E-08	5.9440E-07	2.4591E-07
4.7196E-08	1.8946E-08	1.1846E-06	9.8745E-07
-6.3940E-09	-6.9319E-10	1.1250E-06	4.7332E-08
1.1696E-08	-8.0161E-09	1.3071E-07	2.1328E-06
-2.9977E-09	-6.9719E-09	6.3237E-07	1.7947E-06
-2.7061E-08	1.8371E-08	5.5521E-07	2.4679E-06
-5.3214E-09	1.2401E-08	6.4330E-07	9.9604E-07
2.7414E-08	1.5487E-08	6.5826E-08	9.3557E-08
2.5907E-08	-7.1766E-09	9.1285E-07	1.0340E-07
1.3292E-08	-1.7218E-08	4.2946E-07	1.0502E-06
4.1723E-08	1.6772E-08	-1.3934E-06	2.1581E-06
1.7087E-08	-6.3488E-09	1.0087E-06	3.6154E-08
9.6723E-09	-9.1869E-10	-3.9980E-08	1.1747E-06
1.0609E-08	1.4395E-08	8.5747E-09	-4.4961E-07
-1.8121E-09	4.4840E-09	5.7760E-07	2.6050E-06
1.5479E-08	-3.1976E-08	1.4339E-06	-5.7809E-08
4.1049E-08	-2.8410E-08	-1.2793E-06	2.3775E-06
7.9802E-09	2.0816E-08	1.4605E-06	1.3486E-06
-1.3789E-08	8.4513E-09	2.4767E-07	1.1301E-06
-1.2818E-08	2.3610E-08	2.5176E-06	-2.0640E-06
4.7462E-09	-9.5789E-09	-8.2729E-08	2.4452E-06
2.2923E-08	3.2530E-08	1.7320E-07	1.1710E-06
3.0598E-08	-1.4847E-08	-1.0311E-06	1.3229E-06
-1.1156E-08	2.1776E-08	1.7755E-06	3.3399E-07
-3.9093E-09	1.3041E-08	1.9466E-07	2.5478E-07
-1.7434E-08	2.7388E-08	1.0633E-06	2.5387E-06
2.2821E-10	4.3907E-09	-1.6598E-06	1.3444E-06
8.4297E-09	-1.1517E-08	3.7995E-07	-6.9197E-07
2.0993E-09	-1.1354E-08	8.5641E-07	5.5481E-07
8.4601E-09	-4.2277E-09	7.3303E-08	3.2261E-06
1.7811E-08	-1.2033E-09	-3.6487E-07	5.6658E-07
4.9498E-09	1.6888E-08	-1.5669E-06	1.5391E-06
3.4913E-08	-5.4355E-09	1.7498E-06	1.2173E-06
-1.3224E-08	2.3582E-08	1.1155E-06	1.6087E-06
3.2845E-08	5.3317E-08	6.7936E-07	8.0868E-07
4.1841E-09	-8.4057E-09	-6.5423E-07	9.4361E-07
1.9372E-08	-1.1235E-09	7.7582E-07	1.3830E-06
1.4057E-08	2.2625E-08	1.5513E-06	2.2767E-06
3.4849E-08	2.2781E-08	1.6600E-06	1.0805E-06
-1.7757E-09	2.3531E-08	-3.3047E-07	7.2016E-07
1.0647E-09	2.6425E-08	7.3671E-07	1.4207E-06
3.1892E-08	1.3757E-08	1.6927E-06	-3.3446E-07
1.4409E-08	-1.1300E-08	-9.4743E-07	1.9337E-06
9.0655E-09	3.0760E-08	4.9607E-07	4.3602E-07
6.3140E-09	-1.3290E-08	-1.8435E-06	9.1903E-07
2.9194E-08	2.7798E-09	1.1141E-06	1.5686E-06
-5.9231E-09	1.7250E-09	1.6494E-06	4.2589E-07
2.1021E-08	1.3302E-08	8.3771E-07	-3.9484E-07
5.8182E-09	6.3579E-09	1.7552E-06	1.4355E-06
1.3729E-09	5.8537E-09	8.8993E-07	3.0947E-07
8.8625E-09	-1.3945E-08	3.5877E-07	4.4434E-07
9.0663E-09	1.7118E-08	-2.1380E-08	2.1189E-06
-9.9745E-09	5.3961E-09	6.8173E-07	1.7536E-06
1.2837E-08	9.1420E-09	8.6786E-08	2.0559E-06
2.9115E-09	-1.0474E-08	9.5483E-07	9.3642E-07
-5.0213E-09	2.9494E-08	-6.1429E-07	3.0870E-07
6.4364E-09	-6.0932E-09	5.0016E-07	-7.3764E-07
-9.6360E-09	1.1741E-08	1.6739E-06	1.2034E-06
1.7072E-08	4.1712E-09	1.4090E-06	8.2601E-07
9.1012E-09	4.6054E-08	-1.5808E-07	1.1905E-06
3.3836E-08	-1.4079E-09	-6.9558E-07	6.0691E-07
1.1126E-08	1.1291E-08	1.5362E-06	1.7426E-06
3.7668E-08	-2.7927E-08	-1.3571E-06	2.0654E-06
1.7123E-08	1.3988E-08	2.8156E-07	9.2967E-07
-5.2146E-09	8.8495E-09	1.0961E-06	5.4768E-07
3.4741E-08	-2.8556E-08	1.9332E-06	1.8501E-06
3.9011E-08	7.8580E-09	7.5209E-07	-3.1629E-07
2.1606E-08	-1.4098E-08	3.2635E-07	2.1494E-06
4.2452E-09	1.3135E-08	4.1371E-07	-4.3480E-08
2.2199E-08	8.1891E-09	-1.6988E-07	5.1629E-07
-2.7672E-08	3.2946E-08	1.6106E-06	5.2892E-07
-2.2523E-08	-2.4646E-08	-3.0200E-07	1.6811E-06
2.9861E-08	8.5422E-10	-9.2570E-07	1.1815E-06
5.0461E-09	9.6375E-09	9.8912E-07	1.7985E-06
3.1687E-09	-5.2217E-09	-4.9425E-07	1.6914E-06
3.2662E-08	-2.0688E-08	7.3922E-07	1.7538E-06
4.5990E-08	-1.1984E-09	2.0391E-06	-3.2637E-07
-1.2800E-08	-9.7324E-09	7.6085E-07	5.7039E-07
1.4691E-08	3.9992E-08	1.2209E-06	2.6750E-06
9.3920E-09	4.1804E-09	5.0843E-07	2.0893E-06
2.4610E-08	8.7150E-09	1.3958E-06	7.2696E-07
3.0944E-08	3.3214E-09	3.4885E-07	2.4672E-06
-1.4501E-09	4.5684E-09	5.7215E-08	2.2786E-07
2.2067E-09	1.2317E-08	1.1632E-06	1.5623E-06
-6.9657E-09	1.6993E-08	1.4263E-06	3.6844E-07
4.3819E-09	1.0230E-08	-3.7556E-07	-2.2110E-07
6.0470E-08	3.2386E-08	7.9559E-07	1.7648E-06
1.2483E-08	-7.9080E-09	5.5845E-07	2.1500E-06
-1.4341E-08	3.0261E-08	-6.5996E-08	9.9470E-07
4.9758E-08	2.5349E-08	2.4997E-07	9.7232E-07
4.9026E-09	4.0818E-09	1.5922E-06	1.7908E-06
2.0030E-08	1.2250E-08	1.2635E-06	1.2910E-06
-1.4663E-08	-4.8615E-10	2.1196E-06	3.2412E-06
-2.3527E-09	2.6900E-08	1.4148E-07	4.4689E-07
3.5127E-08	-1.1266E-10	1.0777E-06	1.1445E-06
-6.2357E-09	2.2657E-08	1.8900E-06	-1.6862E-07
1.8443E-08	-5.0668E-09	-2.4322E-07	2.3384E-06
9.1634E-09	2.4646E-08	2.1642E-06	8.1103E-07
9.9528E-09	8.4196E-09	6.6447E-07	7.0894E-07
1.9117E-08	3.1167E-08	4.8071E-07	5.0156E-07
-1.1366E-08	2.4059E-09	9.0699E-07	4.9603E-07
4.6295E-08	4.9554E-09	1.8932E-06	6.4044E-07
2.2796E-08	2.2866E-10	-9.7938E-07	1.3913E-06
-3.0574E-10	3.5456E-09	1.0481E-06	1.1223E-06
-2.0167E-08	2.8744E-09	3.8433E-07	-1.3698E-07
1.1629E-08	4.4132E-09	-1.2545E-07	-2.7031E-07
6.3839E-09	-1.0606E-08	6.7891E-07	2.2895E-06
-3.7998E-09	4.5314E-10	-8.6412E-07	-1.7984E-06
1.8329E-08	5.1518E-09	1.1741E-06	1.7130E-06
9.2391E-09	8.1843E-10	1.1691E-06	1.0374E-06
2.7565E-08	3.4201E-09	-2.8807E-07	1.9045E-06
3.9851E-09	-6.1190E-09	-4.2083E-07	1.1016E-06
3.4211E-08	-5.7107E-09	9.6815E-07	4.0472E-07
-8.6099E-09	-2.6454E-08	2.4257E-06	1.3589E-06
8.2090E-09	-1.3699E-08	1.0981E-06	7.1312E-07
3.7457E-08	-1.8899E-08	2.6125E-07	3.2497E-07
-1.9546E-08	2.4358E-08	7.3616E-07	2.1305E-06
-1.9384E-08	7.7007E-09	5.1554E-07	1.0906E-06
1.9270E-09	7.8637E-09	1.3865E-06	1.0301E-06
-3.2542E-08	2.7937E-08	-1.9294E-07	-6.1083E-07
-2.3955E-08	6.2347E-09	-2.9190E-07	1.5416E-06
4.8132E-08	6.7768E-08	1.5663E-06	9.7200E-07
2.8480E-08	5.5559E-10	-1.4706E-06	-7.4317E-08
-5.1867E-09	1.9688E-08	-4.3264E-07	2.5804E-06
-7.7419E-09	1.0796E-08	5.4705E-07	3.9232E-07
-2.7679E-10	1.6681E-08	2.1143E-06	-4.5239E-07
1.4848E-08	-1.1452E-08	1.7419E-06	1.5194E-06
3.0163E-08	-1.3347E-08	3.8464E-07	1.2300E-06
-1.4737E-08	3.9222E-08	5.9719E-07	1.1269E-06
-2.8280E-09	-2.3282E-08	1.1324E-06	6.7968E-07
-4.1921E-10	3.8857E-08	1.8094E-07	1.0376E-06
3.4628E-08	1.7940E-08	1.5863E-07	7.2202E-07
1.0749E-08	9.7022E-09	3.4162E-07	2.3906E-06
2.4382E-08	3.5811E-08	8.5544E-07	1.4459E-06
2.2659E-09	1.0829E-08	5.6309E-07	2.3049E-06
1.6845E-08	2.5771E-08	-6.8932E-07	1.4714E-06
2.8353E-08	2.0477E-08	9.3770E-07	2.6616E-06
-2.6604E-09	-6.1366E-09	1.0225E-06	1.5589E-06
2.1251E-08	4.8965E-09	1.2857E-06	1.4846E-06
4.9701E-08	4.9820E-09	2.0205E-07	3.7851E-07
-2.0357E-08	-2.3043E-08	-2.9476E-07	1.7546E-06
-1.6691E-08	3.7240E-08	-7.7452E-07	-4.7053E-07
1.2417E-08	9.2388E-09	5.8490E-07	1.8286E-07
1.8282E-09	3.0071E-08	1.8641E-06	1.6876E-06
-3.7753E-09	-7.5324E-09	2.8509E-06	9.7449E-07
-9.0495E-09	1.5295E-08	2.0939E-06	1.2651E-06
-3.0190E-09	1.9548E-08	5.1976E-07	-4.2613E-07
-1.3689E-08	-3.3586E-08	-2.8417E-08	1.7356E-07
-2.8941E-08	1.9050E-08	9.1577E-07	3.6405E-07
-5.5641E-10	7.5751E-08	4.0551E-07	8.2744E-07
2.3806E-09	-1.6678E-09	-6.6524E-08	2.2776E-06
1.8708E-08	2.3579E-08	2.2181E-06	3.4155E-07
1.7468E-08	-2.8766E-08	1.9125E-06	1.8563E-06
1.0797E-08	-1.1558E-08	2.2420E-07	3.4129E-08
2.1323E-08	2.0008E-08	1.9989E-06	1.7382E-06
-1.6235E-09	2.1438E-08	1.9996E-06	1.1998E-06
-1.7422E-08	-6.3163E-09	5.2157E-07	2.4660E-06
5.4294E-09	1.6394E-09	3.9311E-07	-4.6250E-07
1.8091E-09	-6.6243E-09	1.9170E-07	-6.5701E-07
-5.5637E-10	-7.0270E-09	6.7701E-07	1.5800E-07
3.5971E-08	-2.8058E-08	-9.3484E-07	7.7454E-07
-3.8917E-08	-8.0163E-09	3.5569E-07	2.8991E-07
5.7067E-08	-1.1162E-08	5.7346E-07	1.4486E-06
-1.7711E-08	-2.2551E-09	1.6800E-06	3.3958E-06
2.5026E-08	-5.3216E-09	3.9353E-08	1.1601E-06
3.2182E-08	1.3396E-09	9.4090E-07	1.4774E-06
1.9964E-08	2.5305E-08	9.1653E-07	7.8871E-07
1.5022E-08	8.7939E-09	-6.2593E-07	8.9699E-07
2.7758E-08	6.0942E-09	-5.2769E-07	-5.7206E-07
2.6830E-08	-1.5914E-08	7.3375E-07	1.4004E-06
2.4303E-10	-6.6433E-09	-1.3763E-07	1.5719E-06
1.0968E-09	-2.8094E-09	1.1309E-06	1.7292E-06
-4.2818E-08	2.2751E-08	1.2386E-06	1.9440E-06
-8.6861E-10	5.3464E-09	2.2917E-06	1.6210E-06
-4.4655E-09	-2.7557E-08	1.4137E-06	2.2453E-06
1.2437E-08	9.0691E-09	1.4139E-06	7.4410E-07
-9.3490E-09	-6.7790E-10	9.1461E-07	1.0532E-06
2.0168E-09	-9.0463E-09	8.3330E-08	2.9744E-07
-1.6109E-08	1.1435E-08	-2.5597E-07	1.0595E-06
1.0916E-08	2.1887E-08	1.4331E-06	1.4954E-06
2.5132E-09	2.8912E-08	1.5174E-06	-6.5272E-07
-1.5122E-08	1.5945E-08	8.3215E-07	7.1548E-07
-2.3670E-08	1.4364E-08	-4.8592E-07	-2.5883E-07
4.2402E-08	-4.7597E-09	-2.5055E-06	-1.2166E-06
1.4284E-08	-2.7971E-09	5.0013E-07	1.4154E-06
-5.0105E-09	2.6780E-08	1.2087E-06	9.2734E-07
-8.4439E-09	-9.6798E-09	-5.7832E-07	1.0901E-06
-5.6680E-09	-2.0082E-08	1.1368E-06	1.3187E-06
4.0443E-08	6.4206E-09	6.4834E-07	-9.6411E-07
-1.2500E-09	-7.4728E-09	7.1926E-07	1.1978E-06
3.5935E-08	1.5955E-08	-5.2145E-07	5.5231E-07
-3.5639E-10	-1.1842E-09	-1.3144E-06	7.6663E-07
1.4886E-08	-7.0268E-09	9.8521E-07	9.3918E-07
7.0465E-09	1.7104E-08	-6.8370E-08	5.3335E-07
-8.2208E-10	-1.2729E-08	-1.5173E-06	1.4362E-06
2.7026E-08	-2.7775E-08	-1.6569E-06	2.1231E-06
6.1436E-10	6.3701E-09	-6.8381E-07	1.3352E-06
1.4100E-08	1.2206E-08	-8.0044E-07	1.4484E-06
3.8097E-09	1.9949E-08	1.0444E-06	1.7525E-06
1.8893E-08	-1.8219E-08	1.2042E-06	1.1937E-06
4.1946E-08	2.2438E-08	1.3449E-06	5.2758E-07
-6.0059E-09	-2.9085E-10	1.7273E-06	1.0297E-06
9.7211E-09	5.5816E-08	1.0833E-07	2.3101E-06
2.8350E-09	-2.0758E-08	1.8552E-07	1.2907E-06
2.0030E-09	3.2687E-09	1.3227E-06	2.3713E-06
-1.9573E-08	1.4046E-08	2.0198E-07	2.1369E-06
-4.6441E-09	-9.3086E-10	-1.1574E-06	1.4074E-06
1.1562E-08	-2.0384E-08	-3.8336E-07	7.2376E-07
1.3720E-08	-2.1117E-08	-1.0402E-06	1.3446E-06
-8.4054E-09	8.9331E-09	-7.6322E-07	-2.4139E-07
1.1166E-08	-6.5497E-09	8.8875E-07	1.0870E-06
-3.3771E-08	-3.2229E-08	-1.5155E-07	1.6698E-07
1.1275E-08	5.1494E-09	-1.1551E-06	7.0549E-07
-4.6591E-09	2.7832E-09	-8.4044E-07	7.5263E-07
-1.6691E-08	1.0549E-08	2.0957E-06	8.4976E-07
1.4780E-08	-2.5876E-08	9.6228E-07	1.8115E-06
-6.4201E-09	-1.7463E-08	-6.4966E-07	-1.1738E-07
-2.2879E-08	4.5785E-08	1.1710E-06	5.0960E-07
-2.6199E-08	5.4553E-08	4.0572E-07	1.8986E-06
1.3240E-08	1.5289E-08	1.7711E-06	2.1073E-07
1.0745E-08	-1.2332E-08	-7.9463E-07	1.2901E-06
2.8007E-08	-1.2800E-08	1.1886E-06	1.4372E-07
-1.5900E-08	-3.8673E-08	5.0992E-07	1.4130E-06
2.8271E-08	-1.3297E-08	8.6295E-07	1.4907E-06
1.8915E-09	1.0121E-08	1.0860E-06	6.6293E-07
1.4727E-08	3.4269E-08	-1.3658E-07	6.7211E-07
-1.9324E-08	-4.9279E-09	4.0422E-07	1.3982E-06
-9.1369E-09	2.4346E-09	4.0951E-07	1.2036E-06
-1.1957E-08	-2.2871E-08	4.5691E-07	5.0599E-07
-1.7816E-08	4.7637E-08	-1.5545E-06	2.6622E-07
1.2513E-08	4.4942E-10	4.2704E-07	1.2203E-07
2.3190E-08	-8.0258E-10	-3.7062E-07	1.8811E-06
8.6810E-10	-1.3095E-09	1.5633E-06	1.4873E-06
9.1571E-09	-2.4796E-08	-1.0112E-06	2.0092E-06
6.6488E-09	3.1923E-08	-6.9348E-07	3.3467E-06
6.4111E-09	1.2085E-08	1.0305E-06	1.6274E-07
1.0152E-08	1.6204E-08	4.8502E-07	-3.3760E-07
-2.1210E-08	-1.8144E-08	6.6605E-07	1.6089E-06
8.6227E-10	-1.4546E-08	-4.3495E-07	1.7414E-06
-2.9325E-08	-4.4630E-09	2.7521E-07	1.5736E-06
-3.1031E-08	-7.6264E-09	-5.7853E-07	2.1377E-06
7.2911E-09	3.4605E-08	5.3878E-07	3.6553E-06
-2.2198E-08	3.8114E-08	-1.6633E-06	2.4405E-06
7.8707E-09	2.0845E-08	7.5305E-07	2.6539E-06
-2.6480E-09	2.9039E-08	-2.9514E-07	2.6467E-06
-5.1303E-09	-1.5649E-08	-2.4975E-07	1.2326E-06
2.8503E-09	-4.6171E-09	-7.6280E-07	-2.4111E-07
1.3260E-08	-1.9291E-08	3.0264E-07	2.7660E-06
7.8123E-09	3.9464E-09	1.4247E-07	7.3736E-07
8.2266E-09	-1.3137E-08	3.5736E-07	6.8288E-07
1.0810E-08	-1.5790E-08	1.3991E-06	1.8248E-06
-1.2898E-08	2.6116E-09	-2.3595E-07	1.6659E-06
-1.5792E-08	2.5495E-08	-2.5798E-07	9.4428E-07
1.9814E-08	-1.8148E-08	-3.9833E-07	3.4678E-07
1.9596E-08	-1.9243E-08	-5.2949E-07	2.1479E-06
2.3212E-08	1.9360E-08	1.2369E-07	1.3793E-06
9.6807E-09	5.3677E-09	-7.4773E-07	8.1291E-07
2.6087E-08	-3.6101E-09	3.0601E-07	1.2776E-06
-1.1648E-08	4.7130E-08	5.3629E-07	1.1206E-06
-5.4032E-09	-7.0624E-09	-5.9468E-07	8.4876E-07
6.4394E-09	-9.6618E-09	5.9169E-07	6.2185E-09
3.1962E-08	-2.2704E-08	6.7595E-07	1.3352E-06
2.0689E-08	3.7323E-08	6.7719E-07	1.0088E-06
7.5745E-09	-1.0799E-09	-1.6619E-06	-2.9455E-07
5.4796E-09	-2.7287E-08	6.1445E-07	7.1691E-07
-1.0807E-08	3.6492E-08	-2.1720E-06	2.9557E-07
3.6154E-08	-2.3793E-08	-1.0427E-06	1.8235E-07
-2.0727E-08	-1.1197E-08	-4.4084E-07	4.5236E-06
2.1891E-08	-3.5187E-08	-1.1235E-06	1.3265E-06
1.3753E-08	-8.2310E-09	-1.7266E-06	3.3368E-06
-1.2884E-08	-3.0355E-08	-1.5185E-06	1.9462E-06
-3.2914E-09	-2.4505E-08	5.1637E-07	2.3287E-06
4.6085E-08	2.3352E-08	1.2028E-07	1.6794E-06
-2.5349E-08	-1.6097E-08	-8.0514E-07	2.3129E-06
5.8012E-09	-1.0758E-08	2.4556E-07	1.9826E-06
-1.8876E-08	-9.0509E-09	7.8352E-07	1.8360E-06
2.4442E-08	1.4967E-08	-1.6171E-06	1.5909E-06
-8.6146E-09	-1.5920E-08	1.3297E-07	2.7013E-06
-1.2689E-08	1.2537E-08	1.4545E-06	1.0143E-06
1.2512E-08	1.4426E-08	1.5846E-07	1.2921E-07
1.4146E-08	4.2545E-09	1.1307E-06	1.5378E-06
9.9211E-09	8.4121E-09	-7.3457E-07	2.3538E-06
1.1921E-08	2.7518E-08	-7.2885E-07	1.0016E-06
1.4917E-08	7.4348E-09	-1.0464E-06	3.9685E-06
2.5849E-08	7.8229E-09	-1.2461E-06	2.3080E-06
1.6310E-08	-1.4162E-08	2.9358E-07	2.7475E-06
-2.1989E-08	-4.4166E-08	1.4257E-06	1.9985E-06
-1.5242E-08	4.1164E-08	1.3503E-06	1.8214E-06
1.8696E-08	1.0363E-08	6.2653E-07	1.1586E-06
-3.2079E-08	6.5203E-09	-8.1877E-08	4.1065E-06
6.0793E-09	4.6619E-09	-1.2769E-06	3.8196E-06
2.9540E-08	3.0018E-08	-8.8123E-07	1.6077E-06
1.5201E-08	4.2726E-08	4.6464E-07	1.4748E-06
1.7868E-08	-2.2821E-08	-1.4392E-07	2.1875E-06
1.2999E-08	-3.3073E-09	-2.8011E-07	2.4171E-06
1.6877E-08	9.8222E-09	-1.0555E-06	2.0477E-06
-4.7304E-09	8.6409E-10	-2.4469E-06	3.6584E-06
4.2439E-10	1.2926E-08	2.1321E-06	3.0290E-06
1.9629E-08	8.0322E-09	4.8420E-07	4.6653E-07
5.3442E-09	1.4990E-08	1.0748E-06	1.3854E-06
5.1477E-09	-6.6335E-09	1.9580E-06	5.6992E-07
2.5469E-08	-1.3624E-08	-8.4215E-07	9.7052E-07
-6.0769E-09	3.3693E-08	-3.2768E-08	-2.0259E-09
-8.7555E-09	-5.6008E-09	5.2425E-07	8.0884E-07
1.3524E-09	-6.2979E-10	-3.4092E-07	1.4972E-06
-6.9080E-09	-1.0929E-09	6.1789E-07	8.1206E-07
4.6937E-09	-1.8191E-09	3.8236E-08	1.2854E-06
-2.1692E-08	-1.2339E-08	-1.1548E-06	1.5936E-06
2.7144E-08	9.3771E-09	2.2300E-06	1.7406E-06
-2.9455E-08	7.4168E-09	-1.7440E-06	-1.1511E-07
-9.5543E-10	-1.0250E-09	-4.7331E-07	1.1894E-06
-1.3938E-08	-7.7862E-09	-1.6197E-06	1.2958E-06
-1.3945E-08	-1.4350E-11	6.6432E-07	9.8070E-07
7.8300E-09	-6.5563E-09	-4.4591E-07	3.1669E-06
-7.3008E-09	7.6174E-09	-1.0749E-06	9.4296E-07
-3.6487E-08	4.1997E-08	-2.6522E-06	9.3876E-07
5.8956E-10	1.2460E-08	-4.0751E-07	1.4713E-06
5.2993E-09	-2.3288E-08	-2.0398E-08	1.1995E-06
-4.6340E-08	-1.5393E-08	-2.8972E-07	1.0956E-06
2.0046E-08	8.8034E-09	-8.6919E-07	1.2509E-07
1.3532E-08	4.5775E-09	-6.8570E-07	4.9712E-07
-2.6925E-08	1.0862E-09	2.4619E-07	2.9442E-06
1.1564E-08	9.1403E-09	-2.0470E-07	2.3370E-06
-7.5299E-09	3.8815E-08	-4.1861E-07	1.3393E-06
1.7293E-08	7.1072E-09	-1.0183E-06	2.6024E-06
-4.8245E-09	5.0338E-08	-1.9381E-06	1.6911E-06
-2.1949E-09	-7.7034E-10	-2.0276E-06	2.3647E-06
-4.4399E-09	-2.9860E-10	2.3584E-07	2.9145E-06
4.9584E-09	2.0759E-08	-2.1874E-06	8.1232E-07
-3.2034E-08	-1.4811E-08	6.5358E-07	1.5410E-06
-1.5031E-08	-5.9515E-10	-1.5690E-06	1.5877E-06
1.2562E-08	-2.0591E-08	-1.0534E-06	2.0219E-06
1.7652E-08	-3.0540E-08	-1.5439E-06	1.2836E-06
-3.6980E-09	4.1233E-08	-2.7192E-06	1.3482E-06
-5.9029E-09	1.6892E-08	-4.1489E-07	2.3283E-06
-5.5609E-09	8.1944E-09	-2.0365E-06	2.7297E-06
5.1589E-08	1.4775E-08	-8.4499E-07	1.3269E-06
1.0720E-08	-4.9042E-09	-1.7265E-06	2.3637E-06
-5.7857E-08	-1.6176E-08	-1.8071E-06	2.1264E-06
8.6263E-09	1.0316E-08	-9.6183E-07	1.7957E-06
4.8736E-10	-1.2293E-08	-4.3886E-06	1.0934E-06
2.4352E-08	8.7212E-09	-6.4030E-07	1.9863E-06
-1.2111E-08	-2.4522E-08	-1.3179E-06	4.0599E-06
-8.0789E-09	-7.1700E-09	-2.1614E-06	3.6642E-06
4.1082E-08	-3.7902E-08	-1.5793E-06	1.5523E-06
-1.1089E-08	-2.7956E-08	-3.0145E-06	2.3491E-06
-3.0116E-08	1.2703E-08	-1.9027E-06	3.8277E-06
3.9467E-09	8.7658E-09	-3.1719E-06	4.4425E-06
-7.5606E-09	1.5751E-08	-3.5982E-06	2.9585E-06
1.0948E-08	5.7470E-09	-3.4370E-06	3.9673E-06
1.3354E-08	2.7851E-09	-2.3771E-06	4.1890E-06
1.3820E-08	-3.3252E-08	-4.1030E-06	4.6732E-06
1.3488E-08	-3.5603E-09	-2.1221E-06	3.8376E-06
-1.6180E-08	4.0178E-08	-3.3903E-06	4.4419E-06
1.8010E-08	2.1609E-08	-1.5769E-06	6.6725E-06
9.9150E-09	-1.1126E-08	-3.6805E-06	4.5797E-06
2.6859E-08	-1.2503E-08	-2.4650E-06	4.9580E-06
-4.1850E-08	-5.7722E-09	-2.3117E-06	3.7378E-06
2.8364E-08	1.6401E-08	-1.7836E-06	6.2176E-06
-3.9836E-08	-1.7065E-08	-3.1198E-06	4.3464E-06
-1.3171E-08	2.1983E-08	-4.1835E-06	7.4123E-06
-3.7467E-08	2.8621E-08	-1.2727E-06	6.9034E-06
1.3902E-08	-3.3025E-08	-8.5642E-07	5.8749E-06
-3.8868E-09	-2.7273E-08	-6.4732E-07	5.6689E-06
-3.0430E-08	5.9322E-09	-1.4362E-06	6.6321E-06
-3.1166E-09	-1.6427E-08	-9.6969E-07	5.9866E-06
9.4893E-09	7.0757E-09	-2.1207E-06	6.2180E-06
9.5819E-09	1.5444E-09	-3.4798E-06	6.9094E-06
7.6533E-09	-1.0970E-08	-5.5316E-07	7.9182E-06
6.6774E-09	5.7479E-09	-1.2111E-06	8.8786E-06
-2.6175E-08	-9.6399E-09	-3.2751E-06	7.5756E-06
1.3524E-08	-1.6451E-09	-1.3112E-06	8.5034E-06
-1.9600E-08	3.1574E-08	-1.2421E-06	6.7786E-06
9.1299E-09	1.3224E-10	-5.9348E-07	8.0199E-06
1.8500E-08	-2.7769E-08	-8.8414E-07	7.0149E-06
-7.3390E-09	2.7768E-08	-1.0974E-06	7.3686E-06
1.9823E-09	-1.2381E-09	-1.5631E-06	8.6482E-06
9.7139E-09	-1.5748E-08	-6.5875E-08	8.3301E-06
2.3313E-08	-1.1877E-08	-9.4376E-07	8.6717E-06
-1.7774E-08	-5.1296E-09	2.7389E-07	8.3739E-06
1.4402E-09	4.4010E-09	2.1148E-07	9.8796E-06
1.1397E-08	-1.5629E-08	-7.5595E-07	9.7793E-06
2.2107E-08	-1.1184E-08	-6.0504E-07	1.0604E-05
-5.6542E-09	-1.9940E-08	3.2100E-06	1.2009E-05
-7.5751E-09	-2.7593E-09	3.7625E-06	1.1467E-05
9.2868E-09	2.3643E-08	3.6782E-06	1.0621E-05
1.8054E-08	1.5378E-08	6.1089E-06	9.5947E-06
1.5811E-08	-1.7319E-08	6.0989E-06	1.0391E-05
-7.2475E-09	-1.7379E-08	6.6203E-06	1.0132E-05
8.0702E-09	-3.6067E-11	8.1405E-06	9.2976E-06
4.9818E-09	8.2351E-09	6.2175E-06	1.0096E-05
1.2539E-08	-9.3753E-09	7.9410E-06	7.6807E-06
-1.0359E-08	4.0714E-08	7.7673E-06	7.6958E-06
9.8830E-09	-2.7048E-08	7.8218E-06	7.1558E-06
5.7359E-09	1.0630E-08	9.6281E-06	5.4336E-06
4.7326E-09	4.0334E-08	9.6968E-06	3.4685E-06
-7.2466E-09	-1.9299E-10	5.5388E-06	3.4336E-06
5.0505E-09	4.1291E-09	7.1611E-06	1.5615E-06
-3.2831E-08	2.0664E-08	7.2050E-06	3.6066E-06
-1.2878E-08	1.1426E-08	5.0326E-06	3.1597E-06
-2.0634E-08	3.1653E-08	6.4957E-06	2.1409E-06
-3.3493E-09	-2.7788E-08	5.5288E-06	2.9715E-06
-5.7998E-09	2.8871E-08	4.6239E-06	1.0458E-06
-2.5601E-08	2.5523E-08	5.0416E-06	5.4641E-06
-3.9546E-08	-2.0021E-09	3.8227E-06	3.3992E-06
-9.3746E-09	2.0430E-08	3.4888E-06	3.7669E-06
-2.6008E-09	2.1511E-08	4.1910E-06	1.8162E-06
-2.3216E-08	7.7853E-09	5.3438E-06	3.0814E-06
-1.2020E-08	-1.3699E-08	3.1663E-06	4.7846E-06
-1.5065E-08	3.1580E-08	4.4204E-06	4.9462E-06
1.1258E-09	8.2481E-10	5.4119E-06	5.5311E-06
-4.3933E-08	-2.2698E-09	6.3280E-06	3.9727E-06
1.9869E-09	2.1029E-08	7.0297E-06	4.0773E-06
-7.5593E-09	1.0165E-08	7.3119E-06	3.3661E-06
8.8003E-09	-7.4195E-09	6.7156E-06	2.6704E-06
-1.4088E-08	-2.5815E-08	6.0783E-06	1.8817E-06
-2.6450E-08	9.3483E-09	5.8981E-06	7.9219E-07
2.7092E-08	-1.3808E-08	5.1182E-06	-8.3198E-07
6.8900E-09	2.1368E-08	4.4434E-06	1.1055E-06
1.7707E-08	-1.9420E-08	2.2929E-06	1.5045E-06
7.0464E-10	-8.3238E-09	1.9736E-06	3.2148E-06
-1.1942E-08	1.9016E-08	2.9291E-06	3.6733E-06
2.1632E-08	-8.3902E-09	3.8402E-06	3.5142E-06
-2.6523E-08	-2.1038E-08	4.7589E-06	4.7420E-06
2.1616E-09	-1.5094E-08	4.0172E-06	6.0866E-06
1.6306E-08	6.0450E-10	5.4490E-06	5.2752E-06
-5.8341E-09	-2.1792E-08	5.3741E-06	3.3224E-06
1.7428E-08	3.3011E-08	3.3454E-06	2.5140E-06
1.9216E-08	5.1495E-08	4.9970E-06	2.8481E-06
2.2629E-08	-1.2930E-08	3.0271E-06	3.0631E-06
-2.6593E-09	-1.3322E-08	4.2791E-06	4.0364E-06
1.2163E-08	-1.9023E-08	4.9432E-06	4.4227E-06
-2.5202E-08	-2.7968E-08	4.7729E-06	4.0072E-06
-5.6059E-08	1.1400E-08	5.7359E-06	3.1621E-06
1.3240E-08	-1.0592E-09	6.5764E-06	2.7978E-06
-1.4251E-08	-6.8301E-09	6.1264E-06	2.5020E-06
1.4155E-09	1.0906E-08	6.3760E-06	3.2986E-06
1.4344E-08	-1.0307E-09	4.4032E-06	1.1961E-06
-4.4815E-09	-1.4192E-09	6.5209E-06	-3.5639E-08
-1.3606E-08	1.9527E-08	2.4429E-06	-6.4807E-07
-3.6238E-08	-2.9647E-09	4.9305E-06	-5.0907E-08
-4.1644E-09	2.4709E-08	3.2425E-06	1.5063E-06
3.7788E-08	3.2614E-08	4.9941E-06	3.4656E-07
-3.1139E-08	-1.5174E-08	2.9368E-06	1.5299E-06
9.4616E-09	2.1959E-08	2.8395E-06	1.5480E-06
-3.7637E-08	-1.2624E-08	2.5490E-06	7.4452E-07
4.5409E-08	6.2176E-09	2.9100E-06	8.9982E-07
7.0362E-09	-3.5765E-08	1.7070E-06	1.0622E-06
-1.7390E-08	5.1616E-09	3.0607E-06	2.8945E-06
2.3990E-09	-7.7341E-09	2.9415E-06	1.3524E-06
1.0143E-08	-1.2835E-08	2.4299E-06	1.6280E-06
1.6317E-08	-1.4197E-08	2.3581E-06	3.9650E-06
-6.4749E-09	-1.2552E-08	1.6748E-06	2.5601E-06
-1.8613E-08	4.0634E-09	2.7695E-06	5.2675E-06
1.7616E-08	1.2686E-08	1.7664E-06	5.1781E-06
-3.1432E-08	-1.1552E-09	3.2578E-06	3.7110E-06
7.3191E-09	4.3210E-08	3.6335E-06	6.9831E-06
-3.1468E-08	-4.3340E-09	5.0596E-06	6.8650E-06
-7.9274E-09	-1.7750E-08	7.8470E-06	3.5354E-06
1.2502E-08	-1.9785E-08	6.8447E-06	2.7557E-06
-4.5086E-09	1.2007E-08	8.8554E-06	2.9959E-06
-1.5631E-08	7.3753E-09	9.0035E-06	1.4524E-06
3.1371E-08	-1.9770E-08	7.1997E-06	9.9271E-07
-2.0699E-08	1.4590E-08	5.6847E-06	8.7327E-07
-3.3399E-09	-7.5249E-09	5.0832E-06	3.7709E-07
5.5314E-09	3.4666E-08	4.9739E-06	-9.9913E-07
9.3983E-09	-1.5589E-08	5.6934E-06	-1.2812E-06
-2.5035E-08	1.6999E-09	5.1007E-06	7.8135E-07
8.2757E-09	1.4079E-09	3.2300E-06	1.6166E-06
3.1874E-08	-1.3444E-08	3.9988E-06	2.4108E-06
-2.4043E-08	-7.1453E-09	5.0268E-06	3.0585E-06
4.6172E-08	-2.2927E-08	4.5030E-06	1.7720E-06
5.4488E-09	1.3958E-08	3.5232E-06	9.8754E-07
-1.1518E-08	2.2079E-08	3.9793E-06	4.2161E-06
2.0823E-08	-9.7930E-09	5.7379E-06	1.2510E-06
-6.2318E-09	4.4906E-09	4.7824E-06	2.4514E-06
-1.8098E-08	7.7352E-09	5.3302E-06	6.7759E-07
-6.5284E-09	-1.2672E-08	5.7326E-06	1.3099E-06
3.5581E-09	-1.0299E-08	4.1728E-06	5.8513E-07
3.0442E-08	-1.5017E-08	3.6803E-06	4.5858E-07
1.8854E-09	7.5880E-09	5.7731E-06	2.1953E-06
-1.2227E-08	2.6863E-08	5.1146E-06	2.7759E-06
-3.1877E-08	6.3475E-10	5.0871E-06	-8.4947E-08
-3.5705E-08	1.3609E-08	3.7491E-06	3.2733E-07
4.1679E-09	1.2304E-08	6.2640E-06	-2.3731E-07
1.5409E-08	4.1016E-09	4.8430E-06	1.8743E-06
-3.0947E-08	1.6498E-08	4.3951E-06	-5.8767E-07
-1.3325E-08	3.0367E-09	3.8782E-06	1.2422E-06
-2.6216E-08	-2.2365E-08	4.7105E-06	5.1206E-07
9.2797E-09	-1.9149E-10	2.4033E-06	-1.9604E-07
1.3337E-08	1.1680E-08	4.2624E-06	2.2918E-07
-3.5027E-09	8.1991E-09	3.5369E-06	-1.3074E-06
-2.9263E-09	-4.8450E-10	4.0156E-06	1.1229E-06
-1.7120E-08	-1.4695E-08	4.0414E-06	-1.1242E-06
-2.6947E-08	4.4988E-09	6.0141E-06	4.3019E-07
-2.9719E-08	-2.0179E-08	1.8952E-06	7.3201E-07
2.0642E-08	2.5396E-08	6.0844E-06	2.5050E-07
-6.0223E-10	7.6475E-09	4.1099E-06	-8.3405E-07
3.7633E-08	-1.8198E-08	2.9394E-06	-1.7319E-06
-2.8007E-08	5.7175E-10	1.1510E-06	2.7237E-07
1.4427E-08	2.1519E-08	2.6263E-06	1.3150E-06
5.4362E-09	1.1293E-09	2.8329E-06	9.2605E-07
-5.4898E-09	-1.4504E-08	1.8686E-06	3.2979E-06
9.6262E-09	1.2959E-08	1.5210E-06	1.6665E-06
-3.9109E-08	2.9076E-10	2.1420E-06	1.3773E-06
2.6646E-08	-1.1973E-08	2.8781E-06	1.1347E-06
2.8649E-09	-1.2673E-08	2.7721E-06	2.4520E-06
-5.2370E-09	-2.0283E-08	2.2531E-06	1.9824E-06
-2.4112E-08	1.1168E-08	1.1204E-06	1.0008E-06
1.2894E-08	1.1469E-08	2.1931E-06	1.3242E-06
-3.9209E-08	2.4597E-08	2.0406E-06	3.0573E-06
1.3875E-08	1.8104E-08	2.9190E-06	2.7445E-06
3.5464E-08	-2.3067E-08	3.1904E-06	3.1792E-06
1.2117E-08	2.9547E-09	4.9385E-06	2.3104E-06
-8.2702E-09	-6.3094E-09	3.6878E-06	2.6235E-06
-9.1176E-09	-8.0379E-09	5.1785E-06	1.7119E-06
1.7803E-09	1.3729E-08	2.0582E-06	5.3516E-07
1.0586E-08	1.0366E-08	2.3147E-06	2.7141E-06
-1.1024E-08	2.3767E-08	3.4418E-06	4.3268E-06
-1.0078E-08	1.9943E-08	3.6617E-06	4.8516E-06
1.7022E-08	4.1304E-09	5.1069E-06	5.1090E-06
-2.1766E-08	-3.6938E-09	7.2596E-06	4.1595E-06
1.5792E-08	6.7929E-09	6.9002E-06	3.0950E-06
1.0036E-08	1.4904E-08	6.0681E-06	1.4070E-06
-5.9517E-09	-5.6841E-08	6.4808E-06	7.0493E-07
-2.3981E-08	3.4510E-08	6.2168E-06	-5.6986E-07
-1.7714E-08	4.2662E-08	4.0060E-06	-1.1964E-06
2.6360E-08	-2.4408E-08	4.3142E-06	-1.0616E-06
3.2809E-09	-4.1726E-08	4.5472E-06	1.1463E-06
-3.0215E-09	-5.0120E-09	2.7569E-06	5.9601E-07
7.8437E-09	-3.3532E-08	3.5866E-06	6.2517E-07
3.3265E-08	1.2573E-08	3.3333E-06	1.1374E-06
-1.9266E-08	2.3430E-08	4.1033E-06	9.9562E-07
2.6853E-08	8.4341E-09	4.1582E-06	1.6207E-06
-5.6066E-09	-1.9540E-08	3.5362E-06	1.0546E-06
4.0468E-08	6.8970E-09	4.4231E-06	-8.9710E-07
7.2481E-09	7.2623E-09	4.2246E-06	-1.2871E-07
3.5813E-09	-1.5245E-08	4.8778E-06	3.0346E-07
-1.2030E-08	-3.7719E-08	3.0412E-06	-6.3153E-07
1.0051E-08	3.4880E-09	1.8292E-06	6.4433E-08
4.7533E-08	-1.7328E-08	1.4890E-06	-6.1412E-07
-8.6908E-09	-7.5328E-09	2.3491E-06	2.0425E-06
-9.9951E-09	-1.2455E-09	3.3985E-06	2.1238E-07
3.5151E-08	-1.6531E-08	3.9077E-06	4.7536E-07
-5.4401E-09	1.1961E-08	2.8337E-06	2.4414E-06
-4.8300E-08	-1.9802E-08	2.2706E-06	1.5129E-06
3.7512E-09	-2.1461E-08	3.1431E-06	1.7968E-06
5.8242E-09	2.1079E-08	2.4460E-06	8.9166E-07
1.6447E-08	-1.6593E-08	1.9869E-06	1.7524E-06
-3.6509E-08	-1.4804E-08	1.1706E-06	8.3208E-07
7.3759E-10	-2.5785E-08	3.1059E-06	3.7712E-07
4.7727E-09	-4.0055E-08	2.6916E-06	1.6743E-06
-3.8100E-08	3.9852E-09	3.2199E-06	1.5334E-06
6.3292E-09	2.8019E-08	1.9570E-06	2.3899E-06
-7.5471E-09	-1.2144E-08	2.5007E-06	1.0137E-06
-1.6697E-08	-1.8822E-08	1.6023E-06	1.9935E-06
-9.8448E-10	8.6202E-09	3.4363E-06	2.8350E-06
2.7869E-08	3.4754E-08	3.3432E-06	2.0566E-06
2.3681E-08	1.3218E-08	2.8661E-06	1.8194E-06
-1.7922E-08	8.0952E-09	3.4219E-06	1.6553E-06
9.9294E-09	-2.4826E-08	3.1822E-06	2.8469E-06
-1.6913E-08	-2.3935E-08	5.4799E-06	3.4124E-06
-1.0207E-08	-1.0442E-08	3.2524E-06	2.4785E-06
6.0538E-09	5.9819E-09	2.4732E-06	3.3006E-06
2.2080E-08	3.9751E-09	3.2949E-06	4.9490E-06
-4.8327E-09	-8.6673E-09	3.3984E-06	3.2226E-06
9.1711E-09	3.7333E-08	3.2460E-06	2.9807E-06
-9.3205E-09	-4.2911E-08	2.7645E-06	5.4998E-06
-1.5974E-08	-3.3530E-08	3.9025E-06	4.0322E-06
2.4494E-08	1.2685E-08	4.4166E-06	3.9589E-06
-4.0533E-08	3.0781E-08	4.1900E-06	4.5526E-06
-1.7484E-08	-9.5742E-09	5.2582E-06	4.7620E-06
-7.4387E-09	8.8679E-09	4.7659E-06	4.6346E-06
2.1969E-08	-4.3365E-09	4.4548E-06	3.8124E-06
1.2471E-08	-2.1246E-09	7.6944E-06	4.4984E-06
7.8787E-09	-3.3062E-08	5.1262E-06	4.7261E-06
3.0968E-08	-1.4161E-08	5.8080E-06	7.7722E-06
-1.8716E-08	2.9108E-08	7.9152E-06	6.2311E-06
3.7486E-08	3.1708E-09	9.6402E-06	7.3836E-06
-5.2993E-09	-2.9032E-08	1.1978E-05	5.8925E-06
7.3992E-09	2.4466E-08	1.3138E-05	1.6231E-06
3.2841E-08	-3.6653E-08	1.2837E-05	-1.5757E-06
-2.9388E-08	-1.9231E-08	1.2399E-05	-2.3490E-06
-3.7381E-08	2.3354E-08	9.3050E-06	-3.7022E-06
-8.6271E-09	8.1039E-09	7.2349E-06	-8.1212E-07
-9.8509E-09	3.1629E-09	7.5244E-06	-1.0985E-06
-4.0321E-08	2.2687E-08	6.9254E-06	-3.3943E-06
-1.6798E-08	1.7743E-08	7.5451E-06	-4.2097E-06
2.1055E-08	-1.6868E-08	6.3670E-06	-3.0133E-06
-2.3174E-08	-3.2088E-08	7.5644E-06	-3.1744E-06
-7.1941E-10	-3.3246E-08	6.7128E-06	-3.5400E-06
3.5566E-08	-2.6558E-08	4.4005E-06	-3.0718E-06
3.5347E-08	1.6918E-08	4.7647E-06	-3.3361E-06
-3.6386E-09	-3.7047E-08	4.1156E-06	-2.8612E-06
2.5429E-08	-4.0801E-08	4.7289E-06	-2.0758E-06
-1.1311E-09	-2.3423E-08	2.2464E-06	-1.8198E-06
2.8550E-08	5.6051E-09	4.6466E-06	-3.4909E-06
-2.5309E-08	5.1813E-09	2.6865E-06	-1.9900E-06
-3.9269E-08	-2.0976E-08	3.1422E-06	-3.4223E-06
-6.4090E-09	6.6974E-09	4.2944E-06	-1.2206E-06
-1.1009E-09	2.4554E-08	4.3139E-06	-1.7864E-06
1.2532E-08	2.9495E-08	4.7076E-06	-9.1051E-07
2.3260E-08	-1.7798E-08	4.2367E-06	-9.6829E-07
9.4377E-09	3.6854E-08	5.0128E-06	-1.5560E-06
2.4621E-08	1.1411E-08	3.5541E-06	9.1218E-07
-1.3941E-08	-2.0277E-10	5.8530E-06	-9.7300E-07
5.3146E-09	1.2881E-08	5.2003E-06	-1.1595E-06
3.7898E-08	2.0559E-08	4.9358E-06	-9.3032E-07
1.2590E-08	-8.7675E-09	6.6331E-06	-1.3481E-06
-4.0059E-08	2.2074E-08	6.3090E-06	5.1636E-07
2.8735E-08	2.7323E-08	5.7288E-06	-2.1453E-06
9.7106E-10	2.0391E-08	7.2341E-06	-1.0928E-06
-7.0524E-09	-1.0017E-08	6.2151E-06	-1.9239E-06
-4.2224E-08	8.9700E-09	6.2366E-06	-3.1583E-06
-2.0419E-08	-8.1057E-09	6.2992E-06	-3.2798E-06
-1.2078E-08	4.0957E-09	5.7530E-06	-2.6292E-06
-7.4832E-08	-3.0063E-09	5.4359E-06	-3.3536E-06
1.2747E-08	1.1168E-08	4.8806E-06	-4.1090E-06
-9.1684E-09	-2.8173E-09	6.8917E-06	-3.0667E-06
1.2266E-08	-1.8196E-08	5.1082E-06	-3.7757E-06
6.9922E-09	-4.2794E-08	5.9177E-06	-5.1895E-06
1.3010E-08	7.6419E-09	4.0419E-06	-6.9426E-06
2.3235E-08	-4.3058E-09	2.4266E-06	-7.0285E-06
3.3823E-08	9.0803E-09	4.2137E-07	-6.2286E-06
1.2040E-08	2.7189E-08	-3.5773E-06	-4.2544E-06
7.6203E-10	-4.0845E-08	-5.3680E-06	2.4368E-07
-2.5344E-08	5.0485E-08	-1.4978E-06	5.3940E-06
-4.3994E-08	1.8861E-08	4.9680E-06	2.1200E-06
-4.0971E-08	-2.2087E-08	6.3748E-06	-5.0910E-06
-2.7294E-08	-2.3510E-08	-1.8844E-07	-8.2611E-06
6.0661E-09	2.0396E-08	-1.7640E-06	-1.7916E-06
-5.3304E-09	-9.5875E-09	-2.1550E-06	2.1700E-06
-4.9490E-09	-1.1918E-08	-9.4856E-07	4.4126E-06
1.4764E-09	-1.3845E-08	3.6607E-06	4.9176E-06
2.4933E-08	2.2097E-08	6.8728E-06	4.1864E-06
1.1867E-08	1.9480E-09	9.1191E-06	1.6153E-06
1.7735E-08	2.3655E-08	1.0513E-05	-3.3692E-06
-2.2503E-08	-2.6058E-08	6.6127E-06	-5.5665E-06
-2.5805E-08	-2.3328E-08	4.4803E-06	-7.1808E-06
7.3711E-09	1.7494E-09	2.7107E-06	-4.1869E-06
3.8377E-09	-8.2672E-09	1.8601E-06	-5.0137E-06
8.4338E-10	1.3863E-08	1.3864E-06	-2.6727E-06
4.0815E-09	3.7722E-08	1.2037E-06	-3.1654E-06
1.7356E-08	1.4312E-08	1.9626E-06	-2.3494E-06
-3.8993E-08	2.1650E-08	3.1612E-07	-2.6959E-06
1.0176E-08	-3.0075E-09	1.8018E-06	-2.6823E-06
-1.5829E-08	-8.2349E-09	1.6792E-06	-1.7442E-06
1.5281E-08	-5.2429E-09	1.2369E-07	-1.0853E-06
2.6061E-08	-2.7073E-08	2.8888E-06	-6.7645E-07
-2.0540E-08	-5.7431E-09	-2.0779E-07	-1.0192E-06
-1.3733E-08	8.1415E-09	-8.7859E-07	-6.3000E-07
5.9828E-09	-9.5185E-09	2.3490E-06	9.0030E-07
2.7782E-08	6.4836E-09	6.5512E-08	2.6415E-07
-2.8982E-08	4.5282E-09	7.2406E-07	-2.0167E-07
1.1169E-08	1.4655E-08	1.6888E-06	5.2205E-08
2.0714E-08	4.0185E-09	4.4484E-07	-4.2561E-07
-5.5763E-09	-5.9274E-09	1.7432E-06	8.5219E-07
-3.7013E-08	2.2205E-08	5.8069E-07	5.0890E-07
1.8504E-08	-3.6696E-08	2.3462E-06	-2.1487E-07
-2.8460E-09	-2.3134E-08	1.7319E-06	-9.0641E-07
-4.6760E-09	1.2211E-08	2.4757E-06	-6.2743E-07
-2.0662E-10	4.8825E-09	2.7178E-06	-1.0601E-07
-5.3675E-09	-1.7094E-08	3.0495E-06	2.0853E-07
4.5542E-08	2.4896E-08	2.8746E-06	-1.8419E-07
-1.9350E-08	1.7124E-08	3.8104E-06	-2.5767E-07
2.5011E-08	-1.4014E-08	1.5194E-06	3.2353E-07
1.3070E-08	-1.2861E-08	3.2627E-06	1.0774E-07
-1.7452E-08	1.7454E-08	1.7953E-06	-1.8466E-07
-1.4230E-08	-5.3414E-09	8.3707E-07	3.9061E-07
-3.2016E-10	3.2838E-10	2.8825E-06	1.0549E-06
-2.0088E-08	7.6004E-09	2.0078E-06	2.2417E-07
-2.6819E-08	-2.4718E-08	2.0091E-06	-1.1283E-06
-1.3705E-08	-5.1151E-08	1.8439E-06	-1.0980E-06
-2.3438E-08	-4.8049E-09	1.3314E-06	-7.1245E-07
-8.9490E-09	-1.5541E-08	3.0386E-06	1.8189E-06
2.6059E-09	9.6404E-09	1.4851E-06	-1.4116E-06
2.9800E-08	9.0966E-09	1.9618E-06	1.4227E-06
1.3488E-08	1.9593E-08	1.7514E-06	-1.1577E-07
-1.8805E-08	-4.4233E-09	1.7926E-06	8.2162E-07
-1.1514E-08	-4.2372E-08	2.5484E-06	2.6393E-07
-5.0197E-08	2.6691E-08	1.5816E-06	-8.8716E-07
1.8390E-09	-1.0066E-08	1.0418E-06	3.3072E-07
1.6248E-08	-1.3089E-08	2.4697E-06	-8.3818E-07
-9.4661E-09	2.8615E-08	1.3696E-06	-1.7618E-06
-7.8718E-09	1.0951E-08	2.4858E-06	-7.9378E-07
-2.4180E-08	1.5809E-08	2.0840E-06	-1.5570E-06
-3.1429E-08	-3.9566E-08	1.8377E-06	-1.2720E-07
4.8727E-08	-1.7617E-09	1.9551E-06	-4.0291E-07
-2.0166E-08	-1.1809E-08	1.5748E-06	2.0073E-07
-3.1380E-09	-1.8969E-08	3.1597E-06	6.9752E-07
5.0305E-10	1.1550E-08	2.7041E-06	-2.9181E-07
-1.9661E-08	1.3204E-08	2.1165E-06	-2.0478E-07
-2.9702E-08	-1.1502E-08	5.1859E-07	1.5719E-07
1.0067E-09	1.5297E-08	3.7982E-06	-2.3375E-06
-1.0568E-09	-9.4816E-09	1.4335E-06	-7.1020E-07
9.6718E-09	9.4042E-09	3.3410E-06	-7.6370E-07
1.0035E-09	3.2213E-09	2.4708E-06	-8.9229E-08
3.2568E-08	2.4011E-08	2.5670E-06	-6.8123E-07
-1.3242E-09	1.1973E-08	6.0306E-07	2.9655E-07
4.7632E-09	-2.9270E-08	1.6242E-06	1.7171E-06
-1.8816E-08	2.3769E-08	1.1357E-06	-2.7772E-07
1.8346E-08	3.2193E-08	1.4778E-06	-6.7416E-07
-2.2924E-08	-2.3003E-08	1.3463E-06	7.8771E-07
4.2347E-09	-6.1859E-09	1.7194E-06	-3.3554E-07
-1.6082E-08	-3.3419E-08	2.8662E-06	-1.1544E-07
3.3524E-08	-1.4884E-08	2.2094E-06	5.3521E-07
-4.2889E-08	9.4083E-09	1.5494E-06	8.4468E-07
-4.4401E-08	2.6978E-08	3.0015E-06	-7.9561E-08
-7.5430E-09	9.4300E-09	2.1001E-06	-9.2592E-07
-4.4299E-09	-1.4061E-08	1.4314E-06	1.0153E-06
-1.3601E-08	-2.4530E-08	2.0919E-06	-2.9578E-07
7.8864E-09	-3.4546E-08	2.5279E-06	2.7868E-06
-1.8561E-08	1.1758E-09	1.2736E-06	6.5588E-07
4.2776E-08	-1.3422E-08	1.8045E-06	-2.0231E-07
1.5941E-08	5.7249E-09	5.3922E-07	3.1174E-07
1.9159E-08	-6.5170E-09	2.5065E-06	5.8429E-07
-7.3483E-09	-1.0930E-08	2.3952E-06	9.5857E-08
-6.9499E-09	1.5266E-09	2.5096E-06	1.3191E-06
8.3271E-09	3.1957E-08	2.2445E-06	-7.1940E-08
9.0391E-09	-4.5819E-08	1.8934E-06	-7.1093E-07
2.5123E-08	2.0461E-08	3.1581E-06	-9.3233E-08
-1.2200E-08	3.2753E-08	2.8263E-06	2.0684E-06
2.4069E-08	-4.0956E-08	2.3187E-06	-2.4776E-07
2.3426E-08	-2.3215E-08	1.5555E-06	5.9721E-07
1.3380E-08	-2.6491E-08	2.4365E-06	-8.5901E-07
2.0906E-08	3.4033E-09	1.8689E-06	-3.8012E-07
9.2305E-09	4.2539E-10	3.5813E-06	-8.0022E-08
2.4946E-08	7.8937E-09	1.7419E-06	6.0511E-07
-9.2806E-09	-1.8749E-10	2.2702E-06	5.8821E-07
1.1986E-08	1.3535E-08	-2.4880E-07	-5.8461E-07
1.4808E-08	1.6127E-08	2.5043E-06	1.2726E-06
-3.1612E-08	-7.8287E-09	2.4862E-06	1.7138E-06
3.1765E-08	-1.4926E-08	2.6066E-06	8.5693E-07
6.4076E-11	-3.4071E-09	2.1891E-06	4.6376E-07
2.2859E-08	1.7968E-09	3.6426E-06	3.3693E-07
-3.2571E-08	-1.5224E-08	1.1670E-06	-2.0408E-08
-1.3770E-08	-1.0651E-08	1.7210E-06	-6.6527E-07
-1.7697E-08	-3.2045E-10	2.1858E-06	6.7186E-07
-6.6616E-09	-2.8686E-09	1.2124E-06	2.7146E-07
-1.2830E-08	3.4969E-08	2.7014E-06	9.3279E-07
-1.2857E-08	-4.2514E-09	3.6966E-06	1.3745E-06
-1.6010E-08	-3.2672E-08	1.3621E-06	9.2698E-07
4.1295E-08	1.8411E-08	2.2217E-06	-9.5069E-07
-5.8846E-09	2.0772E-08	1.5540E-06	3.1838E-07
2.1378E-08	-4.6058E-08	1.7268E-06	-7.6490E-08
-1.3129E-08	4.8536E-10	1.5849E-06	7.9686E-07
1.5700E-09	-2.2696E-08	1.1437E-06	-2.6198E-07
-4.3483E-09	4.1225E-08	3.4258E-06	-3.0630E-07
1.0598E-08	4.1287E-08	3.1828E-06	-7.0529E-07
-5.1691E-09	-1.5791E-08	1.1799E-06	1.2917E-06
-1.0165E-08	-3.6269E-08	1.6217E-06	1.0509E-06
-9.4748E-09	-3.3724E-08	4.1659E-06	1.0640E-06
4.4255E-09	-3.6618E-08	2.9733E-06	1.1360E-06
-1.0338E-08	2.5931E-08	2.0620E-06	1.1347E-07
1.8631E-08	-9.6233E-09	1.1053E-06	3.6447E-07
1.8909E-09	1.9265E-08	2.2615E-06	1.4649E-06
-1.7162E-08	1.8894E-08	2.5426E-06	1.4130E-06
-2.2446E-08	3.1000E-08	1.4697E-07	1.7669E-06
-6.2993E-09	-2.8867E-08	1.5646E-06	2.4070E-07
1.2280E-10	-6.7802E-09	1.3537E-06	5.9624E-07
5.8455E-09	-4.7065E-09	2.1579E-06	4.5262E-07
1.7280E-08	-7.9625E-09	1.1525E-06	1.6772E-06
-1.4469E-08	-2.8776E-08	2.4488E-06	-3.4435E-08
7.7810E-11	2.7628E-08	9.0392E-07	-4.7542E-07
6.2662E-09	3.1532E-08	3.1757E-06	-2.4082E-07
2.5884E-09	-5.8918E-09	1.8901E-06	2.4155E-07
-1.9844E-09	2.0516E-08	3.1566E-06	2.5259E-07
2.9077E-09	5.0336E-09	1.7315E-06	5.1090E-07
3.5571E-09	-2.4919E-08	3.6372E-06	2.5455E-07
1.7408E-08	-1.1636E-08	2.6029E-06	2.2396E-06
-3.1091E-09	9.2072E-09	3.0331E-06	-5.7444E-07
-5.6628E-09	1.3094E-08	2.2405E-06	-4.6340E-09
2.2091E-08	2.4868E-08	4.3882E-06	8.0951E-07
5.0876E-08	1.0131E-08	2.3566E-06	3.7741E-08
-2.2450E-10	2.5650E-10	3.8955E-06	3.2733E-07
1.3217E-08	3.0963E-08	2.8558E-06	7.3679E-08
1.7308E-08	-1.0680E-08	3.7259E-06	7.7919E-07
1.7607E-08	7.4894E-09	2.1672E-07	9.3740E-07
2.6879E-08	-8.5521E-09	1.8192E-06	-4.7445E-07
3.7647E-08	-8.3827E-09	1.7953E-06	-8.3714E-07
-8.3506E-09	-3.3640E-08	3.7753E-06	1.9549E-07
1.7166E-08	1.6046E-08	9.7038E-07	2.1156E-07
-2.5960E-08	4.7446E-10	3.0967E-06	-1.8034E-07
5.7818E-09	1.9832E-08	1.3314E-06	-2.9948E-08
2.3723E-08	-1.1682E-08	3.8478E-06	6.8126E-07
1.0952E-08	1.3231E-08	1.3161E-06	1.5646E-07
-1.0345E-08	1.5513E-08	3.2747E-06	3.0197E-07
8.5954E-09	-1.9084E-08	3.8584E-06	1.2235E-06
-2.6637E-09	1.3272E-08	3.8283E-06	4.6516E-07
-1.6839E-08	-2.1888E-08	3.9089E-06	4.1609E-07
1.8460E-08	-2.2173E-09	2.9588E-06	1.1426E-06
-2.7494E-09	1.0283E-08	3.3613E-06	1.4228E-06
1.4007E-08	-2.8753E-08	3.0352E-06	5.5494E-07
3.1468E-08	2.6437E-09	3.7551E-06	-9.8937E-08
9.1252E-10	-2.7196E-09	2.5849E-06	8.1225E-07
2.2992E-08	-2.0089E-08	2.7147E-06	4.9121E-07
-1.9438E-09	-2.2551E-08	3.4887E-06	-1.1427E-06
8.2210E-09	2.5070E-08	2.2555E-06	7.7178E-07
-1.4333E-08	1.1723E-08	1.5310E-06	6.1639E-07
9.0387E-09	3.7380E-09	3.5661E-06	-1.5724E-06
-2.6864E-08	-9.5922E-09	1.2328E-06	-5.8503E-07
-2.6702E-09	-1.3044E-08	1.8912E-06	7.5829E-07
-9.8399E-09	1.9261E-08	1.4469E-06	3.8313E-07
-1.6777E-08	1.5866E-08	1.2339E-06	-1.1983E-07
9.5456E-09	3.8832E-09	2.3575E-06	-8.3633E-07
2.8665E-08	-3.4584E-09	6.0140E-07	-1.5252E-06
2.7687E-09	-7.2287E-09	2.0766E-06	-6.7958E-07
5.3852E-08	-4.1758E-09	6.5441E-07	-7.9476E-07
-1.4584E-08	-2.6510E-08	1.3656E-06	5.8090E-07
-2.3666E-08	-2.5686E-08	3.4942E-06	-8.9162E-07
-4.3641E-08	-5.6635E-08	2.7546E-06	-1.4009E-06
-6.0441E-09	3.9259E-09	1.3604E-07	-8.8351E-07
8.8482E-09	-6.3012E-09	3.2621E-07	6.7924E-07
-6.2823E-09	-1.0019E-08	2.4419E-06	-1.9798E-07
-3.1766E-09	-1.5734E-08	2.4754E-06	5.9341E-07
-1.1902E-08	5.6884E-09	1.8937E-06	-1.0469E-06
-1.0133E-10	-4.2406E-09	2.4578E-06	-7.6060E-07
-9.3348E-09	1.7540E-08	1.4383E-06	-5.0342E-07
9.7688E-09	5.0332E-09	2.4527E-06	9.3081E-07
2.7337E-09	2.2813E-08	2.3986E-06	-3.7756E-07
2.3280E-08	7.8613E-09	2.9748E-06	1.2134E-06
1.3422E-08	-6.7496E-09	2.9991E-06	-2.1969E-07
-4.4225E-08	2.5776E-09	2.4570E-06	-5.0434E-07
-6.7394E-09	-1.1909E-08	2.3314E-06	8.2015E-07
-2.4774E-09	-1.4336E-08	1.4998E-06	-1.9780E-07
-2.4879E-08	1.4732E-08	1.0243E-06	-3.8513E-07
-3.8143E-08	5.3113E-09	3.1912E-06	8.7067E-07
6.6743E-09	1.2755E-08	9.7811E-07	-1.4833E-06
-1.6487E-08	2.8585E-08	3.3059E-06	8.1045E-07
-2.4949E-08	-1.1340E-08	2.0596E-06	5.0368E-07
3.3524E-09	-1.0150E-09	4.5427E-06	1.0448E-06
-9.5327E-09	3.4928E-10	1.6794E-06	1.2737E-06
-6.3812E-09	1.0124E-08	2.3322E-06	1.2890E-06
-3.4302E-08	1.2429E-08	8.0656E-07	-1.2140E-07
-1.0045E-09	-4.0272E-09	2.1732E-06	2.8491E-07
-3.9748E-08	1.0632E-08	1.7222E-06	1.6696E-07
-2.6949E-08	3.5815E-09	2.2002E-06	-1.0239E-06
-6.0495E-08	-1.4878E-08	1.8731E-06	1.5502E-06
8.7632E-09	8.8494E-10	1.6806E-06	2.1000E-06
1.9381E-08	-2.9759E-09	1.9037E-06	1.8309E-06
5.8636E-09	3.8049E-09	1.2577E-06	2.7750E-07
-2.2205E-08	-1.4998E-08	2.5844E-06	-1.9584E-06
1.2423E-08	7.2133E-09	2.5669E-06	-2.7169E-08
3.9765E-09	5.7291E-09	1.4641E-06	-4.1639E-07
-1.6360E-08	-1.5650E-08	1.9640E-06	2.6106E-06
-4.1309E-08	-2.4027E-08	7.8865E-07	2.3332E-07
4.9017E-09	1.1664E-08	2.3900E-06	1.4087E-06
-1.1792E-09	7.0964E-09	2.2038E-06	3.4669E-07
1.0191E-08	1.9409E-08	2.5850E-06	4.6502E-07
3.8428E-09	1.9794E-08	2.4474E-06	-2.5122E-06
-3.1612E-09	-1.8582E-08	3.0629E-06	-7.6440E-07
2.3532E-08	-4.3191E-08	2.3936E-06	8.0762E-07
1.7586E-08	-3.3453E-09	2.7927E-06	-5.8717E-07
-8.7987E-09	-3.8446E-08	1.8263E-06	-8.5717E-07
-1.9784E-08	-1.9162E-08	3.4456E-06	-6.1400E-07
-1.0660E-08	-1.4452E-08	2.3365E-06	1.1266E-06
1.9935E-08	-3.2060E-09	2.0249E-06	1.3514E-06
-1.0988E-09	-1.0701E-08	2.2399E-06	-1.4798E-07
-1.3674E-08	2.0487E-09	3.7884E-06	-3.7238E-08
2.2616E-10	-7.4657E-09	3.5409E-06	-1.7054E-06
-1.9295E-08	-2.0777E-09	1.0172E-06	-4.9934E-07
-2.5530E-08	2.6259E-08	3.4164E-06	-2.4649E-06
1.7183E-08	-4.7349E-09	1.8050E-06	4.8010E-08
2.5046E-08	-8.7840E-09	1.8027E-07	6.4109E-07
-1.2126E-08	-1.0680E-08	6.6370E-07	-1.0041E-06
-4.1966E-08	-2.2102E-08	5.5914E-07	5.4910E-07
-1.5783E-08	-4.2671E-09	2.3141E-06	-1.5367E-06
2.2511E-08	8.6870E-09	-6.5943E-08	7.1936E-07
4.1687E-08	3.4786E-09	9.1839E-07	-1.4640E-07
1.4133E-08	7.5560E-09	7.3775E-07	-5.2056E-07
1.9793E-08	1.9834E-08	1.7589E-06	-3.7843E-07
-1.4546E-09	-2.2877E-08	2.4265E-06	-7.5190E-08
1.3359E-08	1.1066E-08	2.7341E-06	-4.7258E-07
-1.2322E-08	-1.6701E-09	1.0683E-06	-1.9972E-06
2.1234E-08	-2.0869E-08	2.5090E-06	-4.8261E-07
4.3076E-09	2.1265E-08	2.1451E-06	-2.9233E-07
3.8590E-08	-8.1341E-09	2.1975E-06	1.7308E-07
5.3497E-09	-3.4610E-09	1.5887E-06	-7.3593E-07
-9.0287E-09	-2.6281E-08	3.3289E-06	1.0559E-06
1.0829E-08	-2.3600E-08	6.1993E-07	1.6463E-07
1.4773E-08	1.5707E-08	1.2763E-06	1.8063E-08
-3.4993E-08	1.6090E-09	8.4955E-07	9.8095E-07
-1.3063E-08	1.2106E-08	2.0917E-06	-1.3140E-06
1.1894E-08	6.7919E-09	1.6821E-06	4.1466E-07
3.3868E-08	-4.1363E-09	2.8916E-06	3.6985E-07
4.0040E-09	-9.5270E-09	2.1492E-06	1.0757E-06
3.9650E-08	-5.8910E-09	1.8204E-06	3.5108E-07
2.3696E-09	2.0742E-08	1.2154E-06	2.4963E-06
1.2845E-08	-1.0368E-09	1.8671E-06	-7.8477E-08
-7.5028E-09	-1.5536E-08	1.2780E-06	1.3819E-07
1.8834E-08	-3.3382E-09	9.4206E-07	9.5069E-07
-5.0288E-09	1.7886E-08	3.4623E-06	1.0632E-06
-6.5574E-09	-2.3894E-08	3.1069E-06	-1.1409E-07
-1.3438E-09	8.2553E-09	1.8923E-06	-1.9142E-06
-5.2808E-09	1.7260E-08	3.2832E-06	-1.6557E-06
-2.0258E-08	1.7724E-08	2.4969E-06	-2.0276E-06
-2.9361E-08	6.4768E-10	1.6759E-06	-1.6350E-06
-5.1353E-09	-1.0814E-08	1.3418E-06	-1.1040E-06
8.8015E-09	1.0400E-08	1.3717E-06	-1.2034E-06
4.6346E-09	-5.9364E-08	2.6325E-06	-2.4028E-06
2.3159E-08	4.3060E-08	1.8965E-06	1.6841E-07
5.0327E-09	2.8742E-08	1.9005E-06	-1.1732E-06
-3.8246E-08	-1.7215E-08	1.6192E-06	-1.2366E-06
2.3043E-08	-1.0226E-08	2.1450E-06	-5.7174E-07
2.9854E-09	-3.3111E-08	2.3547E-06	-5.2239E-07
-4.3444E-08	-1.9536E-08	1.0316E-06	-1.8865E-06
2.7414E-09	2.1407E-08	2.3646E-06	-1.1671E-06
3.8839E-09	-2.5881E-09	1.6761E-06	-1.0138E-06
-2.8113E-09	1.4735E-08	1.0957E-06	4.4667E-07
2.2711E-08	3.2156E-08	1.6872E-06	3.8771E-07
-2.1280E-08	-7.0292E-09	2.9661E-06	1.2926E-06
-1.4864E-09	-8.2966E-09	-1.6159E-07	-1.0828E-06
3.6218E-08	8.7002E-09	1.6705E-06	-1.2538E-06
-2.4831E-08	4.9834E-08	2.9257E-07	1.9120E-06
1.3454E-08	-3.4537E-08	1.2406E-06	-2.9829E-07
-7.2238E-09	-5.5976E-08	2.1745E-06	9.3541E-08
-7.9106E-09	1.8395E-08	2.8288E-06	-1.6694E-06
1.4594E-08	-5.6161E-10	1.7449E-06	-1.2470E-07
-3.3022E-08	-7.9765E-09	8.4324E-07	-1.8131E-07
9.4577E-09	-2.3778E-10	1.3085E-06	1.9128E-06
1.7321E-08	2.6494E-08	7.4367E-07	6.2079E-07
-3.3746E-09	-1.2973E-08	6.9542E-07	1.1581E-06
-2.5119E-08	-3.7857E-08	6.4685E-07	8.1271E-07
-1.5885E-08	-1.4523E-08	7.1617E-07	1.4219E-06
3.6180E-09	4.9258E-09	1.1844E-06	8.7069E-07
-5.5873E-10	-6.8393E-09	1.9000E-06	1.9406E-07
7.1599E-09	4.2379E-10	2.3008E-06	-8.0250E-07
-2.3036E-08	-6.3803E-09	2.2518E-06	9.0915E-07
-1.3505E-09	1.7878E-08	1.0148E-06	1.2534E-06
-1.9341E-08	1.4408E-08	1.1975E-06	-1.4574E-06
5.2802E-09	-6.9360E-09	1.5370E-06	-9.2884E-07
-4.8665E-09	1.6179E-08	2.2566E-06	-3.3446E-07
1.1165E-09	-2.6901E-08	1.5617E-06	7.0845E-09
-2.1188E-08	-1.0094E-08	-4.8586E-08	-6.3409E-07
-3.9298E-08	-7.8784E-09	9.1062E-07	-1.6788E-07
1.4910E-08	-1.3547E-08	1.9483E-06	2.3122E-06
-8.9622E-09	1.4402E-08	2.1955E-07	8.6676E-08
2.6846E-08	1.0440E-08	1.8520E-06	-1.1212E-06
1.8864E-08	-4.3840E-08	7.9072E-07	1.0832E-06
3.6905E-09	-1.1889E-08	2.7750E-06	-1.7900E-07
-2.6682E-09	-1.5787E-09	-1.6795E-08	-6.0093E-08
2.5220E-08	-2.1634E-08	2.1375E-06	-1.1002E-06
-1.5864E-08	-3.6191E-09	4.0274E-07	-5.5887E-07
-6.6558E-09	2.9730E-08	1.7928E-07	-2.7970E-07
1.3035E-08	4.4647E-09	-9.9003E-08	6.5049E-07
-1.9164E-08	1.0080E-08	2.1907E-06	-1.6147E-07
-4.1663E-09	2.3052E-08	1.7949E-07	-5.0058E-07
1.2562E-08	-2.6538E-08	9.9164E-07	1.5467E-06
4.9139E-09	5.9035E-09	1.6215E-06	1.3805E-06
8.2398E-09	2.4841E-09	-7.5996E-07	1.4752E-07
6.4175E-09	1.3524E-08	1.2639E-06	1.1600E-07
-4.1304E-08	-3.0089E-08	1.7529E-06	8.1239E-07
-1.7966E-08	1.9550E-10	6.2978E-07	2.8120E-07
-2.4026E-08	-6.2891E-09	1.9992E-06	-1.1468E-06
-3.8215E-09	5.3028E-09	1.6795E-06	6.7609E-07
7.7160E-09	2.1366E-08	8.3331E-07	9.7826E-07
5.6495E-09	-4.4962E-08	1.9274E-06	-9.3665E-07
8.5285E-09	1.8086E-08	1.1953E-06	1.1669E-08
-7.8588E-09	-2.6245E-08	1.4731E-06	9.4338E-09
2.2945E-09	-6.6659E-09	2.3636E-06	6.3077E-07
-2.4847E-08	-1.8416E-08	1.6540E-06	7.3143E-08
8.9436E-09	-1.0129E-08	1.8956E-06	6.5807E-07
7.3323E-09	1.6176E-08	2.1489E-06	7.5044E-07
3.3665E-08	4.1226E-08	1.6200E-06	-1.1782E-07
-3.9825E-09	-1.2648E-08	3.3698E-06	-4.3595E-07
1.0383E-08	-2.1229E-08	1.1637E-06	4.7595E-07
-2.4588E-08	8.3952E-09	1.1328E-07	2.0488E-07
-1.8062E-09	-4.8872E-09	2.9552E-06	-2.3298E-08
-1.3423E-08	2.6760E-08	1.2079E-06	8.4580E-07
-2.2809E-09	-3.0981E-09	2.2986E-06	-6.5332E-07
1.7866E-08	-1.9322E-09	1.8855E-06	6.2000E-08
1.9240E-08	3.3229E-08	2.2458E-06	3.5886E-07
1.5093E-08	1.0102E-08	-9.3723E-08	1.0331E-06
3.1541E-09	8.6940E-09	9.6074E-07	4.6206E-07
1.4663E-08	1.4532E-08	1.7607E-06	8.6963E-07
1.6775E-08	-8.7253E-09	6.5940E-07	-4.3361E-08
-5.0208E-09	6.1770E-09	2.0926E-07	9.1680E-08
-8.8287E-09	2.9215E-09	1.9225E-07	-1.8377E-06
1.6399E-08	1.5026E-08	2.9311E-07	9.3550E-07
1.1771E-08	-6.5596E-09	5.0541E-07	5.0452E-07
2.6389E-08	1.7934E-08	1.2161E-06	6.2041E-07
7.4123E-09	1.8664E-09	1.7528E-06	2.4573E-08
-1.1456E-09	8.6613E-09	9.2756E-07	1.0993E-07
2.2734E-08	-2.4557E-10	4.4558E-07	1.3759E-06
-3.4841E-09	-5.7441E-09	1.0867E-06	1.9657E-07
2.3425E-09	5.1802E-09	1.1563E-06	-1.0681E-06
7.4272E-09	5.5598E-09	1.7677E-06	-1.0455E-06
1.0126E-08	2.8561E-09	2.5378E-07	8.8173E-07
-1.9419E-08	-3.7569E-09	1.8361E-06	1.2410E-06
1.4455E-08	2.1166E-08	-2.9097E-07	5.6575E-07
4.5914E-08	-5.1792E-09	2.1232E-06	7.1734E-07
-2.4792E-09	1.9900E-08	2.1056E-06	5.9254E-07
3.5162E-08	1.9117E-08	3.2086E-06	-6.1942E-07
1.1134E-08	-3.1119E-08	1.9048E-06	-8.7109E-08
1.9604E-08	2.3042E-08	2.4598E-06	1.9914E-06
1.1228E-08	-1.6774E-08	1.4707E-06	-1.0220E-06
-2.1788E-08	3.1383E-09	1.9042E-06	1.0991E-06
1.3314E-08	-4.6678E-09	2.1241E-06	-6.2665E-07
2.2615E-08	-2.5637E-08	1.2362E-06	1.5084E-06
1.9336E-08	-4.3759E-10	1.3152E-06	4.7812E-07
-1.8815E-08	1.9811E-08	8.6666E-07	4.9857E-07
6.3630E-09	1.1011E-08	1.6037E-06	5.7512E-07
-1.2804E-08	4.6746E-09	3.6404E-07	5.5917E-09
-3.4191E-08	5.8100E-09	2.5392E-06	1.4548E-06
4.3550E-09	-2.7852E-09	-1.5822E-07	1.1718E-06
-1.3336E-08	-5.3234E-09	4.5262E-07	-3.1670E-07
2.1770E-09	5.7936E-09	-1.8838E-08	4.7452E-08
-2.5452E-08	-1.0322E-08	1.9268E-06	1.1822E-06
1.8938E-08	-8.2453E-10	3.5244E-06	1.4334E-06
-2.9610E-09	7.6737E-09	2.6079E-06	5.7243E-07
-2.1187E-08	-2.5684E-08	2.2605E-06	8.4974E-07
4.9044E-09	4.6545E-09	2.1282E-06	-1.9263E-06
-8.5790E-09	-3.5719E-08	2.5426E-07	-9.4234E-07
5.8115E-08	-1.0467E-08	-3.3919E-07	7.5107E-07
-1.6915E-08	1.8165E-08	3.0062E-08	9.8787E-07
9.0143E-09	6.3573E-09	6.2418E-07	2.9025E-08
8.8381E-09	1.7348E-08	2.3106E-06	-6.8186E-07
1.1644E-08	1.1892E-08	7.2896E-07	1.9055E-06
-3.1407E-08	-6.1891E-09	1.2546E-06	3.7519E-08
9.9877E-09	-9.6818E-09	2.1954E-06	7.3866E-07
2.9248E-09	-3.5604E-08	1.3511E-06	1.6786E-06
2.9020E-09	2.6744E-08	-4.1355E-08	-1.5887E-07
8.8839E-09	3.1864E-08	1.6348E-06	1.6011E-07
2.4988E-09	-1.2120E-08	2.2856E-06	8.6014E-08
-4.2866E-08	-1.7816E-08	2.1228E-06	7.8170E-07
3.2169E-09	-1.9514E-08	2.1004E-06	8.2342E-07
5.9667E-09	5.5305E-08	3.3984E-06	2.1531E-07
2.8988E-08	8.7019E-09	2.0419E-06	8.0566E-07
-2.7867E-08	-1.0579E-08	-1.6161E-07	9.1920E-07
-4.1792E-08	-1.9446E-08	1.3229E-06	2.4398E-07
9.9599E-10	-1.2695E-08	1.7982E-06	-9.3855E-07
-8.7600E-10	1.4014E-08	1.1651E-06	-9.0855E-07
2.8342E-08	-6.2993E-09	2.0061E-06	-7.4755E-07
-5.8929E-09	1.0582E-08	1.5603E-06	-9.0783E-08
-8.1409E-09	-2.3294E-08	1.0718E-06	2.3894E-07
1.6095E-08	-5.3490E-09	-2.8533E-08	4.1443E-07
6.7267E-09	2.4442E-09	3.4563E-07	6.9826E-08
3.4099E-08	2.2362E-08	1.1318E-07	1.8718E-07
9.1415E-09	-6.4687E-09	1.7763E-06	2.1212E-07
1.9848E-08	-1.2867E-09	1.1148E-06	-9.1426E-07
2.5551E-08	1.8998E-08	1.3029E-06	-5.6163E-07
-1.6414E-08	-1.8622E-08	1.6653E-06	-8.1770E-07
-8.6404E-09	-1.0421E-08	1.3222E-06	9.9481E-07
-8.2326E-09	-6.5039E-09	8.4811E-07	7.8211E-08
1.5405E-08	-1.3409E-08	1.2221E-06	-7.4607E-07
-7.0202E-10	-1.3627E-08	-1.5933E-08	-6.4170E-07
-1.8466E-08	2.1158E-08	6.7804E-07	8.6362E-07
-1.1174E-08	-9.9074E-09	4.9753E-08	1.0139E-06
8.2173E-09	1.5406E-08	1.1312E-06	-4.5143E-07
-1.1916E-09	-7.6621E-09	-4.2821E-07	-8.0288E-07
3.2802E-09	-1.0558E-09	6.6197E-07	4.1210E-07
-2.6051E-08	2.0879E-08	1.9536E-06	-3.7854E-07
1.9572E-08	1.4794E-08	1.9739E-06	5.6291E-07
-1.0726E-08	-4.1545E-09	2.2413E-06	-4.9210E-07
-2.4097E-08	-3.0807E-08	1.7678E-06	1.2948E-07
2.1661E-09	-1.2118E-08	1.3220E-06	-1.4682E-07
-3.1312E-09	-3.3185E-08	-8.3441E-07	5.3083E-08
1.5714E-08	-2.4010E-08	1.0194E-06	-7.0714E-07
1.8108E-08	3.4533E-09	2.3578E-06	-1.7989E-07
1.0599E-08	1.3022E-08	2.2261E-06	8.3449E-07
-1.7740E-08	2.4011E-08	2.1687E-06	1.9354E-06
-2.5174E-08	-1.0994E-08	2.8122E-07	-2.7918E-07
-1.2891E-08	4.6180E-09	1.8261E-06	1.6547E-06
1.9071E-08	2.2823E-08	1.6990E-06	1.0384E-06
2.8856E-09	3.6911E-08	6.4993E-07	1.0618E-06
7.9512E-09	1.2812E-08	1.1090E-06	-7.4629E-07
8.5343E-09	-2.0442E-08	1.1397E-06	5.1848E-07
7.8840E-09	-2.1328E-08	-2.9205E-07	5.2666E-07
4.9164E-09	-2.6946E-08	1.3231E-06	1.4618E-06
-3.5655E-08	1.5472E-08	1.4442E-06	1.9388E-06
5.9747E-10	-7.9130E-09	1.2603E-06	8.5474E-07
2.2679E-08	-2.3585E-08	3.2409E-07	1.9142E-06
1.5518E-08	-1.7973E-08	2.0274E-06	-5.8978E-07
-7.1661E-09	-3.3756E-08	4.3323E-07	1.9350E-06
-1.4482E-08	5.7477E-08	-2.9334E-08	-1.2556E-06
1.1557E-08	1.4049E-08	2.8320E-06	-3.8199E-07
2.4754E-09	-7.2089E-09	-1.5869E-08	8.8537E-07
2.0918E-08	2.1899E-08	3.8955E-07	-4.8199E-07
-7.3542E-09	-2.1589E-09	1.8748E-06	5.2225E-07
-1.6687E-08	2.0729E-08	1.4925E-06	5.4861E-07
8.2607E-09	4.7085E-09	7.8275E-07	-3.8766E-07
-5.8810E-09	-4.7012E-09	1.6555E-06	-2.2115E-06
-2.2850E-08	1.9796E-08	2.3018E-06	9.6554E-07
-1.1059E-08	-1.9456E-08	1.5380E-06	-4.4327E-07
-7.6527E-10	-1.5384E-08	5.0785E-07	-2.7896E-07
-1.9395E-08	-1.0555E-08	1.7675E-06	4.1618E-07
-2.1379E-08	1.4803E-08	3.1095E-06	5.7805E-07
2.2726E-08	1.3864E-08	1.3709E-06	2.1193E-07
-1.7187E-08	-1.0155E-08	6.8525E-07	-8.1951E-09
-6.9036E-09	3.2227E-08	1.5796E-06	1.0060E-06
-3.3343E-08	3.9244E-09	2.1824E-06	1.0217E-06
-5.9349E-09	3.4834E-09	3.2000E-07	1.6862E-06
3.4608E-08	-6.9815E-09	1.0896E-06	-5.2352E-07
1.5890E-08	-1.1556E-08	-1.8166E-07	9.5573E-07
-1.2636E-08	1.0475E-08	2.5311E-06	1.0717E-06
-1.6775E-08	1.2972E-08	1.5740E-06	1.1703E-06
2.6859E-10	1.7179E-08	1.2230E-06	1.6657E-06
-6.6572E-09	-2.4445E-09	1.0416E-06	-1.3007E-06
1.3906E-08	-2.4802E-08	1.1500E-06	-5.1534E-07
1.7241E-08	3.5411E-09	2.0164E-07	-1.3405E-06
-1.2400E-08	3.8572E-09	2.3896E-06	1.3098E-06
-1.8397E-08	2.2429E-08	1.1492E-06	4.8215E-07
-1.0652E-08	-1.8789E-08	2.3760E-06	1.9553E-06
-3.4748E-09	-8.2808E-09	8.5523E-07	7.1560E-07
-2.4355E-08	4.7151E-08	2.0567E-06	7.0985E-07
1.2804E-08	5.1408E-08	7.9957E-07	-4.3445E-07
6.4335E-09	-4.9737E-09	-7.9370E-07	1.5749E-07
2.2601E-08	-8.1991E-09	-4.1624E-07	3.2159E-07
-3.2174E-08	5.6103E-09	2.9903E-06	8.9282E-07
2.2736E-09	3.6444E-10	3.5703E-06	-1.5665E-06
8.4116E-09	-9.1253E-09	8.6253E-07	-8.1844E-07
1.3096E-08	2.5930E-08	1.4478E-06	1.2939E-06
7.1054E-09	8.3939E-10	-2.0182E-06	3.9345E-07
3.4735E-08	2.8279E-09	9.4723E-07	-8.0596E-07
1.5665E-08	3.9123E-08	1.8166E-06	3.8054E-07
1.3417E-08	-3.7051E-08	2.0737E-06	5.4574E-07
-4.1050E-09	-4.0751E-09	1.8571E-06	-6.1567E-07
-2.5954E-08	-2.1453E-08	4.5420E-07	-7.7169E-07
-2.9374E-08	1.0275E-08	1.3699E-06	-1.4413E-07
2.6670E-08	-2.7503E-08	-7.6064E-08	2.2750E-07
6.0003E-09	1.8382E-08	3.4074E-07	7.6365E-07
-3.8483E-09	-8.6877E-09	-1.5765E-06	1.1606E-06
-9.3364E-09	1.6452E-08	1.7558E-06	7.7408E-07
1.0545E-10	-2.6410E-08	8.7290E-07	2.1234E-07
-2.8415E-08	-1.2082E-08	1.0568E-07	1.3181E-06
-7.6001E-09	-2.4020E-08	1.2536E-06	7.0375E-07
2.9218E-08	9.0063E-09	-7.6112E-08	-3.2355E-07
-2.5257E-08	3.1548E-08	-1.5041E-06	4.9180E-07
6.6432E-09	4.2825E-09	2.3682E-06	8.5497E-07
2.7568E-08	8.3144E-09	2.5202E-07	8.4612E-07
5.6848E-09	3.4713E-08	1.3115E-06	-4.4585E-08
-1.3034E-09	1.1437E-08	8.7426E-07	2.1238E-06
1.3874E-08	1.9216E-08	8.6797E-09	1.8172E-06
-1.4430E-08	9.0835E-09	1.3769E-06	-1.1722E-06
-2.1533E-08	1.5548E-08	1.7424E-08	-8.0091E-07
5.7387E-09	-1.1886E-08	6.9157E-07	-4.2441E-07
-2.4240E-08	1.2681E-08	1.1103E-06	5.0632E-07
-1.9733E-08	-2.2623E-08	-1.6326E-07	4.6007E-07
2.6959E-08	-2.2566E-08	1.0090E-06	-1.3257E-06
3.6581E-08	-6.2287E-10	3.2086E-06	6.5556E-07
-7.1413E-09	7.8237E-09	1.2687E-06	-5.4654E-07
-1.4962E-09	5.1958E-08	1.5933E-06	1.0012E-06
-1.1693E-08	3.4928E-09	1.6379E-06	8.9969E-07
1.7923E-08	-2.5300E-08	1.0197E-06	2.6507E-07
1.4646E-09	-2.5571E-08	1.0299E-06	1.0115E-06
1.7839E-09	2.9069E-08	2.5660E-07	1.7491E-06
3.0816E-08	-9.9418E-09	1.2133E-06	-1.0499E-06
-2.1339E-08	1.4411E-08	6.6803E-07	1.0643E-06
1.1309E-08	3.0005E-08	1.3549E-06	-3.6255E-07
6.4911E-09	5.9252E-08	1.8163E-06	3.1566E-07
-1.9946E-08	-1.2415E-08	1.7258E-06	3.3220E-08
1.4327E-09	-1.4294E-08	-6.0843E-08	-8.7102E-07
-5.1441E-10	-2.4622E-08	6.4119E-07	-1.0888E-06
1.1051E-08	-2.4295E-08	1.6910E-06	-5.4623E-07
-4.2674E-08	-4.6609E-08	3.5210E-07	-3.0680E-07
-6.3136E-10	4.7581E-09	-4.2113E-08	1.5917E-07
3.6565E-08	-7.6243E-09	2.2450E-06	5.9157E-08
2.4824E-08	3.0100E-08	-3.5883E-07	-7.5117E-07
2.8765E-08	-1.1068E-08	8.2418E-07	-2.7964E-07
-1.3665E-08	3.9887E-08	1.5279E-06	3.9423E-07
2.2742E-09	8.8326E-09	1.3653E-07	-4.0818E-07
-2.7073E-08	1.0667E-08	1.9774E-06	-1.6449E-07
1.2185E-08	2.9155E-08	1.7619E-06	-4.5611E-07
8.1519E-09	1.1788E-08	1.8697E-06	-2.8548E-07
9.7196E-09	-2.9690E-08	2.9297E-06	-8.2323E-07
-1.3408E-08	1.7387E-08	-5.4644E-07	-1.2500E-06
2.9203E-08	7.9074E-09	1.2159E-06	1.0606E-06
-1.1045E-08	-3.2195E-08	4.3589E-07	-1.6749E-06
-3.6075E-08	-7.5419E-09	1.5968E-06	3.4502E-07
-1.2335E-08	3.2674E-08	1.6481E-06	-2.8579E-08
1.5447E-08	1.5276E-08	1.4969E-06	8.7493E-08
-9.1693E-09	-4.2107E-08	-1.2550E-06	-1.5308E-06
4.0036E-09	-2.8659E-09	1.9193E-06	1.4469E-06
8.5876E-09	-1.3011E-09	1.3832E-07	-3.2243E-08
-3.1072E-08	6.1470E-08	-3.5277E-07	1.1994E-06
-1.1096E-08	6.8361E-09	1.3641E-06	-6.0286E-07
-1.0413E-08	-1.2632E-08	9.4081E-08	1.1834E-06
1.0956E-08	3.0555E-08	1.6693E-07	-1.6811E-06
-8.3356E-09	6.8877E-09	1.0670E-06	1.3128E-06
1.5757E-08	9.0876E-09	1.6345E-06	3.7171E-07
4.1697E-09	2.0869E-08	-2.6706E-07	-9.2789E-08
-2.2975E-09	7.5771E-10	6.4760E-07	1.0828E-06
-6.1021E-09	-1.0450E-08	1.0663E-06	2.0696E-07
-1.2836E-08	4.3415E-10	1.8234E-06	5.5660E-07
-1.6998E-08	-9.8242E-09	-6.8502E-07	2.5740E-06
6.6922E-09	3.1848E-08	1.6736E-07	5.5325E-07
9.4871E-09	-2.1768E-08	1.1573E-06	-3.2734E-07
-4.6000E-09	-1.6479E-08	1.4118E-06	9.3820E-07
-1.3242E-08	-9.1836E-09	1.0945E-06	4.9070E-07
-3.6844E-08	4.4113E-09	6.1868E-07	4.7073E-07
1.3492E-08	5.3929E-09	7.3118E-07	2.3116E-07
8.0522E-09	-1.5050E-08	3.1604E-06	6.6149E-08
6.9313E-09	-3.4671E-08	2.1804E-06	1.8174E-07
2.1454E-08	5.7351E-08	4.5426E-07	-3.7910E-07
1.5840E-08	-2.2169E-08	2.2163E-06	2.0227E-06
1.0062E-08	1.5462E-08	-3.5059E-07	3.5791E-07
-4.1679E-09	1.0547E-09	1.0321E-06	1.4004E-06
2.2817E-08	1.0263E-08	9.7412E-07	-2.3095E-07
1.1253E-08	-2.1112E-08	6.2415E-07	1.3381E-07
-3.6388E-08	-1.3915E-08	6.2592E-07	5.8675E-08
-1.6655E-08	9.3796E-10	2.1723E-06	-3.0810E-07
1.8455E-08	-2.2981E-08	1.9372E-07	9.5988E-07
-2.0381E-08	1.6310E-08	6.3313E-07	7.0041E-07
-1.0433E-08	9.1921E-09	1.0727E-06	1.2606E-06
-5.9055E-09	-1.7347E-08	1.5806E-06	1.8748E-07
-1.3336E-08	-4.0991E-08	1.2718E-06	6.7386E-07
-3.4422E-09	2.7121E-08	1.0590E-06	7.1206E-07
-1.1132E-09	-2.1769E-08	1.6209E-06	2.9996E-07
-8.4334E-09	1.0713E-08	1.8309E-06	-4.6496E-07
-2.4384E-08	-4.7304E-09	2.1142E-06	4.5622E-08
1.2660E-08	-7.6089E-10	1.2313E-06	-1.7296E-06
4.8552E-09	2.6009E-08	8.3981E-07	6.6469E-07
-2.7749E-08	-2.9871E-08	2.1677E-06	6.7719E-07
3.3775E-10	1.5325E-08	2.1485E-06	4.8004E-07
1.7806E-08	1.0128E-10	3.7864E-07	4.8071E-08
6.5816E-09	2.2274E-08	7.7154E-07	9.2489E-08
2.0177E-08	3.2061E-08	9.6749E-07	5.6488E-07
2.3315E-08	1.3406E-08	1.1861E-06	2.1179E-06
-1.7882E-08	-8.9892E-09	1.4208E-06	-6.6419E-07
-1.1272E-08	-3.9230E-09	2.0622E-06	1.5042E-06
8.8985E-09	-4.8865E-09	8.0210E-07	-3.3901E-07
2.8203E-08	2.9029E-08	1.9544E-06	1.9469E-06
2.7721E-08	8.4047E-09	4.2143E-07	1.4959E-06
-2.5968E-09	-3.5929E-08	1.6013E-06	-4.8761E-07
2.7367E-08	1.8536E-08	8.2301E-07	5.0308E-08
6.0763E-10	-1.0101E-08	1.8402E-06	-3.8680E-07
-3.1339E-08	-2.9104E-08	2.2162E-06	6.5410E-07
-7.7151E-09	-4.9053E-09	5.7155E-07	1.0599E-07
1.7760E-08	2.6244E-08	1.0904E-06	1.0294E-06
-1.6442E-08	-2.1810E-08	2.8742E-06	-3.3573E-07
-4.0714E-08	2.0541E-08	1.1890E-06	3.4399E-07
3.2215E-08	-2.2215E-08	2.1784E-06	7.1965E-07
4.4519E-08	5.9940E-09	5.1766E-07	9.3555E-07
-6.4053E-09	4.4634E-09	5.6354E-07	-5.3424E-07
-1.4400E-08	-2.5306E-08	8.6898E-07	7.3347E-07
1.1380E-08	-4.0969E-09	1.2724E-06	-1.2591E-07
8.6807E-09	-1.9932E-08	1.2356E-06	-1.2342E-07
-8.2061E-09	1.0396E-08	-8.3855E-07	-4.8461E-07
-9.1206E-09	7.5439E-09	1.2691E-06	7.3095E-07
-2.5115E-08	1.6366E-08	-5.3721E-08	-1.6528E-06
1.8108E-08	1.8467E-08	7.0363E-07	1.3686E-06
1.6124E-09	2.3131E-08	1.3494E-06	-1.4585E-06
-1.0532E-10	-3.5796E-09	1.3188E-06	7.1506E-07
1.9062E-09	-4.5376E-09	-1.6031E-07	2.0873E-06
-1.2471E-08	7.8327E-12	1.0552E-06	1.3324E-06
-1.5331E-08	1.1791E-08	9.5407E-07	2.5394E-07
-3.7312E-08	-3.6850E-08	7.0332E-07	1.1430E-06
-9.4309E-09	5.6116E-09	6.2513E-07	9.4411E-07
3.0761E-08	-3.0774E-08	1.1213E-06	-9.9631E-08
1.7212E-08	2.5332E-09	-4.5638E-07	-8.5868E-07
1.0435E-09	-1.3855E-09	6.3950E-07	-2.5533E-07
-1.4113E-08	-5.3107E-08	5.3754E-07	1.6626E-06
-1.1868E-08	-8.4972E-09	1.4557E-06	-9.1983E-08
-1.6124E-08	-2.0591E-08	3.2730E-06	2.9317E-07
9.8068E-09	1.3161E-08	1.8930E-06	-1.6601E-07
-1.4567E-08	8.0729E-10	6.9158E-07	2.9255E-07
-2.3166E-08	-1.0995E-08	1.0556E-06	1.1141E-06
-1.5586E-08	6.9541E-09	1.2594E-06	-1.5719E-06
2.0909E-08	2.1146E-08	1.5182E-06	1.5997E-07
-2.9209E-09	-4.0231E-09	1.3455E-06	1.0817E-06
6.0374E-09	-1.2058E-08	4.5168E-08	-6.9682E-07
-1.5770E-08	-2.8347E-09	9.4088E-07	-6.4346E-08
5.8081E-09	2.0056E-09	1.7639E-06	3.5585E-07
-5.3447E-09	1.7418E-08	-2.6800E-07	9.5524E-07
-8.5139E-09	1.1572E-08	1.7701E-06	1.0955E-06
3.0828E-09	7.5904E-09	9.6820E-07	2.1111E-06
9.7517E-09	1.7478E-08	6.7716E-07	2.0488E-07
-4.6635E-08	2.0054E-08	-3.0065E-07	8.1559E-08
6.1381E-10	-1.6889E-08	1.0006E-06	-1.4697E-06
4.0450E-09	-5.5361E-10	1.2281E-06	2.2893E-07
-2.3094E-08	1.2963E-08	2.8024E-06	1.3138E-06
1.3530E-08	5.6172E-09	9.3825E-07	4.2537E-07
-1.2667E-08	-1.8565E-08	2.3176E-06	2.6569E-07
-2.9595E-08	-1.2265E-08	1.5782E-06	8.6150E-07
-2.3913E-08	-1.7753E-08	1.4892E-06	-3.3902E-07
-8.4406E-09	-1.7274E-08	-3.6586E-08	-1.0178E-06
-1.8143E-08	4.0082E-09	7.3687E-07	9.5652E-07
1.8527E-10	3.5676E-08	1.0582E-06	-1.1280E-06
-7.3293E-09	1.1085E-08	4.4652E-07	1.4081E-06
2.7008E-08	-6.4972E-09	2.2271E-07	-1.3474E-06
6.7592E-09	5.7242E-11	6.4299E-07	3.5142E-08
1.9156E-08	-3.5308E-08	2.5271E-06	-5.8557E-07
2.3479E-08	-8.4510E-09	1.3511E-06	6.1232E-07
-1.0637E-08	1.8131E-08	1.4852E-06	6.0363E-07
4.9118E-09	-7.3307E-09	2.7986E-07	-1.0229E-06
-9.2776E-09	-5.6079E-09	6.2594E-07	6.0684E-07
6.2404E-10	-1.6494E-08	1.0662E-06	7.2265E-07
-1.9005E-08	3.0143E-08	1.8686E-07	4.1525E-07
8.3371E-09	2.2022E-08	2.3487E-06	4.1287E-08
1.0826E-08	-1.7355E-08	1.3945E-06	-1.3175E-07
-1.6214E-08	-1.4320E-08	6.2187E-07	3.9113E-07
-1.2844E-08	-3.1243E-08	2.6512E-07	-1.5277E-07
3.3723E-09	-1.5725E-08	1.3332E-06	-1.2664E-07
6.7147E-09	1.4681E-08	1.1854E-06	-5.9546E-07
-2.1318E-08	-1.2000E-08	1.0132E-06	-1.2110E-06
1.3067E-08	9.9461E-09	1.3027E-06	1.3384E-07
-1.4770E-08	-1.3584E-08	1.3775E-06	9.0895E-07
1.2978E-09	-3.8269E-08	2.5345E-06	-3.0259E-08
-1.9415E-08	-9.8151E-10	5.3438E-07	-1.8373E-07
9.9939E-09	-2.2191E-08	7.6124E-07	-1.9944E-06
-3.0642E-09	1.3741E-08	1.7705E-06	2.4154E-07
4.0591E-08	-1.1775E-08	-6.6713E-08	-2.7953E-08
4.6282E-09	-4.1311E-09	1.8021E-06	-2.3996E-07
-2.3250E-08	2.8112E-08	-1.2641E-06	-1.1290E-06
-2.1166E-08	-1.2873E-08	2.2130E-06	1.2256E-07
1.0295E-08	1.7638E-08	9.5245E-07	5.1664E-07
-1.4410E-08	-3.9876E-09	2.8360E-07	-1.7308E-06
-4.5433E-08	1.1647E-08	4.6530E-07	7.3963E-07
1.8702E-08	1.0434E-08	1.0612E-06	9.2785E-07
2.6691E-08	-8.1098E-09	5.6517E-07	1.7650E-06
9.2918E-09	-4.8068E-09	8.4158E-07	-1.3832E-06
-2.1781E-08	-1.1547E-08	-5.5364E-07	1.0464E-06
-2.6610E-08	2.3514E-08	8.9699E-07	1.2292E-07
-1.8441E-08	-4.4858E-10	5.6691E-07	6.8923E-07
-3.8638E-08	-1.6369E-08	3.5801E-07	6.2393E-07
-2.3681E-09	3.5621E-09	-2.3096E-08	-3.3554E-07
-3.0498E-08	-7.3381E-10	1.0807E-06	9.0664E-07
1.3970E-08	-1.6746E-08	2.9443E-07	-4.5157E-07
1.5806E-08	-1.0794E-08	-8.3992E-07	-9.0462E-08
-2.3317E-08	-4.6819E-09	7.9626E-07	6.9544E-07
6.6002E-09	2.7656E-08	4.5931E-07	1.0825E-06
2.7595E-08	1.4262E-08	4.5110E-07	-1.0038E-07
-1.4255E-08	-2.8781E-08	7.2657E-07	1.4148E-06
-1.7045E-08	-1.9507E-08	2.2517E-06	8.1782E-07
-9.6105E-09	1.3884E-08	2.2358E-06	-3.9944E-07
-2.0020E-08	-3.3133E-09	6.5661E-07	-1.0550E-06
-2.1990E-08	1.3564E-08	4.8706E-08	1.1150E-06
1.4374E-08	1.3570E-08	1.3741E-06	-1.7317E-07
5.1463E-09	-1.4483E-09	1.8359E-06	9.8160E-07
7.8947E-09	-2.4294E-08	1.0187E-06	-1.3167E-06
2.4035E-08	4.4218E-08	6.6922E-07	-2.3952E-07
-1.0056E-09	2.1543E-08	1.1295E-07	1.5546E-06
2.4659E-08	2.1298E-09	2.5190E-06	-1.0584E-07
1.3458E-08	-1.0470E-08	1.5099E-06	1.0093E-06
2.8219E-08	-3.0811E-10	-4.0710E-07	4.3303E-07
-2.3430E-08	-1.2823E-08	6.0056E-07	-1.5300E-06
-5.8963E-09	-3.5810E-08	6.2182E-08	1.4780E-07
8.6042E-10	-1.1819E-08	9.0631E-07	-9.1758E-08
-9.3272E-09	-1.4669E-08	1.6495E-06	1.0201E-06
1.6188E-08	2.0448E-08	1.3838E-06	5.9972E-07
-3.3043E-08	-1.8350E-08	1.4592E-06	6.0392E-07
4.2487E-09	7.2266E-09	2.2232E-07	-7.3067E-07
-1.7034E-08	-1.1143E-08	5.3235E-07	4.3300E-07
1.0033E-08	1.0307E-09	1.7208E-06	-3.2471E-07
-5.0915E-09	-1.0145E-08	7.4572E-07	-5.3874E-07
3.0587E-08	-2.5351E-09	1.9996E-06	-9.7961E-07
1.3156E-08	-2.4601E-08	-4.1606E-07	-3.4788E-07
-1.2540E-08	-1.7967E-08	-1.6880E-07	2.6174E-07
-1.1968E-09	-2.7154E-08	8.8360E-07	2.0828E-07
-1.7599E-08	-8.9934E-09	2.8263E-06	5.1622E-07
2.7536E-08	3.9660E-08	1.5394E-06	5.4854E-07
-1.0848E-08	1.2902E-08	2.1215E-06	-1.4228E-06
-2.9963E-08	-9.1014E-09	1.6154E-06	8.1407E-07
-1.5717E-08	-5.0064E-09	1.0571E-06	4.4352E-07
-1.7127E-08	-4.0923E-08	2.1721E-06	1.3538E-06
-2.0043E-09	2.0445E-09	1.0401E-06	1.3210E-06
-1.2457E-08	7.2863E-10	8.9672E-07	-3.1408E-07
8.9294E-09	-1.4277E-08	8.1622E-07	-8.4996E-08
3.8850E-08	-1.9619E-08	1.1947E-06	-1.4478E-06
2.0292E-09	2.0904E-08	7.6153E-07	-6.2201E-07
-1.9602E-08	2.9424E-08	1.5348E-06	8.1939E-07
-6.8187E-09	1.7523E-08	1.4329E-06	-1.1703E-06
9.7929E-09	-8.5773E-09	5.6369E-07	-1.4428E-06
-4.4308E-09	1.8744E-08	2.2236E-06	-1.3581E-07
6.9454E-09	1.5127E-09	2.4373E-06	-4.9968E-07
-2.4686E-08	4.9167E-09	2.4708E-07	1.1091E-06
-3.8374E-08	-2.1758E-08	1.7125E-06	1.5439E-07
-1.5031E-08	1.4424E-08	1.2910E-06	-3.8844E-07
1.8741E-08	3.5766E-09	1.8007E-06	1.0932E-06
-1.0967E-08	5.1631E-09	9.6894E-07	3.0390E-07
7.1109E-09	1.2722E-09	-7.6092E-07	8.8162E-07
-5.1753E-08	1.6834E-09	9.2078E-07	3.7497E-07
1.5021E-08	-9.6827E-09	1.1212E-06	3.0768E-07
-9.3900E-09	9.4546E-09	-5.9228E-07	-7.2971E-07
-2.1914E-08	-1.8093E-09	1.3746E-06	1.9676E-06
-6.4447E-10	-1.3903E-08	1.2543E-07	3.3361E-07
-1.0069E-08	2.8004E-08	8.0742E-07	1.6847E-07
7.6467E-09	-2.6718E-08	-6.7576E-07	-9.0908E-07
1.1182E-08	1.1809E-08	-1.4823E-07	-7.6588E-07
1.5821E-08	3.8535E-09	1.5145E-06	3.1899E-07
2.6224E-08	-7.4086E-09	1.9276E-06	-2.6524E-07
-1.7225E-08	-2.9352E-10	1.6129E-06	1.1195E-08
-8.2457E-10	-2.0956E-09	1.2284E-06	4.3661E-08
7.1571E-09	-3.5114E-08	2.3188E-06	-2.3719E-07
1.4527E-08	3.3927E-09	2.3973E-07	-6.2545E-07
4.9233E-10	-7.7481E-09	1.4749E-06	1.2492E-06
-1.9402E-08	1.6032E-08	-7.8921E-07	-4.2656E-07
-3.6592E-09	-3.8876E-08	1.6744E-06	2.6793E-07
9.0858E-09	-2.1835E-08	1.8743E-06	4.3410E-07
4.1804E-09	-5.8558E-09	1.7139E-06	-6.6814E-07
-1.9180E-08	2.2168E-08	1.1098E-06	6.9267E-07
-2.1478E-08	2.1954E-08	1.4988E-06	1.0713E-06
-2.2392E-08	1.3608E-08	1.3139E-06	5.4219E-07
-1.7313E-08	-1.0140E-09	1.2488E-06	3.7061E-07
-4.2319E-08	-3.8620E-08	3.2950E-07	1.1091E-06
-3.7838E-08	-2.3702E-08	3.1956E-08	-3.6442E-07
2.9452E-09	7.0784E-10	4.1664E-07	1.4334E-06
2.1757E-09	7.6927E-09	5.9720E-07	4.6734E-07
-9.9261E-09	1.2161E-09	1.9064E-07	1.7425E-07
-2.1951E-09	-2.5564E-09	2.3713E-06	-9.3170E-08
-1.6247E-08	-8.5888E-09	-2.1435E-07	7.3582E-07
-1.3197E-08	4.2746E-09	1.5616E-06	-1.0296E-06
-3.7412E-08	4.4672E-08	1.0742E-06	1.0277E-06
-1.7869E-08	-1.8239E-08	5.2060E-07	8.7346E-07
-1.7625E-08	4.6279E-09	-2.5665E-07	1.3815E-06
2.9540E-08	-1.9764E-09	1.0353E-06	3.1479E-07
2.9418E-08	-4.6866E-09	1.9939E-06	-2.0169E-07
-2.1879E-10	3.8399E-08	1.5388E-06	8.5095E-07
-3.2745E-09	-1.8920E-08	1.8521E-06	4.9518E-07
-1.9720E-08	-5.1703E-09	1.0386E-06	-4.1773E-07
3.8652E-08	-2.1321E-08	1.3032E-06	-5.8386E-07
8.9374E-10	-1.4363E-08	5.2900E-07	9.7749E-07
-2.2139E-08	-6.8836E-09	1.6890E-06	2.3632E-06
-1.2335E-08	-4.7250E-08	8.8025E-07	2.0484E-06
1.8907E-09	2.9627E-08	4.2349E-08	1.5750E-06
1.4285E-08	-2.0899E-08	8.3362E-07	2.3777E-07
-6.9614E-09	5.5434E-09	5.6731E-07	-9.1173E-07
-2.0574E-08	4.9785E-08	2.4272E-06	2.5497E-06
-4.7664E-09	5.0399E-09	6.4281E-07	-3.2846E-07
2.3419E-08	-1.0171E-08	1.2919E-06	3.8748E-07
2.1660E-08	2.2450E-08	8.6745E-07	1.5536E-06
-1.5237E-08	2.1092E-09	4.9861E-07	3.3079E-07
-1.7934E-08	2.3656E-08	-1.3348E-06	-9.2008E-07
-1.7451E-09	-2.6475E-08	6.3367E-07	-7.2000E-07
2.8650E-09	-2.2285E-08	-6.2486E-07	-6.2519E-07
-5.2070E-09	-9.9942E-09	2.4561E-06	5.9556E-07
1.4994E-08	-2.7311E-08	7.4324E-08	-4.1628E-07
8.6107E-10	1.8003E-08	1.2848E-06	7.4412E-07
-1.3532E-08	1.8522E-08	1.2092E-06	-1.6279E-08
2.3056E-09	-2.0811E-08	1.3256E-06	9.7263E-07
1.5610E-08	2.5112E-08	3.8666E-07	7.2408E-07
1.0595E-08	-1.4274E-08	2.2766E-07	2.5630E-07
3.4716E-08	-2.2754E-09	-8.6540E-07	-1.9195E-06
-1.5140E-08	-1.7584E-08	-4.3068E-07	4.7095E-07
-1.6058E-08	-3.1006E-08	1.1390E-06	9.8160E-07
1.9209E-08	1.4543E-08	5.9981E-07	1.4014E-07
1.4172E-08	-2.5707E-08	5.8221E-07	1.8415E-06
9.7313E-10	-3.8239E-08	5.2737E-07	4.5765E-07
-4.3049E-08	-7.2344E-09	1.5688E-06	1.3467E-06
2.0907E-08	6.8361E-09	-8.7145E-09	-3.8463E-07
1.1036E-08	-8.9842E-09	1.8582E-06	7.1746E-07
8.2894E-09	-3.8818E-09	2.4677E-06	-5.2908E-07
-1.7577E-08	-2.5031E-08	-3.0080E-07	7.2871E-07
-1.5316E-08	1.1389E-08	-2.2958E-07	6.2451E-08
4.4963E-09	-1.0767E-08	1.1613E-06	-2.5614E-07
2.6348E-08	-2.8298E-08	-1.3736E-07	4.3055E-07
-8.3519E-09	2.0899E-08	1.5112E-06	-3.2163E-07
-6.3014E-09	-4.7739E-08	9.1878E-07	4.2380E-07
-1.8457E-08	-1.7713E-08	9.6278E-07	7.7968E-08
1.8338E-08	3.7315E-08	1.4401E-06	3.6402E-08
-2.6854E-08	1.8574E-08	-2.8739E-07	-1.0228E-06
-4.3994E-09	-1.0101E-08	1.7473E-06	4.9232E-07
-5.8622E-09	-9.3228E-10	1.1783E-06	-5.4673E-07
5.0416E-09	2.6506E-08	2.3911E-06	2.8384E-07
-1.9941E-08	1.4223E-08	2.7581E-07	-4.7201E-07
5.6823E-10	6.2595E-10	1.2429E-06	4.8150E-07
-2.2436E-08	1.0847E-08	2.1609E-06	-1.5126E-08
-1.8287E-08	2.1412E-08	1.3684E-06	-2.7169E-07
-2.6178E-08	-1.5101E-08	-2.9879E-08	9.2162E-07
-1.4470E-09	-3.1567E-08	9.4321E-07	-1.0247E-06
-3.0998E-08	-7.4235E-09	9.1089E-07	-2.6488E-07
3.3411E-09	2.0704E-08	1.3060E-06	2.1697E-07
4.2209E-09	8.0637E-10	-3.3912E-07	1.6175E-07
-2.4424E-08	3.4452E-08	1.3072E-06	-8.0470E-07
5.8869E-09	-8.6005E-09	6.6957E-07	-7.1192E-08
-2.7124E-09	-1.7781E-08	-8.8483E-07	5.9977E-07
-2.0710E-08	-2.7742E-08	7.4759E-07	3.0982E-07
-2.5607E-08	-4.4134E-08	9.1265E-07	1.1692E-06
9.7151E-09	-3.1109E-08	1.0281E-06	-3.6996E-07
4.1544E-09	-5.6483E-09	-4.3737E-08	-6.7043E-07
1.0712E-08	-8.0742E-09	1.5218E-06	4.2259E-07
2.5799E-08	1.5436E-08	1.0220E-06	1.0265E-06
2.0256E-08	4.8935E-09	-3.0029E-07	5.0262E-07
-1.3696E-09	-4.5615E-09	1.8787E-06	2.7760E-08
9.5326E-09	-2.1416E-08	1.0657E-06	-8.4551E-09
-2.0923E-08	-1.5711E-09	6.1092E-07	-1.0833E-06
-6.9271E-09	4.9317E-09	1.1502E-06	4.9139E-07
-9.4772E-09	-9.4087E-09	1.3802E-06	-4.9073E-07
9.7002E-09	3.8885E-08	-1.1978E-06	1.6423E-06
1.2349E-08	-1.5617E-10	-3.8497E-07	1.3471E-06
8.3347E-09	9.9678E-09	2.4868E-06	1.1579E-06
-9.5079E-09	3.1594E-09	-1.4297E-07	7.6991E-07
-6.4168E-09	1.8581E-08	1.0530E-06	8.1692E-07
1.3820E-08	-1.4705E-08	1.4335E-06	1.6307E-07
7.7246E-09	2.3259E-09	1.3418E-06	-9.2768E-07
1.8047E-08	-9.4503E-09	-3.4827E-07	1.3537E-06
1.5368E-09	2.0571E-08	1.5093E-06	-5.3614E-07
-4.9965E-08	8.3401E-09	-8.8908E-07	7.5962E-07
2.0815E-08	1.8919E-08	3.8703E-07	1.9291E-07
1.6690E-08	6.3435E-10	6.0742E-07	-6.9007E-07
-1.5971E-08	-9.0429E-09	9.2753E-07	5.1491E-07
-5.2603E-09	1.2866E-08	5.3074E-07	8.0198E-08
-6.6941E-09	-7.9029E-11	8.4759E-07	7.2620E-07
5.5123E-09	3.7364E-08	2.8506E-06	9.7867E-08
-1.8574E-08	-1.1963E-08	-7.1638E-07	-7.8356E-07
-1.5672E-08	-2.5617E-08	1.2690E-07	5.1170E-08
5.2042E-09	-1.4505E-08	1.0593E-06	7.8731E-07
9.5817E-10	3.4223E-08	2.4377E-07	1.7023E-06
-2.0539E-08	-1.0892E-08	5.0372E-07	-1.2005E-07
1.9881E-08	5.6449E-09	1.8408E-06	7.4091E-07
2.0009E-09	-2.4470E-08	3.9594E-07	2.7784E-07
-2.2122E-08	-1.3173E-08	1.1665E-06	-1.3470E-06
-1.3483E-09	3.4108E-09	2.5859E-07	1.8547E-06
5.3221E-09	1.0557E-08	1.8142E-07	1.1346E-07
-2.9101E-09	-1.0874E-08	1.3327E-06	1.4978E-06
3.6438E-09	2.8007E-09	5.4595E-07	7.3137E-07
-1.6934E-08	1.3847E-08	2.5179E-08	-7.0878E-07
-2.7725E-08	-1.3721E-08	-5.4472E-08	5.0026E-07
2.4932E-08	-3.3162E-08	1.8727E-06	-4.8908E-07
-2.0703E-08	2.8869E-09	9.5592E-07	-1.0920E-06
-1.7975E-08	1.2732E-09	1.9981E-07	1.0063E-06
-5.7486E-09	8.7795E-09	1.2919E-06	1.2740E-07
5.8399E-09	-1.8558E-08	7.6691E-07	4.3091E-07
-6.4783E-09	-1.6927E-08	1.6187E-07	4.5561E-08
-2.8399E-08	-7.8893E-09	6.0432E-07	6.2288E-07
-3.8785E-08	-2.2417E-08	1.2998E-06	-1.0510E-06
-2.3990E-08	-1.5209E-08	9.8478E-09	-4.0474E-07
-1.9963E-09	-1.2783E-08	-1.2761E-07	5.7297E-07
-5.2288E-09	-5.0271E-08	7.7392E-07	1.2959E-06
-8.6860E-09	1.2775E-08	-4.5681E-08	7.6937E-07
-2.9384E-08	2.5067E-08	9.7454E-08	1.0090E-06
1.5140E-09	-1.2839E-08	5.9976E-07	-1.4743E-06
5.4392E-09	3.0395E-09	9.0781E-07	6.8251E-07
8.4334E-09	1.1432E-08	1.8539E-07	1.4270E-06
-1.4314E-09	7.2626E-09	-5.4882E-07	1.8330E-06
2.6577E-08	2.7194E-08	8.0882E-07	-3.3416E-07
9.1669E-09	-6.3436E-09	6.2558E-07	7.1327E-07
9.1544E-10	1.1678E-09	8.0182E-07	-8.2159E-07
1.1549E-08	-3.7246E-09	8.7346E-07	6.4364E-07
-2.1147E-08	-2.6332E-08	5.1811E-07	3.8574E-07
-2.1018E-08	2.4263E-08	4.7962E-07	-1.9978E-07
-5.7489E-09	-1.1675E-08	3.4189E-07	1.3875E-06
8.5182E-09	3.1638E-09	3.5836E-07	-7.4045E-07
7.7780E-09	-3.1991E-08	2.7042E-07	9.3511E-07
-2.4395E-08	8.5744E-09	1.0959E-06	-5.4786E-07
2.9842E-09	-1.4470E-08	1.5536E-06	8.1662E-08
1.2109E-08	1.8263E-08	1.7074E-06	8.0051E-08
1.8741E-08	1.6329E-08	1.1312E-06	6.5180E-07
2.1902E-08	-3.0379E-08	-7.7992E-08	-3.3199E-07
-1.3101E-08	3.5259E-09	1.1031E-06	1.8380E-07
1.2895E-08	2.9755E-08	6.1373E-08	1.2474E-06
8.2088E-09	2.2442E-09	1.6134E-06	2.6156E-06
-2.2235E-08	1.4144E-08	1.9673E-06	1.1220E-06
-7.0013E-09	-1.6267E-08	2.4565E-06	7.1447E-07
5.5919E-09	-8.4920E-09	7.0670E-07	1.8842E-07
6.1713E-09	1.5020E-08	-1.5712E-07	9.2071E-07
-2.1361E-08	-5.1430E-08	2.6600E-06	-8.9084E-07
-2.4156E-08	5.1814E-10	-8.2040E-07	1.9490E-07
-1.3581E-08	-6.7631E-09	2.8022E-08	-2.0475E-06
-1.8364E-09	1.3735E-08	4.7309E-08	-7.9530E-08
4.3025E-09	1.6494E-08	7.6163E-07	1.3617E-06
1.1602E-08	7.0529E-09	1.2727E-06	2.8749E-07
2.4936E-08	-1.8765E-08	7.4667E-07	-5.5981E-07
4.4392E-08	1.6813E-08	-2.9545E-07	-9.1508E-07
-2.6064E-08	1.3859E-08	-1.4906E-06	-4.0043E-07
7.6219E-09	2.9301E-08	1.0642E-06	1.2681E-06
-1.8072E-08	6.8500E-08	2.9530E-07	-1.1921E-07
6.2704E-09	1.1972E-08	4.9993E-07	-3.9140E-08
3.1365E-08	2.7817E-08	8.2355E-07	-3.9402E-07
-6.5382E-08	-1.5859E-08	7.4529E-07	9.0030E-07
1.2480E-08	-9.2794E-09	-2.4001E-07	-9.7435E-07
1.7567E-09	-1.6061E-08	6.7293E-07	1.2742E-06
2.3694E-08	2.9265E-10	8.9378E-07	-7.8966E-07
1.1361E-08	-2.6130E-08	2.6983E-06	2.1580E-06
-1.9676E-09	8.3563E-09	1.1587E-07	1.1841E-06
-1.1014E-08	6.9060E-09	-1.2616E-06	-5.1422E-07
-9.2900E-09	1.6525E-09	1.8257E-06	1.7714E-06
-7.4814E-09	-1.0651E-08	1.8008E-06	4.9116E-07
1.6338E-08	-9.3490E-09	2.2344E-07	8.6582E-07
-3.7907E-08	2.1929E-08	1.5830E-06	2.3385E-06
-2.2601E-08	-2.3527E-09	-1.5123E-08	1.1111E-06
-8.6036E-10	-4.0247E-09	-4.6283E-07	-1.6134E-06
-1.0634E-08	1.6867E-08	4.1327E-07	-8.0952E-07
-8.7859E-09	3.9126E-08	8.4202E-07	8.4380E-07
-7.2125E-09	2.2161E-08	-8.8071E-09	2.5957E-07
-2.5560E-08	-2.3857E-08	1.4456E-06	7.6854E-08
4.8598E-09	-3.3652E-08	-6.6612E-07	-2.1503E-07
-2.0632E-08	-1.4032E-08	1.5605E-06	1.2411E-06
-2.6114E-08	-3.0094E-08	1.0956E-06	3.1837E-07
1.5743E-09	-8.1040E-09	5.5480E-07	1.9250E-06
1.6313E-08	8.5972E-09	2.0948E-07	-4.1019E-07
-6.4302E-09	3.1540E-08	1.4050E-06	1.0158E-06
-3.6243E-08	3.3670E-09	-1.1442E-07	1.0311E-06
-4.0732E-08	-4.4981E-09	-3.2703E-07	1.1656E-06
-1.7003E-08	-5.3141E-08	-4.4680E-07	2.5398E-07
2.7764E-08	7.5604E-12	-6.2957E-07	9.1819E-07
6.0236E-10	-1.3338E-08	8.1183E-07	1.0012E-06
1.1618E-08	3.4193E-09	7.5445E-07	-4.0795E-07
-2.1432E-08	-1.4104E-08	8.8334E-07	4.2929E-07
1.2959E-08	-3.3643E-09	2.5496E-07	-1.5237E-07
-6.5342E-09	7.6435E-09	2.0357E-07	2.9546E-07
3.9991E-08	2.7995E-08	3.7534E-08	-7.8569E-07
-2.6374E-08	-6.6019E-09	-6.5714E-07	-1.2433E-06
-1.0585E-08	-1.6441E-08	3.1887E-07	1.8537E-08
-1.4649E-08	4.9610E-10	-8.5831E-08	-4.7657E-07
1.4433E-08	-2.7568E-08	1.0653E-06	-1.4790E-08
-1.7613E-08	-1.4231E-08	1.4526E-06	-8.0933E-08
-1.5125E-08	-1.8052E-09	3.7460E-07	-3.6624E-07
-1.6831E-08	-1.1378E-08	8.3683E-07	-1.3714E-08
-1.6535E-08	4.9466E-09	1.1887E-06	1.3815E-06
4.6047E-08	2.8466E-08	2.3440E-06	-7.4378E-08
4.1559E-09	-2.5361E-08	1.3055E-06	5.8928E-07
-1.9245E-08	3.1921E-08	1.0164E-06	3.0424E-08
1.0909E-08	1.6309E-08	1.5740E-06	-8.8737E-07
-1.8299E-08	3.1595E-08	9.3952E-07	-1.2338E-07
-4.1569E-08	2.9566E-08	7.3419E-08	1.5821E-06
-2.0918E-08	-1.6860E-08	1.3171E-07	-4.8918E-07
-2.7506E-08	-3.9892E-08	1.5796E-06	2.2422E-06
-2.6583E-08	3.3198E-09	2.9101E-06	-2.8426E-07
-2.3989E-09	-1.9477E-08	-7.6828E-07	6.4217E-07
-6.7439E-09	3.6927E-08	2.5496E-07	-1.1663E-06
8.6954E-09	3.5896E-08	3.0620E-07	-5.1514E-07
-1.3950E-08	-1.6779E-08	-7.3931E-07	1.1604E-06
5.8023E-09	2.2883E-08	1.1736E-06	1.2723E-06
8.6263E-10	2.0217E-09	1.4930E-06	-1.0203E-07
3.7349E-09	2.5976E-08	4.4974E-07	-1.4448E-07
-3.1211E-09	3.0191E-08	4.2841E-07	9.1360E-07
2.3888E-08	-2.3481E-08	8.8266E-07	5.8150E-07
-2.4222E-08	-6.1242E-09	3.3231E-07	-2.2596E-07
-1.4534E-08	1.0993E-08	-1.1503E-07	-2.8905E-08
-1.9134E-08	-1.9641E-08	2.3432E-06	5.8778E-07
6.9325E-09	4.8499E-09	-4.7608E-07	-6.4580E-07
1.1838E-08	1.1045E-08	1.1208E-06	-2.3701E-06
4.4536E-08	-2.0930E-09	-6.9889E-07	-6.5162E-07
-3.4279E-09	-3.7444E-09	1.7786E-06	-5.2994E-07
3.1048E-08	6.4335E-09	-3.0657E-07	-2.8505E-07
2.0151E-09	7.3572E-09	2.8270E-06	-6.0162E-07
9.1772E-09	-4.6987E-08	9.2239E-07	2.2407E-07
-2.7166E-08	-5.6540E-09	-3.5010E-07	-8.0513E-07
1.5681E-08	4.0276E-09	-1.0965E-06	7.6925E-07
3.6174E-08	-7.0649E-09	8.2185E-07	-3.4782E-07
-4.9684E-09	4.1764E-08	1.6795E-06	1.5493E-06
1.2616E-08	-8.4884E-11	-2.1214E-07	1.4147E-07
4.5383E-09	-2.2439E-08	9.7185E-08	3.5510E-07
6.3729E-10	1.6190E-08	-7.7954E-07	3.8018E-07
9.8018E-09	3.7937E-09	8.3094E-07	1.6564E-07
7.0573E-09	1.9087E-09	2.1190E-07	2.5160E-06
-6.7983E-09	-3.0436E-08	6.4025E-07	-9.6392E-07
4.2023E-08	1.1785E-08	1.4318E-07	1.7337E-06
7.9650E-09	2.7764E-09	5.4607E-07	3.6140E-07
-1.5023E-08	-1.0908E-08	3.1275E-07	4.1993E-07
2.4564E-08	-1.7612E-08	5.7354E-07	1.5913E-06
-6.2445E-09	9.2376E-09	1.0272E-06	-3.1329E-07
1.6769E-09	-1.9054E-08	1.0340E-06	1.5612E-07
-8.6464E-09	-1.6421E-08	-5.0328E-07	3.9643E-07
1.0655E-08	-6.5659E-09	7.1525E-08	-2.6874E-07
-9.6886E-09	-2.2357E-08	-1.3474E-08	-3.7162E-07
1.1391E-08	3.8298E-08	-8.9092E-07	-4.5380E-08
4.6357E-10	-1.7489E-08	-4.5427E-07	1.4615E-06
3.3599E-08	-1.8174E-08	3.3116E-07	2.3205E-07
8.1447E-08	-1.8974E-08	-3.0805E-07	1.1868E-06
1.4983E-07	2.4403E-08	2.0152E-07	-2.8408E-07
