jMRUI Data Textfile

Filename: Export_to_jmrui.txt

PointsInDataset: 2048
DatasetsInFile: 1
SamplingInterval: 0.250000
ZeroOrderPhase: 0E0
BeginTime: 0E0
TransmitterFrequency: 1.2326E8
MagneticField: 2.8936E0
TypeOfNucleus:  
NameOfPatient:  
DateOfExperiment:  
Spectrometer:  
AdditionalInfo: 
SignalNames:  


Signal and FFT
sig(real)	sig(imag)	fft(real)	fft(imag)
Signal 1 out of 1 in file
1.1765E-06	5.2766E-07	3.4706E-07	1.4550E-06
1.3857E-06	2.3374E-07	-2.8697E-07	9.8047E-07
9.7077E-07	-3.0718E-07	-1.2431E-06	8.7808E-07
7.2695E-07	-5.5937E-07	6.6423E-07	1.0726E-06
9.0486E-08	-7.2766E-07	-7.1776E-07	-1.6147E-07
-2.5845E-07	-6.0354E-07	-1.7357E-06	-9.9973E-07
-4.6706E-07	-3.5366E-07	-6.0855E-07	2.3703E-06
-3.4592E-07	-7.9062E-09	-9.6233E-07	5.2314E-07
-1.1678E-07	1.4662E-07	1.0176E-06	-5.2596E-07
2.1048E-07	9.5069E-08	3.3337E-07	8.8437E-07
3.3044E-07	-4.0730E-08	-1.0908E-06	6.0152E-07
3.1231E-07	-2.4399E-07	-8.0903E-07	2.2363E-06
1.5110E-07	-4.0711E-07	1.4766E-06	6.6564E-07
-5.4050E-08	-3.8816E-07	1.4465E-07	-1.7778E-07
-2.3338E-07	-2.5361E-07	1.4394E-07	-6.4603E-07
-2.0812E-07	-5.9471E-08	-3.8958E-07	1.3156E-06
-1.7084E-07	-9.7189E-09	1.8443E-07	1.7573E-06
3.8765E-09	1.3146E-08	-2.3272E-07	1.4023E-06
3.0137E-08	-5.7898E-08	-7.0953E-07	1.0086E-06
6.7510E-08	-1.8041E-07	-2.5452E-07	-1.0626E-07
-5.8820E-08	-2.6655E-07	8.2294E-08	6.3923E-07
-1.5358E-07	-1.7603E-07	-9.1330E-07	-1.1170E-07
-2.6389E-07	-1.1682E-07	-2.8223E-07	3.1929E-06
-2.8732E-07	-2.7084E-09	-4.5806E-09	1.1908E-06
-2.0516E-07	1.2306E-07	-4.2967E-07	-1.5151E-07
-5.7552E-08	1.5087E-07	1.0755E-06	-1.3786E-08
-7.0249E-09	9.1815E-08	2.2784E-06	3.0351E-06
8.6402E-08	-1.0063E-08	1.9551E-06	-2.8013E-07
-2.7513E-09	-6.4408E-08	1.0130E-06	1.5515E-07
-1.0034E-07	-5.5536E-08	-2.3321E-07	-1.6829E-07
-1.6676E-07	4.7242E-08	1.5241E-06	-4.2027E-07
-1.7830E-07	8.1131E-08	1.6109E-07	9.3596E-07
-1.7039E-07	1.6683E-07	-3.1201E-07	9.6521E-07
-7.3111E-08	2.1406E-07	-1.9176E-06	1.0518E-07
7.7569E-09	1.6333E-07	4.6415E-07	8.9868E-07
1.0348E-07	1.3810E-07	-4.2129E-07	1.6668E-06
8.0378E-08	1.0252E-07	-6.6579E-07	1.0214E-06
1.3047E-07	9.3223E-08	-1.0919E-06	4.3699E-07
7.1894E-08	5.9849E-08	1.1549E-06	9.6535E-07
4.7179E-08	9.3235E-08	-8.7067E-07	1.5070E-06
3.5533E-08	7.8734E-08	1.2014E-07	5.3646E-07
7.5279E-08	7.2649E-08	4.4167E-08	5.7476E-07
1.0700E-07	2.3347E-08	1.0114E-06	1.2781E-06
1.5691E-07	-2.9935E-08	1.0149E-06	3.7586E-07
1.4548E-07	-6.9331E-08	1.3580E-07	7.2847E-07
9.9852E-08	-2.7384E-08	-6.7125E-07	-2.9861E-07
3.9464E-08	-5.5870E-08	-9.1971E-07	1.3649E-06
1.6484E-08	-4.3400E-08	-6.6151E-07	2.0871E-06
-5.7888E-08	1.8755E-08	1.8954E-07	4.0866E-07
-1.1547E-08	-1.6476E-08	3.1470E-07	4.4612E-07
-1.4776E-08	2.3666E-08	6.0971E-07	1.3817E-06
4.4646E-08	-2.0098E-08	-1.1177E-06	-5.7170E-07
1.9049E-09	-2.0818E-08	-1.2563E-06	-2.2397E-07
3.7027E-08	-7.2927E-08	1.2731E-06	1.0460E-06
-1.7409E-08	-7.5124E-08	2.1731E-07	1.5027E-06
-8.1667E-08	-6.5523E-08	-1.3420E-06	1.0519E-06
-1.0655E-07	-1.8897E-08	1.0563E-06	4.0133E-07
-1.3886E-07	4.1751E-08	-6.7642E-07	1.6700E-07
-7.5673E-08	2.8567E-08	1.3913E-06	-4.5726E-07
-2.4367E-08	4.5120E-08	-5.7112E-07	4.6151E-07
3.6630E-08	-9.0373E-09	-1.0678E-07	1.3961E-06
5.7090E-08	-4.3687E-08	-5.1126E-07	-2.7009E-07
-1.1798E-08	-6.1059E-08	2.7019E-07	-1.3865E-07
-3.2646E-08	-8.8410E-08	-1.6948E-06	-1.1871E-06
-8.4048E-08	-1.9607E-08	1.1174E-06	3.9639E-07
-2.2212E-07	-3.4842E-08	-8.4932E-07	9.0847E-07
-1.7383E-07	-3.3802E-09	4.8259E-07	1.8629E-06
-1.3522E-07	7.1718E-08	-8.2857E-08	4.8362E-07
-1.0008E-07	7.1478E-08	-8.6487E-09	1.1473E-06
-7.6562E-08	1.2024E-07	1.5337E-06	1.0030E-06
-5.5259E-08	3.2486E-08	6.8515E-07	-2.1231E-07
-9.2553E-08	4.6732E-08	8.7787E-07	5.0950E-07
-6.3261E-08	6.4895E-08	4.3559E-07	7.4577E-07
-8.5028E-08	1.0495E-07	-8.5540E-07	1.1872E-06
-1.1674E-07	9.4463E-08	-1.3798E-06	-3.0649E-07
-5.3704E-08	1.3719E-07	-1.0512E-07	2.2009E-07
-1.2811E-08	8.5126E-08	9.2575E-07	-6.1349E-07
2.1551E-08	5.4841E-08	4.7757E-07	8.0071E-08
2.8458E-08	4.1959E-08	5.9612E-07	7.3378E-08
-1.9751E-08	1.2281E-08	-3.9909E-07	4.5450E-07
-1.4890E-07	5.1029E-08	6.6884E-07	1.0308E-06
-1.2338E-07	7.4909E-08	-9.3924E-08	1.2812E-06
-5.2940E-08	1.3012E-07	8.9510E-07	5.7747E-07
-5.2228E-08	1.4424E-07	8.7843E-07	9.8596E-07
1.7842E-08	1.1785E-07	-8.1606E-07	2.4652E-06
8.3443E-08	5.9589E-08	5.4409E-07	1.2610E-06
9.5239E-08	3.2938E-08	1.5310E-06	-3.9462E-07
2.6333E-08	3.3192E-09	1.7527E-06	8.7978E-07
6.9725E-09	-6.0003E-08	-8.9987E-07	7.0288E-07
6.9727E-09	-3.8555E-08	3.8914E-08	1.7514E-06
-2.9335E-08	-5.6652E-08	-4.7128E-07	5.3213E-07
-9.1979E-08	-6.9132E-09	3.8851E-07	1.3235E-06
-4.0837E-08	4.3808E-08	1.7368E-06	2.0616E-07
-2.2406E-08	3.6073E-08	-8.1175E-08	-5.2571E-07
-1.4557E-08	9.2258E-08	2.3008E-06	3.5190E-07
3.9318E-08	4.7379E-08	-3.8300E-07	-1.0276E-06
8.2582E-09	9.8316E-09	-1.1522E-06	1.3731E-06
1.2070E-08	-2.8840E-08	1.7533E-06	3.0457E-07
9.0485E-09	-3.0121E-08	5.1104E-07	-6.0342E-08
-2.3546E-08	-7.1454E-08	-1.5037E-07	1.2681E-06
-7.9503E-08	-4.8832E-08	9.4062E-07	9.2310E-07
-4.3938E-08	-2.2673E-08	-6.8225E-07	1.5758E-06
-1.0625E-07	-2.0439E-08	7.3744E-07	4.9464E-07
-5.7998E-08	1.8583E-08	2.9350E-07	4.6269E-07
-7.8657E-08	-2.9920E-08	1.9664E-06	2.4040E-07
-6.8573E-08	-8.7033E-09	-7.4146E-07	1.1119E-06
-7.7503E-08	-5.1869E-09	-1.3743E-07	-1.3928E-07
-9.3575E-08	-3.9353E-08	-6.0018E-07	1.0659E-06
-1.3203E-07	2.9272E-08	-6.6236E-07	5.5263E-07
-6.9386E-08	3.7268E-08	3.8520E-07	8.9958E-07
-4.7974E-08	8.0436E-08	2.1862E-07	1.6426E-06
-4.1543E-08	6.6033E-08	-4.1106E-07	-2.3402E-07
-2.9203E-08	1.7930E-08	7.0746E-07	1.5424E-06
-6.2207E-09	-6.4038E-10	-1.6057E-07	1.7784E-06
-1.3433E-08	-3.5849E-08	-8.0805E-07	4.2187E-07
-4.7896E-08	-8.4103E-09	1.3652E-06	-5.0184E-07
-8.3179E-08	-7.7764E-09	-5.9064E-07	9.4752E-08
-8.0618E-08	2.5588E-11	-2.0255E-06	5.0421E-07
-1.4636E-07	5.8466E-08	-3.9272E-07	2.8261E-07
-8.5076E-08	6.5755E-08	-1.2078E-06	5.2083E-07
-7.7222E-08	5.5768E-08	-1.5497E-06	7.6964E-07
-7.2005E-09	2.8798E-08	3.7178E-07	8.6520E-07
5.4079E-09	8.6675E-09	-9.9102E-07	5.9107E-07
3.0632E-08	-1.2456E-08	7.1352E-07	9.5934E-07
-2.3878E-08	3.1723E-09	2.6204E-07	4.8725E-07
-3.9798E-08	-1.8454E-08	-4.5298E-07	8.0048E-07
-5.2561E-08	-2.3445E-08	-3.3776E-07	1.3072E-06
-7.1517E-08	-7.3919E-09	-1.7198E-06	3.0853E-07
-1.0601E-07	7.4762E-10	-9.4560E-07	1.9908E-06
-3.5800E-08	2.3791E-08	2.2691E-07	1.8722E-06
-1.6767E-08	4.2534E-09	-3.0028E-07	4.6555E-07
3.1598E-08	-8.8178E-09	-2.0267E-07	1.3065E-06
-2.1860E-08	-2.7672E-09	8.4739E-07	1.7505E-06
-1.0735E-08	2.9808E-09	5.7499E-07	1.8488E-06
6.3132E-09	4.3269E-08	9.5350E-07	3.3366E-07
-4.6747E-08	3.2223E-09	-4.3793E-07	-6.0977E-07
1.7569E-08	-3.7256E-08	-6.8634E-07	-6.2547E-07
-6.0908E-09	-7.3757E-09	-8.3647E-07	-5.4489E-07
7.5244E-08	-4.7715E-08	5.8834E-09	1.7695E-06
1.6988E-08	-6.0557E-08	-1.5863E-07	6.7188E-07
1.4401E-08	-1.2352E-07	1.8135E-06	5.2704E-07
-5.0218E-08	-5.0848E-08	1.4742E-06	1.0917E-06
-3.5509E-08	-5.0374E-08	2.2041E-07	8.8027E-07
-4.2946E-08	-4.3923E-08	-7.6125E-07	4.6803E-09
-4.4318E-08	-3.6552E-08	1.1058E-07	2.0754E-07
-5.7161E-08	9.4590E-09	-1.2066E-06	8.5079E-07
-4.2411E-08	-1.2560E-08	6.8498E-07	-1.0153E-06
4.9655E-09	-5.6680E-08	-1.4431E-06	-7.7715E-07
1.6670E-08	-2.1145E-08	-5.1481E-07	2.6428E-06
-1.8629E-08	-5.5643E-08	8.9022E-07	2.7306E-06
-2.1811E-08	-2.5746E-08	6.0040E-07	-3.6978E-07
-5.9152E-08	-6.4706E-08	-5.4617E-07	-1.0426E-07
-8.4045E-09	-3.9192E-08	-1.8714E-08	5.0940E-07
-5.6353E-08	-2.4490E-08	-9.4252E-07	-1.0506E-06
-4.4530E-08	-2.3057E-08	8.0102E-07	1.2213E-06
1.9164E-09	-3.7123E-09	3.9188E-07	1.4285E-07
-2.9180E-08	4.5205E-09	5.0206E-07	-2.3234E-07
-3.7383E-09	1.3366E-08	-3.8741E-07	9.5946E-07
1.4176E-08	1.2792E-08	6.3483E-07	1.0378E-06
2.2669E-08	-1.8627E-08	8.0912E-07	1.7975E-06
6.4092E-09	-4.3310E-09	2.1845E-07	1.0583E-08
5.4161E-09	-2.8291E-08	-1.6453E-06	-1.9773E-07
9.2106E-10	-7.0573E-09	6.4708E-07	1.4290E-06
1.8016E-08	-6.7587E-08	-4.2240E-07	1.0160E-06
-3.6487E-08	-2.8179E-08	1.3850E-07	-5.7215E-07
-1.0351E-08	-5.5846E-08	7.5785E-07	1.3075E-06
-1.1628E-08	-1.7697E-08	6.3099E-07	6.5801E-07
-3.8640E-08	-6.1895E-08	7.5566E-07	6.3846E-07
2.8218E-08	-7.7713E-09	4.0693E-07	1.1424E-06
2.4057E-08	-1.6752E-08	-2.1877E-07	8.7338E-07
2.8228E-08	5.8159E-08	-3.4496E-07	1.8414E-06
2.1927E-09	4.8584E-08	-2.2707E-07	2.2251E-07
2.3651E-08	-4.2435E-09	-1.4467E-06	2.5407E-07
2.1743E-08	3.2891E-08	1.1268E-06	6.6330E-07
3.5073E-08	-1.2906E-08	1.4785E-06	2.0253E-06
3.0399E-08	-6.4769E-08	1.7746E-06	2.4746E-07
7.5677E-08	-3.4653E-08	-3.9378E-07	2.5692E-07
6.8092E-08	-4.5874E-08	4.9776E-07	-1.5949E-07
2.7538E-08	-3.8689E-08	1.4234E-06	1.1852E-06
8.1755E-08	-2.8954E-08	7.3307E-07	2.1086E-07
1.1145E-08	-2.9417E-08	-6.2881E-07	-1.3834E-06
1.0472E-08	-7.4798E-08	7.9780E-07	1.1247E-06
5.5122E-08	-6.4876E-08	7.7583E-07	1.3822E-06
-1.1438E-08	-4.0399E-08	1.9712E-06	-4.7976E-07
-2.6644E-08	-2.9206E-08	-6.2759E-07	8.5847E-07
1.1500E-08	-7.8554E-08	1.9049E-06	4.1338E-07
-5.8213E-09	-5.9828E-08	-6.7580E-07	9.1034E-07
1.7665E-08	-3.9825E-08	-7.9644E-07	-9.9854E-08
-6.5454E-08	-1.7032E-08	8.6957E-08	3.2471E-06
-1.6855E-08	-2.5305E-08	-5.0377E-07	1.8215E-06
2.3443E-08	-4.5721E-09	9.3541E-07	-7.2309E-07
-3.3090E-09	-1.5040E-09	1.6936E-06	-2.6472E-07
-1.2918E-08	1.6484E-08	6.4795E-07	1.5309E-06
3.0935E-08	3.2643E-09	-2.2059E-08	1.9148E-06
1.1141E-08	-5.8169E-08	-6.4562E-07	9.4909E-07
-6.0587E-09	1.1082E-09	-1.0433E-06	1.0270E-06
-4.5546E-08	-8.5389E-09	1.7256E-06	9.1394E-07
-1.5974E-08	-1.0600E-08	9.3033E-10	1.1016E-06
3.0254E-08	-2.4410E-08	9.8119E-08	-9.4698E-07
-2.4722E-09	7.5943E-09	1.4377E-07	-5.0511E-07
3.8323E-08	1.0671E-08	5.1800E-07	6.1026E-07
2.5407E-09	-8.5197E-10	1.8486E-07	7.0046E-07
2.3574E-08	3.0375E-08	5.6854E-07	4.1617E-07
2.0015E-08	-3.9373E-08	1.8430E-08	8.0952E-07
1.7832E-09	1.3721E-08	2.2611E-06	3.5597E-07
6.1267E-09	6.2693E-09	-5.7707E-07	2.2755E-07
1.7189E-08	1.6889E-08	2.2453E-06	8.6809E-07
6.9543E-10	3.0302E-08	9.5026E-07	1.9422E-06
3.8426E-08	1.3767E-08	-6.6223E-08	1.8071E-06
2.9493E-08	2.4012E-08	-4.7626E-07	-3.6550E-07
3.9379E-08	3.5907E-08	-7.6499E-08	2.3260E-06
4.5218E-08	5.2135E-08	7.2993E-07	5.0214E-07
5.4058E-08	-8.7392E-09	1.0126E-06	7.9325E-07
4.0396E-08	5.7411E-08	8.2694E-07	6.3542E-07
5.7930E-08	1.8801E-08	5.1427E-07	1.8095E-06
6.1862E-08	1.7723E-08	-3.0175E-07	9.6120E-07
6.5501E-08	-6.1127E-09	3.0962E-07	-8.8930E-07
5.0334E-08	-4.2500E-08	-6.4460E-08	1.0800E-06
7.1860E-08	-2.0316E-09	-5.1404E-09	-2.8938E-07
7.7333E-08	-2.3135E-08	5.7078E-07	-1.0654E-07
4.4203E-08	3.1376E-08	9.6128E-07	1.1735E-06
6.9667E-08	-1.1083E-08	3.7560E-07	1.0375E-06
5.3136E-08	-1.2632E-08	3.5411E-07	1.3668E-06
8.3239E-08	-4.3526E-08	6.3267E-07	2.2107E-08
1.4641E-08	-4.5870E-09	2.6017E-07	1.1033E-06
3.4725E-08	-1.5827E-08	1.5285E-06	1.4815E-06
1.0535E-08	-3.5488E-09	-1.2359E-06	9.5603E-08
2.2266E-08	-6.0682E-09	6.4535E-07	1.7418E-06
2.0615E-08	6.4895E-09	1.0476E-06	1.4348E-06
2.5081E-08	1.3182E-08	1.0417E-06	2.8334E-07
7.0190E-08	2.9200E-10	-1.8288E-06	1.0909E-06
4.8504E-08	3.3646E-09	1.6025E-07	1.1716E-06
5.7817E-08	-2.3689E-08	2.0165E-06	1.3761E-06
6.2422E-09	-3.4364E-08	7.6961E-07	6.0652E-07
4.5380E-08	1.6569E-08	-1.5207E-06	8.3581E-07
2.4138E-08	-8.5770E-09	6.0399E-08	3.4130E-07
-1.6388E-08	1.9102E-08	8.2901E-07	1.9816E-06
-1.4731E-08	9.5397E-09	8.2982E-07	-7.4295E-08
3.3887E-08	1.2011E-08	-3.9829E-07	-2.1658E-07
3.6341E-08	1.6572E-08	1.9175E-07	8.9736E-07
3.1438E-08	2.0675E-08	-1.4678E-06	1.0653E-06
3.3747E-08	4.5183E-08	-1.0868E-06	1.4346E-06
4.1652E-09	4.8560E-08	-1.0018E-06	1.8375E-06
-2.4337E-09	1.6146E-08	-6.4664E-07	2.3804E-06
-4.2949E-09	1.0265E-08	1.6094E-06	2.9034E-06
-1.7098E-09	8.3511E-09	6.4663E-07	1.4204E-06
3.7907E-08	6.1367E-08	-3.0765E-07	1.4265E-07
3.6207E-08	-8.1590E-09	-4.4732E-07	-4.4224E-07
2.0813E-08	4.8374E-08	7.0883E-07	9.4489E-07
7.1840E-09	1.3142E-08	6.3323E-07	7.1510E-07
2.3833E-08	6.4145E-08	9.7372E-07	8.0696E-07
2.0743E-08	6.1002E-08	-4.9834E-07	9.1619E-07
2.8188E-09	5.6574E-08	-8.1373E-07	2.0252E-06
8.8460E-08	2.9726E-08	9.7539E-07	1.0320E-06
8.1238E-08	4.8789E-08	9.0765E-07	-1.1378E-07
6.9727E-08	7.5028E-08	1.9044E-07	2.6783E-06
4.9234E-08	1.7765E-08	8.8208E-07	1.7390E-06
3.2714E-08	5.1291E-08	-3.2735E-07	1.2800E-06
6.0110E-08	5.2102E-08	-2.0020E-07	-2.2815E-07
3.7132E-08	3.3540E-08	5.1968E-07	-1.2458E-06
3.9660E-08	2.5894E-08	4.8338E-07	6.6309E-07
3.5511E-08	1.8231E-08	3.7707E-07	2.9060E-06
5.1121E-08	4.6990E-08	-4.4636E-07	-3.4953E-07
7.6495E-08	4.8191E-09	-9.2347E-07	8.0944E-07
3.6516E-08	-5.3201E-09	-5.9265E-08	2.5146E-06
6.0259E-08	3.6232E-08	1.9229E-06	1.5730E-06
2.9103E-08	-4.5492E-09	4.9109E-07	6.3597E-07
-2.2306E-09	-1.3865E-08	1.0296E-06	2.0649E-06
1.7120E-08	3.6519E-08	6.0880E-07	1.4415E-06
4.7187E-08	3.9312E-08	1.0965E-06	5.4239E-08
5.6105E-08	2.5387E-08	-2.1512E-07	-4.4621E-07
6.7925E-08	1.4428E-08	8.7611E-07	-5.3034E-07
1.7883E-08	4.3620E-08	1.8203E-06	3.3815E-07
3.0390E-08	1.6012E-08	2.4014E-07	3.2705E-07
1.7528E-08	2.1830E-08	4.4457E-07	6.6994E-07
3.6379E-08	3.2696E-08	3.6644E-08	4.3638E-07
5.1582E-08	6.2053E-09	-7.7353E-08	1.0311E-06
1.0116E-08	2.3747E-08	8.6414E-07	-3.2592E-07
1.9774E-08	2.8708E-08	8.2596E-07	9.3304E-07
3.5591E-08	4.9618E-08	-1.0909E-06	2.3367E-06
2.1591E-08	2.3236E-08	-8.0902E-08	1.6690E-06
2.0125E-08	1.7128E-08	-2.6888E-07	5.8038E-07
5.0604E-08	-6.5124E-09	3.7638E-07	1.3683E-06
1.6905E-08	3.2078E-08	3.2074E-07	6.3844E-07
1.6183E-08	-4.6943E-09	-9.7746E-07	7.9068E-07
3.1121E-08	-3.0423E-09	-2.2955E-07	-2.1091E-07
1.7216E-08	2.6063E-08	3.5827E-07	8.8340E-07
1.3225E-08	4.1212E-08	5.8518E-07	1.2045E-07
2.5622E-08	4.9650E-08	1.3316E-06	1.1935E-06
-8.2582E-09	3.3744E-08	2.7885E-07	1.7437E-06
4.9357E-08	6.8845E-08	2.4581E-06	1.1709E-06
-1.8790E-08	5.4717E-08	1.1923E-06	-7.9313E-08
5.3272E-08	2.7138E-08	1.3328E-06	1.5406E-06
8.2214E-08	3.5544E-08	2.6710E-06	1.0927E-06
4.7503E-08	7.3708E-08	3.1487E-07	1.8307E-06
3.4427E-08	5.0620E-08	1.1532E-07	3.2240E-07
3.2328E-08	3.2352E-08	-1.3092E-07	-3.2396E-08
3.4914E-08	7.5622E-09	-3.0273E-08	1.3721E-07
3.7683E-08	6.5608E-09	-4.7255E-07	-3.4174E-08
3.4296E-08	3.2829E-08	1.6580E-07	8.6463E-07
3.4218E-08	2.0574E-08	6.6534E-07	-8.0644E-07
1.4133E-08	3.0092E-08	-1.1837E-06	1.8046E-06
4.3152E-08	5.9012E-08	1.3336E-06	2.0741E-06
3.2474E-08	4.1860E-08	-7.9587E-07	1.4503E-06
-1.4109E-08	3.9263E-08	-1.4118E-06	-1.2339E-07
1.2246E-08	1.2303E-08	4.6295E-07	1.2878E-06
-2.7042E-08	2.6044E-08	1.7027E-07	4.5760E-07
3.2278E-08	4.1433E-08	-3.1522E-07	2.2891E-07
2.5750E-08	6.2681E-08	5.0857E-07	1.0692E-06
-2.3603E-08	2.2983E-08	-6.9215E-07	2.8245E-06
2.5965E-08	3.4603E-08	-2.1661E-07	-6.1569E-07
4.6908E-08	4.5162E-08	2.1294E-07	-2.1052E-07
5.0838E-08	-1.3351E-09	3.0123E-07	1.5813E-06
2.3469E-08	1.7732E-08	9.6241E-07	1.5024E-06
-2.7017E-09	5.7549E-08	3.0433E-08	1.8235E-06
1.3134E-08	2.6710E-08	1.0987E-06	2.3143E-07
1.8312E-08	1.2196E-08	1.0889E-06	4.8233E-07
2.7455E-08	1.5153E-08	3.5684E-08	8.4489E-08
2.7223E-08	-1.1043E-08	6.5621E-07	7.7227E-08
-2.7215E-08	6.7821E-09	-2.4318E-07	6.9614E-07
6.6337E-09	1.1143E-08	-5.6082E-07	-4.0309E-07
1.0607E-08	-1.3098E-08	4.1467E-07	2.5372E-07
1.0156E-08	-3.8998E-09	4.7439E-07	-5.8330E-07
6.4395E-09	1.6353E-09	-2.6677E-08	2.5075E-07
3.0504E-08	-1.4029E-08	5.3523E-07	8.4622E-07
-4.3396E-08	1.5837E-08	-1.9598E-07	5.7180E-07
-1.4382E-08	2.1469E-08	1.3274E-06	6.5863E-07
1.9887E-08	1.9823E-09	1.8639E-06	-9.1183E-07
2.9420E-08	3.3168E-08	-2.9077E-07	5.2954E-07
3.4387E-09	5.3378E-08	5.4024E-07	2.4058E-06
1.1888E-08	1.2467E-08	-7.4002E-07	8.6729E-07
-1.9579E-08	2.7869E-08	-1.1426E-06	1.9663E-06
3.1387E-08	3.2750E-08	4.4232E-07	2.1520E-06
-6.2277E-09	2.1943E-08	2.4643E-06	8.1331E-07
3.2351E-08	3.0486E-08	-1.4128E-07	4.8609E-07
1.2449E-08	3.7017E-08	5.4296E-07	7.4799E-07
-2.9830E-08	3.4982E-08	-2.7972E-07	1.3311E-06
-3.0189E-09	-2.0830E-08	-3.1601E-07	1.1443E-06
3.5629E-08	4.1688E-08	2.4536E-06	8.1233E-07
1.8563E-08	3.7140E-08	1.0880E-06	1.2594E-06
-7.4992E-09	1.6867E-08	6.7194E-07	1.9337E-06
4.7004E-08	3.8005E-08	6.9574E-07	2.3470E-06
-4.7075E-10	1.3879E-08	-7.6956E-07	7.1189E-07
1.3414E-08	7.1929E-09	2.0535E-07	2.2126E-06
5.5244E-09	2.7404E-08	1.1574E-06	1.5349E-06
-8.8314E-09	-2.7182E-08	4.4642E-07	2.1877E-06
-2.2598E-08	1.1951E-10	1.5720E-06	7.8238E-07
2.2357E-08	4.4114E-08	7.9831E-07	1.3105E-06
2.2475E-08	-2.1738E-08	1.9197E-07	-5.7775E-07
2.7006E-08	2.6621E-08	8.0147E-07	2.4298E-06
-5.1664E-09	3.3755E-08	1.7582E-07	3.5900E-06
2.9058E-08	2.8431E-08	2.3020E-06	3.3600E-07
4.4302E-08	5.3905E-08	-6.8177E-07	1.9118E-06
1.5625E-08	2.3951E-08	1.9083E-06	2.3633E-07
3.9864E-08	4.3855E-08	9.2085E-07	-8.3469E-07
1.1782E-08	2.6160E-08	1.6130E-08	1.1662E-06
-7.0754E-09	-1.3573E-08	1.0582E-06	1.6953E-06
1.9883E-08	-2.9471E-08	3.8620E-07	4.2905E-07
-2.3446E-09	9.5197E-09	4.5169E-07	-3.8691E-07
3.5442E-08	1.1636E-09	2.6648E-07	1.9696E-07
6.4633E-09	3.0152E-08	1.5042E-06	5.6493E-07
-1.7852E-09	4.1622E-08	1.0223E-06	5.4072E-07
1.8286E-09	3.1403E-08	-3.2352E-07	1.2459E-06
-2.6053E-08	4.5671E-08	6.2055E-07	1.0230E-06
-1.7659E-08	3.1478E-08	4.5376E-07	1.8696E-06
2.7263E-08	3.9984E-08	1.8582E-07	1.8844E-06
-6.6215E-09	4.9058E-08	9.5913E-07	1.4331E-06
-4.1010E-08	4.4428E-08	5.2068E-08	9.4572E-07
3.0633E-08	2.8188E-08	2.6572E-07	3.2615E-07
9.2597E-09	2.5921E-08	1.0866E-06	1.1623E-06
9.4730E-09	-1.2671E-09	-1.3974E-07	1.4750E-06
2.1550E-08	3.6095E-08	-4.1016E-07	7.8811E-07
-1.2292E-08	3.1229E-08	8.6377E-07	1.2551E-06
1.1321E-08	3.7418E-08	-2.4559E-07	-1.5104E-06
5.7057E-09	8.0911E-09	5.8885E-07	1.8410E-06
-4.0476E-08	2.0442E-10	1.8432E-06	1.1690E-06
1.1296E-08	-1.0499E-08	2.5580E-06	1.0152E-07
-4.1111E-09	4.4737E-08	1.5595E-06	1.3960E-07
6.0163E-09	4.0263E-08	3.9423E-09	1.8966E-07
4.6626E-08	1.1430E-08	1.7490E-06	1.4754E-06
5.0653E-09	2.3891E-08	5.5240E-07	-1.2242E-06
1.8877E-08	-7.2889E-09	-6.3118E-07	8.2175E-07
-1.0395E-08	-5.5369E-09	-7.5067E-08	2.2975E-06
2.1276E-09	-6.2377E-09	4.6998E-07	1.5333E-06
-2.7182E-08	4.5598E-09	7.1194E-07	1.0450E-07
1.5561E-08	4.0178E-09	-3.4464E-07	1.7184E-06
3.4910E-08	1.5963E-08	-2.9675E-07	9.0975E-07
7.2281E-08	3.3305E-08	8.1942E-08	1.4417E-06
1.5672E-08	-4.1563E-09	-1.0236E-06	1.4123E-06
4.3590E-08	2.6198E-08	-3.5889E-08	-9.2973E-08
-5.7329E-09	1.9303E-08	-3.9760E-07	1.2383E-06
2.9602E-08	4.2114E-08	6.1711E-07	3.0638E-06
-4.8738E-10	-4.5184E-10	-2.0201E-07	-2.5398E-07
7.9891E-09	2.8118E-08	2.9028E-07	1.4291E-06
2.8395E-08	2.9363E-08	-9.6969E-07	-2.9774E-07
1.5848E-08	9.1063E-09	-4.6259E-07	2.8637E-06
2.6152E-08	2.1691E-08	-1.2503E-07	1.4352E-06
-2.4224E-08	1.6085E-08	-6.5963E-07	1.1925E-06
1.0573E-09	3.0173E-08	1.2620E-07	1.6305E-06
3.0601E-08	2.5399E-08	-1.7490E-06	1.2409E-06
-4.8423E-09	1.3809E-08	5.7313E-07	9.7522E-07
3.5859E-08	2.9519E-08	5.5610E-07	3.9456E-07
2.3459E-08	2.9510E-08	-7.2825E-08	-3.3635E-07
-9.7793E-10	3.1808E-08	3.7891E-07	2.7778E-06
-2.5549E-08	-8.8233E-10	4.8889E-08	1.1496E-06
3.4044E-08	3.4249E-08	8.5659E-07	2.9320E-07
4.4902E-08	-6.6562E-09	8.1283E-07	8.2890E-07
-1.2110E-08	3.0269E-08	1.2369E-06	-1.3154E-07
-2.2306E-08	3.0330E-08	4.2845E-07	2.2119E-07
-1.4444E-08	3.8466E-08	-1.2016E-06	1.5071E-06
1.0742E-08	1.3951E-08	1.6887E-07	1.1437E-06
1.1255E-09	1.2084E-08	-3.9658E-08	-3.3857E-09
1.1651E-08	1.4176E-08	2.1355E-07	3.5627E-07
-4.1497E-09	2.9171E-08	-4.0787E-07	1.5741E-06
-1.9889E-08	-7.9773E-10	2.7032E-07	7.9666E-07
2.7589E-08	2.3494E-08	6.7829E-07	1.3642E-06
-3.0345E-08	1.9430E-09	-4.4967E-07	1.1849E-06
2.6823E-08	8.4249E-09	1.4441E-06	2.6338E-08
1.4005E-08	-2.2483E-08	6.2972E-08	2.0233E-06
9.6623E-09	2.9001E-08	1.2189E-06	1.3582E-06
3.6385E-08	2.4804E-08	-1.1481E-06	1.4475E-06
1.1033E-08	2.7981E-08	3.9468E-07	2.5552E-06
2.1418E-08	5.9507E-09	1.4356E-06	1.4328E-06
-2.5225E-08	1.7126E-09	-3.6137E-08	-1.0032E-07
4.0105E-08	4.4388E-08	3.6562E-07	4.8619E-07
-2.8675E-09	8.1891E-09	7.1402E-07	8.3918E-07
1.8971E-08	3.5531E-08	-1.2106E-06	5.8870E-07
-1.3154E-08	3.9503E-08	9.5145E-07	1.1059E-06
2.1893E-08	-4.0038E-09	1.6142E-06	1.8441E-06
-2.1818E-08	3.4470E-08	2.7047E-07	1.1726E-06
-1.5124E-08	-1.9310E-08	1.7135E-06	1.5043E-06
2.5902E-08	2.8553E-08	-1.9123E-07	4.4591E-07
2.5201E-08	1.4454E-08	-8.1815E-07	2.1797E-06
1.8714E-08	2.6750E-08	-2.4003E-07	6.9711E-07
8.5661E-09	3.6295E-08	-3.4378E-07	4.3610E-07
-1.6329E-08	5.1622E-08	-9.9862E-07	1.3189E-06
5.9941E-10	1.0411E-09	1.5331E-07	1.3524E-06
3.3981E-08	-8.0849E-09	4.5530E-07	2.6986E-06
2.5900E-08	5.6179E-08	-7.7396E-07	1.5926E-06
-9.9609E-09	2.0856E-08	7.9540E-07	2.3169E-06
1.1586E-09	-2.1626E-08	-5.1092E-07	2.0890E-06
-3.0430E-08	2.9433E-08	-6.5144E-08	2.6294E-06
-7.7008E-09	2.4106E-08	-1.1164E-06	4.7304E-07
-5.7208E-09	5.3251E-08	9.9417E-08	3.5382E-07
2.1933E-08	-4.4938E-09	-2.7198E-07	1.7171E-06
6.6188E-09	2.7807E-09	3.1984E-07	-1.7066E-07
3.4151E-09	-1.9794E-08	6.2948E-07	1.5747E-06
-1.3551E-09	4.5849E-08	3.5680E-07	-5.6865E-07
9.4547E-09	1.9150E-08	9.6250E-07	1.9465E-06
1.8882E-08	2.6469E-08	-2.3729E-07	9.0708E-07
3.7375E-10	4.1408E-08	1.5134E-07	1.7089E-06
1.8429E-08	2.2487E-09	2.4875E-08	1.2655E-06
2.0856E-08	1.0683E-08	4.5374E-07	7.3852E-07
-1.2148E-08	-1.9290E-09	2.2797E-07	6.2683E-07
3.1218E-08	2.6076E-10	-1.6398E-07	6.6324E-07
2.1211E-08	3.0838E-08	1.1920E-07	5.8669E-07
3.4957E-09	2.2295E-08	-1.4219E-07	1.6376E-06
1.9733E-08	3.0172E-08	-1.1979E-06	1.2215E-06
2.5045E-08	1.7130E-08	1.1887E-06	1.8448E-06
-2.0648E-08	-8.8250E-09	6.3163E-07	1.1824E-06
1.3799E-08	3.9363E-08	-4.9118E-07	1.4794E-06
8.8450E-09	1.8262E-08	-3.1085E-07	1.2056E-07
3.3973E-08	-1.8744E-09	3.8434E-07	3.5577E-06
2.2858E-08	3.8096E-08	8.1526E-07	1.6510E-07
1.0300E-08	3.7970E-08	6.2293E-07	5.0753E-07
-1.0981E-08	3.8334E-09	2.5132E-07	-9.2992E-08
-2.2851E-08	4.1514E-08	1.4965E-07	2.3514E-06
1.4418E-09	2.1392E-08	-1.1597E-08	2.9082E-06
2.4757E-08	5.1799E-08	1.3542E-06	4.8530E-07
1.2246E-08	-1.4574E-08	1.0692E-06	1.8289E-06
1.5338E-08	-5.6077E-09	9.3929E-07	2.8802E-06
1.7280E-08	2.1013E-08	-1.6146E-06	2.2190E-06
1.8185E-08	-5.6800E-09	9.2827E-07	1.0720E-06
9.1747E-09	1.6387E-08	-2.8757E-07	1.2745E-06
2.5389E-08	1.5039E-08	1.8833E-06	2.2346E-06
7.1230E-09	-3.6362E-09	1.2194E-08	7.5529E-07
3.0205E-08	3.2063E-08	-2.5940E-07	1.8612E-06
-3.7091E-09	1.0928E-08	6.3221E-07	3.1364E-06
-1.5235E-08	3.4485E-09	2.4829E-07	-1.5808E-07
1.2773E-08	-5.5511E-09	6.3518E-07	5.6540E-07
-4.1479E-09	2.2623E-08	-1.3848E-07	1.7423E-06
-2.1726E-08	-6.1010E-09	7.7328E-07	2.0431E-06
-3.3016E-08	-2.9036E-09	1.1099E-06	1.9785E-06
8.8710E-09	5.6659E-08	4.5983E-07	1.1596E-06
3.1221E-08	4.3066E-08	1.1664E-06	4.7744E-07
1.2998E-08	-5.3647E-09	2.1978E-07	8.5606E-07
3.7480E-10	1.0481E-09	-1.0256E-06	1.5313E-06
4.2087E-09	3.4166E-09	7.3308E-08	1.9205E-06
-2.1178E-08	1.5704E-09	-1.7223E-07	7.7602E-07
2.5935E-08	2.5589E-08	4.1855E-07	2.0671E-06
3.2493E-08	2.3019E-08	1.4834E-06	7.8996E-07
-4.3479E-08	1.8788E-08	1.3789E-07	1.8926E-06
-5.4261E-09	5.1981E-08	2.4845E-06	2.0508E-06
-2.5503E-08	1.7684E-08	-1.1183E-07	-4.7714E-08
3.8950E-08	1.4912E-08	4.4990E-07	1.1696E-06
-1.0036E-09	2.1700E-08	-1.5197E-07	1.6669E-07
-2.3252E-09	1.0710E-08	-2.7095E-07	9.7889E-07
5.5725E-08	2.0961E-08	1.6947E-06	1.5633E-06
2.0815E-08	9.0950E-09	1.5255E-07	1.8458E-06
-3.2610E-08	6.7581E-08	-9.3797E-07	1.4402E-06
1.8564E-08	1.4568E-08	2.9271E-07	2.1494E-07
-2.8571E-08	-1.0647E-08	-6.3734E-07	4.5147E-07
4.9908E-08	4.0913E-08	1.9780E-07	1.3732E-06
1.1005E-08	-9.9094E-09	-9.1761E-08	2.7123E-06
2.2120E-08	2.2878E-08	2.0341E-06	-2.2041E-08
1.5809E-09	2.1764E-08	-1.3944E-06	7.7377E-07
-1.8434E-09	-5.1460E-09	1.2605E-06	2.0927E-06
3.5932E-09	3.1933E-08	8.7377E-07	4.3141E-07
2.4445E-08	1.8516E-08	2.2246E-07	1.0280E-06
2.7071E-08	1.9884E-08	-1.1252E-06	6.9919E-07
2.5675E-08	-1.5419E-09	8.6245E-07	-2.3372E-07
5.4636E-08	2.6560E-08	-4.5637E-07	2.0606E-06
4.6691E-09	-2.3953E-08	-6.4338E-07	7.4533E-07
4.3768E-08	1.1767E-08	-2.5586E-06	8.5341E-07
-2.1660E-09	3.0419E-08	2.4176E-07	2.0261E-06
1.4541E-08	3.9639E-08	-2.8894E-07	3.0890E-06
6.4121E-08	6.1844E-08	8.8333E-07	1.1969E-06
-2.2977E-08	-7.3878E-10	4.0908E-07	9.3960E-07
7.7846E-09	1.5553E-08	1.1257E-06	5.5200E-07
3.3205E-09	2.9542E-08	7.8861E-07	-1.0781E-07
-6.2575E-09	4.1835E-08	1.7000E-06	3.2633E-06
2.8854E-08	1.1264E-09	-1.3225E-06	2.7188E-07
2.9126E-08	3.2659E-08	-1.2581E-07	1.5853E-06
-3.3007E-09	6.3600E-09	1.6521E-06	2.0599E-06
8.2670E-09	4.5926E-08	6.6318E-07	9.2435E-07
-2.6979E-08	5.4993E-08	1.2228E-06	1.2641E-06
2.1583E-09	6.8345E-09	6.7419E-07	-2.0650E-07
-1.9451E-08	-2.8382E-08	-9.6865E-07	1.6842E-06
2.3371E-08	1.9935E-08	9.2227E-07	2.8179E-06
1.0767E-08	1.3991E-08	-1.0846E-06	1.1639E-06
-4.8702E-08	1.5959E-08	-3.6387E-07	3.0655E-06
2.7704E-08	2.1664E-08	-8.3479E-07	-1.9704E-07
1.4338E-08	1.6334E-08	4.1502E-08	3.0850E-06
-4.5768E-10	-5.9385E-09	3.8067E-07	2.0868E-06
-6.3052E-09	3.4646E-08	9.9352E-07	1.7814E-06
-8.7550E-09	7.2799E-09	-2.1072E-07	2.0574E-06
1.6588E-09	9.6926E-09	1.6755E-06	1.9616E-06
2.0700E-08	5.3411E-08	-8.8101E-07	1.6931E-06
1.2079E-08	7.5293E-09	-3.3354E-07	1.4142E-06
3.0299E-08	-1.0703E-09	-2.6898E-07	7.4790E-07
-2.5077E-08	3.0066E-08	-2.5926E-08	1.0213E-06
4.6001E-08	-4.7795E-08	-1.1517E-06	1.2862E-06
-8.4323E-09	2.1978E-08	-4.2998E-07	-6.6950E-07
-7.8223E-09	7.0936E-09	2.8473E-07	2.1581E-06
2.6869E-09	2.4764E-08	6.4803E-07	5.2046E-07
3.8970E-08	3.1423E-08	-3.4969E-07	1.7139E-06
2.0190E-08	-5.9134E-09	1.2814E-06	2.0727E-06
1.1293E-08	2.7745E-08	1.2829E-06	1.0108E-06
1.7237E-08	7.3604E-08	-9.1018E-07	3.8672E-07
-1.8874E-08	3.4987E-08	1.8786E-08	8.8357E-07
8.6359E-09	2.8196E-08	2.9735E-06	7.8056E-07
3.9669E-08	-4.3790E-09	-5.7825E-07	1.5746E-06
2.7899E-08	3.4358E-09	-3.1002E-07	1.4477E-07
-8.3527E-09	2.0501E-08	6.1898E-07	-2.8816E-07
-5.4241E-08	7.9751E-09	1.3230E-06	1.1295E-06
3.7504E-08	2.9405E-09	-1.1672E-06	1.5829E-06
2.8474E-08	2.5568E-08	6.7845E-07	1.7655E-06
-1.0086E-08	3.1231E-08	-5.2211E-08	2.5237E-06
-4.5182E-08	1.8057E-08	-8.5080E-07	-2.3273E-07
-1.7618E-08	6.8553E-08	1.3485E-06	4.2623E-07
2.7721E-08	-6.2920E-10	2.4607E-07	2.2283E-06
-2.4750E-09	1.4169E-08	-1.2836E-06	1.6740E-06
8.9218E-09	3.8070E-08	1.8456E-06	2.8691E-06
5.8310E-09	-9.2842E-09	-1.9578E-07	1.3230E-06
2.0523E-08	1.7756E-08	2.0452E-08	-1.0536E-08
6.9343E-09	3.7155E-08	5.9264E-07	3.1983E-06
-1.3381E-08	4.4759E-10	4.9921E-09	2.8147E-06
4.1359E-08	1.6778E-08	2.5535E-07	2.3958E-06
-7.1107E-09	1.2508E-08	-6.8396E-07	1.5099E-06
-1.1600E-08	3.7251E-08	8.2096E-07	-2.8152E-07
1.2524E-08	1.0113E-09	8.5749E-07	9.2720E-07
1.0704E-08	6.7108E-09	-3.2434E-07	-1.3802E-08
2.9769E-08	1.7842E-08	2.9267E-07	2.5877E-07
3.5140E-08	-4.2682E-08	-5.5436E-07	1.6091E-06
2.3785E-08	2.7352E-08	7.6068E-07	2.8132E-06
1.1089E-08	2.7630E-08	-6.4458E-07	2.8352E-06
4.2647E-10	-5.1163E-08	5.7683E-07	8.7235E-07
-4.0272E-09	2.1005E-08	-2.4014E-07	3.0268E-06
-3.0290E-08	-9.6094E-09	-4.4740E-08	1.4372E-06
1.8898E-08	2.3494E-08	5.3222E-07	8.5877E-07
-1.4792E-08	-2.3366E-08	1.1881E-06	1.3018E-06
4.7126E-09	-3.8055E-09	2.9433E-07	9.8337E-07
8.6964E-09	-1.3988E-08	1.7192E-07	1.3428E-06
1.7070E-08	1.6091E-09	1.9191E-07	3.0376E-06
-9.7427E-09	3.3820E-08	9.7382E-07	-4.1855E-07
-5.5525E-10	2.4877E-08	-1.8272E-07	1.5801E-06
1.5525E-08	-4.4313E-09	-1.3990E-06	2.2925E-06
1.0734E-08	3.2341E-08	-1.3038E-06	8.5602E-07
2.1688E-08	2.5253E-08	-1.6649E-07	2.1161E-06
2.6069E-08	-1.1152E-09	-2.8344E-07	1.1114E-06
6.6536E-09	2.6947E-08	1.2938E-08	2.4016E-06
3.3046E-09	-1.2924E-09	-1.1041E-06	1.4846E-06
5.5058E-09	2.7403E-08	-1.3667E-07	1.1756E-06
-1.3335E-08	-1.1738E-08	-1.1424E-06	2.8389E-06
1.8736E-08	-7.7216E-09	-1.5785E-06	1.4899E-06
1.6861E-09	1.8700E-08	1.1717E-07	1.4009E-06
-1.9852E-08	3.4652E-09	8.6272E-07	2.1155E-06
-5.2242E-09	2.8747E-08	-1.4174E-06	7.3688E-07
4.9983E-09	-1.3053E-08	2.3636E-07	2.3950E-06
3.3006E-08	1.1792E-08	-2.4465E-07	1.6119E-06
2.3041E-08	2.0123E-08	2.7154E-07	-1.4888E-06
-3.7175E-09	-1.1782E-08	7.0478E-08	2.3212E-06
-2.6762E-09	3.4770E-08	-7.8537E-07	2.1857E-06
-2.3518E-08	-4.9301E-09	8.8144E-07	2.2049E-06
-2.9236E-08	1.9806E-08	-6.9060E-07	4.8071E-07
1.5584E-08	-3.9660E-09	3.4392E-07	2.1026E-06
3.3297E-08	9.1460E-09	-2.8938E-08	2.7894E-06
-1.2851E-08	-9.6445E-09	6.9656E-07	1.0203E-07
8.9986E-09	-8.8077E-09	-7.8600E-08	3.4215E-06
1.7824E-08	-3.3955E-08	-3.7558E-08	2.2349E-06
-1.2224E-08	1.8497E-08	-6.9893E-07	2.3287E-06
-2.9404E-09	1.1749E-08	-7.6072E-07	5.7471E-07
-1.0655E-08	-1.9072E-08	-6.8704E-07	2.5184E-06
-1.3446E-08	-1.7461E-09	1.6514E-07	1.3144E-06
4.7319E-08	1.6047E-08	-1.0843E-06	1.6264E-06
1.5851E-08	-1.4312E-08	7.3081E-07	1.1283E-06
2.5300E-08	7.4108E-09	-1.2186E-06	2.3799E-06
-1.7183E-09	3.4516E-08	3.3351E-08	2.0142E-06
-2.9611E-08	1.6291E-08	-4.9755E-07	1.8658E-06
3.5425E-08	-1.4501E-09	-2.3094E-06	5.3382E-07
-1.6181E-08	3.0078E-08	-3.9805E-07	6.4091E-07
5.8900E-09	8.1065E-09	3.7638E-07	2.6587E-06
-8.3839E-09	5.3670E-08	-3.3221E-07	2.6458E-06
1.3668E-08	4.7938E-08	-8.9920E-07	3.0967E-07
1.3762E-08	-3.8921E-08	-6.8778E-07	3.1798E-06
8.5411E-09	-1.4324E-08	-3.4659E-07	1.5143E-06
2.9218E-08	5.1287E-09	-9.8712E-07	1.2701E-07
3.5844E-08	1.2513E-08	-1.9283E-07	2.2761E-06
6.2990E-09	-4.5320E-09	6.0673E-07	1.9178E-06
4.1332E-08	-3.4169E-08	1.0077E-06	2.8116E-06
3.0488E-08	2.4345E-08	1.4678E-06	1.1810E-06
2.6268E-08	6.2409E-09	-7.2575E-07	1.5836E-06
1.0974E-09	1.4171E-08	-6.9734E-07	2.3611E-06
-2.6229E-09	1.5712E-08	-1.3449E-07	1.5822E-06
-1.6699E-08	-7.1197E-09	2.3094E-06	2.2729E-06
3.9483E-08	1.4814E-08	2.3494E-06	1.6257E-06
-4.1312E-09	3.8687E-08	-4.9605E-07	1.9261E-06
4.7905E-09	7.8725E-09	2.7193E-07	1.4695E-06
2.8628E-09	-4.2760E-09	-6.1361E-07	1.3122E-06
1.9795E-08	4.7083E-09	-1.3840E-07	1.9530E-06
4.5643E-10	-5.7279E-09	-3.1018E-07	1.1497E-06
-3.1407E-08	-9.2816E-09	-1.3985E-06	2.1290E-06
1.5913E-08	2.4167E-09	7.7510E-08	1.8292E-06
2.2518E-08	-3.9697E-08	2.4042E-08	1.0458E-06
-2.1502E-08	-1.8504E-08	7.4819E-07	1.0344E-06
2.3390E-08	-2.2885E-08	-4.7194E-08	2.4594E-06
1.2484E-09	-2.2180E-09	-6.3557E-07	2.2886E-06
-1.8133E-08	-2.9689E-08	6.2452E-07	1.7501E-06
3.1625E-08	3.5912E-08	-1.5492E-06	2.5612E-06
1.9508E-08	-1.1711E-08	6.7236E-07	1.8954E-06
-5.6235E-09	-2.3710E-08	9.4636E-08	2.0671E-06
1.5410E-08	-9.1067E-10	1.1244E-06	1.1950E-06
-8.4952E-09	-7.8990E-09	3.6729E-08	8.7089E-07
3.8917E-09	-2.0144E-08	-1.4579E-06	2.1574E-06
3.8554E-08	-1.3611E-08	1.6316E-06	4.5407E-07
9.4910E-09	3.9467E-11	5.5029E-07	2.1756E-06
-4.7833E-09	2.4197E-08	-2.0431E-06	1.9813E-06
1.3349E-08	5.9438E-08	-9.2773E-07	2.6807E-06
1.3719E-08	2.7303E-09	-2.6099E-07	1.7492E-06
2.5276E-08	2.3131E-08	-5.4241E-07	1.7371E-06
-3.9425E-08	-1.7469E-08	4.2795E-07	4.6726E-07
2.9118E-08	1.3248E-08	-8.5041E-07	2.0025E-06
4.9403E-09	1.5639E-08	-6.5076E-07	1.1369E-06
-1.9521E-08	1.5806E-08	-8.7239E-07	2.0902E-06
-3.1627E-08	2.4319E-08	-1.1389E-06	1.7026E-06
-1.8048E-08	1.1663E-08	-6.5542E-07	2.0779E-06
-3.5996E-08	-1.1019E-08	-2.4249E-07	2.6103E-06
3.7808E-08	7.5255E-09	-8.8830E-07	2.2604E-06
2.1924E-08	-3.8561E-09	-1.1327E-06	3.0497E-06
-2.9480E-08	-8.9191E-09	7.5592E-07	6.6911E-07
2.3294E-08	3.5799E-08	-1.0269E-06	1.9783E-06
7.3271E-10	-2.5317E-08	-7.9709E-07	3.5731E-06
2.8079E-08	1.6782E-08	-1.4015E-06	4.7064E-06
5.9385E-09	-1.7388E-08	7.4190E-07	2.2055E-06
8.9826E-09	-8.5478E-09	-5.2255E-07	1.4193E-06
-5.1310E-09	-4.3924E-09	-3.4086E-07	2.4373E-06
2.1662E-08	-3.1419E-08	-2.0229E-06	2.5657E-06
-1.2253E-08	7.5901E-09	2.0431E-07	2.7095E-06
-2.0773E-08	-2.9961E-08	-2.4605E-07	2.3207E-06
2.2272E-08	-1.2368E-08	-1.4564E-06	3.0543E-06
-1.6261E-08	1.0414E-08	-5.9116E-07	3.6607E-06
-8.1617E-09	3.1238E-08	-6.5445E-07	2.6070E-06
-6.3424E-09	2.5408E-09	3.4331E-07	1.1599E-06
1.3617E-08	-4.7119E-09	-1.3526E-06	1.6492E-06
2.5951E-08	7.7237E-09	-1.3163E-06	2.0469E-06
3.7473E-08	1.0032E-08	2.6338E-07	2.3793E-06
-1.0650E-08	-2.2610E-09	-2.7527E-06	2.1233E-06
2.9066E-11	-1.8556E-09	-1.7596E-06	1.5895E-06
4.4746E-08	2.8667E-08	-6.6678E-07	3.5478E-06
1.3308E-08	1.3825E-08	-2.6965E-06	1.3071E-06
-9.0377E-09	5.0839E-09	-7.5666E-07	1.9944E-06
4.5263E-08	1.9137E-09	-6.8875E-07	2.5184E-06
-7.5857E-09	2.8252E-08	-5.0100E-07	1.8517E-06
-2.0276E-08	2.9274E-08	-4.4290E-08	2.4764E-06
2.3069E-08	5.4388E-08	-1.0890E-06	3.0493E-06
1.3280E-08	-1.4478E-09	-6.9433E-07	2.9583E-06
-4.1569E-08	4.6531E-08	-1.6805E-06	1.9553E-06
-1.0104E-08	-8.4763E-09	-4.0413E-07	3.5420E-06
1.5272E-08	-1.6569E-08	-1.8701E-06	3.9744E-06
3.0255E-08	7.5919E-09	-3.8031E-07	4.6491E-06
-2.1622E-08	2.6667E-08	-1.7239E-06	2.7445E-06
-5.2944E-09	1.7296E-08	-1.0720E-06	2.2396E-06
-5.7498E-09	1.3706E-08	-1.8739E-06	2.4309E-06
-1.4794E-08	1.0440E-08	-2.0778E-06	3.0271E-06
-4.1147E-08	-9.0640E-09	1.2480E-07	4.8330E-06
1.4966E-08	-1.2460E-08	-1.4591E-06	3.7800E-06
1.4143E-08	-9.5184E-09	3.5049E-07	8.3448E-07
-3.1765E-08	2.9687E-09	-1.7739E-06	2.7701E-06
2.6682E-09	1.1597E-08	-2.4086E-06	3.3179E-06
1.4861E-08	3.2440E-08	-1.0278E-06	2.1174E-06
-2.0391E-09	1.8401E-08	4.8362E-09	2.6249E-06
1.2229E-08	3.1092E-09	-8.4359E-07	3.2780E-06
1.7714E-08	2.9394E-08	-1.2835E-06	1.8801E-06
1.1840E-08	7.3591E-09	-1.8124E-06	2.4358E-06
-6.4514E-09	1.3682E-08	-1.5747E-06	2.8369E-06
1.9664E-08	1.2534E-08	-1.3095E-06	2.1480E-06
-9.2749E-09	8.1826E-09	-3.2679E-06	3.6121E-06
2.0323E-08	1.4520E-09	-1.4158E-06	2.0675E-06
3.0008E-08	1.9171E-08	-1.9760E-06	3.1095E-06
-1.0967E-09	1.6763E-08	-2.0244E-06	2.9358E-06
-2.3481E-08	1.8543E-08	-2.9011E-06	2.8072E-06
1.4835E-08	3.9849E-08	-2.9899E-06	2.8883E-06
1.4698E-08	-2.2287E-08	-4.9150E-07	4.3865E-06
-5.5104E-09	2.8592E-09	-2.5081E-06	3.7211E-06
2.4716E-08	-2.6813E-08	-2.4110E-06	3.7793E-06
2.4571E-09	1.8315E-08	-2.9083E-06	4.2692E-06
8.1966E-09	1.7228E-08	-6.2746E-07	2.6865E-06
-1.6853E-08	-1.8919E-09	-3.2837E-07	3.3276E-06
-3.6582E-08	1.4845E-08	-2.0018E-06	1.9462E-06
3.5831E-09	-1.5321E-08	-1.9312E-06	3.2849E-06
-2.8018E-09	-1.7110E-08	-1.0309E-06	3.1469E-06
-2.3080E-08	1.6603E-08	-2.6819E-06	3.0174E-06
-8.4672E-09	-1.1664E-09	-2.5617E-06	3.1453E-06
4.0989E-08	-1.0688E-08	-1.5461E-06	2.2130E-06
-6.9011E-09	-1.5158E-08	-2.4326E-06	3.1655E-06
1.6257E-08	6.0810E-09	-3.1408E-06	3.7933E-06
2.8490E-08	-5.1441E-09	-3.4664E-06	4.1200E-06
1.2076E-08	3.1510E-09	-3.7229E-06	4.0937E-06
3.4889E-09	1.1322E-08	-3.3119E-06	1.5415E-06
5.6520E-09	4.1226E-08	-2.1439E-06	2.6413E-06
-3.1727E-08	7.5577E-09	-3.1839E-06	5.7251E-06
1.3690E-08	6.1504E-09	-3.8870E-06	3.8259E-06
-3.7028E-08	1.3329E-08	-4.9189E-06	4.7397E-06
1.6652E-08	-1.8669E-08	-4.4072E-06	4.3266E-06
-5.7937E-09	4.4755E-08	-4.3831E-06	4.6822E-06
2.3706E-08	1.2724E-08	-5.7010E-06	5.4894E-06
-2.4185E-08	3.3104E-09	-2.9162E-06	5.8880E-06
4.4839E-09	1.0927E-09	-4.7946E-06	5.0332E-06
2.3981E-08	-2.1184E-09	-3.2248E-06	5.1623E-06
-8.9975E-10	3.3062E-08	-2.6155E-06	6.3497E-06
2.5290E-08	-1.2919E-08	-4.1135E-06	4.6446E-06
-3.9525E-08	-1.1653E-08	-2.5874E-06	6.1056E-06
3.5707E-08	1.5765E-08	-3.6461E-06	6.7906E-06
8.0621E-09	9.9058E-09	-2.0237E-06	6.9785E-06
-6.1353E-09	-2.1932E-08	-2.8108E-06	5.2920E-06
-6.1892E-09	-5.0072E-10	-1.4381E-06	7.0125E-06
2.6222E-08	1.6278E-08	-1.4190E-06	8.0116E-06
-2.1830E-08	1.1082E-08	-9.8879E-07	6.9742E-06
1.8888E-08	-2.1847E-08	-2.4741E-06	7.4436E-06
-2.0191E-08	2.7898E-08	-1.4943E-06	5.0557E-06
-9.7943E-09	9.9053E-09	-3.1733E-06	5.6997E-06
3.5244E-08	6.8752E-09	-3.1103E-06	6.2989E-06
-2.0758E-08	-1.3121E-08	-3.4637E-06	7.6194E-06
-2.8405E-09	-2.8601E-08	-3.7362E-06	8.2816E-06
-1.8254E-08	8.9236E-09	-3.0748E-06	1.0113E-05
8.0109E-09	-1.4966E-08	-2.9228E-06	8.9740E-06
-3.5511E-08	1.6098E-08	-2.3952E-06	8.0213E-06
-2.0909E-08	5.2098E-09	-2.4755E-06	8.4959E-06
-1.2630E-08	9.1143E-10	-2.4670E-06	9.2693E-06
7.9059E-09	7.9181E-09	-1.1719E-06	9.7916E-06
-1.5144E-08	4.0963E-09	-8.5534E-07	1.0881E-05
-1.1484E-08	-3.5469E-08	-3.1601E-06	9.3653E-06
-2.1768E-08	-1.4328E-11	-1.5948E-06	1.2334E-05
-2.5014E-09	3.0957E-08	-1.0818E-06	1.1443E-05
3.1719E-08	3.0404E-08	1.1966E-06	1.2469E-05
-1.1448E-08	1.2617E-08	-1.1622E-06	1.0598E-05
4.9789E-09	3.8804E-08	-7.1403E-07	1.1582E-05
4.6598E-08	-4.8683E-09	-4.7481E-07	1.1972E-05
4.1008E-08	-1.7004E-09	1.5643E-07	1.4066E-05
-1.3642E-08	3.1873E-11	8.4255E-07	1.2776E-05
-2.1859E-08	-1.4811E-09	2.8557E-06	1.3906E-05
1.1369E-09	-1.6500E-08	2.5146E-06	1.2568E-05
2.4061E-08	5.5642E-09	4.8095E-06	1.3431E-05
1.7648E-08	-1.1012E-08	7.3748E-06	1.3665E-05
-1.4822E-08	-6.3073E-08	6.1490E-06	1.1742E-05
1.9498E-08	2.7036E-08	8.1078E-06	1.0437E-05
-1.6764E-08	9.6045E-09	9.3211E-06	1.0747E-05
4.1390E-09	2.4813E-08	1.1343E-05	9.1751E-06
-1.1501E-08	-2.9162E-08	8.6316E-06	8.3931E-06
-1.0404E-08	-1.0131E-08	8.8079E-06	7.8381E-06
5.1901E-08	6.2947E-09	9.8525E-06	6.1330E-06
1.2546E-08	-3.8331E-10	7.8153E-06	4.4288E-06
2.1387E-08	-1.3223E-08	7.6856E-06	3.6777E-06
-4.4269E-09	-3.5700E-09	6.0397E-06	3.4996E-06
7.2732E-09	3.9360E-08	5.8530E-06	5.9181E-06
-1.4528E-08	-2.0504E-09	2.9653E-06	4.4830E-06
1.5687E-08	1.7360E-08	3.9851E-06	6.9024E-06
-2.6945E-08	-6.3849E-09	3.7657E-06	4.6731E-06
1.8972E-08	-2.1770E-08	4.0410E-06	6.5930E-06
1.6117E-08	-2.7372E-09	5.6508E-06	7.7696E-06
-2.1822E-08	-2.9405E-08	4.2029E-06	7.3653E-06
3.7391E-08	-8.5911E-09	4.4114E-06	6.9524E-06
1.4453E-08	3.4930E-08	4.8141E-06	5.8264E-06
-2.1713E-08	3.8029E-09	6.2755E-06	5.5779E-06
-1.5426E-08	-5.4571E-09	5.9075E-06	6.8977E-06
-1.0409E-08	-3.2488E-08	6.1747E-06	4.4522E-06
1.0346E-08	1.7636E-08	6.8638E-06	5.7409E-06
1.1488E-08	-2.1496E-08	7.4072E-06	5.6658E-06
-1.9403E-08	-4.1357E-08	6.7792E-06	4.6525E-06
-2.3165E-08	-1.5021E-08	5.5164E-06	4.3766E-06
1.4551E-08	2.3089E-09	6.6533E-06	4.6626E-06
2.1771E-09	-3.7860E-08	6.7556E-06	4.4606E-06
3.6628E-08	-1.6202E-08	6.8202E-06	3.9125E-06
8.8870E-09	6.4986E-09	5.7556E-06	3.2668E-06
1.9275E-08	-7.3993E-09	5.4025E-06	3.0147E-06
-3.2684E-11	-1.1182E-08	5.0454E-06	1.9365E-06
3.7223E-08	-2.0107E-08	5.1535E-06	4.3861E-06
1.7332E-08	-4.5915E-09	5.2031E-06	3.8871E-06
2.3318E-08	8.7769E-09	7.0077E-06	5.3478E-06
-1.9535E-08	-3.1002E-09	6.8501E-06	4.4263E-06
-4.5786E-10	-6.6467E-09	6.1813E-06	4.6651E-06
-1.6954E-08	4.0047E-08	6.5756E-06	3.0121E-06
-2.4963E-08	-1.9589E-08	5.8158E-06	3.5696E-06
6.8007E-09	-1.9500E-08	5.9585E-06	3.1346E-06
1.7940E-09	-1.6907E-08	4.9155E-06	6.0380E-06
2.5958E-08	-1.9558E-08	4.6167E-06	5.1976E-06
-1.4986E-08	6.4053E-09	4.8255E-06	4.2691E-06
3.1390E-09	-5.4101E-09	5.9773E-06	4.5108E-06
-1.7760E-08	7.5389E-09	5.8788E-06	3.5527E-06
1.4145E-08	-8.3992E-09	6.6696E-06	3.8277E-06
6.5859E-10	-1.2064E-08	6.5877E-06	2.1134E-06
-3.3629E-08	1.0191E-08	6.1746E-06	3.0126E-06
1.8606E-08	-1.1170E-08	5.4720E-06	2.5495E-06
3.2912E-08	1.5796E-08	4.9363E-06	3.7901E-06
-7.0547E-09	-2.1286E-09	6.6912E-06	6.9864E-07
-9.4809E-09	-7.4083E-09	4.8038E-06	3.2243E-06
1.5116E-09	-4.6445E-09	5.0960E-06	4.3210E-06
7.2336E-10	-1.6712E-09	4.3939E-06	2.8015E-06
-5.5778E-09	4.9657E-09	4.7317E-06	3.3051E-06
-1.1848E-08	-1.9121E-08	3.4708E-06	3.7084E-06
9.5626E-09	1.9881E-08	3.6012E-06	3.4597E-06
5.2258E-09	-2.8578E-08	4.0652E-06	2.7858E-06
-3.5561E-09	1.4258E-08	3.5837E-06	3.2316E-06
-5.0749E-10	-1.2582E-08	4.3421E-06	3.4167E-06
7.3787E-08	-1.3094E-08	5.5175E-06	4.0533E-06
3.5709E-09	-4.2119E-08	3.6848E-06	3.9038E-06
-2.1353E-08	-5.8821E-09	2.8197E-06	3.1902E-06
-1.0370E-09	2.0643E-08	2.9777E-06	4.0290E-06
-3.1658E-09	2.1227E-08	2.9682E-06	4.1434E-06
1.9049E-08	8.8454E-09	5.1613E-06	6.7413E-06
2.4161E-09	-3.3782E-08	4.0146E-06	4.6580E-06
-3.4133E-08	8.0765E-09	6.2181E-06	6.3477E-06
3.3247E-08	1.5638E-08	3.7117E-06	7.4692E-06
2.7253E-08	-1.8656E-08	6.4072E-06	5.6587E-06
2.0206E-08	-3.3359E-10	7.3243E-06	5.9123E-06
1.3995E-08	1.7853E-08	1.0815E-05	5.4376E-06
4.1229E-08	-2.2562E-08	9.9160E-06	3.6875E-06
-1.6746E-09	-1.0951E-08	8.7784E-06	1.2661E-06
1.7532E-08	-5.2182E-09	8.4641E-06	2.5035E-06
4.0813E-08	2.5156E-08	9.9236E-06	-4.2467E-07
2.2150E-08	-2.8735E-08	8.7134E-06	1.0997E-06
-8.6647E-09	-2.8828E-08	6.7415E-06	2.6441E-07
1.6787E-09	-5.7618E-09	8.0481E-06	5.5401E-07
-1.3808E-08	-2.3676E-08	5.7878E-06	-9.2107E-07
-7.1830E-09	3.2691E-08	3.7968E-06	-6.3077E-07
3.5109E-09	-2.5350E-08	4.6943E-06	9.0852E-07
1.9996E-08	-1.4870E-08	3.5785E-06	3.3917E-06
3.1918E-10	3.6544E-08	3.2752E-06	3.6050E-06
-6.5430E-09	9.5384E-10	3.0668E-06	1.4290E-06
1.3775E-08	-5.5593E-11	4.3215E-06	4.2833E-06
-7.1804E-09	2.6730E-09	6.4311E-06	5.2266E-06
-2.7702E-08	3.2112E-09	4.9023E-06	3.4078E-06
-4.5570E-09	-1.2706E-08	5.7343E-06	2.8353E-06
-1.2285E-08	-1.1270E-08	6.9517E-06	1.4436E-06
-1.5179E-08	-4.7107E-09	5.5658E-06	2.1537E-06
4.4814E-09	9.4959E-09	5.1589E-06	-1.0442E-07
-8.8190E-09	-1.9607E-08	6.2599E-06	1.4223E-06
-6.3494E-09	3.1409E-08	6.0061E-06	1.7852E-06
1.3662E-08	-1.6103E-08	5.9741E-06	1.4921E-06
-2.5658E-08	1.0408E-08	7.3135E-06	7.0886E-07
2.1377E-08	1.4614E-08	6.6153E-06	1.7654E-06
6.0128E-09	1.1770E-09	5.6329E-06	1.2735E-06
-1.4681E-08	6.0491E-09	5.6108E-06	1.7552E-06
-1.7648E-08	2.8607E-09	6.8023E-06	1.2481E-06
2.1017E-08	4.6682E-08	5.0636E-06	1.5678E-06
6.5699E-09	7.3306E-10	4.7318E-06	-2.5218E-07
-1.0680E-08	-1.3177E-08	5.4868E-06	-8.0513E-07
1.5911E-08	1.1821E-08	4.3923E-06	-7.9541E-07
2.7818E-08	3.0712E-08	5.0843E-06	9.1384E-07
1.3887E-08	-1.2512E-08	4.8685E-06	2.1505E-06
-2.2993E-08	8.3207E-09	1.9109E-06	-4.6634E-07
2.4398E-08	1.6089E-08	5.0965E-06	-9.3650E-08
-1.5444E-08	-2.4998E-09	4.9102E-06	-1.1076E-06
-1.2569E-08	-6.0935E-09	3.3953E-06	-1.2192E-07
-6.3721E-09	1.6382E-09	5.2464E-06	1.1225E-06
2.3053E-08	1.1276E-08	3.8284E-06	1.3233E-06
-1.5794E-08	-4.0990E-09	4.9657E-06	7.4903E-07
-1.0655E-08	-2.2476E-08	4.5398E-06	1.2241E-06
9.7429E-09	-1.8774E-08	4.1188E-06	2.4610E-08
-2.7358E-09	-1.4138E-08	3.0269E-06	5.0041E-07
-2.6754E-10	-1.6578E-09	2.2868E-06	3.6796E-07
-4.0155E-08	1.4115E-08	4.0793E-06	-3.1797E-07
-6.2787E-09	-1.0972E-08	4.1755E-06	7.7056E-07
-1.1627E-08	2.3749E-09	1.7372E-06	2.2096E-06
-9.8263E-09	-1.5543E-08	3.4547E-06	3.6462E-06
-3.9899E-09	1.1916E-08	2.8957E-06	2.4432E-06
-8.3875E-09	-2.5279E-09	4.8126E-06	2.4689E-07
-9.0191E-09	-1.5716E-08	5.2587E-06	1.6392E-06
1.2998E-08	5.3966E-09	4.8202E-06	1.3047E-06
-4.2054E-09	-1.1288E-08	3.7509E-06	3.2984E-07
1.9376E-08	1.2557E-08	5.3201E-06	2.1702E-06
1.5278E-08	-8.3568E-09	4.5208E-06	2.7987E-06
1.1535E-08	5.7670E-09	5.2968E-06	3.1062E-06
1.9142E-08	1.7594E-08	3.8841E-06	2.0981E-06
-1.0139E-09	-4.4120E-09	3.5612E-06	2.8649E-06
-2.2218E-09	-2.9197E-08	3.9452E-06	1.8463E-06
5.2764E-09	-4.1328E-09	5.5895E-06	2.1903E-06
7.4538E-09	5.9365E-08	5.3462E-06	5.0922E-06
-7.9576E-09	-1.0484E-09	7.9755E-06	2.7645E-06
2.1677E-08	1.6203E-08	7.7377E-06	3.4848E-07
-1.3502E-08	-8.6823E-09	8.4794E-06	-2.0436E-06
4.5769E-09	-5.5421E-09	5.9334E-06	-2.1284E-06
-1.6237E-08	6.1340E-10	4.9675E-06	-1.0293E-06
3.5678E-08	-3.2795E-08	4.7626E-06	-1.6151E-06
-1.7631E-08	-1.3885E-08	3.5007E-06	9.6804E-07
-1.6145E-08	-1.7545E-08	4.4398E-06	9.0930E-07
-6.7885E-09	-4.1095E-08	4.5593E-06	3.5083E-07
-2.1322E-08	1.1066E-08	4.9871E-06	3.3463E-07
-2.6101E-08	1.7138E-08	4.9900E-06	2.6226E-06
1.0299E-08	3.1694E-08	3.0539E-06	2.3096E-08
2.0947E-08	-1.1794E-09	4.3131E-06	-3.3962E-07
7.9443E-09	6.6863E-09	5.1831E-06	1.2537E-07
-8.4648E-09	-3.2459E-08	4.6235E-06	-9.0915E-07
-1.1036E-09	-9.6201E-09	4.9290E-06	8.9576E-08
-1.9831E-08	-1.1733E-08	2.5879E-06	-2.2058E-07
-2.8821E-08	-1.2863E-08	1.9564E-06	-1.7436E-06
1.5804E-08	-1.9786E-08	3.3375E-06	-9.0020E-07
1.6294E-09	4.8572E-09	2.9925E-06	-6.5121E-07
5.3667E-09	-1.4235E-08	3.4300E-06	-4.1980E-07
-4.3120E-09	-2.5897E-08	1.6297E-06	8.7634E-07
4.2725E-08	1.4889E-08	3.2065E-06	1.3559E-06
-1.5274E-08	1.8517E-08	1.5216E-06	7.7013E-07
1.5938E-08	1.0997E-08	1.4355E-06	4.2113E-07
-1.1629E-08	-2.2811E-09	1.3731E-06	1.0297E-06
7.3938E-09	-1.1124E-08	3.7345E-06	1.2246E-06
-4.7627E-08	3.2230E-08	3.2078E-06	8.3779E-07
-3.6245E-08	8.0403E-09	2.7316E-06	3.3491E-06
-1.2696E-08	2.8146E-08	2.3869E-06	9.4673E-07
3.6870E-09	7.1017E-09	2.2919E-06	1.8532E-06
-5.5224E-09	1.2969E-08	3.1678E-06	2.7174E-06
-2.2587E-08	4.6054E-09	2.9868E-06	3.1174E-06
-1.1831E-08	-8.1447E-10	1.5553E-06	2.6531E-06
-1.8592E-08	1.0958E-09	6.0410E-06	1.0945E-07
9.6577E-09	1.8908E-08	3.6033E-06	2.7032E-06
-8.4719E-09	-5.4433E-09	4.1469E-06	2.0825E-06
-2.7227E-08	-1.5434E-09	3.9927E-06	2.1558E-06
-3.8597E-09	-1.4446E-08	3.6092E-06	2.4141E-06
9.7300E-09	-3.1444E-09	2.7119E-06	4.3402E-06
-1.1615E-08	9.5777E-09	5.2471E-06	1.5184E-06
-7.6661E-09	1.6212E-09	4.2939E-06	2.2436E-06
2.5710E-08	1.9285E-08	3.4327E-06	2.8545E-06
-7.3645E-09	3.4090E-08	4.8847E-06	4.3081E-06
-1.2221E-08	1.5240E-08	3.9960E-06	4.4050E-06
1.6231E-08	6.2494E-10	4.8549E-06	5.0231E-06
-1.6178E-08	-1.2886E-10	3.9354E-06	4.1124E-06
-2.2408E-09	-1.9618E-08	5.9553E-06	6.0211E-06
-1.6472E-10	-5.5228E-08	6.0400E-06	3.0941E-06
-1.1593E-08	-4.5539E-09	5.4365E-06	5.7066E-06
-4.9793E-09	-2.4105E-08	6.8243E-06	3.0966E-06
1.5316E-08	-2.1396E-10	6.9847E-06	4.6877E-06
3.6003E-08	1.2407E-08	6.3455E-06	4.6872E-06
-1.7078E-08	9.7094E-09	6.7005E-06	4.9768E-06
-3.3397E-08	2.1672E-08	7.4630E-06	5.4334E-06
-5.7196E-09	-6.7580E-09	9.4398E-06	7.0841E-06
2.0097E-09	-2.3996E-08	1.3109E-05	7.7214E-06
-1.0805E-09	2.9556E-09	1.5149E-05	4.3038E-06
4.1826E-09	-2.5806E-09	1.4594E-05	1.1092E-06
-8.3291E-09	-3.1582E-09	1.5211E-05	-2.5380E-06
-4.7714E-09	1.6516E-08	1.3234E-05	-4.1237E-06
-4.1872E-09	-2.5914E-08	1.0411E-05	-5.0245E-06
3.7018E-08	-1.5926E-08	8.8553E-06	-5.8005E-06
-9.5986E-10	1.9207E-08	8.6941E-06	-4.7885E-06
-8.1332E-09	6.6066E-09	8.3287E-06	-2.5748E-06
3.2336E-08	-1.9351E-08	8.0061E-06	-3.6257E-06
-5.5870E-08	5.6211E-09	8.4395E-06	-4.2419E-06
1.4083E-08	-1.4684E-08	6.4950E-06	-5.9728E-06
-1.9390E-09	8.0612E-09	6.3274E-06	-5.1905E-06
-1.6920E-08	-6.9501E-09	6.7027E-06	-5.6827E-06
7.1953E-09	-1.5836E-08	4.5002E-06	-7.3398E-06
-9.0733E-09	1.8497E-10	4.4071E-06	-3.7492E-06
2.4997E-08	6.3695E-09	3.2674E-06	-4.5768E-06
-3.1790E-08	8.4077E-09	5.2124E-06	-2.8031E-06
2.4400E-09	2.3720E-08	4.1094E-06	-3.8781E-06
8.3913E-11	1.5610E-09	3.6219E-06	-2.3326E-06
3.4744E-08	-3.0998E-09	4.3114E-06	-2.5321E-06
6.8507E-09	2.4641E-08	4.4990E-06	-3.6153E-06
-1.5081E-08	-3.0977E-08	4.2336E-06	-3.6918E-06
7.7353E-09	2.8323E-08	5.4247E-06	-3.8658E-06
-2.4349E-09	-1.9984E-08	4.0495E-06	-4.1836E-06
2.0106E-08	-2.7289E-08	3.7870E-06	-3.6187E-06
-1.5094E-09	-3.2456E-09	4.6218E-06	-2.5010E-06
-6.5211E-09	1.6331E-08	4.6434E-06	-4.1877E-06
-8.8451E-09	-3.6569E-09	5.1086E-06	-3.2314E-06
2.2340E-08	-2.6050E-08	5.5449E-06	-3.0935E-06
8.1463E-11	2.0254E-08	4.0114E-06	-2.7810E-06
-1.2185E-08	-1.7897E-09	4.6022E-06	-3.2571E-06
5.3982E-10	-7.0082E-09	4.4348E-06	-1.3975E-06
-6.4622E-09	-1.6206E-08	4.7644E-06	-3.2986E-06
8.9834E-09	8.5040E-10	5.9853E-06	-3.6291E-06
1.5082E-08	1.4572E-08	5.9816E-06	-3.3694E-06
-2.4553E-08	-3.1049E-09	4.6272E-06	-4.7051E-06
2.1484E-08	1.1492E-08	2.5054E-06	-4.9313E-06
-7.0529E-09	1.6954E-08	3.3131E-06	-5.2656E-06
3.4910E-08	-9.6033E-09	4.6887E-06	-4.2816E-06
2.7191E-08	-1.2772E-09	8.8271E-07	-3.6411E-06
-5.5399E-09	-9.5885E-09	3.8404E-06	-4.2475E-06
-2.2211E-08	-9.8606E-10	3.9413E-06	-6.4354E-06
-1.6820E-08	6.7962E-09	2.5795E-06	-5.9589E-06
-2.3228E-09	3.3944E-09	8.1657E-08	-6.7368E-06
1.9593E-08	-3.3717E-08	3.8334E-07	-7.0812E-06
-2.3011E-08	1.7206E-08	6.9672E-07	-6.1385E-06
3.4392E-08	1.6740E-08	-6.5422E-06	-5.9779E-06
5.0607E-10	1.3788E-08	-4.1410E-06	2.8988E-06
1.4450E-08	-2.8503E-08	6.5576E-06	4.6674E-06
-1.6039E-08	-2.0155E-08	8.4244E-06	-4.6314E-06
2.0226E-08	1.8893E-08	4.7033E-07	-9.2602E-06
3.2023E-09	1.4362E-08	-4.3099E-06	-3.7295E-06
-4.1187E-09	2.6078E-08	-3.6822E-06	1.4475E-06
-3.0690E-08	2.1169E-08	-2.5634E-08	5.3272E-06
-2.1197E-08	5.4153E-08	2.1212E-06	7.0014E-06
1.5638E-08	-3.5402E-09	6.8283E-06	3.9070E-06
3.4432E-08	-1.4453E-08	9.5798E-06	1.3354E-06
-1.8369E-08	-1.6532E-08	9.9502E-06	-2.3027E-06
1.8201E-09	1.8986E-08	8.5600E-06	-8.0675E-06
4.4316E-08	-1.4053E-09	4.5077E-06	-6.2798E-06
1.7081E-09	-3.3817E-09	4.2974E-06	-6.8780E-06
-6.3617E-09	7.2351E-10	1.8135E-06	-6.7942E-06
2.4982E-09	-1.9573E-10	-3.9100E-08	-3.9093E-06
4.7761E-08	-1.4649E-08	1.4129E-06	-4.8549E-06
-1.4662E-08	1.8942E-09	1.5369E-06	-3.0424E-06
4.2020E-09	-4.6682E-08	6.5992E-07	-3.8279E-06
1.0154E-08	4.4125E-09	1.0126E-07	-2.9529E-06
-1.3280E-08	-6.7044E-09	-3.6529E-08	-2.5151E-06
-3.2028E-08	-1.4533E-08	1.2903E-06	-2.3316E-06
-1.1392E-08	-4.1506E-10	7.5377E-07	-1.2306E-06
-1.1703E-08	-9.9032E-10	2.8542E-07	-2.5956E-06
-2.1441E-08	1.1007E-08	2.2325E-06	-2.1720E-06
-2.3829E-08	2.3290E-09	8.9930E-07	-1.0317E-06
4.0683E-08	-1.0220E-08	1.0180E-06	-3.9531E-06
-1.9798E-08	-3.6056E-08	1.1708E-06	-9.3767E-07
-1.5442E-08	-3.5523E-09	8.2709E-07	-2.7132E-06
-1.2123E-08	-6.6227E-10	3.7666E-07	-1.8975E-06
-8.7554E-09	-8.7946E-09	1.6968E-06	-4.4751E-06
-1.6858E-08	2.2707E-08	2.2091E-06	-1.1705E-06
-2.7518E-08	-1.8588E-08	-3.8867E-08	-2.5633E-06
2.6167E-09	5.2221E-09	4.0655E-07	-2.3533E-06
-3.4964E-08	1.0265E-09	9.4570E-07	-1.1777E-06
-1.8624E-08	1.7124E-08	3.8501E-07	-5.1147E-07
-9.1043E-09	-5.3653E-09	2.4795E-07	-2.4810E-07
8.7143E-09	-1.3310E-09	2.3802E-06	-2.4989E-06
1.4667E-08	5.3200E-09	1.8508E-06	-2.7518E-06
-2.6985E-09	-1.1193E-08	2.0163E-06	-1.9744E-06
-1.5945E-09	1.7946E-08	1.4596E-06	-9.9971E-07
2.8702E-08	-2.6891E-08	1.6974E-06	-3.0418E-08
-9.3080E-09	-8.2704E-09	1.1312E-06	-7.3428E-07
-2.2001E-09	-3.6885E-08	2.5270E-06	-2.1978E-06
1.4958E-09	-3.0125E-08	8.5486E-07	-2.4238E-06
1.3080E-08	4.1935E-08	2.3292E-06	-2.4635E-06
-2.8520E-10	-1.5797E-08	2.6869E-06	-1.0762E-06
6.1353E-09	1.1295E-08	1.4653E-06	-1.0835E-06
3.6485E-08	8.9634E-10	1.7705E-06	-1.2143E-07
-1.7969E-08	-3.4856E-08	1.9427E-06	-1.5273E-06
3.4810E-09	-1.1227E-08	1.6790E-06	-2.0905E-06
3.4905E-08	-2.1407E-08	1.3628E-06	-9.2977E-07
7.8503E-10	-1.7199E-08	-5.3908E-07	-1.4844E-06
-2.8135E-08	1.5714E-10	1.7578E-06	-1.0259E-06
-1.5650E-08	-1.1194E-08	2.4389E-06	-1.9884E-06
1.7208E-08	-8.3116E-09	4.5966E-07	-1.9038E-06
-1.2083E-08	-2.6499E-09	5.8516E-07	-2.0737E-06
-4.9837E-09	-4.0881E-08	4.0242E-06	-7.8104E-07
6.7922E-09	1.4061E-08	3.7466E-06	-5.4055E-07
2.9552E-08	3.3083E-08	1.5633E-06	-1.8881E-06
-3.6897E-09	1.9601E-08	1.8584E-06	-7.7536E-07
-2.0105E-09	3.1238E-08	2.2967E-06	-1.1410E-06
-2.9882E-08	1.6368E-08	-6.8547E-08	-1.5085E-06
2.4296E-08	-2.1856E-10	1.2300E-06	-6.8332E-07
-1.9915E-08	8.2443E-09	5.3591E-06	-1.1360E-06
-3.5906E-09	5.8883E-09	8.5157E-07	-2.5235E-06
-4.7946E-09	6.7885E-09	1.1231E-06	-1.9434E-06
2.3114E-08	-9.6374E-09	1.0399E-06	-2.0839E-06
-1.4365E-08	2.9327E-09	2.3351E-06	1.6021E-08
-2.8242E-08	3.8480E-08	1.7710E-06	-6.4585E-07
2.8844E-09	3.5022E-09	2.8365E-06	-2.2858E-06
4.6055E-09	2.7593E-08	1.4287E-06	-1.9514E-06
1.8809E-08	-2.7630E-08	8.7179E-07	-1.0562E-06
1.1724E-08	-2.0954E-08	3.4654E-06	-6.2785E-07
6.1935E-09	-2.7309E-08	6.3357E-07	-2.1753E-06
3.5336E-08	5.1191E-09	1.4624E-06	3.2784E-09
2.2053E-09	3.5843E-09	1.4664E-06	-1.3773E-06
2.5701E-08	-6.0074E-09	1.8895E-06	-2.7235E-06
-3.0852E-09	1.7371E-08	2.2975E-06	-1.0854E-06
-1.7483E-09	1.7729E-08	1.1600E-06	8.0835E-07
6.5108E-09	-2.0222E-09	8.9144E-08	-2.1942E-06
4.5661E-09	-1.2183E-08	2.0271E-06	-8.0471E-07
1.9912E-08	4.9022E-09	3.2664E-06	-1.9997E-06
-5.6770E-09	1.2800E-09	1.8294E-06	-1.0158E-06
5.9584E-09	2.1342E-09	2.8261E-06	-1.5383E-07
-8.5908E-09	1.9351E-08	2.6556E-06	-7.4446E-07
1.7437E-08	8.2829E-09	1.4635E-06	3.9722E-07
-1.7511E-09	7.4535E-09	1.9034E-06	-1.9739E-07
1.3373E-08	-2.1708E-08	1.5718E-06	7.8086E-07
-2.6125E-08	1.7996E-08	2.0077E-06	-1.7530E-06
-3.0797E-08	-2.4991E-08	2.3029E-06	-1.0428E-06
-4.0050E-08	-2.5739E-08	3.2413E-06	-6.1419E-08
-3.3064E-08	-3.2978E-08	2.2150E-06	1.1073E-07
-5.4817E-09	-4.9987E-09	1.9462E-06	-1.9460E-06
3.2112E-09	8.7819E-09	2.8501E-06	-2.8330E-07
-2.3497E-08	-8.4060E-09	9.8956E-07	1.1544E-07
3.0373E-08	-3.7703E-09	2.2056E-06	-1.9477E-06
6.3064E-09	-1.0983E-08	1.3841E-06	-6.4875E-07
-3.8211E-08	-1.9649E-08	6.2614E-07	-6.8541E-07
1.8345E-09	1.3936E-08	1.9738E-06	-2.5111E-06
3.1167E-08	1.1140E-08	1.4422E-06	-2.1834E-06
-1.3668E-08	-1.4484E-08	2.2961E-06	-6.2923E-07
-5.1574E-09	-3.4825E-08	2.8435E-06	-2.9289E-06
-3.2411E-10	-4.7658E-09	6.3985E-07	5.9597E-08
-2.8644E-08	7.9523E-09	1.2261E-06	-3.2344E-07
1.5227E-08	-1.1823E-08	2.6645E-06	-1.6573E-06
-3.8030E-08	-5.6476E-09	2.2398E-06	-5.6314E-07
-1.3938E-08	4.8452E-09	2.3441E-06	5.5800E-07
9.9128E-09	4.8875E-09	2.1223E-06	-1.6714E-06
-1.6335E-08	-1.0569E-08	2.2819E-06	-5.3776E-07
9.3488E-09	-4.3051E-08	6.3332E-07	-1.6604E-06
2.9353E-08	-1.8463E-08	2.7569E-06	-8.2167E-07
-1.2474E-08	-1.2044E-08	1.6220E-06	7.0393E-07
-2.8124E-08	-7.8443E-09	1.9240E-06	-1.7249E-06
1.7887E-08	2.8791E-08	2.3816E-06	-9.8506E-07
1.1053E-08	-3.3200E-08	1.7512E-06	-3.0562E-06
-1.7995E-08	-4.5826E-10	1.2064E-06	-5.7978E-07
-1.9724E-08	-7.5971E-09	2.5364E-06	-7.8624E-07
1.1291E-08	-2.8222E-09	2.2333E-06	-8.3916E-07
-1.7119E-08	7.4044E-09	7.2037E-07	-6.8145E-07
-1.2390E-08	2.8425E-08	2.2068E-06	4.9658E-07
5.5300E-09	3.7764E-08	1.0983E-06	8.8747E-08
1.2053E-08	1.5856E-08	2.0468E-06	-1.1772E-06
2.1420E-08	7.7349E-09	2.6171E-06	4.0859E-07
-1.5798E-08	-1.6046E-08	8.3164E-07	-5.9365E-07
2.8722E-09	-2.6335E-08	1.1395E-06	-1.3460E-06
-1.4281E-08	1.0068E-08	5.6041E-07	-7.5578E-07
2.7084E-09	-5.6308E-09	1.7369E-06	-2.7181E-07
-3.7005E-08	2.1594E-08	1.7373E-06	-9.2435E-07
2.0978E-08	-1.0395E-08	3.0797E-06	-6.1034E-08
-1.5287E-08	3.5288E-09	2.0364E-06	-9.2453E-07
7.3368E-09	-1.8469E-08	4.1129E-06	9.1673E-07
1.8549E-08	3.4551E-08	3.8337E-06	2.0521E-07
-1.3813E-08	-3.2146E-10	8.6323E-07	1.4260E-07
2.3405E-08	-2.7025E-08	2.4687E-06	-1.9916E-06
8.3579E-09	-1.4732E-08	2.2301E-06	-2.0220E-06
1.1002E-08	1.3723E-09	2.8291E-06	-2.7999E-07
-2.6579E-08	-9.9103E-09	2.9917E-06	9.2315E-07
-1.2325E-09	2.5570E-08	3.0791E-06	-9.0955E-07
1.7305E-09	-9.7472E-09	1.9864E-06	-9.7031E-07
1.5315E-08	-5.0928E-09	1.7836E-06	-1.1574E-06
5.0207E-10	1.0016E-08	2.5923E-06	-1.1096E-06
-3.1739E-08	1.4622E-08	2.0495E-06	-3.7315E-07
-2.4342E-09	-2.4430E-08	1.8091E-06	4.8515E-07
-1.0383E-08	-1.8801E-08	1.7613E-06	-4.4870E-07
-3.5596E-11	1.1444E-08	2.6771E-06	-2.5057E-06
3.0829E-09	7.4660E-09	1.0571E-06	1.8110E-07
1.7331E-08	-6.7558E-09	3.4679E-06	-6.4010E-07
3.0300E-08	-2.8976E-09	3.1186E-06	-9.5826E-07
5.2376E-09	-1.9931E-08	2.7372E-06	-1.6045E-07
3.8341E-09	6.6654E-09	-9.7654E-08	-1.0984E-06
5.5823E-09	1.1681E-08	2.8431E-06	3.2714E-07
-3.9163E-08	2.9549E-08	1.5181E-06	-1.2984E-06
-6.5480E-09	1.7602E-08	1.4942E-06	-2.7559E-07
1.4109E-08	4.2122E-08	1.3610E-06	-1.5365E-06
-2.2740E-08	2.4432E-09	1.9660E-06	-1.6393E-06
-2.8931E-08	1.0461E-08	1.2890E-06	4.3165E-07
-2.0621E-08	-1.2761E-08	3.3228E-06	-5.6676E-07
-3.0824E-09	1.7118E-08	2.9877E-06	-2.3857E-08
-3.3604E-09	2.2309E-08	1.8329E-06	7.9756E-07
1.5153E-08	4.3667E-09	2.2326E-06	-1.6191E-06
1.1496E-08	-1.1482E-08	2.2696E-06	-1.8372E-06
-3.1803E-08	3.5784E-09	3.6477E-06	-8.4070E-07
-2.3624E-08	1.5940E-10	1.6794E-06	-8.7294E-07
-4.6306E-11	-2.2156E-08	2.0944E-06	7.3078E-09
8.5954E-09	-2.4199E-09	2.2546E-06	-7.6243E-07
-3.0571E-08	-8.8624E-09	2.6851E-06	-2.0956E-06
3.8485E-09	6.0870E-09	2.3384E-06	-1.4478E-06
2.7584E-08	1.6944E-08	5.4499E-07	-1.0609E-06
-2.1915E-08	-2.0031E-08	2.6329E-06	-5.7198E-07
-7.8512E-09	9.4237E-09	3.0052E-06	-4.6122E-07
-1.1242E-08	-7.1504E-09	3.6321E-06	-1.7995E-06
-3.0452E-08	-5.5363E-09	3.3790E-06	-1.6370E-06
-3.7346E-09	-2.7312E-08	3.1813E-06	-8.9131E-07
-2.0884E-08	1.9974E-08	2.6328E-06	-1.3572E-06
4.8125E-09	-6.8662E-09	2.4687E-06	-7.8072E-07
-3.1673E-08	3.4606E-08	2.3391E-06	-2.2091E-07
-1.1474E-08	6.3573E-09	2.7072E-06	-1.6628E-06
1.6324E-08	1.8476E-08	2.6859E-06	-7.5647E-07
-4.2813E-08	-1.7269E-08	2.0498E-06	-7.7295E-07
-1.1628E-08	1.3215E-08	1.2746E-06	-7.5980E-07
-1.5550E-08	8.6002E-09	1.7849E-06	-4.8673E-07
1.1413E-08	1.4974E-08	2.0471E-06	-9.7314E-07
-1.4219E-08	1.7809E-08	4.2533E-06	-2.6722E-06
1.9274E-09	-2.5958E-08	3.0275E-06	1.3246E-07
2.4289E-08	-1.7149E-08	3.7417E-06	-1.1657E-07
-4.1651E-09	9.5987E-09	2.5055E-06	-1.3850E-06
7.9850E-09	9.8342E-09	2.9301E-06	-1.3224E-06
1.5200E-08	-2.2547E-08	2.6124E-06	-1.8270E-06
-2.3753E-09	-1.6325E-08	2.3647E-06	-3.2375E-07
1.3600E-08	1.0482E-08	1.5765E-06	-4.1406E-07
9.7912E-09	-1.9866E-08	7.5404E-07	-9.8942E-07
1.1082E-08	-1.4690E-08	2.8127E-07	-6.2470E-07
-1.2434E-08	-9.3896E-09	1.9839E-06	-8.5345E-08
-1.5707E-08	-1.6880E-08	1.1345E-06	-1.0395E-06
2.2750E-08	6.8859E-09	2.7749E-06	-7.4292E-07
-1.2902E-08	2.2515E-08	1.7139E-06	-1.4653E-06
1.2632E-08	-1.4466E-08	3.2786E-06	-1.0727E-06
1.2578E-08	-5.7562E-09	1.3319E-06	-2.8653E-06
-1.2966E-08	-1.7778E-08	1.7529E-06	-8.6396E-07
9.9292E-09	6.5050E-09	3.8421E-06	-1.8894E-06
-3.1750E-09	1.2955E-08	2.2203E-06	-5.4621E-07
-6.1100E-09	-1.3843E-08	9.9558E-07	-9.5714E-07
5.6978E-08	1.1490E-08	6.7870E-07	-6.9334E-07
4.0412E-08	2.1090E-08	2.8444E-06	4.5594E-07
-7.1531E-09	-2.8241E-08	1.0994E-06	-1.3630E-06
-5.8838E-10	-6.6556E-09	3.2714E-06	-1.1451E-06
-4.5381E-09	-7.5063E-09	2.0330E-06	-1.4081E-06
2.2298E-08	1.8636E-09	2.1176E-06	-2.6795E-06
3.6576E-08	-1.2984E-08	1.2604E-06	-1.7703E-06
-2.4260E-09	5.3337E-10	1.3587E-06	-1.7157E-06
-2.5705E-08	1.5714E-08	1.3915E-06	-1.8566E-06
-9.0374E-09	2.6939E-08	2.8811E-06	-5.6751E-07
8.6858E-09	-1.0911E-08	2.0605E-06	-1.2950E-06
-1.9395E-09	-1.7475E-08	2.9871E-07	-3.9033E-07
1.3722E-09	1.2055E-08	6.9401E-07	1.4257E-07
-2.7465E-09	-1.1580E-08	1.9096E-06	-3.5103E-07
3.3150E-08	1.2071E-08	2.0507E-06	-1.6202E-07
4.2753E-09	6.3372E-09	2.6832E-06	-1.9427E-06
4.8160E-09	-4.1835E-08	3.2273E-06	-2.3529E-06
-2.3536E-08	1.7463E-08	1.2779E-06	-1.8464E-06
4.1937E-08	2.2733E-09	2.7961E-06	-1.6130E-06
-1.7901E-08	-2.0685E-08	1.7058E-06	-1.7480E-06
-3.4151E-08	1.8750E-08	4.1927E-06	-2.8019E-07
-4.0605E-09	-9.5887E-09	1.8512E-06	-2.2806E-06
2.1949E-08	-5.1871E-09	1.5260E-06	-1.8189E-06
-3.4910E-09	3.3015E-08	1.6142E-06	-1.0503E-06
3.1532E-08	-1.1016E-08	2.5547E-06	-2.2845E-06
1.0875E-08	-1.1169E-08	3.6228E-07	-3.4780E-07
-2.2182E-08	-1.7757E-08	3.8198E-06	-1.4996E-06
5.9295E-09	4.9230E-08	3.3916E-06	-1.6658E-06
1.3118E-08	3.1965E-08	2.9673E-06	-1.5306E-06
3.2266E-08	3.9031E-10	3.9180E-06	-7.3156E-07
-1.4198E-08	-1.7751E-09	3.5717E-06	-1.6144E-06
1.6027E-08	-9.1881E-10	4.9133E-06	-2.5738E-06
3.2007E-09	2.5233E-09	2.4450E-06	-1.0414E-06
6.8374E-08	9.4311E-09	2.3848E-06	-2.7682E-06
2.6169E-08	-2.5332E-08	2.2221E-06	-3.9022E-06
1.9658E-09	1.6124E-08	2.2589E-06	-2.0001E-06
-4.4223E-08	-6.1675E-10	1.8184E-06	-1.7171E-06
-1.6505E-08	-1.0349E-08	1.9330E-06	-2.7968E-06
2.2571E-08	-3.4549E-09	2.1788E-06	-3.8377E-06
7.8524E-09	3.7422E-09	2.4039E-06	-3.4813E-06
3.1653E-09	2.5283E-08	1.2706E-06	-2.1303E-07
-1.0714E-08	-1.2449E-08	2.7924E-06	-1.1178E-06
-2.1946E-08	1.0133E-09	1.5550E-06	-2.8639E-06
4.6702E-08	5.3476E-09	-1.4386E-08	-2.2617E-06
-1.3907E-08	-1.1268E-08	1.8148E-06	-2.6275E-06
1.7285E-08	1.5556E-08	1.4525E-06	-1.7850E-06
1.5252E-08	3.9245E-08	3.1266E-06	-1.3792E-06
7.5672E-09	1.0193E-08	-6.1512E-07	-1.6768E-06
4.0273E-08	-2.6019E-08	1.2284E-06	-2.0832E-06
-1.3485E-08	4.8318E-09	2.4815E-06	-1.0507E-06
2.4375E-08	2.1091E-09	8.5516E-07	-1.9550E-06
-1.9574E-08	-1.3445E-08	1.2302E-07	-1.2756E-06
-2.4513E-09	-3.4195E-08	9.6775E-07	-1.3941E-06
2.4048E-08	6.4176E-09	3.9668E-07	-2.7304E-07
4.2594E-09	2.1511E-08	1.5399E-06	-1.1027E-06
-8.6018E-09	1.6351E-08	1.5229E-06	-7.4380E-07
-5.7203E-09	1.5764E-08	1.2949E-06	-4.5339E-07
-2.6138E-08	7.7387E-09	6.2896E-07	7.2583E-07
9.5654E-09	-3.5674E-09	1.4346E-06	4.3185E-07
1.7064E-08	1.6785E-08	4.2975E-07	-3.8860E-07
3.3126E-08	3.1323E-08	6.4358E-07	8.7948E-07
-1.9164E-08	5.2235E-09	1.5724E-06	2.7256E-06
-2.5083E-08	3.0779E-09	1.9327E-06	-6.6107E-07
-8.0360E-09	-8.6519E-09	3.2152E-06	-2.0816E-07
-2.6314E-09	1.2894E-08	3.8226E-06	-3.1115E-07
6.6308E-10	-1.2839E-09	2.1775E-06	-2.0862E-06
1.0799E-08	5.1980E-09	7.1518E-07	-2.3428E-06
2.0858E-10	-1.0180E-08	1.8364E-06	-7.9610E-07
-3.0602E-08	-2.6266E-08	-1.6390E-07	-1.6360E-06
-4.6192E-09	1.1161E-08	1.5791E-06	-1.8382E-06
-6.2127E-09	4.2137E-09	8.9910E-07	-1.4303E-06
-3.8917E-09	9.3026E-09	1.5216E-06	-1.9609E-06
1.6703E-08	1.4461E-08	1.5681E-06	-8.1190E-07
5.4307E-09	-2.4663E-08	1.6642E-06	-6.8785E-07
3.5709E-09	-1.2790E-08	3.6067E-07	-1.3095E-06
-3.5226E-08	9.7445E-09	-2.9487E-07	-1.7814E-06
1.6375E-08	1.2669E-10	8.4452E-07	-1.1054E-06
-2.7602E-08	-2.2193E-08	3.1018E-06	-6.5573E-07
8.0517E-09	1.3288E-08	2.0810E-06	-6.8903E-07
-9.7414E-09	-4.1321E-09	2.5753E-06	-2.3142E-06
-3.5436E-09	-1.0484E-08	2.6071E-06	-2.3990E-06
-1.3095E-08	1.8980E-08	1.4616E-06	-1.0092E-06
2.0633E-08	-7.6361E-09	2.4207E-06	-1.4071E-06
1.3989E-08	1.8325E-08	8.9880E-07	-3.4745E-07
6.8553E-09	3.0738E-08	9.1559E-07	-5.4285E-07
-5.6237E-09	4.9179E-09	3.4615E-07	-7.3188E-07
-1.7782E-08	-1.2784E-08	2.4388E-06	-1.4851E-06
-2.1731E-08	3.6882E-09	1.1142E-06	-1.4148E-06
-4.6760E-08	1.9053E-08	2.7268E-06	-3.0396E-06
-3.7003E-08	2.9804E-08	2.0943E-06	-1.9081E-06
3.1680E-08	4.0775E-08	1.9032E-06	-1.0742E-06
-9.5372E-09	-2.5820E-08	2.9731E-06	-1.3033E-06
-1.4839E-08	9.1309E-09	1.5021E-06	-1.4782E-06
3.3073E-09	1.3325E-09	4.4693E-07	-7.6101E-07
1.1189E-08	4.3083E-08	2.6750E-07	-5.2093E-07
2.7866E-08	-1.0265E-08	1.9035E-06	-7.2092E-07
2.7537E-08	-1.2564E-08	2.7318E-06	-1.0186E-06
1.5663E-08	8.0917E-09	-3.8916E-07	3.3667E-08
-8.5402E-09	9.4104E-09	1.3481E-06	-2.0672E-06
2.8289E-08	1.1353E-08	1.5796E-06	-1.3936E-06
-4.4124E-09	5.6484E-09	1.1392E-06	-1.5939E-06
-3.4753E-08	-3.0882E-08	2.8770E-06	-2.4837E-06
8.0015E-09	1.3052E-09	6.3934E-08	-1.5798E-06
5.4442E-09	2.1996E-08	1.1810E-06	-5.5858E-07
7.6677E-09	-1.1466E-09	6.4308E-07	-1.0699E-06
5.6028E-09	-1.8432E-09	2.1214E-06	-9.0215E-07
-3.7725E-09	2.0276E-08	1.7159E-06	-1.5547E-06
-1.6896E-08	1.7011E-08	1.1764E-06	-7.9675E-07
-2.6770E-09	1.6946E-08	1.1683E-06	-1.0166E-06
-4.8695E-08	-1.1541E-08	6.3761E-07	-1.1884E-06
-1.4872E-09	-1.4365E-08	-9.1428E-07	6.0949E-08
-3.3757E-09	-7.7286E-09	3.3342E-06	-1.0169E-08
2.2518E-08	-2.2604E-09	1.9580E-06	-1.1350E-06
-9.5111E-09	-1.7940E-08	3.4460E-07	-2.1123E-06
-9.2550E-09	1.5708E-08	1.6063E-06	-1.6907E-06
2.3510E-08	6.5260E-09	2.1807E-06	-8.2360E-08
2.2738E-08	-3.2327E-09	1.1890E-06	-1.7361E-06
2.1975E-08	8.2763E-09	2.3799E-06	-3.5048E-07
-4.1325E-09	3.2992E-10	2.4612E-07	-1.8302E-06
3.2130E-09	2.2789E-08	1.4932E-06	-6.0399E-07
-1.2092E-08	4.7131E-09	1.7523E-06	4.6236E-07
2.7624E-08	3.8351E-08	6.7318E-08	-1.0059E-06
-1.7994E-08	1.8629E-08	-4.1465E-07	-1.3521E-06
-4.3476E-09	-1.0395E-08	1.3365E-06	2.4017E-07
1.0824E-08	1.1374E-08	6.4581E-07	-1.5593E-06
-2.0806E-08	-1.5705E-08	1.3729E-06	-8.8718E-07
3.0255E-09	-1.2084E-09	2.3801E-06	-1.3273E-06
-2.2774E-08	-8.6052E-09	2.5531E-07	-1.2171E-06
-1.8222E-08	-2.1696E-08	5.4618E-07	-6.5977E-07
8.4494E-09	-1.3702E-08	1.7812E-06	-1.1431E-06
2.1600E-08	3.8993E-08	1.2273E-06	-1.4251E-06
8.1330E-09	-1.0257E-08	1.3324E-06	-1.3986E-06
-4.1917E-09	1.3587E-09	3.0898E-06	-1.2660E-06
-1.1890E-08	1.1971E-08	7.0531E-07	-1.5571E-07
9.8629E-09	-1.2698E-08	8.5546E-07	-2.3923E-07
3.5744E-08	1.3047E-08	2.1444E-06	1.1597E-07
2.8125E-08	-1.0877E-08	1.7845E-06	-2.0716E-06
2.7883E-08	3.2895E-08	2.9528E-07	-9.1751E-07
-9.2620E-09	1.6843E-08	1.3941E-06	-1.3362E-06
3.5684E-08	1.1385E-09	4.3511E-07	1.1436E-07
-1.3224E-08	-1.0083E-08	2.1223E-06	-2.6259E-06
-7.2939E-09	1.9999E-08	2.2795E-06	-2.2833E-06
-2.3005E-08	-3.6320E-09	-1.1762E-07	-1.4841E-06
1.3251E-08	2.9776E-08	-5.5379E-07	-1.2630E-06
2.0633E-08	1.2456E-08	-7.7803E-08	-4.2056E-07
-2.1984E-08	3.2076E-08	5.9965E-07	-1.0246E-07
-4.1153E-08	-7.6916E-09	1.2440E-06	-1.9535E-06
-4.5786E-09	-1.0625E-08	1.2140E-06	-1.5199E-06
-2.2319E-08	-1.1383E-09	4.0280E-07	-1.9328E-06
7.8400E-09	3.2979E-08	1.7725E-06	-3.2561E-06
-3.4192E-08	2.0748E-08	1.2774E-07	-1.7807E-07
-2.4522E-08	-9.4251E-09	1.1389E-06	-1.2000E-07
1.8709E-08	2.1421E-08	-6.3736E-07	-1.9435E-06
8.0294E-10	-6.6493E-08	1.9258E-06	-1.0297E-06
3.9978E-09	-2.2892E-09	2.4229E-06	-7.8230E-07
5.5415E-09	3.1536E-08	1.3889E-06	-4.6586E-08
4.8000E-09	2.0178E-08	1.6142E-06	-8.2912E-07
1.1342E-08	-1.5696E-08	1.3037E-06	9.3193E-08
-1.4965E-09	-2.9930E-09	1.2266E-06	-1.2761E-06
-9.1044E-09	-1.1542E-08	1.7549E-06	-9.5481E-07
8.7468E-09	-3.7882E-09	1.8356E-06	-2.3064E-07
-1.5936E-09	-2.2460E-08	1.5742E-06	2.5322E-07
-2.7160E-09	1.8654E-08	4.8317E-07	-9.4249E-07
-1.0282E-08	9.8684E-09	1.7627E-06	-7.1341E-07
-1.8490E-08	2.1163E-09	1.6964E-06	-6.2163E-07
-2.4159E-08	-1.2986E-08	3.6810E-07	4.3740E-07
1.3245E-08	1.5981E-08	1.4591E-06	1.1265E-07
1.2262E-08	-9.2597E-09	1.2978E-06	-4.3599E-07
-6.2181E-09	3.3479E-08	8.3265E-07	-1.3784E-06
5.4778E-09	-3.1082E-08	1.6483E-06	-1.8254E-07
-1.0640E-08	2.3249E-08	8.0978E-07	-2.3109E-06
-4.4508E-09	-1.2306E-08	2.3852E-06	-1.0828E-06
-3.8161E-08	1.9090E-08	1.2260E-06	-7.7267E-07
1.4762E-08	-3.1446E-08	1.6233E-06	-1.5536E-06
-1.1455E-08	-1.3883E-08	3.2594E-06	-1.9186E-06
-2.6835E-08	1.6893E-08	2.7824E-07	-1.0385E-06
4.0673E-09	4.0212E-09	8.3480E-07	-4.4200E-07
-2.3246E-08	-1.7646E-08	-3.7309E-08	-4.9433E-07
2.0662E-09	1.3894E-08	6.9161E-07	-1.4308E-06
-3.1970E-08	3.5081E-08	8.6953E-07	-1.2563E-06
-1.5207E-08	1.8865E-08	6.4140E-07	4.0061E-07
1.8847E-08	-7.5537E-09	1.4929E-06	-4.4037E-07
4.6772E-08	-6.6417E-09	1.2804E-06	-8.3587E-07
4.1551E-08	1.4784E-08	1.2363E-07	-6.1494E-08
2.6872E-08	-1.8074E-08	2.7120E-06	9.9900E-07
-1.4895E-08	1.6150E-08	1.1871E-06	-1.9045E-07
1.1897E-09	7.6884E-09	2.5684E-08	-1.8198E-06
3.3410E-08	2.1595E-08	2.4262E-06	-5.9157E-08
-1.9638E-08	-1.0480E-08	5.4759E-08	-5.2890E-07
5.2266E-09	-8.6034E-09	2.3239E-08	-8.4082E-07
-3.7766E-08	1.2764E-08	1.3577E-06	5.3529E-07
3.0756E-08	-2.4872E-08	2.7747E-06	6.3566E-07
7.5928E-09	-1.7486E-08	2.0975E-06	-1.5182E-06
-2.0509E-08	-7.3256E-09	8.7476E-08	-1.3100E-06
-2.0792E-08	-2.5948E-08	1.0964E-06	-7.4162E-07
1.4394E-08	-5.0731E-09	7.4000E-07	3.7217E-07
4.1240E-08	-3.5678E-08	-2.7910E-07	-1.5393E-07
-5.8207E-10	-1.1351E-08	2.6553E-06	-2.9499E-07
-6.2133E-09	-6.4951E-10	2.1513E-06	2.5871E-07
-3.6143E-09	2.3670E-08	-3.2414E-07	-2.5490E-07
-9.2857E-09	2.6312E-08	6.5134E-07	-1.1876E-06
4.9737E-08	-2.5513E-08	3.0424E-07	-1.0029E-06
8.7794E-09	4.2796E-09	1.8585E-06	-2.8336E-06
-4.9876E-09	-7.8216E-09	1.1272E-06	-7.8629E-07
1.8216E-08	1.0873E-08	1.1977E-06	-1.3210E-06
-6.3644E-09	2.9488E-08	1.2156E-06	9.4413E-08
6.9720E-09	4.9834E-09	6.9752E-07	-1.1755E-06
2.6614E-08	3.3653E-08	4.9560E-07	-3.0100E-07
2.1129E-08	1.9919E-09	1.1122E-06	9.3491E-07
1.3192E-08	1.7376E-08	-2.0027E-08	5.8220E-07
1.0855E-08	-7.1230E-09	2.4206E-06	-4.8785E-07
2.4005E-08	7.0002E-09	2.0841E-06	-1.6710E-07
2.1939E-08	3.4281E-08	1.9873E-07	-9.5904E-07
2.2914E-08	8.7278E-09	-1.3416E-07	-5.5168E-07
8.5664E-09	1.4701E-08	2.1099E-06	-3.4458E-07
-2.2995E-08	3.5418E-08	-3.0453E-08	-4.7101E-08
-1.4929E-08	1.3415E-08	4.8673E-07	3.6877E-07
1.1246E-08	1.5812E-08	2.2528E-06	-3.1839E-07
1.8073E-08	-1.1507E-08	2.1696E-06	-2.6696E-06
-9.1102E-09	2.6872E-08	6.6700E-07	-1.1484E-06
-3.7626E-08	1.2576E-08	9.0442E-07	-7.4125E-07
-1.7561E-08	2.6719E-08	2.5333E-06	-9.4328E-07
-5.2294E-09	-2.8771E-08	1.4459E-06	8.4709E-07
8.8939E-09	1.7938E-08	7.2782E-07	-9.3231E-07
1.8132E-08	1.8109E-08	1.8520E-06	1.5311E-06
-1.5134E-09	-8.4234E-09	1.0130E-06	-1.1883E-06
9.5369E-09	3.4013E-09	1.3946E-06	-9.3258E-07
1.9852E-08	-2.4971E-08	7.6370E-07	-1.2729E-07
2.2677E-08	-2.8987E-08	1.1866E-06	-7.8736E-07
-1.1150E-08	7.1106E-10	1.8066E-06	-1.3833E-06
-7.4849E-09	-1.3182E-09	1.1505E-06	-1.4818E-07
-2.0746E-08	1.2896E-08	-4.1698E-07	-1.7749E-06
-2.2809E-08	-3.2115E-08	1.4954E-06	-8.8993E-07
7.9353E-09	5.4475E-09	1.5393E-06	1.2870E-07
1.0600E-09	1.0281E-08	-9.1897E-07	-2.0346E-06
2.4374E-08	-1.2414E-08	5.1139E-07	-2.2308E-06
1.5295E-08	7.8293E-09	8.4712E-07	-7.0168E-07
1.1020E-08	3.1180E-09	2.3585E-06	-2.8043E-07
1.0189E-08	3.3859E-08	1.4456E-06	-8.8713E-07
2.6462E-08	-1.6639E-08	1.4943E-06	-2.1047E-07
8.7178E-09	-1.2264E-08	1.0536E-06	6.9520E-07
2.6182E-10	-3.0311E-09	1.1624E-06	-5.5006E-07
-1.6577E-09	-2.4873E-09	-7.9898E-07	7.0470E-07
2.9165E-08	1.2128E-08	1.9835E-07	-9.5251E-07
1.0163E-08	-5.8010E-09	1.4786E-06	-1.2832E-06
-2.3067E-09	2.4493E-08	1.2982E-06	-5.8290E-07
-2.2045E-09	2.0818E-08	1.0780E-06	1.7224E-07
2.7956E-09	-1.0168E-08	3.1702E-06	1.0026E-06
1.5744E-08	-9.2727E-09	1.4924E-06	-1.0025E-06
1.5354E-09	3.2251E-10	2.2477E-06	4.2803E-07
2.0785E-08	-2.4697E-08	1.0672E-06	7.6930E-09
1.5320E-08	-1.0546E-08	1.6281E-06	2.1764E-07
-5.1526E-09	-3.9786E-08	1.4090E-06	-1.3620E-06
1.8155E-08	-9.3859E-09	1.6238E-06	-1.8437E-06
9.2152E-09	9.2391E-09	-4.2423E-09	-6.5870E-07
-5.6081E-08	-2.4751E-08	1.8725E-07	1.0884E-07
-2.9587E-08	-1.8415E-08	1.5128E-06	-4.2473E-07
-1.3853E-08	-3.3884E-08	-3.3963E-07	-6.0138E-07
-1.6919E-08	-7.1223E-09	2.8253E-06	-3.2097E-07
1.9987E-08	1.5745E-08	3.0419E-06	-4.1977E-07
-2.7565E-08	-2.9313E-08	4.5699E-07	-1.6522E-06
2.0279E-08	1.7864E-08	1.0852E-07	-8.6559E-07
-3.0250E-11	-4.9427E-08	1.7913E-06	-4.9227E-08
5.8296E-09	4.4234E-08	1.0770E-06	-5.2980E-07
-5.9780E-09	-1.4304E-08	-1.2318E-07	-4.0140E-07
2.4122E-08	-3.0048E-08	6.2228E-07	6.1720E-07
1.9671E-08	-2.5157E-08	7.3637E-07	1.7006E-06
1.7214E-08	-2.0373E-08	1.3122E-07	-6.5879E-07
1.6770E-08	-1.4334E-08	3.7819E-07	-1.3931E-06
1.0251E-08	-2.6098E-08	1.9079E-07	1.3627E-06
6.8594E-09	-5.3853E-09	-3.3263E-07	1.1005E-07
4.0360E-09	2.9345E-08	7.0480E-07	-1.0962E-06
8.9984E-09	-8.7337E-10	2.4739E-06	-1.5078E-06
1.2904E-08	-8.1917E-09	1.6410E-06	-1.3385E-06
4.6410E-09	-1.5458E-08	1.2114E-07	-3.8435E-07
5.5852E-09	4.7741E-09	2.8503E-07	7.5252E-08
3.5790E-08	2.4215E-08	9.8493E-07	-1.6496E-06
8.6734E-10	-1.8626E-08	6.8760E-07	-1.2177E-07
2.0585E-08	4.1738E-08	1.3975E-06	-1.8391E-06
2.4370E-08	-3.5998E-08	1.3861E-06	1.1232E-06
1.6858E-08	1.0619E-08	2.7888E-06	3.8096E-07
-2.5055E-09	-1.2342E-08	2.4891E-06	-2.0518E-07
3.7359E-09	8.5548E-09	1.3371E-07	2.0979E-07
-3.5113E-08	-1.0752E-08	2.6056E-06	-1.7458E-06
-1.6975E-08	-1.4311E-08	2.6194E-06	-7.4695E-07
7.8555E-09	-2.6769E-08	1.8703E-06	5.2304E-07
3.0736E-08	1.8244E-10	1.4164E-06	-1.2197E-06
1.9276E-08	4.8026E-09	-2.8370E-07	-8.8221E-07
-3.3506E-08	-6.9645E-10	1.1682E-06	-8.5449E-07
1.3483E-08	2.0007E-08	-2.0972E-07	-1.1587E-06
2.9150E-08	7.3702E-09	1.1520E-06	1.7516E-07
2.9385E-09	-2.4935E-08	3.8759E-07	9.6976E-07
-1.0059E-08	-1.9053E-09	8.3237E-07	-2.8537E-07
6.0766E-09	7.4042E-09	9.4339E-07	-1.5071E-06
-6.4636E-09	1.2108E-08	8.2665E-07	9.0560E-07
1.4587E-08	-9.8993E-09	9.8202E-07	-9.9295E-07
-1.5498E-08	-5.3251E-08	8.3853E-07	-1.1507E-06
3.9693E-09	8.5732E-09	9.2846E-07	-8.8623E-07
-1.5075E-08	2.4593E-08	1.0615E-06	4.9719E-07
-7.4862E-09	2.9585E-09	2.9656E-06	-1.0116E-06
2.0291E-08	-2.4880E-08	7.4913E-07	-6.6830E-07
1.4820E-08	-8.4974E-09	1.0027E-06	1.4080E-06
-1.3171E-08	1.8687E-08	1.6004E-06	-3.5267E-07
-2.5250E-08	-3.1778E-09	4.9328E-07	-9.3483E-08
-3.3063E-09	-2.3348E-08	2.8493E-06	-6.6852E-07
1.4745E-08	-1.4251E-08	9.2548E-07	4.6645E-07
1.0803E-08	-3.0458E-08	6.7850E-07	1.7875E-07
-2.5208E-08	1.1134E-08	1.3504E-06	-7.5703E-07
-8.8177E-09	-1.7300E-08	1.5945E-06	-2.9224E-06
-1.3554E-08	-6.9941E-10	1.3277E-06	-1.1542E-06
-3.3351E-09	1.5662E-08	9.4950E-07	3.5877E-07
-7.2572E-09	-1.8587E-08	1.3422E-07	8.0542E-07
7.2897E-09	-2.3512E-08	1.9667E-06	1.4469E-07
2.0548E-08	-2.0423E-08	8.4652E-07	1.2087E-06
-1.2364E-08	-4.1996E-08	1.2363E-06	7.3275E-07
-1.6094E-08	-3.5494E-09	1.5035E-06	-1.9239E-06
-9.1055E-09	-1.5249E-08	3.9303E-07	-4.7331E-07
-2.0008E-08	1.4326E-08	2.4238E-06	-4.5330E-08
1.4437E-08	1.5316E-08	4.7864E-07	-5.9472E-08
1.5357E-08	2.1840E-08	1.5604E-06	2.9461E-07
-3.7332E-09	3.2111E-09	1.3098E-06	1.0226E-06
4.6367E-09	-8.4302E-09	4.5612E-07	5.9058E-07
2.2030E-08	2.4320E-08	1.8272E-06	-4.3947E-07
-1.5662E-09	3.0438E-08	1.2033E-06	-1.1428E-06
3.2473E-08	2.0571E-08	1.3168E-06	-1.0172E-07
-2.3756E-08	-1.5323E-08	1.9641E-06	-1.0856E-06
7.1882E-09	7.0955E-09	7.3252E-07	-1.7264E-06
-2.7607E-08	-3.8350E-09	5.9406E-07	-7.3435E-07
3.5583E-08	9.8328E-09	3.8082E-07	-5.9830E-08
-5.2222E-09	-3.7454E-09	6.2368E-07	-8.2245E-07
-1.7543E-08	2.9612E-09	-2.8644E-07	-2.6165E-06
4.6309E-08	4.1431E-09	7.7703E-07	-1.2584E-07
2.1107E-08	-9.8454E-09	2.1067E-06	1.0993E-06
7.4793E-09	-2.8184E-08	-7.9899E-07	-2.5011E-07
5.0224E-09	-1.8669E-08	-9.1435E-07	-3.6413E-07
-9.8562E-09	-7.5056E-09	1.2130E-06	-1.0855E-06
-2.2705E-08	-4.8501E-08	1.1232E-06	1.0017E-06
-1.2276E-08	7.4534E-10	2.0771E-06	-1.7779E-07
1.0067E-08	6.5298E-09	9.6218E-07	-7.2717E-07
2.4234E-08	-2.2373E-09	-9.3764E-07	-2.6960E-08
1.8506E-08	1.0335E-08	2.4176E-06	-4.3951E-07
6.2998E-09	-1.4465E-09	7.8354E-07	1.8183E-07
-2.2641E-08	1.9499E-08	6.2838E-07	5.6616E-07
-1.0799E-08	5.8165E-09	1.8443E-06	-6.0321E-07
-1.8590E-08	2.4436E-08	2.4664E-07	5.0296E-07
-1.4421E-08	6.3064E-10	3.0945E-08	1.0763E-06
-7.4570E-09	1.3486E-08	1.2227E-06	2.0693E-07
1.3253E-08	1.4912E-08	1.4793E-06	1.7419E-07
7.3925E-09	8.9397E-09	7.3610E-07	6.4850E-08
-2.3277E-08	-2.5162E-08	3.2923E-06	-2.8697E-07
-2.3589E-09	-9.7815E-09	1.9717E-06	-1.9649E-06
1.6556E-08	3.5705E-09	1.4557E-06	4.9781E-07
1.0749E-08	2.4393E-08	-6.1094E-07	-5.5074E-07
4.1816E-09	3.0177E-08	1.8908E-06	3.6089E-07
-2.2396E-08	1.1227E-09	1.0017E-07	1.5725E-06
1.8017E-08	-1.6519E-09	1.5293E-06	-1.3890E-07
2.8679E-09	9.7026E-09	-3.9792E-08	2.2092E-07
-1.2017E-08	-9.5459E-09	4.7470E-07	-6.5122E-07
-1.1131E-08	-6.9478E-09	2.2153E-07	7.5825E-08
-6.1346E-10	2.8963E-08	1.3034E-06	-1.0378E-06
-1.0715E-08	-1.2951E-08	-9.2540E-07	2.2802E-07
-1.0261E-08	-3.1479E-08	1.3241E-07	-2.7202E-07
-1.8466E-08	1.0866E-08	5.8428E-07	-1.5765E-07
-6.7005E-09	1.9544E-08	5.3605E-07	7.6715E-07
7.2372E-09	2.5999E-09	1.2450E-06	1.3958E-06
2.0311E-08	-1.4929E-08	5.8554E-07	5.2358E-07
-1.2234E-08	1.1972E-08	2.0863E-06	-1.0090E-07
2.7008E-08	2.9909E-08	1.5297E-06	2.0795E-07
-9.0493E-09	1.7660E-10	2.0225E-06	1.1601E-06
1.7783E-08	-4.1561E-09	4.2090E-07	1.0247E-06
3.0692E-08	1.7845E-08	2.5603E-06	8.1003E-07
-1.7641E-08	2.1880E-08	5.4415E-07	-6.6774E-07
-8.2018E-09	-1.7984E-08	-8.0284E-07	9.2692E-07
-1.8901E-09	-3.2999E-08	1.6399E-06	-1.0315E-06
-7.7899E-09	1.1205E-08	-1.2192E-07	-7.9294E-07
1.0371E-08	2.2408E-08	1.6570E-06	2.6056E-07
-5.0937E-09	-6.9738E-09	5.3637E-07	1.1049E-06
7.2589E-09	2.5042E-08	3.5698E-07	3.6027E-07
-2.0568E-08	-7.4464E-09	1.8777E-06	1.0076E-06
-3.4188E-08	4.2667E-08	1.6172E-06	-4.4435E-07
-9.9670E-09	-2.0687E-08	3.6830E-06	-1.8981E-06
1.5138E-08	8.7173E-11	4.3105E-07	-5.8985E-07
1.1696E-08	-6.5309E-09	1.4026E-06	-8.7120E-07
1.9246E-08	1.5594E-09	-7.5149E-08	-9.6560E-08
6.9621E-09	-8.0951E-09	9.4486E-07	-7.6479E-07
-5.4968E-09	-8.8915E-09	8.9709E-07	-1.0385E-06
-1.6426E-09	-3.1195E-08	1.4806E-06	1.1813E-06
-1.1997E-09	-1.7488E-08	1.0281E-06	-1.2901E-07
-1.3702E-08	-1.7382E-08	1.6315E-06	-7.7369E-07
2.1215E-09	-2.2650E-08	-1.2413E-06	4.4285E-07
3.2265E-09	-9.4048E-09	1.3861E-06	1.7557E-06
-2.3440E-08	-1.6257E-08	1.0861E-06	1.7092E-06
-9.0599E-10	-1.8975E-08	1.8408E-06	6.2288E-07
-2.9963E-08	3.3691E-08	2.2776E-06	8.0996E-07
1.6870E-08	4.9243E-08	1.2081E-06	-1.4306E-06
-9.4534E-09	-6.7003E-09	1.0574E-06	8.4522E-07
1.5047E-08	-4.6658E-09	9.8733E-07	-8.7794E-07
4.6653E-08	-4.5578E-09	7.1077E-07	1.3167E-10
1.9981E-08	7.1751E-09	2.0090E-06	-9.3394E-07
2.2200E-08	2.7782E-08	1.1166E-06	6.9044E-07
1.3755E-08	8.1367E-09	1.4984E-06	-6.9790E-07
2.1431E-09	-8.0249E-09	9.4837E-07	-3.2534E-07
6.2393E-09	1.6076E-08	1.4625E-06	1.2416E-06
-1.9764E-09	-7.0836E-09	9.1930E-07	5.1090E-07
-7.3740E-09	1.4389E-08	2.3609E-06	-8.3353E-07
8.3432E-09	1.8332E-09	4.3292E-07	6.6223E-07
-1.5231E-08	2.4813E-08	1.5159E-06	-1.5941E-06
-7.2247E-09	-1.9679E-08	-9.3580E-08	1.7391E-07
-7.4978E-09	-3.3843E-09	1.3063E-06	-8.8864E-08
-1.3270E-08	-1.0573E-08	1.4250E-07	-1.3389E-06
4.1023E-09	2.0894E-08	1.4000E-06	1.1663E-06
1.9185E-09	4.4469E-08	2.0151E-06	-1.6381E-06
6.4113E-09	-1.5141E-08	1.5251E-06	5.1480E-08
1.8937E-08	-2.4725E-09	1.2490E-06	-7.1336E-08
-8.3575E-09	-3.0798E-08	1.6701E-06	1.1484E-06
2.6710E-08	5.9383E-09	6.9908E-07	-8.3286E-07
3.3623E-08	2.9356E-08	1.1382E-06	9.7745E-07
1.5063E-08	-3.1655E-08	1.7023E-06	-1.2338E-06
1.7766E-08	8.2344E-09	6.4910E-07	-6.0435E-07
1.2032E-08	4.4753E-08	1.0960E-06	1.7127E-07
-1.0063E-08	1.2565E-08	1.3034E-06	-9.9104E-07
5.6731E-09	-1.4870E-10	2.4901E-07	4.3128E-07
-4.1654E-09	-1.0889E-08	-1.0713E-07	-2.8798E-07
4.8088E-09	-2.7475E-08	1.3827E-06	-1.5575E-07
-1.2915E-08	2.1168E-09	3.4059E-07	5.8502E-08
-2.6155E-09	-2.4355E-08	3.0496E-07	2.5744E-07
-2.6499E-09	-3.1569E-08	1.7113E-06	-4.7693E-07
-8.1667E-09	-9.7731E-10	1.3592E-06	-7.9649E-07
1.2430E-09	1.3387E-08	3.5111E-07	-4.2240E-07
-2.5724E-08	1.3353E-10	4.3511E-07	4.8554E-07
-7.6453E-09	7.4249E-10	2.3288E-06	-2.1981E-06
5.7612E-08	2.2375E-08	-3.9888E-08	-1.3070E-06
-7.5640E-09	1.0176E-08	-2.5436E-07	-4.5178E-07
2.0508E-08	5.9623E-08	-2.1002E-08	1.4227E-06
4.3676E-08	1.1238E-08	1.5686E-06	-3.5880E-07
5.9312E-09	-4.3811E-08	1.1818E-06	4.2754E-07
-3.7835E-08	1.1090E-08	1.6422E-07	-1.3837E-07
-1.3360E-08	1.6889E-08	1.3640E-06	2.4754E-07
-2.7582E-08	-2.2718E-08	-2.6735E-07	-3.0772E-07
2.8259E-08	-2.7473E-09	1.1159E-06	1.4329E-06
5.5368E-09	-2.9676E-08	2.0406E-06	-2.8780E-08
-3.9332E-09	-1.1031E-08	1.4174E-06	-1.4157E-07
6.6615E-10	-2.8486E-08	2.6381E-08	3.9900E-07
3.4590E-08	-9.9507E-09	1.6359E-06	7.2486E-08
2.5137E-09	3.3558E-08	1.7290E-06	-7.9880E-08
-1.4635E-08	-2.3173E-09	9.4606E-07	1.5745E-07
-7.4045E-09	-1.5591E-09	1.4786E-06	-2.6866E-07
2.0586E-08	-1.3756E-08	5.0710E-07	-2.7857E-07
-4.2475E-08	-3.9402E-08	1.5197E-06	4.0170E-07
4.5746E-08	-4.0673E-09	2.2318E-06	-4.7597E-07
-3.0519E-08	-2.4673E-08	1.4675E-06	-7.1741E-07
1.0231E-08	-2.3341E-08	2.1319E-06	8.9355E-07
-4.4346E-08	-2.5015E-10	9.1235E-07	1.1167E-07
9.9633E-09	-1.0508E-08	2.4545E-08	-1.1865E-06
8.8171E-10	2.6229E-08	3.1295E-07	-4.6666E-07
2.4728E-08	2.0415E-08	1.4522E-06	-8.9702E-07
5.4662E-09	1.1819E-08	3.0017E-07	-9.4363E-07
3.1913E-09	3.0307E-08	2.7322E-07	3.2887E-07
3.4980E-08	-1.2253E-08	-9.0739E-07	2.9695E-07
-3.9255E-08	3.1871E-08	4.4368E-07	-1.0486E-06
2.5868E-08	1.0723E-08	2.1562E-06	-9.5464E-07
2.8856E-08	1.7060E-08	9.7129E-07	7.3825E-07
-2.4664E-08	-1.9974E-08	1.2502E-06	-1.1446E-06
1.5000E-09	1.7070E-08	1.6986E-06	-5.9003E-07
2.3268E-08	-1.9039E-08	1.6846E-07	1.2614E-06
-1.5932E-08	-1.4092E-08	1.4891E-06	1.3874E-07
2.4100E-08	1.4859E-08	7.2583E-08	-5.2472E-07
-5.5329E-08	1.4775E-09	-3.6760E-07	-4.4503E-07
4.2700E-09	8.9556E-09	8.2080E-07	-1.6049E-07
-2.4848E-09	-5.8650E-09	1.0441E-06	8.4533E-07
-1.5898E-08	-2.6698E-08	9.2572E-07	-1.1096E-06
-7.7699E-09	-9.6439E-09	8.7903E-07	2.9649E-08
-1.4827E-08	-1.7670E-08	2.1749E-06	2.7949E-07
1.6170E-09	1.3222E-08	1.5271E-06	-9.1279E-07
6.4689E-09	4.3440E-09	1.4702E-06	-7.3406E-07
8.2908E-09	2.4758E-08	-1.9273E-07	-5.2745E-07
-1.9244E-08	3.5030E-08	1.0050E-06	8.0701E-07
3.4887E-08	-1.6637E-08	2.7753E-06	3.2043E-07
2.2212E-10	-4.2350E-09	2.6729E-07	-9.0341E-07
-1.6388E-08	1.8710E-08	-5.5674E-07	-4.6776E-07
-3.5404E-08	4.0668E-09	1.2973E-06	-1.0386E-06
-3.1595E-08	3.3959E-08	9.2164E-07	8.0887E-07
-1.7380E-08	-1.8998E-09	6.2572E-07	1.9060E-07
2.9767E-09	3.5227E-09	1.5342E-06	2.3149E-08
2.2267E-08	-9.0890E-09	6.8137E-08	-8.5738E-07
2.6807E-08	-2.9243E-09	2.5242E-06	-1.2345E-06
-2.4195E-09	-5.3378E-09	1.2058E-06	-4.2445E-07
1.1343E-09	3.7616E-09	1.5133E-06	-1.3876E-06
-2.0399E-08	-1.8348E-08	1.4306E-06	6.2595E-07
-2.2009E-08	-1.8529E-08	1.0282E-06	-3.1499E-08
9.7649E-09	1.2652E-08	8.9015E-07	2.3900E-07
-5.8646E-09	2.8230E-10	5.8896E-07	-1.1418E-07
2.6893E-08	-4.5203E-09	2.0413E-06	-6.7814E-07
9.9373E-09	-4.2352E-09	1.0619E-06	5.0299E-07
-7.0247E-09	5.5475E-09	2.0368E-06	5.1033E-07
8.2111E-09	1.3676E-09	9.7343E-07	3.1395E-07
9.5577E-09	-1.0885E-08	9.2870E-07	-4.2231E-07
-1.7083E-09	5.4638E-09	1.6860E-06	8.4754E-07
-2.0909E-08	-4.1737E-08	1.3460E-06	-1.1752E-06
-1.2849E-08	-2.0193E-08	3.3281E-07	-3.8948E-07
1.5846E-08	4.3447E-08	1.4370E-06	1.2759E-06
-1.3632E-08	2.4384E-08	1.2194E-06	-7.7410E-07
1.6728E-08	6.9656E-09	1.0488E-06	-7.8610E-07
4.8525E-08	-4.2722E-09	1.8766E-06	-4.2746E-07
8.1991E-09	1.5092E-08	5.0315E-07	8.6483E-07
2.3604E-08	-7.6669E-09	1.1718E-06	-1.1141E-06
-3.6490E-09	1.1099E-08	1.3841E-06	-9.4866E-07
3.6875E-08	-1.4088E-08	8.4918E-07	-1.4699E-06
-3.1975E-09	3.4728E-08	4.3409E-07	1.8334E-06
-1.2387E-08	1.1407E-08	3.0145E-06	-1.6801E-07
-1.7127E-08	1.8304E-08	1.6720E-06	1.8162E-07
-1.9625E-08	-4.7653E-09	1.2306E-06	-7.5207E-07
1.0212E-08	2.5206E-08	7.5386E-07	-1.8556E-07
-4.3298E-08	1.2387E-08	3.0295E-07	-2.8370E-07
-1.1432E-08	-5.3071E-09	-2.1137E-07	-1.0499E-06
-8.3173E-09	1.0838E-08	-1.3163E-07	-2.3217E-07
-1.9565E-08	1.8384E-09	1.2505E-06	4.8604E-08
3.7147E-08	2.4196E-08	9.3036E-07	-1.5292E-06
-2.7980E-08	-2.8866E-08	-1.1691E-06	5.6491E-07
1.0357E-09	4.8350E-09	1.4292E-06	-5.6164E-07
8.3411E-09	-9.2182E-09	5.1968E-07	-1.5674E-06
-1.3569E-08	8.9145E-09	1.6391E-06	-5.9347E-07
-1.3810E-08	2.4330E-08	4.1517E-07	-1.8005E-07
1.7628E-08	-2.2553E-08	1.8319E-08	1.3549E-06
-2.1325E-08	1.6215E-08	5.4434E-07	1.2097E-08
-1.0314E-08	1.3078E-08	1.5119E-06	-6.8271E-07
6.8212E-09	3.0889E-08	-2.0761E-07	-5.4880E-07
-8.2869E-09	-9.6861E-09	5.5773E-07	2.1684E-07
3.9897E-09	-8.9143E-09	2.6062E-07	4.4142E-07
-8.9109E-09	-2.1363E-08	-5.8323E-07	-8.3113E-07
-1.9946E-08	-4.2974E-09	1.4771E-07	-6.5924E-07
2.2142E-08	2.0422E-08	1.4616E-06	1.2171E-06
6.9763E-09	1.5299E-08	3.2689E-06	-4.8971E-07
1.9769E-08	-3.4315E-08	2.1812E-06	-7.4622E-08
6.5526E-09	9.7750E-09	8.7854E-07	-2.2348E-06
2.4336E-08	-2.2259E-08	-2.2399E-07	7.2097E-07
4.0658E-09	1.0285E-08	6.5441E-07	-2.2681E-07
-8.7488E-09	1.3029E-08	2.3089E-07	1.1142E-06
-2.6621E-11	-1.7361E-08	2.3996E-06	-1.0177E-06
1.6315E-08	-1.8986E-08	2.5032E-06	-7.0410E-07
-5.7005E-09	-1.9165E-08	1.0467E-06	-1.0295E-06
-1.4124E-08	-4.2802E-08	-8.6817E-07	2.4600E-07
-1.4663E-08	-3.6477E-09	2.5571E-06	1.7026E-07
-8.5274E-09	-4.1574E-08	1.3940E-06	1.5601E-06
-4.0231E-08	3.9587E-09	1.2685E-06	-1.4946E-06
-3.2346E-08	6.4224E-09	1.0042E-06	-7.8831E-07
-1.8572E-08	-5.0692E-09	-1.0139E-06	-4.7399E-07
2.0529E-08	3.9818E-08	1.8008E-06	-1.0006E-06
-2.5181E-08	-1.4952E-08	6.3197E-08	1.9837E-07
8.0095E-09	8.5431E-09	1.0699E-06	1.3525E-06
-9.0141E-10	2.4828E-08	1.4129E-06	-7.8896E-07
6.5097E-09	-2.1387E-08	4.7916E-08	-1.1449E-06
8.3716E-09	-1.4211E-09	1.5718E-06	4.0331E-07
7.9651E-09	2.9426E-09	2.7556E-07	-9.1998E-07
2.5391E-08	1.1666E-08	1.6405E-06	6.4769E-07
2.0632E-08	-2.2188E-08	7.1929E-07	-1.1467E-07
8.0402E-09	2.8391E-08	7.7702E-07	-8.6800E-07
2.1854E-09	-7.5949E-09	3.8658E-07	1.2397E-07
1.2674E-08	-3.1010E-09	-1.7854E-06	-4.3859E-07
-2.0066E-09	-1.3127E-08	-5.0214E-07	4.3759E-07
-4.2194E-09	-6.9830E-09	1.0665E-06	5.2017E-07
-5.3989E-09	1.0954E-08	8.6795E-07	-2.9919E-07
-6.4941E-09	4.2217E-08	1.6231E-06	1.1958E-06
1.9622E-08	3.5562E-09	1.2173E-06	1.5280E-07
-2.2020E-08	6.3000E-09	-2.7867E-07	1.6228E-08
-1.7265E-08	-1.8312E-08	1.8675E-06	4.3937E-07
-4.9816E-09	-7.4627E-09	4.6202E-07	-1.2832E-06
1.6276E-08	1.0721E-08	1.1313E-06	-1.2131E-06
1.5985E-08	1.9361E-08	1.7908E-06	1.1445E-08
-1.4285E-08	-1.0956E-08	2.1277E-06	-1.3880E-06
5.2692E-09	-1.8576E-08	1.2697E-06	-1.7666E-06
5.2484E-09	-2.9287E-09	-1.3198E-06	7.4370E-07
2.0950E-08	2.4945E-08	2.5604E-06	1.9749E-06
-1.0354E-08	7.7741E-09	1.3788E-06	2.1130E-07
-1.6150E-08	1.1548E-09	-3.8853E-07	-1.0673E-06
1.6086E-09	-2.4194E-08	7.1685E-08	9.1379E-07
-1.1737E-08	5.5646E-09	1.4091E-06	-6.6260E-07
1.6557E-09	1.2097E-08	1.7134E-06	5.0464E-08
-5.0202E-09	3.6026E-08	1.1351E-06	-1.4837E-07
-1.6856E-08	1.7425E-08	-4.3850E-09	-2.0434E-06
4.9440E-09	2.3344E-09	8.1694E-07	-5.2963E-07
-3.1524E-08	-5.9215E-09	1.4013E-06	-6.3021E-07
3.4411E-08	-1.1621E-09	1.7955E-06	-1.6104E-06
-2.0973E-08	1.3433E-08	1.3320E-06	1.1855E-06
1.5449E-08	7.5904E-09	-3.9411E-07	-7.4262E-07
1.3117E-08	-4.4416E-09	1.5350E-06	-5.7340E-07
2.4781E-08	1.4885E-08	-7.1883E-08	-4.8098E-08
-1.3690E-08	5.2514E-09	-3.2469E-07	1.0898E-06
-3.4116E-08	-1.1672E-08	1.7184E-06	-5.2205E-07
-1.1370E-08	-4.1429E-08	8.5714E-07	5.9855E-07
-2.0751E-08	-2.8834E-08	1.1028E-06	2.1985E-07
1.2900E-08	2.1039E-08	1.2984E-06	1.4229E-06
-1.1453E-08	-3.6632E-08	1.8429E-06	7.3977E-07
-1.2053E-08	-6.6409E-09	-1.1164E-06	1.1586E-06
-3.4148E-08	-4.2496E-08	-5.1979E-07	1.6986E-06
-9.7690E-10	1.7152E-08	6.1887E-07	-2.3803E-07
1.5274E-08	-1.9068E-08	9.3600E-07	6.6915E-07
-1.2992E-08	-4.9434E-08	1.4000E-06	6.1221E-07
1.0856E-08	-1.1379E-08	6.3872E-07	2.8254E-08
1.8143E-08	-1.2888E-08	1.4060E-07	-6.5039E-08
4.0118E-08	1.4529E-09	-5.5001E-09	2.5663E-07
-5.4530E-09	1.9674E-08	4.2553E-07	-1.1810E-06
-1.1818E-08	-1.9145E-08	4.9251E-07	7.8252E-07
-2.5212E-09	2.2495E-08	6.4413E-07	5.1415E-07
-1.8143E-08	3.8544E-09	1.1194E-06	1.4266E-06
1.7220E-08	3.9725E-08	2.6536E-07	-1.3803E-06
-1.0042E-09	-1.9763E-08	1.0116E-06	-7.6427E-07
-6.3805E-09	2.7074E-09	2.2244E-07	1.4074E-06
-1.1714E-08	-9.5191E-09	7.8562E-07	6.0512E-07
4.7944E-09	2.2392E-09	9.4587E-07	-1.7748E-06
-3.6550E-09	1.6493E-09	-5.8227E-07	-4.0098E-07
1.6919E-08	-2.7572E-09	5.3988E-07	-1.4314E-06
-3.2008E-08	2.5249E-08	1.2499E-06	-1.6205E-06
3.0279E-08	8.6185E-09	-1.3509E-07	-7.2652E-08
4.8684E-09	-1.7337E-08	8.0684E-07	7.3073E-07
-1.7400E-08	-4.4399E-09	1.4742E-06	5.6903E-07
-1.1178E-08	1.7348E-08	1.8725E-06	-6.1412E-07
8.4397E-09	1.5516E-08	4.9487E-07	-1.7594E-07
-1.0643E-08	-1.8887E-08	1.4742E-06	7.6708E-07
3.7866E-08	9.3466E-10	2.2609E-06	3.7691E-07
-1.2132E-08	2.6094E-08	-1.3864E-06	-7.2535E-07
-1.1364E-09	-2.4203E-09	5.6908E-07	-1.7167E-07
-1.9617E-10	1.7728E-08	1.2583E-06	1.1413E-06
2.8738E-09	1.5260E-08	9.3377E-07	-9.8301E-07
-9.6085E-09	-1.1905E-08	7.9382E-07	9.7491E-07
-7.0395E-09	-3.1358E-08	1.4559E-06	5.4713E-07
5.3195E-09	-7.0628E-09	4.6746E-07	1.3347E-07
4.1185E-08	-1.6427E-09	1.1713E-06	-1.0193E-06
1.3593E-08	1.2133E-08	2.0241E-06	2.3814E-07
-1.5096E-08	-9.6586E-09	-1.3790E-07	1.5213E-06
-5.0782E-09	1.3898E-08	1.1673E-06	1.1115E-07
-9.1121E-09	-6.1569E-09	2.7546E-06	-8.5445E-07
8.8163E-09	-7.1593E-09	1.2401E-06	-1.6272E-07
-1.2506E-08	1.3124E-08	1.0214E-06	-2.0615E-06
-1.5513E-09	-5.5001E-09	1.8408E-06	2.1656E-07
2.0384E-08	-2.1603E-08	2.3058E-06	7.7441E-07
-2.3024E-09	-3.6201E-09	9.5251E-07	1.8330E-06
1.3979E-08	-3.5770E-09	-5.8976E-07	-7.5256E-07
1.0542E-08	2.3232E-09	1.0141E-06	-1.0362E-06
-7.3310E-09	-7.5678E-09	1.6437E-06	1.3556E-07
-1.3299E-08	8.1913E-09	1.6784E-06	-9.2548E-07
2.1999E-08	-2.4760E-08	1.2047E-06	-9.2258E-07
2.8113E-08	-2.7679E-08	1.9986E-06	1.0616E-06
4.1741E-09	-1.6067E-09	1.2268E-06	-8.7310E-07
4.8851E-09	-2.2132E-08	7.4406E-07	-5.5241E-07
6.0482E-09	-1.7806E-08	5.1721E-07	-2.7801E-06
4.8240E-12	-1.9359E-08	1.4388E-06	-5.4520E-08
1.9733E-08	8.8104E-09	1.2056E-06	-1.4687E-06
8.9790E-09	1.6329E-08	3.4332E-07	5.0045E-07
-5.5840E-09	1.5108E-08	1.2893E-07	3.8180E-07
3.5235E-08	2.7560E-08	2.2821E-08	-8.5251E-07
-2.1249E-08	2.4205E-08	8.2404E-07	6.5871E-07
-2.9752E-08	-1.2777E-08	2.0873E-06	1.3903E-07
7.7612E-09	-8.0209E-09	-7.8078E-07	3.0446E-07
-2.2212E-08	-1.7878E-08	8.4216E-07	5.6890E-07
9.8130E-09	3.3404E-09	9.5427E-07	-7.1395E-07
2.7109E-08	-1.6107E-08	-1.7183E-07	5.2457E-07
-1.5229E-08	2.2375E-08	2.3179E-06	-1.1098E-06
-1.8584E-08	2.7033E-08	1.2105E-06	2.8666E-07
2.7619E-10	-1.0484E-08	1.5178E-06	3.8050E-08
-1.7230E-08	3.5699E-08	2.4703E-07	2.0225E-07
1.1339E-08	-1.4745E-08	1.5874E-06	-1.2657E-06
-5.7388E-10	-3.2373E-08	7.8926E-07	1.3914E-06
9.8649E-10	-3.6120E-08	-1.3632E-07	-4.5705E-09
3.0402E-08	1.1732E-08	1.3293E-06	3.4950E-07
-1.8921E-08	-3.5523E-08	6.5252E-07	2.1302E-07
-2.4308E-08	-5.9877E-09	-9.3034E-07	3.7268E-07
2.0905E-09	-1.8030E-08	7.0683E-07	5.3015E-07
3.6168E-08	-1.9636E-08	1.2793E-06	3.7524E-07
4.3502E-09	1.7136E-08	1.0781E-06	8.9348E-07
-2.5945E-09	8.4425E-09	2.2447E-07	8.7955E-08
-7.6920E-09	1.4908E-08	-5.5786E-07	2.0869E-06
-7.9869E-09	4.5987E-09	3.0870E-06	4.9407E-07
1.0227E-08	-8.6040E-09	2.1518E-06	1.2076E-06
-4.9616E-08	-1.3446E-08	1.9625E-06	-7.7386E-07
1.1946E-08	-1.9403E-08	8.5227E-07	4.8005E-07
-3.2089E-08	-2.9156E-09	1.4517E-06	-1.6879E-07
3.7316E-08	-8.9633E-09	2.8662E-07	-1.1382E-06
7.8220E-09	-1.1833E-08	3.5550E-07	-2.4657E-06
1.0202E-08	2.5506E-08	6.6552E-07	-1.7959E-06
1.9174E-08	3.3478E-09	1.0823E-06	-1.2286E-06
3.5612E-08	-1.3187E-08	7.9499E-07	4.6853E-07
1.9799E-08	-6.8215E-09	2.4057E-08	5.6006E-08
2.5621E-08	2.1973E-08	1.4081E-06	1.0068E-06
6.1906E-10	3.6222E-09	-3.9544E-07	-1.5106E-06
-1.6744E-08	1.8574E-09	-1.2381E-08	5.8955E-08
-5.4201E-09	-2.0660E-08	7.8571E-07	-8.6881E-07
7.1868E-09	-2.4035E-08	1.8024E-06	2.1766E-06
-1.0610E-08	1.4097E-08	1.9623E-06	-4.4434E-07
-4.6295E-08	6.3518E-09	1.5733E-07	3.6300E-07
4.0195E-09	3.6141E-08	-3.1642E-07	2.5662E-07
3.8468E-09	4.2385E-08	1.3293E-06	5.3705E-07
-3.7432E-09	9.3704E-09	-2.8515E-09	-3.2436E-07
4.0931E-08	1.7955E-08	-8.9390E-07	-5.4540E-07
-8.7521E-09	1.6079E-08	1.2932E-06	-6.4219E-07
2.4948E-09	-1.4594E-08	-1.5586E-06	-4.0853E-07
1.4235E-08	-1.5220E-08	2.3036E-06	8.4192E-07
1.1084E-08	3.6080E-09	1.3946E-06	3.1432E-07
1.6200E-08	-1.6545E-08	8.0621E-07	1.8901E-10
5.3802E-10	1.5335E-08	2.4348E-07	-2.4833E-07
1.9617E-08	-2.8638E-08	2.7825E-06	1.2426E-06
1.5373E-08	1.1204E-08	2.3800E-06	1.4307E-06
2.3140E-10	-4.7497E-09	1.6105E-06	3.3627E-07
3.1330E-08	-2.0396E-08	7.7127E-07	8.1707E-07
-1.3751E-08	-1.9592E-09	1.7260E-07	-4.0112E-07
5.7281E-09	3.6939E-08	1.0282E-06	-1.1249E-06
-1.5776E-08	-2.6493E-08	1.2216E-06	-7.7564E-07
-1.1113E-08	1.1873E-09	4.0236E-07	-3.5787E-07
2.8534E-08	3.2272E-08	-1.6097E-07	8.2920E-07
6.7609E-09	8.2096E-10	6.9709E-07	3.1113E-07
-1.0953E-08	4.4024E-10	-7.0839E-07	1.2224E-06
7.0344E-09	-1.5981E-08	1.6462E-06	2.2214E-07
3.2076E-08	-2.0408E-08	3.6205E-08	6.9983E-07
-8.6188E-09	-7.3781E-09	7.2036E-07	-1.7278E-07
1.5626E-09	6.8203E-09	4.0244E-07	1.3934E-06
-2.8672E-08	1.2880E-08	5.6363E-07	3.4294E-07
1.9991E-08	-2.5272E-09	1.9279E-06	4.5631E-08
1.6414E-09	6.2650E-10	-7.0514E-07	-7.2148E-07
9.3665E-09	1.6324E-09	-2.5870E-07	2.2989E-07
7.9335E-09	-1.4488E-08	7.4669E-08	-1.3658E-06
1.1424E-08	4.8683E-09	-1.3525E-06	3.7689E-07
7.1503E-09	-1.3065E-08	5.4493E-07	9.3403E-07
6.2117E-09	2.7896E-08	1.8310E-07	-3.5458E-07
1.1312E-08	1.6271E-08	-7.7282E-07	7.9789E-07
1.3686E-08	-2.0252E-08	1.0613E-06	1.1673E-06
4.4802E-08	-2.3520E-08	2.6248E-06	-8.1218E-07
2.1740E-08	-1.3809E-08	2.7048E-07	1.4896E-06
-1.3636E-08	1.4995E-08	-6.1213E-07	-2.0109E-07
1.7353E-10	-1.1426E-08	2.4728E-07	3.2334E-07
-2.6888E-08	-1.0808E-09	-1.9351E-07	-4.4378E-08
3.4122E-08	6.3490E-09	-7.1383E-07	5.1298E-07
1.1494E-09	-6.1633E-09	-6.0765E-07	-2.7600E-07
-8.5958E-09	4.4941E-09	1.6170E-06	-1.1058E-06
1.2001E-08	2.9908E-08	3.5728E-07	-7.5825E-07
-1.3570E-09	5.9372E-09	1.2601E-06	-4.9436E-07
1.0419E-08	1.7987E-08	9.7338E-07	9.3881E-07
1.5930E-08	-1.0660E-08	-1.5853E-06	-8.6138E-07
9.7306E-09	-2.3304E-08	1.1367E-06	-4.8253E-07
-8.3020E-09	-3.4903E-09	-1.2639E-06	-4.5443E-07
-2.9692E-08	-7.9670E-09	-5.9966E-07	1.7767E-06
3.2254E-09	-3.2684E-09	9.0113E-07	-4.0339E-08
-2.4751E-08	-3.5137E-08	5.6551E-07	-2.9791E-07
-1.2608E-08	-3.1133E-08	-1.4711E-06	2.1157E-06
2.7475E-08	7.8239E-09	-6.6165E-07	5.3938E-07
7.2505E-09	1.7647E-08	3.8499E-07	-9.7251E-07
8.8140E-09	-1.0979E-09	-8.0132E-07	8.6345E-07
-6.2637E-10	-2.4753E-08	6.6731E-07	-6.6206E-07
-8.8915E-09	-1.1206E-08	-1.0645E-07	1.0798E-06
-7.7087E-09	-9.8987E-09	-2.6984E-07	1.0521E-06
4.1409E-09	4.6074E-10	1.3796E-06	-2.2064E-07
2.2387E-08	-2.9366E-08	6.7779E-07	-2.6292E-08
-1.0382E-08	4.0725E-10	9.9294E-07	2.9598E-07
-9.5513E-09	2.2931E-08	3.1328E-06	-9.0395E-07
2.4658E-08	1.1586E-08	-6.1075E-07	4.2271E-07
1.0333E-08	-9.8222E-09	5.4152E-07	-3.9514E-07
1.9509E-09	-2.1406E-08	1.7801E-07	1.8649E-07
-2.0704E-08	-2.2641E-09	6.5425E-07	1.9094E-07
-3.9503E-08	-1.3914E-09	4.9072E-07	-9.1327E-07
-9.9369E-09	-1.8303E-09	-1.2049E-06	1.4757E-06
9.5500E-09	-3.9644E-09	1.5541E-06	2.5815E-07
1.4122E-08	1.5476E-08	9.0770E-07	-4.1419E-07
1.3639E-08	6.5786E-09	1.3894E-06	-1.5463E-07
5.6195E-10	-4.0499E-08	1.2733E-06	-1.6060E-06
-4.4076E-10	-3.7379E-08	7.9780E-07	-4.0557E-07
1.3929E-09	-1.3070E-08	1.4204E-06	7.9151E-07
4.4473E-09	-1.5114E-08	7.3782E-07	-1.3207E-06
1.2611E-08	-1.3107E-08	2.9677E-07	-1.8153E-06
-1.3740E-08	-3.3544E-09	1.0882E-06	-4.4860E-07
-1.4819E-09	4.2201E-10	-1.4478E-07	3.1667E-07
-9.3639E-09	3.6659E-08	-9.7990E-07	-2.6847E-07
2.3862E-09	-4.1783E-08	9.6945E-07	6.6763E-07
-5.0475E-09	7.2526E-09	4.0777E-07	9.1469E-07
-2.0274E-09	-2.3591E-08	6.1082E-07	-4.4894E-07
1.5126E-08	-1.7691E-08	8.3849E-07	-9.3732E-07
-9.4745E-09	2.9270E-09	1.5747E-06	1.1392E-06
6.2971E-09	1.2853E-09	-2.3726E-08	3.6189E-07
2.1372E-09	-2.4455E-08	3.1181E-07	1.6138E-06
-4.1403E-08	6.7763E-09	-1.6978E-07	-1.6337E-07
7.0213E-09	1.0032E-08	5.9481E-07	1.1519E-06
1.7828E-08	2.5029E-08	7.3765E-07	-8.9868E-07
-3.9945E-08	-1.1248E-08	-4.6065E-07	-2.8361E-08
-4.6009E-09	3.4061E-08	2.4496E-07	8.9453E-07
3.3146E-08	2.6038E-08	-1.3789E-08	-1.1362E-06
-1.2346E-08	1.8570E-08	9.2469E-07	2.0101E-07
-4.3204E-09	-5.7855E-09	1.7798E-07	7.3877E-07
1.1434E-09	7.0696E-09	1.5070E-06	-4.1000E-07
-1.2990E-09	-3.1167E-08	-3.1955E-07	1.8107E-06
1.6801E-08	-4.2146E-09	-1.1962E-06	8.2954E-07
1.2986E-09	-3.0525E-08	4.6736E-07	7.2243E-07
2.6018E-08	8.6690E-09	1.4082E-06	-5.5091E-07
3.3631E-08	2.2714E-08	5.4128E-08	-3.0285E-07
2.1816E-08	1.0474E-08	1.0392E-06	-8.8372E-07
-7.3909E-09	3.7965E-08	1.2463E-06	2.5757E-07
-9.9538E-09	-4.0194E-08	1.5458E-06	-1.3737E-07
-1.1257E-08	2.2723E-09	7.6638E-07	-4.5986E-07
3.3843E-09	-2.1353E-08	8.2025E-08	1.0466E-07
2.7693E-08	8.6739E-10	6.5946E-07	1.0801E-06
8.7240E-09	-7.3462E-09	-3.9228E-07	-5.8510E-07
-9.3094E-09	1.3013E-08	5.0325E-07	-8.1919E-07
2.6791E-08	2.8743E-09	-4.9936E-07	-1.1776E-06
7.6684E-10	2.4665E-08	5.2434E-07	-1.7096E-06
2.0536E-08	4.9065E-09	1.2518E-06	-4.3868E-07
-2.9584E-09	-1.4284E-08	1.2107E-07	-1.4767E-08
-1.2787E-08	9.2778E-09	2.6632E-07	-8.7623E-07
-1.4388E-08	-1.7872E-08	3.0325E-07	3.5256E-07
1.6268E-08	1.9592E-08	-6.5887E-07	1.5717E-07
1.8356E-08	-5.0407E-08	-8.4977E-07	-5.8545E-07
-3.5061E-09	1.4574E-08	7.0830E-07	-8.5712E-07
-7.0534E-09	-1.4485E-08	3.2341E-07	-5.3130E-08
-2.9232E-08	9.9060E-09	7.2655E-07	-4.0829E-07
-4.0697E-08	2.6728E-08	1.5895E-06	-1.4225E-07
2.6710E-08	-2.9341E-09	2.9819E-07	-3.3674E-07
-1.6829E-08	7.7417E-09	5.3139E-07	9.4686E-07
1.3118E-08	-1.7721E-08	-3.1090E-07	3.0333E-07
-1.9112E-08	-3.3736E-08	5.3098E-07	-3.0594E-07
-1.3683E-08	-2.4682E-08	9.0751E-07	-4.1961E-07
-3.8831E-08	3.9416E-09	1.5631E-07	-9.2280E-07
-2.7556E-08	1.2557E-09	1.3966E-06	5.1453E-07
1.5936E-09	-2.6920E-08	-1.6557E-06	-1.1083E-06
-2.2868E-08	1.4434E-08	-1.2129E-06	1.1387E-06
-3.1506E-08	-6.1638E-08	-1.1813E-06	-1.4575E-07
-1.1085E-07	-4.5523E-08	4.2292E-07	-1.2693E-07
-1.1027E-07	-1.2115E-07	3.8527E-08	1.0055E-06
