jMRUI Data Textfile

Filename: Export_to_jmrui.txt

PointsInDataset: 2048
DatasetsInFile: 1
SamplingInterval: 0.250000
ZeroOrderPhase: 0E0
BeginTime: 0E0
TransmitterFrequency: 1.2326E8
MagneticField: 2.8936E0
TypeOfNucleus:  
NameOfPatient:  
DateOfExperiment:  
Spectrometer:  
AdditionalInfo: 
SignalNames:  


Signal and FFT
sig(real)	sig(imag)	fft(real)	fft(imag)
Signal 1 out of 1 in file
8.7410E-07	-7.7948E-07	2.3005E-06	1.2219E-07
6.0589E-07	-8.6311E-07	1.1714E-06	-6.9203E-07
2.3735E-07	-1.0452E-06	3.7368E-07	-9.3387E-07
4.3963E-08	-9.9513E-07	4.7660E-07	2.9715E-07
-3.8960E-07	-8.2554E-07	8.9476E-07	-3.6536E-07
-4.7553E-07	-5.3261E-07	1.1003E-06	-2.5603E-08
-5.9194E-07	-1.0787E-07	6.9933E-07	-8.6712E-07
-3.8584E-07	3.3782E-08	1.1179E-06	1.7630E-07
-6.2319E-08	2.1776E-07	9.3455E-07	-1.5580E-06
8.2041E-08	4.2451E-08	1.0572E-08	2.6154E-07
3.0687E-07	-1.8978E-07	1.7786E-06	-3.9125E-07
1.8313E-07	-3.7793E-07	1.0400E-06	-1.2370E-06
4.5653E-08	-4.8768E-07	3.5751E-07	-1.1462E-06
-2.2520E-07	-3.5714E-07	6.8627E-07	-5.9237E-07
-3.4255E-07	-1.2510E-07	2.1055E-07	-1.0619E-06
-4.9147E-07	2.8991E-09	8.9901E-07	-2.8317E-07
-2.8088E-07	8.2184E-08	1.1375E-08	-1.5098E-06
-1.7946E-07	1.6700E-07	7.3296E-07	5.6769E-07
-9.8170E-08	-1.4487E-08	1.0435E-06	-2.1277E-06
-1.0873E-07	-5.7656E-08	-3.4328E-07	-1.5752E-08
-2.2808E-07	-9.3524E-08	1.0642E-06	-1.3815E-06
-3.1681E-07	-2.7397E-08	7.9362E-09	-1.1691E-07
-3.5476E-07	6.8563E-08	1.6073E-06	-2.2157E-06
-3.7188E-07	2.0580E-07	-1.9107E-06	-1.6051E-06
-1.3994E-07	2.6029E-07	-6.5660E-07	1.7377E-07
-1.3639E-09	2.7164E-07	-2.0194E-07	1.2259E-06
1.2334E-07	1.1223E-07	2.6840E-06	-4.6254E-07
1.5791E-07	2.3744E-08	-3.4418E-07	-2.2644E-06
4.2305E-08	-7.4299E-08	-2.9121E-07	-3.1373E-07
-1.2131E-07	-1.3177E-07	-9.7319E-08	-1.6608E-07
-2.5927E-07	2.7996E-08	1.3671E-06	-5.3222E-07
-4.3010E-07	1.6516E-07	-2.0225E-07	-2.2053E-06
-2.7588E-07	3.3928E-07	-1.2343E-06	-8.2320E-07
-1.4765E-07	4.7506E-07	-1.3288E-06	2.4957E-07
5.1674E-08	4.3280E-07	2.3225E-07	1.1179E-06
2.1204E-07	3.8524E-07	6.4856E-07	4.9628E-09
2.6400E-07	1.6917E-07	8.2209E-07	2.5218E-08
2.5363E-07	1.6110E-07	7.3911E-07	-7.3937E-07
2.3831E-07	5.0596E-09	6.8172E-07	-9.1592E-07
1.4415E-07	-8.5891E-09	-5.5615E-07	-1.6997E-06
1.1516E-07	7.2940E-08	-1.0598E-06	2.6252E-07
2.0054E-07	8.7483E-09	5.2555E-08	-3.3659E-07
2.5297E-07	-3.4665E-08	-1.0932E-06	3.6232E-07
2.5732E-07	-8.1752E-08	3.8208E-07	9.4298E-07
1.9982E-07	-1.2433E-07	3.4835E-07	4.8834E-07
1.6658E-07	-2.0077E-07	1.0240E-06	1.7036E-07
6.3595E-08	-1.4752E-07	2.7558E-07	-3.8350E-08
6.9513E-08	-1.7308E-07	9.8216E-07	-3.2260E-07
3.2808E-08	-1.1594E-07	-1.0472E-06	7.3916E-08
7.5456E-08	-1.1802E-07	1.9622E-06	1.9760E-06
1.0221E-07	-2.6796E-08	1.5081E-06	-1.6230E-06
1.1125E-07	-1.1488E-07	6.8049E-07	3.6803E-07
1.0347E-07	-1.1973E-07	1.3317E-06	-1.5924E-06
7.5044E-09	-2.1153E-07	-1.0242E-07	-2.0106E-07
-5.0410E-08	-2.4680E-07	9.9612E-07	-1.1855E-06
-1.1528E-07	-1.8443E-07	-7.2912E-07	-3.2794E-07
-1.8634E-07	-1.2908E-07	9.4282E-07	1.1703E-07
-1.5256E-07	-2.9596E-08	5.4305E-07	-8.9852E-07
-1.0569E-07	5.3856E-08	-3.3327E-07	-8.2893E-07
4.8058E-08	5.2527E-08	-1.5996E-07	8.3904E-07
5.7955E-08	3.0140E-08	1.5936E-06	-3.9499E-07
3.6645E-08	-5.6848E-09	-2.5418E-07	-1.0353E-06
4.4453E-08	-1.6935E-07	7.1590E-08	3.3104E-07
-7.5513E-09	-2.0263E-07	7.2535E-07	-2.5460E-07
-1.7941E-07	-1.7221E-07	-2.9284E-07	-2.3143E-07
-2.8142E-07	-1.5914E-07	9.9862E-07	1.4505E-06
-3.0612E-07	-5.5040E-08	2.3785E-06	-1.1228E-06
-3.0278E-07	6.4991E-08	2.0312E-07	-1.0747E-06
-3.0398E-07	1.3789E-07	1.3619E-06	-1.0480E-06
-1.7928E-07	1.2572E-07	-4.4662E-07	-2.1760E-06
-1.4840E-07	1.7576E-07	-1.1296E-06	-2.5890E-07
-3.3861E-08	2.2980E-07	-1.2988E-07	2.3837E-07
3.1102E-08	2.7039E-07	3.0577E-07	5.9586E-08
6.0449E-08	2.0522E-07	6.2459E-07	-5.5041E-07
1.3138E-07	9.2963E-08	-7.5553E-07	-9.5234E-07
2.1383E-07	6.7046E-08	-5.6391E-07	1.1199E-06
1.7276E-07	-1.6948E-08	8.7484E-07	1.4846E-07
8.2066E-08	-1.6496E-08	-7.9402E-08	5.0833E-07
1.0692E-07	-7.4707E-09	1.7314E-06	6.4588E-07
-2.6744E-08	-7.0389E-08	1.1215E-06	-1.5080E-06
-1.4175E-07	-1.8164E-08	-7.5859E-07	-4.4609E-07
-8.6565E-08	9.9846E-08	7.9041E-07	8.5115E-07
-5.6710E-08	1.4048E-07	1.1604E-06	-7.6585E-07
8.3221E-08	1.3455E-07	5.9259E-07	-5.7808E-07
1.1597E-07	1.2467E-07	1.9455E-07	-1.4092E-06
2.3341E-07	8.6107E-08	-9.0341E-07	-1.3224E-07
2.6044E-07	7.1399E-09	6.1159E-08	2.6910E-07
2.0291E-07	-1.0979E-07	2.4626E-07	3.7675E-07
6.3036E-08	-1.1247E-07	4.4022E-07	-1.7222E-07
-3.4673E-08	-1.5001E-07	2.0865E-07	5.3091E-07
-6.2876E-08	-8.8999E-08	1.0096E-06	-2.1042E-07
-1.3761E-08	-3.5385E-08	1.8827E-07	5.6203E-08
-1.2405E-08	7.0991E-08	1.0025E-06	-1.9873E-07
1.1729E-08	9.1348E-08	1.8504E-07	-4.0564E-07
3.0943E-08	2.8217E-08	1.6717E-07	-3.1740E-07
1.3761E-07	-4.7231E-08	-4.4286E-07	8.2899E-07
1.2958E-07	-2.2058E-08	1.6864E-06	1.1367E-06
1.0181E-07	-1.0840E-07	1.5935E-06	-3.9610E-07
4.9067E-08	-1.1852E-07	1.5614E-06	-6.6251E-07
2.2195E-08	-1.6363E-07	7.9010E-07	-1.7412E-06
-2.2922E-08	-1.3916E-07	-8.0687E-07	-8.3885E-07
-5.7595E-08	-7.5350E-08	5.0665E-07	6.1491E-07
-7.1234E-08	1.8188E-08	4.3893E-07	-1.5079E-06
-1.8051E-08	-6.2924E-08	-1.4976E-06	1.1574E-06
-2.4209E-08	-4.1466E-08	2.6727E-06	1.2168E-06
-1.1689E-07	-6.1748E-08	8.4816E-07	-1.8580E-06
-1.2738E-07	-4.3657E-08	2.1676E-08	-6.0567E-08
-1.3789E-07	2.8158E-08	4.8022E-07	-3.8739E-08
-1.1749E-07	6.7235E-08	1.5168E-06	-2.0417E-08
-9.4337E-08	8.0589E-08	4.1096E-07	-1.8820E-06
-5.0501E-08	5.8326E-08	-4.9566E-07	5.3060E-07
-3.0340E-08	7.8781E-08	1.8074E-06	-6.0615E-07
-4.1173E-09	7.2579E-08	-3.7682E-07	-1.4004E-06
8.4670E-08	-6.2960E-10	1.6741E-07	-3.6788E-07
-7.6746E-09	-1.3878E-08	-1.0117E-06	-5.2612E-07
-4.0797E-08	-8.5634E-09	6.5466E-07	1.4047E-06
-8.4927E-08	5.5015E-08	9.2911E-07	-1.3122E-06
-5.5785E-08	1.3655E-07	-4.6904E-07	3.2546E-07
1.7469E-08	1.0505E-07	6.1929E-07	-6.0950E-07
3.4532E-08	1.4929E-07	-8.7466E-07	9.4073E-07
4.7764E-08	8.0946E-08	2.4139E-06	7.0943E-07
9.9658E-09	-4.8077E-08	4.7279E-07	-1.8455E-06
8.7704E-08	1.3396E-08	-2.7802E-07	2.3489E-07
1.0938E-07	-2.3320E-08	1.2180E-06	-4.8012E-07
5.7278E-08	-4.5197E-08	-6.8150E-07	-1.6227E-06
-4.1991E-08	-4.8979E-08	-1.3007E-06	1.1803E-06
-6.0194E-08	-4.8004E-08	1.0356E-06	7.5424E-07
-6.7406E-08	-1.2100E-08	1.6934E-07	5.8478E-07
-6.5138E-08	3.4445E-08	2.0283E-06	3.3265E-07
-5.5489E-08	8.2540E-08	2.5973E-07	-1.5605E-06
1.0984E-08	1.3348E-07	-3.4122E-07	2.1593E-07
4.0451E-08	7.2654E-08	-9.2007E-08	2.6189E-07
9.6203E-08	7.9244E-08	7.0049E-07	1.3877E-06
8.7151E-08	7.0564E-08	1.9892E-06	-1.9189E-07
1.6944E-07	5.5696E-08	5.9734E-07	-9.2115E-07
2.0657E-07	-6.2502E-08	2.8401E-07	-3.9421E-07
6.7583E-08	-9.7003E-08	3.1922E-08	-1.2523E-07
1.1601E-07	-1.9692E-07	4.0034E-07	4.9373E-07
2.5648E-09	-1.4577E-07	1.0836E-06	4.9161E-08
-2.8833E-08	-1.5077E-07	4.5307E-07	-5.7911E-07
2.7790E-08	-1.0012E-07	8.2138E-08	6.5775E-07
-4.6155E-08	-7.6676E-08	2.2174E-06	2.0686E-07
-1.9273E-08	-1.1122E-10	4.6821E-07	-2.1348E-06
-4.8235E-08	-6.8837E-08	-5.0450E-07	2.4811E-07
-1.1424E-07	-9.3130E-08	7.2610E-07	-9.8585E-07
-1.0122E-07	-2.5958E-09	-1.5910E-06	-5.7054E-09
-7.1499E-08	-1.2114E-07	4.7133E-07	1.4506E-06
-2.7764E-08	3.7303E-08	5.0255E-07	3.6475E-07
-6.6171E-08	-4.7961E-10	8.9620E-07	6.5072E-07
-7.2173E-08	9.6528E-09	5.3369E-07	1.1363E-07
-6.1884E-08	1.5821E-08	9.0927E-07	7.4151E-07
-5.9549E-08	4.3287E-08	9.1937E-07	1.1777E-08
-6.6818E-08	1.0420E-07	9.0907E-07	6.6904E-07
-2.9605E-08	5.1293E-08	1.4566E-06	-1.7789E-08
2.4888E-08	6.9608E-08	1.1502E-06	7.1311E-08
-3.4125E-08	7.8868E-08	1.4149E-06	-8.1359E-07
2.7976E-08	3.2598E-08	-2.4734E-07	-1.8614E-07
7.2087E-08	-2.8786E-09	1.7700E-06	8.7292E-07
2.8599E-08	-2.4575E-08	1.1415E-06	-1.6822E-06
5.3667E-08	-2.8823E-08	-5.0992E-07	1.8339E-07
3.5338E-08	3.2464E-08	8.3305E-07	6.3095E-07
1.4324E-09	-4.2802E-08	1.3685E-06	1.0000E-06
1.1415E-08	-7.5564E-08	2.6249E-06	-7.4459E-07
-6.3237E-08	-9.2492E-08	4.2256E-07	-1.0553E-06
-1.0551E-07	-7.2822E-09	1.6231E-06	-1.3685E-07
-1.2059E-07	7.8213E-09	8.6731E-07	-1.6742E-06
-1.1662E-07	4.3777E-08	2.7655E-08	-6.6351E-07
-9.1371E-08	8.7797E-08	1.0804E-07	-2.3982E-09
-1.4105E-08	9.6378E-08	1.6078E-06	2.5303E-07
9.4671E-08	1.2327E-07	9.3004E-07	-1.7794E-06
9.9104E-08	1.3601E-07	-1.8765E-07	-2.6048E-07
9.6251E-08	8.5144E-08	6.7886E-07	-7.0954E-07
1.1056E-07	2.6400E-08	-3.2633E-07	3.1978E-08
1.2585E-07	-7.0216E-08	1.2553E-06	3.8042E-07
5.1543E-08	-8.1304E-08	1.1790E-06	-6.7199E-07
2.6952E-08	-7.0533E-08	8.6297E-07	-1.2546E-06
4.4659E-08	-4.5232E-08	-3.7478E-07	-7.2158E-07
-1.5917E-08	-1.0575E-07	9.5936E-07	-2.5039E-07
1.4786E-08	-5.3355E-08	-3.3159E-07	-1.8784E-06
-2.8542E-09	-5.3740E-09	-1.5882E-06	4.5090E-07
1.0734E-08	-1.6043E-08	4.1006E-07	1.3835E-06
1.2637E-07	-6.9286E-08	1.3335E-06	8.5955E-08
3.5533E-08	-6.5593E-08	2.0666E-07	-7.9655E-07
9.8958E-08	-7.7368E-08	-6.0431E-07	4.7808E-07
-1.3377E-08	-1.1929E-07	7.5454E-07	1.4637E-06
-1.5005E-07	-1.0749E-07	1.7210E-06	-9.7338E-09
-1.0844E-07	-5.5470E-08	2.1805E-07	-6.0792E-08
-1.5205E-07	-8.6447E-08	1.3643E-06	1.0042E-06
-1.0745E-07	4.4102E-08	1.9529E-06	-1.4927E-07
-6.5412E-08	6.7876E-08	1.8736E-06	-1.2228E-06
-6.2715E-08	9.6373E-08	-3.4079E-07	-1.3702E-06
-5.7947E-08	9.4818E-08	9.3191E-07	9.4448E-07
-5.0292E-10	1.2066E-07	1.8103E-06	-1.6706E-06
3.0773E-08	6.1468E-08	-4.8876E-07	-1.3126E-06
6.9045E-08	9.7802E-08	-4.1669E-07	-1.0108E-07
5.6901E-08	3.0577E-08	4.8091E-07	5.3421E-07
9.4628E-09	-1.4353E-08	7.6314E-07	-4.6142E-07
3.6083E-08	4.1031E-08	5.1937E-07	7.5272E-08
3.5165E-08	5.0274E-08	9.6374E-07	-1.1029E-06
6.1657E-08	6.5506E-08	-1.1307E-06	-7.5983E-07
2.8552E-08	-2.0811E-08	-3.6518E-07	1.3764E-06
-5.0406E-08	2.3866E-08	1.1642E-06	5.4088E-07
3.3555E-08	3.6745E-08	2.0513E-07	3.3632E-07
1.0343E-08	-1.3129E-08	1.4808E-06	8.8047E-07
3.0680E-09	7.6322E-09	7.4821E-07	-3.6464E-07
-4.7045E-08	7.6855E-08	1.4444E-06	1.0988E-06
-4.8619E-08	4.4104E-08	1.9315E-06	-1.0700E-06
-1.3288E-08	5.7852E-08	8.7442E-07	-2.9762E-07
1.3931E-08	3.2236E-08	1.1470E-06	-1.4638E-06
-4.0873E-09	8.2044E-08	-4.1848E-07	-1.0197E-07
7.4434E-08	8.8890E-08	1.5870E-06	-7.2102E-08
1.7884E-08	4.6639E-09	3.5855E-07	-1.5734E-06
8.1365E-08	4.2540E-08	-8.6432E-07	-1.5945E-07
8.2509E-08	1.5848E-08	5.3295E-07	8.8551E-07
6.9007E-08	-1.2906E-08	3.8150E-07	-1.6318E-07
5.2531E-08	1.7999E-08	7.3151E-07	1.3490E-06
4.9977E-09	-2.9270E-08	1.8330E-06	-9.7497E-08
2.9733E-08	-3.4231E-08	1.7359E-06	2.8310E-07
8.0518E-08	-2.9194E-08	1.9639E-06	-2.3412E-06
1.8391E-08	-8.6482E-08	-1.2565E-06	-6.8530E-07
5.3747E-08	-5.7022E-08	1.0297E-06	3.4378E-07
-2.0463E-09	-1.4538E-07	2.1001E-07	-1.3104E-07
-7.0432E-08	-5.8222E-08	1.4808E-06	3.6820E-07
-8.5352E-08	-6.8829E-08	1.4206E-06	-5.9126E-07
-2.7060E-08	-8.9510E-08	1.4238E-06	-1.3986E-06
-8.3871E-08	9.2665E-09	-8.1588E-08	-1.1949E-06
-3.9602E-08	-8.2974E-09	7.7338E-07	-8.8389E-07
-2.6270E-08	-3.4713E-09	-5.7453E-07	-1.5859E-06
1.0529E-08	6.2432E-08	-1.0698E-06	-3.6160E-07
-3.9295E-08	2.3249E-08	-1.3335E-06	8.9891E-07
3.6208E-09	-3.7090E-08	6.8812E-07	2.1917E-06
4.1091E-08	-4.9985E-08	2.3762E-06	6.5051E-07
-5.4038E-08	2.7533E-08	1.5363E-06	-1.6517E-06
-2.4902E-08	-4.3603E-08	-1.0644E-06	1.4537E-08
-5.2460E-08	-3.9259E-08	2.3413E-06	1.3577E-06
-8.3263E-08	-3.1763E-08	1.4676E-06	-2.3338E-06
1.6054E-08	5.3907E-08	-2.6891E-07	-4.3707E-07
-5.3059E-08	1.9683E-08	6.1443E-07	-1.1131E-06
-5.4300E-08	2.5113E-08	-9.3057E-07	-5.2452E-07
-1.5996E-09	3.2138E-08	-3.9599E-07	2.8799E-07
-4.7100E-08	4.7747E-10	-4.1038E-07	1.4377E-06
1.4840E-08	-9.6118E-09	2.2593E-06	1.2269E-06
-2.7493E-08	6.4326E-08	1.2554E-06	-1.1453E-06
-1.0008E-08	-3.3655E-08	5.3367E-07	-9.7036E-08
-2.5056E-08	3.4789E-08	8.0091E-07	-2.2882E-07
-2.1244E-08	3.2226E-08	1.6758E-06	-4.7846E-07
8.5715E-08	2.6246E-08	-1.6477E-07	-2.6227E-06
-1.2401E-08	7.3886E-08	-1.7784E-06	7.4581E-07
5.0621E-08	7.4764E-08	1.0218E-06	4.3738E-07
8.5897E-08	2.8856E-08	-5.4654E-07	-3.6487E-07
3.7839E-08	-5.8487E-09	-2.0013E-07	1.1701E-06
6.9686E-08	-1.0465E-08	1.0011E-06	9.1881E-07
3.8221E-08	4.3953E-08	6.2608E-07	1.6524E-07
4.7736E-08	-1.7284E-08	1.2057E-06	1.0061E-06
1.3117E-07	-2.3492E-08	1.3416E-06	-1.1309E-06
6.4645E-08	-6.4102E-08	-5.3620E-07	5.0638E-07
4.9788E-08	-9.6887E-08	1.5509E-06	6.7732E-08
-1.0584E-08	-4.8533E-08	-7.9654E-07	-3.9134E-08
-5.8284E-08	-6.7481E-08	1.5074E-06	1.8393E-06
2.1623E-09	-8.6167E-08	1.3502E-06	-1.1110E-06
-2.8178E-08	-9.3960E-08	-7.4958E-07	6.8557E-07
-2.1485E-08	1.0274E-08	1.2962E-06	1.8286E-06
-1.2553E-08	1.9031E-08	1.8616E-06	1.0291E-06
-1.3715E-08	-7.1494E-09	3.2620E-06	6.6363E-07
-5.4359E-08	-8.1479E-08	2.5801E-06	-2.1844E-06
-3.2817E-08	-9.5114E-09	6.6283E-07	-1.2292E-06
-5.4135E-08	6.5243E-10	8.4618E-07	-1.6426E-06
-7.5934E-09	-5.1767E-09	-4.0531E-07	-5.3872E-07
1.9682E-08	-7.8005E-10	5.7919E-07	-7.8481E-07
-4.1900E-08	-2.6913E-08	-1.1292E-06	5.7514E-08
5.2125E-09	-2.6574E-08	1.0502E-06	1.2903E-06
-5.5238E-08	-7.4267E-09	1.0410E-06	-2.8541E-07
5.3347E-08	-5.1411E-08	5.6701E-07	-1.7674E-07
-7.6884E-08	-3.0399E-08	-1.0910E-07	5.9652E-07
8.2592E-09	-3.5039E-08	1.8786E-06	1.4939E-06
-3.1015E-08	-2.8458E-08	2.1370E-06	-8.3526E-07
-3.5861E-08	2.7198E-08	8.1270E-07	-3.8466E-07
-7.8458E-08	5.6563E-08	1.4807E-06	-3.0396E-07
-3.1941E-09	2.5910E-08	1.3349E-06	-6.8071E-07
-1.4146E-08	1.4681E-08	1.2752E-06	-1.6906E-06
3.7997E-09	3.1609E-08	-1.1734E-06	-1.0854E-06
6.2216E-09	-3.1063E-08	7.7893E-07	1.0195E-06
7.5875E-09	-4.2990E-08	3.6930E-07	-1.0914E-06
-5.2831E-08	2.1666E-08	5.1709E-07	9.4796E-07
-2.6026E-08	1.1696E-08	1.4860E-06	-1.4229E-06
-5.1223E-09	1.6666E-08	-1.6181E-06	3.9007E-07
3.1773E-09	4.2579E-08	1.5168E-06	1.0640E-06
-1.6078E-08	6.4910E-08	2.4104E-07	3.8862E-07
3.6627E-08	-3.4508E-08	1.8668E-06	1.0913E-06
4.9984E-08	1.9674E-08	2.0634E-06	1.7451E-07
9.6396E-08	-9.0440E-09	2.7406E-06	-1.4083E-06
5.7332E-08	-1.7937E-08	1.9882E-07	-1.9471E-06
5.6795E-08	-2.9731E-08	1.8252E-07	-9.9263E-07
4.7454E-08	-2.0863E-08	-7.8685E-07	2.9050E-07
2.1315E-08	-2.9857E-08	2.0960E-06	9.6640E-07
4.7090E-08	-3.6630E-08	1.3743E-06	-1.8734E-06
-1.8958E-08	-1.4849E-08	4.0517E-07	-1.0798E-06
5.5995E-08	-5.8227E-08	-6.0719E-07	-1.4851E-06
-2.4238E-08	-2.9974E-08	-8.7136E-07	6.5763E-07
-3.8649E-08	2.1880E-08	6.0130E-07	6.3600E-07
-2.2398E-08	-6.6888E-09	1.0569E-06	2.6520E-07
-5.2967E-08	6.6525E-08	1.0765E-06	-9.4350E-07
2.3362E-08	5.7477E-08	-5.6668E-07	-9.3803E-07
-4.1746E-08	7.4789E-08	-7.6189E-07	5.3619E-07
-4.6534E-09	-3.1053E-08	-1.5763E-07	1.5765E-06
5.3794E-08	1.4699E-08	2.4195E-06	1.7229E-06
-2.7799E-09	4.7137E-08	1.8442E-06	-1.9445E-06
4.5640E-08	1.3311E-08	-7.3295E-07	4.5037E-07
-8.5540E-09	-1.4124E-08	2.2561E-06	3.4317E-08
2.6979E-08	3.4789E-08	-2.7172E-07	-1.3042E-06
3.1617E-08	-1.9115E-08	2.4589E-07	7.4393E-07
2.4284E-08	-5.3188E-08	9.0292E-07	-1.2591E-07
4.3131E-08	-3.4700E-08	1.6780E-07	-1.9355E-07
8.5699E-09	-5.3679E-08	6.7994E-07	7.4872E-07
1.7676E-08	-4.7863E-08	7.9415E-07	-9.8547E-07
-1.5770E-08	-1.8619E-08	-9.9486E-07	1.1819E-06
-1.9164E-08	-7.1284E-08	2.0707E-06	6.6785E-07
-4.2481E-08	-1.4047E-08	-6.5620E-07	1.1603E-07
-4.9026E-08	4.7014E-08	1.9722E-06	2.2180E-06
-5.9210E-08	4.1719E-08	2.0447E-06	-4.6189E-07
6.8943E-09	5.9247E-08	1.4674E-06	-3.8807E-07
-1.4860E-08	5.2502E-08	-2.9331E-09	-1.2405E-07
-7.2637E-08	7.6193E-08	2.3046E-06	1.5739E-06
-1.0883E-08	5.8413E-08	2.2238E-06	-1.8317E-06
-3.6771E-08	4.7797E-08	4.3773E-07	-4.3460E-07
-2.3302E-08	4.2776E-08	1.1640E-06	-1.0428E-06
3.3456E-08	-1.7416E-08	-3.4349E-07	-3.5758E-07
3.8253E-08	1.2339E-08	8.9257E-07	4.9654E-07
1.2565E-08	1.4943E-08	5.2755E-07	-2.1647E-07
1.7067E-08	7.1098E-08	9.7025E-07	1.1484E-06
4.0028E-08	2.1240E-08	2.3614E-06	-3.7808E-07
1.0384E-07	7.9474E-09	1.0015E-06	-6.9067E-07
5.7989E-08	-5.0487E-08	1.5498E-06	-1.1428E-06
1.5757E-08	1.7635E-08	-7.5259E-07	-9.5873E-07
-1.3900E-09	4.0149E-08	1.1776E-06	1.2436E-06
1.7613E-08	-3.0951E-08	1.3657E-06	-1.6582E-06
-2.5089E-08	3.7843E-08	-9.1571E-07	3.6829E-07
1.4498E-08	-2.8044E-08	2.1097E-06	1.1116E-06
5.8892E-08	-1.3128E-08	1.2193E-06	-1.3770E-06
-6.3609E-08	-1.1951E-08	8.7744E-07	2.8330E-07
7.8138E-10	-3.0990E-08	1.3090E-06	-1.5264E-06
5.7880E-08	-4.5465E-08	-1.5304E-07	4.7628E-08
-4.9308E-08	7.8602E-08	1.1948E-06	-8.8847E-07
-6.2659E-09	2.4653E-10	-5.0443E-07	5.1032E-07
-9.2311E-09	3.3933E-08	2.4482E-06	-1.2235E-07
7.0660E-08	1.0626E-07	-9.4980E-08	-1.2285E-06
-9.5025E-10	6.1792E-08	9.5407E-07	-1.3608E-07
1.1066E-08	1.9572E-08	-5.7894E-08	-2.1725E-07
7.8025E-08	1.6617E-08	1.9329E-06	-3.0812E-07
8.1168E-09	-7.6862E-08	-7.3256E-07	-1.4778E-06
3.1552E-08	-3.2297E-08	8.6294E-07	6.5347E-07
-1.2429E-08	2.5624E-08	-4.2720E-07	-1.3405E-06
-8.2135E-09	-1.0344E-07	5.6694E-08	1.7397E-06
-3.1769E-08	-1.5789E-08	1.7760E-06	-3.9572E-07
-2.4539E-08	2.2338E-08	4.6045E-07	-5.5584E-07
2.7259E-08	-1.3050E-08	3.1822E-07	-3.6105E-07
-1.1447E-08	4.0824E-08	5.0325E-07	-2.2243E-07
-4.5274E-08	4.3698E-08	-4.4435E-08	-4.2042E-07
-2.7318E-08	-1.2432E-08	8.8686E-08	-5.6637E-08
-1.3072E-08	6.1138E-08	-8.5712E-07	2.1673E-07
-4.7300E-08	-2.8386E-09	1.3682E-07	1.7806E-06
2.6714E-08	4.5181E-08	1.3421E-06	1.3553E-06
2.5650E-08	3.6140E-08	1.9490E-06	-1.8298E-07
-1.1483E-08	3.3018E-08	-3.8080E-07	1.1406E-07
1.9558E-08	4.6894E-08	1.8908E-06	1.4291E-06
2.9886E-08	3.6239E-08	7.0515E-07	-2.4028E-07
1.2576E-08	-2.1764E-08	2.4869E-06	1.5509E-06
-6.4660E-10	-2.6188E-08	2.0374E-06	-2.2870E-06
3.0679E-08	-1.2242E-09	-1.0537E-07	-1.1619E-07
-1.6398E-08	-6.0344E-08	8.8694E-07	-6.2613E-07
-9.2271E-09	-4.2835E-09	-1.8513E-07	4.2463E-07
-1.2371E-09	3.1284E-08	1.0853E-06	8.1216E-07
5.8948E-08	2.3705E-08	1.4763E-06	7.0728E-07
-1.7382E-08	2.8310E-08	2.2728E-06	-1.0564E-07
4.8583E-09	-1.7726E-08	1.3306E-06	-1.2444E-06
3.4599E-09	-1.9971E-08	5.4320E-07	2.3521E-07
-4.6097E-08	3.2204E-08	2.9853E-06	-7.3432E-07
5.4359E-08	-1.0388E-08	-1.6032E-07	-2.8941E-06
-2.3571E-08	1.1008E-08	-5.8182E-07	1.3231E-07
-6.3956E-08	2.6648E-08	-2.9509E-07	-1.6827E-07
-3.1043E-08	-2.3852E-08	8.5466E-07	1.6169E-06
-1.2697E-08	-8.5400E-09	1.9119E-06	-7.1436E-07
-1.7026E-08	1.4695E-08	7.1179E-07	-2.3745E-07
-1.6760E-08	4.6249E-08	1.2881E-06	-7.2570E-07
3.0775E-09	-1.5542E-08	9.3750E-07	-1.1575E-06
4.0658E-08	1.4228E-08	-8.5382E-07	-1.8413E-06
1.1287E-08	-1.8092E-08	-1.3268E-06	1.3822E-06
-2.9977E-08	6.9523E-09	1.1000E-06	8.8085E-07
7.5754E-09	-3.1000E-08	6.7476E-07	6.5852E-07
3.0892E-08	-2.6616E-08	1.5681E-06	2.7295E-07
4.8563E-08	1.0410E-08	1.2716E-06	-4.3309E-07
4.4483E-08	-1.3712E-08	4.1458E-07	-9.3565E-07
-4.6525E-08	-4.0646E-08	-1.0556E-09	5.7068E-07
-1.5933E-08	-2.3439E-08	1.2089E-06	-7.9559E-08
-1.6464E-09	3.9975E-09	6.6405E-08	2.4582E-07
-2.3291E-09	3.5562E-09	1.6974E-06	5.5225E-07
1.5827E-08	2.4644E-08	6.5596E-07	-9.8491E-07
-4.1552E-08	-6.6971E-09	3.2402E-07	9.6234E-07
-3.2863E-08	5.6034E-08	2.5080E-06	-9.5408E-09
-4.0609E-08	-5.7516E-08	9.5462E-07	-1.9265E-06
-4.4232E-08	-2.4582E-08	-4.2608E-07	-6.1655E-07
-3.9270E-08	-1.9790E-09	5.4135E-07	-1.9527E-09
2.6301E-08	5.8347E-08	-1.3127E-07	-1.0650E-06
3.4539E-09	2.8717E-09	-1.0172E-06	1.1551E-06
-3.1997E-08	4.9000E-08	1.4870E-06	8.4813E-07
-1.7264E-08	-3.7831E-08	1.5925E-07	2.8126E-07
1.3349E-08	-8.2612E-09	1.7973E-06	7.4209E-07
6.8412E-09	3.9563E-08	5.9823E-07	-4.0053E-07
-6.0134E-08	6.6061E-08	2.0710E-06	2.6047E-07
1.9662E-08	3.1038E-09	-1.5433E-08	-1.9804E-06
2.1980E-08	-4.7500E-09	4.9488E-07	1.3237E-06
2.2263E-08	3.9414E-08	1.5008E-06	-2.2349E-06
-2.8257E-08	1.3671E-08	-1.9601E-06	-3.3103E-07
-2.1147E-08	3.8631E-09	1.1577E-07	7.4302E-07
2.3099E-10	-3.8048E-08	-5.6600E-07	3.0072E-07
3.3469E-08	2.9249E-08	-4.4670E-07	1.4155E-06
5.5196E-08	1.0799E-08	8.3359E-07	1.9891E-06
2.0512E-08	-6.6867E-08	1.6153E-06	8.4293E-07
-2.5006E-08	4.6114E-09	1.5717E-06	3.1742E-07
4.1455E-08	-6.1512E-08	3.4493E-07	-8.9754E-07
6.4639E-09	-2.5534E-08	-8.7419E-07	1.6557E-06
4.1588E-09	-4.4235E-09	1.7335E-06	1.9720E-06
5.6383E-09	-3.2328E-09	1.7863E-06	9.1823E-07
6.8392E-09	2.5616E-08	2.1170E-06	1.2671E-07
2.8355E-08	-3.7353E-08	5.8633E-07	-1.5128E-07
2.1869E-08	-9.0183E-09	1.1683E-06	1.3781E-06
-1.7328E-08	-1.3555E-09	1.9066E-06	3.7168E-07
1.2043E-08	-2.7564E-09	1.4235E-06	1.0898E-06
-3.1322E-08	-3.3353E-08	3.6811E-06	4.0384E-07
-2.9875E-09	1.5727E-08	1.9565E-06	-2.3366E-06
-4.0491E-08	-1.9467E-08	2.4736E-07	-3.6134E-07
5.4680E-08	-1.0674E-08	1.8428E-06	-3.3411E-07
-5.0641E-08	-3.0258E-08	4.7413E-07	-1.4547E-06
2.7355E-08	-3.0577E-08	1.8173E-07	8.3450E-07
1.1130E-08	-4.1158E-08	2.5755E-06	-5.8313E-07
-2.4588E-08	-7.3501E-09	-4.2315E-07	-1.6974E-06
-2.4452E-08	2.3928E-08	3.0754E-07	8.4274E-07
-2.8652E-08	2.7798E-08	6.2280E-07	-2.5140E-07
-3.6513E-08	-2.7360E-09	1.0298E-06	6.3040E-07
6.5396E-08	7.8968E-08	5.7030E-07	-9.2944E-07
-7.1241E-09	-4.1524E-08	-1.6098E-07	1.5617E-06
3.3952E-10	-7.5216E-08	2.8414E-06	6.6756E-07
-2.5166E-09	5.3218E-09	1.2568E-06	-1.6802E-06
-7.0374E-08	-4.2217E-09	-5.4506E-07	-1.2602E-07
-2.0321E-09	-8.2926E-10	1.0071E-06	9.9546E-07
-1.8115E-08	-1.8068E-08	7.7447E-07	2.0400E-08
1.6238E-08	-2.3981E-08	1.3484E-06	1.2589E-06
4.0725E-08	2.4351E-08	2.2303E-06	-2.7788E-07
7.8675E-09	4.0716E-08	1.8210E-06	-4.9431E-07
6.3286E-09	9.1758E-08	1.0140E-06	-2.2527E-06
-4.1104E-08	7.3712E-08	-1.8070E-06	1.9654E-08
-1.8123E-08	1.7225E-09	1.3794E-06	2.3664E-06
2.9494E-08	-2.5763E-08	2.6603E-06	-8.6314E-07
3.7377E-08	-4.2053E-08	-1.4416E-07	-1.0231E-06
-3.1569E-08	-1.3860E-08	5.5900E-07	8.3335E-07
2.2733E-08	5.5404E-08	1.2029E-06	1.9674E-07
6.7038E-09	1.1288E-08	1.3000E-06	-9.7089E-08
-2.5457E-08	1.0068E-08	3.9585E-07	5.3998E-08
-2.1660E-08	-4.1063E-08	2.2166E-06	7.2260E-07
3.3036E-08	-4.7171E-08	9.7543E-07	-2.0031E-06
-2.6896E-08	2.7940E-08	-2.5522E-07	6.1637E-07
-2.4069E-08	-3.2151E-08	1.0034E-06	-1.9996E-07
1.4521E-08	9.5966E-09	3.5622E-07	1.2751E-06
6.9351E-09	3.1626E-08	2.8422E-06	-6.4694E-08
-2.5988E-08	3.8487E-08	3.5838E-07	-1.2335E-06
2.4275E-08	-1.4868E-08	8.7392E-07	5.0116E-07
-2.4862E-08	1.4899E-08	1.1727E-06	-6.1934E-07
7.8107E-09	-3.8142E-09	4.7156E-07	2.5188E-08
3.1568E-08	5.6157E-08	1.2473E-06	-2.3625E-07
1.4255E-08	-4.2174E-08	3.1711E-07	-3.6163E-07
3.2316E-08	4.1741E-08	7.7078E-07	-1.2804E-07
-3.3104E-08	-1.5901E-08	-4.8547E-07	3.3112E-07
-7.0149E-08	6.0794E-11	1.9322E-06	1.4016E-06
-2.0163E-08	-1.9168E-08	3.7656E-07	-1.2821E-06
4.7092E-08	-1.5789E-10	1.3457E-07	2.4025E-06
-3.2500E-08	-2.0150E-08	2.8116E-06	4.8557E-07
2.2744E-08	-1.3044E-08	1.6850E-06	2.7270E-07
-3.5082E-08	-1.5525E-08	2.2316E-06	-3.6481E-07
-4.3808E-08	-2.7261E-09	2.1289E-06	-1.8116E-07
3.0639E-08	-1.3274E-08	2.3650E-06	-1.9378E-06
-4.3181E-08	4.7321E-08	7.4962E-07	-1.9063E-06
3.2966E-09	1.4128E-08	-4.7509E-07	-2.1891E-06
-5.1843E-09	1.8271E-08	-1.1510E-06	8.1293E-07
3.1885E-08	3.7982E-09	1.3947E-06	-1.5805E-07
-2.9862E-08	3.6756E-09	-5.0479E-07	-4.2971E-07
-3.3863E-09	-4.4450E-08	2.1632E-07	7.1242E-07
1.8283E-08	2.0198E-08	8.4780E-07	7.8912E-07
1.8478E-08	1.4842E-08	1.0154E-06	-8.5267E-08
1.0311E-08	7.6304E-09	9.4929E-07	8.0831E-07
9.7777E-09	-3.0560E-08	1.5739E-06	-7.8056E-07
-1.9003E-08	-9.3711E-09	3.8643E-07	5.3637E-07
-4.1629E-08	-6.6709E-08	2.1630E-06	-1.1378E-06
-2.5705E-08	-4.3651E-08	-1.0598E-06	-6.3087E-07
-2.1676E-08	-1.8836E-08	1.2928E-06	5.5029E-07
-2.8003E-08	-4.9380E-08	-3.1219E-07	-7.0058E-07
1.3961E-08	-5.2043E-08	3.5130E-07	1.0581E-06
-3.6668E-08	3.7991E-08	6.7949E-07	5.8071E-07
-3.7755E-08	-2.0584E-08	1.4818E-06	3.8515E-07
-3.7812E-09	-1.1407E-08	2.9547E-07	-1.7774E-07
-2.0926E-08	-5.3871E-09	1.0608E-06	9.1643E-07
-4.3277E-08	-7.1958E-09	9.2947E-07	1.7813E-07
3.3806E-08	-1.5696E-08	1.7394E-06	6.6454E-07
-5.4646E-08	-2.0389E-08	1.1712E-06	-9.5955E-07
-1.9459E-08	4.5225E-08	5.3207E-07	4.3444E-07
5.1371E-09	2.9934E-09	1.3173E-06	-3.0235E-07
9.9375E-09	1.5699E-08	4.5155E-07	3.2716E-07
3.8748E-08	-9.7845E-09	1.9529E-06	1.6476E-08
-7.0726E-11	-2.9244E-08	2.9502E-07	-9.9406E-07
3.3346E-08	-1.7472E-08	9.4724E-07	9.5004E-07
3.5051E-08	-3.3263E-08	1.7705E-06	-1.1871E-06
-2.6792E-08	-6.7251E-09	-1.6871E-07	-5.9978E-07
-6.8663E-09	5.8156E-09	5.8843E-07	-2.3000E-07
-9.8689E-09	-1.9108E-08	1.4527E-07	-1.2772E-07
5.1899E-08	-3.4960E-09	1.8203E-07	-6.8559E-07
-1.0072E-08	-1.5347E-08	-1.5009E-06	1.0771E-06
-1.5257E-08	-2.3655E-08	1.9284E-06	2.0392E-06
-1.7783E-08	2.3674E-08	1.0593E-06	-8.9156E-07
-3.1372E-09	6.6938E-08	1.7128E-07	5.9729E-07
1.4625E-08	1.2124E-08	4.9129E-07	7.2876E-08
9.9194E-09	4.5734E-09	-3.0187E-08	1.0767E-06
3.8326E-08	-5.9334E-08	1.1590E-06	1.0904E-06
-1.6509E-08	-2.7888E-08	8.2374E-07	4.1528E-07
-1.6028E-08	-1.7476E-09	4.2715E-07	1.1397E-06
1.0308E-08	-9.1565E-10	1.5749E-06	1.6298E-06
1.9609E-08	-1.7677E-08	2.1642E-06	4.5899E-07
2.0813E-08	1.8388E-08	1.3170E-06	-4.0531E-08
-9.9307E-10	-7.4023E-09	1.1245E-06	6.8943E-07
-5.7552E-09	1.9048E-08	1.9410E-06	3.9142E-07
2.4737E-08	-9.0323E-09	1.2438E-06	-2.9444E-08
1.9693E-08	-2.3260E-08	1.8854E-06	5.9840E-07
1.9501E-08	3.7382E-08	2.0581E-06	-9.2835E-07
-2.0191E-08	-2.1205E-08	5.9303E-07	-8.9637E-07
2.6133E-08	1.3051E-08	1.7304E-07	-3.3553E-08
-2.3160E-08	-3.5480E-08	8.8119E-07	9.8303E-07
3.3345E-08	-9.9748E-09	1.7660E-06	-1.0599E-07
1.2220E-08	6.0966E-10	7.1825E-07	-2.2613E-07
-5.5252E-08	-7.4962E-09	7.7310E-07	-7.8167E-08
-2.9574E-08	5.7315E-08	1.5919E-07	8.9451E-07
-1.7858E-08	6.7058E-09	2.0594E-06	1.1870E-06
5.8485E-08	-1.0719E-08	1.8153E-06	7.9930E-08
1.3833E-08	1.6415E-08	2.5250E-06	-4.1810E-07
-1.0479E-08	1.5183E-08	6.6289E-07	-1.5961E-06
-3.6280E-09	-1.4748E-08	8.5469E-07	-1.3216E-07
-3.2695E-08	-4.3600E-08	-1.5189E-07	-1.2519E-06
4.1480E-08	1.2294E-07	-3.3611E-07	1.3863E-06
2.2414E-08	-4.0047E-08	1.0854E-06	5.1353E-07
-2.2068E-08	3.5917E-08	8.1265E-07	1.0975E-06
-5.9677E-08	1.1548E-08	1.2896E-06	6.2162E-07
-2.8514E-08	1.4343E-08	2.1380E-06	1.4802E-06
8.2169E-09	-1.2957E-08	2.5643E-06	-1.3239E-06
1.4378E-08	2.6568E-08	5.5890E-07	2.9652E-07
-4.0002E-08	-1.3434E-08	2.5836E-06	-9.8880E-07
-2.7853E-08	7.3876E-08	-4.1507E-07	-7.8954E-07
-2.9274E-08	4.6099E-08	1.5962E-06	3.9603E-07
-4.3472E-08	-3.1685E-08	2.2893E-07	-6.2658E-07
7.0964E-09	-2.8135E-09	1.3253E-06	1.0514E-06
-3.1252E-08	-1.8168E-08	1.9500E-06	-4.5865E-07
-8.8451E-10	-1.3138E-08	1.8053E-06	-1.0408E-06
-4.6037E-08	-3.0913E-08	2.8982E-07	-2.1692E-06
3.4438E-08	-8.7218E-08	-1.1727E-06	-3.9055E-07
2.8968E-08	3.2883E-08	-8.2835E-10	9.2340E-07
-1.1627E-08	8.9418E-09	9.6921E-07	4.1239E-08
2.9431E-08	-1.7190E-08	-2.9474E-07	-4.3150E-07
-4.3955E-08	1.5076E-08	-4.9582E-07	1.1762E-06
1.7520E-08	-1.4871E-08	1.1085E-06	1.4249E-06
-1.6135E-08	-1.7585E-08	1.0677E-06	-9.4221E-08
1.9927E-08	-3.2498E-11	-2.1420E-07	8.2284E-07
5.7126E-09	-6.4284E-08	1.2395E-06	1.4372E-06
-1.4105E-09	-1.7690E-08	9.9917E-07	5.3382E-07
4.9467E-08	-1.7431E-08	1.0393E-06	1.3607E-06
2.9450E-08	1.1020E-08	2.1858E-06	1.0387E-06
2.4422E-08	-1.5803E-08	2.1064E-06	-2.6420E-07
-3.3329E-08	1.7917E-08	1.1276E-06	-1.3328E-07
-8.3426E-09	3.6319E-08	1.6957E-06	-1.5702E-07
-2.4000E-08	-3.6437E-09	5.3831E-07	-9.5404E-07
-7.4018E-08	-1.3166E-08	1.2417E-08	6.8726E-07
7.1038E-10	-1.3444E-08	1.2714E-06	6.7949E-07
4.4253E-08	-6.0843E-08	8.3741E-07	3.2823E-07
-3.4827E-08	-1.8017E-08	1.3256E-06	7.8202E-07
1.5483E-08	2.5279E-08	1.4232E-06	1.9309E-07
1.9294E-08	6.6946E-09	1.6028E-06	2.3465E-07
2.0887E-08	4.4855E-08	1.0838E-06	-6.0885E-07
-5.9771E-09	-1.3898E-08	8.3402E-07	6.0186E-07
-3.6729E-08	-2.8440E-08	1.8588E-06	-7.1074E-07
1.7795E-08	2.3263E-08	-5.0608E-07	-7.8528E-07
5.0746E-08	-6.7338E-09	3.4192E-08	1.4008E-06
-5.2774E-09	8.4282E-08	1.4544E-06	9.3762E-07
2.6491E-08	1.7012E-09	1.0382E-06	2.2150E-07
3.9524E-08	4.4359E-08	9.7047E-07	9.4474E-07
6.5166E-09	1.9900E-08	1.8838E-06	5.6046E-07
-1.4915E-08	3.7602E-10	1.5336E-06	-3.9141E-07
1.0092E-08	4.0136E-08	2.3158E-07	-1.2791E-08
-2.2121E-09	-3.7418E-08	1.5087E-06	1.5125E-06
-2.3584E-09	-5.6927E-08	2.0603E-06	-8.1401E-07
2.0369E-08	1.0337E-08	2.1479E-07	4.4137E-07
5.6418E-09	-4.5453E-09	2.3252E-06	3.6581E-07
6.7567E-09	6.7468E-09	1.0212E-06	-1.0467E-06
-1.0444E-08	2.6377E-08	5.1030E-07	-3.5116E-07
1.1523E-08	3.6040E-08	-4.4469E-09	-8.7311E-09
4.3851E-08	-1.7773E-08	3.1141E-07	9.3908E-07
7.3520E-09	-1.2470E-08	9.5460E-07	7.9958E-07
-4.5505E-09	6.5797E-08	4.9803E-07	1.0379E-06
2.2936E-08	5.5595E-08	2.3634E-06	1.8774E-06
3.5918E-08	-2.1921E-08	2.1071E-06	-1.1167E-06
3.5232E-09	1.6611E-08	5.9781E-07	1.2285E-06
1.1909E-08	4.3948E-08	3.1518E-06	-6.8675E-07
2.8502E-08	-3.0139E-08	-4.2503E-07	-8.2589E-07
-2.6424E-08	-2.4437E-08	1.1551E-06	1.2072E-06
2.7835E-08	-3.1700E-08	1.7678E-06	1.0005E-06
6.7037E-09	-2.3950E-08	3.4451E-06	-1.0944E-06
-8.7725E-09	-1.6627E-08	-5.1149E-07	-1.7259E-06
-2.1299E-09	-3.8262E-08	1.4032E-06	7.9684E-07
-3.0036E-08	7.8427E-08	7.2186E-07	-1.2086E-06
2.7533E-08	-1.4483E-08	1.1301E-06	2.3541E-08
-4.7947E-08	-1.2163E-08	1.0204E-07	-1.7025E-06
-2.1833E-08	-3.1353E-10	-5.9562E-07	3.2960E-07
1.8504E-08	-1.7002E-08	-2.4456E-07	1.1035E-07
-4.0259E-08	-2.2428E-08	6.2434E-08	9.8337E-07
5.3339E-08	-2.9056E-08	-2.9921E-07	4.9970E-07
-1.0438E-08	-4.1746E-08	4.3377E-07	2.2727E-06
3.8187E-09	-2.2806E-08	1.5454E-06	8.1464E-07
-2.4935E-08	-5.2115E-08	1.2983E-06	9.5185E-07
4.6365E-08	3.6894E-08	1.0444E-06	-3.6103E-07
2.3901E-08	5.0560E-08	-2.3790E-07	1.0619E-06
2.9559E-08	-3.5063E-09	9.9725E-07	1.3668E-06
5.2009E-08	1.2733E-08	9.4847E-07	1.4018E-06
1.6476E-08	3.1038E-08	1.3818E-06	1.3541E-06
1.9212E-08	3.7560E-08	1.7423E-06	1.8269E-06
-2.3556E-08	7.2238E-09	3.1642E-06	9.5060E-07
-2.8950E-08	-2.9031E-08	2.5719E-06	-8.3211E-07
4.3384E-08	-2.3730E-08	4.9901E-07	-7.7024E-07
-1.0797E-08	8.3345E-08	1.0228E-06	1.7095E-06
-3.2284E-08	-5.2927E-09	3.5122E-06	-1.4441E-09
5.3818E-08	1.7457E-08	1.3938E-06	-1.9656E-06
-1.0278E-08	-5.2511E-08	1.5418E-09	-6.6286E-07
-5.7611E-08	-1.2918E-08	5.6002E-07	3.1348E-07
-4.5683E-08	-4.7464E-08	8.5165E-07	-7.8769E-07
8.2067E-08	3.3828E-08	-1.5576E-06	2.0016E-07
2.7683E-08	6.2020E-09	8.5222E-07	2.9250E-06
4.2481E-08	2.2439E-09	1.9195E-06	3.4919E-08
4.0657E-08	-6.7104E-09	2.3445E-07	1.3538E-06
-2.9805E-08	4.6181E-09	2.1420E-06	9.1472E-07
2.1718E-08	4.9715E-08	7.5050E-07	1.0630E-06
-5.0825E-08	8.5097E-10	3.2148E-06	1.1007E-06
5.3037E-09	-3.7543E-08	1.2689E-06	-9.4404E-07
4.9039E-08	2.7678E-08	1.9823E-06	9.1276E-07
2.3041E-08	2.5253E-08	1.6696E-06	-1.3975E-06
-4.5791E-08	-2.0420E-08	8.3875E-07	2.1019E-07
-3.0464E-08	-4.5431E-08	9.9220E-07	-1.3012E-06
-1.7295E-08	-5.4726E-09	-6.2956E-07	9.6231E-07
-5.1311E-08	2.7508E-08	2.1909E-06	6.6046E-07
4.7298E-08	4.9374E-08	6.3739E-07	-7.1108E-07
-1.3408E-08	5.2215E-08	7.1777E-07	1.3679E-07
-1.3780E-08	-7.5889E-09	1.9504E-07	-4.0206E-07
-3.6313E-08	-4.8792E-09	-4.8113E-07	7.3805E-07
4.2360E-08	8.8689E-09	6.7431E-07	1.5447E-06
2.1750E-08	-9.8548E-10	9.2029E-07	3.4344E-07
2.6062E-08	5.8756E-09	-2.0671E-07	1.3644E-06
-2.7821E-08	-4.3344E-08	1.4934E-06	1.9395E-06
5.5751E-09	-2.9009E-08	1.3916E-06	9.8922E-07
1.3742E-08	9.7711E-09	1.7303E-06	1.2611E-06
2.6813E-08	-2.7961E-09	1.6337E-06	4.1937E-07
-3.8241E-09	-1.8316E-10	1.0339E-06	9.7347E-07
-1.8254E-08	2.6103E-10	1.8815E-06	1.6192E-06
-3.8287E-08	3.6172E-08	3.1484E-06	6.2555E-07
2.2200E-08	3.2959E-08	2.2678E-06	-9.6491E-07
-3.2473E-08	-4.3789E-09	1.3170E-06	-6.5188E-07
-2.0956E-08	-2.4381E-08	8.2441E-07	-7.3489E-07
3.4551E-09	2.8387E-09	3.4354E-07	1.0027E-07
1.6090E-08	1.9620E-08	5.8638E-07	2.9328E-07
1.3778E-08	-4.6610E-08	8.0935E-07	1.1079E-06
3.9417E-08	-7.1236E-10	2.0331E-06	-7.6390E-08
1.0319E-08	2.2253E-08	-2.6680E-07	-4.8139E-07
5.4079E-08	2.0039E-08	7.2537E-07	1.7856E-06
6.3811E-09	4.9425E-08	1.5953E-06	-5.0766E-08
-2.4997E-08	4.6443E-08	-2.2194E-07	7.4343E-07
2.3834E-08	-3.7029E-08	1.4115E-06	2.3145E-06
-4.0506E-08	7.2734E-09	2.9362E-06	8.1688E-07
2.8032E-08	1.8598E-09	2.2362E-06	-4.4330E-07
-4.4242E-08	-2.9967E-09	1.8377E-06	-1.0787E-06
-1.0016E-08	3.7301E-08	-3.4668E-07	-1.5404E-06
1.3974E-08	3.1001E-08	-7.9737E-07	1.3920E-06
-3.6141E-09	-6.2739E-09	1.2294E-06	1.2607E-06
2.2134E-08	-3.0763E-08	1.2558E-06	1.1028E-06
4.1565E-08	6.9324E-08	2.0064E-06	-3.1472E-07
6.6894E-08	5.1888E-08	-8.0609E-07	-5.1260E-09
4.6828E-09	-2.9589E-09	1.2649E-06	2.7696E-06
2.5882E-08	7.5183E-10	2.8572E-06	3.1598E-07
-2.7198E-08	-1.9005E-08	1.8075E-06	-4.6416E-07
-1.3680E-08	6.3483E-09	7.8323E-07	-1.1643E-06
-3.2117E-08	-4.1838E-08	-7.9019E-07	4.1377E-07
-2.1792E-08	-1.1594E-08	8.8049E-07	2.2167E-06
1.3186E-08	-3.1693E-08	2.8356E-06	7.2272E-07
2.2211E-08	-5.8197E-08	1.4337E-06	-9.7743E-07
1.8856E-08	-4.1238E-08	7.5249E-07	1.4889E-07
6.4303E-08	2.7354E-08	1.3171E-06	-2.8372E-08
2.9864E-08	3.1516E-08	1.6351E-06	-5.5161E-07
-2.8799E-08	-1.8419E-08	7.1906E-08	-2.0791E-06
1.0710E-08	-1.2876E-08	-1.4024E-06	5.4768E-07
3.1553E-08	-3.5927E-08	7.6600E-07	2.9847E-07
4.7657E-09	7.5960E-09	-8.5329E-07	-2.2939E-07
-6.9495E-09	4.8913E-08	-5.9463E-07	7.9186E-07
4.6404E-08	8.3181E-09	-1.0075E-06	1.4891E-06
8.4574E-09	-2.6877E-08	8.4452E-07	2.0318E-06
-9.8492E-09	-3.1045E-08	1.6150E-07	5.7678E-07
6.9053E-08	1.4184E-08	2.5881E-07	1.9343E-06
2.8481E-10	4.2189E-08	6.2887E-07	8.6366E-07
-4.9927E-08	1.7461E-08	-9.3001E-08	2.2613E-06
-7.4673E-08	5.4527E-09	2.4167E-06	2.0574E-06
-1.5725E-08	-1.5538E-08	1.6577E-06	-3.4587E-07
-2.7646E-08	-4.5488E-09	2.7954E-07	2.6855E-07
1.3668E-08	-1.1414E-08	2.5527E-07	4.7527E-07
2.0646E-08	4.9403E-08	3.6717E-08	9.4698E-07
2.0038E-08	1.8500E-08	-5.0400E-08	7.1844E-07
1.9632E-08	2.7983E-08	-5.0229E-07	2.1884E-06
-1.9450E-08	1.9759E-09	1.6783E-06	1.6969E-06
-2.3992E-09	-2.8635E-08	-1.1290E-07	4.6690E-07
-5.6610E-09	4.3331E-08	4.8834E-08	2.3638E-06
-4.9767E-08	-3.7811E-09	1.0297E-06	2.3654E-06
2.1195E-08	-8.3709E-09	2.5830E-06	1.5948E-06
-1.9586E-08	1.2637E-08	9.0253E-07	-6.5599E-07
9.4242E-09	-1.6714E-08	-1.8186E-07	1.2925E-06
3.7750E-08	-6.3487E-08	3.3008E-07	1.0859E-06
-2.2281E-08	-1.2704E-08	4.5194E-07	2.0794E-06
-1.8180E-08	-1.6809E-08	1.1174E-06	1.0262E-06
4.3853E-09	-7.2736E-08	6.4979E-07	1.5199E-06
-7.5306E-08	-2.3906E-08	5.7515E-07	2.6475E-07
-1.3112E-08	-5.0061E-08	-8.3365E-07	2.6643E-06
1.0400E-08	-3.4201E-08	2.6383E-06	1.6175E-06
1.4291E-08	8.9892E-09	-9.5855E-07	2.2467E-07
-4.4946E-08	-1.1632E-08	8.1230E-07	3.5826E-06
2.2444E-08	-1.5403E-08	1.6411E-06	9.9276E-07
-3.4636E-08	-1.0694E-08	9.1367E-07	2.0621E-06
7.2091E-09	-4.8603E-09	1.8980E-06	1.2287E-06
2.4556E-09	3.7588E-08	2.0278E-06	8.8217E-07
-5.1297E-08	2.3840E-09	1.4349E-06	-1.4771E-06
-1.8080E-08	6.0075E-09	-1.7544E-06	-4.0803E-07
-2.2735E-08	-3.5597E-08	-1.1712E-06	1.7767E-06
3.2846E-09	-3.6098E-08	1.4454E-07	2.1524E-06
-1.6880E-08	4.5636E-08	5.5180E-07	3.1978E-07
1.7209E-08	-1.5203E-08	-2.0172E-06	8.3491E-07
1.3053E-08	-1.2159E-08	-1.0196E-06	2.7754E-06
9.3696E-09	2.9584E-08	-6.6306E-07	2.4485E-06
-9.9769E-09	-8.7790E-08	-1.4166E-08	2.9903E-06
-4.1363E-09	-6.0809E-09	3.3250E-07	2.0405E-06
-2.6836E-08	-1.7216E-08	-4.5356E-07	1.8834E-06
-3.8378E-08	-2.6447E-09	-9.7022E-07	2.8810E-06
-2.7308E-08	-2.2821E-08	7.7312E-07	3.3957E-06
-4.1068E-08	-3.5312E-09	1.8973E-07	1.1852E-06
-4.9876E-08	-7.8535E-09	-1.3653E-06	3.0956E-06
3.1515E-08	2.0508E-08	6.7104E-07	3.1324E-06
3.6131E-08	-9.8129E-08	-2.8365E-07	2.2829E-06
-3.0129E-08	-7.8859E-09	1.2903E-07	2.7383E-06
3.5784E-09	-3.8523E-09	-4.6957E-07	1.9564E-06
-1.1002E-09	1.9469E-08	-9.6294E-07	2.3632E-06
-1.9266E-08	3.0015E-08	-1.9766E-06	2.6310E-06
-4.7137E-09	-1.0804E-08	-1.7275E-06	4.2375E-06
-1.2025E-08	1.3367E-08	-1.2946E-06	4.1939E-06
-2.4937E-08	1.8408E-09	-9.0411E-07	4.8938E-06
-1.3704E-08	-1.7943E-08	-7.0370E-07	4.4446E-06
-3.6179E-08	-4.2527E-08	-5.1336E-07	4.9583E-06
2.1799E-08	2.7499E-08	-1.0355E-06	4.2081E-06
-1.9698E-08	8.0123E-09	-1.2843E-06	6.2580E-06
-3.3764E-08	2.9208E-08	8.9910E-08	5.4486E-06
-1.2238E-08	3.0670E-08	-6.6234E-07	6.3020E-06
3.1157E-09	6.1896E-09	5.3542E-07	5.5858E-06
-6.1315E-09	4.1979E-08	-9.6332E-07	6.6865E-06
1.8410E-08	3.3359E-08	1.8569E-06	6.5859E-06
-1.9887E-08	1.9324E-08	-6.0617E-07	4.8265E-06
2.1505E-08	-2.9261E-08	-2.5660E-07	7.2272E-06
1.4222E-08	1.9347E-08	-6.7090E-07	5.9820E-06
-4.9836E-11	-2.7156E-08	-1.8817E-06	8.8405E-06
-1.9482E-08	-1.7354E-08	7.5314E-07	9.8580E-06
-2.2293E-08	3.0700E-09	6.8421E-07	8.8297E-06
6.0121E-08	-4.5725E-08	4.1812E-07	1.0818E-05
-2.8877E-08	6.6686E-10	2.8634E-06	1.0985E-05
2.0251E-08	1.8955E-08	2.3591E-06	1.0580E-05
3.4306E-09	-5.7760E-08	3.7857E-06	1.1381E-05
-9.9169E-09	9.2079E-08	2.4733E-06	1.0912E-05
-4.4837E-08	-3.9879E-08	4.0557E-06	1.5674E-05
5.2237E-08	-2.4355E-09	9.4448E-06	1.4178E-05
-1.1942E-08	1.6583E-08	9.9709E-06	1.2639E-05
2.9770E-08	2.5840E-08	1.2805E-05	1.0789E-05
-2.2019E-08	-4.6122E-08	1.1042E-05	7.7780E-06
1.4705E-08	3.0672E-08	1.1132E-05	9.2221E-06
4.8790E-08	2.1100E-08	1.2003E-05	7.8221E-06
9.6133E-09	-4.0368E-08	1.2816E-05	8.5575E-06
-3.3146E-08	7.0956E-09	1.5129E-05	5.9548E-06
-4.0758E-08	-2.7571E-08	1.4335E-05	3.7832E-06
7.2127E-08	3.2764E-08	1.3347E-05	2.0539E-06
2.4824E-09	3.5537E-08	1.2911E-05	2.4816E-06
1.3616E-08	4.5575E-08	1.2797E-05	-8.8826E-07
6.7004E-08	2.9191E-08	8.7893E-06	1.0141E-06
4.0533E-08	-1.5851E-08	1.2016E-05	1.0660E-06
3.6726E-10	8.2035E-09	8.7381E-06	-5.4599E-07
-5.7212E-08	4.6113E-09	9.9729E-06	1.3729E-06
2.0611E-08	-1.6645E-09	8.7188E-06	-7.7231E-08
-1.5459E-09	2.8894E-08	9.1824E-06	1.4820E-06
-4.4552E-08	7.9946E-09	8.9852E-06	1.1098E-06
2.5701E-08	-1.9437E-08	1.1073E-05	1.1374E-06
1.5205E-08	-4.7751E-09	9.1813E-06	-1.5085E-06
2.1116E-08	7.5512E-09	9.1413E-06	5.0856E-08
-2.4276E-08	1.0926E-08	7.4866E-06	-1.5033E-06
1.3748E-08	-2.5225E-08	7.4876E-06	2.0411E-06
3.3583E-08	-5.4991E-08	9.3734E-06	1.0653E-06
-3.6447E-08	-7.5976E-09	1.0485E-05	1.2129E-06
-1.0533E-09	3.4735E-09	1.0020E-05	-1.1395E-06
2.0072E-09	-1.9230E-08	1.0714E-05	6.8739E-07
-4.2128E-08	-7.4955E-09	1.1608E-05	-3.2903E-06
8.5428E-08	-2.9597E-08	9.6856E-06	-1.8650E-06
-1.0095E-08	8.6281E-09	1.2133E-05	-4.9737E-06
-2.3203E-08	-5.5291E-08	7.9801E-06	-7.3174E-06
-4.5918E-09	7.3440E-09	5.2896E-06	-6.7839E-06
-9.9816E-09	2.7008E-09	3.7099E-06	-4.3527E-06
-2.5559E-08	4.0030E-08	3.3334E-06	-5.1717E-06
-3.4832E-08	-3.5171E-08	-2.9140E-07	-1.3063E-06
2.6751E-08	4.3307E-09	3.6485E-06	1.5744E-06
1.9142E-08	3.8425E-09	3.9176E-06	1.0392E-06
-3.8070E-08	-2.0708E-08	5.8423E-06	1.9135E-06
2.7729E-08	2.8514E-08	6.3529E-06	9.0975E-07
3.9934E-08	-4.7518E-08	7.1179E-06	7.1422E-07
-1.5649E-08	-3.5485E-08	7.2569E-06	5.4020E-08
2.6997E-09	4.5217E-08	7.4968E-06	-9.1786E-07
-1.0840E-08	3.2298E-08	6.2256E-06	-9.2982E-07
7.4323E-09	1.6489E-08	6.5848E-06	-6.4706E-07
-4.8537E-08	-9.8604E-09	5.9491E-06	2.3964E-07
1.6799E-08	2.4484E-08	8.5103E-06	3.4235E-07
1.8082E-08	-1.5490E-08	7.5542E-06	-1.7845E-06
2.2656E-08	-8.5143E-10	7.6538E-06	-8.2254E-07
-4.6789E-08	6.9913E-09	7.8578E-06	-2.1579E-06
-1.8761E-08	1.5927E-08	7.2871E-06	-2.0394E-06
6.8347E-09	-1.2457E-08	7.3160E-06	-2.2905E-06
-3.5115E-08	-3.2743E-09	7.7501E-06	-2.3945E-06
4.5981E-08	-2.9932E-08	7.8822E-06	-3.9477E-06
4.1762E-09	-4.7192E-08	6.5572E-06	-5.1328E-06
-4.9899E-08	-2.1179E-08	4.6362E-06	-5.2351E-06
-1.5216E-08	-4.0783E-08	3.5892E-06	-4.2408E-06
-1.7947E-08	-3.7526E-09	2.9226E-06	-3.6572E-06
-4.6736E-08	-5.0250E-09	2.4187E-06	-2.7666E-06
2.1926E-08	3.6441E-08	1.9349E-06	-1.8491E-06
2.7367E-09	2.2234E-08	2.3334E-06	-3.7834E-07
-3.2347E-09	3.8762E-08	3.4569E-06	-1.8470E-07
3.2502E-08	-1.4990E-08	3.6854E-06	-9.1318E-07
-1.9116E-08	-3.6640E-08	2.4575E-06	-1.0729E-06
-5.2211E-09	-1.3886E-08	1.9234E-06	4.6014E-07
3.4530E-08	1.0828E-08	2.6200E-06	1.2107E-06
7.6437E-09	-1.1989E-08	2.6748E-06	1.1836E-06
3.5908E-08	-4.0433E-08	1.6445E-06	1.6931E-06
4.4980E-08	-3.0097E-08	7.5922E-07	3.9959E-06
-4.1636E-09	2.2386E-08	1.8686E-06	7.3682E-06
-8.2986E-08	-2.6185E-08	5.1611E-06	9.2702E-06
4.8453E-08	3.7219E-08	7.6070E-06	9.9872E-06
4.3305E-09	-1.6148E-08	1.2204E-05	1.1437E-05
-3.5189E-08	1.1240E-08	1.7801E-05	7.8419E-06
-2.9328E-08	-2.9110E-09	1.8853E-05	3.3089E-06
-2.6214E-08	4.7450E-08	1.9729E-05	-1.9917E-07
-5.2396E-08	4.6527E-08	1.8492E-05	-4.2920E-06
2.3612E-08	-1.3062E-08	1.6971E-05	-6.3380E-06
-3.2682E-08	-1.1492E-08	1.4657E-05	-9.2542E-06
2.9920E-08	2.4634E-08	1.1206E-05	-8.5703E-06
2.0435E-08	1.6759E-08	1.1825E-05	-8.5978E-06
-4.7539E-08	2.3801E-08	8.9098E-06	-1.0845E-05
1.9592E-09	7.2089E-08	6.1955E-06	-8.2339E-06
1.1572E-08	-3.7651E-08	7.1179E-06	-7.1375E-06
1.9867E-09	4.6503E-08	6.8196E-06	-7.2970E-06
-2.7137E-08	-1.4747E-08	6.6927E-06	-7.6218E-06
-8.5644E-09	1.4955E-08	4.8693E-06	-7.7943E-06
2.7297E-08	-6.1952E-09	4.4192E-06	-5.5758E-06
-1.5766E-08	-2.7256E-08	5.6811E-06	-5.3515E-06
-2.4467E-08	1.2839E-08	5.9396E-06	-5.2271E-06
-3.2215E-08	1.9672E-08	7.4487E-06	-6.5218E-06
1.3573E-08	-3.5215E-09	5.0403E-06	-9.3400E-06
1.2489E-08	1.3508E-08	1.6200E-06	-7.2054E-06
-1.7123E-08	5.3988E-08	2.2743E-06	-4.6433E-06
2.0872E-08	-2.4343E-08	2.7489E-06	-4.2101E-06
3.4112E-08	2.0079E-08	3.0216E-06	-2.5360E-06
-6.4105E-09	-1.7369E-09	5.8118E-06	-2.1503E-06
4.4478E-08	2.5775E-08	6.2838E-06	-4.6778E-06
2.1093E-11	-7.1915E-09	4.9231E-06	-4.5752E-06
-2.7379E-08	2.3913E-08	5.5972E-06	-4.2737E-06
4.2148E-08	1.0567E-08	5.6542E-06	-5.1340E-06
1.3106E-08	-2.6688E-08	4.7003E-06	-5.2931E-06
6.7921E-09	2.8016E-08	5.1832E-06	-4.0614E-06
2.4655E-08	1.8675E-08	6.3794E-06	-5.8771E-06
1.7210E-08	2.7993E-08	4.1286E-06	-6.0407E-06
-1.6900E-08	-1.4495E-08	5.3262E-06	-5.2703E-06
-8.5349E-09	2.9478E-08	4.0160E-06	-6.2406E-06
-9.4792E-08	-3.6895E-09	5.3313E-06	-4.4441E-06
-4.8733E-08	-2.7281E-08	5.8185E-06	-7.4577E-06
3.6081E-08	4.6531E-08	4.4866E-06	-6.8338E-06
3.2065E-08	-7.7284E-08	4.5345E-06	-9.1101E-06
-3.0794E-09	1.0243E-08	1.3849E-06	-7.6475E-06
4.1936E-08	-2.1608E-08	3.6113E-06	-8.0181E-06
3.1922E-09	-4.4268E-08	-5.8735E-07	-9.6801E-06
1.3058E-08	1.4083E-08	-9.7989E-07	-5.9622E-06
2.7462E-08	5.5286E-09	-1.2080E-06	-6.8126E-06
6.0324E-08	4.1765E-09	-2.8155E-06	-3.7997E-06
-3.8556E-08	-8.0779E-09	-2.0332E-07	-2.2841E-06
-2.5871E-08	2.4083E-08	4.4754E-07	-3.6070E-06
-2.9574E-08	-9.4404E-09	-9.6149E-07	-3.3939E-06
2.4266E-08	-4.5142E-11	-4.5576E-07	-1.2505E-06
-3.0152E-08	-4.7680E-09	1.5377E-06	-2.0481E-06
6.6132E-09	-3.0578E-08	-3.7782E-07	-3.2320E-06
2.9692E-08	4.0623E-08	-1.0291E-06	1.9183E-08
1.4694E-08	-3.4061E-09	2.1230E-06	3.3330E-07
2.9528E-09	-2.0764E-08	2.0589E-06	-9.5987E-07
1.6587E-08	4.3946E-09	2.6070E-06	-1.2232E-06
2.7023E-08	8.8167E-09	9.1603E-07	-1.9863E-06
-1.0436E-08	-2.0055E-08	1.0199E-06	9.5546E-07
2.7012E-08	-5.3696E-08	3.7409E-06	4.2147E-07
-1.6914E-08	4.5574E-08	3.6183E-06	-1.2845E-06
5.0574E-08	-3.9758E-08	2.4739E-06	-2.0375E-06
-3.1061E-08	-7.8938E-08	2.4902E-07	-1.6248E-06
-1.7599E-08	-2.8099E-08	-1.5466E-06	2.3207E-06
-1.8546E-09	-7.7437E-09	2.1051E-06	6.5751E-06
-2.4810E-09	-4.1935E-09	5.8502E-06	6.9855E-06
6.0877E-08	1.3591E-08	1.1252E-05	7.5783E-06
2.1564E-08	2.5615E-09	1.6715E-05	2.0709E-06
-4.7059E-08	2.7544E-08	1.7390E-05	-4.9116E-06
-2.9264E-08	1.4534E-08	1.2688E-05	-1.1995E-05
-1.0109E-08	1.4716E-08	5.5196E-06	-1.0755E-05
-4.2194E-08	-6.9134E-09	4.6455E-06	-8.7461E-06
-2.9136E-08	1.8956E-08	2.9478E-06	-7.6993E-06
2.4903E-08	-4.4854E-08	3.2761E-06	-7.1139E-06
2.8603E-08	3.8097E-08	1.1162E-06	-7.3508E-06
6.4607E-09	-1.1389E-08	-1.5337E-07	-4.9007E-06
-2.2484E-08	-2.1880E-08	2.0429E-07	-2.8537E-06
-1.9756E-08	-6.9196E-09	9.7750E-07	-1.1777E-06
3.2590E-08	-3.4361E-08	3.4855E-06	8.7842E-07
2.5150E-08	4.3998E-08	7.1381E-06	-1.3401E-06
2.0419E-08	-2.0444E-10	6.4093E-06	-3.7407E-06
-1.8813E-08	-3.6083E-08	6.4112E-06	-5.0398E-06
5.9303E-08	1.1232E-08	4.5436E-06	-6.0357E-06
4.0387E-08	6.6356E-09	4.0385E-06	-5.8734E-06
3.0460E-08	3.1349E-08	2.4951E-06	-5.6046E-06
-1.6411E-08	6.7561E-08	3.2760E-06	-4.9559E-06
3.4441E-08	2.5199E-09	1.2761E-06	-5.7998E-06
2.5172E-08	-1.1978E-08	1.3431E-06	-2.5640E-06
-2.0010E-08	-2.4133E-09	3.2641E-06	-3.4077E-06
3.0804E-08	-5.8943E-08	2.7468E-06	-3.4520E-06
-1.6982E-08	-2.1242E-08	3.1304E-06	-3.8258E-06
7.0699E-09	-3.3574E-08	2.3266E-06	-3.3825E-06
3.2868E-08	3.0404E-09	3.6124E-06	-2.6119E-06
3.3078E-08	2.3082E-08	4.6766E-06	-4.2371E-06
9.9810E-09	-2.4680E-08	3.0238E-06	-6.0561E-06
-1.9786E-08	-5.9849E-08	1.1114E-06	-4.5991E-06
1.3720E-08	-5.6913E-08	1.8880E-06	-4.3662E-06
-1.4626E-10	2.0849E-09	-5.3958E-07	-3.6908E-06
-4.7272E-08	-2.9767E-08	1.9714E-06	-1.6019E-07
2.6385E-08	4.8789E-08	3.7058E-06	-3.3900E-06
9.9927E-09	2.6097E-08	2.2442E-06	-2.4303E-06
4.7906E-08	-3.2857E-08	3.8250E-06	-4.2210E-06
-1.8666E-09	4.0494E-08	3.3458E-07	-4.5595E-06
3.4269E-08	3.5649E-08	2.2468E-07	-2.2502E-06
-4.2384E-08	-1.1238E-08	8.2919E-07	-6.4839E-07
1.6327E-08	-1.9826E-08	2.8524E-06	-1.5900E-06
-7.6651E-09	1.6981E-08	7.4468E-07	-1.4532E-06
-7.3943E-08	-1.4512E-08	2.8701E-06	-2.6966E-07
-1.9726E-08	5.0809E-08	1.5128E-06	-1.3992E-06
9.4624E-08	3.5842E-08	2.7030E-06	5.7643E-07
1.5505E-08	-6.9346E-09	2.3886E-06	-9.4582E-07
-1.5279E-08	3.1086E-09	2.1911E-06	1.1142E-06
2.9135E-08	-6.8163E-08	2.6356E-06	1.1428E-06
3.4660E-08	5.9507E-08	3.9146E-06	3.7288E-06
-3.3761E-08	-1.8586E-08	7.2846E-06	2.0620E-06
-7.7342E-09	2.6265E-08	6.6664E-06	4.0654E-07
2.9227E-09	1.2075E-08	6.5253E-06	1.5155E-07
3.1415E-09	1.4672E-08	6.0983E-06	2.5417E-07
-3.9127E-08	-2.8105E-08	6.4173E-06	7.7589E-07
3.0361E-09	-2.3630E-08	6.1670E-06	5.2186E-07
5.1069E-08	-3.1804E-08	4.7013E-06	3.0981E-06
5.5509E-08	-1.4537E-08	8.2866E-06	7.5694E-06
1.5121E-08	-6.1237E-09	1.4434E-05	7.5825E-06
-8.2542E-09	1.0953E-08	1.9652E-05	4.7428E-06
-2.1498E-08	4.5370E-08	2.3677E-05	-2.3384E-07
-4.4931E-08	3.3067E-09	2.5149E-05	-8.2582E-06
-2.2590E-08	2.2566E-08	2.0083E-05	-1.4715E-05
7.4711E-09	-2.0139E-08	1.5418E-05	-1.5784E-05
1.4529E-08	5.1191E-08	1.2259E-05	-1.5512E-05
-1.8197E-10	1.1126E-08	1.1658E-05	-1.5713E-05
6.2957E-08	1.7081E-08	8.3907E-06	-1.6631E-05
-4.7497E-08	-4.1083E-08	8.1186E-06	-1.4959E-05
3.5939E-08	-1.8182E-08	6.4245E-06	-1.6738E-05
-3.7762E-08	-1.3090E-08	5.5373E-06	-1.4889E-05
2.1522E-08	-4.4849E-09	4.8571E-06	-1.7472E-05
4.3961E-08	2.6991E-09	1.1706E-06	-1.5976E-05
4.9876E-08	2.0251E-08	7.5018E-07	-1.5024E-05
-3.5100E-08	1.0348E-08	-8.3160E-07	-1.3197E-05
2.8910E-08	-4.0937E-09	2.3957E-07	-1.2143E-05
4.1796E-08	2.6710E-08	-2.4691E-07	-1.2373E-05
3.1197E-08	-2.7972E-08	-1.0779E-06	-1.1981E-05
3.4069E-09	-1.1527E-08	-1.7084E-06	-1.0476E-05
1.9471E-08	1.7423E-08	-6.2108E-07	-9.7219E-06
3.2344E-08	3.2156E-09	-4.1041E-07	-1.0319E-05
-1.0451E-08	7.0892E-08	-1.2353E-06	-1.0471E-05
-1.2142E-08	-2.9208E-09	-1.6708E-06	-9.8999E-06
4.8021E-09	6.2011E-08	-2.2469E-06	-9.2748E-06
-2.1292E-08	6.1971E-08	-1.4588E-06	-8.6591E-06
2.5288E-09	-3.0255E-09	-2.7602E-06	-9.3350E-06
4.7166E-09	-2.7599E-09	-2.3723E-06	-6.6157E-06
7.2086E-09	-3.0540E-09	-1.0273E-06	-8.7674E-06
4.9564E-10	-3.0569E-08	-4.1445E-06	-7.1837E-06
-2.5344E-09	-3.0998E-08	-8.2090E-07	-5.0015E-06
-1.5553E-08	2.2611E-08	-1.0089E-06	-8.0198E-06
-4.4591E-08	4.8078E-08	-2.4049E-06	-5.4713E-06
1.1491E-08	-3.1905E-08	1.1016E-06	-6.2682E-06
-1.2266E-08	-8.6771E-09	-1.2435E-06	-8.7510E-06
4.2742E-09	1.1320E-08	-1.6084E-06	-7.0478E-06
-5.1317E-09	2.1286E-08	-2.2200E-06	-8.0770E-06
-1.3373E-08	-6.3916E-09	-3.1846E-06	-6.2572E-06
-1.0910E-08	-1.9736E-08	-2.4719E-06	-5.7232E-06
-1.4295E-08	-2.1852E-08	-1.8400E-06	-5.1547E-06
-1.7651E-08	2.6586E-09	-1.6454E-06	-5.6410E-06
-3.4657E-09	1.0100E-08	-9.9358E-07	-5.0806E-06
1.0906E-08	6.0071E-08	-8.8431E-07	-6.9915E-06
-2.6427E-08	1.8877E-08	-3.2232E-06	-6.2419E-06
-1.4092E-08	6.4482E-08	-2.0642E-06	-3.9769E-06
-2.5572E-08	-1.7840E-08	-5.3459E-07	-5.9407E-06
-4.5558E-08	-1.1424E-08	-2.8188E-06	-5.1340E-06
9.4200E-09	1.1226E-08	-1.0393E-06	-5.4145E-06
4.3022E-08	7.4865E-09	-1.9040E-06	-4.7376E-06
-3.0351E-08	-2.8979E-08	-1.8280E-06	-5.2798E-06
-4.9216E-08	7.6520E-08	-1.7049E-06	-4.5602E-06
-4.4409E-09	-3.3216E-08	-1.4475E-06	-4.8290E-06
2.4460E-09	-6.0049E-09	-1.6671E-06	-4.8463E-06
-2.3355E-09	-1.1414E-09	-1.2276E-06	-4.6299E-06
2.0063E-09	-9.3154E-09	-1.8266E-06	-5.5196E-06
3.3838E-09	-6.0870E-10	-2.1258E-06	-4.4202E-06
-2.1835E-09	-7.2686E-09	-2.6153E-06	-4.6897E-06
5.2855E-09	-2.7425E-09	-1.4727E-06	-2.1513E-06
-1.8431E-09	-7.2668E-09	5.9092E-07	-5.3934E-06
5.7040E-09	-4.7426E-09	-2.2889E-06	-5.5538E-06
2.5961E-09	-5.2578E-09	-2.6157E-06	-4.9836E-06
7.0025E-09	-3.3241E-09	-2.7219E-06	-3.0373E-06
1.3274E-09	3.8086E-10	-1.6408E-06	-4.1612E-06
4.0292E-09	-3.4317E-09	-2.3095E-06	-1.9805E-06
5.7159E-10	5.0869E-10	8.9596E-07	-4.1100E-06
-4.3998E-10	-3.4408E-09	-2.2259E-06	-4.7273E-06
3.7879E-09	-3.2160E-09	-8.4628E-07	-4.4271E-06
-1.3531E-09	-4.3317E-10	-3.4020E-06	-4.7522E-06
1.8317E-09	-4.4138E-09	-2.7568E-06	-2.7569E-06
-1.4762E-10	-6.1293E-10	-2.7099E-06	-1.7303E-06
-1.7185E-09	-5.5940E-09	-5.9517E-08	-1.6705E-06
1.2718E-09	-3.1429E-09	-8.2127E-07	-2.9954E-06
6.5804E-10	-7.9117E-09	4.3282E-08	-2.8837E-06
3.8625E-09	-1.6001E-09	-1.2399E-06	-3.4790E-06
1.5766E-09	-6.3242E-09	1.3190E-07	-2.0327E-06
5.5846E-09	-1.9009E-12	1.0171E-06	-4.4730E-06
-2.1151E-09	-2.5381E-09	-1.5254E-06	-5.2720E-06
4.8093E-09	-3.3271E-09	-2.1721E-06	-3.1128E-06
-9.4922E-10	-1.2253E-09	9.6696E-08	-2.8936E-06
3.4618E-09	-3.3619E-09	-1.2063E-06	-3.8902E-06
1.3043E-09	-4.2225E-10	-6.0075E-07	-3.8343E-06
4.7041E-10	-6.8047E-10	-2.6101E-06	-3.3431E-06
-1.1143E-09	-6.0764E-10	-1.7958E-07	-1.5343E-06
-2.0487E-09	-3.5635E-09	8.5021E-08	-3.6642E-06
-9.7666E-11	-2.9318E-09	-3.8980E-07	-3.8866E-06
-1.4604E-09	-4.3002E-09	-1.6470E-06	-3.3772E-06
2.8691E-09	-5.5039E-09	4.5425E-07	-2.6067E-06
3.5440E-11	7.9554E-10	-5.1507E-07	-5.2371E-06
1.7469E-10	-7.0112E-09	-2.3547E-06	-3.9246E-06
2.1406E-09	1.2542E-09	-2.2197E-06	-2.2384E-06
-2.5836E-09	-5.6358E-09	-1.9714E-07	-2.1843E-06
4.5327E-09	-1.9444E-09	-1.4039E-06	-2.9773E-06
-1.8513E-09	-2.2492E-09	1.1709E-07	-1.2986E-06
4.0900E-09	-6.5784E-10	8.6447E-07	-3.2012E-06
-3.5241E-09	-5.3199E-10	1.0412E-06	-3.6632E-06
6.0337E-10	-1.1869E-09	-4.8365E-07	-5.2925E-06
-4.6032E-09	-1.1027E-09	-1.1587E-06	-3.3640E-06
-1.1817E-09	-6.1513E-09	-4.2593E-07	-4.0144E-06
-3.3400E-10	-1.3233E-09	-7.8088E-07	-3.8811E-06
-1.9704E-09	-4.9547E-09	-1.4371E-06	-4.2022E-06
1.2949E-09	-3.3391E-09	-9.7242E-07	-2.7540E-06
-2.4740E-09	-8.7795E-10	-4.8685E-07	-4.6155E-06
-6.7854E-10	-6.9259E-09	-2.4053E-06	-3.4127E-06
4.0477E-10	-1.5390E-09	-7.1061E-07	-2.6517E-06
7.1243E-11	-5.7176E-09	-7.3927E-07	-3.7820E-06
2.5650E-09	-9.4606E-10	-1.5927E-06	-3.6488E-06
-6.0623E-10	-2.7378E-09	-1.0631E-06	-2.7297E-06
1.4195E-09	1.6622E-09	-6.9850E-07	-4.0045E-06
-4.7227E-09	-3.3365E-09	-1.8319E-06	-3.2524E-06
1.2824E-09	-3.0276E-10	-5.8174E-07	-3.6423E-06
-5.6119E-09	-2.8774E-09	-2.5625E-06	-4.2410E-06
1.0009E-09	-3.8421E-09	-2.1957E-06	-2.1509E-06
-3.3326E-09	-7.3812E-10	-1.2993E-06	-2.7511E-06
-1.9614E-09	-4.0951E-09	-1.3566E-06	-2.7565E-06
-3.2478E-09	-2.8289E-09	-1.7325E-06	-3.1575E-06
-1.9936E-09	-5.0834E-09	-1.7564E-06	-1.9172E-06
-1.6456E-09	-5.5985E-09	-4.3029E-07	-2.9704E-06
7.5924E-10	-5.3548E-09	-2.4487E-06	-3.4567E-06
2.3007E-09	-3.5753E-09	-1.9373E-06	-1.2634E-06
-6.6954E-10	-1.7662E-09	-5.1365E-07	-2.4830E-06
1.8215E-09	-3.4642E-09	-2.0161E-06	-2.4451E-06
-9.5299E-10	9.6012E-10	-6.1957E-07	-1.6644E-06
-1.8368E-09	-5.7277E-09	-1.8158E-06	-2.9903E-06
2.7743E-09	1.3209E-09	-1.0765E-06	-4.8802E-08
-3.9932E-09	-3.5646E-09	1.3367E-06	-3.2920E-06
1.7079E-09	4.8154E-10	-2.4608E-06	-3.2519E-06
-5.0527E-09	-1.5804E-09	-7.0224E-07	-1.0779E-06
-1.0635E-09	-2.6275E-09	-1.7881E-07	-2.4662E-06
-5.4942E-09	-3.1499E-09	-6.4305E-07	-2.6659E-06
1.1661E-09	-5.7950E-09	-8.2025E-07	-2.0947E-06
-3.0761E-09	-2.8053E-09	2.0198E-07	-2.7179E-06
1.1140E-09	-5.5503E-09	-1.2377E-06	-3.4065E-06
9.6767E-10	-1.3393E-09	-1.3931E-06	-2.0283E-06
-2.8514E-09	-3.6677E-09	-3.1694E-07	-1.7023E-06
2.4000E-09	-3.8114E-09	2.8358E-07	-2.7982E-06
-6.7645E-10	-1.5735E-09	-2.7002E-07	-3.0653E-06
9.3788E-10	-4.7491E-09	-3.7182E-07	-3.9322E-06
2.8201E-09	1.6439E-09	-1.8586E-06	-3.2449E-06
-1.7495E-09	-2.2705E-09	-1.0662E-06	-2.9249E-06
-2.1521E-10	2.0297E-09	-1.8311E-06	-2.4638E-06
-3.4436E-09	-3.0325E-09	-3.5814E-07	-2.4609E-06
-4.1553E-10	-7.7412E-10	-1.4648E-06	-3.0552E-06
-4.2823E-09	-3.6862E-09	-5.6376E-07	-2.6004E-06
3.0290E-09	-2.2254E-09	-1.3161E-06	-3.5199E-06
-4.7634E-09	-1.3291E-09	-1.4188E-06	-3.3858E-06
1.2100E-09	-3.4360E-09	-2.8064E-06	-3.0907E-06
-2.0705E-09	-1.4357E-09	-1.9333E-06	-1.9577E-06
-1.0030E-09	-4.2441E-09	-2.4050E-06	-2.0066E-06
1.0798E-09	-2.4883E-09	-1.1310E-06	-1.2098E-06
1.3255E-09	-2.3521E-09	-1.0817E-06	-2.0145E-06
3.6971E-10	-1.6793E-10	-4.2572E-07	-2.8202E-06
6.7881E-10	3.5462E-11	-3.0990E-06	-3.0689E-06
-1.1469E-09	7.7104E-11	-1.4879E-06	-6.8791E-07
-3.0105E-09	5.6610E-10	-1.6359E-06	-2.2091E-06
-5.3450E-10	-3.5237E-09	-9.3074E-07	-1.2929E-06
-1.5175E-09	1.3027E-09	-2.3136E-06	-2.2288E-06
-2.5517E-09	-3.4502E-09	2.2109E-07	3.2795E-07
1.2635E-09	1.1584E-09	-1.5283E-08	-4.5704E-06
-6.1902E-09	-2.1720E-09	-3.1930E-06	-2.1780E-06
9.2270E-10	-1.7872E-09	-1.9127E-06	-1.4652E-06
-3.9994E-09	-3.5660E-09	-1.0836E-06	-4.4356E-07
1.8866E-09	-2.6637E-09	-5.7527E-07	-2.9604E-06
-1.1245E-09	-1.2306E-09	-2.3461E-06	-7.3144E-07
2.5490E-09	-1.9473E-09	6.7046E-07	-2.4504E-06
-2.3580E-09	2.7698E-09	-3.4318E-06	-3.1963E-06
-1.0493E-10	-2.5181E-09	-2.0124E-06	-5.6306E-08
-1.0624E-09	1.4627E-09	-1.2016E-06	-1.1884E-06
-3.0415E-09	-2.8635E-10	-7.4307E-07	-1.0406E-06
8.7778E-10	-1.3052E-09	-1.2372E-06	-2.3599E-06
-3.3919E-09	2.8761E-09	-2.2177E-06	-1.0660E-06
-3.1141E-09	-1.3998E-09	-9.7550E-07	-1.0768E-06
-2.4243E-09	1.1359E-09	-1.8857E-06	-1.4358E-06
-6.3403E-09	-3.1486E-09	-1.3304E-06	-6.4132E-07
-6.6357E-10	-1.3398E-09	-1.8379E-06	-1.1179E-06
-3.7203E-09	-5.1008E-09	-1.2137E-06	4.3945E-07
1.4920E-09	-3.6291E-10	-2.2802E-07	-8.8794E-07
-3.2118E-09	-2.1509E-09	-7.6991E-07	-5.7338E-07
2.0089E-09	-1.6874E-09	-3.2518E-07	-1.2918E-06
-4.3629E-09	8.9367E-10	-9.6306E-07	-8.2450E-07
1.4877E-09	-3.6602E-09	-3.6880E-07	-1.5343E-06
-1.2346E-09	9.6743E-10	-1.8743E-06	-1.1652E-06
-4.2688E-10	1.0236E-10	-1.2648E-06	-2.2286E-07
-7.1012E-10	1.0787E-09	-9.8214E-07	5.2954E-07
-3.1497E-09	1.7987E-09	1.1164E-06	-2.9749E-07
-4.0448E-09	7.0207E-10	-9.7558E-07	-1.9859E-06
-3.5679E-09	-1.4118E-09	-9.9529E-07	5.9311E-07
-3.7359E-09	-1.4596E-09	5.4249E-07	-5.7386E-07
-2.6581E-09	-8.0386E-10	-5.1407E-07	-5.6596E-08
-2.4729E-09	-3.8814E-09	1.9516E-06	-1.0043E-07
-1.8406E-09	1.3507E-09	7.3216E-08	-3.3528E-06
-4.2407E-09	-4.4100E-09	-8.5768E-07	-2.2764E-06
4.6473E-10	-1.4915E-09	1.8836E-07	1.2289E-06
-3.9582E-09	-2.7303E-09	1.4528E-06	-1.0176E-06
3.0198E-09	-2.6016E-09	6.4238E-07	-9.8069E-07
-2.0913E-09	-3.8821E-10	1.1328E-06	-1.2926E-06
2.0580E-09	6.9167E-10	1.1498E-06	-1.6347E-06
-3.5403E-09	8.8536E-10	6.8373E-07	-2.9176E-06
-6.0115E-10	-5.5645E-10	-1.0175E-06	-1.4041E-06
-3.5645E-09	1.6623E-09	1.6453E-06	-1.1442E-06
-1.8974E-09	-3.3135E-09	-9.6028E-08	-3.3915E-06
-1.2372E-09	1.6598E-09	-2.5255E-07	-1.3652E-06
-3.5870E-09	-5.9768E-10	1.0883E-07	-2.8414E-06
-2.0272E-09	-2.1877E-09	-7.8614E-07	-1.9225E-06
-3.5363E-09	9.1533E-10	-7.1841E-07	-2.8657E-06
-2.7667E-09	-5.2308E-09	-2.5749E-06	-1.2399E-06
-2.3584E-11	-1.1855E-09	-7.6070E-07	2.0412E-07
-1.5118E-09	-2.9464E-09	3.1118E-07	-3.2750E-07
2.3632E-09	-3.3480E-10	4.4007E-07	-1.6387E-06
-2.7954E-09	-1.1535E-09	-6.9353E-07	-1.0163E-06
2.2478E-09	1.3718E-09	5.2202E-07	-1.1881E-06
-4.4728E-09	-1.1319E-09	-1.2470E-06	-1.5207E-06
1.8900E-09	-9.3592E-10	-8.4383E-08	9.7556E-07
-2.6099E-09	1.8415E-09	2.1928E-06	-7.4515E-07
2.6966E-11	-2.3223E-09	9.2442E-07	-2.5211E-06
-1.8519E-09	3.1715E-09	-4.8156E-07	-1.6492E-06
-2.7570E-09	-7.1128E-10	5.4659E-07	-4.9205E-07
-3.0165E-09	-1.3247E-09	1.4102E-06	-1.7746E-06
-2.0097E-09	-9.5674E-10	2.2618E-07	-2.0830E-06
-1.1248E-09	-2.8821E-09	7.3985E-07	-1.2441E-06
-1.7470E-10	-1.5328E-09	1.3504E-06	-2.3676E-06
2.8226E-10	-4.7452E-10	2.8987E-07	-3.0878E-06
-1.9587E-10	1.7447E-10	-7.5544E-07	-2.3940E-06
-1.4564E-09	-1.8157E-09	9.4010E-08	-1.3444E-06
1.6122E-09	1.7159E-09	2.3379E-07	-2.8043E-06
-2.2048E-09	-2.0989E-09	-1.0826E-06	-1.2419E-06
3.0070E-09	1.7417E-09	1.8263E-06	-1.6183E-06
-2.3469E-09	2.1332E-09	-8.0541E-07	-4.1873E-06
2.8836E-10	1.0431E-09	-1.2198E-06	-8.0670E-07
-4.2991E-09	2.5225E-09	3.4731E-07	-2.8005E-06
-1.0389E-09	-2.7939E-10	-2.3183E-06	-1.2390E-06
-4.8039E-09	-3.4846E-10	1.0867E-06	5.4283E-08
3.3887E-10	-1.8088E-09	9.0051E-07	-2.5458E-06
-2.1277E-09	7.6619E-10	2.4672E-07	-2.6640E-06
-1.3059E-09	-2.3089E-09	-1.1160E-06	-2.4015E-06
-5.8230E-11	1.1848E-09	6.4696E-07	-1.5039E-06
-2.4349E-09	-1.4391E-09	-1.0802E-06	-3.9800E-06
4.3512E-10	-2.0189E-09	-1.5898E-06	-5.3460E-07
1.2948E-09	1.3352E-09	1.8356E-07	-2.6896E-06
-1.3037E-10	-1.2348E-09	-2.0494E-06	-1.3681E-06
2.0451E-09	3.7312E-09	-7.9815E-08	-1.4749E-06
-2.1616E-09	1.6136E-09	-1.6471E-06	-1.4239E-06
-4.2486E-10	2.8191E-09	-4.3947E-07	-7.7514E-07
-4.3010E-09	9.9654E-10	-1.0034E-06	-4.4416E-07
8.7742E-10	1.2116E-09	1.2394E-06	-2.3818E-07
-5.5310E-09	1.1858E-09	6.2294E-07	-2.2624E-06
1.1107E-09	1.9468E-11	1.4754E-07	-1.8952E-06
-4.7869E-09	2.7051E-09	-4.1256E-08	-2.4367E-06
-2.6577E-09	-2.2721E-09	-1.2894E-06	-2.4960E-06
-1.8954E-09	8.5963E-10	-1.3096E-06	-3.2594E-08
-2.3518E-09	-2.7153E-09	1.7682E-06	-1.5883E-06
-5.2788E-11	-1.1261E-09	-1.3889E-06	-3.4960E-06
1.1518E-09	2.5434E-10	-1.9165E-06	-8.3523E-07
-6.4954E-10	3.4996E-10	-7.2642E-07	1.8743E-07
1.9908E-11	2.0371E-09	1.2622E-06	-1.2400E-06
-1.0545E-09	7.6299E-10	-1.4891E-06	-1.6551E-06
-1.0898E-09	1.8465E-09	1.3691E-06	2.5028E-07
-1.7555E-09	1.7848E-10	5.6562E-08	-3.3619E-06
1.0773E-09	2.9059E-09	-6.7668E-07	-2.8113E-07
-4.9504E-09	1.5021E-09	7.7775E-07	-2.1086E-06
7.5220E-11	1.8648E-09	-3.3208E-07	-1.4935E-06
-5.8006E-09	1.2540E-09	-8.4609E-08	-2.1353E-06
-1.9010E-09	-1.4586E-09	-3.8373E-07	-1.2838E-06
-2.9827E-09	-3.8067E-10	-5.1633E-07	-2.2036E-06
3.4747E-12	-1.7187E-09	-5.1551E-07	-3.6419E-07
-2.4302E-09	4.4941E-10	2.6631E-07	-2.6825E-06
1.0850E-09	-1.0307E-09	-2.3446E-06	-2.0322E-08
-2.3312E-09	1.5950E-09	2.2707E-06	3.4685E-07
-8.1177E-10	-1.5155E-09	6.3950E-07	-2.8239E-06
5.0874E-10	7.7137E-10	1.0717E-07	-1.3745E-06
-1.1865E-09	6.0381E-10	4.0012E-07	-1.7453E-06
3.6756E-10	5.2647E-10	9.8444E-07	-1.6564E-06
-4.2093E-10	3.3049E-09	8.0086E-07	-3.2924E-06
-3.7030E-09	7.1053E-10	-8.3443E-07	-3.0737E-06
-9.6496E-10	1.6653E-09	-9.2919E-07	-2.3301E-06
-4.3151E-09	-8.7067E-10	-1.0395E-06	-1.8728E-06
-2.5212E-10	-2.7839E-11	-3.3544E-07	-1.9130E-06
-3.0207E-09	-1.2061E-09	-1.5014E-06	-2.4142E-06
1.3511E-09	1.2389E-11	-1.1285E-06	-4.1334E-07
-4.2295E-09	5.1056E-10	5.7058E-07	-1.7690E-06
1.5590E-09	-2.5372E-09	-1.2586E-06	-2.8993E-06
-2.3944E-09	1.3130E-09	-2.5414E-06	-6.9070E-07
9.6969E-10	-3.0838E-09	3.9345E-07	6.0362E-07
1.6021E-09	1.5412E-09	3.3989E-07	-2.3969E-06
-1.7199E-10	9.8234E-10	-1.0618E-06	-7.0307E-07
3.4382E-10	1.7227E-09	4.9576E-07	-1.1695E-06
-1.0485E-09	2.0974E-09	2.1293E-07	-1.2610E-06
-2.4041E-09	1.0236E-09	4.5080E-07	-2.7523E-06
-8.6848E-10	5.3092E-10	-1.6193E-06	-1.7513E-06
-1.9491E-09	-2.8669E-10	-5.6177E-08	-1.0138E-06
-4.5614E-10	1.4672E-09	-1.8394E-07	-1.5105E-06
-2.6544E-09	-1.0336E-09	2.6480E-08	-2.3187E-06
2.3216E-10	7.4941E-10	-1.5970E-06	-1.4569E-06
-4.0464E-09	-9.3545E-10	5.2940E-07	-9.6713E-07
2.0293E-09	-2.7390E-09	-8.6357E-07	-2.6940E-06
-1.2756E-09	1.3948E-10	-1.3204E-06	-6.3949E-07
2.7984E-09	-1.6418E-09	4.6687E-07	-5.9634E-07
7.2570E-10	1.4937E-09	7.7867E-07	-2.5321E-06
1.5173E-09	1.2707E-09	-1.6209E-06	-2.5435E-06
-9.3746E-10	2.0320E-09	-7.2659E-07	-2.4198E-07
9.9288E-10	9.9580E-11	1.0033E-06	-1.7740E-06
-7.6469E-10	2.9490E-09	-6.1443E-07	-2.8542E-06
1.2393E-10	2.2114E-10	-6.7598E-07	-1.6567E-06
-2.6263E-10	2.8521E-09	-6.1787E-07	-2.6943E-06
-2.0743E-09	2.3746E-09	-1.3388E-06	-1.4172E-06
-2.3391E-09	-2.5976E-11	-5.0358E-09	-2.6658E-06
-1.4321E-09	9.2580E-10	-2.4644E-06	-2.5739E-06
-2.6339E-09	-1.5199E-09	-1.4772E-06	-1.4388E-06
1.3046E-09	-1.0595E-09	-2.2498E-06	-1.5192E-06
-8.9958E-10	-2.7741E-10	-1.4278E-06	-1.1291E-06
2.2609E-09	3.6372E-10	-2.8981E-06	-7.2931E-07
-1.4550E-09	2.0812E-10	-4.8046E-07	8.4074E-07
2.8416E-09	6.8392E-10	-1.0286E-06	-1.2706E-06
-1.7600E-09	1.3095E-09	-3.5063E-07	6.2664E-07
3.2908E-09	-7.1178E-10	4.6043E-07	-2.1717E-06
5.2084E-11	4.7023E-09	-1.8123E-06	-1.4994E-06
4.0528E-10	4.9062E-10	-1.6044E-06	-8.3609E-07
-4.6299E-10	4.5479E-09	-1.3149E-06	6.5356E-07
-2.3822E-09	1.8273E-09	8.7143E-07	-4.5723E-07
-1.9897E-09	6.7423E-10	-7.0051E-07	-1.8753E-06
-1.1810E-09	9.0048E-10	-1.2638E-06	-6.2056E-07
-1.2777E-09	1.2792E-10	-6.0680E-08	-2.0901E-07
-2.9663E-10	5.2238E-10	1.9270E-07	-2.1005E-06
-1.3449E-09	5.3533E-10	-1.9417E-06	-1.5627E-06
1.8639E-10	7.9496E-10	-7.5835E-07	-8.6785E-07
-2.3781E-09	-1.0985E-09	-2.3132E-06	-1.4116E-06
2.9304E-09	3.5949E-10	-1.3907E-06	8.9416E-07
-1.4558E-09	6.8297E-10	-3.8521E-07	-4.8361E-07
3.2466E-09	1.8456E-10	-5.7406E-07	-4.4568E-07
-5.7249E-10	4.3344E-09	-1.5989E-06	-1.3489E-06
1.1808E-10	7.4910E-10	-1.9344E-06	1.2165E-06
-1.7358E-09	3.2239E-09	1.2856E-08	5.0839E-07
-4.6853E-10	9.1672E-10	-2.1618E-07	5.6090E-07
-2.2277E-09	1.3954E-09	1.2680E-07	-3.8514E-07
3.3929E-11	5.1125E-10	-1.1362E-07	9.3198E-07
-1.5882E-09	2.3881E-09	1.7876E-06	-1.1880E-06
-1.9322E-09	-2.7803E-10	-1.1290E-06	-1.5533E-06
-1.3721E-09	7.6326E-10	-5.0714E-07	-5.7140E-07
-1.0620E-09	-6.3917E-10	-1.4779E-06	-1.7024E-07
-8.5847E-10	-1.5466E-09	-4.5644E-07	7.2816E-07
2.3744E-09	5.2691E-10	-1.2780E-07	1.2502E-06
-5.0890E-10	5.6842E-10	1.8333E-06	5.1401E-07
1.7633E-09	1.3182E-09	1.2312E-06	-6.7938E-07
-1.0566E-09	2.1369E-09	8.9431E-07	-1.7737E-06
4.9409E-10	1.0384E-09	-9.4903E-07	4.9179E-08
-2.0861E-09	1.3355E-09	2.5688E-06	-2.3283E-07
1.9096E-09	9.7618E-10	1.6757E-07	-2.4336E-06
-3.1599E-09	2.5164E-09	6.8931E-07	-1.4177E-06
5.4804E-10	-2.9490E-11	-1.2551E-06	-2.1555E-06
-2.7711E-09	3.0675E-09	-1.5655E-07	-3.6091E-08
-2.4910E-09	-2.0312E-09	-2.7663E-07	-1.2520E-06
-6.6540E-10	2.6902E-10	5.2929E-07	-7.8008E-07
-8.4411E-10	-1.8494E-09	-1.4529E-06	-2.0843E-06
2.8462E-10	-8.6173E-10	-4.2215E-07	1.3429E-06
1.5535E-09	5.8056E-11	1.4935E-06	-1.7542E-06
-1.8266E-10	1.3661E-10	-1.2948E-06	-1.8446E-06
8.2775E-10	5.1104E-10	-1.4221E-06	-1.3603E-08
3.1282E-10	-1.3943E-10	4.1492E-07	5.8161E-07
1.7800E-09	9.9567E-10	4.7500E-07	-1.0400E-06
-5.7836E-10	1.0244E-09	2.8906E-07	-8.1721E-07
3.0893E-09	1.8342E-09	-4.5485E-07	-1.9498E-06
-3.3513E-09	3.2270E-09	-1.7489E-06	-4.7354E-07
5.1510E-10	1.0097E-10	-9.0264E-07	8.7808E-07
-2.7184E-09	2.2500E-09	1.0868E-06	6.2520E-07
-1.5161E-09	-1.7813E-09	1.5249E-07	-1.4351E-06
-4.6393E-10	3.8870E-10	-9.8090E-07	2.4188E-07
2.1547E-11	-1.3759E-09	1.8403E-07	1.0447E-06
-1.0108E-09	3.5948E-10	2.0069E-06	7.4127E-07
1.0095E-09	-1.4164E-09	1.7448E-06	-1.7263E-06
-3.3946E-10	-1.4124E-10	2.8588E-07	-1.4599E-06
9.4151E-10	-1.4585E-09	-4.1666E-07	-1.2451E-06
2.3368E-09	-4.1082E-10	-5.0542E-08	4.7506E-07
2.1839E-09	8.2723E-10	1.2843E-06	-5.4612E-07
9.0100E-10	1.6059E-09	9.3076E-07	-5.2030E-07
2.4253E-09	1.9544E-09	1.4983E-06	-1.9960E-06
-2.0652E-09	2.4639E-09	-5.4457E-07	-1.4516E-06
8.9703E-10	5.7204E-10	-3.4695E-07	1.3488E-07
-1.0907E-09	1.2610E-09	1.1579E-06	-1.7755E-06
3.0742E-10	5.6908E-10	-4.9628E-07	-6.3067E-07
-1.2038E-09	1.2157E-09	1.2196E-06	-1.5440E-06
7.5364E-10	-6.3474E-11	-1.0563E-06	-1.3336E-06
-2.9535E-09	1.3809E-09	6.8308E-07	-8.6477E-07
1.1636E-09	-2.7395E-09	-1.3164E-06	-1.1396E-06
-2.9371E-10	6.6323E-10	9.9182E-07	1.9774E-07
1.2405E-09	-2.1335E-09	-7.1646E-07	-1.8975E-06
2.7167E-09	8.4624E-10	-2.5839E-08	9.2220E-07
1.1621E-09	7.4138E-10	8.0672E-07	-1.0327E-06
1.0488E-09	1.7158E-09	3.7315E-07	-2.1766E-07
1.3901E-09	9.0174E-10	5.0600E-07	-7.1707E-07
-2.6928E-10	1.6847E-09	1.5200E-06	-1.6275E-07
1.4289E-09	1.1809E-09	1.0500E-06	-2.3050E-06
-1.7036E-11	1.3519E-09	3.9207E-07	-1.2034E-06
7.1943E-10	2.6154E-09	1.7319E-07	-2.2752E-06
-2.3027E-09	1.4391E-09	-3.4302E-07	-1.1628E-06
6.6606E-10	1.0012E-10	-7.5910E-07	-1.6947E-06
-3.2279E-09	1.4333E-09	-3.3614E-07	1.8338E-07
1.6522E-09	-2.9510E-09	2.3038E-08	-1.6317E-06
-7.5904E-11	1.5047E-09	-9.1931E-07	6.5788E-07
1.2043E-09	-1.0683E-09	1.4862E-06	-3.4097E-07
1.3055E-09	1.3156E-09	4.6468E-07	-6.9957E-07
5.5517E-10	3.2682E-10	1.1547E-06	-1.2132E-06
4.7254E-10	1.4459E-09	1.4337E-07	-1.3413E-06
1.6128E-09	-3.9258E-10	2.3714E-07	-9.7949E-07
6.9972E-10	2.4251E-09	7.1186E-07	-5.5051E-07
1.2106E-09	1.5322E-09	1.0628E-06	-1.7336E-06
-2.1606E-10	2.1433E-09	4.9612E-07	-1.4709E-06
-5.0840E-10	2.6374E-09	6.1150E-07	-2.7208E-06
-2.3985E-09	9.5228E-10	-1.6232E-06	-2.1887E-06
6.6553E-11	-4.2375E-10	-1.1762E-06	-2.1481E-07
-2.1604E-09	1.1547E-09	6.0220E-07	-3.8359E-07
1.1071E-09	-1.7638E-09	-4.1166E-07	-2.0890E-06
-7.4938E-10	1.0518E-09	-1.1289E-06	-1.0143E-07
5.8927E-10	-2.7409E-10	-1.4802E-07	-6.4600E-07
-6.1196E-10	-1.8922E-10	-5.4916E-07	7.2926E-07
1.5421E-09	-9.9827E-10	1.8283E-06	1.0454E-07
2.1320E-10	1.1181E-09	1.3901E-06	-1.4802E-06
2.7340E-09	-1.3695E-09	2.2337E-07	-2.2357E-06
9.7101E-10	3.5974E-09	-2.3955E-07	-4.1430E-07
5.9517E-10	9.8332E-10	1.4176E-06	-2.2631E-06
-2.6020E-10	2.4104E-09	-2.1924E-06	-1.9704E-06
-1.0393E-09	1.4601E-09	2.3168E-07	9.8969E-07
-1.2153E-09	8.4712E-10	1.2122E-06	-2.2506E-06
-3.0640E-10	-1.2608E-10	-1.8889E-06	-1.5776E-06
-1.3007E-09	1.3947E-09	-2.5123E-08	9.1947E-07
-4.8622E-10	-4.5487E-10	9.5940E-07	-1.8426E-06
-1.8626E-09	-2.0914E-10	-1.8072E-06	-6.3779E-07
1.8756E-10	-7.1671E-10	7.5423E-07	1.1096E-06
-1.5202E-09	-1.8025E-09	1.4533E-06	-1.1823E-06
2.7724E-09	-1.9908E-09	1.7937E-07	-1.4883E-06
1.7802E-10	1.0602E-09	-5.2267E-08	-1.1224E-06
2.6831E-09	-1.9375E-09	-6.4963E-07	-8.6397E-07
8.4471E-10	3.1589E-09	-5.1110E-09	7.1608E-07
5.4750E-10	-4.3996E-10	1.8263E-06	-3.5726E-07
4.3490E-10	1.4409E-09	9.4953E-07	-1.6243E-06
5.0038E-10	5.2692E-10	1.1354E-07	-1.0586E-06
1.2669E-10	1.4636E-09	1.5011E-06	-1.7927E-07
-4.0121E-11	4.9946E-10	2.0477E-06	-3.1722E-06
-9.2211E-10	2.0909E-09	-1.3115E-06	-2.6307E-06
-1.4377E-09	-3.4772E-10	8.3243E-08	-9.8331E-07
-1.7948E-09	-6.9074E-10	-4.2962E-07	-2.0582E-06
4.6452E-10	-1.1628E-09	-3.5528E-07	-7.7659E-07
-1.0720E-09	-1.5913E-09	3.4386E-07	-1.8895E-06
2.4733E-09	-1.6666E-09	-1.1236E-06	-1.7599E-06
8.5897E-11	9.6481E-10	-5.7243E-07	-7.9320E-07
1.4668E-09	-2.0942E-09	-6.4635E-07	-1.1437E-06
8.4654E-10	1.2426E-09	-1.1060E-07	-4.6543E-07
1.6273E-09	-1.1077E-09	8.3277E-08	-1.9899E-06
9.4775E-10	6.5507E-10	-1.4909E-06	-1.4675E-06
2.4560E-09	5.6251E-10	-1.4054E-06	-9.6901E-07
7.5574E-11	2.5043E-09	-2.1020E-06	3.0159E-07
1.9051E-10	1.1817E-10	-2.0010E-07	1.4511E-06
-6.7071E-10	2.4464E-09	7.7129E-07	2.2815E-07
-1.1485E-09	-1.1910E-09	2.8332E-07	-2.9999E-07
-4.3228E-10	-9.8484E-11	3.6426E-07	4.5011E-07
7.4790E-10	-8.4251E-10	1.8164E-06	-5.3444E-08
-3.0193E-10	-2.4158E-10	1.6920E-06	-1.6987E-06
1.0976E-09	-9.7304E-10	2.7189E-07	-2.6322E-06
1.6666E-10	3.8296E-10	-1.3356E-06	-1.2474E-06
8.3957E-10	-1.7809E-09	2.3682E-07	-9.7224E-08
1.2820E-09	-2.0664E-10	2.0345E-07	-1.6782E-06
2.9056E-09	-3.2387E-10	-1.0879E-06	-5.6775E-07
5.6734E-10	1.1410E-09	7.1199E-07	3.7439E-07
3.0333E-09	7.5760E-10	1.4486E-06	-1.9922E-06
-7.8373E-10	3.1563E-09	-1.5254E-06	-2.5517E-06
2.9219E-10	-7.6610E-10	-1.7000E-06	7.2120E-07
-2.8145E-11	2.4927E-09	1.0160E-06	3.5760E-07
-5.4587E-10	-1.0678E-09	4.9922E-07	-8.6151E-07
2.4105E-10	1.1411E-09	8.3458E-07	-9.9623E-07
1.2309E-10	-1.9470E-10	-8.3749E-08	-1.8029E-06
-8.0693E-10	5.8843E-10	-3.7136E-07	-1.1648E-06
-1.0803E-10	-1.2816E-09	-8.5935E-07	-1.1147E-06
3.5710E-10	-5.0252E-10	-2.7296E-07	-4.0028E-07
1.0070E-09	-1.5577E-09	-8.8190E-07	-1.2481E-06
1.7084E-09	-3.7940E-10	-1.0493E-06	4.5408E-07
3.0563E-09	3.3367E-10	-1.4023E-07	1.5726E-08
-3.2286E-11	1.7254E-09	-2.6477E-07	7.9773E-07
2.5527E-09	2.3006E-10	1.2133E-06	7.9110E-07
-5.8947E-10	2.8153E-09	2.4482E-06	-6.2362E-07
6.4688E-10	-6.7332E-10	3.9623E-07	-3.2184E-06
6.8072E-10	2.5757E-09	-1.5558E-06	-1.8639E-07
-3.0615E-10	4.0138E-10	1.0660E-06	-6.1608E-07
-8.5111E-10	2.0531E-09	-9.7945E-07	-1.0971E-06
-6.2347E-10	-1.5714E-10	2.2712E-07	1.8887E-07
-1.9996E-09	7.2872E-10	-2.5675E-07	-5.1735E-07
-4.4508E-10	-2.1865E-09	6.4191E-07	8.0033E-07
4.0959E-10	-4.1441E-10	1.6339E-06	-6.8205E-07
5.5013E-10	-1.5104E-09	1.1766E-06	-1.0696E-06
1.2084E-09	-9.3792E-12	1.1451E-06	-2.1055E-06
1.6544E-09	-3.5909E-10	-4.9637E-07	-2.2584E-06
-1.4226E-10	9.2134E-10	-9.4741E-07	-1.1388E-06
1.9551E-09	-9.2529E-10	-3.5665E-07	-2.0145E-07
7.5685E-10	1.6201E-09	6.6367E-07	-1.4008E-06
1.1881E-09	1.8489E-10	-1.5351E-06	-1.3014E-06
7.4456E-10	2.2399E-09	3.3044E-07	1.1184E-07
2.6258E-11	1.4330E-09	-1.1836E-06	-2.1470E-06
-2.1310E-09	1.9613E-09	-1.6177E-06	1.6361E-06
-2.5970E-10	-8.4910E-10	1.3633E-06	1.2828E-08
-2.1531E-09	1.1909E-09	-3.1679E-07	-6.0033E-07
-3.2016E-10	-2.4739E-09	-1.9777E-07	-1.7428E-07
1.1447E-10	6.5238E-10	-1.3611E-07	8.2457E-07
-7.2647E-10	-1.5170E-09	1.2899E-06	1.3511E-07
2.0833E-10	-2.5112E-10	6.7483E-07	-6.9344E-08
3.0147E-10	-1.7221E-09	1.5761E-06	-3.7714E-07
4.8404E-10	-3.3513E-10	1.1430E-06	-1.0775E-06
1.7309E-09	-1.6103E-09	9.5976E-07	-1.6072E-06
1.6469E-09	8.5690E-10	1.2123E-07	-1.3775E-06
1.2135E-09	7.2823E-10	3.0616E-07	-1.6554E-06
1.1331E-10	1.2687E-09	-1.0385E-06	-1.2398E-06
5.1267E-10	8.9328E-10	-2.7470E-07	-1.0603E-07
-1.9491E-09	1.2542E-09	1.0549E-07	-4.1439E-07
7.1263E-10	-1.5377E-09	4.1779E-07	-6.0641E-07
-1.1848E-09	1.9318E-09	-6.5445E-08	-1.1455E-06
-3.7064E-10	-1.9482E-09	-6.6685E-07	-4.5147E-07
-3.5669E-10	1.0322E-09	-8.8598E-08	1.4626E-07
-1.2740E-09	-1.6086E-09	3.0420E-07	2.7339E-07
-1.9891E-10	-9.5280E-10	1.6381E-06	-2.2709E-07
5.1233E-10	-2.5162E-09	3.2795E-07	-2.0812E-06
1.1719E-09	-2.7835E-10	-4.6360E-07	-5.0656E-07
1.6107E-09	-1.6439E-09	-5.8397E-07	-9.6831E-07
1.5444E-09	9.4552E-10	-4.3765E-07	1.4967E-06
7.9195E-10	2.7897E-10	2.2475E-06	-2.9180E-07
1.5788E-10	3.6569E-10	6.0963E-07	-1.2041E-06
1.0816E-09	-7.9955E-12	3.9352E-07	-1.6191E-06
-4.6529E-10	1.2142E-09	-7.9094E-07	-6.0472E-08
9.3287E-10	-1.0016E-09	1.3140E-06	-6.9447E-07
-5.4222E-10	2.3058E-09	-7.8925E-07	-7.8336E-07
-8.6887E-10	-1.0505E-09	1.1741E-06	2.3056E-08
-9.7614E-10	1.8383E-10	7.0205E-08	-1.2580E-06
-4.9004E-10	-1.7379E-09	7.0498E-07	-8.8377E-07
-3.0520E-10	-1.1046E-09	-1.4418E-06	-1.4138E-06
1.4770E-09	-2.6447E-09	4.6690E-08	1.5509E-06
1.1225E-09	7.6845E-10	1.2893E-06	-9.5840E-07
1.1530E-09	-2.0122E-09	-1.0529E-07	-4.7142E-07
1.5011E-09	1.0333E-09	2.7354E-07	-6.2548E-07
7.5510E-10	-7.4198E-10	-3.7482E-07	8.9869E-08
1.3607E-09	2.8915E-10	9.6237E-07	4.6208E-07
1.5506E-09	1.1965E-10	9.1806E-07	-8.2770E-07
8.3029E-10	1.9537E-09	-9.7754E-08	-3.3854E-07
1.8357E-10	3.3234E-10	5.5340E-07	3.6101E-07
-5.0814E-10	2.0179E-09	9.9990E-07	2.7127E-07
-1.0669E-09	-2.8802E-10	1.7960E-06	-1.2081E-07
-1.3290E-09	-3.7838E-10	1.3571E-06	-1.2009E-06
6.2938E-10	-1.2469E-09	7.8478E-07	-7.4535E-07
-9.3380E-10	-1.0593E-10	1.2872E-06	-9.3568E-07
1.2222E-09	-2.3532E-09	3.8478E-07	-1.3369E-06
2.4160E-10	1.3232E-09	6.6506E-07	1.1674E-07
2.2232E-10	-2.8811E-09	2.0849E-06	-1.1064E-06
1.6715E-09	4.9076E-10	8.2269E-07	-1.8147E-06
1.2168E-09	-1.4666E-09	5.9394E-07	-1.6556E-06
2.1280E-09	6.6804E-10	3.8124E-08	-9.3100E-07
1.6214E-09	5.0182E-10	1.4185E-06	-1.2457E-06
1.1278E-09	2.3438E-09	-2.2281E-07	-2.1060E-06
-4.5751E-10	6.6454E-10	4.1027E-07	-5.8978E-07
-7.4833E-11	1.5996E-09	4.5648E-07	-2.2569E-06
-5.7933E-10	1.8839E-10	-1.2555E-06	-1.2394E-06
-1.1166E-09	3.4474E-10	-3.0183E-07	3.5822E-07
6.5266E-10	-1.6720E-10	1.5716E-06	-2.8458E-07
-1.7859E-09	9.6050E-10	9.7531E-07	-2.3255E-06
-2.9837E-10	-1.9943E-09	-6.7677E-07	-2.1733E-06
-4.6082E-10	6.8061E-10	-1.6985E-06	-1.0880E-06
-3.1881E-10	-3.0759E-09	-8.2342E-07	9.3758E-07
1.3577E-09	-1.2248E-10	1.0918E-06	-1.0290E-07
1.5989E-09	-1.3379E-09	-2.0000E-07	-9.4156E-07
1.1256E-09	9.9439E-10	2.7625E-07	3.1102E-07
1.2105E-09	-1.9465E-10	7.0279E-07	-1.2390E-06
7.4109E-10	2.0188E-09	-1.3017E-06	4.1853E-08
-4.6921E-10	-4.8767E-10	1.5539E-06	1.4028E-06
9.0649E-10	1.5562E-09	1.2629E-06	-1.3900E-06
-2.9245E-10	3.0811E-10	4.1354E-07	3.9031E-07
-6.4806E-10	1.3171E-09	2.1418E-06	-9.3907E-07
-4.4201E-10	3.1423E-10	3.4484E-07	-1.0095E-06
-1.8501E-09	8.2780E-10	1.9894E-06	-6.9271E-07
-1.3574E-09	-1.7137E-09	4.7315E-07	-2.4551E-06
-2.8968E-10	-4.3710E-10	1.8291E-07	-4.0881E-07
-1.4446E-10	-2.0548E-09	1.3224E-06	-1.5282E-06
3.4645E-10	-3.6638E-10	2.9583E-07	-1.4389E-06
1.5354E-09	-1.1385E-09	1.0916E-06	-1.7976E-06
-5.1641E-10	8.5772E-10	-7.5786E-07	-2.8698E-06
1.0934E-09	-1.7854E-09	-1.7812E-06	-1.3142E-07
8.0158E-10	1.5840E-09	1.0583E-06	-3.4388E-08
-7.1198E-12	-1.4261E-09	-7.3433E-07	-1.7751E-06
1.6324E-09	1.9761E-09	-1.6890E-07	1.3628E-06
-6.8786E-10	2.6761E-10	2.1416E-06	-1.1025E-06
-5.4475E-10	1.6377E-09	2.2556E-07	-1.2168E-06
-1.3837E-09	-2.8134E-10	1.0139E-06	-1.8156E-06
-1.1447E-09	1.2002E-10	-9.8687E-07	-1.3391E-06
-1.4172E-09	-1.4452E-09	6.0491E-07	-7.6141E-07
1.8871E-10	-9.5131E-10	-9.0446E-07	-1.1708E-06
-2.0886E-10	-1.0403E-09	8.9228E-07	8.4226E-08
-5.7225E-10	-6.5190E-10	-1.0762E-08	-2.1451E-06
1.2292E-09	-1.7360E-09	-7.6696E-07	-1.4293E-07
-7.8640E-10	1.5176E-10	4.0772E-07	-2.3841E-07
1.5998E-09	-2.6877E-09	1.1574E-06	-9.8529E-07
1.5411E-09	1.2770E-09	-1.0833E-06	-2.2006E-06
5.2189E-10	-1.0191E-09	-5.3347E-07	1.5338E-06
1.4775E-09	2.1000E-09	2.2499E-06	-1.4978E-06
-6.3610E-10	3.9263E-12	-1.1485E-06	-1.7764E-06
-6.0364E-10	1.6022E-09	-2.7163E-07	-1.8867E-07
-9.0888E-10	-1.0878E-09	-1.0526E-07	-2.7013E-07
-2.5632E-10	6.1427E-10	3.0460E-07	-7.4271E-07
-1.3350E-09	-9.9029E-10	-7.4776E-07	-7.5239E-08
2.3419E-10	-2.7148E-10	8.6710E-07	4.6112E-07
-1.1933E-09	-9.2051E-10	8.0869E-07	-3.7657E-07
-7.2078E-10	-1.0266E-09	1.0564E-06	-9.1736E-07
6.5831E-10	-2.4910E-09	-5.6418E-08	-4.3042E-07
2.7216E-10	-6.2008E-10	2.0253E-06	-7.3955E-07
1.7122E-09	-2.1827E-09	-7.5027E-07	-2.5213E-06
1.9109E-09	5.9377E-10	-4.0524E-07	7.4248E-07
9.0006E-10	-1.9727E-10	8.1227E-07	-4.5181E-07
8.2950E-10	1.2456E-09	1.2545E-06	1.1760E-07
7.1300E-10	-4.4408E-10	1.5959E-06	-1.7048E-06
-2.8697E-10	1.9102E-09	1.0143E-06	-1.5089E-06
4.3625E-10	-1.2141E-09	3.2017E-07	-3.1807E-06
1.8553E-10	2.3429E-09	-1.9413E-06	-1.4837E-06
-1.6198E-09	-6.0538E-10	-8.4256E-07	7.3603E-08
-5.3243E-11	7.7833E-10	5.6104E-07	-8.0063E-08
-2.0908E-09	-1.2918E-09	-2.6372E-07	-1.4363E-06
-1.0358E-10	-8.5363E-10	-1.1502E-07	5.2886E-07
-7.3345E-11	-2.3482E-09	1.0892E-06	-1.5723E-06
1.1013E-09	-5.1949E-10	-1.0002E-06	-9.8837E-07
6.8751E-10	-1.1121E-09	-4.3963E-07	-3.3665E-07
1.3377E-09	-3.5819E-10	1.9054E-07	5.6034E-07
8.9467E-10	-4.8040E-12	7.1321E-07	-1.5099E-06
4.7021E-10	3.9138E-11	-1.0420E-06	4.9536E-07
2.0291E-09	-6.4903E-10	1.8564E-06	-7.5950E-07
1.6566E-10	2.3901E-09	-1.6922E-06	-1.0484E-06
9.7883E-10	-7.8354E-10	8.9244E-07	1.5765E-06
-2.2631E-11	3.2195E-09	1.6188E-06	-8.6244E-07
-1.6670E-09	-5.0401E-10	8.6954E-07	-1.7906E-06
-2.8003E-10	1.0900E-09	-1.4239E-06	-1.1467E-06
-1.7432E-09	-1.3320E-09	3.2599E-07	8.2710E-07
2.4631E-10	2.1667E-10	4.0791E-07	-6.7812E-07
-7.5965E-10	-1.7802E-09	5.7295E-07	1.1726E-07
7.7025E-10	3.4976E-10	4.2341E-07	-8.1234E-07
-7.6456E-10	-1.0266E-09	3.9094E-07	3.5010E-07
8.5160E-10	-9.7133E-10	1.3759E-06	-4.4571E-07
5.8087E-10	-4.3673E-10	1.1095E-06	-7.0658E-07
9.3637E-10	-3.4606E-10	1.1484E-06	-1.6407E-06
1.8202E-09	-2.7596E-10	-4.2776E-07	-1.4243E-06
4.2306E-10	2.3716E-09	1.8723E-07	-2.4393E-07
2.3162E-10	-1.3944E-10	2.2719E-07	-6.3059E-07
-4.2087E-10	2.2112E-09	1.3965E-06	1.2821E-07
-1.0535E-09	-2.0881E-10	1.3204E-06	-3.1370E-06
-6.8617E-10	7.8587E-10	-2.3233E-06	-9.9756E-07
-6.8247E-10	-9.0811E-10	6.2369E-07	5.0811E-07
-6.2076E-10	1.3901E-09	-1.2698E-07	-5.3207E-07
-1.2663E-09	-2.0040E-09	1.4409E-06	5.9624E-08
-7.1986E-11	8.9146E-10	4.4277E-07	-1.9085E-06
-1.4691E-09	-2.1873E-09	6.6023E-08	-7.0991E-07
1.1850E-09	-8.7136E-10	-2.1207E-07	-1.3886E-06
1.6398E-10	-1.0155E-09	-5.6533E-07	-1.9284E-07
1.6483E-09	6.9028E-11	7.8629E-08	-1.8763E-07
4.3455E-10	-5.4084E-11	2.4729E-07	-1.5446E-07
8.3479E-10	1.4663E-09	3.6362E-07	-7.5348E-08
-5.5109E-10	2.1290E-10	9.9240E-07	-4.3178E-07
-4.1636E-11	6.1892E-10	4.3368E-07	-5.8776E-07
-6.3059E-11	6.2515E-10	1.4458E-06	-1.2391E-06
-1.1769E-09	7.5586E-10	-1.3076E-06	-1.9829E-06
-1.3263E-10	-2.4719E-10	-1.1674E-07	1.0494E-06
-1.9231E-09	1.7726E-09	7.2813E-07	-1.0806E-06
-1.5507E-09	-2.6040E-09	-2.9620E-08	-4.3854E-07
-5.4366E-10	6.9682E-10	-9.3985E-07	-8.9548E-07
-1.2834E-09	-3.0546E-09	-2.2654E-07	2.2760E-06
1.2381E-09	-3.8968E-10	2.4944E-06	5.2294E-09
-1.8446E-10	-1.6047E-09	1.4061E-06	-4.4952E-07
1.5787E-09	2.8354E-10	1.4761E-06	-2.1746E-06
-5.2119E-10	-9.7464E-10	-7.6254E-07	-7.6599E-07
1.7432E-09	4.1897E-10	7.8796E-07	-8.5570E-07
-4.1241E-10	-9.1392E-11	-6.9207E-07	-1.1423E-07
1.1914E-09	1.7455E-10	1.4334E-06	-3.2293E-07
3.9549E-10	1.3524E-09	-7.2791E-07	-3.9481E-07
-1.0518E-09	1.0203E-09	2.2027E-06	7.4213E-07
-4.4173E-10	2.0214E-10	7.1539E-07	-2.2945E-06
-1.8679E-09	1.2105E-09	-1.7302E-09	-3.0059E-07
-1.4192E-09	-2.1684E-09	-2.6590E-08	-7.0040E-07
-4.3539E-10	2.5881E-10	7.0776E-07	7.9454E-07
-7.1763E-10	-2.2272E-09	1.5859E-06	-6.6574E-07
7.7886E-11	-5.6316E-11	1.4229E-06	-8.3659E-07
-1.6783E-10	-2.0515E-09	2.7485E-07	-1.9570E-06
6.2737E-10	1.6743E-10	5.2417E-08	3.4229E-07
-2.8129E-10	-2.4986E-09	1.2963E-06	-1.1712E-06
2.4642E-09	3.8133E-10	4.1867E-08	2.8508E-07
3.4574E-12	-8.0096E-10	2.9642E-06	-7.7521E-07
2.1451E-09	8.7483E-10	2.4338E-07	-2.4938E-06
-8.9490E-11	1.0204E-09	9.7262E-07	-5.0043E-07
9.6797E-12	1.0741E-09	9.0412E-07	-2.7556E-06
-9.3376E-10	2.0785E-10	-1.1497E-06	-1.2361E-06
-2.1807E-10	5.5447E-10	4.5536E-07	-6.0582E-07
-1.1686E-09	-4.5898E-10	-6.0796E-07	-1.2895E-06
-2.4157E-10	-9.8627E-12	-7.3161E-09	7.7767E-07
-4.8833E-10	-4.7129E-10	1.8270E-06	-7.7866E-07
-1.4065E-09	-2.4014E-10	1.1704E-07	-1.4241E-06
2.9497E-10	-2.2186E-09	8.4327E-07	-1.5992E-07
-1.7170E-10	1.4670E-10	1.6602E-06	-1.9042E-06
5.5735E-10	-3.0482E-09	-5.3447E-07	-2.4980E-06
2.2891E-09	1.1486E-09	-1.0118E-06	-5.5040E-07
3.2335E-11	-1.1792E-09	2.5067E-07	8.7072E-09
1.9974E-09	1.5776E-09	1.1550E-06	-8.9269E-07
-6.0167E-10	-1.0861E-10	1.7296E-08	-1.9289E-06
1.1407E-09	1.2445E-09	-5.5788E-07	-8.3015E-07
-1.0673E-09	3.4363E-11	-4.8727E-07	-7.0019E-07
1.2440E-09	8.0280E-10	-8.1630E-10	3.3638E-07
-1.5525E-09	1.0145E-09	8.1562E-07	-8.4409E-07
-2.6574E-10	-6.6099E-11	-3.4416E-07	-4.5268E-07
-9.8327E-10	3.7084E-10	5.9660E-07	1.8824E-07
-1.6891E-09	-6.7341E-10	1.3250E-06	-2.6887E-07
4.8644E-10	-1.9022E-09	1.0951E-06	-1.4861E-06
-1.8772E-10	1.3802E-10	4.2609E-07	-6.8450E-07
6.9308E-10	-2.0833E-09	1.4596E-06	-1.6108E-06
1.3070E-09	1.0922E-09	-1.3437E-07	-1.8660E-06
3.8393E-11	-1.0775E-09	2.9493E-07	-1.4501E-06
1.1165E-09	1.3146E-09	-4.7744E-07	-1.4970E-06
8.9272E-11	-1.0309E-09	8.5352E-08	-1.3539E-06
1.4264E-09	1.9480E-09	-1.1780E-06	-1.6363E-06
-7.2889E-10	-1.2026E-10	-8.1801E-07	-3.9559E-07
1.3497E-09	1.9685E-09	-9.9423E-07	-7.3417E-07
-2.3506E-09	1.0214E-09	-1.2027E-06	3.2480E-07
-1.9320E-10	3.2657E-10	-4.4375E-07	1.5764E-06
-1.8831E-09	6.6390E-13	2.5685E-06	9.4187E-07
-7.3212E-10	-5.3345E-10	1.0355E-06	-2.5101E-06
-5.3548E-10	-1.1525E-09	-6.5926E-07	-1.4641E-07
9.3256E-11	-2.3237E-10	1.1434E-06	-8.7522E-07
-4.0177E-10	-8.0324E-10	-6.1143E-07	-1.0765E-06
3.2760E-10	-5.3222E-10	3.5339E-07	-7.5586E-08
4.6137E-10	-8.4946E-10	9.5401E-08	-9.7891E-07
3.9204E-10	2.4780E-10	-5.4988E-08	-2.5706E-07
1.4866E-09	-1.1832E-09	2.4419E-07	-5.5584E-07
8.6536E-10	2.5368E-09	1.5212E-07	-5.0069E-07
-2.1256E-10	-4.5069E-10	-2.9156E-07	-7.5571E-07
6.9122E-10	2.7147E-09	-4.3778E-07	6.7363E-07
-2.2952E-09	-2.6214E-11	1.4239E-06	4.4093E-07
2.3890E-10	1.0834E-09	1.2897E-06	-9.8497E-07
-2.2307E-09	-5.2938E-10	4.1209E-07	-1.6869E-06
2.7314E-10	5.2241E-10	-1.3003E-06	-8.2576E-07
-2.2119E-09	-6.0798E-10	-1.5956E-07	1.4665E-06
2.2227E-10	-5.8531E-10	2.1056E-06	1.1851E-07
-1.7906E-09	-4.0731E-10	4.8258E-07	-1.3264E-06
1.3228E-10	-2.1642E-09	8.2386E-07	5.7705E-07
6.6595E-10	-6.2118E-10	2.2819E-06	-1.7387E-06
2.7335E-10	-6.5247E-10	-5.5604E-07	-1.8161E-06
1.7662E-09	-8.7661E-10	4.0932E-07	-4.8730E-07
3.2076E-10	1.9215E-09	-2.1413E-07	-8.2452E-07
1.9155E-10	-8.1541E-10	1.0917E-06	2.8388E-07
3.9497E-10	1.9571E-09	1.4007E-06	-1.6204E-06
-8.6365E-10	-5.5526E-10	7.8316E-07	-1.5975E-06
4.6894E-10	1.6812E-09	-1.2609E-07	-2.8076E-06
-1.5830E-09	-5.7707E-10	-1.9901E-06	-6.1893E-07
2.5765E-10	1.7646E-09	7.8829E-07	4.7517E-07
-2.9552E-09	-9.9119E-10	6.3145E-07	-2.0736E-06
3.2655E-10	-3.1555E-10	-9.5021E-07	-1.0879E-06
-2.2555E-09	-9.7629E-10	3.7535E-08	-1.2845E-06
7.8453E-10	-2.0447E-09	-2.0774E-06	-1.4520E-06
-3.4409E-12	-5.3622E-10	-1.1650E-06	1.1741E-06
8.0422E-10	-7.6376E-10	-1.1022E-07	-5.2071E-08
4.6390E-10	-6.4046E-10	-3.3895E-07	1.0782E-06
7.3907E-10	3.3553E-10	1.4282E-06	-2.1199E-07
3.6290E-10	-4.8380E-10	-3.6570E-07	-7.0724E-07
7.1250E-10	4.1957E-10	6.6077E-07	-1.0558E-07
7.4511E-10	2.9101E-10	-7.1553E-07	-1.4055E-06
-1.0851E-10	1.6809E-09	-1.2532E-06	1.2063E-06
-5.2350E-10	-3.4886E-10	1.1588E-06	1.0810E-06
-5.4498E-10	2.2086E-09	9.9922E-07	-2.1942E-07
-2.1741E-09	-1.7972E-09	7.2632E-07	-3.1299E-07
4.2191E-10	5.7059E-10	5.9170E-07	-4.1197E-07
-1.7899E-09	-1.5996E-09	4.8405E-07	-6.5795E-07
1.1926E-09	-4.6631E-10	-3.4731E-07	1.5286E-08
-1.1494E-09	-9.5163E-10	1.9084E-06	8.6789E-07
1.4835E-09	-4.2436E-10	1.4967E-06	-2.8737E-06
-1.0197E-09	-9.0613E-10	-1.7117E-06	-5.9586E-07
2.0744E-09	-8.4209E-10	9.9737E-07	-3.8944E-08
2.8237E-10	3.8874E-10	-5.7566E-07	-9.3591E-07
1.3126E-09	-4.1408E-10	3.7683E-07	9.5423E-08
1.2139E-09	1.5801E-09	6.0754E-08	-1.9693E-07
-6.8498E-10	1.1961E-09	4.9652E-07	-5.1665E-07
1.0419E-10	9.2287E-11	-9.3853E-07	-2.2285E-06
-8.8294E-10	1.8271E-09	-9.6527E-07	1.7198E-06
-9.9886E-10	-1.4728E-09	1.1513E-06	-6.6891E-07
3.9324E-11	1.3616E-09	-7.3192E-07	5.0370E-08
-1.2576E-09	-1.3856E-09	2.0631E-07	3.3876E-07
2.6436E-10	7.6035E-10	8.5574E-07	7.7525E-07
-1.6642E-09	-1.7896E-09	1.1232E-06	-1.5032E-06
1.5333E-09	-8.0748E-11	-1.2276E-06	-3.2655E-07
-1.4307E-09	-1.6382E-09	-2.2360E-07	6.1479E-07
3.0169E-09	-6.1327E-10	5.5049E-07	1.6329E-06
-1.7261E-10	5.6795E-10	2.5859E-06	-7.7568E-07
1.7668E-09	-1.7204E-10	-7.6159E-07	-1.7361E-06
4.4618E-10	1.6568E-09	-6.6977E-07	5.5151E-07
2.4074E-11	6.1145E-10	1.9031E-07	6.9955E-07
-5.8799E-11	6.9728E-10	4.5975E-07	4.0119E-07
1.2486E-11	1.1677E-09	8.7163E-07	8.5449E-07
-6.5293E-10	3.5001E-10	1.2112E-06	-8.7759E-07
-7.1573E-10	1.2498E-09	-6.8400E-07	4.2058E-07
-9.6365E-10	-3.0260E-10	1.4346E-06	3.1907E-07
-1.3948E-09	6.9922E-10	-8.1040E-07	-2.7847E-08
-1.0766E-09	-2.1501E-09	1.3030E-06	2.2848E-06
6.4159E-10	3.3048E-10	2.3161E-06	-2.7970E-07
-1.0518E-09	-2.1921E-09	8.7948E-07	-5.8392E-07
2.3799E-09	4.2948E-10	6.1550E-07	2.5692E-07
-8.2359E-10	-5.5670E-10	1.5400E-06	3.9639E-08
1.8333E-09	3.5058E-10	5.6495E-07	-2.7419E-07
-4.9258E-10	2.0723E-10	1.5596E-06	7.1899E-07
1.7352E-09	4.4217E-10	1.9252E-06	-9.9669E-07
-7.6756E-10	1.0641E-09	4.2899E-07	-8.8045E-07
1.4029E-09	6.9469E-10	9.7956E-07	1.8400E-09
-1.2724E-09	2.0447E-09	7.7740E-07	-1.2813E-06
-9.7908E-10	2.6526E-10	-6.7931E-07	5.5584E-07
-7.9352E-10	7.2170E-10	1.9776E-06	6.8120E-07
-2.0790E-09	-4.0845E-11	2.6665E-07	-5.9375E-07
-2.2854E-10	-1.4678E-09	1.4370E-06	1.5046E-06
-4.5945E-10	5.4262E-10	2.3701E-06	-5.4996E-07
-7.3398E-10	-1.9478E-09	1.5276E-06	-5.9039E-07
7.5597E-10	7.3528E-10	1.0536E-06	-8.9164E-07
-8.7203E-10	-1.8770E-09	1.3811E-06	4.0510E-07
1.4780E-09	5.6132E-10	2.6330E-06	-1.5022E-06
-5.0449E-10	-1.3502E-09	3.3036E-08	-1.8893E-06
2.6746E-09	9.5841E-10	3.6208E-07	-1.0687E-07
-1.3741E-09	7.0831E-10	6.0927E-07	-2.7620E-07
2.0925E-09	6.4091E-10	1.4175E-06	6.4923E-07
-1.9935E-09	1.9548E-09	2.6887E-06	-1.2122E-06
-1.5841E-10	-4.0347E-10	5.1195E-07	-2.3986E-06
-8.9249E-10	9.4435E-10	-8.5042E-07	-7.2574E-07
-1.1293E-09	-3.1710E-10	1.1188E-07	1.0396E-06
-4.7540E-10	-2.1606E-10	1.7110E-06	6.5218E-07
-7.9733E-10	-2.5125E-11	1.9836E-06	7.7643E-09
-9.1017E-10	-1.0007E-09	2.0683E-06	-8.9565E-07
-3.3193E-10	-4.3694E-10	1.2703E-06	-5.9016E-07
2.5678E-11	-2.0226E-09	2.5160E-06	-7.5566E-07
8.0537E-10	3.2155E-10	1.5426E-06	-2.2436E-06
4.8588E-10	-1.8056E-09	8.8068E-07	-1.4902E-06
2.0260E-09	1.5600E-09	7.0648E-07	-2.1429E-06
-1.0909E-09	-2.7265E-10	-1.0733E-06	-1.0971E-06
1.9736E-09	1.0339E-09	4.8676E-07	1.0808E-06
-1.7933E-09	5.4007E-10	1.9786E-06	-4.5388E-07
1.1480E-09	3.6756E-10	1.2605E-06	-5.6641E-07
-1.4005E-09	5.8927E-10	2.1454E-06	-9.9029E-07
3.7755E-10	3.3540E-10	1.3625E-06	-1.8929E-06
-1.9586E-09	5.9712E-10	1.0719E-06	-1.8111E-06
-1.6540E-10	-1.0416E-09	3.0307E-07	-2.3627E-06
-1.4276E-09	2.4108E-11	-1.1603E-06	-1.1743E-06
-2.5865E-10	-1.9661E-09	3.0107E-07	5.2681E-07
8.1570E-10	-9.3892E-10	7.0183E-07	-8.8863E-07
9.4094E-11	-2.6463E-10	3.2830E-07	7.2683E-07
1.2720E-09	-1.3416E-09	2.6206E-06	-2.8212E-07
8.1079E-10	1.2174E-09	1.5919E-06	-1.6472E-06
6.8633E-11	-1.0673E-09	7.0174E-07	-1.6895E-06
1.6194E-09	1.3075E-09	9.8441E-07	4.3663E-08
-5.1232E-10	-4.5569E-10	2.9548E-06	-2.5008E-06
1.7233E-09	1.9184E-09	-7.7960E-07	-2.9637E-06
-1.6916E-09	1.4388E-10	-1.9834E-07	-9.9039E-07
1.1694E-09	1.4435E-09	-2.2882E-07	-1.3180E-07
-3.0871E-09	4.8614E-10	2.5735E-06	-9.3898E-07
7.9041E-10	-1.1243E-09	-1.9167E-07	-3.1285E-06
-1.9441E-09	6.1952E-10	-9.2988E-08	-9.5871E-07
3.3193E-10	-2.0940E-09	-4.4405E-07	-1.7155E-06
1.2934E-10	1.5217E-10	4.4959E-08	-8.2953E-07
-1.2831E-10	-8.8455E-10	-1.1947E-06	-1.6740E-06
7.2051E-10	-7.7613E-10	-7.3049E-07	8.3900E-07
4.7339E-10	-2.0071E-10	3.5117E-07	-1.7275E-07
1.0543E-09	-7.6151E-10	7.5441E-07	5.2447E-07
1.2489E-09	7.8671E-10	1.3907E-06	-1.2251E-06
8.7031E-10	-1.0584E-10	1.0159E-07	-1.1251E-06
1.0099E-09	2.4991E-09	-5.1270E-08	-1.0547E-06
-1.0754E-09	-2.0906E-10	-5.2850E-07	-4.2194E-07
9.1404E-10	2.1517E-09	-4.4121E-07	4.2927E-07
-2.5520E-09	-1.5951E-10	1.3725E-06	1.1515E-06
1.1499E-09	2.0023E-10	1.8373E-06	-1.3655E-06
-2.1875E-09	4.8361E-10	-6.0682E-08	-8.5711E-07
6.4604E-10	-6.5088E-10	9.8252E-07	-4.3940E-07
-1.6549E-09	8.5296E-11	1.4494E-07	-1.3542E-06
5.2465E-10	-1.0660E-09	-2.0025E-07	7.5465E-08
-8.1735E-10	-4.7188E-10	8.5939E-07	-6.9933E-07
1.2507E-09	-1.5293E-09	-1.0412E-06	-9.5401E-08
8.3228E-10	5.0318E-10	1.5555E-06	1.4511E-06
8.4475E-10	-4.0135E-10	9.8036E-07	-1.3818E-06
1.2786E-09	8.6276E-10	1.2986E-07	1.0124E-06
-8.1090E-11	1.4476E-09	2.0703E-06	-6.2281E-08
1.2637E-10	-2.4094E-10	1.2229E-06	7.3545E-09
2.6038E-10	2.0159E-09	2.7005E-06	-7.2659E-07
-9.9970E-10	-3.6542E-10	1.1972E-06	-2.2550E-06
4.7046E-10	1.6594E-09	1.7280E-07	-1.3405E-06
-2.0103E-09	-1.6438E-10	1.6968E-07	-8.4758E-07
3.0273E-10	8.4692E-10	2.6039E-09	-1.7965E-07
-2.7694E-09	-1.0166E-09	1.2613E-06	4.5706E-07
1.4256E-09	-6.3035E-10	1.5888E-06	-1.1014E-06
-2.0509E-09	-5.6187E-10	5.4286E-07	-6.9086E-07
2.1145E-09	-1.7208E-09	9.5892E-07	-6.5996E-07
-3.5102E-10	1.1837E-09	4.9854E-07	8.1503E-08
8.2632E-10	-1.3787E-09	2.6271E-06	4.6251E-08
7.0964E-10	1.1675E-09	1.6385E-06	-2.4935E-06
4.5694E-11	-8.0066E-11	-1.0454E-07	-8.8989E-07
7.6168E-10	3.7276E-10	1.2989E-06	-3.2795E-07
1.2621E-10	1.2305E-09	1.3119E-06	-7.0762E-07
-3.7476E-11	4.6734E-10	2.1467E-06	-1.0505E-06
-6.8393E-10	1.7146E-09	1.3439E-06	-2.2502E-06
-1.3118E-09	-4.7133E-10	1.1104E-06	-1.6886E-06
-5.2498E-10	1.1722E-09	9.1863E-07	-3.1170E-06
-2.2081E-09	-1.8135E-09	-1.8442E-06	-2.5717E-06
1.3551E-09	1.7064E-10	-1.5304E-06	6.8484E-07
-2.2385E-09	-1.0506E-09	1.3590E-06	1.9228E-07
1.9409E-09	-9.1152E-10	-8.3837E-07	-2.0958E-07
-1.3361E-09	1.3505E-10	2.0409E-06	1.7471E-06
1.4081E-09	-1.4214E-09	2.8120E-06	-2.3489E-06
-1.4639E-10	3.3083E-10	-8.0315E-08	-1.0680E-06
1.6549E-09	-7.2331E-10	2.1833E-06	-1.0870E-06
1.7610E-10	1.1838E-09	3.0123E-07	-2.3609E-06
9.1953E-10	1.8923E-10	5.0032E-07	-1.1322E-06
-1.3890E-10	1.7421E-09	2.4432E-07	-1.4106E-06
-1.0174E-09	4.0744E-10	1.0029E-06	-1.4191E-06
-2.7689E-10	2.5434E-10	-9.5274E-07	-2.4727E-06
-1.1438E-09	6.6049E-10	-1.0197E-06	5.0410E-07
-8.4494E-10	-1.1993E-09	6.2611E-07	-5.8366E-08
7.5241E-11	7.4094E-10	9.9850E-07	2.3503E-07
-1.6466E-09	-1.4556E-09	1.6121E-06	-1.3787E-06
7.2696E-10	-1.0586E-10	2.5280E-07	-1.2112E-06
-1.2754E-09	-1.6907E-09	2.4705E-07	-1.0694E-06
1.9032E-09	-5.8222E-10	1.3672E-07	1.4002E-07
-6.8632E-10	-9.4166E-10	1.6766E-06	-5.7248E-07
3.1141E-09	-2.7085E-10	7.3983E-07	-1.0280E-06
-9.9295E-10	1.2028E-09	1.1168E-06	-7.3788E-07
2.0821E-09	-5.7360E-10	1.5378E-06	-7.8841E-07
-6.0701E-10	2.2162E-09	1.8086E-06	-2.4419E-06
2.8947E-11	-7.1579E-10	-1.9135E-07	-2.4086E-06
2.8025E-10	1.4578E-09	-5.0057E-07	-1.7165E-06
-8.8285E-10	2.1193E-10	-5.7132E-07	-8.8071E-08
-2.7001E-10	3.8333E-10	1.1111E-06	-1.2104E-06
-1.0609E-09	4.3541E-10	-9.0416E-07	-3.6927E-07
-9.0584E-10	-1.0163E-09	2.5108E-06	-6.6661E-08
-4.6688E-10	-7.5540E-11	4.0587E-07	-3.2184E-06
-3.5938E-10	-2.2443E-09	-1.0090E-06	-1.3230E-06
1.3722E-09	3.4938E-10	-1.1031E-06	2.1391E-07
-6.3958E-10	-1.6392E-09	2.0405E-06	3.3952E-07
2.8388E-09	4.3725E-10	-2.0314E-07	-2.3791E-06
-1.4284E-09	1.6307E-10	1.8031E-07	1.0050E-06
2.6694E-09	-4.9240E-10	1.6630E-06	-1.5195E-06
-7.4091E-10	1.4158E-09	4.0731E-07	-8.5731E-07
1.5481E-09	-3.2350E-10	5.1442E-07	-2.1292E-06
-3.1945E-10	1.9056E-09	-1.3475E-06	-1.3245E-08
2.0647E-10	2.1492E-10	1.8015E-06	4.5945E-07
-1.0846E-09	1.5996E-09	9.6317E-07	-1.7782E-06
-8.0124E-10	-6.1572E-10	2.4545E-07	-7.6007E-07
-6.5474E-10	3.3693E-10	6.3379E-07	-9.5644E-07
-8.7297E-10	-7.7079E-10	5.6829E-07	-4.8361E-07
3.6230E-10	-1.0207E-09	1.4259E-06	-1.4560E-06
-3.1383E-11	3.5389E-10	-4.8927E-07	-1.7524E-06
-1.0130E-10	-1.4984E-09	-1.5031E-07	-6.1213E-08
1.2716E-09	4.4813E-10	7.6214E-07	2.3219E-07
-5.2421E-10	-9.6734E-10	2.1970E-06	-9.3326E-07
2.2650E-09	3.3239E-10	1.4457E-07	-1.6932E-06
-3.8030E-10	1.3719E-10	1.7557E-06	-3.5684E-07
2.1766E-09	1.1705E-09	8.0846E-07	-2.7518E-06
-1.4543E-09	1.1311E-09	6.3596E-07	-1.3307E-06
1.3849E-09	5.7399E-10	-8.6623E-07	-3.0258E-06
-2.2947E-09	1.7104E-09	-8.0148E-07	9.8968E-07
4.7801E-10	-1.2403E-09	4.3419E-07	-5.4634E-08
-1.1706E-09	1.6647E-09	-4.1448E-07	-7.5859E-07
-6.2762E-10	-1.3738E-09	7.0578E-07	3.7288E-08
-8.3033E-11	5.0385E-10	1.5338E-07	-1.9800E-06
-1.0152E-09	-6.9189E-10	1.1034E-08	-3.4540E-07
2.2992E-10	-8.9616E-10	6.8415E-07	-3.1291E-07
5.7773E-11	-4.9497E-10	1.4525E-06	-7.9393E-07
7.8636E-10	-1.0738E-09	1.2112E-06	-1.1853E-06
1.1893E-09	7.0963E-10	1.4554E-06	-2.1809E-06
3.0517E-10	-6.0861E-10	-2.3679E-07	-1.8597E-06
1.6094E-09	1.9994E-09	7.8209E-07	-1.2480E-06
-1.5522E-09	-1.2469E-10	5.0413E-07	-1.4102E-06
1.9098E-09	1.0932E-09	1.5711E-06	-2.6983E-06
-2.4011E-09	1.0764E-09	-2.0593E-06	-2.8457E-06
1.3531E-09	-4.7185E-10	3.1224E-07	3.0061E-07
-1.9970E-09	1.8697E-09	2.7207E-07	-2.8693E-06
-1.3908E-10	-1.0699E-09	-9.3706E-07	-9.1726E-07
-1.5266E-09	8.2096E-10	-2.3974E-07	-1.4803E-06
-5.4210E-10	-1.6684E-09	-6.3577E-08	-6.1142E-07
-3.5820E-10	-1.8848E-10	-1.4548E-07	-2.1577E-06
6.6394E-11	-1.7446E-09	-8.7013E-07	-2.5054E-07
1.0475E-09	-8.3364E-11	5.2895E-07	-1.5451E-06
1.9162E-10	-2.8308E-10	-7.3025E-07	-6.0273E-07
9.3487E-10	-4.9466E-10	1.0730E-06	-1.6459E-06
6.7350E-10	1.1579E-09	-1.3648E-06	-1.9476E-06
-1.6585E-10	-7.1920E-10	-3.1753E-07	-5.6507E-07
1.5073E-09	1.3854E-09	-3.0831E-07	-1.2340E-06
-1.1207E-09	4.3672E-10	-2.5682E-07	-1.4080E-06
1.0389E-09	1.0095E-09	-8.4192E-07	-1.3788E-06
-2.1585E-09	8.1034E-10	-1.1687E-06	-1.6452E-06
3.9741E-10	7.9423E-11	-2.1308E-06	2.8558E-07
-2.6508E-09	7.8279E-12	6.6975E-07	-1.0727E-07
8.9878E-10	-1.4107E-09	-1.7316E-06	-1.1602E-06
-1.6373E-09	3.6175E-10	-1.3172E-07	9.6808E-07
7.6946E-10	-2.3221E-09	-3.9683E-07	-1.0083E-06
-1.4847E-11	9.0722E-10	-4.4465E-07	6.9315E-07
7.4923E-12	-1.8989E-09	4.1379E-07	-5.9616E-07
1.0494E-09	8.3733E-11	-2.2411E-07	-3.8698E-07
4.0827E-10	-4.9009E-10	-6.2008E-07	-7.9712E-07
1.2670E-09	-1.3885E-10	-1.0267E-06	1.0254E-06
6.7403E-10	1.0002E-09	1.4158E-06	1.1447E-06
3.9888E-10	3.7062E-10	2.0091E-06	-1.1739E-06
4.6878E-11	1.6321E-09	-2.7712E-07	-2.3645E-06
-1.2046E-09	-3.0971E-10	-1.1561E-06	-2.6564E-07
6.0439E-10	1.1908E-09	-3.9978E-08	-1.8408E-07
-2.4694E-09	-7.2277E-10	-2.1888E-07	-1.3196E-07
1.6364E-09	-1.3453E-10	-8.5012E-09	-2.7358E-08
-2.5257E-09	3.1839E-10	6.1916E-07	3.9266E-07
1.1646E-09	-1.8322E-09	9.4466E-07	-1.0563E-06
-1.2286E-09	7.1812E-10	-1.1941E-07	-1.0396E-07
7.7739E-10	-2.4649E-09	1.6999E-06	-9.7916E-07
4.1160E-10	4.5310E-10	-7.0601E-07	-1.7583E-06
1.1524E-09	-1.4334E-09	4.5297E-07	-2.1740E-07
1.1540E-09	1.0056E-09	-3.1193E-07	-1.7254E-06
3.8911E-10	-9.3889E-11	-6.1870E-08	-3.3475E-07
1.0252E-09	1.0028E-09	-9.0411E-07	-2.0412E-06
-5.1389E-10	8.2248E-10	-1.7628E-06	1.2893E-06
2.2181E-10	-9.8907E-11	1.3762E-06	3.3606E-07
1.5536E-10	1.4726E-09	2.8219E-07	-6.5435E-07
-1.3364E-09	-4.4222E-10	4.4214E-07	-9.9534E-07
7.1885E-10	9.1662E-10	-4.5786E-07	-6.9482E-07
-2.2392E-09	-3.0190E-10	-2.8251E-07	-7.9272E-07
6.9660E-10	-6.9348E-10	-8.6897E-07	6.2425E-07
-1.5398E-09	-5.4246E-10	1.5514E-06	1.0481E-07
1.5907E-09	-1.4170E-09	1.3355E-07	-1.2242E-06
-7.5281E-10	9.3170E-11	5.0946E-07	-6.6610E-07
2.2056E-09	-1.2992E-09	-3.3423E-07	-1.4595E-06
-2.9385E-10	1.4355E-09	-6.1111E-07	-2.9474E-07
1.1425E-09	-1.2773E-09	3.3430E-07	-4.7485E-07
7.3192E-10	1.7752E-09	-6.4672E-07	-1.5453E-06
-1.9161E-11	-4.3242E-10	-1.2453E-06	7.5743E-07
9.5241E-10	1.3425E-09	1.2969E-06	-3.9809E-07
-4.7259E-10	8.7909E-10	-1.0589E-06	-1.1605E-06
-3.7605E-10	6.8728E-10	8.4166E-08	7.2617E-08
-8.6367E-10	8.4612E-10	-6.4890E-07	-1.1203E-06
-1.0831E-09	-5.9926E-10	-1.0642E-06	-2.8811E-09
-3.7711E-10	2.4553E-10	-6.2301E-07	5.5512E-07
-1.0294E-09	-1.4972E-09	5.5294E-08	-2.1301E-08
1.2950E-09	9.0120E-11	-7.6189E-07	6.8214E-07
-1.6528E-09	-8.2149E-10	1.0862E-06	5.6709E-08
2.4338E-09	-7.8239E-10	-1.2127E-06	-1.8115E-07
-1.4413E-09	5.8694E-10	1.1346E-06	8.9814E-07
2.1709E-09	-1.6383E-09	-1.0131E-06	-8.0039E-07
9.9070E-11	1.7503E-09	1.0487E-06	2.0968E-06
1.1026E-09	-8.7835E-10	9.2873E-07	-2.0178E-06
4.0354E-10	2.3365E-09	-1.1082E-06	8.5036E-07
-2.5003E-10	-6.9433E-11	9.7555E-07	-1.2173E-07
-2.7157E-10	1.7744E-09	-3.9349E-07	1.9073E-07
-1.2884E-09	-1.3740E-10	5.1804E-07	1.9218E-07
-1.0657E-10	2.4724E-10	8.1374E-08	4.6789E-07
-1.2729E-09	3.2461E-10	1.1223E-06	7.1409E-08
-4.2638E-10	-1.0810E-09	-7.3039E-08	-6.5344E-07
-1.0904E-10	5.2739E-10	-3.1847E-07	1.0456E-06
-1.4902E-09	-1.4454E-09	2.0513E-06	9.7820E-07
1.4529E-09	-5.4378E-10	1.5561E-06	-1.8006E-06
-1.1478E-09	-7.3258E-10	-6.3466E-07	-1.0511E-06
2.2583E-09	-8.8532E-10	-2.3411E-07	-1.4652E-07
-3.3743E-10	6.0015E-10	-4.3641E-07	3.5977E-08
1.9179E-09	-2.6808E-10	-4.3063E-08	7.6737E-07
-7.7575E-10	1.6975E-09	6.6590E-07	5.1613E-07
1.0528E-09	-6.2670E-10	5.7581E-07	1.7482E-07
-8.4966E-10	2.1634E-09	4.4349E-07	3.0144E-07
-1.4990E-10	-1.0202E-09	1.0329E-06	5.9643E-07
-1.5135E-10	1.7118E-09	1.1730E-06	-7.8417E-07
-1.3733E-09	-4.1504E-10	-5.0421E-07	-2.9542E-08
-2.8551E-10	2.3278E-10	7.3254E-07	9.7668E-07
-1.2897E-09	-4.2161E-10	1.1139E-06	8.4415E-07
-4.5500E-10	-1.0747E-09	2.5482E-06	-5.7966E-08
5.4724E-11	-7.5006E-10	8.2063E-07	-1.4578E-06
1.0291E-10	-1.2567E-09	8.3681E-07	-1.5812E-07
1.1569E-09	8.1565E-11	8.5767E-07	-1.0218E-06
-2.1631E-10	-8.6467E-10	4.2957E-08	-4.9225E-07
1.9213E-09	5.5345E-10	5.4423E-07	6.4818E-07
-1.2355E-09	1.3721E-10	2.1148E-06	-5.8660E-07
2.3535E-09	-3.2954E-10	-1.2639E-07	-9.8823E-07
-1.3205E-09	1.8337E-09	1.9055E-06	8.1142E-07
1.2243E-09	-8.8768E-10	2.3336E-06	-2.4519E-06
-1.0004E-09	2.3905E-09	-2.1985E-07	-2.8257E-06
-6.2831E-10	-1.0362E-09	-1.7255E-06	-1.2135E-06
-7.6308E-10	1.2116E-09	-7.0985E-07	2.0382E-07
-1.1099E-09	-1.5751E-09	-5.5053E-07	6.6614E-07
1.2040E-10	1.3649E-10	1.2730E-06	-4.8468E-07
-7.3980E-10	-1.3213E-09	4.2040E-07	-1.1016E-06
8.6997E-10	-6.2443E-10	-2.4068E-07	2.0583E-06
