jMRUI Data Textfile

Filename: Export_to_jmrui.txt

PointsInDataset: 2048
DatasetsInFile: 1
SamplingInterval: 0.250000
ZeroOrderPhase: 0E0
BeginTime: 0E0
TransmitterFrequency: 1.2326E8
MagneticField: 2.8936E0
TypeOfNucleus:  
NameOfPatient:  
DateOfExperiment:  
Spectrometer:  
AdditionalInfo: 
SignalNames:  


Signal and FFT
sig(real)	sig(imag)	fft(real)	fft(imag)
Signal 1 out of 1 in file
2.3558E-06	-5.2150E-07	-9.2410E-08	4.8955E-07
8.5162E-07	-3.1129E-07	9.7052E-07	6.6053E-07
3.8297E-07	-3.4777E-07	1.2165E-06	6.0592E-08
3.5740E-07	-4.4772E-07	1.2769E-06	-5.5753E-07
-1.0160E-07	-4.7497E-07	3.2295E-08	-8.4066E-07
-2.6428E-07	-3.3466E-07	-9.8204E-09	7.9837E-07
-4.4439E-07	-1.4886E-07	1.3930E-06	2.4479E-07
-2.1912E-07	-2.3337E-09	6.8926E-08	-2.4781E-07
-1.0587E-07	1.6747E-08	7.6305E-07	1.3829E-06
1.1161E-07	-1.0121E-07	1.7058E-06	-3.5084E-08
1.4077E-07	-1.3668E-07	4.7549E-07	1.1895E-07
1.8006E-07	-2.4395E-07	9.8571E-07	6.9617E-07
-3.3821E-08	-2.4932E-07	1.2757E-06	6.5013E-07
-6.4204E-08	-2.5696E-07	1.4764E-06	1.9746E-07
-2.8072E-07	-1.9767E-07	1.0996E-06	4.1696E-07
-2.8253E-07	-4.8177E-08	1.6580E-06	1.9445E-07
-1.9142E-07	-1.3546E-08	9.0948E-07	-8.3308E-08
-5.4072E-08	7.3355E-09	1.0003E-06	6.0125E-07
1.3837E-08	2.3349E-08	1.3403E-06	5.5059E-07
3.7238E-08	-1.6797E-07	1.2899E-06	3.4561E-07
-7.8310E-08	-2.2120E-07	1.1560E-06	8.6241E-07
-1.6855E-07	-1.9722E-07	1.9906E-06	5.8378E-07
-2.5398E-07	-6.7909E-08	1.1044E-06	3.4615E-07
-2.2109E-07	4.3433E-08	1.9336E-06	1.4626E-06
-1.5726E-07	1.2996E-07	2.6680E-06	2.7059E-07
-1.7945E-08	1.2203E-07	2.1306E-06	2.1266E-07
9.0148E-08	2.4250E-08	2.6023E-06	-9.2821E-08
7.1827E-08	-5.0564E-08	2.0247E-06	-7.1069E-07
-2.7317E-08	-6.9655E-08	1.6393E-06	-3.5097E-07
-9.8744E-08	-2.2945E-08	1.7152E-06	-3.1372E-07
-2.3002E-07	-3.3114E-08	1.6853E-06	-1.5321E-07
-2.3797E-07	7.9304E-08	2.1407E-06	-4.4101E-07
-2.9100E-07	1.5729E-07	1.5909E-06	-1.1879E-06
-1.0026E-07	2.7999E-07	7.7532E-07	-9.8743E-07
-4.5328E-08	2.5092E-07	4.5945E-08	-3.6941E-07
1.4615E-08	2.1856E-07	4.7579E-07	1.1393E-06
1.2489E-08	1.3393E-07	1.8371E-06	5.8900E-07
3.9970E-08	7.5637E-08	9.6091E-07	3.5729E-07
2.3014E-08	1.1144E-07	2.0357E-06	1.2999E-06
1.6258E-08	1.3015E-07	2.5663E-06	-2.7528E-07
1.3549E-08	1.9089E-07	1.5062E-06	-3.1948E-07
3.4392E-08	2.0418E-07	1.5260E-06	-2.5034E-09
1.2095E-07	1.3572E-07	1.7614E-06	1.5941E-07
1.7453E-07	6.2699E-08	1.7018E-06	-6.0446E-07
7.9551E-08	3.0995E-08	6.5763E-07	2.3631E-07
7.7559E-08	1.2453E-08	2.2281E-06	8.0709E-07
-2.7475E-08	5.9647E-08	2.0467E-06	-8.9780E-07
-2.4298E-08	6.5391E-08	6.3228E-07	-4.3012E-07
-1.6187E-09	7.4580E-08	8.9091E-07	6.9075E-07
3.4537E-08	1.2152E-07	1.6918E-06	5.4032E-07
1.8811E-08	1.1122E-07	1.2399E-06	3.5594E-07
1.3508E-07	6.4325E-08	1.8106E-06	1.1340E-06
1.7827E-08	2.5742E-08	2.4571E-06	2.5344E-07
2.4968E-08	1.4919E-08	2.0055E-06	6.5029E-08
-4.4792E-08	-6.1468E-09	1.9942E-06	-2.3684E-07
-1.0326E-07	6.6983E-08	1.3360E-06	1.7444E-07
-1.1127E-07	5.8854E-08	2.2894E-06	4.4413E-07
-6.2683E-08	1.6622E-07	1.7108E-06	-5.0843E-07
-3.4535E-08	1.6925E-07	1.4388E-06	7.3771E-07
2.9145E-08	1.5340E-07	2.6698E-06	2.2847E-07
3.5969E-08	1.2101E-07	1.9546E-06	-3.1050E-07
4.5999E-08	1.3571E-07	2.2585E-06	-5.8571E-08
5.6693E-08	9.0727E-08	1.9315E-06	-7.2566E-07
-2.7240E-10	5.7692E-08	1.5342E-06	-3.8230E-07
-6.0420E-08	-5.2174E-09	1.1615E-06	-3.9241E-07
-1.0641E-07	5.3282E-08	1.1895E-06	8.6505E-07
-1.2197E-07	5.1542E-08	2.6828E-06	4.1973E-07
-9.6061E-08	9.1234E-08	2.0890E-06	-4.4771E-07
-1.1843E-07	1.0564E-07	2.0290E-06	-3.0635E-07
-9.3824E-08	1.1839E-07	1.5885E-06	-4.3444E-07
-7.7924E-08	1.3444E-07	1.8867E-06	1.2193E-07
-7.4861E-08	1.6438E-07	2.1964E-06	-5.3129E-07
-8.1788E-08	2.0010E-07	1.7120E-06	-7.3116E-07
-4.2415E-08	2.3860E-07	1.4193E-06	-7.5610E-07
-1.9787E-08	1.9869E-07	9.5601E-07	-4.6348E-07
5.4202E-08	2.0279E-07	1.1961E-06	9.9094E-08
1.2406E-08	1.4262E-07	1.4441E-06	-3.1891E-07
7.1490E-09	1.1101E-07	7.7060E-07	-1.1608E-07
-2.5793E-08	1.1777E-07	9.5856E-07	5.1578E-07
-6.2463E-08	1.1396E-07	1.4723E-06	9.4532E-07
-5.6472E-08	1.5486E-07	2.2380E-06	1.6643E-07
-2.0486E-08	1.2780E-07	1.2643E-06	1.5134E-07
-8.9481E-08	1.7685E-07	2.3036E-06	3.1789E-07
-5.4956E-08	1.8708E-07	1.0675E-06	-4.9202E-07
-1.7510E-08	2.3685E-07	1.7490E-06	1.0589E-06
4.5358E-08	2.2902E-07	2.0453E-06	-5.3395E-07
8.3683E-08	1.5858E-07	1.0955E-06	3.4547E-07
6.2189E-08	9.4579E-08	1.7993E-06	3.6166E-07
3.5682E-08	7.3210E-08	1.8880E-06	1.6506E-07
2.6896E-09	2.9301E-08	1.1893E-06	-3.0725E-07
-2.1665E-09	6.4382E-08	1.1507E-06	1.1026E-06
-3.1604E-08	8.4910E-08	1.9532E-06	5.3279E-07
-1.9863E-08	9.7369E-08	1.8274E-06	1.0965E-06
-8.3409E-08	7.2750E-08	2.7198E-06	2.9666E-07
-1.6434E-08	1.5190E-07	1.9711E-06	6.6441E-08
8.4846E-10	1.6927E-07	1.6942E-06	1.2258E-07
3.0099E-08	1.4762E-07	2.0359E-06	1.3661E-06
7.7021E-08	1.0280E-07	3.4400E-06	-1.5644E-07
6.0961E-09	7.5533E-08	1.7172E-06	-3.3609E-07
-9.5997E-09	6.0865E-08	2.4533E-06	1.0693E-07
-7.0335E-10	6.1583E-08	1.9328E-06	-8.5846E-08
-3.0440E-09	6.4879E-08	2.5731E-06	-5.0262E-08
-3.4936E-08	2.9427E-08	1.9042E-06	-5.3320E-07
-1.0819E-08	5.2027E-08	1.9021E-06	-1.8523E-07
-7.5366E-09	8.4589E-08	1.7262E-06	2.9812E-08
-3.7051E-08	5.2805E-08	2.1998E-06	-2.6823E-07
-3.7822E-08	5.9421E-08	1.0356E-06	-3.0651E-09
-6.3089E-08	3.5865E-08	2.4227E-06	1.1271E-06
-6.4391E-08	1.0509E-07	2.7574E-06	-4.4223E-07
-2.3859E-08	8.4113E-08	1.8624E-06	-2.1663E-07
-3.3152E-08	1.0605E-07	2.3031E-06	1.6845E-07
-2.2185E-08	8.3137E-08	2.4432E-06	-5.4677E-07
-8.1518E-09	8.0158E-08	1.7857E-06	-1.2731E-07
-1.8135E-08	7.7677E-08	2.7860E-06	-3.9415E-07
-3.2301E-08	3.2201E-08	1.4457E-06	-1.1773E-06
-2.4270E-08	5.7765E-08	1.3998E-06	2.3177E-07
-8.9644E-08	3.5940E-08	2.1135E-06	1.2122E-07
-6.2835E-08	4.6836E-08	2.5407E-06	-3.3166E-07
-8.1914E-08	5.9298E-08	1.7286E-06	-9.8301E-07
-8.2180E-08	8.4841E-08	1.6005E-06	-1.0577E-07
-5.5561E-08	1.1920E-07	1.9567E-06	-5.5695E-07
-1.3670E-09	8.3423E-08	1.4352E-06	-5.1675E-07
-2.2685E-08	1.0645E-07	1.3983E-06	-2.0619E-07
-5.5666E-09	8.7805E-08	1.5199E-06	-8.2040E-08
1.0480E-09	2.6405E-08	1.4977E-06	-3.8159E-08
-3.1517E-09	4.9726E-08	1.5427E-06	5.6980E-08
-4.4174E-08	3.5042E-08	1.5957E-06	3.3573E-07
-3.5586E-08	3.0530E-08	2.1009E-06	1.4035E-07
-5.3690E-08	1.2418E-08	1.7627E-06	8.0863E-08
-8.0845E-08	4.0039E-08	2.5318E-06	5.2780E-08
-8.8304E-08	6.1166E-08	1.8476E-06	-1.1239E-06
-7.9503E-08	9.8479E-08	7.3039E-07	-2.5584E-07
-5.6367E-08	1.1620E-07	1.3315E-06	8.9985E-07
1.6530E-09	6.3579E-08	2.4794E-06	2.2486E-07
-1.9499E-08	6.1557E-08	1.3213E-06	-1.5124E-07
4.2667E-08	9.9221E-08	2.1787E-06	9.9689E-07
6.0340E-08	1.3239E-08	2.5261E-06	-1.7952E-07
4.4011E-08	-2.3363E-08	2.3839E-06	1.4939E-07
6.9050E-09	-2.1351E-08	2.6045E-06	-7.7580E-07
-4.5048E-08	1.7583E-08	1.8223E-06	-6.7278E-07
-4.6563E-08	-1.7548E-08	1.7640E-06	-8.1482E-07
-4.3385E-08	6.9607E-08	1.0771E-06	-3.6048E-07
-9.3388E-09	2.8585E-08	1.6476E-06	1.9451E-07
-3.1470E-08	-1.3172E-09	1.8271E-06	-3.3542E-07
-1.0150E-08	-2.7192E-08	1.2204E-06	-1.1024E-07
-1.9697E-08	2.9025E-09	1.8630E-06	4.5018E-07
-2.2771E-08	-2.2774E-08	1.9874E-06	-3.5172E-07
-6.5448E-08	-3.5008E-08	1.5364E-06	9.1831E-08
-4.1017E-08	-2.7600E-08	2.3675E-06	-1.6016E-07
-9.0208E-08	-2.0959E-08	1.3577E-06	-1.2392E-06
-4.7969E-08	-5.2611E-09	2.5780E-07	3.5188E-07
-9.3183E-08	-2.6811E-08	1.8353E-06	9.0397E-07
-7.7746E-08	-1.2754E-08	1.5043E-06	2.3301E-07
-3.1874E-08	3.7752E-08	1.9632E-06	8.6721E-07
-1.3492E-08	4.5259E-08	2.0312E-06	2.8926E-07
-3.3801E-08	6.5433E-09	2.4293E-06	7.4570E-07
-3.9227E-08	2.1332E-08	2.6133E-06	-3.4509E-07
-2.0072E-08	-1.3248E-08	1.9791E-06	9.8090E-08
-1.6415E-08	-1.6310E-08	2.7572E-06	-5.1563E-08
5.1013E-09	3.6224E-09	2.4383E-06	-1.0391E-06
-2.9398E-08	4.7514E-09	1.2183E-06	-7.1325E-07
-1.9133E-08	-4.1951E-08	2.0560E-06	1.3242E-07
-1.9196E-09	-3.2611E-08	1.7371E-06	-1.0720E-06
1.4179E-09	-2.1009E-08	1.1393E-06	-3.6679E-08
-2.7770E-08	-2.5204E-08	1.4489E-06	-2.4254E-07
-2.9024E-08	-3.4273E-08	1.5636E-06	5.5851E-07
-6.7535E-08	-6.5514E-08	2.2049E-06	-6.1291E-07
-8.2784E-08	-5.2510E-08	7.4376E-07	-1.5682E-07
-9.3664E-08	3.1243E-08	1.5737E-06	7.0629E-07
-7.1297E-08	1.8273E-08	2.2270E-06	4.3960E-07
-6.7362E-08	4.3703E-08	2.1431E-06	-6.6209E-07
-3.9586E-08	6.2922E-08	1.1085E-06	-1.2002E-07
-1.3007E-08	2.3240E-08	1.4686E-06	-2.5332E-08
3.6623E-09	-1.5253E-08	9.8286E-07	7.4248E-07
1.6745E-08	2.7347E-08	2.2427E-06	7.5884E-07
5.2776E-08	-3.5948E-08	1.7609E-06	6.1282E-07
1.3338E-08	-4.2066E-08	3.0252E-06	7.3411E-07
-3.2939E-08	-6.7937E-08	2.6445E-06	-6.1735E-07
-4.0124E-08	-4.8213E-08	2.2225E-06	-4.7872E-07
-3.9226E-08	-2.5461E-08	1.8802E-06	-6.8948E-07
-2.1189E-08	-5.5318E-08	1.6863E-06	-4.4290E-07
1.2549E-08	-5.7397E-08	1.6348E-06	-5.1177E-07
2.6688E-08	-3.5777E-08	1.0680E-06	-6.4328E-07
3.0422E-08	-5.2295E-08	7.0341E-07	6.2188E-07
-1.4586E-08	-8.2267E-08	2.0327E-06	5.7275E-07
1.5668E-08	-8.3082E-08	1.4726E-06	3.7093E-07
1.6466E-08	-9.1688E-08	2.5163E-06	5.6941E-07
-6.7176E-09	-8.8492E-08	1.9283E-06	-2.5183E-07
-3.8725E-08	-8.6552E-08	2.6569E-06	1.9918E-07
-5.7532E-10	-6.3010E-08	1.9730E-06	-1.6673E-06
-6.3314E-08	-1.0633E-07	4.3464E-07	-2.7755E-07
-6.1606E-08	-7.9370E-08	1.1988E-06	1.3759E-07
-9.4555E-08	-2.4901E-08	8.4589E-07	6.5923E-07
-5.1064E-08	-2.0607E-08	2.2214E-06	1.0568E-06
-2.5446E-08	-1.5381E-08	2.2322E-06	-4.0303E-07
-4.2593E-08	1.4374E-09	1.2107E-06	-2.1365E-08
-1.0109E-08	-3.1377E-08	1.6345E-06	4.5100E-07
-8.7635E-09	-2.1192E-08	1.9918E-06	3.3208E-07
-1.5552E-08	-7.9203E-08	2.0115E-06	-5.8030E-07
-3.9559E-09	-1.1351E-07	5.6395E-07	-2.1991E-07
-5.4369E-08	-4.2519E-08	1.2949E-06	7.3798E-07
1.0563E-10	-8.8449E-08	8.7371E-07	4.5955E-07
-2.3471E-08	-4.8471E-08	1.7437E-06	1.7943E-06
3.6022E-09	-7.0667E-08	2.6183E-06	8.9345E-08
-1.1145E-08	-5.6785E-08	1.0182E-06	4.2978E-07
-2.5651E-08	-5.6849E-08	2.0652E-06	1.3099E-06
8.2012E-09	-9.1349E-08	2.2342E-06	5.9982E-07
-6.0084E-08	-6.7277E-08	2.4964E-06	7.7664E-07
-3.0218E-08	-7.0592E-08	2.5195E-06	-3.5366E-07
-8.7086E-08	-8.3477E-08	1.1702E-06	1.3858E-07
-5.0082E-08	-1.1909E-08	2.0347E-06	1.0393E-06
7.9752E-10	-7.5413E-08	2.3395E-06	2.8505E-07
-4.8838E-08	-2.2366E-08	1.8447E-06	2.8029E-07
-5.4650E-09	-4.6177E-08	2.0349E-06	7.5553E-07
-1.7303E-08	-4.5193E-08	2.3716E-06	1.4582E-07
2.4161E-08	-4.4508E-08	1.4333E-06	5.0976E-07
-1.3871E-08	-8.7116E-08	2.4519E-06	1.2083E-06
-2.9559E-08	-5.5419E-08	2.7559E-06	5.3439E-07
-2.4429E-08	-7.3514E-08	3.0075E-06	-1.4651E-08
5.5206E-09	-5.4303E-08	1.9466E-06	-3.5428E-07
-9.9996E-09	-2.8702E-08	2.5324E-06	2.1489E-07
1.4119E-08	-9.1189E-08	1.5785E-06	-8.7142E-07
-1.5739E-08	-9.2751E-08	1.1247E-06	9.4819E-07
-1.2605E-08	-1.0511E-07	2.1259E-06	8.1961E-07
4.3584E-08	-6.9795E-08	2.4713E-06	1.1533E-06
-2.0147E-08	-7.0967E-08	3.1668E-06	2.1051E-07
-2.1613E-08	-8.2596E-08	2.7421E-06	-2.5133E-07
-1.6823E-08	-8.8218E-08	1.9458E-06	-7.7464E-07
-4.8712E-08	-1.1970E-07	1.5834E-06	5.7577E-07
-3.2764E-08	-9.4750E-08	2.4341E-06	-1.1834E-07
-1.5416E-08	-7.8593E-08	1.4723E-06	3.3366E-07
1.4564E-08	-6.0947E-08	2.3207E-06	3.0338E-07
-2.2217E-08	-6.1526E-08	1.4263E-06	4.6070E-07
-2.4657E-09	-6.7833E-08	2.4285E-06	1.1258E-06
-1.8232E-08	-1.0043E-07	2.5625E-06	6.3990E-07
2.6086E-08	-1.0615E-07	3.0170E-06	3.5630E-07
-2.2819E-08	-7.0071E-08	2.3289E-06	1.9766E-08
-3.3391E-08	-6.9335E-08	2.9496E-06	4.2003E-07
-3.9666E-08	-9.5861E-08	2.5141E-06	-5.8514E-07
-2.9825E-08	-9.8242E-08	2.1910E-06	2.7061E-07
-2.3187E-08	-6.5454E-08	2.7026E-06	-2.6989E-07
-3.9674E-08	-8.2217E-08	1.9704E-06	-2.4333E-07
-1.7533E-08	-5.5263E-08	2.1723E-06	1.0595E-07
-1.6013E-08	-6.1077E-08	2.1304E-06	7.0490E-08
-4.3609E-08	-4.7658E-08	2.2918E-06	1.6018E-07
6.6741E-09	-1.0757E-07	2.0665E-06	1.8642E-08
-2.3510E-08	-4.6321E-08	2.2225E-06	6.6543E-07
-2.9773E-08	-6.2966E-08	2.9790E-06	2.0890E-07
-3.2331E-08	-8.1277E-08	2.7492E-06	-2.0992E-07
-4.1537E-08	-6.2285E-08	2.6546E-06	-8.9562E-07
-2.6948E-08	-5.7675E-08	1.0443E-06	-5.7760E-07
-1.4032E-08	-3.4609E-08	1.9334E-06	1.0068E-06
6.4642E-09	-4.3161E-08	2.3856E-06	-6.1881E-09
-2.0635E-08	-3.7963E-08	2.0925E-06	8.8825E-07
1.7402E-08	-4.3781E-08	3.4802E-06	1.1043E-07
1.1975E-08	-6.3474E-08	2.1139E-06	-6.1870E-07
1.8143E-08	-7.4057E-08	2.5550E-06	4.2259E-07
3.5592E-08	-8.9407E-08	2.5611E-06	-6.6389E-07
1.2605E-08	-1.1856E-07	1.9570E-06	3.7813E-07
1.3193E-08	-1.0474E-07	3.2782E-06	-2.1537E-07
-3.6482E-09	-8.7342E-08	1.8582E-06	-8.9342E-07
3.2150E-09	-8.1565E-08	1.9677E-06	4.1737E-07
4.3327E-08	-1.0426E-07	2.8239E-06	2.0343E-07
-1.4234E-08	-9.3429E-08	2.9347E-06	-6.2918E-07
6.8360E-09	-1.0637E-07	1.9947E-06	-5.7846E-07
-4.6805E-09	-1.0988E-07	2.7065E-06	-2.5784E-07
1.2055E-09	-1.1004E-07	1.9280E-06	-1.0710E-06
1.1894E-08	-1.2624E-07	1.9368E-06	-6.1641E-08
1.2239E-08	-9.4478E-08	1.9121E-06	-6.3689E-07
6.7073E-09	-3.4349E-08	1.9687E-06	2.5109E-07
-6.0467E-09	-6.2514E-08	2.3304E-06	-6.7464E-07
9.3304E-10	-6.4430E-08	1.7576E-06	-5.3789E-08
3.8973E-09	-8.3547E-08	2.1600E-06	-5.9343E-07
8.5504E-09	-7.5382E-08	1.4888E-06	1.1305E-07
-1.6068E-08	-7.4529E-08	2.3566E-06	-1.8747E-07
2.4530E-08	-1.1437E-07	1.8565E-06	8.7137E-08
-2.9146E-08	-7.8702E-08	2.7484E-06	-8.5893E-07
-2.8138E-08	-7.5249E-08	4.6482E-07	-6.8244E-07
-3.8259E-08	-5.6598E-08	2.0058E-06	9.0904E-07
1.1753E-08	-8.0009E-08	1.5684E-06	-3.9100E-07
-1.3926E-09	-8.7070E-08	1.8634E-06	1.1443E-06
2.1357E-08	-6.9788E-08	2.6936E-06	-3.5436E-07
2.7945E-09	-4.9760E-08	1.2055E-06	2.3760E-07
3.6564E-08	-8.7102E-08	2.7168E-06	9.9353E-07
-4.7729E-08	-3.9866E-08	2.4876E-06	-5.5301E-07
4.5229E-09	-7.5038E-08	1.8357E-06	6.7154E-07
-3.6636E-08	-3.9325E-08	3.2731E-06	-1.9928E-07
5.0848E-09	-3.8732E-08	1.4341E-06	-3.8286E-07
-1.7094E-08	-6.5365E-09	3.0245E-06	6.7110E-07
1.7474E-08	-3.4776E-08	2.0557E-06	-1.2616E-06
1.6241E-09	-8.4543E-09	1.6198E-06	9.8481E-07
5.5824E-09	-6.3322E-08	3.3437E-06	-1.0393E-07
2.4580E-08	-6.1278E-08	2.2979E-06	-5.8343E-07
4.9577E-08	-6.2380E-08	2.2296E-06	-5.1236E-07
-1.1532E-08	-6.8539E-08	2.0648E-06	-3.7336E-09
7.6483E-09	-8.1082E-08	2.6560E-06	-6.3681E-07
3.7267E-08	-6.5624E-08	1.5317E-06	-3.2788E-07
-5.8119E-10	-2.8557E-08	2.9191E-06	-1.0306E-07
-1.6543E-08	-5.4436E-08	1.4654E-06	-1.4361E-06
-1.4333E-08	-5.2194E-08	1.5811E-06	7.7006E-07
7.4838E-09	-7.2924E-08	2.7315E-06	-8.2435E-07
1.3218E-08	-5.6652E-08	1.3027E-06	-2.7864E-07
1.1065E-08	-6.5350E-08	2.0526E-06	-4.9510E-07
-1.4502E-08	-4.7224E-08	8.9232E-07	4.9641E-07
-3.8309E-08	-6.9695E-08	3.4310E-06	4.4059E-07
-1.4980E-08	-8.0065E-08	1.4762E-06	-1.3433E-06
9.5608E-09	-5.9979E-08	1.8593E-06	6.5167E-07
-1.5578E-08	-6.8557E-08	2.0793E-06	-5.5965E-07
9.2830E-09	-6.1931E-08	2.0544E-06	2.3728E-07
-2.0625E-09	-3.3129E-08	1.8604E-06	-6.2792E-07
-2.2980E-09	-5.6333E-08	2.1346E-06	7.2629E-07
2.9961E-08	-5.9828E-08	2.8467E-06	-1.2816E-06
2.0423E-08	-4.0015E-08	8.7151E-07	-3.5211E-07
3.1097E-08	-1.6584E-08	2.3417E-06	-6.2830E-08
-1.9486E-08	-3.9841E-08	1.3908E-06	-6.5695E-07
2.0161E-08	-9.0240E-08	1.6486E-06	3.2537E-08
4.4019E-09	-6.1444E-08	1.4391E-06	-1.5356E-07
2.5146E-08	-1.0525E-07	1.8956E-06	5.2960E-07
1.3360E-08	-2.3310E-08	2.4269E-06	-6.0753E-07
1.3564E-08	-6.9421E-08	9.2853E-07	-5.1565E-07
1.8344E-09	-3.0633E-08	1.8230E-06	5.2020E-07
-3.1463E-08	-5.4009E-08	1.6037E-06	-6.3336E-07
-2.5516E-08	-2.4604E-08	1.2239E-06	3.8496E-07
-2.8929E-08	-6.4145E-08	1.4914E-06	-3.0823E-07
3.2527E-09	-4.6320E-08	6.4703E-07	8.6112E-07
2.6844E-09	-2.5518E-08	2.1126E-06	9.3090E-07
6.0302E-09	-2.1453E-08	1.5894E-06	4.6725E-07
-2.4287E-08	-2.4322E-08	1.8302E-06	9.4522E-07
1.4493E-08	-2.2083E-08	2.2418E-06	1.0643E-06
4.1296E-09	-4.3051E-08	2.7324E-06	4.7761E-07
5.2471E-09	-5.8470E-08	2.3080E-06	4.8192E-07
3.2842E-08	-4.3910E-08	3.0031E-06	3.1699E-07
5.3077E-09	-1.8186E-08	2.7177E-06	-4.2656E-07
8.5528E-09	-3.5869E-08	2.1744E-06	-8.6197E-07
-4.4129E-09	-3.4328E-08	1.1913E-06	-1.0147E-07
1.1880E-08	-4.4912E-08	2.2347E-06	3.6616E-07
2.6344E-08	-3.7481E-08	1.8129E-06	-3.9335E-07
1.3493E-08	-5.4504E-08	1.5816E-06	5.6952E-08
-7.8011E-09	-1.2501E-08	1.2164E-06	2.2412E-07
2.3909E-08	-5.3382E-08	1.6579E-06	1.2288E-06
2.0333E-08	-2.8704E-08	2.6608E-06	7.5817E-07
3.7244E-08	-5.0947E-08	2.3154E-06	1.8281E-08
-9.4299E-09	-3.1706E-08	1.8320E-06	5.6035E-07
-1.2923E-08	-2.9223E-08	2.6532E-06	7.1124E-07
7.5183E-11	-2.6851E-08	2.5646E-06	2.0092E-07
1.1539E-08	-5.2536E-09	2.7807E-06	1.4079E-07
3.6237E-09	-3.4157E-08	2.5305E-06	-2.8612E-07
3.4903E-09	-3.0570E-08	2.5821E-06	-5.2259E-07
2.7214E-08	-1.8127E-08	1.3468E-06	-7.4668E-07
5.6492E-08	-2.9754E-08	1.9086E-06	8.2521E-07
3.9551E-08	-4.7913E-09	2.5446E-06	-6.8931E-07
3.3465E-08	-3.1296E-08	1.0900E-06	-1.0224E-07
3.0514E-09	-4.8738E-08	1.7781E-06	3.5894E-07
3.6367E-08	-5.6309E-08	1.5128E-06	7.1095E-07
2.0803E-08	-6.4062E-08	2.7115E-06	7.2567E-07
2.3265E-08	-6.2316E-08	2.0750E-06	-1.7868E-07
4.5675E-08	-5.4312E-08	2.0972E-06	5.8288E-07
1.3657E-08	-5.2529E-08	2.3940E-06	1.3940E-07
-3.4046E-08	-4.9697E-08	2.3927E-06	1.7676E-07
1.3249E-09	-4.3434E-08	2.1708E-06	-4.9943E-07
2.9728E-08	2.9095E-10	1.2345E-06	2.5603E-07
-1.1346E-08	-1.4200E-08	2.2385E-06	1.0694E-06
-2.0917E-09	-5.9262E-08	2.9601E-06	2.0525E-07
-8.7166E-09	-2.6712E-08	2.3241E-06	-5.9746E-07
2.6252E-08	-3.1172E-08	1.4875E-06	-7.0723E-08
3.6379E-08	-4.0102E-08	1.9931E-06	5.7540E-07
3.7855E-09	-2.1888E-08	2.3120E-06	5.4972E-08
1.6127E-08	-2.7812E-08	1.7792E-06	3.9640E-09
9.6347E-09	-6.6280E-08	1.8122E-06	3.9116E-07
3.7459E-09	4.5632E-09	1.7980E-06	4.7747E-07
-2.6584E-08	-1.2839E-08	2.0786E-06	8.8045E-07
3.5937E-10	-2.0957E-08	2.4525E-06	6.0144E-07
2.9869E-08	-2.0327E-08	2.5209E-06	6.0672E-07
7.2832E-09	-3.5460E-09	2.7132E-06	7.9895E-08
1.2653E-08	1.1703E-08	1.9992E-06	1.6791E-07
3.1298E-08	-3.6574E-08	2.4949E-06	7.8565E-07
1.1144E-08	-2.0232E-08	3.0531E-06	1.1487E-07
1.6324E-08	1.2746E-08	2.3339E-06	-4.4060E-07
1.2004E-08	8.5418E-10	2.1552E-06	3.0092E-07
1.1928E-08	-2.2134E-08	2.5003E-06	-3.6191E-07
4.5318E-08	-4.5535E-08	1.3070E-06	3.7353E-07
1.3933E-08	-3.4022E-08	3.0955E-06	9.9650E-07
-8.3043E-09	-4.7451E-08	2.4633E-06	-6.9636E-07
-1.1689E-08	-2.3238E-08	2.0479E-06	5.6369E-07
-1.0076E-08	-3.0253E-08	2.7422E-06	-2.0863E-07
2.1047E-08	-2.5038E-08	1.8863E-06	-1.9563E-08
9.8873E-09	-3.6228E-09	2.2293E-06	2.3335E-07
2.2734E-08	-1.6961E-08	2.2346E-06	2.8748E-07
2.5587E-08	-2.6063E-09	2.2822E-06	-3.3471E-08
3.0464E-08	8.8360E-09	1.7542E-06	5.7498E-07
5.9364E-09	-4.1295E-08	2.8996E-06	7.5771E-07
6.7191E-09	-2.4242E-08	2.4560E-06	-1.7324E-07
6.3627E-09	5.9115E-09	2.1785E-06	7.4035E-07
1.0938E-08	1.4255E-08	3.2507E-06	6.7054E-07
5.3281E-08	-1.3216E-08	3.4714E-06	-2.5245E-07
-6.8552E-10	8.2805E-09	2.8951E-06	-1.1538E-06
3.2261E-08	9.7814E-09	1.4807E-06	-7.9119E-07
3.8293E-08	2.0633E-09	1.9601E-06	4.1537E-07
1.5981E-08	2.1251E-09	2.2244E-06	-8.1187E-08
-7.5232E-09	-2.0154E-08	2.3695E-06	4.2602E-07
-4.1472E-09	-4.2116E-08	2.4327E-06	-5.9576E-07
-1.8727E-09	-2.6698E-08	1.4991E-06	6.8889E-07
1.7363E-08	3.4416E-08	3.3433E-06	3.4041E-07
3.4583E-09	-1.9088E-08	1.9771E-06	-2.9685E-07
1.9293E-08	2.0351E-08	3.0711E-06	4.9558E-07
2.5746E-08	-7.0963E-09	2.4361E-06	-8.8386E-07
2.5515E-08	-6.2704E-09	2.2970E-06	1.4189E-07
2.2217E-08	3.0304E-08	2.1927E-06	-6.5966E-07
1.7859E-08	4.8597E-09	1.9233E-06	6.6654E-07
5.7781E-08	1.0333E-08	3.3411E-06	-2.0542E-07
2.4830E-08	-2.6940E-08	2.0662E-06	-1.0676E-06
2.4287E-08	7.0369E-09	1.3022E-06	-8.5797E-08
1.5417E-08	-8.0475E-10	2.2633E-06	1.0949E-06
2.6693E-08	-1.3591E-08	3.5763E-06	-3.5068E-07
3.6672E-08	-3.5310E-08	1.8871E-06	-1.2097E-06
4.7486E-08	1.7487E-08	1.5363E-06	-2.5085E-08
2.9983E-08	-2.3459E-09	1.8445E-06	2.2768E-07
5.5601E-08	-1.4667E-08	2.2343E-06	5.5785E-07
-2.2655E-08	-2.6119E-08	2.8159E-06	1.4989E-07
1.8561E-08	-2.3947E-08	2.4682E-06	-4.3025E-07
2.0978E-08	-8.1653E-09	2.1486E-06	4.1744E-08
3.1481E-08	-2.0230E-08	2.8747E-06	-1.6061E-07
8.8694E-09	-1.1090E-08	2.2813E-06	-8.7354E-07
2.7235E-08	-3.2704E-08	1.9946E-06	-5.9197E-07
2.9415E-08	-2.0497E-08	1.2913E-06	-7.0024E-07
4.9234E-08	1.4384E-08	1.2840E-06	7.7278E-07
4.9842E-08	3.6348E-08	2.4834E-06	4.6089E-07
4.9953E-08	-3.4342E-09	2.3439E-06	2.7753E-07
4.1226E-08	1.3188E-08	2.8174E-06	-2.6529E-07
1.4450E-08	7.4275E-10	1.9316E-06	-5.5488E-07
3.0608E-08	3.1124E-09	2.0392E-06	-1.4119E-07
7.4982E-10	2.6818E-08	1.7928E-06	-2.4209E-07
2.5269E-08	2.4170E-08	1.8736E-06	1.6662E-07
3.3420E-08	2.5744E-09	2.2616E-06	1.8029E-08
4.3196E-08	8.2135E-09	1.7094E-06	-6.8265E-07
-7.9848E-09	4.1826E-08	8.4273E-07	8.9702E-07
1.8225E-08	5.2237E-08	3.1425E-06	1.0561E-06
2.1725E-08	-1.7089E-11	2.2664E-06	-5.6400E-07
1.4811E-08	-3.8824E-08	2.1933E-06	4.4268E-07
4.8033E-08	1.5463E-08	2.4590E-06	-3.2714E-07
5.3088E-09	-4.1178E-09	1.9094E-06	-1.9947E-07
1.0478E-08	-3.0839E-08	1.7534E-06	1.7307E-07
8.4535E-09	-8.1371E-09	2.4860E-06	3.1613E-07
4.5920E-09	2.0151E-08	2.0417E-06	-4.5735E-07
2.8461E-08	-6.2283E-09	1.9522E-06	1.5129E-08
5.2820E-09	-4.1109E-08	1.4086E-06	-3.0364E-07
1.8497E-08	1.0556E-08	1.6445E-06	9.4427E-07
2.2177E-08	-1.6426E-08	2.1229E-06	1.1870E-07
-2.8366E-08	-4.1350E-08	1.6624E-06	9.1246E-07
4.6307E-08	-1.0016E-08	2.5937E-06	7.3589E-07
1.1893E-08	-2.1825E-08	2.7359E-06	6.7759E-07
-3.7753E-09	-1.5823E-08	3.1726E-06	-4.7678E-07
2.9630E-08	1.2791E-11	1.5922E-06	-5.8635E-07
2.7381E-08	1.8264E-08	1.9083E-06	5.2483E-07
3.2695E-08	1.5207E-08	2.5072E-06	4.3044E-08
6.5232E-09	2.3149E-09	1.8047E-06	-4.9093E-07
7.0184E-08	6.4081E-09	1.2915E-06	4.4690E-07
2.1569E-08	-2.5726E-08	2.0378E-06	5.9529E-07
6.7195E-09	-2.9104E-08	1.6058E-06	3.5504E-07
4.6417E-08	-1.2790E-08	1.5822E-06	1.2872E-06
2.2783E-08	-8.4107E-09	2.6514E-06	1.4978E-06
1.6445E-08	-1.5687E-08	3.0334E-06	8.5012E-07
2.9505E-08	-1.9175E-08	3.0075E-06	4.8776E-07
2.0287E-08	-1.7603E-08	2.7841E-06	4.9433E-07
-7.3545E-09	-6.6233E-09	3.3868E-06	3.2808E-07
3.9608E-08	-3.6487E-08	2.6842E-06	-3.0904E-07
1.6931E-08	-6.4290E-09	3.2046E-06	3.0481E-07
3.5721E-08	-2.1970E-08	2.7469E-06	-1.3346E-06
2.4800E-08	4.3153E-09	1.4609E-06	6.4026E-08
5.3074E-09	-2.7668E-08	2.3903E-06	1.2950E-07
2.0225E-08	-6.9122E-09	2.0848E-06	5.1907E-07
1.2809E-08	-3.1338E-08	2.9528E-06	1.5443E-07
4.2271E-08	-2.8949E-08	2.2198E-06	-9.6386E-10
1.3379E-08	3.0175E-08	2.7569E-06	2.5919E-07
3.0819E-08	5.3860E-09	2.4912E-06	-3.0583E-07
2.0008E-08	1.9132E-08	1.9906E-06	2.0468E-07
3.7516E-08	-3.1790E-08	3.0002E-06	7.5039E-07
5.3133E-08	-2.3699E-08	3.0969E-06	-8.0822E-07
8.0184E-09	-3.1552E-08	1.9954E-06	-1.2072E-07
2.7180E-08	1.6368E-08	2.6550E-06	-3.3784E-07
1.2275E-08	2.6482E-09	1.9210E-06	-6.5757E-08
2.0643E-08	6.1462E-09	2.4777E-06	-2.2474E-07
2.4376E-08	-3.9954E-08	1.6358E-06	3.7454E-07
4.3473E-08	-2.4182E-08	3.4328E-06	3.5180E-07
3.2395E-08	-5.3015E-09	2.0725E-06	-1.2361E-06
2.6985E-08	-1.6859E-08	1.4016E-06	2.2107E-07
5.4005E-08	2.1438E-08	2.0077E-06	7.5486E-07
2.3745E-08	-1.3630E-10	3.0290E-06	4.0224E-07
4.2978E-09	-4.7802E-08	2.0926E-06	-4.8105E-07
2.4212E-08	-5.0981E-08	2.0725E-06	6.8443E-07
-1.6223E-09	6.8326E-09	2.5610E-06	1.9467E-07
-1.2373E-08	-2.6891E-08	2.2555E-06	5.1043E-07
3.7830E-08	1.6918E-09	2.7775E-06	7.5035E-07
5.0749E-08	-1.2278E-08	3.4989E-06	4.0267E-07
2.9135E-08	-5.7411E-09	3.2142E-06	-7.0422E-07
2.3956E-08	1.6920E-08	2.4259E-06	-3.2375E-07
4.4453E-08	-7.9978E-09	2.7991E-06	-2.5904E-07
4.1466E-08	-1.2332E-08	2.4228E-06	-3.0108E-07
-7.9704E-09	-1.7926E-08	3.0154E-06	-7.3648E-08
4.3596E-10	-3.8478E-08	2.6634E-06	-1.1639E-06
2.4104E-08	-4.3037E-08	1.8069E-06	-2.2135E-07
6.0794E-08	-3.1913E-08	2.8977E-06	-2.6807E-07
3.3301E-08	-5.1507E-08	2.1615E-06	-9.6886E-07
-2.5117E-08	-7.4679E-09	2.0062E-06	-3.7937E-07
2.3876E-08	-2.6557E-08	2.0281E-06	-6.0774E-07
1.9093E-08	-4.9800E-09	1.4312E-06	-2.6788E-07
2.7077E-08	-2.8470E-10	2.0961E-06	7.7017E-07
2.2431E-08	-1.7025E-08	3.1615E-06	-5.4374E-07
1.4365E-08	-3.3925E-08	1.4314E-06	-8.0754E-07
3.5261E-10	-6.5151E-08	2.2307E-06	1.7644E-07
1.1732E-08	-1.6765E-08	1.5250E-06	-8.5372E-07
5.3623E-09	-1.4248E-08	1.3698E-06	1.1117E-06
-1.0532E-08	-3.5142E-08	3.2763E-06	1.3508E-07
4.2272E-08	-1.8688E-08	1.8078E-06	-9.1151E-07
1.7822E-08	-1.2047E-08	1.3607E-06	3.4641E-07
4.5888E-08	-3.2379E-08	2.2277E-06	8.8106E-07
2.1294E-08	8.4225E-09	3.1900E-06	1.9173E-07
1.1703E-08	4.4208E-09	2.5158E-06	-9.8798E-07
2.4929E-08	1.3300E-08	1.5755E-06	-4.5033E-07
-3.6431E-08	-6.7533E-09	1.8196E-06	3.1566E-08
1.2277E-08	-3.3316E-08	2.0502E-06	-2.0782E-07
4.1814E-08	-3.4897E-08	1.1474E-06	-3.8989E-07
2.6139E-08	-2.2069E-08	1.3129E-06	1.3408E-06
2.6897E-08	-2.0096E-08	2.9614E-06	3.7936E-07
3.6634E-08	-9.4793E-09	1.4994E-06	-8.9514E-08
-2.8316E-08	-1.7807E-08	2.0640E-06	8.3117E-07
9.7631E-09	-1.5297E-08	1.8540E-06	5.4734E-07
3.4804E-08	-9.8225E-09	2.6878E-06	1.2129E-06
7.5321E-08	-1.3782E-08	2.6342E-06	-1.1331E-07
3.9125E-08	-1.2200E-08	1.9942E-06	1.0091E-06
2.0187E-08	-1.7596E-08	3.4987E-06	5.6238E-07
5.9145E-09	-2.1534E-08	2.3972E-06	-4.8620E-07
1.7949E-08	-2.8427E-09	2.1145E-06	7.6209E-07
2.5092E-08	2.7528E-10	3.1712E-06	3.9274E-07
3.8754E-08	-3.8863E-08	2.3659E-06	-8.6639E-08
1.2716E-08	9.8624E-09	2.7252E-06	8.8289E-07
-1.0494E-08	-3.8357E-09	3.4980E-06	-1.7676E-08
1.2808E-08	7.8238E-09	2.7744E-06	-3.3145E-07
-2.3186E-09	-3.0216E-08	2.8178E-06	-2.0217E-07
3.3137E-08	-3.3142E-08	2.6599E-06	-1.9968E-07
5.2711E-08	-1.1029E-08	2.9358E-06	-4.0376E-07
5.4864E-09	5.8579E-10	2.1266E-06	-6.5316E-07
-5.9966E-09	-1.8573E-08	2.3689E-06	2.8583E-07
-6.2602E-09	5.2925E-09	2.7269E-06	-3.7372E-07
-1.2284E-09	1.5629E-08	2.2206E-06	2.4936E-08
1.9094E-08	-4.4345E-10	2.9167E-06	1.9380E-07
-2.9983E-10	8.7887E-09	3.2622E-06	-4.3505E-07
1.2672E-08	-2.3434E-08	2.5083E-06	-1.1938E-06
2.3117E-08	-1.4483E-08	2.1334E-06	-1.4017E-07
4.7471E-09	9.5911E-09	3.0195E-06	-1.0304E-06
1.9637E-08	-1.1663E-09	1.2950E-06	-1.2203E-06
1.4099E-08	2.2179E-08	1.4065E-06	8.3510E-09
3.2856E-08	-1.9466E-08	1.6339E-06	5.3907E-07
1.5218E-08	-4.1673E-09	2.9311E-06	5.4147E-07
5.1191E-08	-4.5925E-08	2.4169E-06	-6.0947E-07
3.7711E-08	-5.3856E-08	2.0922E-06	2.9166E-07
-1.1020E-08	-9.3032E-09	2.9803E-06	2.3129E-08
3.1747E-08	1.6157E-08	2.4623E-06	-6.9443E-07
1.6811E-08	-3.5910E-08	2.2397E-06	1.8156E-07
7.4648E-09	-3.1190E-09	3.3090E-06	-5.3753E-07
2.7239E-08	-1.6382E-08	2.0640E-06	-9.2741E-07
3.8621E-08	2.2175E-09	2.9054E-06	-4.9828E-07
2.1134E-09	-2.9096E-08	1.8603E-06	-1.9069E-06
1.0294E-08	7.7321E-09	9.5476E-07	-3.8780E-07
4.0396E-08	5.5984E-09	1.5836E-06	-2.4657E-07
2.5884E-08	1.2636E-08	1.3300E-06	1.6881E-07
4.5183E-08	-3.2070E-08	2.1268E-06	5.8382E-07
2.9611E-08	-4.1379E-08	2.4479E-06	-2.5911E-07
1.4018E-08	4.3016E-10	1.7451E-06	8.5581E-08
5.3933E-08	-1.0902E-08	2.8374E-06	6.2571E-08
4.3995E-08	-1.2661E-09	1.9506E-06	-7.8293E-07
-1.2643E-08	-5.0419E-08	2.1573E-06	-2.1812E-07
1.7295E-08	-2.4743E-08	1.1742E-06	-6.9434E-07
-1.4168E-09	-2.9259E-08	1.7412E-06	1.2445E-06
8.3022E-09	-3.7383E-08	2.9486E-06	-1.3948E-07
-7.7154E-09	-1.7169E-08	2.0819E-06	-1.4270E-07
1.9715E-08	-2.6756E-08	2.4252E-06	7.2157E-08
1.1253E-08	-3.3466E-08	3.1984E-06	-4.4426E-07
4.7204E-08	-2.0977E-09	1.7241E-06	-1.9344E-06
-4.1071E-09	-3.2355E-08	1.0810E-06	1.6808E-07
3.3050E-08	-2.2903E-08	1.9822E-06	-7.6656E-07
-6.4759E-09	-3.1338E-08	1.1202E-06	1.9799E-07
1.0050E-08	-3.2052E-08	2.0681E-06	-7.2727E-07
-4.9183E-09	-3.1291E-08	1.5075E-07	1.1479E-07
5.7470E-08	-4.5392E-08	1.7431E-06	1.0438E-06
3.3613E-08	-9.4930E-09	1.5223E-06	9.2733E-07
1.1166E-08	4.3195E-10	2.9040E-06	7.2874E-07
1.4873E-08	-1.0135E-08	1.6666E-06	-1.2265E-07
-3.1295E-09	-3.4758E-08	2.2904E-06	1.0047E-06
1.4093E-08	-4.1048E-08	2.3251E-06	9.4648E-08
3.0118E-08	-6.6143E-08	2.2634E-06	7.6156E-07
-2.2052E-08	-4.5261E-08	2.9374E-06	3.7534E-07
2.0800E-09	-3.1477E-08	2.8391E-06	-2.7372E-07
1.5790E-08	-1.1863E-08	2.1954E-06	-3.3992E-07
-2.2048E-09	-2.3883E-08	2.1914E-06	-1.0264E-07
2.4089E-08	-9.2373E-09	1.9597E-06	2.8687E-07
9.8015E-09	-2.2481E-08	2.9909E-06	3.4516E-07
3.2711E-08	6.2632E-09	2.5354E-06	-6.0656E-07
8.7314E-09	-6.2351E-08	2.3942E-06	-2.4916E-07
2.2673E-08	1.6462E-08	2.0293E-06	-5.4019E-07
-3.4231E-08	-1.0611E-08	2.0976E-06	2.4491E-07
9.5905E-09	-3.2449E-08	2.6736E-06	-5.8096E-08
1.0493E-08	-3.3869E-08	2.9552E-06	-4.3129E-07
6.4026E-09	-2.1282E-08	2.4014E-06	-1.5388E-06
1.7557E-08	-3.3419E-08	1.0988E-06	-7.9446E-07
-4.1909E-09	-2.3249E-08	1.7676E-06	5.9631E-08
-1.2119E-08	-1.7004E-08	2.0967E-06	-4.4031E-07
-1.7488E-08	-2.8644E-08	1.8487E-06	-5.6128E-07
-4.8247E-09	-5.2529E-08	1.5460E-06	-8.1728E-07
-3.4189E-08	-9.5134E-09	8.8127E-07	-1.6425E-07
1.4051E-08	-2.5638E-08	1.5309E-06	1.9875E-07
6.6570E-11	-7.2649E-09	1.0791E-06	1.6826E-07
3.4970E-09	-2.0963E-08	1.6909E-06	1.0446E-06
7.7202E-09	1.7066E-09	2.2987E-06	5.3771E-07
4.1951E-08	7.2141E-09	2.3839E-06	3.4922E-07
1.2933E-08	-1.7485E-08	2.4940E-06	9.0266E-08
-1.1379E-08	-3.1991E-08	2.5045E-06	-4.4595E-07
-1.1406E-08	1.2692E-08	1.6174E-06	-3.5428E-07
1.1997E-08	2.3591E-08	2.1817E-06	2.3263E-07
-8.1164E-09	-2.3644E-08	2.1893E-06	-1.8092E-07
-2.3500E-08	-1.7680E-08	2.6450E-06	-4.8910E-07
-1.6168E-08	-2.7448E-08	1.1753E-06	-1.1952E-06
1.0934E-08	-1.0540E-08	1.4525E-06	7.6129E-07
-8.7423E-10	-2.3686E-08	2.5009E-06	-3.9804E-07
-1.0830E-08	-1.8969E-08	1.8005E-06	-4.1800E-07
-3.3203E-08	-1.9789E-08	1.7611E-06	-6.9557E-07
8.7733E-09	-3.0290E-08	1.4307E-06	-2.9674E-07
-2.3728E-09	-2.1319E-08	1.5423E-06	-6.0194E-07
-3.0623E-08	-3.2597E-08	1.1231E-06	-4.5815E-07
-8.8872E-09	-2.6593E-08	4.5487E-07	-4.6522E-07
2.9156E-08	7.4263E-09	4.2141E-07	1.3406E-06
-1.7670E-08	-1.1926E-08	2.2054E-06	9.4635E-07
-1.4541E-08	-1.0481E-08	1.7083E-06	1.4478E-07
3.6950E-08	-3.5338E-08	1.4198E-06	3.5116E-07
-9.3648E-09	1.5997E-08	1.5085E-06	9.0712E-07
1.1079E-08	-2.7804E-08	2.2414E-06	8.5518E-07
-7.5146E-09	-3.7452E-08	2.5508E-06	2.1062E-07
-1.6340E-08	2.5870E-08	1.6876E-06	-2.3127E-07
-1.5484E-08	-6.1035E-08	2.0521E-06	9.0057E-07
3.4743E-08	-2.6668E-08	2.7352E-06	-3.3354E-07
-1.9647E-08	-1.9242E-08	1.9852E-06	-3.6340E-07
-1.6734E-09	-3.1780E-08	1.5763E-06	-7.9677E-07
-2.7149E-08	-1.7569E-08	1.2734E-06	5.8859E-07
-5.5592E-08	-1.3742E-08	2.4696E-06	-4.4882E-07
1.3720E-09	-5.1787E-09	1.3103E-06	-2.7067E-07
-2.0871E-08	-2.3968E-08	1.9090E-06	-9.8475E-07
7.3632E-09	-1.1972E-08	-2.1589E-07	-1.8981E-07
1.4997E-08	-1.0019E-08	1.7537E-06	9.3539E-07
-5.1956E-09	-8.7419E-09	1.0265E-06	-1.2442E-07
-7.0480E-09	-4.9487E-08	1.9204E-06	8.3411E-07
-3.8654E-08	-1.0862E-08	1.7565E-06	-9.4501E-07
-3.3445E-08	-1.5373E-08	3.8268E-07	-2.0839E-07
-2.2135E-09	-1.3295E-08	8.8268E-07	6.0293E-07
-1.3611E-08	2.3831E-09	1.2764E-06	1.6303E-08
-4.3892E-08	-2.9474E-09	3.7902E-07	2.8098E-07
-9.3258E-09	-3.4502E-08	1.1815E-06	4.8461E-07
-1.1386E-08	-7.0598E-09	-2.0365E-07	-3.8157E-08
-1.6270E-08	-4.2335E-08	1.0304E-07	2.1631E-06
2.9295E-08	-4.1403E-08	1.4928E-06	1.2450E-06
-1.6529E-08	-3.4956E-08	2.9629E-07	1.3873E-06
4.6332E-08	-3.1165E-09	1.4904E-06	2.5678E-06
-2.3165E-08	-3.5975E-08	1.7857E-06	1.3069E-06
1.3441E-08	-2.9326E-08	1.6026E-06	2.7559E-06
-5.0101E-09	-3.2243E-09	3.9764E-06	1.1082E-06
2.4840E-08	-1.9306E-08	1.2130E-06	4.7073E-08
2.1555E-09	-2.5321E-09	2.4080E-06	1.9253E-06
1.3749E-08	-9.1239E-09	2.2288E-06	1.3621E-07
-7.4315E-09	-1.5185E-08	1.8436E-06	1.3883E-06
-2.4738E-08	-1.3209E-08	2.5611E-06	5.2241E-07
6.4559E-09	1.9972E-08	1.8699E-06	4.8044E-07
4.4211E-09	3.1108E-08	1.6264E-06	6.8780E-07
-2.5086E-08	-2.3518E-08	2.2020E-06	1.1843E-06
-2.4272E-09	-1.0247E-08	2.1223E-06	1.2323E-07
-7.0486E-09	-2.1848E-08	1.6488E-06	9.1031E-07
4.2621E-09	-1.2244E-08	2.2004E-06	1.1120E-07
-2.2283E-08	-3.9648E-08	8.0729E-07	4.2179E-07
6.1439E-09	-1.5549E-08	1.4307E-06	1.2970E-06
-3.5260E-09	-1.3904E-08	1.4936E-06	1.2783E-06
7.1795E-09	-1.9735E-08	2.3291E-06	1.4816E-06
2.3854E-08	-3.4975E-08	2.2471E-06	1.8297E-07
-8.1071E-09	5.7876E-09	8.8365E-07	5.3041E-07
-1.7641E-08	-3.5380E-08	1.1242E-06	1.9120E-06
-2.8822E-08	-1.4929E-08	2.6908E-06	1.7684E-06
-2.3378E-08	1.8755E-10	2.0065E-06	1.0585E-07
-1.3422E-08	-1.2820E-08	8.6294E-07	1.6456E-06
-3.3479E-08	-2.0255E-08	2.2365E-06	1.7138E-06
-1.7268E-08	-1.4708E-08	1.6802E-06	2.0142E-06
-5.1816E-10	-3.6547E-08	3.5482E-06	1.9908E-06
2.8898E-08	-3.1632E-08	2.5343E-06	5.2262E-07
-4.2983E-09	1.9468E-08	2.8749E-06	1.5236E-06
-1.3904E-08	-3.9055E-08	2.9003E-06	2.1245E-07
2.3226E-08	-6.8297E-09	2.1444E-06	7.3553E-07
-3.2718E-08	-2.8347E-08	2.3094E-06	9.8515E-07
-6.9289E-09	-1.3833E-08	3.1075E-06	9.5519E-07
-2.4483E-08	-1.9620E-08	2.2589E-06	-2.9741E-07
-9.3687E-09	-3.5827E-08	1.8013E-06	1.3936E-06
-9.5873E-09	-2.8922E-08	3.3327E-06	6.8210E-07
2.1639E-08	-1.5656E-08	2.5193E-06	-1.7927E-07
6.7881E-10	1.5446E-08	1.7982E-06	-3.6080E-08
2.5147E-09	-3.1423E-08	1.8901E-06	1.0193E-06
-6.4723E-09	-4.3203E-08	2.9874E-06	7.2933E-08
4.0854E-08	-2.1243E-08	1.2906E-06	-6.4176E-07
1.8474E-08	-1.1232E-08	8.9825E-07	9.7868E-07
7.2608E-09	-4.0266E-08	1.8312E-06	1.3493E-06
-2.9236E-08	-1.7245E-08	2.4268E-06	1.1774E-06
-1.2442E-09	-8.9300E-09	2.5851E-06	1.5034E-07
2.1686E-09	-7.3077E-09	1.2479E-06	4.4663E-07
-1.6421E-08	-8.0040E-09	2.3937E-06	1.3904E-06
-1.6383E-08	2.8053E-10	2.4117E-06	1.4423E-07
-1.4252E-09	5.0510E-09	2.2662E-06	4.3399E-07
-3.4541E-08	-3.1165E-09	1.6933E-06	-5.3471E-07
-1.5550E-08	4.2313E-09	9.6475E-07	1.0203E-06
-4.6623E-09	-4.8350E-08	2.4824E-06	5.0241E-07
-2.7977E-08	1.1071E-08	1.1360E-06	-4.3770E-07
9.1038E-09	-1.4112E-08	1.8407E-07	8.8965E-07
-2.7936E-09	6.4071E-09	1.3928E-06	2.2625E-06
-1.9688E-08	-2.1666E-08	2.5199E-06	9.4516E-07
1.2932E-08	-4.7550E-08	1.3779E-06	7.5693E-07
1.2585E-08	-1.9040E-08	1.7467E-06	1.2806E-06
3.2051E-08	-3.0900E-08	1.7395E-06	1.1350E-06
-2.2252E-08	-1.8606E-08	1.8764E-06	1.3988E-06
3.2231E-10	-2.0085E-08	2.5077E-06	1.3299E-06
-3.9539E-09	-1.8622E-08	2.3669E-06	3.0421E-07
-7.9349E-09	-2.0507E-08	1.6362E-06	9.1950E-07
-3.0711E-08	1.5033E-08	2.5409E-06	5.8281E-07
1.6190E-08	-3.2373E-08	1.3658E-06	6.6085E-08
-2.1258E-09	4.6420E-09	1.5483E-06	1.0606E-06
-1.9114E-08	-1.6905E-08	1.7415E-06	5.1749E-07
-4.7129E-08	-3.0987E-08	1.3543E-06	8.9510E-07
-1.0225E-08	-3.5953E-08	1.7885E-06	8.3961E-07
-3.4060E-09	-1.5280E-08	1.3138E-06	6.5171E-07
-3.5114E-08	6.0696E-09	1.4228E-06	1.2757E-06
-4.5534E-09	-6.2201E-08	1.9554E-06	1.0466E-06
1.5987E-08	8.2659E-09	1.8212E-06	5.5089E-07
-1.1855E-08	-2.0801E-08	1.3464E-06	7.3772E-07
-1.4160E-08	-3.8166E-08	1.8981E-06	6.5536E-07
-5.7244E-09	-2.1171E-08	7.2184E-07	1.6019E-07
1.2677E-08	3.7957E-09	1.4075E-06	1.7409E-06
1.2381E-08	1.6000E-08	1.7425E-06	-3.1249E-07
-5.6899E-09	-2.7703E-08	-3.3756E-08	1.1489E-06
3.9355E-08	-3.5050E-08	1.6907E-06	1.0077E-06
1.2017E-08	-2.1596E-08	2.5713E-07	7.8393E-07
-1.8749E-08	-2.0841E-08	1.3444E-06	1.4683E-06
-3.5936E-08	-1.9522E-08	6.7878E-07	6.5415E-07
-4.6799E-10	-7.2422E-09	9.2381E-07	1.2813E-06
2.3543E-08	-1.2764E-08	5.1812E-07	5.4413E-07
2.1589E-08	-2.9109E-08	-1.4415E-07	1.2058E-06
7.1317E-09	-1.4639E-08	-2.4781E-07	1.9878E-06
-1.9888E-08	-2.2900E-09	9.3321E-07	2.5669E-06
-5.8602E-08	1.3302E-10	1.1181E-06	1.1547E-06
-1.4748E-08	-2.6788E-08	-2.5642E-07	1.6194E-06
-1.7486E-08	-1.3234E-08	7.8070E-07	2.7850E-06
3.4361E-10	-3.8912E-08	1.3948E-06	1.2039E-06
1.6696E-08	1.5100E-08	1.4106E-08	1.4611E-06
1.0374E-08	-4.9624E-08	8.0561E-07	1.1962E-06
-2.9777E-08	1.9682E-08	-1.2692E-06	7.1513E-07
-1.4429E-08	-1.5930E-08	-1.0669E-06	2.5096E-06
2.1330E-08	-2.4991E-08	-1.4323E-06	2.0516E-06
1.0601E-08	-1.1396E-08	-1.7345E-06	3.5810E-06
7.4355E-09	-2.5663E-08	-1.4346E-06	3.9619E-06
-4.2320E-08	-5.4540E-10	-5.6113E-07	5.0739E-06
-2.8498E-09	4.9987E-09	-2.0847E-07	3.8455E-06
-1.8146E-09	-4.1962E-08	-1.1612E-06	5.3262E-06
-1.4384E-08	1.2806E-08	6.1023E-07	5.5676E-06
-5.1460E-08	-1.9938E-08	3.9589E-07	5.1447E-06
-1.6110E-08	-7.8520E-09	8.6076E-07	5.0718E-06
-3.8308E-08	2.4758E-08	8.0577E-08	4.9299E-06
3.0377E-09	4.4205E-08	1.8958E-07	5.9116E-06
-3.1287E-08	3.1906E-09	4.8146E-07	6.2491E-06
3.1586E-08	-2.8571E-08	9.8881E-07	6.7077E-06
-1.5892E-08	-7.9547E-09	1.3095E-06	6.7314E-06
-4.9124E-08	-2.2181E-08	1.5081E-06	7.0435E-06
-7.6838E-09	1.9301E-08	1.8481E-06	7.5283E-06
-2.1786E-09	-3.9043E-08	2.6501E-06	7.7042E-06
1.6777E-08	-1.1465E-08	2.8310E-06	7.9400E-06
4.5935E-09	2.4207E-08	4.4889E-06	8.2649E-06
-3.3954E-08	-2.4042E-08	4.6537E-06	6.2696E-06
-1.1513E-08	3.3722E-08	3.2506E-06	6.9243E-06
-5.8670E-09	1.0252E-08	3.7544E-06	7.9722E-06
1.8891E-08	5.3775E-09	4.9050E-06	8.8933E-06
-2.8125E-08	1.1160E-08	6.2430E-06	7.9223E-06
5.4400E-08	-8.5337E-09	5.9144E-06	8.5781E-06
-3.4620E-09	1.0024E-08	8.6680E-06	8.4595E-06
-5.5324E-08	8.5235E-09	8.6317E-06	6.4041E-06
-6.3369E-09	2.1420E-08	8.9786E-06	6.2707E-06
-1.7104E-08	7.5496E-10	9.0426E-06	5.3789E-06
6.3876E-09	-1.1926E-08	1.0009E-05	4.7673E-06
-4.6638E-08	-1.1454E-08	8.7079E-06	2.6982E-06
-3.6354E-08	1.1406E-08	8.0882E-06	4.5417E-06
2.2195E-08	1.7597E-08	9.8243E-06	3.2772E-06
-2.1243E-08	-9.1192E-09	8.6177E-06	2.5787E-06
-1.0560E-09	4.0291E-10	9.3011E-06	2.5865E-06
-1.9483E-08	-8.5341E-09	8.9656E-06	1.2468E-06
-6.4667E-09	-2.4141E-09	8.0685E-06	1.1287E-06
2.6832E-09	5.1250E-09	7.9351E-06	1.1740E-06
-2.0420E-08	-3.6321E-08	7.5778E-06	1.0814E-06
8.1820E-09	-2.2044E-08	8.0461E-06	1.2293E-06
-5.3180E-09	9.4015E-09	7.8210E-06	-7.6612E-08
9.2653E-09	-1.1182E-08	6.9370E-06	2.0068E-07
2.0153E-08	-8.3508E-09	6.8492E-06	-4.9088E-07
-5.3521E-08	1.6725E-08	5.3256E-06	-3.7826E-08
1.0863E-08	1.4160E-08	5.5564E-06	6.2631E-07
-1.3304E-08	2.2452E-08	4.9324E-06	1.2210E-06
2.0000E-08	-7.7208E-09	6.1774E-06	2.0214E-06
-4.5071E-08	-1.1247E-08	6.1166E-06	9.5989E-07
-2.4628E-09	-2.4327E-08	5.7200E-06	1.8556E-06
-1.5591E-09	1.9363E-09	6.8691E-06	1.8961E-06
3.6287E-09	-7.2793E-09	6.9067E-06	9.2723E-07
1.3918E-08	-1.3180E-08	6.2998E-06	1.0291E-06
1.2401E-09	1.1234E-08	6.4684E-06	1.3145E-06
2.4618E-08	-6.5873E-09	6.6881E-06	1.9302E-06
5.2776E-09	2.9402E-08	8.6478E-06	1.6875E-06
1.0139E-08	1.5393E-08	8.8714E-06	-5.3009E-07
-5.7490E-11	-1.3700E-08	8.3159E-06	-1.8306E-06
7.0572E-09	-2.3236E-08	6.2535E-06	-3.3436E-06
-7.3789E-09	-1.7521E-08	4.3905E-06	-1.8631E-06
1.1598E-08	4.7744E-09	4.3245E-06	-1.3622E-06
7.3399E-09	2.8595E-08	3.7292E-06	-4.7113E-07
-2.0497E-08	-2.5057E-08	3.6766E-06	-3.3380E-07
6.1612E-10	3.3185E-08	2.5053E-06	1.4648E-06
-1.4258E-08	-2.0541E-08	5.0075E-06	3.4838E-06
-5.3946E-09	-1.5471E-08	6.9675E-06	1.7692E-06
-5.7392E-09	-1.1069E-08	6.2328E-06	5.8818E-07
9.3666E-09	-4.5223E-09	6.2804E-06	1.1703E-06
8.3488E-09	1.0523E-08	6.8838E-06	1.4518E-07
-5.8413E-09	-4.6389E-08	6.1729E-06	3.4656E-07
-9.9328E-09	-2.0205E-08	7.4606E-06	-5.4389E-07
-3.7697E-08	4.7469E-09	5.3411E-06	-1.8092E-06
-1.2530E-08	-6.8957E-09	5.1720E-06	-2.8049E-07
-1.8249E-08	9.8068E-09	5.1043E-06	-7.4382E-07
7.4050E-10	-7.5780E-09	5.1022E-06	-1.3794E-07
1.2129E-08	-2.4965E-08	4.7460E-06	-4.5480E-07
-2.3973E-08	-1.8008E-08	5.1706E-06	7.0290E-07
-3.7789E-08	-1.3357E-08	5.8271E-06	-4.2798E-07
1.6203E-08	-1.1140E-09	5.3312E-06	-3.0900E-07
-2.0998E-08	1.7829E-09	5.1080E-06	-8.9514E-07
-2.7220E-08	9.4389E-09	4.8868E-06	2.4806E-07
-2.3882E-08	-3.5958E-08	5.8995E-06	-1.0792E-06
-2.6122E-08	2.6457E-08	4.1986E-06	-7.6227E-07
-6.8338E-10	6.8187E-09	5.4375E-06	-8.0724E-07
-1.1719E-09	-2.4153E-08	3.5553E-06	-1.4829E-06
-6.0199E-09	1.2736E-08	4.1926E-06	2.3254E-07
1.4202E-08	1.1982E-08	4.5039E-06	-1.2359E-06
-1.7832E-08	3.8753E-09	2.9168E-06	-1.0852E-06
-8.4149E-09	1.4141E-08	2.3526E-06	2.9896E-07
-2.0519E-08	-2.4915E-08	3.2936E-06	1.0396E-06
-1.6624E-08	-1.2898E-09	3.0635E-06	7.6472E-07
4.4405E-09	-8.9939E-09	3.2091E-06	1.6225E-06
5.1190E-09	2.5757E-09	3.4230E-06	1.6328E-06
-8.2965E-09	-1.3945E-08	3.7280E-06	1.9067E-06
1.7484E-08	-6.1331E-09	2.8355E-06	1.5728E-06
-2.1806E-08	2.4542E-08	2.1953E-06	4.0448E-06
-1.1061E-08	-1.7729E-08	4.1644E-06	5.7606E-06
-2.0313E-08	2.7573E-10	6.6480E-06	6.2358E-06
-6.7414E-09	6.6580E-09	8.5237E-06	4.9030E-06
-1.7487E-08	-9.7691E-10	9.6963E-06	4.3171E-06
-1.1196E-08	2.8632E-08	1.1010E-05	1.9925E-06
-1.9965E-08	4.3698E-08	1.0165E-05	9.1711E-07
1.4356E-08	-1.9667E-08	1.0962E-05	-1.6111E-07
2.6350E-09	2.6849E-09	1.0234E-05	-1.7006E-06
1.1640E-08	9.1028E-09	1.0014E-05	-2.9758E-06
1.9106E-08	-2.5113E-08	8.0523E-06	-4.2219E-06
-6.3421E-09	-2.4554E-08	6.9432E-06	-3.8546E-06
-2.2608E-08	2.5719E-09	5.6294E-06	-3.9508E-06
8.4076E-09	-2.9879E-08	4.7001E-06	-2.7209E-06
-1.8496E-08	-6.8385E-09	5.0772E-06	-1.7501E-06
-9.7914E-09	2.5896E-09	5.6407E-06	-2.2409E-06
1.1790E-08	1.1320E-08	4.4983E-06	-2.1053E-06
-2.0391E-08	2.9543E-08	5.3583E-06	-1.4282E-06
5.8938E-09	-1.6526E-08	4.4417E-06	-2.2850E-06
-3.8109E-08	-2.4027E-08	4.6445E-06	-3.2404E-07
-9.5980E-09	-6.6511E-10	6.2832E-06	-1.7859E-06
-9.5571E-09	3.6395E-09	4.4543E-06	-2.6519E-06
-7.3590E-09	3.5606E-08	3.9808E-06	-1.3879E-06
-1.6631E-08	2.1429E-09	4.4807E-06	-1.3212E-06
2.5445E-11	1.4410E-08	3.7174E-06	-1.3196E-06
-2.5526E-08	2.9428E-10	3.8885E-06	4.9054E-08
1.6510E-08	-1.2873E-08	4.9064E-06	9.0111E-08
-3.5568E-09	-3.2599E-08	5.3323E-06	-9.7670E-09
-1.1621E-08	-8.4550E-09	5.8109E-06	-4.0140E-07
-1.2549E-08	2.5924E-08	5.9751E-06	-9.4534E-07
6.4301E-09	7.2644E-09	5.4284E-06	-1.2769E-06
7.6619E-10	5.2426E-09	6.0368E-06	-6.6944E-07
-4.7188E-10	2.8152E-08	6.4912E-06	-2.5248E-06
2.3926E-09	-4.2330E-08	4.5437E-06	-2.6795E-06
-2.1782E-08	-6.3394E-09	4.3393E-06	-1.9242E-06
-8.8750E-09	1.4742E-08	3.9813E-06	-1.1573E-06
-2.2212E-08	-1.7442E-08	5.2219E-06	-7.7992E-07
8.7722E-09	1.4681E-08	4.9802E-06	-1.6117E-06
2.7335E-08	-4.6545E-10	5.4671E-06	-1.1645E-06
3.8993E-09	2.3133E-08	5.3431E-06	-2.8695E-06
1.8190E-08	1.7215E-08	3.6265E-06	-1.8974E-06
-4.7449E-09	-2.2889E-08	4.9853E-06	-1.2082E-06
1.3973E-08	-1.5446E-08	5.0811E-06	-2.1469E-06
1.1455E-08	3.0489E-08	4.9821E-06	-3.0274E-06
2.8043E-09	-5.2233E-08	2.9627E-06	-3.3512E-06
7.1296E-10	1.8057E-08	3.0074E-06	-1.5369E-06
1.8404E-08	-5.4295E-09	3.3645E-06	-2.1724E-06
1.5954E-08	-1.7016E-08	2.6581E-06	-1.6000E-06
-3.0050E-08	-7.4820E-09	2.8337E-06	-1.2683E-06
3.1582E-08	-2.0553E-09	2.9843E-06	-9.6351E-07
-5.1485E-09	-2.5962E-08	2.7589E-06	-1.3820E-06
-1.4247E-08	1.1777E-09	1.8778E-06	-3.6398E-07
4.0753E-08	-1.2054E-08	2.9465E-06	9.4490E-07
-2.3618E-08	-1.6427E-08	4.4360E-06	-2.8874E-08
1.4390E-08	-3.0146E-08	2.8150E-06	-1.0124E-06
2.4632E-08	-9.5705E-09	3.0844E-06	1.1235E-06
-3.0125E-08	-3.9353E-08	4.2190E-06	-1.6292E-07
-4.1637E-08	-4.0579E-09	3.2372E-06	4.1548E-07
-1.9847E-09	-5.0696E-08	3.9950E-06	2.2361E-07
2.4919E-08	-2.5951E-08	3.4190E-06	1.1089E-06
-4.5012E-09	-4.5247E-08	5.6113E-06	6.7093E-07
4.6397E-09	-2.1226E-08	4.1411E-06	-1.1520E-06
-1.0534E-08	-8.4360E-09	3.2558E-06	-1.3071E-07
1.5910E-08	-2.8531E-08	2.7662E-06	3.8518E-07
2.7593E-09	-3.3223E-08	2.7046E-06	1.6760E-06
4.1592E-08	-1.6769E-08	3.1585E-06	3.2805E-06
-3.0093E-09	-8.3974E-09	5.8492E-06	4.4186E-06
7.2733E-09	-6.4035E-09	7.7174E-06	2.9168E-06
-8.5968E-09	1.1056E-08	8.8698E-06	1.9390E-06
1.8220E-08	-1.7007E-09	9.7054E-06	-6.9983E-07
3.7232E-08	-2.5167E-08	7.6744E-06	-2.7896E-06
-5.3308E-09	6.9294E-10	5.8489E-06	-1.8264E-06
-1.1396E-08	-1.3369E-08	6.7023E-06	-1.3703E-06
-2.6349E-09	1.6333E-08	6.0323E-06	-2.4144E-06
-1.9100E-08	2.3795E-08	5.6834E-06	-1.8298E-06
1.5925E-08	2.2849E-09	5.2187E-06	-2.7935E-06
-8.1366E-09	-2.5587E-08	3.4613E-06	-1.4021E-06
1.5026E-08	-1.2398E-08	4.7651E-06	3.3773E-07
-8.5331E-09	-1.3272E-09	6.2718E-06	6.6517E-08
-1.7553E-08	-1.7107E-08	6.9811E-06	-1.2335E-06
-1.2164E-08	2.7640E-08	6.1974E-06	-1.8701E-06
-1.5673E-08	1.5806E-08	6.5538E-06	-1.8414E-06
-4.1802E-10	-1.3478E-08	6.3320E-06	-2.8433E-06
2.0797E-08	-3.2277E-09	5.9399E-06	-3.2219E-06
-2.2867E-08	-2.5212E-08	4.8493E-06	-4.0265E-06
1.5894E-09	1.0204E-08	3.6679E-06	-3.0122E-06
-1.1427E-08	1.0776E-08	4.0203E-06	-2.5885E-06
5.1601E-09	-3.0869E-08	3.5725E-06	-2.7074E-06
-2.7116E-09	-2.0439E-08	2.9040E-06	-2.0982E-06
-4.7467E-09	3.6779E-09	3.2334E-06	-9.2282E-07
-1.1985E-08	4.5889E-09	4.0268E-06	-1.0412E-06
-6.9188E-09	1.0269E-08	4.1559E-06	-8.4567E-07
-1.0667E-08	8.5533E-09	4.9700E-06	-1.4505E-06
-1.3687E-09	-2.8286E-09	4.0845E-06	-2.0784E-06
3.9656E-09	3.4836E-08	4.0126E-06	-1.5847E-06
-2.7058E-09	1.8149E-08	3.8073E-06	-1.8628E-06
-1.5262E-08	-3.1071E-08	3.5284E-06	-1.4689E-06
-2.3421E-08	1.9973E-08	3.4950E-06	-1.3675E-06
-1.1937E-08	-2.2212E-08	3.4352E-06	-1.0496E-06
-1.9272E-08	-1.5223E-08	3.3232E-06	-9.3507E-07
9.5362E-09	-1.3440E-08	3.4620E-06	9.8829E-09
2.9333E-08	-1.1990E-08	4.9451E-06	-2.3408E-07
3.1335E-09	3.2450E-09	4.7003E-06	-1.6634E-06
1.0026E-08	-1.6928E-08	3.7463E-06	-1.9145E-06
-5.1122E-09	1.4569E-08	2.5998E-06	-1.6179E-06
-1.0882E-08	-1.1517E-08	2.2446E-06	3.4687E-08
2.6529E-08	-1.2007E-08	3.5088E-06	7.6602E-07
-2.8175E-08	-1.7230E-08	4.1217E-06	2.2592E-07
2.1325E-09	3.5152E-09	3.8445E-06	7.7809E-08
9.5002E-09	-1.4675E-08	4.1109E-06	3.8469E-07
8.7547E-09	-3.5384E-08	4.0700E-06	-1.0467E-07
3.0741E-08	3.2894E-08	3.3845E-06	4.7598E-07
-2.8150E-08	3.7349E-09	3.8348E-06	1.2686E-06
-1.7021E-09	1.0292E-08	4.3076E-06	1.6682E-06
-9.3239E-10	1.6614E-08	5.2938E-06	1.7527E-06
4.7286E-09	2.6140E-08	5.2558E-06	1.0656E-06
2.9442E-08	2.8545E-08	5.4087E-06	2.2523E-06
1.6395E-08	-4.9779E-09	7.6066E-06	1.1778E-06
1.8056E-08	1.2444E-08	5.8290E-06	-5.9878E-07
1.7555E-08	7.7935E-09	5.3911E-06	8.5667E-07
-3.8574E-09	-2.7701E-08	4.8379E-06	6.4002E-07
-3.8587E-08	-3.2115E-08	4.8597E-06	3.5511E-06
-1.5204E-09	-2.8075E-08	7.7164E-06	3.7035E-06
2.1688E-08	2.3792E-08	8.7181E-06	3.8624E-06
-3.2559E-09	1.4575E-08	1.1643E-05	2.8721E-06
1.8316E-08	-1.5637E-09	1.2208E-05	6.2403E-07
1.1687E-08	1.4540E-08	1.3024E-05	-1.3254E-06
-9.9521E-09	-2.8902E-09	1.1453E-05	-3.7931E-06
2.3460E-09	3.7344E-08	1.0193E-05	-3.3717E-06
4.2764E-09	-8.4958E-09	1.0441E-05	-3.9027E-06
-3.1861E-08	-1.5073E-08	9.8333E-06	-4.5243E-06
-1.1848E-10	-2.7160E-08	9.7777E-06	-4.9785E-06
-4.7479E-09	-3.3520E-10	9.0284E-06	-5.9533E-06
1.0310E-08	-2.4380E-09	8.3094E-06	-6.1526E-06
-3.3572E-09	7.7915E-09	6.9724E-06	-6.6977E-06
-1.5339E-09	9.0348E-09	6.3197E-06	-4.9899E-06
-1.5040E-08	-3.3211E-09	7.5217E-06	-5.7828E-06
-1.8919E-08	-1.1044E-08	5.9178E-06	-6.0489E-06
9.1831E-09	-2.3262E-08	6.3517E-06	-5.4388E-06
1.4930E-08	-7.5355E-09	5.9057E-06	-5.9564E-06
1.4676E-08	3.4451E-09	5.4793E-06	-6.0287E-06
-4.1033E-09	1.6168E-08	4.4875E-06	-5.1747E-06
-1.4254E-08	-1.6568E-08	5.9394E-06	-4.6939E-06
-5.9355E-10	-1.6171E-08	5.2266E-06	-5.7992E-06
-1.4016E-08	-1.0119E-08	5.3023E-06	-5.4537E-06
-5.8418E-09	-1.2810E-08	3.5435E-06	-5.7734E-06
3.2582E-09	3.9985E-08	4.8202E-06	-2.5320E-06
-1.0160E-08	-2.2197E-08	7.1108E-06	-5.4602E-06
-2.1627E-09	-1.2316E-08	4.7735E-06	-5.2631E-06
-2.3256E-08	1.3002E-08	6.5689E-06	-5.2761E-06
-1.1308E-08	8.2631E-09	5.1575E-06	-6.4337E-06
-7.1556E-09	-2.7475E-08	5.8542E-06	-5.9191E-06
2.3858E-08	-7.8581E-09	4.5559E-06	-7.3799E-06
-6.1769E-10	-1.7514E-08	4.4877E-06	-5.1109E-06
7.7345E-10	1.4594E-08	6.7411E-06	-7.0776E-06
2.6346E-08	1.9849E-08	4.3109E-06	-8.9549E-06
-1.4439E-08	-1.0459E-08	3.0126E-06	-7.5300E-06
2.0370E-08	-6.3774E-09	4.0972E-06	-6.8433E-06
8.0533E-09	-3.3796E-08	4.6790E-06	-8.9176E-06
-2.7934E-09	1.4113E-08	2.3175E-06	-9.6812E-06
-1.0035E-08	2.3805E-08	2.2244E-06	-9.0794E-06
8.9582E-09	1.9304E-08	9.8164E-07	-1.0381E-05
1.6392E-08	-2.1553E-09	-2.2148E-07	-9.5943E-06
-1.4856E-08	-9.6664E-10	-8.7776E-07	-1.0966E-05
-1.3281E-08	3.1597E-09	-4.1591E-06	-1.1301E-05
-1.0994E-09	-7.6714E-09	-8.0293E-06	-1.0770E-05
-6.8231E-09	1.1733E-08	-1.3859E-05	-4.8135E-06
-1.5142E-09	-1.5187E-08	-9.7290E-06	5.2872E-06
1.8728E-08	-9.2610E-10	-9.6651E-07	3.8579E-06
2.5575E-08	1.4392E-08	-3.6307E-06	-2.5729E-10
-1.3160E-08	-3.1220E-09	-2.2183E-06	7.8792E-06
1.2396E-08	-1.4148E-08	9.9233E-06	1.5392E-06
1.2626E-08	2.0046E-08	5.6856E-08	-1.1325E-05
-2.8273E-10	1.0269E-09	-1.2479E-05	-1.8010E-06
-2.7902E-10	1.0196E-09	-9.4515E-06	9.8540E-06
-2.7535E-10	1.0124E-09	-1.2081E-06	1.7480E-05
-2.7171E-10	1.0053E-09	1.2542E-05	1.5987E-05
-2.6811E-10	9.9813E-10	1.8462E-05	6.5070E-06
-2.6455E-10	9.9106E-10	1.8748E-05	-2.2764E-06
-2.6103E-10	9.8403E-10	1.3921E-05	-7.9685E-06
-2.5755E-10	9.7706E-10	1.0548E-05	-9.8532E-06
-2.5410E-10	9.7013E-10	5.4198E-06	-1.1093E-05
-2.5069E-10	9.6324E-10	3.3679E-06	-7.7075E-06
-2.4732E-10	9.5640E-10	3.8061E-06	-8.5022E-06
-2.4398E-10	9.4961E-10	8.7330E-07	-8.1494E-06
-2.4068E-10	9.4286E-10	5.0325E-07	-6.1313E-06
-2.3741E-10	9.3616E-10	3.8708E-07	-5.5423E-06
-2.3418E-10	9.2951E-10	6.7119E-07	-4.7888E-06
-2.3098E-10	9.2290E-10	4.7063E-07	-5.2702E-06
-2.2782E-10	9.1633E-10	-4.2958E-07	-4.5763E-06
-2.2469E-10	9.0981E-10	-7.9133E-07	-3.9318E-06
-2.2159E-10	9.0333E-10	-7.0377E-07	-2.2648E-06
-2.1853E-10	8.9690E-10	8.0286E-07	-2.3919E-06
-2.1550E-10	8.9051E-10	4.4227E-07	-2.5817E-06
-2.1250E-10	8.8416E-10	9.2554E-07	-2.7326E-06
-2.0954E-10	8.7786E-10	3.4098E-08	-2.5235E-06
-2.0660E-10	8.7160E-10	1.1653E-06	-2.0014E-06
-2.0370E-10	8.6538E-10	3.6979E-07	-3.1706E-06
-2.0083E-10	8.5920E-10	-2.4494E-07	-1.6855E-06
-1.9800E-10	8.5306E-10	6.6407E-07	-1.4857E-06
-1.9519E-10	8.4697E-10	5.7270E-07	-1.5272E-06
-1.9241E-10	8.4092E-10	8.4716E-07	-1.0163E-06
-1.8966E-10	8.3491E-10	1.6523E-06	-1.2890E-06
-1.8695E-10	8.2894E-10	1.3467E-06	-2.0912E-06
-1.8426E-10	8.2301E-10	4.3842E-07	-1.8298E-06
-1.8160E-10	8.1712E-10	5.8381E-07	-6.0749E-07
-1.7897E-10	8.1127E-10	1.6396E-06	-7.3229E-07
-1.7637E-10	8.0546E-10	1.6949E-06	-9.9672E-07
-1.7380E-10	7.9969E-10	1.6516E-06	-1.5875E-06
-1.7126E-10	7.9396E-10	9.2949E-07	-4.6222E-07
-1.6874E-10	7.8827E-10	3.0490E-06	-7.5396E-07
-1.6625E-10	7.8262E-10	1.6160E-06	-2.0634E-06
-1.6379E-10	7.7700E-10	2.1381E-06	-1.1862E-06
-1.6136E-10	7.7143E-10	9.9775E-07	-2.2118E-06
-1.5895E-10	7.6589E-10	1.1514E-06	7.8108E-08
-1.5657E-10	7.6039E-10	2.6733E-06	-7.9966E-07
-1.5422E-10	7.5493E-10	2.7185E-06	-1.3378E-06
-1.5189E-10	7.4950E-10	1.8257E-06	-2.3765E-06
-1.4959E-10	7.4412E-10	1.4135E-06	-8.6775E-07
-1.4732E-10	7.3877E-10	2.1133E-06	-1.7971E-06
-1.4506E-10	7.3345E-10	1.1080E-06	-1.0005E-06
-1.4284E-10	7.2817E-10	1.9996E-06	-1.1625E-06
-1.4064E-10	7.2293E-10	1.1949E-06	-6.8839E-07
-1.3846E-10	7.1773E-10	2.3703E-06	-4.0085E-07
-1.3631E-10	7.1256E-10	2.3101E-06	-5.3945E-07
-1.3418E-10	7.0742E-10	3.4538E-06	-1.3123E-06
-1.3208E-10	7.0232E-10	1.6473E-06	-2.2210E-06
-1.3000E-10	6.9726E-10	2.1136E-06	-7.9026E-07
-1.2795E-10	6.9223E-10	1.7447E-06	-2.0217E-06
-1.2591E-10	6.8723E-10	1.1420E-06	-1.5237E-08
-1.2390E-10	6.8227E-10	3.3825E-06	-6.0597E-07
-1.2192E-10	6.7735E-10	2.1424E-06	-2.0191E-06
-1.1995E-10	6.7245E-10	1.4508E-06	-8.8102E-07
-1.1801E-10	6.6759E-10	2.2500E-06	-2.6594E-07
-1.1609E-10	6.6277E-10	2.9926E-06	-8.9008E-07
-1.1419E-10	6.5798E-10	2.4756E-06	-1.4116E-06
-1.1231E-10	6.5322E-10	2.4273E-06	-1.2052E-06
-1.1046E-10	6.4849E-10	2.1498E-06	-1.3810E-06
-1.0862E-10	6.4379E-10	2.1751E-06	-7.8980E-07
-1.0681E-10	6.3913E-10	2.7138E-06	-1.0851E-06
-1.0502E-10	6.3450E-10	2.4965E-06	-1.4570E-06
-1.0325E-10	6.2991E-10	2.0244E-06	-1.6558E-06
-1.0150E-10	6.2534E-10	1.4999E-06	-8.4788E-07
-9.9766E-11	6.2081E-10	2.4025E-06	-5.0068E-07
-9.8056E-11	6.1630E-10	2.1560E-06	-8.8257E-07
-9.6365E-11	6.1183E-10	2.7201E-06	-2.8664E-07
-9.4693E-11	6.0739E-10	2.7898E-06	-1.6140E-06
-9.3041E-11	6.0298E-10	1.3337E-06	-4.9723E-07
-9.1409E-11	5.9860E-10	3.2463E-06	5.6685E-07
-8.9795E-11	5.9425E-10	3.9328E-06	-9.7612E-07
-8.8200E-11	5.8993E-10	3.4561E-06	-1.6809E-06
-8.6624E-11	5.8564E-10	2.5555E-06	-1.7602E-06
-8.5066E-11	5.8138E-10	2.9246E-06	-1.0822E-06
-8.3527E-11	5.7715E-10	2.7649E-06	-2.1378E-06
-8.2006E-11	5.7295E-10	1.7440E-06	-1.1766E-06
-8.0502E-11	5.6878E-10	2.6036E-06	-8.1579E-07
-7.9017E-11	5.6464E-10	2.5944E-06	-7.5072E-07
-7.7549E-11	5.6052E-10	3.2395E-06	-1.0205E-06
-7.6098E-11	5.5644E-10	2.8135E-06	-1.0650E-06
-7.4664E-11	5.5238E-10	3.7883E-06	-1.3757E-06
-7.3248E-11	5.4835E-10	2.3768E-06	-2.2934E-06
-7.1849E-11	5.4435E-10	2.6926E-06	-7.0324E-07
-7.0466E-11	5.4038E-10	3.3174E-06	-1.7927E-06
-6.9099E-11	5.3644E-10	3.0419E-06	-1.5974E-06
-6.7749E-11	5.3252E-10	2.9131E-06	-2.6479E-06
-6.6416E-11	5.2863E-10	1.8136E-06	-1.8145E-06
-6.5098E-11	5.2476E-10	2.3671E-06	-1.8801E-06
-6.3796E-11	5.2093E-10	1.6423E-06	-1.3044E-06
-6.2510E-11	5.1712E-10	2.7737E-06	-1.2326E-06
-6.1240E-11	5.1334E-10	1.9565E-06	-1.8250E-06
-5.9984E-11	5.0958E-10	1.8896E-06	-9.5182E-07
-5.8744E-11	5.0585E-10	2.4625E-06	-4.5295E-07
-5.7520E-11	5.0215E-10	3.7061E-06	-1.3017E-06
-5.6310E-11	4.9847E-10	2.2673E-06	-2.4083E-06
-5.5115E-11	4.9482E-10	2.2055E-06	-1.1140E-06
-5.3934E-11	4.9119E-10	2.3498E-06	-1.9274E-06
-5.2768E-11	4.8759E-10	1.6388E-06	-7.5696E-07
-5.1616E-11	4.8401E-10	3.3609E-06	-9.5164E-07
-5.0479E-11	4.8046E-10	2.2096E-06	-2.2631E-06
-4.9355E-11	4.7693E-10	1.7815E-06	-7.5162E-07
-4.8246E-11	4.7343E-10	2.9505E-06	-1.0089E-06
-4.7150E-11	4.6995E-10	2.4456E-06	-1.5225E-06
-4.6068E-11	4.6650E-10	2.6228E-06	-8.5669E-07
-4.4999E-11	4.6307E-10	3.5558E-06	-1.9596E-06
-4.3944E-11	4.5967E-10	1.3340E-06	-2.6508E-06
-4.2901E-11	4.5629E-10	1.9148E-06	-1.0508E-07
-4.1872E-11	4.5293E-10	3.1061E-06	-2.0467E-06
-4.0856E-11	4.4960E-10	1.3250E-06	-1.0862E-06
-3.9853E-11	4.4629E-10	3.2713E-06	-9.0351E-07
-3.8862E-11	4.4300E-10	2.3518E-06	-2.1922E-06
-3.7884E-11	4.3974E-10	1.8235E-06	-1.7305E-06
-3.6918E-11	4.3650E-10	1.4677E-06	-9.4889E-07
-3.5964E-11	4.3328E-10	2.7507E-06	-7.3296E-07
-3.5023E-11	4.3008E-10	2.4114E-06	-1.8287E-06
-3.4093E-11	4.2691E-10	1.7141E-06	-1.5070E-06
-3.3176E-11	4.2376E-10	1.9386E-06	-7.7263E-07
-3.2270E-11	4.2063E-10	2.5797E-06	-1.6528E-06
-3.1376E-11	4.1753E-10	1.0310E-06	-1.5424E-06
-3.0493E-11	4.1444E-10	1.6989E-06	-5.0308E-07
-2.9622E-11	4.1138E-10	1.6259E-06	-7.8348E-07
-2.8762E-11	4.0834E-10	1.6822E-06	-4.8264E-07
-2.7914E-11	4.0532E-10	1.4170E-06	2.9891E-07
-2.7076E-11	4.0233E-10	3.2350E-06	6.1822E-07
-2.6249E-11	3.9935E-10	3.0187E-06	-7.8905E-07
-2.5433E-11	3.9639E-10	2.9397E-06	-5.6163E-07
-2.4628E-11	3.9346E-10	2.6759E-06	-8.6031E-07
-2.3833E-11	3.9055E-10	2.9787E-06	-8.5010E-07
-2.3049E-11	3.8765E-10	1.9565E-06	-1.0045E-06
-2.2275E-11	3.8478E-10	3.0339E-06	2.6609E-07
-2.1512E-11	3.8193E-10	3.1716E-06	-1.4519E-06
-2.0758E-11	3.7909E-10	2.2228E-06	-4.2513E-07
-2.0015E-11	3.7628E-10	3.4015E-06	-4.3185E-07
-1.9281E-11	3.7349E-10	3.2312E-06	-1.4081E-06
-1.8558E-11	3.7072E-10	2.1217E-06	-1.2373E-06
-1.7844E-11	3.6797E-10	2.6384E-06	-2.4141E-07
-1.7140E-11	3.6523E-10	2.8304E-06	-7.1253E-07
-1.6445E-11	3.6252E-10	3.1630E-06	-2.7259E-07
-1.5760E-11	3.5983E-10	3.3290E-06	-1.1522E-06
-1.5084E-11	3.5715E-10	2.8345E-06	-8.4602E-07
-1.4417E-11	3.5449E-10	2.9665E-06	-7.8540E-07
-1.3759E-11	3.5186E-10	3.3592E-06	-6.0838E-07
-1.3111E-11	3.4924E-10	3.1215E-06	-1.4002E-06
-1.2471E-11	3.4664E-10	2.7075E-06	-3.4928E-07
-1.1840E-11	3.4406E-10	4.1184E-06	-5.6254E-07
-1.1218E-11	3.4149E-10	3.8044E-06	-1.8455E-06
-1.0604E-11	3.3895E-10	2.7946E-06	-1.5048E-06
-9.9994E-12	3.3642E-10	3.7464E-06	-1.1531E-06
-9.4029E-12	3.3391E-10	2.9354E-06	-2.6503E-06
-8.8148E-12	3.3142E-10	1.9273E-06	-1.1322E-06
-8.2349E-12	3.2895E-10	2.7380E-06	-1.1395E-06
-7.6633E-12	3.2650E-10	2.5150E-06	-5.0012E-07
-7.0997E-12	3.2406E-10	3.7418E-06	-9.6387E-07
-6.5441E-12	3.2164E-10	2.8549E-06	-1.5157E-06
-5.9964E-12	3.1923E-10	3.0830E-06	-1.0877E-06
-5.4566E-12	3.1685E-10	2.8315E-06	-1.2155E-06
-4.9245E-12	3.1448E-10	3.3651E-06	-9.1239E-07
-4.4001E-12	3.1213E-10	3.0570E-06	-1.7621E-06
-3.8833E-12	3.0979E-10	2.5557E-06	-8.0549E-07
-3.3740E-12	3.0748E-10	3.5948E-06	-8.0183E-07
-2.8720E-12	3.0517E-10	3.6436E-06	-1.3656E-06
-2.3775E-12	3.0289E-10	3.4277E-06	-1.9991E-06
-1.8901E-12	3.0062E-10	2.5232E-06	-1.5111E-06
-1.4100E-12	2.9837E-10	3.3011E-06	-1.2809E-06
-9.3689E-13	2.9613E-10	2.5846E-06	-1.4323E-06
-4.7084E-13	2.9391E-10	3.5423E-06	-7.0865E-07
-1.1723E-14	2.9171E-10	3.4227E-06	-1.7427E-06
4.4053E-13	2.8952E-10	3.5828E-06	-1.2771E-06
8.8600E-13	2.8734E-10	3.4437E-06	-2.2441E-06
1.3248E-12	2.8519E-10	3.0816E-06	-1.7513E-06
1.7569E-12	2.8305E-10	2.8849E-06	-2.1590E-06
2.1824E-12	2.8092E-10	2.9475E-06	-1.2674E-06
2.6015E-12	2.7881E-10	3.4258E-06	-2.2599E-06
3.0142E-12	2.7671E-10	2.5691E-06	-1.9456E-06
3.4205E-12	2.7463E-10	2.7890E-06	-1.8926E-06
3.8205E-12	2.7257E-10	2.9042E-06	-1.5442E-06
4.2143E-12	2.7052E-10	3.0431E-06	-2.4671E-06
4.6020E-12	2.6848E-10	2.1521E-06	-1.9255E-06
4.9837E-12	2.6646E-10	2.3771E-06	-2.1060E-06
5.3593E-12	2.6445E-10	1.7739E-06	-9.9858E-07
5.7290E-12	2.6246E-10	3.5368E-06	-1.4581E-06
6.0929E-12	2.6048E-10	1.8910E-06	-2.4194E-06
6.4509E-12	2.5852E-10	1.9319E-06	-8.5977E-07
6.8032E-12	2.5657E-10	2.6561E-06	-9.3189E-07
7.1499E-12	2.5463E-10	2.9081E-06	-1.2823E-06
7.4910E-12	2.5271E-10	2.5509E-06	-1.1844E-06
7.8265E-12	2.5080E-10	3.2476E-06	-1.3091E-06
8.1565E-12	2.4891E-10	2.2827E-06	-1.7170E-06
8.4812E-12	2.4703E-10	2.9458E-06	-6.6031E-07
8.8004E-12	2.4516E-10	2.9977E-06	-1.8789E-06
9.1144E-12	2.4331E-10	2.3374E-06	-9.3353E-07
9.4232E-12	2.4147E-10	3.1093E-06	-1.0163E-06
9.7268E-12	2.3964E-10	3.2151E-06	-7.5618E-07
1.0025E-11	2.3783E-10	3.9619E-06	-1.7780E-06
1.0319E-11	2.3603E-10	2.4723E-06	-1.7769E-06
1.0607E-11	2.3424E-10	3.5543E-06	-8.0839E-07
1.0891E-11	2.3247E-10	3.7713E-06	-2.0464E-06
1.1169E-11	2.3071E-10	3.2510E-06	-2.2119E-06
1.1443E-11	2.2896E-10	2.6137E-06	-2.1800E-06
1.1712E-11	2.2723E-10	2.8203E-06	-1.4114E-06
1.1977E-11	2.2550E-10	3.2565E-06	-1.7369E-06
1.2236E-11	2.2379E-10	3.3293E-06	-2.1616E-06
1.2491E-11	2.2209E-10	2.2606E-06	-2.5524E-06
1.2742E-11	2.2041E-10	2.1042E-06	-9.1731E-07
1.2988E-11	2.1874E-10	3.5758E-06	-9.3398E-07
1.3230E-11	2.1707E-10	4.0449E-06	-1.8723E-06
1.3467E-11	2.1542E-10	3.4631E-06	-2.8573E-06
1.3700E-11	2.1379E-10	2.8131E-06	-2.6955E-06
1.3928E-11	2.1216E-10	2.1411E-06	-2.8291E-06
1.4153E-11	2.1055E-10	1.8449E-06	-1.4408E-06
1.4373E-11	2.0895E-10	3.1048E-06	-1.6545E-06
1.4589E-11	2.0736E-10	2.5255E-06	-2.2543E-06
1.4801E-11	2.0578E-10	2.2505E-06	-1.6424E-06
1.5009E-11	2.0421E-10	3.0708E-06	-1.3617E-06
1.5213E-11	2.0266E-10	2.9341E-06	-2.5138E-06
1.5413E-11	2.0111E-10	1.9780E-06	-1.4256E-06
1.5609E-11	1.9958E-10	3.8090E-06	-1.1941E-06
1.5801E-11	1.9806E-10	3.5495E-06	-3.1296E-06
1.5990E-11	1.9655E-10	1.8596E-06	-2.9151E-06
1.6174E-11	1.9505E-10	1.9037E-06	-1.5774E-06
1.6355E-11	1.9356E-10	2.7823E-06	-1.4584E-06
1.6533E-11	1.9208E-10	3.2897E-06	-2.1063E-06
1.6706E-11	1.9062E-10	2.2332E-06	-2.8598E-06
1.6876E-11	1.8916E-10	2.1149E-06	-1.2328E-06
1.7043E-11	1.8772E-10	3.4706E-06	-2.2989E-06
1.7206E-11	1.8628E-10	2.0178E-06	-2.5789E-06
1.7366E-11	1.8486E-10	2.3920E-06	-1.9985E-06
1.7522E-11	1.8344E-10	1.9249E-06	-1.9652E-06
1.7675E-11	1.8204E-10	2.6161E-06	-1.2219E-06
1.7824E-11	1.8065E-10	3.1865E-06	-1.9565E-06
1.7971E-11	1.7926E-10	2.7368E-06	-2.3889E-06
1.8114E-11	1.7789E-10	2.7080E-06	-2.0058E-06
1.8254E-11	1.7653E-10	2.9296E-06	-2.7365E-06
1.8390E-11	1.7517E-10	1.9868E-06	-2.2420E-06
1.8524E-11	1.7383E-10	3.2267E-06	-2.2411E-06
1.8654E-11	1.7250E-10	2.0371E-06	-3.3721E-06
1.8782E-11	1.7118E-10	1.7338E-06	-1.9928E-06
1.8906E-11	1.6986E-10	2.4173E-06	-2.2677E-06
1.9028E-11	1.6856E-10	2.2672E-06	-2.3328E-06
1.9146E-11	1.6726E-10	2.5297E-06	-2.6178E-06
1.9262E-11	1.6598E-10	1.8854E-06	-3.3367E-06
1.9375E-11	1.6470E-10	8.0481E-07	-2.4466E-06
1.9484E-11	1.6344E-10	1.6389E-06	-1.7839E-06
1.9592E-11	1.6218E-10	1.3688E-06	-1.9492E-06
1.9696E-11	1.6094E-10	2.1361E-06	-1.4259E-06
1.9798E-11	1.5970E-10	1.8566E-06	-2.3447E-06
1.9897E-11	1.5847E-10	2.0254E-06	-1.3932E-06
1.9993E-11	1.5725E-10	2.3445E-06	-2.8364E-06
2.0087E-11	1.5604E-10	9.8919E-07	-1.7758E-06
2.0178E-11	1.5484E-10	2.4436E-06	-1.9590E-06
2.0267E-11	1.5364E-10	9.9311E-07	-2.0760E-06
2.0353E-11	1.5246E-10	2.6620E-06	-1.1380E-06
2.0436E-11	1.5128E-10	2.0066E-06	-3.1728E-06
2.0518E-11	1.5012E-10	1.2284E-06	-1.9490E-06
2.0596E-11	1.4896E-10	1.2907E-06	-2.3707E-06
2.0673E-11	1.4781E-10	1.0490E-06	-1.2286E-06
2.0747E-11	1.4667E-10	1.7626E-06	-1.8047E-06
2.0818E-11	1.4554E-10	1.2448E-06	-1.1762E-06
2.0888E-11	1.4441E-10	2.2426E-06	-1.5016E-06
2.0955E-11	1.4330E-10	1.7298E-06	-1.7707E-06
2.1020E-11	1.4219E-10	1.6655E-06	-2.0696E-06
2.1083E-11	1.4109E-10	8.2827E-07	-1.1349E-06
2.1143E-11	1.4000E-10	2.3360E-06	-6.3377E-07
2.1201E-11	1.3891E-10	2.7289E-06	-1.6040E-06
2.1258E-11	1.3784E-10	2.2642E-06	-2.7614E-06
2.1312E-11	1.3677E-10	7.3682E-07	-1.8580E-06
2.1364E-11	1.3571E-10	1.9026E-06	-1.3774E-06
2.1414E-11	1.3466E-10	1.2351E-06	-1.5020E-06
2.1462E-11	1.3362E-10	2.2217E-06	-1.2406E-06
2.1508E-11	1.3258E-10	1.4490E-06	-1.5982E-06
2.1552E-11	1.3155E-10	2.6711E-06	-1.2591E-06
2.1595E-11	1.3053E-10	1.4648E-06	-2.6593E-06
2.1635E-11	1.2952E-10	1.4271E-06	-1.1662E-06
2.1673E-11	1.2852E-10	1.5007E-06	-1.8258E-06
2.1710E-11	1.2752E-10	1.5791E-06	-9.7122E-07
2.1745E-11	1.2653E-10	1.7608E-06	-1.3625E-06
2.1778E-11	1.2555E-10	2.5457E-06	-9.5899E-07
2.1809E-11	1.2457E-10	2.1415E-06	-2.6196E-06
2.1838E-11	1.2360E-10	1.6144E-06	-1.4621E-06
2.1866E-11	1.2264E-10	1.8669E-06	-2.7823E-06
2.1892E-11	1.2169E-10	2.9670E-07	-1.6208E-06
2.1917E-11	1.2074E-10	1.3493E-06	-1.3177E-06
2.1939E-11	1.1980E-10	6.4231E-07	-1.1096E-06
2.1960E-11	1.1887E-10	1.4270E-06	-1.1710E-07
2.1980E-11	1.1794E-10	2.8423E-06	-6.7095E-07
2.1998E-11	1.1702E-10	1.9694E-06	-2.5308E-06
2.2014E-11	1.1611E-10	6.7846E-07	-7.8419E-07
2.2029E-11	1.1520E-10	2.4304E-06	-7.8864E-07
2.2042E-11	1.1431E-10	1.9627E-06	-1.5224E-06
2.2054E-11	1.1341E-10	1.7633E-06	-1.7250E-06
2.2064E-11	1.1253E-10	1.1612E-06	-1.0116E-06
2.2073E-11	1.1165E-10	2.2613E-06	-9.0512E-07
2.2081E-11	1.1078E-10	2.0614E-06	-1.6912E-06
2.2087E-11	1.0991E-10	1.2563E-06	-1.9431E-06
2.2092E-11	1.0905E-10	9.1335E-07	-3.4292E-07
2.2095E-11	1.0820E-10	2.7458E-06	-9.6162E-07
2.2097E-11	1.0736E-10	1.3620E-06	-1.5925E-06
2.2097E-11	1.0652E-10	2.0380E-06	-8.4189E-07
2.2097E-11	1.0568E-10	1.6502E-06	-1.3925E-06
2.2095E-11	1.0486E-10	2.0669E-06	-8.4674E-07
2.2092E-11	1.0404E-10	2.0811E-06	-1.5832E-06
2.2087E-11	1.0322E-10	1.6565E-06	-1.6153E-06
2.2081E-11	1.0241E-10	1.1621E-06	-1.1602E-06
2.2074E-11	1.0161E-10	1.8638E-06	-8.3208E-07
2.2066E-11	1.0081E-10	1.4723E-06	-1.1248E-06
2.2057E-11	1.0002E-10	1.9671E-06	-5.6798E-07
2.2047E-11	9.9237E-11	2.0195E-06	-1.1210E-06
2.2035E-11	9.8459E-11	2.0701E-06	-1.0232E-06
2.2022E-11	9.7686E-11	1.7145E-06	-1.1668E-06
2.2008E-11	9.6919E-11	2.1775E-06	-6.8149E-07
2.1994E-11	9.6157E-11	2.1246E-06	-1.3308E-06
2.1978E-11	9.5402E-11	2.1555E-06	-9.5516E-07
2.1961E-11	9.4652E-11	2.0449E-06	-1.5987E-06
2.1943E-11	9.3908E-11	1.4965E-06	-7.0231E-07
2.1924E-11	9.3169E-11	2.9762E-06	-4.1123E-07
2.1903E-11	9.2436E-11	3.2900E-06	-2.3789E-06
2.1882E-11	9.1709E-11	1.1605E-06	-2.6167E-06
2.1860E-11	9.0987E-11	1.0828E-06	-1.3269E-06
2.1837E-11	9.0270E-11	9.3428E-07	-6.5143E-07
2.1814E-11	8.9559E-11	2.9172E-06	-1.3662E-07
2.1789E-11	8.8854E-11	2.1075E-06	-2.4740E-06
2.1763E-11	8.8153E-11	1.3460E-06	-3.0243E-07
2.1736E-11	8.7458E-11	3.3004E-06	-1.4584E-06
2.1709E-11	8.6768E-11	2.0621E-06	-2.4249E-06
2.1680E-11	8.6084E-11	1.0392E-06	-2.6260E-06
2.1651E-11	8.5404E-11	9.6387E-08	-6.1392E-07
2.1621E-11	8.4730E-11	2.2539E-06	-5.0860E-07
2.1590E-11	8.4061E-11	1.3039E-06	-1.3515E-06
2.1559E-11	8.3397E-11	1.9092E-06	-3.8823E-07
2.1526E-11	8.2737E-11	2.2500E-06	-1.4488E-06
2.1493E-11	8.2083E-11	1.3195E-06	-1.3940E-06
2.1459E-11	8.1434E-11	1.5558E-06	-4.6463E-07
2.1424E-11	8.0790E-11	2.4355E-06	-9.4408E-07
2.1389E-11	8.0151E-11	1.9332E-06	-1.3571E-06
2.1352E-11	7.9516E-11	2.0996E-06	-1.2310E-06
2.1315E-11	7.8886E-11	2.0596E-06	-1.6903E-06
2.1278E-11	7.8262E-11	1.3989E-06	-2.2352E-06
2.1239E-11	7.7641E-11	2.8463E-08	-1.2321E-06
2.1200E-11	7.7026E-11	1.1821E-06	3.2359E-07
2.1161E-11	7.6415E-11	2.2513E-06	-5.0330E-07
2.1120E-11	7.5809E-11	1.8298E-06	-9.9750E-07
2.1080E-11	7.5208E-11	1.8228E-06	-6.3849E-07
2.1038E-11	7.4611E-11	2.1387E-06	-1.1689E-06
2.0996E-11	7.4018E-11	1.3583E-06	-1.0481E-06
2.0953E-11	7.3430E-11	1.8613E-06	-7.7000E-07
2.0910E-11	7.2847E-11	1.3564E-06	-9.2073E-07
2.0866E-11	7.2268E-11	1.9373E-06	-3.9784E-07
2.0821E-11	7.1694E-11	1.6824E-06	-1.1091E-06
2.0776E-11	7.1123E-11	1.4592E-06	-4.1306E-07
2.0730E-11	7.0558E-11	1.7846E-06	-3.2781E-07
2.0684E-11	6.9996E-11	2.2654E-06	-4.7761E-07
2.0638E-11	6.9439E-11	1.3807E-06	-7.4809E-07
2.0590E-11	6.8886E-11	2.4498E-06	6.8490E-07
2.0543E-11	6.8337E-11	2.9179E-06	-1.3741E-06
2.0494E-11	6.7793E-11	1.9087E-06	-2.8301E-07
2.0446E-11	6.7252E-11	2.8009E-06	-1.6398E-06
2.0397E-11	6.6716E-11	2.9381E-07	-1.7236E-07
2.0347E-11	6.6184E-11	3.8213E-06	1.2004E-06
2.0297E-11	6.5656E-11	3.4640E-06	-1.9617E-06
2.0246E-11	6.5132E-11	2.1366E-06	-1.2227E-06
2.0196E-11	6.4612E-11	2.2951E-06	-7.9160E-07
2.0144E-11	6.4096E-11	3.2338E-06	-1.1333E-06
2.0092E-11	6.3584E-11	1.7100E-06	-2.3477E-06
2.0040E-11	6.3075E-11	1.3231E-06	-2.9213E-07
1.9988E-11	6.2571E-11	2.1878E-06	-6.8599E-07
1.9935E-11	6.2071E-11	2.2157E-06	2.8343E-07
1.9881E-11	6.1574E-11	3.8906E-06	-7.3679E-07
1.9828E-11	6.1081E-11	2.5803E-06	-1.6900E-06
1.9773E-11	6.0592E-11	2.6745E-06	-7.7675E-07
1.9719E-11	6.0107E-11	3.4356E-06	-1.4135E-06
1.9664E-11	5.9625E-11	2.6809E-06	-2.4083E-06
1.9609E-11	5.9148E-11	1.7814E-06	-1.7914E-06
1.9554E-11	5.8674E-11	1.8393E-06	-1.4182E-06
1.9498E-11	5.8203E-11	2.0419E-06	-6.5328E-07
1.9442E-11	5.7736E-11	3.1763E-06	-1.3029E-06
1.9386E-11	5.7273E-11	2.2778E-06	-2.0198E-06
1.9329E-11	5.6813E-11	2.1251E-06	-1.5979E-06
1.9272E-11	5.6357E-11	2.0410E-06	-1.4782E-06
1.9215E-11	5.5904E-11	2.3465E-06	-1.5876E-06
1.9157E-11	5.5455E-11	1.8801E-06	-1.6310E-06
1.9099E-11	5.5009E-11	2.3153E-06	-1.5280E-06
1.9041E-11	5.4567E-11	1.7348E-06	-1.8805E-06
1.8983E-11	5.4128E-11	1.9059E-06	-1.4360E-06
1.8925E-11	5.3692E-11	1.4512E-06	-1.5882E-06
1.8866E-11	5.3260E-11	2.0425E-06	-7.4425E-07
1.8807E-11	5.2831E-11	2.3219E-06	-1.6995E-06
1.8748E-11	5.2406E-11	2.0631E-06	-1.5254E-06
1.8688E-11	5.1984E-11	1.8639E-06	-2.1357E-06
1.8629E-11	5.1565E-11	1.3013E-06	-1.5756E-06
1.8569E-11	5.1149E-11	1.3352E-06	-1.6480E-06
1.8509E-11	5.0736E-11	1.0239E-06	-9.4205E-07
1.8449E-11	5.0327E-11	1.5719E-06	-7.6382E-07
1.8388E-11	4.9921E-11	1.9471E-06	-5.5592E-07
1.8328E-11	4.9518E-11	2.3838E-06	-1.3310E-06
1.8267E-11	4.9118E-11	1.7826E-06	-1.3786E-06
1.8206E-11	4.8721E-11	1.9167E-06	-1.4480E-06
1.8145E-11	4.8327E-11	1.5974E-06	-1.4276E-06
1.8084E-11	4.7937E-11	1.4985E-06	-1.5023E-06
1.8022E-11	4.7549E-11	1.1136E-06	-1.0689E-06
1.7961E-11	4.7164E-11	1.3981E-06	-7.6831E-07
1.7899E-11	4.6783E-11	1.6707E-06	-5.3777E-07
1.7837E-11	4.6404E-11	1.9077E-06	-8.6648E-07
1.7775E-11	4.6028E-11	1.9850E-06	-6.2414E-07
1.7713E-11	4.5655E-11	2.2342E-06	-1.3531E-06
1.7651E-11	4.5285E-11	1.6019E-06	-1.1542E-06
1.7589E-11	4.4918E-11	1.4595E-06	-1.3093E-06
1.7527E-11	4.4554E-11	1.2400E-06	1.6558E-07
1.7464E-11	4.4192E-11	3.3996E-06	-7.4504E-07
1.7402E-11	4.3834E-11	1.6931E-06	-1.9052E-06
1.7339E-11	4.3478E-11	1.9774E-06	-9.4068E-07
1.7276E-11	4.3125E-11	1.7182E-06	-1.5897E-06
1.7214E-11	4.2775E-11	1.3521E-06	-1.1767E-06
1.7151E-11	4.2427E-11	1.2312E-06	-5.5283E-07
1.7088E-11	4.2082E-11	2.3956E-06	-5.4260E-07
1.7025E-11	4.1740E-11	1.7942E-06	-1.5223E-06
1.6962E-11	4.1400E-11	1.4881E-06	-1.0257E-06
1.6899E-11	4.1063E-11	1.1201E-06	-8.7520E-07
1.6836E-11	4.0729E-11	1.5471E-06	-4.4859E-08
1.6773E-11	4.0397E-11	2.0385E-06	-3.3814E-07
1.6709E-11	4.0068E-11	2.1140E-06	-4.2964E-07
1.6646E-11	3.9742E-11	2.0731E-06	-1.7638E-07
1.6583E-11	3.9418E-11	3.2539E-06	-1.2397E-07
1.6519E-11	3.9096E-11	3.3972E-06	-1.7882E-06
1.6456E-11	3.8778E-11	1.9552E-06	-2.3776E-06
1.6393E-11	3.8461E-11	9.9053E-07	-1.2499E-06
1.6329E-11	3.8147E-11	1.7361E-06	-6.2891E-07
1.6266E-11	3.7836E-11	1.7588E-06	-4.3314E-07
1.6203E-11	3.7527E-11	2.9954E-06	-5.9264E-07
1.6139E-11	3.7220E-11	2.2546E-06	-1.8970E-06
1.6076E-11	3.6916E-11	1.6227E-06	-1.3342E-06
1.6012E-11	3.6614E-11	1.2917E-06	-7.4123E-07
1.5949E-11	3.6314E-11	2.6408E-06	-1.4538E-07
1.5886E-11	3.6017E-11	2.5438E-06	-1.5984E-06
1.5822E-11	3.5722E-11	2.2368E-06	-1.1044E-06
1.5759E-11	3.5430E-11	2.2107E-06	-1.8595E-06
1.5696E-11	3.5139E-11	1.5692E-06	-1.4133E-06
1.5632E-11	3.4851E-11	1.6210E-06	-1.2585E-06
1.5569E-11	3.4566E-11	2.0682E-06	-9.7791E-07
1.5506E-11	3.4282E-11	1.7860E-06	-2.1326E-06
1.5443E-11	3.4001E-11	5.7670E-07	-1.1066E-06
1.5380E-11	3.3722E-11	1.4961E-06	-5.9972E-07
1.5316E-11	3.3445E-11	1.2213E-06	-8.0382E-07
1.5253E-11	3.3171E-11	1.5159E-06	-7.2601E-08
1.5190E-11	3.2898E-11	2.2680E-06	-5.3234E-07
1.5127E-11	3.2628E-11	1.7511E-06	-7.8949E-07
1.5064E-11	3.2359E-11	2.1165E-06	-4.8033E-07
1.5002E-11	3.2093E-11	1.9805E-06	-8.4014E-07
1.4939E-11	3.1829E-11	2.2113E-06	-6.2050E-07
1.4876E-11	3.1567E-11	2.0350E-06	-1.0472E-06
1.4813E-11	3.1307E-11	2.0824E-06	-8.3495E-07
1.4751E-11	3.1050E-11	1.6439E-06	-9.6590E-07
1.4688E-11	3.0794E-11	2.3986E-06	-2.3708E-07
1.4626E-11	3.0540E-11	2.3246E-06	-1.7529E-06
1.4563E-11	3.0288E-11	1.1844E-06	-8.0341E-07
1.4501E-11	3.0038E-11	1.9056E-06	-3.5508E-07
1.4439E-11	2.9791E-11	2.5614E-06	-4.4488E-07
1.4377E-11	2.9545E-11	2.1183E-06	-1.6326E-06
1.4315E-11	2.9301E-11	1.4786E-06	-2.5161E-07
1.4253E-11	2.9059E-11	2.7461E-06	-9.8299E-07
1.4191E-11	2.8819E-11	1.4304E-06	-8.9715E-07
1.4129E-11	2.8580E-11	2.5667E-06	-2.0379E-07
1.4067E-11	2.8344E-11	2.6443E-06	-1.2324E-06
1.4006E-11	2.8110E-11	2.0937E-06	-1.3856E-06
1.3944E-11	2.7877E-11	1.8966E-06	-1.0130E-06
1.3883E-11	2.7646E-11	1.9088E-06	-1.2759E-06
1.3821E-11	2.7417E-11	1.4033E-06	-4.8748E-07
1.3760E-11	2.7190E-11	2.5368E-06	-4.3093E-07
1.3699E-11	2.6965E-11	2.2657E-06	-8.5902E-07
1.3638E-11	2.6741E-11	2.6184E-06	-1.1035E-06
1.3577E-11	2.6520E-11	1.7752E-06	-1.1515E-06
1.3517E-11	2.6299E-11	2.5470E-06	-6.9273E-07
1.3456E-11	2.6081E-11	2.1738E-06	-1.3067E-06
1.3395E-11	2.5865E-11	2.6962E-06	-1.1592E-06
1.3335E-11	2.5650E-11	1.4794E-06	-2.1311E-06
1.3275E-11	2.5437E-11	1.5714E-06	-1.4895E-07
1.3215E-11	2.5225E-11	2.5971E-06	-1.4194E-06
1.3154E-11	2.5016E-11	1.6954E-06	-9.6748E-07
1.3095E-11	2.4808E-11	2.2719E-06	-1.4386E-06
1.3035E-11	2.4601E-11	1.4140E-06	-8.9661E-07
1.2975E-11	2.4396E-11	2.4996E-06	-1.1592E-06
1.2916E-11	2.4193E-11	1.2631E-06	-1.4782E-06
1.2856E-11	2.3992E-11	1.6158E-06	-7.0512E-07
1.2797E-11	2.3792E-11	1.4115E-06	-3.5841E-07
1.2738E-11	2.3593E-11	2.9831E-06	-1.8844E-07
1.2679E-11	2.3397E-11	2.3346E-06	-1.9493E-06
1.2620E-11	2.3201E-11	1.2554E-06	-1.0554E-06
1.2561E-11	2.3008E-11	1.6396E-06	-1.3058E-07
1.2503E-11	2.2816E-11	3.1239E-06	-3.1630E-07
1.2444E-11	2.2625E-11	2.5172E-06	-1.8216E-06
1.2386E-11	2.2436E-11	1.9854E-06	-1.0391E-06
1.2328E-11	2.2249E-11	2.4222E-06	-1.3891E-06
1.2270E-11	2.2063E-11	1.9785E-06	-1.7959E-06
1.2212E-11	2.1878E-11	1.0960E-06	-1.2689E-06
1.2154E-11	2.1695E-11	2.3088E-06	-5.8471E-07
1.2097E-11	2.1513E-11	1.5324E-06	-2.2241E-06
1.2039E-11	2.1333E-11	6.3269E-07	-1.1409E-07
1.1982E-11	2.1155E-11	2.3252E-06	-4.2541E-07
1.1925E-11	2.0977E-11	1.6160E-06	-3.0534E-07
1.1868E-11	2.0801E-11	3.2692E-06	-1.2517E-08
1.1811E-11	2.0627E-11	3.2480E-06	-2.0659E-06
1.1754E-11	2.0454E-11	1.6334E-06	-2.0344E-06
1.1698E-11	2.0282E-11	1.8589E-06	-1.4360E-06
1.1642E-11	2.0112E-11	9.3202E-07	-1.9016E-06
1.1586E-11	1.9943E-11	9.1536E-07	3.8107E-07
1.1529E-11	1.9775E-11	3.3689E-06	-7.0520E-07
1.1474E-11	1.9609E-11	1.5971E-06	-2.0533E-06
1.1418E-11	1.9444E-11	1.5898E-06	-7.6667E-07
1.1362E-11	1.9281E-11	1.6885E-06	-1.3513E-06
1.1307E-11	1.9118E-11	1.3231E-06	-5.8546E-07
1.1252E-11	1.8957E-11	2.1030E-06	-6.9735E-07
1.1197E-11	1.8798E-11	1.7628E-06	-8.8051E-07
1.1142E-11	1.8639E-11	2.1766E-06	-6.8195E-07
1.1087E-11	1.8482E-11	2.1743E-06	-1.2666E-06
1.1033E-11	1.8326E-11	1.7261E-06	-1.4287E-06
1.0978E-11	1.8172E-11	1.0528E-06	-9.8930E-07
1.0924E-11	1.8018E-11	1.6951E-06	4.6054E-08
1.0870E-11	1.7866E-11	2.6588E-06	-5.8515E-07
1.0816E-11	1.7715E-11	2.5204E-06	-1.3447E-06
1.0763E-11	1.7566E-11	1.7351E-06	-1.8342E-06
1.0709E-11	1.7417E-11	9.9536E-07	-8.5413E-07
1.0656E-11	1.7270E-11	2.1297E-06	-3.6593E-07
1.0603E-11	1.7124E-11	2.0480E-06	-1.5492E-06
1.0550E-11	1.6979E-11	1.0443E-06	-8.7343E-07
1.0497E-11	1.6835E-11	1.8896E-06	-4.0039E-07
1.0444E-11	1.6693E-11	1.8468E-06	-7.2527E-07
1.0392E-11	1.6551E-11	2.2124E-06	-7.8228E-07
1.0339E-11	1.6411E-11	1.6414E-06	-1.1083E-06
1.0287E-11	1.6272E-11	2.0625E-06	-5.8194E-07
1.0235E-11	1.6134E-11	1.7489E-06	-1.3897E-06
1.0183E-11	1.5997E-11	1.4520E-06	-5.1741E-07
1.0132E-11	1.5861E-11	1.7855E-06	-8.2806E-07
1.0080E-11	1.5726E-11	1.5412E-06	-2.2080E-07
1.0029E-11	1.5593E-11	2.4504E-06	-2.2874E-07
9.9780E-12	1.5460E-11	2.7131E-06	-9.9934E-07
9.9272E-12	1.5329E-11	1.7395E-06	-1.5467E-06
9.8764E-12	1.5198E-11	1.8284E-06	-2.4953E-07
9.8259E-12	1.5069E-11	2.6850E-06	-1.5087E-06
9.7755E-12	1.4941E-11	1.1333E-06	-1.2543E-06
9.7254E-12	1.4814E-11	2.0104E-06	-7.6114E-07
9.6753E-12	1.4687E-11	1.1853E-06	-1.1426E-06
9.6255E-12	1.4562E-11	1.8000E-06	2.2432E-08
9.5759E-12	1.4438E-11	2.1836E-06	-1.2079E-06
9.5264E-12	1.4315E-11	9.3859E-07	-3.7899E-07
9.4771E-12	1.4193E-11	2.6810E-06	5.0046E-07
9.4280E-12	1.4071E-11	2.9897E-06	-1.4229E-06
9.3791E-12	1.3951E-11	1.6857E-06	-1.1008E-06
9.3304E-12	1.3832E-11	2.4353E-06	-8.9330E-07
9.2818E-12	1.3714E-11	1.5940E-06	-1.5884E-06
9.2334E-12	1.3597E-11	1.4913E-06	-1.8346E-07
9.1852E-12	1.3480E-11	2.7865E-06	-8.4485E-07
9.1372E-12	1.3365E-11	1.8524E-06	-1.5490E-06
9.0894E-12	1.3250E-11	1.6697E-06	-1.1224E-06
9.0417E-12	1.3137E-11	1.3929E-06	-1.0088E-06
8.9942E-12	1.3024E-11	1.6044E-06	-5.9512E-07
8.9470E-12	1.2913E-11	1.7793E-06	-6.4213E-07
8.8998E-12	1.2802E-11	1.8176E-06	-1.0136E-06
8.8529E-12	1.2692E-11	8.7263E-07	-3.8906E-07
8.8062E-12	1.2583E-11	2.4985E-06	4.8560E-07
8.7596E-12	1.2475E-11	2.3896E-06	-1.1240E-06
8.7132E-12	1.2368E-11	2.1943E-06	-2.6600E-07
8.6670E-12	1.2262E-11	2.6615E-06	-1.5632E-06
8.6210E-12	1.2156E-11	1.0497E-06	-1.1070E-06
8.5752E-12	1.2052E-11	1.9780E-06	-7.9895E-08
8.5295E-12	1.1948E-11	2.3962E-06	-1.0611E-06
8.4840E-12	1.1845E-11	1.3620E-06	-9.9098E-07
8.4388E-12	1.1743E-11	1.9120E-06	-1.5235E-07
8.3936E-12	1.1642E-11	2.0111E-06	-7.5404E-07
8.3487E-12	1.1541E-11	2.0054E-06	-1.1029E-07
8.3040E-12	1.1442E-11	2.8200E-06	-6.5616E-07
8.2594E-12	1.1343E-11	2.3164E-06	-1.4400E-06
8.2150E-12	1.1245E-11	1.3048E-06	-9.7637E-07
8.1708E-12	1.1148E-11	2.3686E-06	-2.1207E-08
8.1268E-12	1.1052E-11	2.3629E-06	-1.6634E-06
8.0830E-12	1.0956E-11	1.1658E-06	-4.6945E-07
8.0393E-12	1.0862E-11	2.6094E-06	-3.9411E-07
7.9958E-12	1.0768E-11	2.0673E-06	-1.2211E-06
7.9525E-12	1.0675E-11	1.7015E-06	-8.1340E-07
7.9094E-12	1.0582E-11	1.9757E-06	-4.4538E-07
7.8665E-12	1.0490E-11	2.2018E-06	-9.3371E-07
7.8237E-12	1.0400E-11	1.5963E-06	-6.0807E-07
7.7811E-12	1.0309E-11	2.3761E-06	-3.3751E-07
7.7387E-12	1.0220E-11	2.0529E-06	-9.4758E-07
7.6965E-12	1.0131E-11	2.2843E-06	-2.5916E-07
7.6545E-12	1.0043E-11	2.5718E-06	-1.5827E-06
7.6126E-12	9.9562E-12	7.4947E-07	-6.2051E-07
7.5709E-12	9.8697E-12	2.7811E-06	4.8554E-07
7.5294E-12	9.7839E-12	2.6427E-06	-1.0597E-06
7.4881E-12	9.6988E-12	2.8695E-06	-6.8151E-07
7.4470E-12	9.6145E-12	2.2702E-06	-1.9829E-06
7.4060E-12	9.5308E-12	1.5609E-06	-8.1333E-07
7.3652E-12	9.4478E-12	1.9461E-06	-8.9371E-07
7.3246E-12	9.3655E-12	2.3686E-06	-4.6590E-07
7.2842E-12	9.2839E-12	2.2627E-06	-1.8544E-06
7.2439E-12	9.2030E-12	9.3918E-07	-8.0298E-07
7.2038E-12	9.1227E-12	1.7408E-06	-1.2465E-07
7.1639E-12	9.0431E-12	2.5776E-06	4.0325E-08
7.1242E-12	8.9641E-12	2.8340E-06	-1.5273E-06
7.0846E-12	8.8858E-12	1.2232E-06	-1.1009E-06
7.0452E-12	8.8082E-12	1.7270E-06	-7.8804E-08
7.0060E-12	8.7312E-12	2.5174E-06	-3.3548E-09
6.9670E-12	8.6548E-12	2.6394E-06	-7.5813E-07
6.9282E-12	8.5791E-12	2.5517E-06	-3.1653E-07
6.8895E-12	8.5040E-12	3.0847E-06	-9.8656E-07
6.8510E-12	8.4295E-12	2.7573E-06	-1.0217E-06
6.8126E-12	8.3556E-12	2.9254E-06	-1.6074E-06
6.7745E-12	8.2824E-12	2.4290E-06	-1.7691E-06
6.7365E-12	8.2097E-12	1.5754E-06	-2.1796E-06
6.6987E-12	8.1377E-12	1.1101E-06	-2.9128E-07
6.6610E-12	8.0663E-12	2.9800E-06	-7.9446E-07
6.6236E-12	7.9954E-12	2.0526E-06	-1.5597E-06
6.5863E-12	7.9252E-12	2.0829E-06	-1.2070E-06
6.5491E-12	7.8555E-12	2.1268E-06	-1.3260E-06
6.5122E-12	7.7864E-12	1.7081E-06	-1.7638E-06
6.4754E-12	7.7179E-12	1.2624E-06	-8.2050E-07
6.4388E-12	7.6500E-12	1.8788E-06	-1.0484E-06
6.4023E-12	7.5826E-12	1.3992E-06	-6.5605E-07
6.3660E-12	7.5158E-12	1.9550E-06	-5.5270E-07
6.3299E-12	7.4495E-12	2.2591E-06	-2.6185E-07
6.2940E-12	7.3838E-12	2.7996E-06	-1.5009E-06
6.2582E-12	7.3187E-12	1.3308E-06	-1.2405E-06
6.2226E-12	7.2541E-12	1.9392E-06	-5.6595E-07
6.1872E-12	7.1900E-12	2.3602E-06	-5.5937E-07
6.1519E-12	7.1264E-12	2.3621E-06	-1.7435E-06
6.1168E-12	7.0634E-12	1.1691E-06	-5.1781E-07
6.0818E-12	7.0010E-12	2.9189E-06	-9.0068E-07
6.0471E-12	6.9390E-12	1.3171E-06	-1.1942E-06
6.0124E-12	6.8776E-12	2.7332E-06	-3.3374E-07
5.9780E-12	6.8167E-12	2.2920E-06	-1.7712E-06
5.9437E-12	6.7563E-12	1.6146E-06	-1.3964E-06
5.9096E-12	6.6964E-12	1.2376E-06	-4.3154E-07
5.8756E-12	6.6370E-12	3.0540E-06	-3.1044E-07
5.8418E-12	6.5781E-12	2.2997E-06	-1.8609E-06
5.8082E-12	6.5196E-12	1.9536E-06	-1.1391E-06
5.7747E-12	6.4617E-12	1.9073E-06	-1.4061E-06
5.7414E-12	6.4043E-12	1.7458E-06	-1.2169E-06
5.7083E-12	6.3473E-12	1.4592E-06	-6.7889E-07
5.6753E-12	6.2909E-12	2.9868E-06	-4.4858E-07
5.6425E-12	6.2349E-12	2.6251E-06	-2.3943E-06
5.6098E-12	6.1794E-12	1.3159E-06	-2.0251E-06
5.5773E-12	6.1243E-12	9.5205E-07	-1.6427E-06
5.5449E-12	6.0697E-12	7.2222E-07	-8.4352E-07
5.5127E-12	6.0156E-12	1.2042E-06	-2.3831E-07
5.4807E-12	5.9619E-12	1.9340E-06	-2.2562E-07
5.4488E-12	5.9087E-12	2.2726E-06	-7.0844E-07
5.4171E-12	5.8559E-12	1.9924E-06	-1.3886E-06
5.3855E-12	5.8036E-12	1.1467E-06	-8.0197E-07
5.3541E-12	5.7517E-12	2.0873E-06	-4.4654E-07
5.3229E-12	5.7002E-12	1.5664E-06	-9.8993E-07
5.2918E-12	5.6492E-12	1.9033E-06	-8.7211E-08
5.2608E-12	5.5986E-12	2.4418E-06	-6.6888E-07
5.2300E-12	5.5485E-12	2.6653E-06	-7.3609E-07
5.1994E-12	5.4987E-12	2.5702E-06	-2.0344E-06
5.1689E-12	5.4494E-12	9.1717E-07	-1.3566E-06
5.1386E-12	5.4005E-12	2.4048E-06	-4.0871E-07
5.1084E-12	5.3520E-12	2.0257E-06	-2.3049E-06
5.0784E-12	5.3040E-12	7.0999E-07	-9.9762E-07
5.0485E-12	5.2563E-12	1.7130E-06	-9.1279E-07
5.0188E-12	5.2090E-12	1.1417E-06	-8.3457E-07
4.9892E-12	5.1622E-12	1.6265E-06	-6.6566E-07
4.9598E-12	5.1157E-12	1.4380E-06	-4.0509E-07
4.9305E-12	5.0696E-12	2.2822E-06	-9.2048E-07
4.9013E-12	5.0240E-12	7.7502E-07	-1.0569E-06
4.8724E-12	4.9787E-12	1.7608E-06	3.4010E-07
4.8435E-12	4.9338E-12	2.1561E-06	-6.5461E-07
4.8148E-12	4.8893E-12	2.0566E-06	-5.8474E-07
4.7863E-12	4.8451E-12	1.6677E-06	-7.8689E-07
4.7579E-12	4.8013E-12	2.1406E-06	-8.6497E-08
4.7296E-12	4.7579E-12	2.3143E-06	-1.0708E-06
4.7015E-12	4.7149E-12	1.6903E-06	-5.0644E-07
4.6736E-12	4.6722E-12	2.4336E-06	-4.4961E-07
4.6457E-12	4.6300E-12	2.4386E-06	-9.5616E-07
4.6181E-12	4.5880E-12	2.0745E-06	-1.0734E-06
4.5905E-12	4.5464E-12	2.3843E-06	-7.7197E-07
4.5631E-12	4.5052E-12	2.3027E-06	-1.9317E-06
4.5359E-12	4.4643E-12	7.3331E-07	-1.0927E-06
4.5088E-12	4.4238E-12	2.1136E-06	-1.4047E-07
4.4818E-12	4.3836E-12	1.8431E-06	-1.0892E-06
4.4550E-12	4.3438E-12	2.3002E-06	-1.4816E-07
4.4283E-12	4.3043E-12	2.5957E-06	-1.8330E-06
4.4017E-12	4.2651E-12	1.1717E-06	-7.1454E-07
4.3753E-12	4.2263E-12	3.1195E-06	-9.4983E-07
4.3490E-12	4.1878E-12	1.3493E-06	-2.4968E-06
4.3229E-12	4.1497E-12	7.7856E-07	-5.1170E-07
4.2969E-12	4.1118E-12	2.0072E-06	-5.3756E-07
4.2710E-12	4.0743E-12	1.9969E-06	-1.1416E-06
4.2453E-12	4.0371E-12	1.3579E-06	-1.4209E-06
4.2197E-12	4.0003E-12	8.8189E-07	-3.2967E-07
4.1943E-12	3.9637E-12	2.3032E-06	4.1533E-09
4.1689E-12	3.9275E-12	2.2210E-06	-1.0965E-06
4.1437E-12	3.8915E-12	2.1436E-06	-8.8470E-07
4.1187E-12	3.8559E-12	1.7943E-06	-1.7112E-06
4.0938E-12	3.8206E-12	1.0825E-06	-6.8541E-07
4.0690E-12	3.7856E-12	2.0278E-06	-7.6633E-07
4.0443E-12	3.7509E-12	1.6290E-06	-1.1102E-06
4.0198E-12	3.7165E-12	1.5034E-06	-1.0197E-06
3.9954E-12	3.6824E-12	1.6047E-06	-8.9820E-07
3.9711E-12	3.6486E-12	9.7852E-07	-1.4601E-06
3.9470E-12	3.6150E-12	5.6260E-07	2.6815E-07
3.9230E-12	3.5818E-12	2.1379E-06	-2.4994E-07
3.8991E-12	3.5488E-12	1.2078E-06	-3.8744E-07
3.8753E-12	3.5162E-12	1.7532E-06	-4.1084E-08
3.8517E-12	3.4838E-12	1.9228E-06	2.7695E-07
3.8282E-12	3.4517E-12	2.6732E-06	-8.5831E-07
3.8048E-12	3.4198E-12	9.8978E-07	-2.1309E-07
3.7816E-12	3.3883E-12	3.0572E-06	3.9277E-07
3.7585E-12	3.3570E-12	2.5372E-06	-1.0390E-06
3.7355E-12	3.3260E-12	2.5806E-06	-1.2537E-06
3.7126E-12	3.2952E-12	9.1283E-07	-1.1433E-06
3.6899E-12	3.2648E-12	2.3188E-06	2.1241E-07
3.6672E-12	3.2346E-12	1.8517E-06	-1.1177E-06
3.6447E-12	3.2046E-12	2.1541E-06	1.6296E-07
3.6224E-12	3.1749E-12	2.5453E-06	-9.5309E-07
3.6001E-12	3.1455E-12	2.3433E-06	-6.5183E-07
3.5780E-12	3.1163E-12	2.0457E-06	-1.2953E-06
3.5560E-12	3.0874E-12	1.8832E-06	-2.9958E-07
3.5341E-12	3.0587E-12	2.6367E-06	-8.8419E-07
3.5123E-12	3.0303E-12	2.1421E-06	-1.1136E-06
3.4906E-12	3.0021E-12	2.0551E-06	-9.6826E-07
3.4691E-12	2.9742E-12	2.2614E-06	-1.1820E-06
3.4477E-12	2.9465E-12	1.2803E-06	-1.2642E-06
3.4264E-12	2.9190E-12	1.9752E-06	8.2745E-08
3.4052E-12	2.8918E-12	2.7317E-06	-1.2197E-06
3.3841E-12	2.8648E-12	1.7390E-06	-1.2564E-06
3.3632E-12	2.8381E-12	1.6871E-06	-8.9934E-07
3.3424E-12	2.8116E-12	1.9114E-06	-4.5416E-07
3.3216E-12	2.7853E-12	2.4219E-06	-8.5245E-07
3.3010E-12	2.7593E-12	2.0401E-06	-1.1295E-06
3.2806E-12	2.7334E-12	2.0152E-06	-7.9439E-07
3.2602E-12	2.7078E-12	2.4789E-06	-1.1089E-06
3.2399E-12	2.6825E-12	1.8245E-06	-1.4844E-06
3.2198E-12	2.6573E-12	1.9764E-06	-9.1063E-07
3.1997E-12	2.6324E-12	2.1371E-06	-1.5124E-06
3.1798E-12	2.6077E-12	1.5189E-06	-1.5988E-06
3.1600E-12	2.5832E-12	1.1306E-06	-9.5785E-07
3.1403E-12	2.5589E-12	2.0869E-06	-7.2690E-07
3.1207E-12	2.5349E-12	1.4905E-06	-1.6902E-06
3.1012E-12	2.5110E-12	1.3291E-06	-6.1972E-07
3.0818E-12	2.4874E-12	1.8395E-06	-1.4895E-06
3.0626E-12	2.4639E-12	5.7499E-07	-1.1890E-06
3.0434E-12	2.4407E-12	9.6378E-07	-1.5235E-07
3.0244E-12	2.4177E-12	1.7054E-06	-1.9946E-07
3.0054E-12	2.3948E-12	1.5988E-06	-7.4010E-07
2.9866E-12	2.3722E-12	1.2803E-06	-1.9506E-07
2.9679E-12	2.3498E-12	2.0791E-06	5.2385E-08
2.9492E-12	2.3275E-12	2.5880E-06	-8.1037E-07
2.9307E-12	2.3055E-12	1.5037E-06	-1.5874E-06
2.9123E-12	2.2837E-12	9.0531E-07	-3.4442E-07
2.8940E-12	2.2620E-12	1.6801E-06	-2.7753E-07
2.8758E-12	2.2406E-12	1.3620E-06	-4.9181E-08
2.8577E-12	2.2193E-12	2.3362E-06	1.8952E-07
2.8397E-12	2.1982E-12	2.0497E-06	-7.1550E-07
2.8218E-12	2.1773E-12	1.8388E-06	2.8844E-07
2.8040E-12	2.1566E-12	3.2752E-06	-2.1062E-07
2.7863E-12	2.1361E-12	2.5619E-06	-1.4259E-06
2.7687E-12	2.1157E-12	1.9004E-06	-1.0273E-06
2.7512E-12	2.0956E-12	2.0538E-06	-4.8110E-07
2.7338E-12	2.0756E-12	3.0226E-06	-1.1943E-06
2.7165E-12	2.0558E-12	1.0285E-06	-2.2309E-06
2.6993E-12	2.0361E-12	9.0460E-07	6.8499E-07
2.6822E-12	2.0167E-12	3.4595E-06	-3.6755E-07
2.6652E-12	1.9974E-12	2.2152E-06	-1.6369E-06
2.6483E-12	1.9783E-12	1.8994E-06	-1.3596E-06
2.6315E-12	1.9593E-12	1.1317E-06	-9.0213E-07
2.6148E-12	1.9406E-12	2.3867E-06	5.5134E-09
2.5982E-12	1.9219E-12	2.6632E-06	-1.6899E-06
2.5817E-12	1.9035E-12	1.3685E-06	-1.4084E-06
2.5653E-12	1.8852E-12	1.6140E-06	-8.9990E-07
2.5490E-12	1.8671E-12	1.7357E-06	-7.1540E-07
2.5327E-12	1.8491E-12	2.2882E-06	-1.0556E-06
2.5166E-12	1.8313E-12	1.6381E-06	-1.7509E-06
2.5005E-12	1.8137E-12	9.4258E-07	-1.1947E-06
2.4846E-12	1.7962E-12	1.0746E-06	-6.6349E-07
2.4687E-12	1.7789E-12	1.2366E-06	-3.7170E-07
2.4530E-12	1.7617E-12	1.7974E-06	-2.7220E-07
2.4373E-12	1.7447E-12	1.6552E-06	-8.1694E-07
2.4217E-12	1.7278E-12	1.6042E-06	-2.3365E-07
2.4062E-12	1.7111E-12	1.9656E-06	-8.9178E-07
2.3908E-12	1.6945E-12	1.1933E-06	-2.3955E-07
2.3755E-12	1.6781E-12	2.5858E-06	-2.3736E-07
2.3603E-12	1.6618E-12	1.8619E-06	-1.2796E-06
2.3452E-12	1.6457E-12	1.5948E-06	-8.3861E-07
2.3301E-12	1.6297E-12	1.2371E-06	-6.9480E-07
2.3152E-12	1.6139E-12	1.6477E-06	-2.9078E-07
2.3003E-12	1.5982E-12	1.2734E-06	-2.3187E-07
2.2855E-12	1.5826E-12	2.5523E-06	4.7180E-07
2.2708E-12	1.5672E-12	2.4473E-06	-1.4378E-06
2.2562E-12	1.5520E-12	1.2838E-06	-2.8489E-07
2.2417E-12	1.5368E-12	2.5538E-06	-3.8495E-07
2.2273E-12	1.5218E-12	1.9795E-06	-8.9997E-07
2.2129E-12	1.5069E-12	2.1042E-06	-8.4017E-07
2.1986E-12	1.4922E-12	1.5578E-06	-8.5063E-07
2.1845E-12	1.4776E-12	2.1232E-06	-5.1654E-07
2.1704E-12	1.4631E-12	1.4010E-06	-1.3125E-06
2.1563E-12	1.4488E-12	1.1576E-06	2.8924E-07
2.1424E-12	1.4346E-12	2.2856E-06	-2.1919E-07
2.1286E-12	1.4205E-12	1.9260E-06	2.8135E-07
2.1148E-12	1.4065E-12	3.4098E-06	-4.5461E-07
2.1011E-12	1.3927E-12	2.1402E-06	-1.0122E-06
2.0875E-12	1.3790E-12	3.2206E-06	-8.8581E-07
2.0740E-12	1.3654E-12	1.7257E-06	-2.0873E-06
2.0605E-12	1.3520E-12	2.0776E-06	-6.3224E-07
2.0472E-12	1.3386E-12	1.8317E-06	-2.1653E-06
2.0339E-12	1.3254E-12	6.6551E-07	-7.7666E-07
2.0207E-12	1.3123E-12	1.4278E-06	-3.6365E-07
2.0076E-12	1.2993E-12	1.9692E-06	-9.2939E-08
1.9945E-12	1.2865E-12	2.1507E-06	-1.0151E-06
1.9815E-12	1.2737E-12	1.7005E-06	-6.1600E-07
1.9686E-12	1.2611E-12	1.7649E-06	-9.7539E-07
1.9558E-12	1.2486E-12	1.5152E-06	-7.8692E-08
1.9431E-12	1.2362E-12	2.5836E-06	-6.6289E-07
1.9304E-12	1.2239E-12	1.7963E-06	-9.7602E-07
1.9178E-12	1.2117E-12	1.8680E-06	-9.4059E-07
1.9053E-12	1.1997E-12	1.3245E-06	-4.3819E-07
1.8929E-12	1.1877E-12	2.4280E-06	-2.4702E-07
1.8805E-12	1.1759E-12	1.9125E-06	-1.1327E-06
1.8683E-12	1.1641E-12	1.6342E-06	-3.1902E-07
1.8560E-12	1.1525E-12	2.4045E-06	-2.8473E-07
1.8439E-12	1.1410E-12	2.4503E-06	-9.3855E-07
1.8318E-12	1.1296E-12	2.2302E-06	-7.8171E-07
1.8198E-12	1.1182E-12	2.6048E-06	-1.3918E-06
1.8079E-12	1.1070E-12	1.6222E-06	-1.5043E-06
1.7961E-12	1.0959E-12	1.8997E-06	-1.4952E-06
1.7843E-12	1.0849E-12	2.0788E-07	-1.2944E-06
1.7726E-12	1.0740E-12	1.8453E-06	1.0045E-06
1.7610E-12	1.0632E-12	2.7835E-06	-1.6700E-06
1.7494E-12	1.0525E-12	6.9758E-07	-5.0336E-07
1.7379E-12	1.0419E-12	2.8828E-06	-1.2661E-07
1.7265E-12	1.0314E-12	1.9605E-06	-1.8637E-06
1.7151E-12	1.0210E-12	1.2139E-06	-6.7107E-07
1.7038E-12	1.0106E-12	2.2120E-06	-8.7983E-07
1.6926E-12	1.0004E-12	1.0139E-06	-1.4733E-06
1.6815E-12	9.9029E-13	1.4990E-06	2.2813E-07
1.6704E-12	9.8026E-13	2.1362E-06	-1.6981E-06
1.6594E-12	9.7031E-13	-1.2176E-08	9.9949E-09
1.6484E-12	9.6046E-13	3.1169E-06	3.8765E-07
1.6376E-12	9.5070E-13	1.3302E-06	-1.6797E-06
1.6267E-12	9.4103E-13	1.5176E-06	5.4981E-07
1.6160E-12	9.3145E-13	2.5900E-06	-6.4171E-07
1.6053E-12	9.2195E-13	2.0583E-06	-7.5376E-07
1.5947E-12	9.1255E-13	2.0465E-06	-9.8096E-07
1.5842E-12	9.0323E-13	1.7624E-06	-1.1673E-06
1.5737E-12	8.9400E-13	9.3333E-07	-7.6483E-07
1.5632E-12	8.8485E-13	1.8494E-06	1.0603E-07
1.5529E-12	8.7579E-13	1.7249E-06	-7.6639E-07
1.5426E-12	8.6681E-13	1.8738E-06	1.2939E-07
1.5324E-12	8.5792E-13	2.2470E-06	-8.3197E-07
1.5222E-12	8.4911E-13	1.7260E-06	-1.9325E-07
1.5121E-12	8.4038E-13	2.5216E-06	-6.4623E-07
1.5021E-12	8.3173E-13	1.8107E-06	-8.9114E-07
1.4921E-12	8.2316E-13	1.7466E-06	-5.0123E-07
1.4822E-12	8.1467E-13	2.2095E-06	-1.7918E-07
1.4723E-12	8.0626E-13	2.2879E-06	-1.0399E-06
1.4625E-12	7.9793E-13	1.8097E-06	-2.2708E-07
1.4528E-12	7.8968E-13	2.9329E-06	-1.2064E-06
1.4431E-12	7.8150E-13	7.2025E-07	-1.0730E-06
1.4335E-12	7.7340E-13	2.8987E-06	7.1889E-07
1.4239E-12	7.6537E-13	2.8372E-06	-2.4014E-06
1.4144E-12	7.5743E-13	7.7928E-07	-8.3072E-07
1.4050E-12	7.4955E-13	2.1167E-06	-6.4677E-07
1.3956E-12	7.4175E-13	1.5679E-06	-6.4088E-07
1.3863E-12	7.3402E-13	2.0939E-06	-8.3104E-07
1.3770E-12	7.2636E-13	1.3666E-06	-3.7503E-07
1.3678E-12	7.1878E-13	2.6818E-06	-5.6919E-07
1.3587E-12	7.1127E-13	1.1969E-06	-1.0032E-06
1.3496E-12	7.0383E-13	2.4262E-06	3.3924E-07
1.3405E-12	6.9645E-13	2.5991E-06	-1.1068E-06
1.3316E-12	6.8915E-13	2.3536E-06	-1.1824E-06
1.3226E-12	6.8192E-13	9.5772E-07	-1.1670E-06
1.3138E-12	6.7475E-13	2.5655E-06	7.2826E-07
1.3050E-12	6.6765E-13	2.7689E-06	-1.8837E-06
1.2962E-12	6.6062E-13	1.8547E-06	-3.8508E-08
1.2875E-12	6.5365E-13	3.6986E-06	-1.9135E-06
1.2789E-12	6.4675E-13	1.1031E-06	-2.2100E-06
1.2703E-12	6.3992E-13	1.5630E-06	-1.2593E-06
1.2617E-12	6.3315E-13	1.0227E-06	-1.1154E-06
1.2533E-12	6.2644E-13	1.5734E-06	-6.9137E-07
1.2448E-12	6.1980E-13	1.3439E-06	-6.5465E-07
1.2364E-12	6.1322E-13	1.9321E-06	-3.6454E-07
1.2281E-12	6.0670E-13	2.1484E-06	-6.7911E-07
1.2198E-12	6.0025E-13	2.2558E-06	-1.2671E-06
1.2116E-12	5.9385E-13	1.3869E-06	-1.2847E-06
1.2035E-12	5.8752E-13	1.4902E-06	-6.7044E-07
1.1953E-12	5.8125E-13	1.9582E-06	-4.9645E-07
1.1873E-12	5.7503E-13	2.2006E-06	-1.3871E-06
1.1792E-12	5.6888E-13	1.1024E-06	-1.0565E-06
1.1713E-12	5.6278E-13	1.8167E-06	-6.2135E-07
1.1634E-12	5.5674E-13	1.6024E-06	-7.3015E-07
1.1555E-12	5.5076E-13	2.3195E-06	-9.9774E-07
1.1477E-12	5.4484E-13	1.0441E-06	-1.4962E-06
1.1399E-12	5.3897E-13	1.4947E-06	-1.7251E-07
1.1322E-12	5.3316E-13	1.9116E-06	-8.2261E-07
1.1245E-12	5.2741E-13	2.1390E-06	-7.9253E-07
1.1169E-12	5.2171E-13	1.7516E-06	-1.6756E-06
1.1093E-12	5.1606E-13	1.2761E-06	-1.3097E-06
1.1018E-12	5.1047E-13	3.9373E-07	-1.4325E-06
1.0943E-12	5.0493E-13	6.0137E-07	6.9959E-07
1.0869E-12	4.9945E-13	2.4199E-06	-4.1061E-07
1.0795E-12	4.9402E-13	1.0429E-06	-6.6400E-07
1.0722E-12	4.8864E-13	1.9549E-06	3.7769E-08
1.0649E-12	4.8331E-13	1.8634E-06	-8.3710E-07
1.0577E-12	4.7803E-13	1.5812E-06	-5.5842E-07
1.0505E-12	4.7281E-13	1.4869E-06	-6.0034E-07
1.0433E-12	4.6763E-13	1.5385E-06	2.5861E-08
1.0362E-12	4.6251E-13	2.4833E-06	-3.5512E-07
1.0292E-12	4.5743E-13	1.7704E-06	-1.0992E-06
1.0222E-12	4.5240E-13	1.6949E-06	-4.7643E-07
1.0152E-12	4.4742E-13	1.5554E-06	-9.1442E-07
1.0083E-12	4.4249E-13	1.2688E-06	1.3277E-07
1.0014E-12	4.3761E-13	2.5436E-06	2.3439E-08
9.9456E-13	4.3278E-13	2.5941E-06	-8.1329E-07
9.8777E-13	4.2799E-13	2.1086E-06	-1.4850E-06
9.8102E-13	4.2324E-13	1.2097E-06	-1.0283E-06
9.7432E-13	4.1855E-13	1.4988E-06	-4.8716E-07
9.6766E-13	4.1390E-13	1.8251E-06	-5.3235E-07
9.6104E-13	4.0929E-13	1.3115E-06	-1.0126E-06
9.5446E-13	4.0473E-13	1.1124E-06	6.5439E-07
9.4793E-13	4.0022E-13	3.2191E-06	-1.9425E-07
9.4144E-13	3.9574E-13	1.6645E-06	-1.1349E-06
9.3499E-13	3.9132E-13	2.3951E-06	-3.1057E-07
9.2858E-13	3.8693E-13	1.6132E-06	-1.5593E-06
9.2221E-13	3.8259E-13	1.0650E-06	2.8912E-07
9.1589E-13	3.7829E-13	2.9882E-06	4.4066E-08
9.0960E-13	3.7403E-13	2.3278E-06	-1.4856E-06
9.0336E-13	3.6981E-13	1.4009E-06	-4.9774E-07
8.9715E-13	3.6564E-13	2.4129E-06	-4.6751E-07
8.9099E-13	3.6151E-13	1.6484E-06	-6.2170E-07
8.8486E-13	3.5741E-13	2.8347E-06	2.5049E-07
8.7878E-13	3.5336E-13	3.3577E-06	-1.5635E-06
8.7273E-13	3.4935E-13	1.9435E-06	-1.9900E-06
8.6673E-13	3.4537E-13	1.4044E-06	-1.1188E-06
8.6076E-13	3.4144E-13	2.1602E-06	-9.0099E-07
8.5483E-13	3.3754E-13	1.6886E-06	-1.5531E-06
8.4894E-13	3.3368E-13	1.4532E-06	-8.4183E-07
8.4309E-13	3.2987E-13	1.7011E-06	-9.6604E-07
8.3728E-13	3.2608E-13	1.4921E-06	-6.2748E-07
8.3150E-13	3.2234E-13	2.2749E-06	-2.6104E-07
8.2576E-13	3.1863E-13	2.9237E-06	-1.6893E-06
8.2006E-13	3.1496E-13	7.6913E-07	-2.1961E-06
8.1440E-13	3.1133E-13	9.5822E-07	-3.3836E-08
8.0877E-13	3.0773E-13	2.2093E-06	-7.5718E-07
8.0318E-13	3.0417E-13	1.5694E-06	-1.0682E-06
7.9762E-13	3.0064E-13	1.5237E-06	-6.2636E-07
7.9210E-13	2.9715E-13	2.1946E-06	-5.3979E-07
7.8662E-13	2.9369E-13	2.0707E-06	-1.6149E-06
7.8118E-13	2.9027E-13	8.3760E-07	-1.2132E-06
7.7576E-13	2.8688E-13	1.1714E-06	4.5017E-08
7.7039E-13	2.8352E-13	2.4891E-06	2.1452E-08
7.6505E-13	2.8020E-13	2.7078E-06	-1.1196E-06
7.5974E-13	2.7691E-13	2.1154E-06	-1.4886E-06
7.5447E-13	2.7366E-13	1.6544E-06	-1.3614E-06
7.4924E-13	2.7044E-13	1.8059E-06	-9.5535E-07
7.4403E-13	2.6725E-13	2.1288E-06	-1.4442E-06
7.3887E-13	2.6409E-13	1.2314E-06	-1.8800E-06
7.3373E-13	2.6096E-13	7.7226E-07	-4.5144E-07
7.2863E-13	2.5787E-13	2.6065E-06	-5.7981E-07
7.2357E-13	2.5480E-13	1.6345E-06	-2.0089E-06
7.1853E-13	2.5177E-13	1.4776E-06	-1.0515E-06
7.1353E-13	2.4877E-13	1.3161E-06	-2.0073E-06
7.0856E-13	2.4579E-13	2.2304E-07	-7.9713E-07
7.0363E-13	2.4285E-13	1.4020E-06	-8.7134E-08
6.9873E-13	2.3994E-13	2.0224E-06	-5.0024E-07
6.9386E-13	2.3706E-13	2.3606E-06	-1.2638E-06
6.8902E-13	2.3420E-13	1.6711E-06	-2.2653E-06
6.8421E-13	2.3138E-13	1.4092E-07	-1.6886E-06
6.7944E-13	2.2858E-13	9.4944E-07	-4.5305E-07
6.7469E-13	2.2581E-13	8.0542E-07	-1.5230E-06
6.6998E-13	2.2307E-13	-3.4604E-08	-3.0950E-08
6.6530E-13	2.2036E-13	1.5557E-06	3.3031E-07
6.6065E-13	2.1768E-13	1.7266E-06	-4.5340E-07
6.5603E-13	2.1502E-13	1.4456E-06	-5.1255E-07
6.5144E-13	2.1239E-13	1.9566E-06	-1.9045E-07
6.4688E-13	2.0978E-13	2.1858E-06	-1.4522E-06
6.4236E-13	2.0721E-13	7.6362E-07	-1.3396E-06
6.3786E-13	2.0466E-13	8.8434E-07	-3.4954E-07
6.3339E-13	2.0213E-13	1.5306E-06	-8.8159E-08
6.2895E-13	1.9964E-13	1.9488E-06	-6.3394E-07
6.2454E-13	1.9716E-13	1.6722E-06	-8.3437E-07
6.2016E-13	1.9472E-13	1.5675E-06	-8.4614E-07
6.1581E-13	1.9229E-13	1.9342E-06	-6.9058E-07
6.1149E-13	1.8990E-13	1.6277E-06	-1.9254E-06
6.0720E-13	1.8752E-13	3.0041E-07	-5.9345E-07
6.0293E-13	1.8518E-13	2.1087E-06	-5.3869E-07
5.9869E-13	1.8285E-13	7.3856E-07	-1.3944E-06
5.9449E-13	1.8055E-13	1.5314E-06	-5.9790E-08
5.9031E-13	1.7828E-13	1.4012E-06	-1.5474E-06
5.8615E-13	1.7602E-13	8.5108E-07	-1.1066E-07
5.8203E-13	1.7379E-13	2.2426E-06	-1.1343E-06
5.7793E-13	1.7159E-13	4.8722E-07	-1.5723E-06
5.7386E-13	1.6940E-13	6.2486E-07	-2.9072E-07
5.6982E-13	1.6724E-13	1.2128E-06	-1.2748E-07
5.6580E-13	1.6511E-13	1.7459E-06	-8.1234E-07
5.6181E-13	1.6299E-13	4.5125E-07	-7.8677E-07
5.5785E-13	1.6090E-13	1.7731E-06	4.2060E-07
5.5392E-13	1.5882E-13	1.7123E-06	-1.6287E-06
5.5001E-13	1.5677E-13	4.1770E-07	-1.6562E-07
5.4612E-13	1.5475E-13	2.0254E-06	-5.2559E-07
5.4226E-13	1.5274E-13	5.4953E-07	-9.5720E-07
5.3843E-13	1.5075E-13	1.2781E-06	3.1651E-07
5.3463E-13	1.4879E-13	1.5453E-06	-3.2477E-07
5.3085E-13	1.4684E-13	2.0883E-06	1.1136E-07
5.2709E-13	1.4492E-13	2.3116E-06	-1.3958E-06
5.2336E-13	1.4301E-13	1.1665E-06	-8.7849E-07
5.1966E-13	1.4113E-13	2.0081E-06	-1.1322E-06
5.1598E-13	1.3926E-13	7.0417E-07	-1.4533E-06
5.1232E-13	1.3742E-13	1.0947E-06	-2.7877E-07
5.0869E-13	1.3559E-13	1.6950E-06	-6.9046E-07
5.0508E-13	1.3379E-13	1.7678E-06	-1.3980E-06
5.0150E-13	1.3200E-13	5.5387E-07	-1.4869E-06
4.9794E-13	1.3023E-13	1.0350E-06	-6.2973E-07
4.9441E-13	1.2849E-13	6.1951E-07	-1.1664E-06
4.9090E-13	1.2675E-13	1.0548E-06	-1.2901E-07
4.8741E-13	1.2504E-13	1.1614E-06	-1.3371E-06
4.8395E-13	1.2335E-13	7.0532E-07	-1.3583E-07
4.8051E-13	1.2167E-13	2.0982E-06	-1.3006E-06
4.7709E-13	1.2002E-13	2.9593E-07	-2.0407E-06
4.7370E-13	1.1838E-13	-1.4202E-07	-1.1106E-06
4.7033E-13	1.1675E-13	-3.1109E-07	-5.6420E-07
4.6698E-13	1.1515E-13	-1.2255E-07	-1.7801E-07
