jMRUI Data Textfile

Filename: Export_to_jmrui.txt

PointsInDataset: 2048
DatasetsInFile: 1
SamplingInterval: 0.250000
ZeroOrderPhase: 0E0
BeginTime: 0E0
TransmitterFrequency: 1.2326E8
MagneticField: 2.8936E0
TypeOfNucleus:  
NameOfPatient:  
DateOfExperiment:  
Spectrometer:  
AdditionalInfo: 
SignalNames:  


Signal and FFT
sig(real)	sig(imag)	fft(real)	fft(imag)
Signal 1 out of 1 in file
5.5986E-06	7.3769E-07	1.3594E-06	2.2243E-06
5.5261E-06	-1.8082E-06	1.7633E-06	1.4624E-06
4.0777E-06	-3.8930E-06	1.9018E-06	2.6469E-06
1.9836E-06	-4.8251E-06	2.9159E-06	2.0082E-06
-3.3768E-07	-4.7555E-06	2.7925E-06	2.4793E-06
-2.0439E-06	-3.4701E-06	4.1055E-06	1.9431E-06
-2.7391E-06	-1.6468E-06	3.9730E-06	9.2981E-07
-2.3931E-06	-1.1079E-08	3.1753E-06	6.4928E-08
-1.2740E-06	9.2813E-07	2.2023E-06	1.2293E-06
-5.8947E-08	1.0158E-06	3.3422E-06	1.3128E-06
7.4290E-07	5.0385E-07	2.8986E-06	1.0241E-06
9.9871E-07	-3.3372E-07	3.2197E-06	1.0989E-06
7.9350E-07	-1.0100E-06	3.0307E-06	1.1898E-06
1.7118E-07	-1.4481E-06	3.7284E-06	9.4211E-07
-3.7864E-07	-1.3767E-06	3.1538E-06	4.5284E-07
-8.3019E-07	-1.1182E-06	3.2816E-06	6.8703E-07
-1.0013E-06	-7.2465E-07	3.3482E-06	4.4875E-07
-1.0094E-06	-4.6966E-07	3.3442E-06	-2.6417E-07
-9.6864E-07	-3.4562E-07	2.1784E-06	-1.6332E-07
-9.9986E-07	-1.8522E-07	2.4049E-06	1.7036E-07
-1.0209E-06	-2.8520E-08	1.5076E-06	6.1603E-07
-1.0695E-06	1.1843E-07	3.1350E-06	1.4582E-06
-9.9343E-07	4.7710E-07	2.8461E-06	-6.7706E-07
-7.3372E-07	7.2109E-07	1.0944E-06	4.9673E-08
-3.3066E-07	8.6226E-07	1.1876E-06	1.5199E-06
-4.3675E-08	8.1208E-07	2.7876E-06	1.4921E-06
2.4598E-07	4.8439E-07	1.4557E-06	4.0474E-07
2.7707E-07	1.8511E-07	1.9891E-06	2.8090E-06
1.6037E-07	-1.4900E-07	3.7159E-06	9.4386E-07
-1.5613E-07	-2.5310E-07	2.1563E-06	5.9198E-07
-5.3878E-07	-1.0018E-07	1.9835E-06	1.0887E-06
-6.8029E-07	2.2100E-07	2.4501E-06	1.8875E-06
-5.6023E-07	6.5155E-07	2.7779E-06	5.7351E-07
-3.5365E-07	9.2929E-07	1.4420E-06	1.7794E-06
-2.2652E-08	9.9846E-07	3.0923E-06	2.1756E-06
2.9867E-07	9.1236E-07	3.4673E-06	1.7655E-06
5.9287E-07	6.5283E-07	3.6778E-06	-4.8001E-08
6.4357E-07	4.4903E-07	1.2121E-06	1.1844E-06
6.3913E-07	2.6787E-07	4.2797E-06	2.1509E-06
6.0521E-07	1.0806E-07	2.7449E-06	-6.3316E-07
5.7113E-07	-1.2652E-08	2.2232E-06	1.1515E-06
5.3539E-07	-1.0377E-07	2.0838E-06	8.0079E-07
5.0076E-07	-2.6002E-07	3.1183E-06	1.8816E-06
4.3498E-07	-3.6159E-07	2.9492E-06	-3.6083E-07
2.8668E-07	-4.7422E-07	1.3057E-06	1.0780E-06
5.2550E-08	-5.5838E-07	2.2663E-06	1.7073E-06
-1.7190E-07	-4.2234E-07	3.0643E-06	1.7917E-06
-2.4926E-07	-1.9212E-07	3.0899E-06	4.4545E-07
-1.5777E-07	1.7469E-08	2.2051E-06	1.0113E-06
1.1447E-08	1.4124E-07	2.5971E-06	1.0088E-06
2.3561E-07	1.8978E-07	2.6129E-06	1.0515E-06
3.3992E-07	1.9653E-08	2.1435E-06	5.2480E-07
3.1691E-07	-1.7976E-07	1.9289E-06	1.8592E-06
1.4688E-07	-4.1482E-07	2.9206E-06	1.2519E-06
-1.2471E-07	-4.7657E-07	2.4441E-06	1.5491E-06
-3.7603E-07	-3.4735E-07	3.1269E-06	1.0050E-06
-5.1742E-07	-1.4050E-07	2.3094E-06	1.3122E-06
-3.7161E-07	8.3092E-08	3.3729E-06	1.2203E-06
-1.4132E-07	2.5090E-07	2.7825E-06	7.0972E-07
7.9717E-08	2.5339E-07	3.1403E-06	3.0157E-07
2.5328E-07	9.8191E-08	1.3477E-06	5.0351E-08
3.0374E-07	-6.2784E-08	1.8933E-06	2.0456E-06
1.6730E-07	-2.5014E-07	3.0416E-06	1.0580E-06
-2.8310E-08	-2.8180E-07	2.1324E-06	5.8292E-07
-2.8895E-07	-1.8824E-07	1.7083E-06	1.4237E-06
-3.4075E-07	-4.9576E-08	2.5231E-06	1.8946E-06
-2.8709E-07	1.0269E-07	2.7908E-06	1.5896E-06
-1.5828E-07	1.7951E-07	3.6398E-06	1.5466E-06
7.0847E-09	1.4195E-07	3.6110E-06	-5.5782E-07
1.2554E-07	4.4350E-08	8.3519E-07	-3.9543E-07
6.2673E-08	-7.5458E-08	1.1659E-06	2.2211E-06
-1.5022E-08	-1.4736E-07	3.0869E-06	1.6961E-06
-1.6315E-07	-1.0777E-07	2.2871E-06	4.7586E-07
-1.9549E-07	-4.9356E-08	1.5021E-06	1.7249E-06
-2.4659E-07	1.3274E-07	3.3480E-06	2.1313E-06
-8.1818E-08	2.4918E-07	3.1619E-06	-7.7848E-08
5.3699E-09	2.0981E-07	1.3093E-06	7.3452E-07
1.9257E-07	1.3404E-07	2.3858E-06	1.5770E-06
1.7930E-07	3.4251E-08	2.2610E-06	5.5276E-07
1.2171E-07	-8.6799E-08	1.1432E-06	1.1026E-06
-6.0065E-08	-7.6738E-08	1.8842E-06	2.5840E-06
-1.3816E-07	-8.6447E-09	3.4698E-06	1.3152E-06
-2.0216E-07	1.0315E-07	1.4763E-06	4.0668E-07
-6.2935E-08	2.3775E-07	1.7590E-06	2.4685E-06
4.0233E-08	3.0664E-07	2.7667E-06	1.4362E-06
2.4431E-07	2.0446E-07	2.1246E-06	1.8706E-06
2.7440E-07	6.3629E-08	3.1434E-06	1.3696E-06
3.2928E-07	-1.3317E-07	1.9237E-06	8.3952E-07
1.8155E-07	-3.0308E-07	1.8089E-06	1.7001E-06
2.2107E-08	-2.8124E-07	1.8636E-06	2.3614E-06
-1.2227E-07	-1.6982E-07	3.2621E-06	2.6195E-06
-1.8311E-07	-1.5699E-08	3.4431E-06	1.6007E-06
-2.2646E-07	1.3915E-07	3.5915E-06	1.2383E-06
-2.7369E-08	2.5574E-07	3.1637E-06	7.6098E-07
1.9255E-07	2.6735E-07	3.4515E-06	1.0580E-07
2.9178E-07	8.9015E-08	1.0230E-06	-2.5657E-07
3.8827E-07	2.9740E-11	2.3152E-06	2.6020E-06
2.8289E-07	-1.3403E-07	3.5576E-06	-4.8336E-07
1.5456E-07	-2.6825E-07	5.2851E-07	-5.5671E-08
4.5873E-08	-2.9871E-07	8.4083E-07	1.4890E-06
-1.0286E-07	-2.6407E-07	1.2157E-06	2.0728E-06
-1.2838E-07	-2.0870E-07	1.5575E-06	2.3011E-06
-1.6356E-07	-1.5451E-07	2.7586E-06	2.8582E-06
-1.7556E-07	-8.0451E-08	2.9195E-06	6.1316E-07
-1.8364E-07	-5.9293E-08	9.1852E-07	2.0738E-06
-1.7046E-07	2.4639E-08	3.1226E-06	2.5891E-06
-1.9705E-07	5.2593E-08	2.4648E-06	1.2915E-06
-2.3182E-07	1.7458E-07	2.2251E-06	2.2927E-06
-1.3858E-07	1.4163E-07	3.8072E-06	2.3692E-06
-3.5692E-08	2.5893E-07	3.8421E-06	-2.9703E-07
3.5014E-08	1.9352E-07	9.2670E-07	2.0758E-07
1.2456E-07	1.3836E-07	1.6995E-06	1.9425E-06
1.9556E-07	1.2630E-08	2.1935E-06	1.6880E-06
7.2995E-08	-1.2980E-07	2.4265E-06	1.2990E-06
4.6700E-09	-1.5951E-07	1.6739E-06	1.2137E-06
-1.7993E-07	-1.2166E-07	1.7231E-06	1.7839E-06
-2.3522E-07	-5.0310E-08	1.8814E-06	2.0559E-06
-2.4037E-07	2.9636E-08	2.1852E-06	1.8831E-06
-1.8217E-07	8.8991E-08	1.8547E-06	2.2915E-06
-1.2199E-08	2.3034E-07	2.9005E-06	2.6162E-06
6.7905E-08	1.6163E-07	3.6104E-06	1.5315E-06
1.9478E-07	9.7076E-08	2.2347E-06	-4.9570E-08
1.0774E-07	-3.3850E-08	6.1320E-07	2.3570E-06
1.1544E-07	-1.1562E-07	3.5264E-06	2.3202E-06
-1.9768E-09	-1.3572E-07	1.4980E-06	5.7548E-07
-9.5807E-08	-6.2186E-08	1.5649E-06	2.9742E-06
-1.0529E-07	3.4448E-09	2.8105E-06	2.2146E-06
-5.6593E-08	9.9659E-08	2.3743E-06	2.0329E-06
-8.9644E-08	1.6164E-07	2.5320E-06	2.4905E-06
1.3557E-09	1.3987E-07	3.4523E-06	2.0786E-06
5.4014E-08	1.2821E-07	2.7183E-06	1.4270E-06
6.6276E-08	9.3851E-09	3.1777E-06	1.9142E-06
6.2023E-08	-5.5610E-08	2.9252E-06	9.6307E-07
3.2696E-08	4.5614E-10	2.9505E-06	1.3641E-06
3.4812E-09	-3.9061E-08	2.4016E-06	-7.8804E-09
6.9128E-08	3.6297E-08	8.9166E-07	1.7046E-06
1.2477E-07	2.5588E-08	2.8857E-06	2.0577E-06
1.4310E-07	1.3823E-08	2.1149E-06	7.0797E-07
1.8597E-07	-1.4228E-08	1.5803E-06	1.4777E-06
1.4729E-07	-1.2016E-07	1.4891E-06	1.5833E-06
7.6940E-08	-1.5615E-07	1.4823E-06	2.2580E-06
2.6615E-08	-1.8176E-07	1.8492E-06	2.4267E-06
-1.6906E-07	-1.1301E-07	2.3384E-06	2.6944E-06
-1.5773E-07	-4.9053E-08	2.7289E-06	2.0141E-06
-1.8657E-07	1.2078E-09	2.1606E-06	1.9520E-06
-8.3138E-08	7.8747E-08	2.2201E-06	2.4597E-06
-4.2383E-08	8.8046E-08	3.0585E-06	2.5685E-06
6.8362E-08	7.7353E-08	3.1390E-06	1.4226E-06
1.2948E-07	6.6708E-09	2.3744E-06	1.5723E-06
9.4571E-08	-5.7823E-08	2.4480E-06	1.4410E-06
6.3438E-09	-1.2704E-07	1.6436E-06	1.7457E-06
-3.2844E-08	-8.0494E-08	2.1148E-06	2.9001E-06
-7.0589E-08	-6.0966E-08	3.6647E-06	2.4707E-06
-1.0551E-07	9.1995E-09	3.1092E-06	8.2203E-07
-8.3283E-08	8.5830E-08	2.2803E-06	1.3486E-06
-6.8023E-08	1.0563E-07	2.1506E-06	1.0845E-06
-4.2826E-08	1.0896E-07	1.7668E-06	1.6180E-06
6.0544E-08	4.2102E-08	1.2486E-06	1.6282E-06
3.5268E-08	2.5992E-08	2.0749E-06	3.5270E-06
4.3534E-08	-1.2820E-08	3.1087E-06	1.1204E-06
2.9343E-08	-2.4074E-08	1.0324E-06	2.9709E-06
-7.3496E-10	-3.3254E-08	4.2031E-06	2.2394E-06
-2.3723E-08	-3.3302E-08	1.4592E-06	1.0578E-06
1.9093E-08	-7.9948E-08	2.5363E-06	2.5461E-06
-7.4757E-08	-3.8436E-08	1.6681E-06	2.2097E-06
-5.5567E-08	-4.3212E-09	3.5845E-06	3.2057E-06
-1.4889E-07	-1.2377E-09	3.1377E-06	1.1177E-06
-6.8530E-08	8.8000E-08	2.9264E-06	1.6045E-06
-1.0054E-07	7.8303E-08	2.0729E-06	9.6636E-07
-1.7220E-08	1.4155E-07	2.4089E-06	1.7566E-06
4.8079E-08	1.2090E-07	1.2385E-06	9.9600E-07
7.4140E-08	1.1758E-07	1.7407E-06	3.2719E-06
1.1149E-07	8.7526E-08	2.7920E-06	1.6319E-06
1.2151E-07	-2.7783E-08	1.5389E-06	2.2654E-06
9.5707E-08	-2.4861E-08	2.5170E-06	2.6104E-06
1.2107E-07	-5.8400E-08	2.4379E-06	1.8498E-06
7.7425E-08	-2.8738E-08	1.3234E-06	2.5281E-06
8.6907E-08	-9.1448E-08	3.0464E-06	3.8904E-06
1.0369E-08	-4.5061E-09	3.7525E-06	2.1043E-06
1.3745E-08	-9.9359E-09	3.5929E-06	2.0580E-06
3.8881E-08	-1.0183E-08	3.2372E-06	7.3035E-07
6.9245E-08	-4.0275E-08	2.4578E-06	1.5152E-06
5.4624E-08	-3.0443E-08	2.5950E-06	6.9592E-07
1.2563E-08	-3.0513E-08	1.6096E-06	1.6074E-06
1.7597E-08	-7.6004E-08	2.3985E-06	8.5656E-07
1.4170E-08	-6.1556E-08	-5.8332E-08	1.3369E-06
1.1307E-08	-8.1221E-08	1.2588E-06	3.9048E-06
2.4116E-08	-5.2298E-08	2.8064E-06	3.0655E-06
-2.5282E-08	-1.4055E-09	2.9892E-06	2.3701E-06
-1.8426E-08	-1.4718E-08	2.5528E-06	1.7460E-06
-6.4921E-08	-1.2803E-08	2.1910E-06	2.0137E-06
-2.4005E-08	-1.5212E-08	2.0660E-06	2.1434E-06
-7.5296E-08	-2.8681E-08	2.5140E-06	2.4108E-06
-1.0606E-07	-3.5924E-09	2.0973E-06	1.4731E-06
-5.6791E-08	2.8986E-08	1.3159E-06	3.0258E-06
-3.0225E-08	3.0609E-08	3.3108E-06	2.9043E-06
-1.1599E-08	-9.7922E-10	2.4566E-06	1.6333E-06
3.6191E-08	2.1661E-09	2.2340E-06	2.3283E-06
-1.4619E-08	1.6853E-08	2.3632E-06	2.0487E-06
4.1411E-08	1.4782E-08	1.8187E-06	2.0615E-06
1.3426E-08	4.2056E-09	1.7181E-06	3.2269E-06
-1.9030E-08	2.3541E-08	3.3363E-06	3.0208E-06
-3.3748E-08	7.7434E-09	2.6442E-06	2.0546E-06
-7.3316E-09	3.8402E-08	3.0631E-06	2.5428E-06
-3.3143E-08	2.9827E-09	2.7314E-06	1.3822E-06
-6.2408E-08	4.1480E-08	1.9369E-06	2.0969E-06
-2.8502E-08	3.9198E-08	2.1744E-06	2.2668E-06
2.7718E-08	3.7985E-08	2.1396E-06	2.6422E-06
-1.2163E-08	-1.1966E-08	2.6127E-06	2.6358E-06
1.1021E-08	1.3937E-08	2.5048E-06	2.4547E-06
-2.7640E-08	3.3407E-08	2.7125E-06	2.8635E-06
-1.0615E-08	3.4592E-08	3.4378E-06	2.3308E-06
-3.2883E-08	4.1367E-09	3.0367E-06	1.6864E-06
-3.4825E-08	2.4461E-08	2.6504E-06	1.2463E-06
2.4794E-08	2.7126E-09	1.3291E-06	1.7987E-06
-2.3920E-08	2.0246E-08	2.3103E-06	3.0903E-06
4.2477E-09	1.3553E-08	2.8594E-06	2.1394E-06
2.2700E-09	1.6474E-08	2.3160E-06	2.0115E-06
3.2485E-08	5.9326E-08	2.1385E-06	2.6083E-06
6.7775E-08	6.6031E-08	3.2951E-06	2.4280E-06
7.3187E-08	2.7495E-08	2.1336E-06	1.2272E-06
5.8461E-08	1.1518E-08	1.9284E-06	3.0115E-06
8.0943E-08	-5.1178E-09	3.2529E-06	1.9380E-06
3.7554E-08	-9.4655E-08	1.6130E-06	1.7229E-06
3.9044E-08	-1.1292E-07	2.3556E-06	2.8861E-06
5.6516E-08	-8.0750E-08	2.1390E-06	1.8290E-06
-3.9219E-08	-7.4114E-08	1.7534E-06	3.7643E-06
-5.5097E-08	-8.9460E-08	4.5854E-06	2.6037E-06
-7.0334E-08	-4.1897E-08	2.1148E-06	5.2593E-07
-4.0005E-08	-3.9573E-08	1.7236E-06	2.8899E-06
-6.5249E-08	9.9852E-09	2.8753E-06	2.1595E-06
-3.6965E-08	-4.1920E-10	1.9320E-06	2.0259E-06
-3.9138E-08	4.9800E-09	2.2814E-06	3.0773E-06
-3.0259E-08	3.7070E-08	3.5618E-06	2.0736E-06
-5.6402E-10	-5.5391E-08	1.7160E-06	1.0075E-06
4.0441E-08	-9.7868E-09	1.1769E-06	3.0260E-06
-1.7344E-08	-4.4875E-08	2.6437E-06	3.5680E-06
1.4352E-08	-4.5391E-09	3.6094E-06	2.4165E-06
-4.0308E-09	-2.8585E-08	2.2720E-06	1.6751E-06
-4.1287E-08	-4.2647E-09	2.4486E-06	2.9542E-06
3.0055E-09	-4.7614E-08	3.3195E-06	2.4470E-06
-1.4089E-08	7.8457E-10	3.5276E-06	1.5322E-06
-1.4722E-08	2.2177E-08	2.1252E-06	7.3464E-07
-6.6495E-09	-1.6596E-08	1.7418E-06	1.9975E-06
-1.5538E-08	-4.1712E-08	1.9953E-06	1.5764E-06
-6.1731E-09	9.3980E-09	1.2041E-06	2.1801E-06
-3.7251E-08	-6.8444E-09	2.0762E-06	2.8510E-06
-7.8361E-09	-1.4187E-08	2.0874E-06	1.6755E-06
-4.7731E-08	5.4715E-09	6.5058E-07	3.0094E-06
-4.7429E-08	-2.2868E-09	3.1127E-06	3.6821E-06
-6.3334E-08	4.0268E-09	2.2523E-06	1.7310E-06
-7.5484E-08	-4.3158E-09	2.1073E-06	3.1545E-06
9.8932E-09	5.4828E-08	2.5788E-06	2.2497E-06
-2.7917E-08	6.1634E-08	2.1671E-06	2.7581E-06
1.4058E-08	1.9532E-08	2.7772E-06	2.5422E-06
3.2460E-09	5.3762E-08	2.6727E-06	1.8679E-06
-2.0373E-08	7.3143E-09	1.7500E-06	2.1232E-06
3.4360E-08	5.4440E-08	2.8231E-06	2.1469E-06
4.7849E-09	-1.1684E-08	7.5328E-07	1.1216E-06
2.5067E-08	1.8066E-08	1.3708E-06	4.0817E-06
-1.7204E-08	-2.6082E-09	2.7385E-06	2.1021E-06
2.4360E-08	1.0004E-08	1.2889E-06	2.6291E-06
8.3301E-09	-1.9939E-09	1.7302E-06	2.9237E-06
1.8128E-08	7.8702E-09	2.0144E-06	3.4949E-06
4.4749E-08	4.2738E-08	2.4832E-06	2.8162E-06
1.9050E-08	5.9170E-09	2.4486E-06	2.9614E-06
-4.7937E-09	-1.1506E-08	2.0641E-06	2.1931E-06
-5.4451E-09	5.8904E-08	1.9377E-06	3.5274E-06
2.2083E-08	-7.2979E-09	2.9008E-06	2.4821E-06
3.3104E-09	1.7560E-08	2.1944E-06	2.4871E-06
3.4831E-08	-4.5203E-08	1.8138E-06	1.8716E-06
1.7558E-08	-3.3631E-08	1.1431E-06	3.3134E-06
2.1789E-08	-1.8085E-08	1.8824E-06	2.8282E-06
2.7661E-08	-1.6910E-08	1.3536E-06	4.3482E-06
2.3530E-08	-1.5852E-08	3.7769E-06	3.3228E-06
1.9156E-08	-1.8439E-08	1.8792E-06	2.3270E-06
-1.6971E-08	-9.1845E-09	2.2321E-06	3.1727E-06
-6.3444E-09	7.3515E-09	1.8117E-06	3.3203E-06
1.3692E-08	-3.1778E-08	2.8672E-06	3.5471E-06
-1.5372E-08	3.1426E-08	2.3857E-06	3.0651E-06
-1.5948E-08	-2.2697E-08	3.2697E-06	3.0357E-06
-3.7488E-08	3.2800E-08	1.7307E-06	1.9129E-06
-1.0065E-08	2.7767E-09	1.8263E-06	4.3368E-06
6.9467E-09	-4.9890E-08	3.7533E-06	2.8324E-06
-8.9491E-09	-1.9652E-08	1.6636E-06	2.1306E-06
1.0474E-08	-2.7824E-08	1.9479E-06	3.9514E-06
-4.5619E-08	3.9316E-08	3.1037E-06	3.3983E-06
-4.3029E-08	4.0236E-08	2.9052E-06	2.7813E-06
-4.2584E-08	2.8810E-08	2.3936E-06	2.4495E-06
-5.0880E-09	3.5834E-09	1.6947E-06	3.1885E-06
3.0835E-08	-2.5459E-08	2.8169E-06	4.0821E-06
-1.4818E-08	4.2440E-08	3.5887E-06	2.3664E-06
1.1637E-08	4.1288E-08	1.3186E-06	2.4653E-06
2.9660E-08	4.9792E-09	2.8108E-06	4.3810E-06
3.9153E-08	4.3779E-09	3.1110E-06	2.2721E-06
3.3576E-08	3.8894E-10	1.9816E-06	3.7106E-06
4.1790E-08	-9.4980E-09	3.8934E-06	3.3152E-06
5.2240E-09	-3.2592E-08	3.0290E-06	2.0780E-06
2.2037E-08	-9.6676E-09	2.5891E-06	2.3370E-06
1.1909E-08	-2.7067E-08	2.2558E-06	2.0795E-06
8.8372E-09	-6.1157E-08	1.1206E-06	2.7404E-06
-3.0702E-08	-2.3347E-08	2.2861E-06	4.3604E-06
-1.9618E-08	-3.4190E-08	3.2822E-06	2.9047E-06
-2.0207E-08	2.2194E-08	2.4496E-06	2.8527E-06
2.2863E-08	-1.1849E-08	2.3413E-06	2.8926E-06
-3.4205E-08	2.6872E-08	2.7778E-06	3.5638E-06
-2.1421E-08	-1.4554E-08	2.9101E-06	2.0774E-06
1.1999E-08	2.0325E-08	1.6499E-06	3.3741E-06
-6.6705E-09	3.1895E-08	3.3178E-06	3.0206E-06
2.9320E-08	2.2977E-08	2.0698E-06	2.4640E-06
2.6268E-09	-5.2275E-09	2.2865E-06	2.9399E-06
4.6714E-08	-2.0287E-09	1.9621E-06	3.1414E-06
7.2122E-09	-1.3714E-08	2.2116E-06	3.0444E-06
6.8092E-08	1.9771E-08	1.7442E-06	4.1030E-06
2.8606E-08	6.9228E-09	3.7247E-06	3.5136E-06
7.0644E-08	-1.9594E-09	1.8569E-06	2.8088E-06
-1.0763E-09	-4.9876E-08	3.4027E-06	4.1476E-06
5.0383E-08	-2.0955E-08	2.8087E-06	1.9860E-06
-9.8792E-09	-2.5235E-08	1.9731E-06	3.6466E-06
2.7304E-08	-4.2224E-08	2.9511E-06	3.2038E-06
1.6589E-08	-1.5783E-08	2.4292E-06	3.3385E-06
4.5527E-08	-4.8555E-08	2.8844E-06	3.5753E-06
2.6190E-08	-3.5477E-08	3.3209E-06	3.2550E-06
-1.0495E-08	-4.2267E-08	2.8466E-06	2.6588E-06
-2.0447E-08	-2.1423E-08	2.8726E-06	3.3723E-06
2.4912E-08	-4.8609E-09	3.2108E-06	2.4094E-06
1.9517E-09	-1.5598E-09	2.1467E-06	3.0517E-06
-7.5080E-09	-1.2189E-08	3.5148E-06	3.0914E-06
-7.5161E-09	-1.4725E-08	2.3976E-06	1.9721E-06
-1.6528E-09	-6.6600E-09	2.2454E-06	3.2396E-06
4.8403E-08	-4.3664E-08	2.6202E-06	2.6423E-06
-9.1438E-09	7.6446E-08	2.0230E-06	3.2267E-06
-4.3243E-11	-5.8748E-09	2.8591E-06	3.4812E-06
3.5753E-08	-3.1994E-08	3.0960E-06	2.9311E-06
-2.2750E-08	-7.4063E-09	2.8193E-06	2.3411E-06
1.0162E-08	-1.2006E-08	1.9851E-06	2.4943E-06
5.5098E-09	-7.1694E-09	2.0012E-06	3.1105E-06
-4.7233E-08	-4.4849E-08	1.9215E-06	3.2876E-06
3.5223E-09	1.3059E-08	2.4039E-06	4.2389E-06
2.0775E-08	6.8608E-09	3.6504E-06	3.2223E-06
-1.4163E-08	-3.6425E-09	2.2537E-06	2.9508E-06
5.4585E-09	1.4301E-08	3.6283E-06	3.7703E-06
5.5578E-08	-6.5476E-09	3.0010E-06	1.8774E-06
-1.7055E-08	-3.5012E-08	2.4819E-06	3.4113E-06
-1.7556E-09	-1.7972E-08	3.4496E-06	2.2369E-06
8.7888E-09	-2.5291E-08	2.0988E-06	2.3476E-06
5.0476E-09	-1.5468E-08	2.4177E-06	2.7385E-06
-2.0879E-08	-1.3842E-08	2.2666E-06	2.8904E-06
-1.6224E-08	2.1437E-09	2.6290E-06	3.0244E-06
9.3393E-09	1.1562E-07	3.0721E-06	2.5705E-06
-2.5999E-08	3.1629E-08	2.1633E-06	1.8001E-06
1.7031E-08	3.5754E-08	2.0211E-06	2.7277E-06
1.0885E-08	-3.5940E-08	1.7621E-06	2.0147E-06
4.3821E-08	-2.9788E-08	1.6258E-06	3.2253E-06
2.4243E-08	-8.3835E-09	1.6827E-06	1.8788E-06
7.0386E-09	-1.0725E-08	1.9439E-07	3.8524E-06
5.7700E-08	-5.3870E-08	2.0472E-06	4.0507E-06
-5.1020E-08	-9.0052E-09	1.9361E-06	4.4317E-06
-8.5599E-10	-2.8601E-08	3.3937E-06	3.2507E-06
6.7694E-09	-6.0755E-08	1.8008E-06	3.0359E-06
2.2093E-08	-2.9924E-08	2.3837E-06	3.0366E-06
5.1178E-09	-1.5885E-08	1.4266E-06	3.7685E-06
-3.7909E-08	1.0152E-08	3.0283E-06	3.0536E-06
4.0392E-09	-3.9663E-08	4.3112E-07	3.3344E-06
-2.8388E-08	-3.0688E-08	3.0019E-06	4.9764E-06
-2.3160E-09	-6.0838E-09	2.3770E-06	3.1572E-06
-2.9190E-08	1.1463E-08	3.1941E-06	3.5686E-06
4.5826E-09	-1.3224E-08	9.6379E-07	2.2752E-06
-2.6168E-08	-1.0214E-08	2.0185E-06	5.7418E-06
-2.0332E-08	2.1041E-08	3.4887E-06	2.9705E-06
-2.7812E-08	-2.5076E-08	1.9085E-06	4.3151E-06
2.4128E-08	-5.7291E-09	4.0735E-06	3.4105E-06
-1.4414E-08	2.3112E-08	1.9526E-06	2.4334E-06
-3.2539E-08	6.2613E-09	2.5624E-06	3.9299E-06
1.0017E-08	-1.3953E-08	2.4833E-06	2.5694E-06
-9.8110E-09	1.7266E-08	1.7896E-06	4.0714E-06
-1.9281E-08	-5.2930E-09	3.4753E-06	3.0328E-06
7.5165E-09	-3.6131E-09	1.3046E-06	2.6104E-06
4.0336E-08	2.8328E-08	2.0047E-06	4.0397E-06
6.5877E-09	-1.5190E-08	2.1148E-06	4.0295E-06
2.5550E-08	-7.1772E-09	3.6849E-06	3.4611E-06
2.5315E-08	-3.1918E-09	1.1565E-06	1.9190E-06
-6.2943E-09	1.6016E-08	1.5509E-06	5.1756E-06
1.4313E-08	7.0346E-09	3.2906E-06	3.3321E-06
-2.8185E-08	1.3674E-08	1.9052E-06	3.1781E-06
-4.0507E-09	1.2555E-08	1.5599E-06	3.5956E-06
-3.7870E-09	-2.4846E-08	2.0799E-06	4.8330E-06
-7.8455E-10	1.3496E-08	3.0727E-06	3.6808E-06
-7.7087E-09	3.2709E-08	1.9651E-06	3.9535E-06
5.2807E-08	-7.8404E-09	3.3060E-06	4.3769E-06
-7.4400E-09	1.4493E-08	2.9367E-06	2.5967E-06
1.5842E-08	1.9957E-08	1.3221E-06	3.8814E-06
1.5740E-08	2.7967E-08	3.3226E-06	4.4683E-06
-1.5247E-08	1.2717E-08	2.3957E-06	2.9806E-06
-1.0791E-08	-9.8241E-09	2.6448E-06	4.5913E-06
4.1794E-08	-3.6170E-08	3.6907E-06	3.0480E-06
1.5497E-08	-3.0738E-09	2.2454E-06	2.5539E-06
-2.7191E-08	-3.6466E-09	1.5741E-06	3.7614E-06
-6.2372E-09	1.6690E-08	3.5347E-06	4.0871E-06
2.6277E-08	-1.6414E-08	2.0591E-06	1.5881E-06
1.6693E-08	2.8527E-09	8.2055E-07	4.8487E-06
-1.8476E-09	-5.1566E-09	3.9919E-06	3.8759E-06
-9.9163E-09	2.9775E-08	2.0812E-06	2.1134E-06
1.4493E-09	-1.7058E-08	1.0972E-06	3.2794E-06
1.3652E-08	1.6637E-08	1.3108E-06	4.3355E-06
1.4147E-08	-3.8484E-09	2.0823E-06	4.6064E-06
8.5535E-09	2.4532E-08	2.8329E-06	4.4753E-06
1.7148E-08	-3.2711E-09	2.6925E-06	3.5336E-06
-2.3524E-08	-1.5773E-08	2.6699E-06	3.9475E-06
3.6910E-08	5.6432E-08	2.2481E-06	2.6980E-06
-2.3141E-08	-2.3511E-08	1.2278E-06	4.5874E-06
6.8524E-09	-4.3138E-09	3.0172E-06	3.9547E-06
-2.7964E-08	-3.7697E-08	1.6241E-06	4.2739E-06
4.8757E-09	1.9425E-08	3.7813E-06	4.4437E-06
9.6388E-09	9.0383E-09	2.5213E-06	2.3139E-06
3.3259E-08	2.5373E-08	1.0315E-06	3.4690E-06
1.2320E-08	4.5652E-08	1.4228E-06	5.3147E-06
1.6427E-08	1.1500E-09	3.8898E-06	4.6828E-06
1.1018E-08	1.9009E-08	2.3655E-06	2.9063E-06
2.2018E-08	2.0738E-08	2.2552E-06	4.4710E-06
-2.9040E-08	-4.1170E-09	2.9634E-06	3.5807E-06
1.1818E-08	-1.5637E-08	2.1598E-06	3.3623E-06
-9.8233E-09	-4.0108E-08	1.7128E-06	3.9572E-06
1.5840E-09	-5.9975E-08	2.4340E-06	4.4611E-06
-2.6914E-10	1.6892E-08	2.4055E-06	3.7964E-06
-2.1921E-08	1.6480E-08	2.1996E-06	4.3506E-06
2.4285E-08	6.0197E-08	2.8630E-06	4.1452E-06
2.1988E-08	2.7994E-08	2.4871E-06	3.5231E-06
-2.7087E-08	6.2212E-08	1.9102E-06	4.0944E-06
-2.5913E-08	1.7634E-08	2.6774E-06	4.4345E-06
1.5396E-08	-2.7436E-09	2.7252E-06	3.7707E-06
1.4904E-08	1.0991E-08	2.2956E-06	3.7207E-06
4.1415E-08	-2.1809E-09	2.1799E-06	4.2220E-06
3.4708E-08	1.0779E-08	2.8605E-06	3.9495E-06
-2.1956E-08	4.5171E-08	2.0340E-06	3.5296E-06
1.2765E-08	-1.8711E-08	2.0334E-06	4.2792E-06
-9.8218E-09	1.2530E-08	2.2487E-06	4.5907E-06
8.5518E-09	-1.6258E-08	3.5240E-06	4.2475E-06
5.7818E-10	-2.0053E-08	2.1522E-06	2.5897E-06
2.0402E-08	2.9267E-08	1.2636E-06	4.6440E-06
1.7104E-08	-1.1643E-08	2.7180E-06	4.6349E-06
-7.9624E-09	1.6076E-08	2.7375E-06	4.3380E-06
2.5569E-08	-2.1594E-08	2.9359E-06	3.8574E-06
2.2997E-08	2.7112E-09	2.7476E-06	3.9062E-06
-6.4096E-08	-3.2815E-08	3.0746E-06	2.9820E-06
4.3000E-09	-4.0711E-09	1.2992E-06	2.5969E-06
3.1534E-08	-2.2044E-08	8.3683E-07	4.1948E-06
-3.3222E-09	-1.2455E-08	1.4934E-06	4.7803E-06
-1.0180E-08	5.4535E-09	2.1335E-06	5.0889E-06
-1.1377E-08	-1.1707E-08	2.8833E-06	4.3494E-06
-1.9352E-08	1.3622E-08	2.0334E-06	3.7723E-06
9.3098E-09	4.4986E-09	1.8017E-06	4.2892E-06
-8.9996E-09	-3.2772E-08	1.4561E-06	4.5569E-06
-8.4871E-09	-5.1454E-10	1.9762E-06	5.5080E-06
-1.6202E-08	2.3350E-08	2.7141E-06	5.3282E-06
-5.6607E-08	4.6656E-08	3.5520E-06	4.9040E-06
2.1566E-08	-7.1955E-09	2.5585E-06	3.5967E-06
-2.4145E-08	2.7186E-08	2.2455E-06	5.6778E-06
-2.0813E-08	8.8537E-09	4.7281E-06	4.4770E-06
1.7628E-08	3.1028E-08	3.0959E-06	2.5323E-06
-5.0699E-08	4.3583E-08	1.8317E-06	3.5172E-06
3.4382E-08	1.0278E-08	2.3928E-06	4.3438E-06
-3.8665E-08	4.5488E-08	2.7372E-06	3.6237E-06
7.0560E-09	3.1818E-08	2.1389E-06	3.6757E-06
-6.1000E-09	7.2452E-08	2.0465E-06	3.7412E-06
-3.0711E-08	-1.5266E-08	2.1258E-06	4.0311E-06
-3.2503E-08	6.0180E-09	1.6652E-06	3.4071E-06
-5.5318E-09	3.5535E-08	1.3870E-06	5.0315E-06
5.6561E-09	2.0385E-08	2.6622E-06	3.8565E-06
1.0933E-08	-5.7630E-09	1.0349E-06	4.7609E-06
-1.6984E-08	2.2639E-08	3.5503E-06	4.4777E-06
-3.0997E-09	-2.5216E-09	9.5982E-07	2.8277E-06
-6.0540E-09	1.9995E-08	1.2765E-06	5.3665E-06
-6.1437E-09	3.1765E-08	1.8290E-06	4.4936E-06
5.4404E-09	5.1229E-09	1.7504E-06	5.1670E-06
-5.2834E-08	2.9298E-08	2.1042E-06	5.1192E-06
-4.7729E-08	-1.5234E-08	2.9638E-06	4.8546E-06
-8.5731E-09	1.3819E-09	1.6977E-06	3.8280E-06
7.8668E-09	-1.8369E-08	1.9475E-06	5.6982E-06
1.0301E-08	-2.9432E-09	2.9314E-06	4.4003E-06
6.4618E-10	3.0433E-08	2.1874E-06	4.6579E-06
-1.8687E-08	2.6623E-08	2.7298E-06	4.1771E-06
-5.5574E-09	5.5699E-09	1.8400E-06	3.8466E-06
3.4796E-08	-1.7594E-08	1.4035E-06	4.4344E-06
2.7107E-08	2.6677E-08	1.8164E-06	4.8019E-06
1.0982E-08	7.7196E-09	1.4377E-06	4.5120E-06
7.2110E-09	-2.7178E-08	1.5313E-06	5.3231E-06
3.3246E-08	-1.6837E-08	1.5561E-06	5.2874E-06
-3.4415E-08	3.0603E-09	2.6450E-06	6.1131E-06
4.5937E-08	2.0359E-08	2.7215E-06	3.9580E-06
2.3298E-08	1.9943E-08	1.2771E-06	5.5964E-06
2.2972E-08	-1.1496E-08	3.3898E-06	4.8738E-06
-6.7809E-09	1.0893E-08	1.3039E-06	4.0775E-06
2.1415E-08	-5.6805E-08	1.8783E-06	5.3784E-06
-3.1097E-09	-6.8296E-09	1.3047E-06	4.7892E-06
5.2551E-08	1.0364E-08	1.5665E-06	6.4240E-06
-4.2181E-08	2.6155E-08	2.6771E-06	5.5905E-06
4.4269E-08	-3.9725E-08	1.9605E-06	5.9766E-06
-9.4654E-09	-2.1048E-08	3.5503E-06	6.0933E-06
-3.3276E-09	-8.7179E-09	3.1082E-06	4.6691E-06
2.3890E-08	1.1473E-08	3.0800E-06	4.8369E-06
1.9488E-08	2.3038E-08	2.0202E-06	3.8015E-06
-3.6871E-08	1.8940E-08	1.4654E-06	5.6683E-06
-1.5698E-08	1.8114E-08	2.4136E-06	5.1556E-06
-4.5832E-08	1.6110E-08	2.1063E-06	5.7732E-06
-1.1848E-08	-2.5222E-08	2.5829E-06	4.8010E-06
-4.3462E-09	6.1127E-09	1.3798E-06	6.1262E-06
-5.0485E-09	2.9435E-08	3.3618E-06	5.9266E-06
-3.4493E-09	-1.2586E-08	2.2875E-06	5.8010E-06
8.4749E-09	1.3174E-08	4.1681E-06	5.6833E-06
-1.5969E-08	4.5540E-08	2.4604E-06	4.2203E-06
-7.2186E-09	1.1466E-08	2.7794E-06	5.6411E-06
7.8035E-10	2.1308E-09	2.7717E-06	4.8995E-06
4.8267E-08	4.8257E-09	2.9476E-06	5.0998E-06
2.5968E-08	3.4465E-08	2.1502E-06	5.0281E-06
-2.3925E-08	1.2701E-08	3.6137E-06	5.6153E-06
-1.4353E-08	-1.0691E-08	2.1714E-06	3.6048E-06
5.0577E-08	4.4896E-09	1.8825E-06	6.3628E-06
-9.1249E-09	2.0947E-08	3.2730E-06	4.7326E-06
-2.9180E-08	1.3212E-08	1.8709E-06	5.9002E-06
2.6789E-08	5.5676E-08	4.0971E-06	5.6423E-06
-1.5884E-08	1.5527E-09	3.0620E-06	4.1141E-06
1.8953E-08	3.0665E-08	2.1603E-06	4.6084E-06
-3.1879E-08	-8.4198E-09	2.3190E-06	5.8104E-06
3.7103E-08	3.5467E-08	3.7670E-06	5.0729E-06
-2.3403E-08	2.4951E-08	2.5489E-06	4.2414E-06
-5.0136E-09	6.3651E-09	2.5601E-06	5.0547E-06
-9.9419E-09	3.0272E-08	2.7582E-06	4.9195E-06
-2.9728E-08	3.6156E-08	3.1274E-06	4.6662E-06
4.0198E-08	-3.5525E-08	2.3926E-06	3.9469E-06
1.3921E-08	2.2538E-08	1.8920E-06	4.8546E-06
3.1389E-08	8.7408E-09	2.5805E-06	4.7617E-06
4.6148E-09	2.6104E-08	1.9180E-06	4.3633E-06
1.3642E-08	2.9418E-08	1.9420E-06	5.1986E-06
3.8737E-08	8.4277E-09	2.3265E-06	4.4585E-06
3.4974E-08	-2.3040E-09	1.0125E-06	4.9266E-06
-3.9265E-08	-2.5616E-08	2.0480E-06	6.0737E-06
5.3953E-08	-7.9584E-09	2.5018E-06	5.2570E-06
4.8678E-09	-1.1306E-08	2.4183E-06	5.2468E-06
2.1908E-09	-6.7308E-09	2.4429E-06	4.7663E-06
2.8988E-08	-1.2676E-08	1.8088E-06	4.5360E-06
-1.7857E-08	-3.8555E-09	1.0106E-06	5.2480E-06
2.8844E-09	-2.2610E-08	1.9829E-06	6.3851E-06
-2.9443E-08	-1.8718E-08	2.8399E-06	5.1201E-06
2.7587E-08	-1.8060E-09	1.4288E-06	4.7864E-06
2.8255E-08	-1.2820E-08	1.5206E-06	6.1965E-06
-4.7616E-08	3.4212E-08	2.6190E-06	5.5456E-06
-1.9109E-08	2.7109E-08	1.2842E-06	5.3762E-06
1.3488E-08	2.4889E-08	2.3802E-06	6.7212E-06
-5.4662E-08	-1.0560E-08	2.5437E-06	5.0537E-06
2.6402E-08	3.4620E-08	1.6350E-06	6.4558E-06
1.7522E-08	7.3550E-09	3.7245E-06	5.9735E-06
3.3783E-09	-1.5621E-08	2.4693E-06	4.2710E-06
9.9594E-09	1.7006E-08	1.4429E-06	5.2985E-06
3.1348E-08	-2.2568E-08	1.8285E-06	5.9596E-06
-3.1141E-08	1.7487E-08	2.5169E-06	5.9906E-06
-7.5624E-09	-1.0842E-08	2.4331E-06	4.9832E-06
-4.1697E-08	2.4951E-08	1.2487E-06	5.7407E-06
1.4319E-08	-3.7740E-08	2.6492E-06	6.2799E-06
-5.1391E-09	3.7617E-08	1.9321E-06	5.3293E-06
6.2512E-09	-2.0095E-08	2.6158E-06	6.4831E-06
1.0089E-08	-8.3945E-09	2.7045E-06	4.5633E-06
7.6084E-08	-3.4022E-08	1.2286E-06	5.5110E-06
1.5209E-08	-1.9980E-08	1.5375E-06	5.9255E-06
1.4876E-08	-5.6779E-08	2.1213E-06	6.8885E-06
-2.3639E-08	3.3725E-08	2.6438E-06	5.3163E-06
-1.5133E-08	3.5121E-08	1.2682E-06	6.7950E-06
-7.9121E-09	-3.6471E-08	3.7173E-06	6.7192E-06
-7.3310E-09	-2.1297E-08	3.0790E-06	5.3528E-06
-4.5202E-08	-2.2148E-08	2.9405E-06	4.9863E-06
1.1198E-09	1.0441E-08	2.0114E-06	5.2500E-06
-4.4398E-08	-3.8194E-08	2.6952E-06	5.1288E-06
1.5848E-08	9.9693E-09	1.6636E-06	4.9559E-06
7.6494E-09	3.0271E-08	2.1550E-06	5.1836E-06
2.5327E-08	-5.0280E-08	1.2272E-06	4.8463E-06
7.8234E-09	4.4090E-08	1.1206E-06	5.4482E-06
1.9748E-08	-1.5252E-08	7.4417E-07	5.9903E-06
3.6105E-08	-3.8447E-08	1.3659E-06	6.3015E-06
7.2362E-09	2.3154E-08	1.1986E-06	6.7823E-06
-8.1876E-09	-1.3547E-08	2.5225E-06	6.2165E-06
1.2961E-08	2.7873E-08	6.1793E-07	5.8946E-06
6.6478E-09	-3.1524E-08	2.0372E-06	7.8515E-06
2.2431E-08	-1.4773E-08	2.8893E-06	6.1198E-06
4.5760E-08	1.8232E-08	2.1418E-06	5.7775E-06
-4.5717E-08	2.3297E-08	1.4284E-06	6.0313E-06
-1.2457E-09	-1.2075E-08	2.0491E-06	6.8059E-06
-2.1385E-08	3.7584E-08	2.5114E-06	5.9798E-06
1.4185E-08	-8.7370E-09	1.7020E-06	5.2239E-06
1.0317E-08	4.1641E-09	4.0024E-07	6.4856E-06
1.2269E-08	2.3412E-09	2.0025E-06	7.3038E-06
-2.2536E-08	-3.8652E-09	1.7225E-06	6.5747E-06
1.7916E-08	2.5627E-08	2.2922E-06	6.9197E-06
-3.8971E-08	1.6631E-08	1.8100E-06	6.3783E-06
-4.9200E-08	3.5777E-08	2.2437E-06	6.8265E-06
3.0071E-08	-1.6689E-08	1.6787E-06	6.4683E-06
2.9323E-08	1.4065E-08	2.5185E-06	7.2862E-06
5.5253E-09	-2.2355E-08	2.5145E-06	6.1688E-06
-1.6689E-08	-5.5965E-09	2.6060E-06	6.3709E-06
-3.6714E-09	-1.8761E-08	1.8980E-06	5.4045E-06
2.9046E-08	-1.6052E-08	1.3403E-06	6.4645E-06
-3.3110E-08	1.4090E-08	1.4511E-06	6.6270E-06
4.4715E-08	-1.4306E-08	2.0538E-06	7.3211E-06
3.5959E-08	-3.8348E-08	2.4952E-06	6.5142E-06
2.7835E-08	-1.9054E-09	2.3021E-06	6.4191E-06
-3.7208E-09	-7.1502E-09	2.1415E-06	6.3730E-06
5.9526E-11	-2.6578E-08	2.8337E-06	6.0244E-06
-1.7567E-08	2.1009E-08	1.3141E-06	4.9321E-06
1.4453E-08	-9.1845E-09	1.0162E-06	6.6827E-06
3.4661E-08	1.9762E-09	1.6044E-06	6.1304E-06
-2.2932E-09	-9.8792E-09	1.0822E-06	6.3481E-06
2.4589E-08	-2.3823E-08	8.6518E-07	6.8226E-06
-2.2884E-08	6.2346E-08	1.9127E-06	7.2239E-06
6.2909E-08	-3.4332E-08	1.3400E-06	6.0511E-06
4.4323E-08	3.3935E-08	1.1742E-06	7.3136E-06
-6.2562E-09	-3.3788E-08	1.8563E-06	6.5511E-06
1.1705E-08	-1.6912E-08	1.1682E-06	6.3730E-06
-7.4433E-09	-2.9953E-08	4.8127E-07	6.9419E-06
2.3805E-08	2.1522E-08	1.4431E-06	7.7843E-06
7.4651E-09	-1.7353E-09	1.3231E-06	7.3551E-06
5.4029E-09	3.6757E-08	3.0032E-06	7.6973E-06
4.1169E-09	-9.8265E-09	1.6732E-06	4.6156E-06
2.2960E-08	1.1585E-08	-4.8699E-08	7.2681E-06
-2.5067E-08	1.7481E-08	1.3793E-06	6.4653E-06
5.8795E-09	-5.7625E-09	-2.9308E-07	7.2119E-06
-8.8450E-10	2.3712E-09	9.1323E-07	8.1921E-06
-1.5466E-08	2.4473E-08	1.5062E-06	7.7142E-06
2.5037E-08	-5.7813E-09	9.6998E-07	7.2140E-06
-5.9184E-08	4.5857E-08	1.4111E-06	8.0791E-06
-8.1505E-09	-3.2090E-09	1.3729E-06	6.7128E-06
-1.8826E-08	5.2200E-09	8.1157E-07	7.6245E-06
-2.2684E-08	4.0190E-08	3.7404E-07	6.6536E-06
-2.0960E-09	-2.0049E-08	-3.5804E-07	9.2850E-06
-1.9427E-08	5.4169E-08	1.9325E-06	8.4867E-06
-3.9740E-09	-7.8278E-08	1.2969E-06	8.8345E-06
1.6445E-08	1.5993E-08	2.8770E-06	7.2546E-06
-2.6905E-09	3.8195E-08	1.8385E-07	7.1167E-06
-4.3147E-08	1.1287E-08	1.3213E-06	8.2147E-06
2.5066E-08	5.2323E-09	4.4340E-07	7.9699E-06
-2.7021E-08	5.6356E-08	1.6133E-06	9.0033E-06
1.8327E-08	3.0747E-09	2.1095E-06	7.7582E-06
-1.1316E-09	-1.0268E-08	1.3273E-06	6.7713E-06
-4.9229E-09	-4.7542E-08	-3.4503E-07	7.7544E-06
4.6695E-08	-6.2986E-09	7.5370E-07	8.8244E-06
-3.4223E-09	5.7591E-09	7.3678E-07	8.5511E-06
-2.2701E-08	-1.0193E-09	1.1833E-06	8.4748E-06
-2.8897E-08	4.5541E-08	2.1281E-07	8.5662E-06
-1.7953E-08	-4.6256E-09	1.2099E-06	9.6499E-06
3.7151E-09	-9.9740E-09	1.5818E-06	8.8233E-06
2.7951E-08	3.6876E-09	1.6612E-06	8.7595E-06
5.0531E-08	-1.0915E-09	1.3228E-06	8.2921E-06
3.3235E-08	-2.6364E-08	9.6064E-07	8.6221E-06
2.2692E-08	1.2356E-08	1.0694E-06	9.2797E-06
8.6503E-09	-3.8767E-08	2.2121E-06	8.5992E-06
-7.0788E-09	-8.4645E-08	2.9374E-07	7.9753E-06
-1.3605E-08	-3.7087E-08	1.3278E-06	1.0207E-05
-4.2552E-08	1.4834E-08	2.1645E-06	7.8784E-06
2.9812E-08	5.0780E-08	1.9442E-07	8.7791E-06
-2.6585E-08	-3.4872E-08	1.3051E-06	9.2964E-06
-3.9147E-08	5.2202E-09	9.4307E-07	9.6178E-06
5.4154E-08	-2.7587E-08	2.7739E-06	9.5770E-06
-1.5588E-08	2.6074E-09	2.0130E-06	7.4663E-06
1.5420E-08	1.2190E-08	7.0434E-07	8.1223E-06
-3.7297E-08	1.7443E-08	7.0326E-07	8.4614E-06
5.3172E-09	-1.6060E-08	3.5538E-07	8.6013E-06
-6.4774E-08	1.0331E-08	6.4925E-08	9.4748E-06
6.1289E-08	-4.3034E-08	1.2152E-06	9.7669E-06
1.7302E-08	-3.4077E-08	8.5472E-07	8.9851E-06
3.2097E-08	-6.9965E-09	9.3568E-07	9.6434E-06
-3.4494E-08	5.3543E-08	1.1178E-06	9.1158E-06
1.0670E-08	1.6726E-08	1.0790E-06	9.1434E-06
2.0226E-08	-1.7833E-08	3.0762E-07	8.4276E-06
-7.2231E-09	-5.1208E-09	-5.0216E-07	1.0137E-05
2.0667E-08	-8.2600E-09	1.2299E-06	1.0408E-05
2.5082E-08	3.1051E-10	9.7620E-07	9.2818E-06
1.4085E-08	-1.5023E-08	3.8639E-07	9.7656E-06
4.6273E-09	-2.2115E-08	8.2162E-07	9.8039E-06
1.8640E-08	-6.4862E-08	2.5531E-07	9.7975E-06
2.1162E-08	-1.9212E-08	8.2121E-07	1.0365E-05
1.7099E-08	8.0405E-09	8.1469E-07	9.8245E-06
-4.0653E-09	-6.5421E-08	9.3360E-07	9.7437E-06
-3.6073E-08	-7.2763E-10	-1.2290E-07	9.5006E-06
-9.5169E-09	2.4634E-08	5.4790E-07	1.0651E-05
3.9647E-08	3.0928E-08	8.3756E-08	9.4925E-06
-2.3745E-08	-5.0396E-08	1.0069E-07	1.1153E-05
7.1692E-09	4.5861E-09	6.7555E-07	9.7227E-06
2.4657E-08	3.2499E-08	-2.8451E-07	1.0775E-05
-2.5128E-08	-2.7843E-08	3.1748E-07	1.0134E-05
-4.1860E-08	3.1405E-08	-5.1824E-07	1.1075E-05
-1.9422E-08	2.7789E-10	1.6049E-07	1.0688E-05
-2.4169E-08	2.7880E-08	-2.8190E-07	1.1783E-05
-1.5255E-08	-2.8340E-08	1.0747E-06	1.0477E-05
-7.3377E-09	2.1627E-08	-1.2001E-06	1.0912E-05
-2.0220E-08	2.7363E-08	3.8501E-07	1.1905E-05
-1.2318E-08	1.9069E-08	-1.0598E-07	1.0918E-05
-2.2067E-08	5.4247E-09	-9.0552E-07	1.1196E-05
5.8009E-08	6.8505E-09	-1.1490E-06	1.3362E-05
1.6239E-08	8.4445E-09	1.7598E-06	1.2642E-05
4.3471E-09	6.5275E-09	-1.5129E-07	1.1353E-05
-3.1731E-08	4.2034E-10	8.1296E-07	1.2648E-05
-2.5693E-09	-1.0990E-08	6.5188E-07	1.1089E-05
1.6771E-08	1.6226E-08	-4.7256E-07	1.1259E-05
4.0278E-08	-2.4514E-08	-1.2534E-06	1.2706E-05
-3.9152E-08	2.8473E-08	8.9533E-07	1.3025E-05
-1.9103E-08	3.1061E-08	-6.3575E-07	1.1395E-05
-5.1935E-08	4.8237E-09	-7.4427E-07	1.3681E-05
2.9212E-09	6.8787E-09	3.9735E-07	1.2991E-05
-5.9442E-09	-2.1311E-08	1.3250E-07	1.2894E-05
-1.0999E-08	4.0301E-08	-3.8348E-07	1.2655E-05
-2.0031E-08	-4.9874E-08	-5.0101E-07	1.3997E-05
-8.6908E-09	-1.3918E-08	9.7483E-07	1.3868E-05
2.7931E-08	5.8250E-08	8.5307E-07	1.2439E-05
-2.9861E-08	-7.2287E-09	-7.5021E-07	1.2715E-05
-2.4920E-08	3.9122E-08	8.6431E-08	1.3855E-05
-6.1966E-08	-1.9858E-08	-1.6345E-07	1.2591E-05
-3.1880E-08	-2.3636E-08	-1.2041E-06	1.3735E-05
-4.2379E-09	-3.3850E-08	-7.1376E-07	1.4234E-05
-4.6524E-09	-7.2696E-09	-3.5775E-07	1.4847E-05
3.1911E-09	-3.3490E-09	2.6237E-07	1.4182E-05
-2.3319E-08	5.0843E-09	-4.8098E-07	1.4379E-05
1.7660E-08	-3.0432E-08	7.6531E-08	1.4597E-05
-1.1502E-09	-1.2612E-09	-2.1946E-07	1.4335E-05
8.7238E-09	-5.8520E-09	-3.0252E-07	1.4369E-05
-2.0596E-08	-1.2939E-08	-1.0032E-06	1.4630E-05
-9.7218E-09	-1.5271E-08	-5.4545E-07	1.5523E-05
-5.0144E-09	4.8279E-08	-2.6379E-07	1.4824E-05
3.6339E-08	-1.1576E-08	-1.4222E-06	1.5251E-05
2.9808E-08	2.1957E-10	-5.8173E-07	1.6619E-05
1.9480E-08	-8.9350E-09	2.4733E-07	1.5362E-05
2.7558E-08	-3.1270E-08	-1.3729E-06	1.5244E-05
-3.5194E-09	7.1277E-09	-1.5881E-06	1.6634E-05
3.8915E-08	5.2982E-08	-7.9759E-07	1.7480E-05
-5.3700E-08	-3.9122E-08	-7.2543E-08	1.6778E-05
2.6441E-09	-9.4457E-09	-9.9733E-07	1.7136E-05
3.1934E-08	-1.8502E-10	-3.5995E-08	1.7445E-05
1.3855E-08	-3.6735E-08	-8.7801E-07	1.7397E-05
-2.1697E-08	-2.3116E-08	4.5902E-07	1.8071E-05
2.7864E-10	4.9941E-09	-4.7679E-07	1.6661E-05
-2.0117E-08	4.1113E-09	-6.1000E-07	1.8179E-05
-4.6376E-08	2.5787E-08	-6.5432E-07	1.7360E-05
5.9754E-09	-4.6064E-08	-1.1841E-06	1.8699E-05
-4.3044E-09	1.9256E-08	-8.1657E-07	1.8764E-05
4.5074E-08	3.9293E-08	-2.1992E-07	1.9686E-05
-1.5366E-08	-2.4397E-08	-2.7675E-07	1.8327E-05
-1.3508E-08	-1.6653E-08	-1.0392E-06	2.0298E-05
2.0242E-08	-4.9691E-09	7.4742E-07	1.9353E-05
-1.9990E-09	-1.9590E-08	-1.0197E-06	1.9508E-05
2.0573E-08	8.7530E-10	-3.0123E-08	2.0370E-05
-2.7355E-09	-3.4186E-08	-3.2365E-07	2.0269E-05
-1.1061E-08	-1.1601E-08	3.5626E-07	2.0579E-05
-1.9412E-10	2.7736E-08	1.7513E-07	1.9723E-05
1.2021E-08	2.5304E-08	-1.2865E-06	1.9859E-05
2.3797E-08	2.0352E-08	-1.2348E-06	2.1866E-05
-2.4737E-08	-5.3447E-09	-2.4202E-07	2.1189E-05
1.0207E-08	-6.0247E-09	-1.4007E-06	2.1894E-05
4.2882E-08	1.5823E-08	-6.9865E-07	2.2462E-05
1.4783E-08	-3.1931E-09	-6.2316E-07	2.3088E-05
-2.9363E-09	2.7262E-08	-1.1392E-07	2.2030E-05
1.3865E-08	-1.4440E-08	-2.1404E-06	2.3362E-05
-2.5291E-08	2.3922E-08	-1.7524E-07	2.3996E-05
-5.6376E-08	4.5533E-08	-1.9555E-06	2.3867E-05
-1.8056E-08	-3.2844E-08	-1.9300E-07	2.5400E-05
1.2869E-08	-1.0566E-08	-1.4763E-06	2.3850E-05
1.2759E-08	9.2013E-09	-1.6224E-06	2.6175E-05
2.6084E-08	1.4835E-10	-1.6625E-06	2.5527E-05
-3.8806E-08	1.7536E-08	-2.1235E-06	2.7391E-05
-3.0605E-10	1.4155E-08	-1.9472E-06	2.7028E-05
-5.4156E-08	1.4868E-08	-3.3062E-06	2.9079E-05
3.8234E-08	-1.5798E-08	-2.0874E-06	3.0482E-05
-4.6857E-08	2.5932E-08	-2.1316E-06	3.1103E-05
-1.7269E-08	4.0590E-08	-2.4099E-06	3.2342E-05
2.5138E-08	8.8023E-09	-2.0282E-06	3.4682E-05
-3.9690E-09	1.3181E-08	-5.4987E-07	3.5714E-05
1.9316E-08	2.1244E-08	-1.3380E-07	3.6942E-05
-5.1181E-08	-1.4324E-08	1.1689E-06	3.8095E-05
2.3007E-08	-1.8039E-08	1.8102E-06	3.8894E-05
2.2291E-08	-1.9584E-08	2.1885E-06	3.9986E-05
1.3474E-08	4.8853E-08	2.5907E-06	4.2376E-05
-1.8904E-08	-3.4227E-09	4.5846E-06	4.4453E-05
5.5767E-08	-3.0788E-08	6.1967E-06	4.6480E-05
7.6644E-10	9.6779E-09	8.8831E-06	4.8577E-05
1.0240E-08	3.3916E-09	1.2037E-05	5.1070E-05
-5.1421E-08	-3.2318E-09	1.7452E-05	5.1971E-05
-1.0834E-08	-1.2294E-08	2.1548E-05	5.2118E-05
1.6114E-08	6.3725E-09	2.8628E-05	5.0898E-05
-8.2863E-09	-2.5076E-09	3.2049E-05	4.6014E-05
-9.4396E-09	3.3803E-08	3.5716E-05	4.3592E-05
1.4336E-08	-1.6982E-08	3.8875E-05	3.7223E-05
-1.6465E-09	-8.7297E-09	3.8471E-05	3.1863E-05
-2.2408E-08	8.2006E-09	3.7464E-05	2.8015E-05
1.9382E-08	3.2512E-08	3.7903E-05	2.3762E-05
-2.2844E-08	-2.0949E-08	3.3646E-05	1.7414E-05
-2.9079E-08	1.4694E-08	2.8889E-05	1.7454E-05
-2.9152E-08	6.5720E-09	2.6317E-05	1.5488E-05
-4.7070E-08	3.2844E-08	2.1542E-05	1.6095E-05
-8.6182E-09	-4.2521E-09	1.8653E-05	1.7602E-05
1.0352E-08	-2.2024E-08	1.6843E-05	2.0683E-05
-1.0285E-08	3.3465E-08	1.6552E-05	2.1697E-05
2.6490E-08	-2.6868E-08	1.5029E-05	2.4039E-05
-3.9791E-09	1.7320E-08	1.4864E-05	2.6361E-05
-3.0450E-08	7.0782E-09	1.6371E-05	2.9925E-05
6.9276E-09	1.5219E-09	1.8534E-05	2.9134E-05
-1.1102E-08	1.3516E-08	1.8131E-05	3.2106E-05
-1.4474E-08	1.9252E-08	2.3240E-05	3.1881E-05
-2.7143E-08	2.5665E-08	2.2409E-05	3.0017E-05
-4.9465E-08	1.0075E-09	2.3989E-05	3.0841E-05
-1.4336E-08	1.3074E-08	2.4339E-05	2.9810E-05
-2.5433E-08	-2.1051E-08	2.5135E-05	2.9843E-05
3.1717E-09	-2.6212E-08	2.5281E-05	2.9706E-05
1.2869E-08	1.2871E-08	2.6752E-05	2.9423E-05
-5.3783E-08	-2.2758E-08	2.5949E-05	2.8311E-05
-3.8778E-09	5.3160E-08	2.5683E-05	2.9873E-05
-1.5950E-08	2.6819E-08	2.7402E-05	3.1357E-05
1.2385E-09	-1.5397E-08	3.0212E-05	3.0642E-05
-1.4249E-08	4.5271E-09	3.0716E-05	2.9618E-05
-2.1151E-08	-2.0373E-08	3.2782E-05	2.9230E-05
3.3338E-08	4.6875E-08	3.3592E-05	2.7040E-05
-1.3948E-08	1.9914E-08	3.3808E-05	2.5987E-05
4.2494E-09	-3.1933E-09	3.4077E-05	2.5148E-05
-1.6248E-08	-4.2431E-08	3.5453E-05	2.4179E-05
-6.1228E-09	1.0710E-08	3.6101E-05	2.1160E-05
-5.1654E-09	1.4859E-08	3.4073E-05	1.8435E-05
-3.0120E-08	-3.1348E-08	3.1869E-05	1.8687E-05
1.3113E-08	-2.2386E-09	3.1656E-05	1.7962E-05
4.3394E-08	9.5288E-09	2.8905E-05	1.7592E-05
3.7013E-12	-1.6181E-08	2.8001E-05	1.9418E-05
-3.5088E-08	1.7271E-08	2.7394E-05	2.0246E-05
-4.4930E-09	-1.4704E-09	2.7252E-05	2.2213E-05
8.6445E-09	-9.5104E-09	2.8716E-05	2.3674E-05
-1.8760E-08	9.4150E-10	3.0128E-05	2.3473E-05
1.7457E-09	-1.4184E-08	3.0582E-05	2.4057E-05
-2.8376E-08	-2.4732E-08	3.2870E-05	2.4071E-05
4.3508E-09	-9.1187E-10	3.3955E-05	2.2593E-05
1.0558E-08	-5.1438E-09	3.4644E-05	2.0883E-05
3.2837E-08	1.9354E-09	3.3356E-05	1.9388E-05
1.3523E-08	1.6312E-09	3.2793E-05	1.9634E-05
-1.5552E-08	4.9575E-09	3.2174E-05	1.9183E-05
1.4955E-09	-3.1130E-08	3.1498E-05	2.0347E-05
-9.6356E-09	-3.1976E-08	3.3270E-05	2.0611E-05
-2.4648E-09	-2.5575E-08	3.2548E-05	1.8225E-05
1.3821E-08	-2.2689E-08	3.0245E-05	1.9829E-05
-2.9414E-08	-1.1870E-09	3.1338E-05	2.0990E-05
-2.9969E-08	1.9796E-08	3.1080E-05	2.1170E-05
4.5565E-09	2.2056E-09	3.0834E-05	2.1924E-05
-2.4215E-08	-1.9097E-08	3.1196E-05	2.4047E-05
8.9198E-09	2.4272E-09	3.2894E-05	2.3520E-05
-7.0469E-09	-2.4737E-08	3.1056E-05	2.5398E-05
2.9656E-09	-1.5325E-08	3.4857E-05	2.7717E-05
1.2147E-08	1.2561E-08	3.4825E-05	2.6596E-05
-1.3097E-08	-1.3673E-08	3.6654E-05	2.9784E-05
-5.2060E-09	-6.0014E-09	3.9392E-05	2.9049E-05
2.7638E-09	-4.1691E-09	4.0341E-05	3.0290E-05
-3.1315E-10	-3.2203E-08	4.3171E-05	3.1801E-05
-6.0969E-09	-2.5784E-08	4.7579E-05	3.2860E-05
2.1630E-08	-3.6312E-09	5.2108E-05	3.1544E-05
1.2065E-08	1.6138E-08	5.6576E-05	3.0885E-05
4.9477E-09	1.2051E-08	6.3557E-05	2.7293E-05
-3.5101E-08	3.6738E-08	6.7426E-05	1.9128E-05
-4.9374E-09	1.4020E-08	6.6377E-05	1.1787E-05
-7.1630E-09	1.3053E-09	6.4489E-05	7.0189E-06
1.9767E-08	1.1304E-08	6.2092E-05	2.3627E-06
-4.2353E-08	-2.2470E-09	5.7765E-05	-6.0567E-07
-2.4952E-08	-4.2351E-09	5.4541E-05	-6.8828E-07
-7.5771E-10	1.8203E-08	5.2803E-05	-1.5323E-06
4.6428E-08	-4.7111E-09	4.9785E-05	-1.5461E-06
-5.4132E-09	5.1101E-09	4.8017E-05	3.4103E-07
-2.2790E-08	-2.5879E-10	4.8826E-05	2.9344E-06
-2.6157E-08	3.2096E-08	5.1745E-05	2.1034E-06
4.1035E-08	-1.2894E-08	5.1413E-05	5.4297E-07
-9.2192E-09	-1.1671E-08	5.2544E-05	2.4132E-07
2.8203E-08	2.1171E-08	5.2891E-05	-1.1749E-06
-6.3712E-09	1.5279E-08	5.4728E-05	-1.8551E-06
-1.2947E-08	-1.0652E-08	5.6043E-05	-5.5482E-06
-4.1252E-08	9.0246E-09	5.5389E-05	-8.6678E-06
-3.9042E-09	-4.8952E-08	5.4154E-05	-1.1532E-05
3.8883E-08	-1.5731E-08	5.2787E-05	-1.3512E-05
-1.7862E-08	-2.3653E-08	5.1259E-05	-1.5965E-05
-1.2647E-08	3.5765E-08	4.9127E-05	-1.7383E-05
-2.0579E-08	-1.9137E-08	4.7954E-05	-1.9149E-05
5.5572E-09	2.6295E-09	4.5106E-05	-2.1514E-05
-2.5441E-08	4.7171E-08	4.1937E-05	-2.1889E-05
-1.6868E-08	1.9229E-08	3.9391E-05	-2.2304E-05
-1.1131E-08	-1.6830E-08	3.6788E-05	-2.1571E-05
8.8548E-11	-9.5846E-09	3.5421E-05	-2.1522E-05
-1.4437E-08	-5.1294E-08	3.2709E-05	-2.1048E-05
8.0726E-09	-1.8316E-08	3.1712E-05	-1.9619E-05
-3.4290E-08	-6.4121E-09	3.0825E-05	-1.9812E-05
3.0013E-08	-2.8857E-08	2.8361E-05	-1.9872E-05
-4.1207E-08	-1.3474E-08	2.6042E-05	-1.7576E-05
1.8391E-08	6.1985E-09	2.5862E-05	-1.6018E-05
5.3196E-08	1.0082E-08	2.4381E-05	-1.4034E-05
-3.8998E-09	-1.7000E-08	2.6220E-05	-1.1319E-05
-3.4177E-08	-1.1419E-08	2.7517E-05	-1.2199E-05
-1.0363E-08	1.9133E-08	2.7559E-05	-1.1892E-05
-1.7711E-08	-2.3231E-08	2.8393E-05	-1.2861E-05
-9.3864E-09	1.1984E-08	2.7045E-05	-1.3661E-05
-2.6812E-08	4.8510E-08	2.6915E-05	-1.3174E-05
2.5588E-08	-2.1503E-08	2.6323E-05	-1.4433E-05
-2.0631E-08	1.1200E-08	2.4384E-05	-1.4360E-05
-1.2869E-11	3.5016E-08	2.2761E-05	-1.3356E-05
-2.4709E-08	-7.2436E-10	2.2816E-05	-1.1391E-05
1.6940E-08	-1.9583E-08	2.2957E-05	-1.1974E-05
2.0429E-08	3.6770E-08	2.1663E-05	-1.0514E-05
9.6543E-09	2.6213E-08	2.2583E-05	-9.8835E-06
2.0428E-08	1.8577E-08	2.2369E-05	-9.6332E-06
1.6459E-08	3.0836E-08	2.2330E-05	-9.9422E-06
5.8618E-08	1.7741E-08	2.1387E-05	-9.3411E-06
-3.2739E-08	-9.9150E-09	2.0628E-05	-9.3578E-06
-9.4549E-09	9.1083E-09	1.9356E-05	-6.9507E-06
3.0373E-08	-1.1467E-08	2.0031E-05	-6.1777E-06
-2.1606E-08	5.0848E-08	1.9568E-05	-2.8022E-06
-2.2889E-08	2.0958E-08	2.3557E-05	-2.5716E-06
-2.8343E-09	8.9436E-09	2.2745E-05	-1.9357E-06
-6.3372E-09	-2.6149E-09	2.7362E-05	-1.3724E-06
-1.1404E-08	-1.1142E-08	2.6916E-05	-4.1981E-06
-4.3095E-08	-2.4325E-08	2.8189E-05	-4.1551E-06
-5.5795E-09	1.6513E-08	2.6640E-05	-5.3938E-06
-3.0414E-08	-1.8375E-08	2.8731E-05	-3.2705E-06
1.8753E-08	-2.6075E-08	2.9862E-05	-5.6289E-06
-9.9680E-09	-3.7813E-08	3.1517E-05	-5.3196E-06
8.5851E-09	2.0709E-08	3.3546E-05	-9.3656E-06
-6.3645E-09	1.0568E-08	3.2308E-05	-1.3485E-05
5.0446E-09	1.4152E-09	2.7585E-05	-1.6287E-05
-6.7629E-09	-1.7779E-09	2.4470E-05	-1.4080E-05
6.5766E-10	5.9696E-08	2.3286E-05	-1.3597E-05
2.4997E-09	2.8685E-08	2.1935E-05	-1.1915E-05
1.0088E-08	-1.0129E-08	2.1486E-05	-1.0660E-05
2.3014E-10	4.3537E-08	2.1835E-05	-9.1734E-06
6.3332E-09	3.2889E-09	2.1993E-05	-8.3497E-06
1.8012E-08	-1.2042E-08	2.3596E-05	-7.3660E-06
3.1812E-08	-4.7830E-09	2.3869E-05	-7.6031E-06
-1.0687E-08	2.4107E-08	2.7099E-05	-6.6521E-06
-5.3547E-08	-2.8956E-08	2.8649E-05	-1.1839E-05
-3.4601E-08	-6.9266E-09	2.5832E-05	-1.4011E-05
4.3700E-08	-7.9435E-09	2.3102E-05	-1.5293E-05
5.1936E-09	6.1597E-09	2.0949E-05	-1.3478E-05
-1.9467E-08	2.5579E-08	2.0718E-05	-1.4269E-05
1.1576E-08	2.9415E-09	1.7304E-05	-1.3292E-05
2.9182E-08	2.0127E-09	1.7164E-05	-1.0293E-05
8.0703E-09	2.2376E-08	1.8606E-05	-9.5440E-06
7.5321E-09	6.2138E-09	1.8344E-05	-1.0969E-05
4.5524E-08	2.2319E-08	1.6166E-05	-1.0150E-05
-2.2425E-08	1.4103E-10	1.5775E-05	-9.0324E-06
1.3886E-08	-1.2315E-08	1.4119E-05	-7.5880E-06
-2.0741E-08	-1.7387E-09	1.4965E-05	-4.6053E-06
4.1680E-08	-8.5765E-09	1.6041E-05	-5.0381E-06
8.0468E-09	3.2231E-08	1.4205E-05	-3.2834E-06
-1.6966E-08	-8.8649E-09	1.6506E-05	-3.3628E-07
-9.5441E-09	-1.0063E-08	1.7827E-05	-1.3234E-06
3.4478E-08	-8.0003E-09	1.7088E-05	-1.2944E-07
-1.7918E-08	-1.5687E-08	1.8234E-05	1.7363E-06
-3.2201E-08	5.8823E-09	1.9650E-05	2.4473E-06
-3.6725E-09	1.3897E-08	2.0200E-05	4.0381E-06
1.6821E-08	-1.7064E-09	2.4066E-05	6.1595E-06
1.9725E-08	-2.7101E-08	2.7618E-05	3.3088E-06
-9.4191E-09	3.8496E-08	2.6895E-05	1.5037E-06
-1.8629E-08	-4.3649E-09	2.7262E-05	1.9828E-06
-3.3199E-08	1.3337E-08	2.8319E-05	1.7551E-06
1.6360E-08	-1.3966E-08	2.9162E-05	1.6451E-06
-3.2529E-09	-4.8966E-09	3.0305E-05	1.3166E-06
1.5636E-11	1.9624E-08	3.1414E-05	9.2594E-07
1.2604E-08	-8.6715E-09	3.2164E-05	-2.3339E-07
-7.4753E-09	-1.1386E-08	3.2265E-05	3.1633E-07
-2.0817E-08	1.1591E-08	3.4644E-05	-4.4475E-07
3.0424E-09	-1.7967E-09	3.4090E-05	-1.2602E-06
-1.0949E-08	1.9912E-08	3.6661E-05	-4.6367E-07
-1.8281E-09	-2.9660E-08	3.8113E-05	-3.0244E-06
-3.4108E-08	5.7512E-09	3.8805E-05	-4.2875E-06
-3.2714E-08	-1.3335E-08	3.8302E-05	-5.9112E-06
-1.5181E-08	-2.2923E-08	3.9413E-05	-5.4061E-06
-4.0506E-08	-6.8318E-10	4.0044E-05	-7.9100E-06
-4.8117E-09	-1.4700E-08	3.9623E-05	-7.1388E-06
-2.5029E-08	3.2373E-08	4.1933E-05	-7.9756E-06
-2.1608E-08	-2.3218E-08	4.2830E-05	-8.8399E-06
2.0289E-08	5.4683E-08	4.4957E-05	-1.0267E-05
1.1535E-08	-2.9068E-08	4.6152E-05	-1.1262E-05
-5.6938E-10	-1.1308E-08	5.1062E-05	-1.2873E-05
-1.4656E-08	1.2898E-08	5.4422E-05	-2.0767E-05
8.6011E-09	-4.1447E-08	5.1858E-05	-2.8011E-05
-2.2248E-09	-2.3611E-08	4.8375E-05	-3.3068E-05
3.1889E-08	3.4064E-08	4.2807E-05	-3.6251E-05
-3.5878E-08	-1.8816E-08	3.9249E-05	-3.6404E-05
-8.9447E-09	3.1230E-08	3.6053E-05	-3.8175E-05
3.4361E-10	-3.5699E-08	3.1779E-05	-3.7545E-05
3.9875E-09	-2.7075E-09	3.0169E-05	-3.6201E-05
1.5136E-08	-5.2466E-08	2.9042E-05	-3.5994E-05
-8.4563E-09	-1.9332E-08	2.8600E-05	-3.6264E-05
-4.6830E-08	-5.8680E-08	2.6718E-05	-3.8846E-05
-5.8713E-08	2.0695E-09	2.1940E-05	-3.7925E-05
1.2228E-09	2.0212E-08	2.2033E-05	-3.5692E-05
3.1275E-09	-2.8217E-09	2.0760E-05	-3.7284E-05
1.4030E-08	5.7246E-09	1.7848E-05	-3.6482E-05
-9.8972E-10	-4.4575E-08	1.6270E-05	-3.4644E-05
3.5883E-08	-1.9951E-08	1.6703E-05	-3.3415E-05
-7.5259E-09	1.6911E-08	1.5855E-05	-3.4206E-05
-5.9522E-09	2.2823E-08	1.4626E-05	-3.3548E-05
-1.5973E-08	3.9653E-08	1.3410E-05	-3.3608E-05
1.2613E-08	-6.9721E-09	1.2090E-05	-3.2440E-05
3.9578E-08	6.4240E-09	1.1601E-05	-3.1866E-05
-1.0894E-08	-1.4661E-08	1.1037E-05	-3.1514E-05
-3.0848E-08	-5.5216E-09	9.4360E-06	-3.1662E-05
3.1273E-08	3.2131E-08	8.0546E-06	-2.9514E-05
8.2805E-09	-3.1982E-08	8.6655E-06	-2.8907E-05
-3.4699E-08	-3.4112E-08	7.4354E-06	-2.8248E-05
-3.6428E-08	-2.4398E-09	8.4404E-06	-2.7132E-05
8.7787E-09	-3.2388E-08	7.5158E-06	-2.8928E-05
2.1530E-09	-9.5207E-11	4.8980E-06	-2.7264E-05
1.2359E-08	5.1273E-09	4.5781E-06	-2.5455E-05
-1.5029E-08	2.8643E-08	4.8483E-06	-2.2984E-05
-2.7206E-08	-1.6154E-08	6.8558E-06	-2.3215E-05
1.3125E-08	1.5354E-08	5.9589E-06	-2.2886E-05
-1.9433E-09	3.3448E-08	7.6388E-06	-2.2971E-05
-7.0827E-09	-2.4072E-08	6.0115E-06	-2.3973E-05
-1.5862E-08	-1.4571E-08	6.0878E-06	-2.3269E-05
-2.3343E-08	2.3394E-08	4.2679E-06	-2.3362E-05
-2.1469E-09	1.1050E-08	4.4929E-06	-2.1117E-05
8.9971E-09	1.2283E-08	5.1275E-06	-2.0697E-05
-4.3552E-08	1.3065E-08	6.6492E-06	-2.1340E-05
3.0031E-09	-6.0935E-08	4.0157E-06	-2.2958E-05
-2.2956E-09	-1.2025E-08	3.0934E-06	-1.9875E-05
1.4372E-08	2.1312E-08	4.6946E-06	-1.9073E-05
1.4012E-08	-4.4638E-08	5.1079E-06	-2.0673E-05
-1.5226E-08	-3.4786E-08	3.1877E-06	-1.9073E-05
2.9790E-09	-5.0937E-08	4.7775E-06	-1.9220E-05
-9.8134E-09	-2.8434E-08	3.3855E-06	-1.8456E-05
-1.8000E-09	2.4182E-09	5.5121E-06	-1.8921E-05
-3.3590E-09	1.6685E-09	2.2186E-06	-1.9752E-05
-1.8823E-09	1.7397E-09	2.8137E-06	-1.6329E-05
-3.3043E-09	1.5210E-09	4.0663E-06	-1.6721E-05
-1.5421E-09	1.3191E-09	4.9895E-06	-1.6288E-05
-2.9771E-09	1.5202E-09	5.2986E-06	-1.8176E-05
-1.2632E-09	1.1777E-09	3.6110E-06	-1.8411E-05
-2.4129E-09	1.9580E-09	2.1770E-06	-1.7268E-05
-1.2371E-09	1.5119E-09	3.2776E-06	-1.5359E-05
-2.5893E-09	2.6350E-09	3.6230E-06	-1.6106E-05
-2.1962E-09	1.6137E-09	4.3689E-06	-1.5320E-05
-2.9966E-09	2.0035E-09	3.6718E-06	-1.7253E-05
-2.4475E-09	4.8696E-10	2.8343E-06	-1.4710E-05
-1.7572E-09	1.2345E-09	4.4633E-06	-1.6302E-05
-1.3059E-09	7.9110E-10	2.1151E-06	-1.5406E-05
-8.1107E-10	2.3115E-09	3.8596E-06	-1.4791E-05
-2.0851E-09	2.3847E-09	2.5696E-06	-1.5548E-05
-2.0762E-09	2.6139E-09	2.2964E-06	-1.4055E-05
-3.6208E-09	1.5368E-09	2.9987E-06	-1.3326E-05
-2.0739E-09	6.1147E-10	3.5768E-06	-1.3515E-05
-2.2430E-09	5.2250E-10	3.7407E-06	-1.3302E-05
-7.0507E-11	6.3880E-10	3.6747E-06	-1.4049E-05
-1.2738E-09	2.4026E-09	2.7906E-06	-1.2260E-05
-7.9026E-10	2.3382E-09	6.0749E-06	-1.2341E-05
-3.0283E-09	3.1248E-09	4.6375E-06	-1.5557E-05
-2.5887E-09	9.9936E-10	2.8012E-06	-1.3601E-05
-2.9854E-09	1.2128E-09	4.2846E-06	-1.3516E-05
-1.1584E-09	-4.4167E-10	3.1297E-06	-1.4380E-05
-7.7427E-10	1.4985E-09	2.4496E-06	-1.3047E-05
-3.9284E-10	1.3219E-09	3.2440E-06	-1.2366E-05
-1.2033E-09	3.2384E-09	3.5803E-06	-1.2829E-05
-2.3482E-09	1.9150E-09	3.2101E-06	-1.2412E-05
-2.5291E-09	2.0391E-09	4.3279E-06	-1.2749E-05
-2.5766E-09	3.5872E-10	2.7826E-06	-1.4179E-05
-1.0561E-09	6.4121E-10	1.2556E-06	-1.2159E-05
-1.1168E-09	8.0079E-10	2.8934E-06	-1.0701E-05
-1.8633E-10	1.7209E-09	3.5147E-06	-1.2338E-05
-1.5606E-09	2.3261E-09	1.5314E-06	-1.1246E-05
-1.3720E-09	1.8364E-09	3.6367E-06	-1.0178E-05
-2.5234E-09	1.9784E-09	2.6503E-06	-1.1009E-05
-1.5046E-09	5.6863E-10	4.1151E-06	-9.3853E-06
-1.7691E-09	1.4137E-09	4.0888E-06	-1.1092E-05
-8.3075E-10	4.1575E-10	4.5759E-06	-9.7774E-06
-1.1082E-09	2.0569E-09	4.9049E-06	-1.1618E-05
-9.5809E-10	8.1375E-10	4.6338E-06	-1.0623E-05
-1.2375E-09	2.3864E-09	5.0980E-06	-1.2507E-05
-1.4270E-09	9.1288E-10	3.5005E-06	-1.1964E-05
-1.2719E-09	2.2137E-09	3.2847E-06	-1.2170E-05
-1.8127E-09	7.5171E-10	2.7966E-06	-1.0395E-05
-1.2238E-09	1.7489E-09	4.6463E-06	-1.1483E-05
-1.6799E-09	4.4731E-10	2.3883E-06	-1.2294E-05
-5.5144E-10	1.2326E-09	1.8878E-06	-1.0257E-05
-1.0506E-09	9.5540E-10	3.3868E-06	-9.5078E-06
-1.6923E-10	1.8229E-09	3.6852E-06	-1.0769E-05
-1.4846E-09	1.9872E-09	2.7447E-06	-1.0484E-05
-1.2966E-09	1.7606E-09	2.5682E-06	-9.6995E-06
-2.2732E-09	1.4789E-09	3.8439E-06	-9.0597E-06
-1.3417E-09	1.8392E-10	3.3368E-06	-1.0480E-05
-1.0353E-09	7.4908E-10	3.3925E-06	-8.4122E-06
2.3274E-12	3.5842E-10	5.0374E-06	-1.0490E-05
-6.4551E-11	2.2885E-09	2.6886E-06	-1.0253E-05
-8.7668E-10	1.7220E-09	3.6282E-06	-9.3165E-06
-1.5373E-09	2.7841E-09	3.7572E-06	-9.3673E-06
-2.4188E-09	6.2803E-10	4.1565E-06	-1.0119E-05
-1.3798E-09	8.7177E-10	2.8659E-06	-9.8481E-06
-1.1603E-09	-5.2695E-10	3.4569E-06	-8.9438E-06
6.9107E-10	1.1574E-09	4.1141E-06	-8.9127E-06
-3.3631E-10	1.2659E-09	4.5204E-06	-1.0105E-05
-3.5753E-11	2.7343E-09	2.9593E-06	-1.0041E-05
-2.2005E-09	1.9409E-09	3.5743E-06	-8.9374E-06
-1.4880E-09	1.3607E-09	4.0404E-06	-9.8274E-06
-2.2167E-09	2.1734E-10	2.8273E-06	-9.9514E-06
-1.4139E-10	-1.7553E-11	3.0982E-06	-8.8087E-06
-2.5215E-10	7.4230E-10	3.0803E-06	-9.4248E-06
5.4138E-10	1.3159E-09	2.8433E-06	-8.0525E-06
-7.6800E-10	2.4569E-09	4.1923E-06	-8.6417E-06
-1.1661E-09	1.6041E-09	3.4088E-06	-8.9674E-06
-1.7520E-09	1.5957E-09	3.3647E-06	-8.5740E-06
-1.4784E-09	7.4410E-11	3.8540E-06	-8.0050E-06
-4.7240E-10	7.3334E-10	4.1468E-06	-8.9454E-06
-3.9495E-10	2.2060E-10	3.7473E-06	-7.9661E-06
3.2856E-10	1.6608E-09	5.2079E-06	-9.0788E-06
-9.1457E-10	1.3003E-09	3.4348E-06	-9.3744E-06
-3.1123E-10	1.8674E-09	4.6116E-06	-8.6285E-06
-1.7529E-09	9.9739E-10	4.0156E-06	-1.0226E-05
-3.8432E-10	1.0723E-09	2.8689E-06	-9.2635E-06
-1.4533E-09	6.5847E-10	3.6646E-06	-8.7753E-06
1.1177E-10	7.2813E-10	3.4976E-06	-9.6364E-06
-1.0911E-09	9.7109E-10	2.5559E-06	-9.0512E-06
2.6981E-10	8.3657E-10	3.0993E-06	-8.2981E-06
-8.9476E-10	1.3632E-09	3.7270E-06	-8.7792E-06
8.6242E-12	1.0130E-09	2.8885E-06	-9.3647E-06
-1.0578E-09	1.7402E-09	2.7406E-06	-8.3950E-06
-6.7394E-10	8.2444E-10	2.8807E-06	-8.7964E-06
-1.2333E-09	1.2145E-09	2.8100E-06	-7.9486E-06
-7.3524E-10	7.3064E-11	3.5106E-06	-9.0066E-06
-1.8608E-10	7.4382E-10	1.8782E-06	-8.8458E-06
-1.1847E-11	3.9877E-10	2.1751E-06	-7.7568E-06
4.1808E-10	1.6931E-09	2.5497E-06	-7.4966E-06
-7.5068E-10	1.5670E-09	2.7413E-06	-7.6797E-06
-6.6422E-10	1.7315E-09	2.6939E-06	-6.9619E-06
-1.9559E-09	7.9115E-10	4.0483E-06	-7.3043E-06
-4.6256E-10	1.0893E-10	3.5704E-06	-8.5649E-06
-7.5087E-10	4.7675E-12	2.5928E-06	-8.3600E-06
1.1226E-09	2.9274E-10	2.7217E-06	-7.7166E-06
-3.3902E-11	1.7089E-09	2.7646E-06	-8.1418E-06
3.6572E-10	1.6508E-09	2.2084E-06	-7.8265E-06
-1.6786E-09	2.1730E-09	2.1716E-06	-7.4583E-06
-1.1276E-09	4.0379E-10	2.3338E-06	-7.1803E-06
-1.4608E-09	4.5024E-10	2.0008E-06	-6.9740E-06
1.6668E-10	-8.1148E-10	2.8061E-06	-6.2115E-06
4.6861E-10	8.9168E-10	2.8578E-06	-6.8692E-06
7.8840E-10	8.4798E-10	3.6318E-06	-6.5118E-06
-9.3967E-11	2.4092E-09	2.5908E-06	-8.2556E-06
-1.1401E-09	1.2923E-09	2.1954E-06	-5.8861E-06
-1.2386E-09	1.2172E-09	3.0384E-06	-7.5861E-06
-1.2437E-09	-2.7240E-10	1.6943E-06	-5.5056E-06
1.7020E-10	1.9756E-12	3.9147E-06	-6.5218E-06
1.6527E-10	2.7335E-10	2.4119E-06	-5.8354E-06
9.6540E-10	1.1197E-09	4.7464E-06	-6.8781E-06
-4.6549E-10	1.7223E-09	1.7105E-06	-7.5077E-06
-3.1129E-10	1.2495E-09	3.0671E-06	-5.6898E-06
-1.4101E-09	1.1912E-09	2.6836E-06	-6.5063E-06
-3.9294E-10	-1.1722E-10	3.2952E-06	-6.0419E-06
-5.9312E-10	6.3800E-10	2.4929E-06	-6.4863E-06
4.5106E-10	-1.3566E-10	2.9989E-06	-5.6332E-06
3.2754E-11	1.3799E-09	2.6696E-06	-6.0372E-06
1.3758E-10	4.5475E-10	2.8267E-06	-5.1193E-06
-3.2827E-10	1.7307E-09	3.2959E-06	-5.0202E-06
-4.5798E-10	3.1123E-10	3.6570E-06	-4.8057E-06
-3.9932E-10	1.3143E-09	4.6127E-06	-4.3992E-06
-6.0805E-10	7.0756E-11	5.5488E-06	-6.0167E-06
-8.0712E-11	9.3166E-10	4.3404E-06	-5.9002E-06
-4.3486E-10	-8.9623E-12	5.6202E-06	-6.1161E-06
3.9751E-10	7.6611E-10	5.1229E-06	-6.7032E-06
-1.0936E-10	5.1638E-10	5.9266E-06	-8.0990E-06
5.0393E-10	1.1044E-09	2.9912E-06	-8.5316E-06
-5.9205E-10	1.2160E-09	4.2333E-06	-6.9229E-06
-2.9762E-10	9.0597E-10	3.3983E-06	-8.6072E-06
-1.0922E-09	7.1543E-10	2.8124E-06	-7.6170E-06
-2.3548E-10	-3.1692E-10	2.0812E-06	-7.5466E-06
-3.5308E-11	3.2997E-10	2.8774E-06	-6.5637E-06
8.0333E-10	-7.8348E-11	2.0614E-06	-7.5498E-06
5.5191E-10	1.6115E-09	2.3110E-06	-5.9315E-06
-5.7583E-11	1.0024E-09	2.2019E-06	-7.2870E-06
-6.6717E-10	1.8757E-09	1.2507E-06	-5.2774E-06
-1.3023E-09	-6.6060E-11	2.9394E-06	-5.4130E-06
-4.2714E-10	2.8573E-10	2.4721E-06	-5.4188E-06
-1.0070E-10	-9.2025E-10	3.3895E-06	-5.3983E-06
1.3076E-09	6.3203E-10	3.0262E-06	-6.1191E-06
4.2511E-10	7.2307E-10	2.6850E-06	-5.7394E-06
5.6354E-10	1.9881E-09	2.9353E-06	-5.5291E-06
-1.2640E-09	1.1590E-09	3.2528E-06	-5.6560E-06
-7.1949E-10	6.4105E-10	3.1041E-06	-6.4808E-06
-1.1621E-09	-3.6797E-10	1.6712E-06	-5.9785E-06
6.3977E-10	-5.4261E-10	2.6895E-06	-4.8338E-06
5.5858E-10	2.2191E-10	2.4002E-06	-6.0285E-06
1.1529E-09	8.0318E-10	1.5620E-06	-4.4962E-06
-2.8752E-11	1.7919E-09	2.8049E-06	-4.2562E-06
-5.1456E-10	9.3537E-10	2.5051E-06	-4.1273E-06
-1.0113E-09	9.0319E-10	3.4768E-06	-3.5170E-06
-6.5785E-10	-5.6241E-10	3.8947E-06	-4.0056E-06
2.9603E-10	8.0618E-11	4.5461E-06	-3.6494E-06
4.0636E-10	-3.0321E-10	5.6385E-06	-4.9630E-06
9.9931E-10	1.1516E-09	4.6604E-06	-5.9431E-06
-1.8061E-10	7.5491E-10	4.5307E-06	-5.9273E-06
1.5954E-10	1.3090E-09	3.8236E-06	-6.3851E-06
-1.0692E-09	3.4515E-10	3.6381E-06	-5.7889E-06
1.6933E-10	3.7011E-10	3.5433E-06	-6.2334E-06
-6.2155E-10	-9.4718E-11	2.9014E-06	-5.6749E-06
7.8865E-10	2.0157E-10	3.2460E-06	-5.3495E-06
-2.1080E-10	4.2819E-10	3.2231E-06	-5.1365E-06
7.8384E-10	4.5413E-10	3.7319E-06	-4.9679E-06
-3.2779E-10	8.3607E-10	4.0954E-06	-5.3825E-06
3.8182E-10	4.7433E-10	3.6720E-06	-6.1742E-06
-4.6743E-10	8.9678E-10	2.5591E-06	-5.1294E-06
-7.5348E-11	1.3679E-10	4.5603E-06	-4.2891E-06
-3.9436E-10	5.3883E-10	4.6890E-06	-6.4975E-06
4.8528E-12	-3.5245E-10	3.7163E-06	-6.3083E-06
4.0439E-10	3.2736E-10	3.3166E-06	-7.1457E-06
4.1386E-10	3.9765E-11	1.8627E-06	-5.8034E-06
7.6398E-10	1.0838E-09	3.4919E-06	-5.5456E-06
-3.1154E-10	8.0846E-10	2.0609E-06	-6.4611E-06
-1.0818E-10	9.8811E-10	2.3968E-06	-4.5519E-06
-1.1520E-09	1.2234E-10	3.2515E-06	-6.0356E-06
1.9664E-10	-3.3160E-10	1.2971E-06	-5.2740E-06
-1.4469E-10	-3.9751E-10	3.1256E-06	-3.9569E-06
1.4712E-09	-1.1061E-11	3.0815E-06	-5.6785E-06
3.3514E-10	1.0613E-09	2.5885E-06	-4.9848E-06
6.5650E-10	1.0471E-09	2.2765E-06	-5.9309E-06
-1.0996E-09	1.3534E-09	8.8178E-07	-4.1164E-06
-5.1306E-10	-1.3764E-10	2.6525E-06	-3.4166E-06
-8.0409E-10	-1.5949E-10	2.6638E-06	-3.5533E-06
6.6590E-10	-1.0730E-09	3.5737E-06	-3.7598E-06
9.0362E-10	3.8155E-10	2.8423E-06	-3.7807E-06
1.0858E-09	4.3029E-10	4.3848E-06	-3.1289E-06
2.2901E-10	1.7217E-09	4.5154E-06	-5.0885E-06
-6.8552E-10	7.2231E-10	3.1943E-06	-5.0618E-06
-7.3863E-10	5.1828E-10	2.9608E-06	-4.1460E-06
-7.1316E-10	-7.5138E-10	4.0434E-06	-3.8992E-06
6.5223E-10	-4.7642E-10	3.8283E-06	-5.0158E-06
6.2942E-10	-1.6509E-10	3.1131E-06	-4.3377E-06
1.2825E-09	6.6771E-10	3.8325E-06	-4.0867E-06
-1.1725E-10	1.2167E-09	3.7357E-06	-4.4309E-06
1.9144E-11	7.2912E-10	3.9541E-06	-4.0331E-06
-1.0425E-09	5.3563E-10	4.2985E-06	-4.6131E-06
1.9776E-12	-6.1271E-10	3.9662E-06	-4.1803E-06
-1.1799E-10	9.1206E-12	5.4252E-06	-4.5718E-06
9.2312E-10	-5.3800E-10	4.5782E-06	-6.2553E-06
4.1353E-10	8.8335E-10	3.8187E-06	-5.6164E-06
4.9788E-10	1.8069E-10	4.1102E-06	-6.1674E-06
-1.1498E-10	1.1568E-09	2.8045E-06	-6.5246E-06
-2.0466E-10	-1.3492E-10	2.2869E-06	-5.2991E-06
-1.4223E-10	6.0676E-10	2.9012E-06	-5.0865E-06
-1.2284E-10	-4.6780E-10	2.5056E-06	-4.9980E-06
3.3937E-10	3.2717E-10	3.0666E-06	-4.1750E-06
7.3029E-11	-2.8927E-10	4.1736E-06	-4.8434E-06
6.7219E-10	4.0249E-10	3.7770E-06	-6.2963E-06
1.0822E-10	1.7765E-10	2.2539E-06	-6.5355E-06
5.6784E-10	5.7461E-10	1.2070E-06	-5.5725E-06
-3.2356E-10	5.9695E-10	1.4540E-06	-4.0421E-06
4.2234E-11	2.3208E-10	2.8164E-06	-4.1600E-06
-6.0203E-10	1.7513E-10	2.3151E-06	-5.1287E-06
2.2579E-10	-6.2809E-10	1.2690E-06	-4.3239E-06
2.7425E-10	2.1677E-11	2.2046E-06	-2.8720E-06
9.3802E-10	-3.5198E-10	3.5415E-06	-4.0002E-06
5.8941E-10	1.1019E-09	2.4243E-06	-4.5604E-06
1.5522E-10	4.3557E-10	2.3883E-06	-4.0747E-06
-4.2512E-10	1.1556E-09	1.9896E-06	-3.8060E-06
-8.0221E-10	-5.2195E-10	2.5418E-06	-3.0255E-06
-6.4520E-11	-1.3007E-10	3.1962E-06	-3.3187E-06
2.7434E-10	-1.1410E-09	3.1131E-06	-3.8478E-06
1.3292E-09	2.9265E-10	2.8044E-06	-3.4064E-06
6.0046E-10	3.4793E-10	3.2306E-06	-3.8310E-06
5.8932E-10	1.3823E-09	2.0924E-06	-2.7708E-06
-9.4196E-10	5.9345E-10	5.1934E-06	-2.0601E-06
-4.5849E-10	1.2204E-10	4.4729E-06	-5.5846E-06
-7.0757E-10	-7.6033E-10	2.6253E-06	-4.0166E-06
8.2431E-10	-8.5677E-10	3.5679E-06	-4.0670E-06
7.7837E-10	-7.9366E-11	2.9829E-06	-3.9374E-06
1.2229E-09	4.3580E-10	3.2961E-06	-3.5045E-06
1.0393E-10	1.2983E-09	4.3451E-06	-3.3267E-06
-3.7907E-10	4.6604E-10	4.5621E-06	-5.5940E-06
-7.6931E-10	3.9280E-10	1.9905E-06	-5.1879E-06
-3.7238E-10	-9.9188E-10	2.8039E-06	-3.8171E-06
5.0053E-10	-3.1614E-10	2.6620E-06	-4.2846E-06
6.7741E-10	-6.0828E-10	2.7941E-06	-3.6714E-06
1.1056E-09	7.9526E-10	3.0260E-06	-3.9899E-06
-1.0390E-11	4.0930E-10	2.8056E-06	-4.2507E-06
1.5616E-10	9.2021E-10	1.6367E-06	-3.7403E-06
-8.5823E-10	-1.2829E-10	3.0306E-06	-1.8490E-06
2.2952E-10	-1.1564E-10	4.2354E-06	-4.0195E-06
-2.9371E-10	-5.5555E-10	2.2721E-06	-3.4616E-06
9.6732E-10	-1.3722E-10	4.0244E-06	-2.6445E-06
1.0161E-10	9.4999E-11	3.7984E-06	-4.0365E-06
7.9569E-10	2.5375E-10	3.5176E-06	-3.7114E-06
-2.2219E-10	4.9282E-10	3.3414E-06	-3.8644E-06
3.1155E-10	7.8995E-11	3.6817E-06	-3.5529E-06
-3.4191E-10	3.2705E-10	3.4674E-06	-4.3344E-06
9.4971E-11	-3.1056E-10	3.0207E-06	-3.5031E-06
-5.8672E-11	9.1497E-11	4.0884E-06	-3.8264E-06
2.3239E-10	-5.7286E-10	3.2733E-06	-4.8567E-06
5.2239E-10	1.3281E-10	2.3988E-06	-4.1050E-06
4.0794E-10	-1.7625E-10	2.5889E-06	-3.5573E-06
6.5808E-10	6.6530E-10	2.9268E-06	-2.8203E-06
-2.7024E-10	2.9700E-10	4.4683E-06	-3.7065E-06
3.8068E-11	4.7740E-10	2.4157E-06	-5.0969E-06
-8.1299E-10	-3.2038E-10	2.3252E-06	-2.6834E-06
3.8604E-10	-5.3391E-10	3.1510E-06	-3.8747E-06
4.3362E-11	-5.8201E-10	2.2083E-06	-2.1366E-06
1.3757E-09	-1.6274E-10	5.0427E-06	-3.0365E-06
2.8283E-10	6.3788E-10	2.9478E-06	-3.9467E-06
5.7632E-10	6.5120E-10	2.6316E-06	-1.9010E-06
-9.0217E-10	7.6291E-10	5.3516E-06	-3.2617E-06
-3.3445E-10	-4.6418E-10	3.7561E-06	-4.6588E-06
-5.4124E-10	-4.9132E-10	3.3609E-06	-3.9423E-06
7.6378E-10	-1.1512E-09	3.2156E-06	-3.7932E-06
9.0874E-10	9.3937E-11	3.8890E-06	-3.3492E-06
9.7884E-10	2.1025E-10	4.0114E-06	-4.6578E-06
2.0961E-10	1.2510E-09	2.9212E-06	-4.2645E-06
-6.1044E-10	3.2692E-10	3.3759E-06	-4.2498E-06
-6.1079E-10	8.4893E-11	2.7056E-06	-4.2493E-06
-5.2729E-10	-1.0002E-09	2.9098E-06	-4.0854E-06
7.5746E-10	-7.2318E-10	2.3332E-06	-3.7353E-06
6.7684E-10	-3.7753E-10	3.3616E-06	-3.5287E-06
1.2277E-09	4.4283E-10	2.4251E-06	-4.5106E-06
-1.1222E-10	8.7553E-10	1.9577E-06	-3.1180E-06
-1.2318E-11	4.0559E-10	2.7409E-06	-2.8048E-06
-9.8618E-10	1.2421E-10	3.2621E-06	-2.8399E-06
8.5136E-11	-8.8190E-10	3.5967E-06	-3.4047E-06
6.8146E-12	-3.7432E-10	2.9225E-06	-3.9936E-06
1.0024E-09	-6.8515E-10	2.3705E-06	-2.6505E-06
4.6004E-10	6.0511E-10	4.1413E-06	-2.8516E-06
4.9165E-10	5.6769E-11	3.2968E-06	-3.4835E-06
-2.1247E-10	7.9766E-10	4.7286E-06	-3.5103E-06
-2.4148E-10	-3.6963E-10	2.8929E-06	-5.6085E-06
-1.4943E-10	1.2973E-10	2.1593E-06	-3.3515E-06
8.7728E-12	-7.5915E-10	2.8883E-06	-3.9317E-06
4.4492E-10	5.6219E-12	2.5482E-06	-3.4210E-06
2.2732E-10	-3.8404E-10	2.5476E-06	-3.6258E-06
6.1837E-10	2.2490E-10	2.9117E-06	-2.9315E-06
1.6533E-11	3.5193E-11	2.8373E-06	-3.8916E-06
3.9885E-10	2.5478E-10	2.8614E-06	-2.8126E-06
-3.4208E-10	1.8217E-10	3.3095E-06	-4.5305E-06
9.5969E-11	-1.6467E-10	1.1751E-06	-3.4793E-06
-4.0687E-10	-1.1471E-10	2.6695E-06	-2.1821E-06
3.6696E-10	-7.3559E-10	3.2470E-06	-3.2014E-06
2.5938E-10	-9.1491E-11	2.4002E-06	-3.1841E-06
8.0677E-10	-4.1713E-10	3.6198E-06	-2.7616E-06
3.8996E-10	7.7142E-10	2.2325E-06	-4.7697E-06
9.0281E-11	8.6228E-11	1.4880E-06	-1.5492E-06
-4.1992E-10	6.9215E-10	4.2059E-06	-3.0905E-06
-5.7206E-10	-7.4186E-10	2.1351E-06	-3.7424E-06
1.3276E-11	-3.3610E-10	2.0392E-06	-3.1525E-06
3.4059E-10	-1.1351E-09	1.7002E-06	-1.6720E-06
1.1292E-09	1.4888E-10	3.7580E-06	-1.9985E-06
4.9979E-10	1.5359E-10	3.0503E-06	-2.7860E-06
3.8548E-10	9.8881E-10	3.0168E-06	-2.9456E-06
-8.5279E-10	2.6103E-10	2.6908E-06	-1.8451E-06
-4.0505E-10	-1.8728E-10	4.1084E-06	-3.2939E-06
-5.4290E-10	-9.1669E-10	1.8726E-06	-3.2055E-06
7.8069E-10	-9.3574E-10	3.4038E-06	-8.1114E-07
7.4370E-10	-1.8378E-10	4.4119E-06	-2.8348E-06
1.0457E-09	2.5384E-10	3.9159E-06	-3.0116E-06
-5.1349E-12	1.0137E-09	3.4239E-06	-3.5313E-06
-4.1958E-10	1.8993E-10	3.3913E-06	-2.8921E-06
-7.4281E-10	8.3672E-11	3.5319E-06	-3.7228E-06
-3.0741E-10	-1.1697E-09	2.4562E-06	-3.3392E-06
4.9350E-10	-4.7862E-10	3.1082E-06	-2.6820E-06
7.0760E-10	-7.0868E-10	2.8408E-06	-3.3365E-06
9.5938E-10	6.3402E-10	2.9553E-06	-2.0871E-06
-5.3397E-11	2.6424E-10	4.2588E-06	-3.8701E-06
-1.4616E-11	6.8357E-10	1.1273E-06	-3.9901E-06
-8.4488E-10	-3.8745E-10	2.2368E-06	-1.0703E-06
1.2457E-10	-3.6436E-10	3.8197E-06	-2.3169E-06
-1.6500E-10	-7.7190E-10	3.0214E-06	-2.7116E-06
9.2336E-10	-2.8014E-10	3.3309E-06	-1.9091E-06
1.6484E-10	-7.7036E-12	4.3788E-06	-2.7837E-06
6.3129E-10	2.0868E-10	3.2221E-06	-3.5093E-06
-3.0643E-10	3.1552E-10	3.2094E-06	-2.5508E-06
9.1731E-11	-1.2800E-10	4.0883E-06	-2.9534E-06
-3.6754E-10	7.7291E-12	3.4097E-06	-4.3099E-06
1.0302E-10	-5.5278E-10	1.8690E-06	-3.0236E-06
4.8228E-11	-1.1784E-10	3.5731E-06	-2.5503E-06
2.6550E-10	-5.8732E-10	2.3485E-06	-3.6226E-06
4.5096E-10	1.0503E-10	2.5859E-06	-1.4337E-06
2.3090E-10	-2.4258E-10	4.8354E-06	-2.4465E-06
4.0932E-10	4.5010E-10	3.9466E-06	-4.6347E-06
-3.4425E-10	-4.7965E-12	1.8102E-06	-4.1260E-06
1.7524E-11	1.7336E-10	2.1057E-06	-2.4744E-06
-6.5773E-10	-5.2338E-10	3.0711E-06	-2.6102E-06
4.0510E-10	-5.3744E-10	3.0254E-06	-3.3224E-06
5.3498E-11	-5.9350E-10	2.3674E-06	-3.1587E-06
1.1084E-09	-1.5761E-10	2.6365E-06	-3.1181E-06
1.0995E-10	4.1964E-10	1.6665E-06	-3.2240E-06
3.7921E-10	4.1853E-10	1.7695E-06	-1.8505E-06
-8.5458E-10	3.9564E-10	2.5853E-06	-2.0131E-06
-2.9932E-10	-5.8422E-10	2.1325E-06	-1.9076E-06
-4.1841E-10	-6.0545E-10	3.0404E-06	-7.0407E-07
6.8843E-10	-1.0722E-09	4.7799E-06	-2.3093E-06
7.5738E-10	1.4060E-11	2.6635E-06	-3.6258E-06
7.5452E-10	1.4207E-10	2.4049E-06	-1.4456E-06
6.7393E-11	9.5883E-10	4.1798E-06	-1.9985E-06
-6.6457E-10	1.1117E-10	3.3401E-06	-2.9584E-06
-5.8438E-10	-1.2824E-10	3.7033E-06	-2.1846E-06
-4.6169E-10	-1.0701E-09	3.9469E-06	-4.0034E-06
7.0571E-10	-7.6007E-10	1.7218E-06	-3.2405E-06
5.8576E-10	-3.9972E-10	3.2422E-06	-2.3526E-06
1.0478E-09	3.7564E-10	2.1159E-06	-3.6895E-06
-2.3375E-10	6.8572E-10	1.4498E-06	-1.6714E-06
-1.4975E-10	2.6098E-10	2.8030E-06	-1.1471E-06
-9.9693E-10	-1.0268E-10	3.8241E-06	-1.4247E-06
5.7045E-11	-9.6782E-10	3.9335E-06	-2.7286E-06
1.0116E-11	-5.2926E-10	3.1204E-06	-2.4747E-06
9.4786E-10	-6.4858E-10	3.9534E-06	-2.5584E-06
3.8438E-10	4.8570E-10	3.3657E-06	-3.6811E-06
3.4645E-10	7.1023E-11	2.4519E-06	-3.5111E-06
-3.7417E-10	6.1281E-10	1.5206E-06	-3.0398E-06
-3.5185E-10	-4.6194E-10	1.7708E-06	-1.3926E-06
-2.3027E-10	-1.3967E-10	2.8427E-06	-1.5330E-06
2.8060E-11	-8.4048E-10	3.2866E-06	-1.3260E-06
4.5155E-10	-1.1740E-10	3.8758E-06	-2.6941E-06
2.3151E-10	-3.4021E-10	2.3323E-06	-2.3522E-06
4.6330E-10	2.1155E-10	3.4744E-06	-1.8101E-06
-1.4894E-10	2.2526E-11	3.0150E-06	-2.4707E-06
1.7861E-10	8.6169E-11	3.2747E-06	-2.2313E-06
-4.3570E-10	-4.6237E-11	2.5349E-06	-2.4376E-06
8.4436E-11	-3.4527E-10	3.1976E-06	-1.3089E-06
-3.1689E-10	-2.3279E-10	3.7571E-06	-2.3838E-06
3.7995E-10	-6.7755E-10	3.2057E-06	-2.1613E-06
1.5481E-10	-5.3287E-11	3.7323E-06	-2.4325E-06
6.0653E-10	-3.5572E-10	2.9764E-06	-2.6017E-06
1.3393E-10	5.8031E-10	3.6568E-06	-1.8288E-06
-3.5000E-11	-8.0319E-11	4.1544E-06	-3.2203E-06
-4.5134E-10	4.1415E-10	2.8974E-06	-3.5980E-06
-4.4808E-10	-7.9238E-10	2.0848E-06	-3.0403E-06
4.6581E-12	-3.6665E-10	2.4857E-06	-1.6131E-06
3.1504E-10	-9.7921E-10	3.8911E-06	-2.6209E-06
8.7538E-10	1.3013E-10	2.5680E-06	-3.4423E-06
3.1207E-10	1.0013E-10	2.0454E-06	-2.5881E-06
1.6446E-10	7.5778E-10	2.4082E-06	-2.1299E-06
-8.2121E-10	8.3246E-11	2.1874E-06	-2.1441E-06
-4.0674E-10	-3.2753E-10	3.3599E-06	-1.1880E-06
-4.6319E-10	-8.9475E-10	3.3010E-06	-4.0495E-06
6.8946E-10	-8.6456E-10	5.7926E-07	-1.5943E-06
6.1490E-10	-1.5493E-10	3.6201E-06	-1.4604E-06
8.1171E-10	2.1589E-10	1.8750E-06	-1.9905E-06
-1.5343E-10	8.6122E-10	3.5197E-06	-1.6598E-06
-4.9040E-10	4.6973E-11	1.5370E-06	-1.7758E-06
-7.6531E-10	-6.2097E-11	4.4830E-06	-5.7003E-07
-2.7814E-10	-1.1711E-09	2.6460E-06	-3.3874E-06
4.3251E-10	-4.9321E-10	3.2321E-06	-8.6741E-07
6.4976E-10	-6.5480E-10	2.7177E-06	-3.4971E-06
7.5756E-10	6.0609E-10	1.8080E-06	-7.5487E-08
-1.4094E-10	2.3310E-10	4.7922E-06	-1.8486E-06
-2.0815E-10	5.5664E-10	2.5590E-06	-2.5225E-06
-8.6073E-10	-4.8100E-10	3.1254E-06	-1.4119E-06
1.9650E-11	-4.6198E-10	3.7530E-06	-1.9305E-06
-1.0153E-10	-8.2083E-10	3.0766E-06	-2.8502E-06
8.1935E-10	-2.7159E-10	2.3989E-06	-1.5998E-06
1.5728E-10	3.0473E-11	3.7292E-06	-1.8970E-06
4.3549E-10	2.4450E-10	2.6499E-06	-2.6695E-06
-4.3130E-10	2.6095E-10	2.4475E-06	-1.4754E-06
-1.1062E-10	-2.0458E-10	3.3102E-06	-1.6193E-06
-4.0677E-10	-1.5655E-10	2.9027E-06	-1.9418E-06
7.7857E-11	-6.4149E-10	3.1349E-06	-1.4362E-06
9.1791E-11	-1.5482E-10	3.4287E-06	-2.0147E-06
2.5336E-10	-4.8748E-10	2.6610E-06	-1.8454E-06
3.2207E-10	1.7263E-10	3.4932E-06	-9.1951E-07
3.8723E-11	-2.0103E-10	4.2180E-06	-2.4285E-06
1.7282E-10	3.5513E-10	2.6615E-06	-2.3090E-06
-4.1896E-10	-1.7238E-10	3.6471E-06	-1.7150E-06
-3.0936E-11	2.5355E-11	3.0457E-06	-2.7784E-06
-5.3494E-10	-5.6319E-10	2.3401E-06	-1.7640E-06
3.7828E-10	-4.3493E-10	3.3069E-06	-9.7709E-07
1.0709E-11	-4.9104E-10	4.3123E-06	-2.4193E-06
8.3178E-10	-5.8268E-11	2.1801E-06	-2.8043E-06
-5.5884E-11	3.1772E-10	2.8901E-06	-9.8601E-07
1.7958E-10	2.9072E-10	3.4886E-06	-1.8176E-06
-8.1744E-10	1.9405E-10	3.7180E-06	-1.7380E-06
-2.7193E-10	-5.8247E-10	3.4607E-06	-2.8654E-06
-3.3721E-10	-5.8414E-10	2.3500E-06	-2.3280E-06
5.7523E-10	-8.9195E-10	2.4800E-06	-1.5556E-06
5.9426E-10	5.3588E-11	3.0020E-06	-1.2332E-06
5.2679E-10	1.4882E-10	3.3355E-06	-1.3062E-06
-8.3411E-11	7.9055E-10	3.7261E-06	-1.4823E-06
-7.0550E-10	1.0708E-11	3.8685E-06	-1.8116E-06
-5.5390E-10	-2.1185E-10	3.6402E-06	-2.6502E-06
-4.1912E-10	-1.0204E-09	2.3994E-06	-1.6851E-06
6.2894E-10	-6.6249E-10	4.1906E-06	-1.1407E-06
4.8226E-10	-3.2419E-10	3.8205E-06	-2.2715E-06
8.4388E-10	3.9483E-10	4.3336E-06	-2.3149E-06
-3.5726E-10	5.9709E-10	3.1040E-06	-3.2224E-06
-2.6619E-10	2.1095E-10	3.4601E-06	-2.0173E-06
-9.8742E-10	-2.1754E-10	3.4839E-06	-3.3133E-06
2.0119E-11	-9.2792E-10	2.4833E-06	-3.0742E-06
1.2624E-11	-5.4134E-10	1.7302E-06	-2.2962E-06
8.6439E-10	-5.2337E-10	2.8358E-06	-1.2909E-06
2.8465E-10	4.6801E-10	2.8774E-06	-1.8686E-06
1.9270E-10	1.5719E-10	3.7741E-06	-1.7823E-06
-4.9978E-10	5.1553E-10	2.6404E-06	-2.8798E-06
-4.4775E-10	-4.7105E-10	3.2298E-06	-1.7226E-06
-2.8334E-10	-2.6144E-10	2.0479E-06	-3.1854E-06
4.3840E-11	-8.0713E-10	2.1685E-06	-4.4366E-08
4.3941E-10	-1.2464E-10	4.5533E-06	-1.8177E-06
1.9724E-10	-2.1341E-10	3.4485E-06	-2.4723E-06
3.1813E-10	2.7948E-10	3.1374E-06	-2.7572E-06
-2.9854E-10	6.0024E-11	3.1160E-06	-2.4927E-06
-7.5674E-12	1.6337E-11	1.8694E-06	-3.0962E-06
-4.9593E-10	-1.5668E-10	2.5912E-06	-5.6877E-07
8.6362E-11	-4.0513E-10	3.7272E-06	-3.0027E-06
-2.5052E-10	-2.4432E-10	2.4574E-06	-1.7520E-06
3.7126E-10	-5.2237E-10	3.4587E-06	-3.6790E-06
5.6848E-11	4.8018E-11	3.9903E-07	-2.0549E-06
4.1258E-10	-2.4037E-10	3.4433E-06	-1.0557E-06
-8.0695E-11	4.7790E-10	2.1613E-06	-3.1681E-06
-1.2526E-10	-1.4685E-10	1.0807E-06	-1.3176E-06
-4.5597E-10	2.4446E-10	3.0579E-06	-3.4306E-07
-3.4669E-10	-7.3580E-10	3.2917E-06	-2.9073E-06
6.6835E-12	-2.9846E-10	9.7454E-07	-1.4077E-06
2.7404E-10	-7.6504E-10	3.1455E-06	-6.7860E-07
6.4088E-10	1.7753E-10	2.7035E-06	-1.6624E-06
1.4240E-10	1.1983E-10	2.8128E-06	-1.4813E-06
6.3529E-13	6.0969E-10	2.6982E-06	-1.3457E-06
-7.8434E-10	-5.2767E-12	3.0599E-06	-1.8857E-06
-3.8289E-10	-3.5823E-10	2.2134E-06	-1.4633E-06
-3.8297E-10	-7.8492E-10	3.0627E-06	-1.6243E-06
6.0530E-10	-7.1991E-10	2.0699E-06	-1.5172E-06
4.7753E-10	-5.5527E-11	3.0022E-06	-1.4059E-06
6.1172E-10	2.4409E-10	1.5785E-06	-1.4255E-06
-2.7417E-10	7.6565E-10	3.2279E-06	2.1191E-07
-5.3174E-10	-1.4189E-11	3.7447E-06	-1.9697E-06
-7.5256E-10	-1.1485E-10	2.1942E-06	-1.4258E-06
-2.2633E-10	-1.0842E-09	3.1616E-06	-5.0126E-07
3.7407E-10	-4.2499E-10	3.7218E-06	-1.5523E-06
5.8610E-10	-5.1780E-10	2.9138E-06	-1.6052E-06
5.7981E-10	6.2694E-10	3.2974E-06	-1.4078E-06
-2.1769E-10	2.5107E-10	3.0010E-06	-1.7906E-06
-3.5373E-10	4.9167E-10	2.7421E-06	-1.3488E-06
-8.3606E-10	-4.9121E-10	3.4553E-06	-1.1650E-06
-3.9893E-11	-4.8174E-10	3.0514E-06	-2.2212E-06
-4.4922E-11	-7.6565E-10	2.5966E-06	-7.8632E-07
7.3188E-10	-1.8812E-10	4.1404E-06	-1.9421E-06
1.3979E-10	1.2087E-10	2.1694E-06	-2.0976E-06
2.6487E-10	3.1236E-10	3.2102E-06	-1.2856E-06
-5.2261E-10	2.6578E-10	2.4616E-06	-1.6647E-06
-2.4292E-10	-2.2723E-10	3.5722E-06	-1.1133E-06
-4.1726E-10	-2.3243E-10	2.6546E-06	-2.3340E-06
8.0057E-11	-6.3369E-10	2.7145E-06	-8.2862E-07
1.3568E-10	-1.0976E-10	3.5653E-06	-1.6446E-06
2.4047E-10	-3.4509E-10	3.1321E-06	-2.2019E-06
2.0083E-10	2.8083E-10	2.0024E-06	-1.9039E-06
-1.0374E-10	-1.2012E-10	3.0950E-06	-7.6509E-07
-8.4969E-12	3.0530E-10	3.0353E-06	-2.3007E-06
-4.5134E-10	-2.5756E-10	2.3849E-06	-1.4172E-06
-4.4050E-11	-3.3818E-11	2.3035E-06	-1.7944E-06
-4.0386E-10	-5.2426E-10	2.4466E-06	-8.0162E-08
3.4916E-10	-2.8905E-10	4.2162E-06	-1.9149E-06
-2.1874E-11	-3.3639E-10	1.6108E-06	-1.8462E-06
6.0213E-10	5.9917E-11	3.4014E-06	-5.6688E-07
-1.8157E-10	2.6743E-10	2.3485E-06	-2.1032E-06
3.2588E-11	2.1962E-10	2.7675E-06	2.6318E-07
-7.4094E-10	8.2701E-11	4.5956E-06	-1.9884E-06
-2.2194E-10	-5.2807E-10	2.0183E-06	-2.4107E-06
-2.5711E-10	-4.8859E-10	2.2964E-06	-8.2062E-07
4.8583E-10	-6.7845E-10	2.7670E-06	-5.6915E-07
4.5728E-10	1.3283E-10	3.8855E-06	-5.7827E-07
3.3531E-10	1.8137E-10	3.8749E-06	-1.7687E-06
-1.8741E-10	6.8556E-10	3.4916E-06	-1.8083E-06
-6.9393E-10	-4.2365E-11	3.3607E-06	-2.2301E-06
-4.9758E-10	-2.2741E-10	2.7997E-06	-2.3767E-06
-3.5492E-10	-9.0725E-10	1.9583E-06	-2.0833E-06
5.7371E-10	-5.1299E-10	2.2217E-06	-6.6306E-07
3.9588E-10	-2.1599E-10	3.5823E-06	-1.2654E-06
6.6158E-10	4.4760E-10	2.7352E-06	-1.9814E-06
-4.3181E-10	5.4644E-10	2.7234E-06	-1.3432E-06
-3.3365E-10	1.9051E-10	2.8967E-06	-1.6172E-06
-9.3454E-10	-2.6691E-10	2.8340E-06	-1.4711E-06
1.8347E-11	-8.2819E-10	3.0876E-06	-1.8634E-06
4.2146E-11	-4.8937E-10	2.2971E-06	-2.1632E-06
7.8267E-10	-3.6720E-10	2.1151E-06	-1.2350E-06
2.0607E-10	4.9580E-10	2.7829E-06	-1.5384E-06
7.4483E-11	2.4645E-10	1.9482E-06	-1.5986E-06
-5.7163E-10	4.5244E-10	2.3720E-06	-8.4965E-07
-4.9426E-10	-4.4085E-10	2.4645E-06	-1.0552E-06
-2.7948E-10	-3.0753E-10	3.0244E-06	-7.8579E-07
7.7783E-11	-7.2754E-10	3.1124E-06	-1.7184E-06
4.3561E-10	-6.9872E-11	2.6076E-06	-2.1282E-06
1.7224E-10	-6.6137E-11	7.3503E-07	-1.8953E-06
2.0710E-10	3.5944E-10	1.7775E-06	1.2103E-06
-4.0574E-10	1.0568E-10	4.0982E-06	-8.2493E-07
-1.2717E-10	-6.5690E-12	2.6335E-06	-9.9813E-07
-4.9985E-10	-2.1676E-10	3.3834E-06	-1.4634E-06
1.1341E-10	-4.0348E-10	1.9917E-06	-1.0368E-06
-1.7325E-10	-1.9991E-10	3.5289E-06	-9.7966E-07
3.7292E-10	-3.4210E-10	1.8483E-06	-1.5557E-06
-1.6413E-11	1.5443E-10	3.1784E-06	-2.1268E-07
2.5540E-10	-1.1567E-10	2.4958E-06	-1.7961E-06
-2.2231E-10	4.0916E-10	2.7269E-06	-8.8086E-08
-1.6805E-10	-1.7669E-10	3.1123E-06	-2.0791E-06
-4.2008E-10	1.3800E-10	1.1247E-06	-3.4051E-07
-2.3436E-10	-6.3121E-10	3.5654E-06	4.0471E-07
3.4338E-11	-1.9871E-10	3.3312E-06	-9.7463E-07
2.3586E-10	-5.4620E-10	3.3688E-06	-5.9670E-07
4.5682E-10	2.4406E-10	3.6136E-06	-1.1867E-06
1.9073E-11	1.5058E-10	3.1501E-06	-1.6399E-06
-1.0203E-10	4.9633E-10	2.3098E-06	-9.4683E-07
-7.1776E-10	-4.8711E-11	3.9564E-06	-3.3432E-07
-3.1441E-10	-3.3959E-10	3.3612E-06	-2.6245E-06
-2.9305E-10	-6.4894E-10	1.9685E-06	-7.9403E-07
5.4233E-10	-5.4934E-10	3.5922E-06	-1.3343E-06
3.6718E-10	5.6526E-11	2.1452E-06	-1.3893E-06
4.5867E-10	2.8029E-10	2.9611E-06	-1.0025E-06
-3.5394E-10	6.8778E-10	2.0533E-06	-4.8507E-07
-5.2252E-10	-3.9362E-11	4.7650E-06	-2.0974E-07
-6.9184E-10	-1.3385E-10	3.0023E-06	-3.3427E-06
-1.5280E-10	-9.6024E-10	1.6338E-06	-6.4256E-07
3.3931E-10	-3.2224E-10	3.2198E-06	-1.0177E-06
5.3972E-10	-3.6335E-10	2.7405E-06	-1.1571E-06
4.3645E-10	6.4777E-10	2.7848E-06	-1.2477E-06
-2.6627E-10	2.8004E-10	3.0179E-06	-1.0031E-06
-4.3150E-10	4.4134E-10	2.4486E-06	-2.0164E-06
-7.6923E-10	-4.7398E-10	1.8641E-06	1.1089E-07
-5.2358E-11	-4.6217E-10	4.3591E-06	-1.0859E-06
2.4579E-11	-6.6406E-10	1.8453E-06	-1.9953E-06
6.7152E-10	-8.9998E-11	2.9961E-06	5.3762E-08
1.2328E-10	2.1730E-10	3.6791E-06	-1.8348E-06
1.3956E-10	3.7648E-10	2.4265E-06	-1.9541E-06
-5.6610E-10	2.7464E-10	1.8413E-06	-1.4292E-06
-3.0977E-10	-2.3598E-10	2.2246E-06	-6.0072E-07
-3.8927E-10	-2.6099E-10	2.4186E-06	-7.9500E-07
1.1936E-10	-5.8492E-10	3.0896E-06	-4.7086E-07
1.8379E-10	-4.1073E-11	2.6602E-06	-2.0011E-06
2.3700E-10	-1.9730E-10	1.5723E-06	-8.0692E-08
1.0962E-10	3.8245E-10	3.9992E-06	-8.0831E-07
-1.9447E-10	-4.8916E-11	1.6019E-06	-2.0336E-06
-1.3234E-10	2.6569E-10	2.1957E-06	4.9602E-07
-4.3185E-10	-3.0057E-10	3.5341E-06	-1.1387E-06
-1.8320E-11	-5.9551E-11	1.8382E-06	-1.1889E-06
-2.6899E-10	-4.5364E-10	2.3746E-06	2.0658E-07
3.3360E-10	-1.3862E-10	3.4711E-06	-1.5962E-07
-3.2719E-11	-1.8297E-10	3.8561E-06	-1.0085E-06
4.1971E-10	1.5541E-10	3.0340E-06	-2.3472E-06
-2.6099E-10	2.3468E-10	1.2319E-06	-1.2863E-06
-5.0406E-11	1.6464E-10	2.4238E-06	1.5818E-07
-6.3288E-10	1.0640E-11	3.2892E-06	-8.5548E-07
-1.5072E-10	-4.5531E-10	2.3388E-06	-1.6300E-06
-1.6665E-10	-3.6732E-10	1.4100E-06	-3.9210E-07
4.2372E-10	-4.8061E-10	2.6127E-06	3.0827E-07
3.4511E-10	2.1111E-10	2.9272E-06	3.4569E-08
1.9359E-10	2.0859E-10	3.6775E-06	-4.1774E-07
-2.3998E-10	5.9658E-10	2.8084E-06	-1.0200E-06
-6.4000E-10	-8.1899E-11	3.3331E-06	-3.5962E-07
-4.1478E-10	-2.1143E-10	3.2296E-06	-1.5413E-06
-2.6420E-10	-7.7756E-10	2.4717E-06	-1.2336E-06
5.3507E-10	-3.6095E-10	2.0559E-06	-1.1220E-06
3.2902E-10	-1.0774E-10	2.0322E-06	-5.6575E-08
5.1565E-10	4.9253E-10	2.8612E-06	-7.7499E-08
-4.6014E-10	4.9406E-10	3.0142E-06	-2.0426E-07
-3.5832E-10	1.7199E-10	3.3666E-06	-4.8650E-07
-8.3829E-10	-2.8561E-10	3.1416E-06	-1.0562E-06
4.9408E-11	-7.1754E-10	2.5636E-06	-6.5614E-07
8.7468E-11	-4.1360E-10	3.4480E-06	-5.4220E-07
7.1205E-10	-2.1488E-10	2.7818E-06	-1.5964E-06
1.5449E-10	5.2340E-10	2.1021E-06	-5.5723E-07
-1.0528E-11	3.0631E-10	2.9791E-06	-1.6690E-07
-5.9452E-10	3.9900E-10	3.4415E-06	-1.0896E-06
-4.8896E-10	-4.0731E-10	2.1175E-06	-1.2828E-06
-2.3385E-10	-3.2308E-10	2.8945E-06	-1.9320E-07
1.2517E-10	-6.3285E-10	2.7233E-06	-1.7419E-06
4.4421E-10	5.2258E-12	1.4568E-06	-5.7344E-07
1.5887E-10	5.9153E-11	2.1421E-06	-1.3084E-07
1.2375E-10	4.2198E-10	2.1878E-06	4.5734E-07
-4.6580E-10	1.3661E-10	3.3360E-06	3.7021E-07
-1.8706E-10	-2.2824E-11	3.2597E-06	-3.9083E-07
-4.6183E-10	-2.5873E-10	3.0092E-06	-3.0893E-07
1.6119E-10	-3.7205E-10	3.3045E-06	-3.3757E-07
-8.3782E-11	-1.4067E-10	3.0790E-06	-6.1481E-07
3.7757E-10	-1.7798E-10	3.3343E-06	-4.8111E-07
-6.6489E-11	2.4249E-10	2.9309E-06	-1.0568E-06
1.4011E-10	-1.3081E-11	2.8981E-06	-3.3203E-07
-3.0279E-10	3.4021E-10	3.1318E-06	-9.9434E-07
-1.7429E-10	-1.9643E-10	2.6576E-06	-6.0020E-07
-3.4749E-10	6.5503E-11	2.7550E-06	-8.0985E-07
-1.1630E-10	-5.2109E-10	2.5479E-06	7.0963E-08
7.3568E-11	-9.9453E-11	3.9328E-06	-4.4156E-07
2.0561E-10	-3.5057E-10	3.0552E-06	-1.4795E-06
3.2093E-10	2.9552E-10	2.6824E-06	-1.0414E-06
-6.7216E-11	1.6303E-10	2.4438E-06	-1.3423E-06
-1.5340E-10	3.9732E-10	1.4886E-06	-6.5111E-07
-6.2185E-10	-7.8870E-11	2.3960E-06	5.4059E-07
-2.1980E-10	-3.0704E-10	3.1613E-06	-2.3269E-07
-2.0188E-10	-5.1420E-10	2.8646E-06	-5.7165E-07
4.9994E-10	-3.8540E-10	2.3440E-06	-5.0705E-07
2.8124E-10	1.4574E-10	2.7347E-06	2.0377E-07
3.4044E-10	3.0149E-10	2.9431E-06	-2.8918E-07
-3.9249E-10	6.0744E-10	3.2254E-06	-1.8846E-08
-4.7238E-10	-6.0312E-11	3.0035E-06	-1.0994E-06
-6.0141E-10	-1.4484E-10	2.1757E-06	-2.0556E-07
-6.7422E-11	-8.2586E-10	2.5241E-06	-4.2887E-08
3.2600E-10	-2.2044E-10	2.8462E-06	8.5486E-07
5.0085E-10	-2.2564E-10	4.0145E-06	3.4733E-08
3.2208E-10	6.5122E-10	3.6454E-06	-4.4284E-07
-2.8599E-10	2.9413E-10	3.3742E-06	-9.1885E-07
-4.5576E-10	3.8078E-10	3.2368E-06	-3.3162E-07
-6.7696E-10	-4.5045E-10	3.3486E-06	-1.1398E-06
-2.7327E-11	-4.2745E-10	3.1743E-06	-2.4440E-07
9.8872E-11	-5.5586E-10	3.7913E-06	-2.1386E-06
6.2494E-10	-1.9023E-12	1.1841E-06	-1.2271E-06
1.0891E-10	2.9734E-10	2.5586E-06	-2.8839E-07
5.4724E-11	4.1231E-10	1.8763E-06	-3.3840E-07
-5.7544E-10	2.6455E-10	2.7317E-06	1.8074E-08
-3.2632E-10	-2.4377E-10	2.2082E-06	-1.9324E-08
-3.3057E-10	-2.7209E-10	2.9085E-06	1.8415E-07
1.7756E-10	-5.2663E-10	2.4424E-06	3.2046E-07
2.2766E-10	2.7831E-11	3.3732E-06	4.7879E-07
2.4110E-10	-6.7301E-11	3.1589E-06	5.6627E-07
4.1917E-11	4.4995E-10	4.6816E-06	-3.4050E-08
-2.4886E-10	-2.7040E-12	3.1624E-06	-1.2169E-06
-2.0547E-10	2.2132E-10	3.3148E-06	-2.4576E-07
-3.7521E-10	-3.2963E-10	3.1712E-06	-4.9120E-07
2.7940E-11	-7.5890E-11	3.9237E-06	-5.0067E-07
-1.3941E-10	-3.7295E-10	2.9434E-06	-1.4105E-06
3.2834E-10	-9.7056E-12	2.9617E-06	-3.8475E-07
-3.5254E-11	-5.7093E-11	3.2436E-06	-9.7596E-07
2.7588E-10	2.1725E-10	2.7377E-06	-1.2057E-06
-3.0024E-10	1.9881E-10	1.9704E-06	-4.9206E-07
-8.6134E-11	1.0500E-10	3.0836E-06	5.4511E-08
-5.1185E-10	-4.2013E-11	2.8261E-06	-6.3415E-07
-6.5760E-11	-3.8232E-10	3.0869E-06	-4.3253E-07
-7.6876E-11	-2.5170E-10	2.4450E-06	-8.5287E-07
3.7448E-10	-3.1596E-10	2.5915E-06	-1.2645E-07
2.5336E-10	2.7065E-10	2.3908E-06	-3.0087E-07
9.5007E-11	2.1224E-10	2.7488E-06	5.1098E-07
-2.5894E-10	5.0457E-10	3.4804E-06	2.7617E-07
-5.5865E-10	-1.1787E-10	4.0625E-06	-7.0648E-07
-3.1511E-10	-1.8801E-10	2.3291E-06	-1.5398E-06
-1.6518E-10	-6.5525E-10	1.9605E-06	3.6563E-07
5.0073E-10	-2.2495E-10	3.2905E-06	7.9398E-07
2.7804E-10	-1.8066E-11	4.5627E-06	-3.0413E-07
3.9812E-10	5.0832E-10	3.1648E-06	-1.9804E-06
-4.5926E-10	4.2997E-10	2.0295E-06	-8.6159E-07
-3.4951E-10	1.4462E-10	2.0547E-06	-3.3253E-07
-7.1514E-10	-2.9597E-10	2.3327E-06	4.0006E-07
9.4119E-11	-6.1478E-10	3.0254E-06	5.4247E-07
1.3607E-10	-3.3196E-10	3.5832E-06	-8.2279E-08
6.4972E-10	-8.8650E-11	2.9784E-06	-1.7208E-07
1.1637E-10	5.3134E-10	3.8063E-06	-4.5292E-07
-7.1285E-11	3.3185E-10	2.0561E-06	-1.0775E-06
-5.7976E-10	3.4098E-10	2.7599E-06	9.8778E-07
-4.4921E-10	-3.8700E-10	3.5049E-06	-3.1489E-07
-1.6842E-10	-3.2372E-10	3.0043E-06	2.3329E-07
1.7815E-10	-5.3936E-10	3.6781E-06	6.7562E-08
4.5395E-10	7.4126E-11	3.8730E-06	-4.3053E-07
1.4638E-10	1.5042E-10	3.0876E-06	-7.5513E-07
6.0533E-11	4.5800E-10	3.7444E-06	-1.8541E-08
-4.8841E-10	1.4040E-10	3.5805E-06	-1.4978E-06
-2.0870E-10	-4.7016E-11	2.6252E-06	-6.9578E-07
-3.9801E-10	-2.9103E-10	2.9195E-06	-6.5580E-07
2.1860E-10	-3.3180E-10	3.0211E-06	-1.6333E-07
2.4914E-12	-8.7040E-11	3.5711E-06	-9.8277E-07
3.7507E-10	-4.2165E-11	2.2898E-06	-1.2374E-06
-9.8856E-11	3.0208E-10	2.1541E-06	3.3431E-07
5.4823E-11	5.2437E-11	3.9942E-06	1.4420E-07
-3.4217E-10	2.6407E-10	3.2931E-06	-1.2758E-06
-1.5466E-10	-2.1548E-10	2.9574E-06	-8.5218E-07
-2.5503E-10	8.5423E-12	2.3998E-06	-8.6466E-07
-8.6935E-12	-4.2173E-10	3.1876E-06	-3.1568E-07
1.1292E-10	-1.1506E-11	2.3647E-06	-1.2609E-06
1.7954E-10	-1.9345E-10	2.9292E-06	6.2987E-08
2.1591E-10	3.1956E-10	2.5833E-06	-1.6560E-06
-1.2725E-10	1.5287E-10	2.1314E-06	2.8389E-07
-1.6630E-10	3.0271E-10	3.2067E-06	-1.4614E-06
-5.1279E-10	-1.1016E-10	1.2284E-06	-7.4981E-07
-1.2011E-10	-2.7128E-10	1.6003E-06	-2.6036E-07
-1.1623E-10	-3.9316E-10	1.6134E-06	1.3400E-06
4.6585E-10	-2.4621E-10	3.5702E-06	1.1832E-07
2.0729E-10	2.0336E-10	1.6577E-06	1.8151E-07
2.4770E-10	3.0216E-10	3.3684E-06	9.8125E-07
-3.9934E-10	5.1525E-10	2.6546E-06	-1.4385E-07
-4.0238E-10	-8.6554E-11	2.9913E-06	9.7994E-07
-4.9776E-10	-1.5333E-10	3.7946E-06	8.3198E-08
1.8539E-11	-6.9759E-10	2.9389E-06	-4.9597E-07
3.1915E-10	-1.3489E-10	2.6652E-06	6.7538E-07
4.5871E-10	-1.1355E-10	4.2349E-06	2.8858E-07
2.3092E-10	6.3117E-10	3.3363E-06	-1.0785E-06
-2.8797E-10	2.8272E-10	2.5222E-06	-1.8105E-07
-4.4671E-10	3.0897E-10	3.3460E-06	3.4571E-07
-5.7232E-10	-4.2784E-10	3.8473E-06	-6.6461E-07
1.8254E-11	-3.9183E-10	2.7697E-06	-1.1108E-06
1.6272E-10	-4.5569E-10	2.4343E-06	-3.4309E-07
5.8189E-10	7.0049E-11	2.9337E-06	-2.1907E-07
9.3276E-11	3.4879E-10	2.5349E-06	-8.5264E-07
-5.0645E-12	4.1487E-10	1.6334E-06	2.9189E-07
-5.6358E-10	2.3504E-10	3.3413E-06	1.1613E-06
-3.0794E-10	-2.5589E-10	3.7167E-06	-7.6173E-07
-2.5843E-10	-2.7995E-10	1.8531E-06	-1.9817E-07
2.3634E-10	-4.6698E-10	3.5124E-06	1.2409E-06
2.6169E-10	8.6974E-11	4.2063E-06	-1.0398E-06
2.4291E-10	3.3018E-11	2.0384E-06	-1.2461E-06
-1.4069E-11	4.7994E-10	1.7149E-06	7.3022E-07
-2.7819E-10	1.8824E-11	4.0426E-06	1.0946E-06
-2.4091E-10	1.6572E-10	3.6352E-06	-1.6110E-06
-3.0260E-10	-3.5389E-10	1.3812E-06	-1.7791E-07
8.0717E-11	-8.7440E-11	3.0447E-06	1.0665E-06
-2.4206E-11	-2.9501E-10	3.6373E-06	-2.5501E-07
3.2116E-10	8.8291E-11	2.1576E-06	-5.4500E-07
-4.0372E-11	3.7332E-11	2.5466E-06	1.5941E-06
1.6345E-10	2.4519E-10	4.7561E-06	2.1467E-07
-3.1397E-10	1.5146E-10	2.9014E-06	-1.1268E-06
-9.3579E-11	4.0301E-11	2.5393E-06	4.5021E-07
-3.8994E-10	-8.2046E-11	3.5062E-06	3.4368E-07
1.9983E-11	-3.1831E-10	3.3653E-06	1.9961E-07
-2.5261E-12	-1.5221E-10	4.1267E-06	-4.2600E-08
3.2936E-10	-1.8543E-10	3.1792E-06	-8.7928E-07
1.7593E-10	3.0352E-10	3.5823E-06	2.6519E-07
2.4303E-11	1.9056E-10	3.9158E-06	-1.2310E-06
-2.5829E-10	4.0916E-10	3.1924E-06	-1.0141E-06
-4.6233E-10	-1.5315E-10	2.1793E-06	-2.0055E-06
-2.1465E-10	-1.6740E-10	1.0053E-06	1.0313E-06
-7.4430E-11	-5.4464E-10	4.3623E-06	7.5587E-07
4.6454E-10	-1.1170E-10	3.4876E-06	-1.0396E-06
2.3381E-10	4.5182E-11	2.6741E-06	-1.3926E-06
2.9725E-10	4.9441E-10	1.2850E-06	1.2596E-07
-4.4037E-10	3.5636E-10	3.3430E-06	8.6919E-07
-3.1883E-10	1.0506E-10	3.0489E-06	-1.7716E-07
-5.8558E-10	-3.0350E-10	3.1433E-06	1.7119E-07
1.3912E-10	-5.2220E-10	3.4715E-06	2.9741E-07
1.7854E-10	-2.5503E-10	4.0661E-06	-9.0796E-07
5.8666E-10	5.0521E-12	2.3503E-06	-7.0206E-07
8.1014E-11	5.1927E-10	3.6346E-06	-1.5942E-07
-1.1360E-10	3.2613E-10	2.5689E-06	-1.0236E-06
-5.4293E-10	2.7408E-10	3.0040E-06	2.7472E-07
-3.9264E-10	-3.7796E-10	3.8749E-06	-4.0651E-07
-9.7412E-11	-3.1458E-10	3.9745E-06	-1.9108E-06
2.2660E-10	-4.5570E-10	1.4353E-06	-2.1912E-06
4.5237E-10	1.2918E-10	1.7626E-06	-2.5419E-07
1.2935E-10	2.1031E-10	1.7596E-06	-5.6674E-07
1.0349E-11	4.6498E-10	2.3467E-06	2.7751E-07
-4.8822E-10	1.1859E-10	2.2282E-06	-6.4790E-07
-2.0792E-10	-7.7163E-11	2.2053E-06	2.2020E-07
-3.2102E-10	-3.1633E-10	2.1577E-06	-7.4988E-07
2.7148E-10	-2.9243E-10	1.1817E-06	7.9124E-07
7.3506E-11	-4.1641E-11	3.1934E-06	1.1788E-06
3.6164E-10	6.3474E-11	3.2684E-06	-3.1658E-07
-1.2261E-10	3.3093E-10	2.2837E-06	-5.7110E-07
-1.2719E-11	8.3412E-11	1.5816E-06	4.2788E-07
-3.5349E-10	1.8473E-10	3.0857E-06	1.4504E-06
-1.2047E-10	-2.3729E-10	3.6422E-06	-7.1698E-07
-1.6108E-10	-3.7774E-11	1.3507E-06	1.7379E-07
7.9846E-11	-3.3444E-10	3.5423E-06	1.6779E-06
1.4463E-10	6.0515E-11	4.1834E-06	-2.6988E-07
1.4973E-10	-7.7242E-11	3.7544E-06	-1.0865E-06
1.2934E-10	3.1954E-10	2.1041E-06	-1.8516E-06
-1.6711E-10	1.2330E-10	1.1624E-06	-5.6996E-08
-1.5649E-10	2.1020E-10	2.3464E-06	7.5109E-07
-4.0507E-10	-1.4168E-10	3.0687E-06	-3.3059E-07
-2.7021E-11	-2.3432E-10	1.3558E-06	-4.6828E-07
-4.3571E-11	-2.9109E-10	2.2190E-06	1.2791E-06
4.2772E-10	-1.3452E-10	2.8847E-06	7.6443E-08
1.3969E-10	2.3307E-10	2.2540E-06	3.4638E-07
1.7327E-10	2.8221E-10	2.4917E-06	6.7070E-07
-3.8779E-10	4.1369E-10	3.3699E-06	5.0736E-07
-3.2684E-10	-1.1486E-10	2.6728E-06	-7.7927E-07
-3.9165E-10	-1.6017E-10	1.7679E-06	-2.3386E-09
9.2801E-11	-5.8191E-10	1.5326E-06	7.5129E-07
3.0745E-10	-6.5644E-11	3.0081E-06	1.4909E-06
4.1006E-10	-2.7838E-11	2.3065E-06	-1.0095E-07
1.5537E-10	5.8822E-10	2.5544E-06	2.3629E-06
-2.8297E-10	2.4994E-10	4.3813E-06	-6.3829E-08
-4.1705E-10	2.3266E-10	2.2585E-06	7.6392E-07
-4.6606E-10	-4.0887E-10	4.5814E-06	2.2846E-07
6.7576E-11	-3.5743E-10	2.1659E-06	-9.0430E-07
2.0857E-10	-3.6520E-10	3.0470E-06	6.9844E-07
5.3663E-10	1.2398E-10	2.5621E-06	-8.6366E-07
7.0967E-11	3.7068E-10	1.5448E-06	8.2263E-07
-5.0530E-11	3.9211E-10	3.2646E-06	1.0967E-06
-5.3771E-10	1.9080E-10	2.7421E-06	-1.7095E-07
-2.7028E-10	-2.7223E-10	2.4099E-06	1.1116E-06
-1.8662E-10	-2.8473E-10	3.4889E-06	1.0579E-07
2.8616E-10	-4.0696E-10	1.9069E-06	4.0465E-07
2.8108E-10	1.3185E-10	3.1284E-06	1.0435E-06
2.3385E-10	1.0453E-10	2.5548E-06	6.2439E-07
-6.3227E-11	4.7972E-10	3.2885E-06	1.0458E-06
-2.9089E-10	1.8999E-11	2.7320E-06	9.1214E-07
-2.5280E-10	1.0187E-10	4.3247E-06	1.5236E-06
-2.2746E-10	-3.7126E-10	4.1914E-06	-3.7553E-07
1.3174E-10	-9.4863E-11	3.8259E-06	-5.3155E-07
6.7767E-11	-2.2515E-10	2.1930E-06	-1.2231E-06
3.0453E-10	1.5892E-10	2.0315E-06	8.1499E-07
-5.1217E-11	1.0314E-10	2.3833E-06	7.9437E-07
7.4141E-11	2.4365E-10	3.9790E-06	1.9349E-06
-3.1449E-10	9.5935E-11	4.1895E-06	-1.0996E-06
-8.3640E-11	-2.3092E-11	2.3520E-06	6.2939E-07
-2.7621E-10	-1.1278E-10	4.1366E-06	-8.0802E-08
9.4331E-11	-2.6311E-10	2.9460E-06	-2.1190E-07
5.0513E-11	-6.8547E-11	3.3658E-06	-1.0350E-06
2.8432E-10	-8.6394E-11	1.1132E-06	-6.0158E-08
1.0570E-10	3.1064E-10	3.0914E-06	1.1639E-06
-2.8664E-11	1.5189E-10	2.4727E-06	1.7872E-07
-2.4505E-10	3.1407E-10	2.9925E-06	1.4984E-06
-3.6330E-10	-1.8652E-10	4.4013E-06	7.3616E-07
-1.2509E-10	-1.4867E-10	3.9481E-06	-1.2184E-06
8.8183E-13	-4.4452E-10	1.8405E-06	-2.7855E-07
4.2238E-10	-2.2971E-11	3.2942E-06	4.7963E-07
1.8836E-10	8.4676E-11	2.3998E-06	-2.5709E-08
2.0847E-10	4.5840E-10	3.5316E-06	8.0062E-07
-4.1073E-10	2.7709E-10	2.9367E-06	-4.8337E-07
-2.7800E-10	5.7705E-11	3.1617E-06	6.9547E-07
-4.6228E-10	-3.0520E-10	3.4761E-06	-6.2646E-07
1.7793E-10	-4.3929E-10	2.6208E-06	-2.0445E-07
2.0691E-10	-1.8682E-10	2.7070E-06	-2.7481E-07
5.1796E-10	7.0995E-11	2.3857E-06	7.7948E-08
4.5350E-11	4.9113E-10	2.4473E-06	4.6029E-07
-1.4307E-10	2.9534E-10	3.3996E-06	6.5541E-07
-4.9649E-10	2.0341E-10	2.9750E-06	-7.6409E-07
-3.2899E-10	-3.7321E-10	2.0964E-06	4.6052E-07
-3.0405E-11	-2.9883E-10	3.0514E-06	2.0696E-07
2.6199E-10	-3.8192E-10	2.3491E-06	6.0947E-07
4.3518E-10	1.7182E-10	4.0699E-06	5.6277E-07
1.0668E-10	2.4335E-10	2.7374E-06	-1.5399E-06
-3.3331E-11	4.4682E-10	1.1861E-06	6.7426E-07
-4.7461E-10	8.1149E-11	3.4645E-06	1.3228E-06
-1.9330E-10	-1.0888E-10	3.4374E-06	-4.6660E-07
-2.4209E-10	-3.3459E-10	2.1154E-06	-4.1800E-08
3.1089E-10	-2.5390E-10	3.1435E-06	1.0275E-06
1.2550E-10	-2.4212E-12	3.7113E-06	-9.1624E-07
3.3574E-10	1.4003E-10	1.4692E-06	-4.2106E-07
-1.4482E-10	3.3476E-10	2.9309E-06	6.2027E-07
-6.7412E-11	8.9085E-11	2.0068E-06	-8.3183E-07
-3.4581E-10	1.0655E-10	1.2453E-06	1.1260E-06
-8.1987E-11	-2.5946E-10	2.9253E-06	1.6082E-06
-7.5904E-11	-7.1311E-11	3.6644E-06	2.5911E-07
1.4717E-10	-2.5816E-10	2.0387E-06	-2.7391E-07
1.6252E-10	1.1630E-10	2.4280E-06	1.2148E-06
1.1288E-10	4.6488E-12	2.5586E-06	3.5175E-07
5.6507E-11	3.0191E-10	2.4002E-06	1.7643E-06
-1.9240E-10	7.9758E-11	4.0647E-06	1.0421E-06
-1.3612E-10	1.2420E-10	3.5260E-06	2.2979E-07
-3.0503E-10	-1.6844E-10	3.2799E-06	-1.4270E-07
5.2570E-11	-1.9711E-10	2.4592E-06	4.9043E-07
1.0330E-11	-2.0637E-10	3.9661E-06	1.0166E-06
3.8147E-10	-4.6318E-11	4.0413E-06	-1.2249E-06
7.7373E-11	2.4008E-10	1.6152E-06	-9.4250E-07
1.1057E-10	2.4624E-10	2.3016E-06	7.9883E-07
-3.6605E-10	3.1139E-10	2.7712E-06	-1.5377E-07
-2.5233E-10	-1.4100E-10	1.9104E-06	1.0071E-07
-2.9186E-10	-1.6414E-10	1.5896E-06	9.2265E-07
1.4821E-10	-4.7753E-10	2.8567E-06	2.3271E-06
2.8769E-10	-9.4199E-12	4.5213E-06	6.3789E-07
3.5442E-10	3.3000E-11	3.2123E-06	-3.7952E-07
8.9378E-11	5.2931E-10	2.8112E-06	4.7789E-08
-2.7474E-10	2.0442E-10	2.8588E-06	1.5765E-07
-3.7486E-10	1.5761E-10	2.4270E-06	-1.6091E-07
-3.6682E-10	-3.9145E-10	1.9770E-06	1.1581E-06
1.1130E-10	-3.2089E-10	3.7909E-06	1.2734E-06
2.3549E-10	-2.8447E-10	3.6085E-06	-2.6444E-07
4.8517E-10	1.6125E-10	2.6061E-06	-4.1048E-08
4.0695E-11	3.6965E-10	3.0476E-06	6.3824E-07
-8.5627E-11	3.5301E-10	3.4640E-06	-2.9723E-07
-5.0332E-10	1.3733E-10	2.3209E-06	-3.6197E-07
-2.2494E-10	-2.8745E-10	2.4537E-06	5.2475E-07
-1.2106E-10	-2.8317E-10	3.2703E-06	3.8776E-07
3.2216E-10	-3.4763E-10	2.8952E-06	-9.1217E-07
2.8313E-10	1.6377E-10	1.2386E-06	7.1920E-08
2.1248E-10	1.5338E-10	2.6113E-06	1.1952E-06
-1.0632E-10	4.5671E-10	2.6337E-06	2.1112E-07
-2.9390E-10	3.7501E-12	2.5484E-06	8.6938E-07
-2.4978E-10	3.7816E-11	3.0689E-06	2.8449E-07
-1.5593E-10	-3.7933E-10	2.4109E-06	2.2490E-07
1.7479E-10	-9.7773E-11	2.5177E-06	5.4363E-07
1.3284E-10	-1.6245E-10	2.3855E-06	6.4919E-07
2.7805E-10	2.0824E-10	2.7465E-06	1.2782E-06
-6.8315E-11	1.4398E-10	4.0052E-06	8.1071E-07
1.5786E-12	2.2137E-10	3.3103E-06	-1.0417E-06
-3.0686E-10	3.9035E-11	1.5436E-06	3.1577E-07
-6.3077E-11	-8.0227E-11	3.6266E-06	8.2185E-07
-1.7731E-10	-1.3420E-10	2.3763E-06	-1.1667E-06
1.5212E-10	-2.1245E-10	1.4611E-06	7.1846E-07
8.2817E-11	6.8960E-13	2.1390E-06	6.2620E-07
2.3654E-10	-1.4287E-11	1.9940E-06	1.7999E-06
3.9912E-11	2.9865E-10	4.1041E-06	1.5503E-06
-6.7633E-11	1.0473E-10	3.9147E-06	-5.9368E-07
-2.2432E-10	2.2318E-10	1.7454E-06	-6.1729E-07
-2.7024E-10	-2.1328E-10	2.1373E-06	1.3986E-06
-5.0247E-11	-1.2863E-10	2.9918E-06	5.5878E-07
5.8096E-11	-3.5417E-10	2.9754E-06	1.2466E-06
3.7207E-10	4.4144E-11	3.7953E-06	-2.9640E-07
1.4010E-10	1.0673E-10	2.1598E-06	2.9497E-07
1.3133E-10	4.0739E-10	3.6201E-06	3.7607E-08
-3.7626E-10	1.9749E-10	1.7980E-06	-6.0253E-07
-2.3370E-10	1.0435E-11	2.0561E-06	7.0054E-07
-3.5047E-10	-2.9880E-10	2.1950E-06	1.0906E-06
2.0650E-10	-3.6475E-10	3.6008E-06	6.3867E-07
2.1784E-10	-1.2625E-10	2.0813E-06	-1.4986E-07
4.4483E-10	1.1549E-10	2.8077E-06	1.0048E-06
9.0334E-12	4.5066E-10	2.4708E-06	3.4389E-07
-1.6380E-10	2.4886E-10	3.5349E-06	7.3401E-07
-4.4605E-10	1.3588E-10	1.9337E-06	-9.3930E-07
-2.6364E-10	-3.6791E-10	2.2026E-06	2.0229E-06
2.6100E-11	-2.7703E-10	3.6868E-06	-5.1959E-07
2.8173E-10	-3.1442E-10	1.5940E-06	9.7178E-07
4.0382E-10	2.0355E-10	3.6209E-06	1.1247E-06
7.8237E-11	2.5498E-10	3.2152E-06	-1.2565E-06
-7.2925E-11	4.1158E-10	1.0497E-06	-2.2577E-07
-4.5132E-10	3.7183E-11	2.0086E-06	1.3717E-06
-1.7081E-10	-1.3873E-10	2.7372E-06	7.5182E-07
-1.6870E-10	-3.4297E-10	3.0105E-06	9.7327E-07
3.3504E-10	-2.1425E-10	3.5344E-06	-4.2527E-07
1.5835E-10	3.1513E-11	1.9722E-06	-5.9643E-07
2.9773E-10	1.9187E-10	1.9049E-06	-1.9403E-07
-1.6683E-10	3.2175E-10	1.1979E-06	5.0288E-07
-1.1034E-10	7.7412E-11	2.6006E-06	7.1880E-07
-3.2648E-10	3.4064E-11	9.4041E-07	-5.6457E-07
-4.4393E-11	-2.7677E-10	6.6621E-07	2.6331E-06
-3.1343E-12	-9.0936E-11	3.8067E-06	1.7423E-06
1.9303E-10	-1.9163E-10	2.3674E-06	-1.8552E-07
1.6469E-10	1.5900E-10	1.4196E-06	9.8376E-07
7.1295E-11	5.9882E-11	1.9866E-06	1.8640E-06
-4.8823E-12	2.7191E-10	2.9760E-06	1.5472E-06
-2.0724E-10	2.9745E-11	2.5048E-06	1.3914E-06
-1.1073E-10	4.9898E-11	3.9902E-06	1.6913E-06
-2.1510E-10	-1.8746E-10	3.3448E-06	-6.5654E-07
1.1447E-10	-1.5927E-10	2.1311E-06	8.8224E-07
4.5098E-11	-1.3474E-10	3.1653E-06	-1.3402E-07
3.2843E-10	2.1912E-11	1.1080E-06	7.5338E-07
1.9850E-11	2.3003E-10	3.5821E-06	1.6145E-06
5.6707E-11	2.0148E-10	2.4781E-06	-4.3801E-07
-3.3707E-10	2.1558E-10	2.4631E-06	1.1814E-06
-1.8277E-10	-1.6222E-10	2.8375E-06	-3.5427E-07
-2.0390E-10	-1.6217E-10	1.6737E-06	4.2503E-07
1.8434E-10	-3.8211E-10	1.9036E-06	1.7569E-07
2.6005E-10	3.5759E-11	1.3251E-06	1.5312E-06
2.9275E-10	7.3103E-11	3.1878E-06	6.6079E-07
3.1548E-11	4.6256E-10	8.8048E-07	2.5300E-07
-2.6337E-10	1.5278E-10	2.3433E-06	1.8832E-06
-3.2651E-10	8.8898E-11	1.6698E-06	2.3837E-07
-2.7852E-10	-3.7139E-10	1.5225E-06	2.0919E-06
1.4622E-10	-2.8050E-10	1.9529E-06	1.1671E-06
2.4456E-10	-2.1338E-10	1.7812E-06	2.9183E-06
4.2682E-10	1.8586E-10	3.7634E-06	1.6612E-06
5.7170E-12	3.5259E-10	2.4305E-06	1.3231E-06
-1.1210E-10	3.0414E-10	3.0607E-06	1.2831E-06
-4.6419E-10	8.1466E-11	2.0090E-06	1.7335E-06
-1.7748E-10	-2.9629E-10	4.1577E-06	2.3304E-06
-6.3883E-11	-2.7411E-10	3.6840E-06	-2.4593E-07
3.4201E-10	-2.8920E-10	1.9263E-06	7.1683E-07
2.6955E-10	1.8647E-10	2.8137E-06	1.5679E-06
1.8163E-10	1.8436E-10	3.1733E-06	7.9962E-07
-1.4356E-10	4.1774E-10	2.6722E-06	5.4279E-07
-2.9057E-10	-1.9474E-11	1.8434E-06	4.8706E-07
-2.3568E-10	-2.0028E-11	1.6249E-06	2.4981E-06
-9.1561E-11	-3.7751E-10	4.2215E-06	1.8878E-06
2.0663E-10	-9.4355E-11	2.4920E-06	3.1059E-07
1.7315E-10	-1.0523E-10	2.6207E-06	2.3481E-06
2.4375E-10	2.4049E-10	4.3396E-06	1.6057E-06
-9.0808E-11	1.6489E-10	4.1706E-06	-1.3928E-07
-5.6417E-11	1.8748E-10	2.1522E-06	-2.2189E-07
-2.9260E-10	-1.4608E-11	2.6562E-06	1.3018E-06
-3.7303E-11	-1.2743E-10	2.9362E-06	6.4248E-07
-9.5342E-11	-1.4478E-10	3.3823E-06	1.1363E-06
1.9334E-10	-1.6379E-10	3.8405E-06	-6.6325E-07
9.6595E-11	5.6609E-11	1.6715E-06	-1.3785E-06
1.8585E-10	3.6917E-11	3.0989E-08	3.8733E-07
