jMRUI Data Textfile

Filename: Export_to_jmrui.txt

PointsInDataset: 2048
DatasetsInFile: 1
SamplingInterval: 0.250000
ZeroOrderPhase: 0E0
BeginTime: 0E0
TransmitterFrequency: 1.2326E8
MagneticField: 2.8936E0
TypeOfNucleus:  
NameOfPatient:  
DateOfExperiment:  
Spectrometer:  
AdditionalInfo: 
SignalNames:  


Signal and FFT
sig(real)	sig(imag)	fft(real)	fft(imag)
Signal 1 out of 1 in file
4.2474E-06	-2.9595E-07	-1.8724E-06	1.2471E-06
4.3194E-06	-1.4824E-06	3.9839E-07	5.0586E-07
2.3358E-06	-2.6057E-06	-2.0865E-07	-2.9934E-07
9.5733E-07	-2.7183E-06	-8.5306E-07	-2.1973E-07
-8.5733E-07	-2.1728E-06	-7.9476E-07	1.3134E-06
-1.5749E-06	-1.0829E-06	7.8660E-07	2.4265E-07
-1.9037E-06	3.3715E-08	-1.3101E-06	2.4891E-07
-1.0901E-06	7.7464E-07	3.2693E-07	1.8903E-06
-4.0942E-07	8.5243E-07	2.3499E-07	4.3349E-07
4.3787E-07	5.8593E-07	2.4430E-07	1.7442E-06
5.8979E-07	8.7300E-08	1.3823E-06	1.0717E-06
5.5491E-07	-3.2534E-07	1.3436E-06	5.2035E-07
3.6172E-08	-5.4652E-07	1.0313E-06	2.9245E-07
-3.2747E-07	-3.8439E-07	1.7874E-06	2.8469E-08
-7.1163E-07	-1.2529E-07	3.8308E-07	-1.5354E-06
-7.4727E-07	2.5945E-07	-5.9103E-07	6.3083E-08
-5.8435E-07	4.9097E-07	-6.3284E-07	2.6250E-07
-3.5569E-07	5.8438E-07	2.3594E-07	1.9312E-06
-3.1114E-07	5.0762E-07	1.2800E-06	-2.5709E-07
-2.8216E-07	3.9799E-07	-9.2667E-07	8.7601E-07
-4.7578E-07	3.4610E-07	1.5246E-06	1.8386E-06
-5.9321E-07	5.5185E-07	1.6591E-06	-5.3760E-07
-6.6519E-07	7.1235E-07	-5.3378E-07	-7.0183E-07
-4.1884E-07	9.4029E-07	-5.9990E-07	1.4108E-06
-2.6922E-07	9.9257E-07	6.0485E-07	1.2065E-06
9.1328E-08	8.8434E-07	9.4097E-07	1.2433E-06
2.4983E-07	7.4622E-07	8.5144E-07	-7.6816E-08
3.2772E-07	5.3062E-07	-1.8380E-07	1.3553E-06
1.8022E-07	4.2297E-07	1.6119E-06	6.9864E-07
2.6892E-08	4.1533E-07	-3.5730E-08	3.0126E-07
-1.6911E-07	5.1124E-07	8.9427E-07	9.1141E-07
-2.4450E-07	7.6010E-07	-3.9728E-07	1.9137E-07
-1.9050E-07	1.0653E-06	-1.1289E-07	2.6933E-06
5.1092E-08	1.1011E-06	2.7922E-06	1.5484E-06
3.5266E-07	1.0999E-06	5.5643E-07	-1.0941E-06
5.4316E-07	8.9737E-07	-6.0516E-07	2.4533E-06
7.0198E-07	7.4986E-07	3.0634E-06	1.2334E-06
7.3467E-07	5.2674E-07	4.9015E-07	-7.5697E-07
6.4222E-07	3.8785E-07	3.4983E-07	9.6811E-07
6.4540E-07	2.7359E-07	3.4894E-07	6.6210E-07
5.6414E-07	2.2889E-07	3.5087E-07	1.4460E-06
4.7229E-07	1.8880E-07	1.0670E-06	1.6910E-06
4.9062E-07	1.1582E-07	1.8601E-06	8.5396E-07
4.1338E-07	3.6653E-08	7.0967E-07	1.2039E-07
3.9230E-07	-8.2518E-09	4.3241E-07	1.3479E-06
3.7993E-07	-8.9764E-08	2.0028E-06	1.3516E-06
2.5839E-07	-6.9153E-08	1.5672E-06	-1.2384E-06
1.7779E-07	-5.5224E-08	-1.6495E-06	-2.0068E-08
1.3975E-07	-5.6659E-09	-5.1146E-07	2.3755E-06
1.9655E-07	7.4147E-08	6.7174E-07	3.0328E-06
1.8506E-07	5.5941E-08	3.3084E-06	1.6377E-06
1.9787E-07	5.7477E-08	6.4269E-07	-9.1650E-07
1.8314E-07	-5.5414E-08	5.3658E-08	1.9310E-06
5.5419E-08	-7.4355E-09	1.2480E-06	9.2614E-07
-4.0850E-08	-2.7179E-08	2.2719E-07	1.6428E-06
-8.9802E-08	8.3754E-09	1.6007E-06	1.9908E-06
-1.0040E-07	1.0558E-07	1.7065E-06	9.9099E-07
2.8301E-08	1.6252E-07	1.1660E-06	6.0629E-07
1.1874E-07	1.7235E-07	2.8947E-07	9.9575E-07
1.8336E-07	9.5168E-08	8.4719E-07	2.3372E-06
2.5955E-07	-4.8845E-08	2.1670E-06	1.3477E-06
1.6112E-07	-1.5661E-07	8.7638E-07	7.9261E-07
7.7568E-08	-2.4095E-07	1.1103E-06	1.7977E-06
-3.4064E-08	-2.3668E-07	1.5346E-06	1.7383E-06
-1.5714E-07	-1.1762E-07	2.4006E-06	1.4011E-06
-2.7736E-07	-4.0739E-08	1.5867E-06	4.1318E-09
-3.4641E-07	7.9590E-08	4.2144E-07	1.0366E-06
-2.1645E-07	2.0776E-07	9.0589E-07	2.0069E-06
-2.0638E-07	2.6290E-07	2.3224E-06	2.4061E-06
-1.2760E-07	2.0277E-07	3.3221E-06	2.0551E-07
-4.5405E-08	1.3884E-07	4.0520E-07	-9.7345E-07
-3.6758E-10	8.1443E-08	-5.8511E-07	2.6228E-06
-3.0517E-08	7.5879E-09	3.5132E-06	2.9934E-06
1.7553E-09	-1.5933E-09	2.9706E-06	-7.5535E-07
-2.0581E-08	1.8661E-08	8.6383E-07	4.2104E-07
-3.5017E-09	2.8813E-08	1.7758E-06	2.0545E-07
-3.7422E-08	1.7643E-08	-5.3334E-08	5.2789E-07
-2.1349E-08	-4.5377E-08	1.7293E-06	2.2411E-06
-6.5245E-08	-3.7749E-08	1.9621E-06	-1.1890E-08
-1.5908E-07	-7.3055E-08	8.7259E-07	9.5163E-07
-2.3128E-07	-2.4244E-08	1.3132E-06	7.7759E-08
-1.9121E-07	3.3513E-08	-6.1188E-07	1.5665E-06
-1.4265E-07	1.5239E-07	2.5279E-06	2.8149E-06
-8.5820E-08	1.3878E-07	2.1656E-06	-5.6768E-07
3.2703E-08	6.2929E-08	-3.6891E-07	1.1091E-06
1.0439E-07	-1.9091E-08	1.7847E-06	2.4650E-06
1.0453E-07	-2.1845E-07	2.0015E-06	7.4288E-07
5.5044E-08	-3.5699E-07	1.4794E-06	1.2403E-06
-8.9515E-08	-4.1529E-07	1.8681E-06	5.9470E-07
-3.0368E-07	-3.4409E-07	1.1366E-06	6.2474E-07
-3.7271E-07	-2.1831E-07	8.0143E-07	5.8977E-07
-4.3037E-07	-9.9530E-08	6.1232E-07	1.9114E-06
-3.2294E-07	-2.8899E-08	2.0332E-06	1.2232E-06
-2.6105E-07	6.3890E-08	9.1374E-07	9.7090E-07
-1.1720E-07	4.6238E-08	1.4655E-06	1.1045E-06
-1.9896E-08	-3.8683E-08	4.2336E-07	1.1179E-06
1.2098E-08	-2.1203E-07	1.0760E-06	2.1606E-06
-1.0017E-07	-2.0579E-07	1.5975E-06	1.9388E-06
-2.3157E-07	-3.0327E-07	1.7004E-06	1.4139E-06
-3.2392E-07	-2.7330E-07	1.3733E-06	2.2684E-06
-4.3192E-07	-2.9417E-07	3.0136E-06	1.3820E-06
-4.5358E-07	-2.0193E-07	1.3920E-06	8.6004E-07
-4.0881E-07	-1.8362E-07	2.4050E-06	9.8161E-07
-4.0485E-07	-6.1457E-08	2.3138E-07	7.4579E-07
-3.6482E-07	-2.6268E-08	2.5003E-06	2.9991E-06
-3.6425E-07	3.0376E-08	2.6226E-06	-3.5999E-07
-3.6169E-07	7.8631E-08	4.0264E-07	1.0054E-06
-3.7007E-07	1.4029E-07	1.5106E-06	2.0573E-06
-3.7271E-07	5.1835E-08	2.3707E-06	1.1703E-06
-3.2371E-07	9.8815E-08	7.8572E-07	1.0045E-06
-3.1294E-07	-8.2343E-09	2.1945E-06	2.6938E-06
-2.7789E-07	1.6780E-08	2.7522E-06	8.9208E-07
-2.6959E-07	-8.3448E-08	2.6157E-06	9.1912E-07
-2.2778E-07	1.0174E-08	1.6892E-06	-4.7171E-07
-3.5219E-07	-2.7880E-08	7.0701E-07	1.1707E-06
-3.1997E-07	4.7045E-08	1.3107E-06	1.1606E-06
-3.6434E-07	6.0860E-08	1.6279E-06	2.0118E-06
-3.8359E-07	1.3728E-07	2.5175E-06	6.6894E-07
-3.0814E-07	1.9603E-07	1.0483E-06	6.0705E-07
-2.1843E-07	2.1674E-07	1.2444E-06	1.4379E-06
-2.2810E-07	1.8962E-07	1.6280E-06	1.3050E-06
-1.2199E-07	1.1100E-07	9.8886E-07	1.4395E-06
-1.3557E-07	8.2188E-08	2.2408E-06	2.5350E-06
-1.2810E-07	4.8505E-08	2.6410E-06	5.1908E-07
-1.7874E-07	1.3087E-08	1.4329E-06	1.4249E-06
-2.0469E-07	3.6903E-08	2.8999E-06	8.7907E-07
-1.9544E-07	6.1398E-08	1.3173E-06	-3.7704E-07
-1.7037E-07	1.5254E-07	8.5596E-08	1.0562E-06
-1.7822E-07	1.8171E-07	9.8137E-07	2.6398E-06
-1.1441E-07	2.7133E-07	2.7434E-06	2.0353E-06
-8.3617E-08	2.2573E-07	2.0970E-06	4.5040E-07
-9.2728E-08	1.5097E-07	9.3254E-07	1.2664E-06
-1.0257E-07	1.4600E-07	1.3616E-06	1.7852E-06
-2.6807E-08	1.5575E-07	1.4824E-06	2.8321E-06
-1.6251E-08	9.4506E-08	4.0168E-06	2.1428E-06
2.5026E-08	1.7310E-07	2.4093E-06	5.4069E-08
1.7508E-08	9.7625E-08	2.5112E-06	1.1789E-06
4.4188E-08	8.7199E-08	1.6850E-06	-2.4837E-07
2.8414E-08	1.1922E-08	9.8622E-07	1.6549E-06
-5.9558E-08	-1.2570E-08	1.8324E-06	1.6451E-06
-9.5296E-08	-3.2814E-08	2.8185E-06	2.0292E-06
-6.9796E-08	1.5665E-08	2.6513E-06	5.9829E-08
-1.3231E-07	3.1494E-09	1.7883E-06	1.2759E-06
-1.5808E-07	7.5431E-08	2.4830E-06	3.0681E-07
-1.1696E-07	7.9997E-08	1.4550E-06	7.9812E-07
-7.9898E-08	8.2964E-08	1.6496E-06	8.5227E-07
-5.6637E-08	7.1311E-08	2.2616E-06	1.7756E-06
-1.8414E-09	5.5069E-08	2.7195E-06	-6.1615E-07
1.1451E-08	4.5597E-08	1.1503E-07	8.0069E-07
-3.6534E-08	2.2342E-08	2.2205E-06	1.5185E-06
-6.3759E-08	-1.8571E-08	1.5048E-06	6.7160E-07
-2.3855E-08	4.2278E-08	1.9107E-06	8.4333E-07
-4.6687E-08	2.3339E-09	8.4596E-07	3.6881E-07
-1.8114E-08	5.2755E-08	5.8107E-07	2.0554E-06
-4.0502E-08	6.4846E-08	2.5970E-06	2.2676E-06
-9.4355E-09	5.4947E-08	1.9727E-06	5.5088E-08
7.3359E-08	8.3641E-08	4.2504E-07	2.2299E-06
8.7554E-08	3.4351E-08	3.1729E-06	2.5602E-06
1.0384E-08	-3.0674E-08	3.3025E-06	7.8253E-07
9.0736E-08	4.0886E-09	2.4302E-06	-3.6855E-07
8.5647E-08	-8.0561E-08	8.1507E-07	7.7370E-07
5.0219E-08	-6.0920E-08	2.4190E-06	1.4423E-06
5.7324E-08	-4.8859E-08	2.1714E-06	1.8755E-07
1.4751E-09	-6.2619E-08	1.4182E-06	1.5634E-07
-1.3257E-08	-8.8872E-08	8.8979E-07	1.0543E-06
-2.0132E-09	-6.4212E-08	2.0379E-06	1.1288E-06
3.5254E-08	-5.1335E-08	1.3649E-06	3.2451E-07
2.7014E-08	3.0157E-08	1.1032E-06	8.2718E-07
-3.8844E-08	-1.7666E-08	6.6190E-07	9.4304E-07
-2.2875E-09	-1.4287E-08	8.7655E-07	2.1457E-06
6.2106E-08	5.6108E-09	2.2445E-06	1.8462E-06
1.0694E-07	-1.1151E-07	1.7968E-06	8.2210E-07
6.9379E-08	-9.1624E-08	1.4037E-06	1.2929E-06
1.0305E-07	-1.3745E-07	1.5226E-06	1.3311E-06
5.0983E-08	-1.7818E-07	1.8453E-06	1.3313E-06
7.1047E-08	-2.4084E-07	1.0902E-06	8.6140E-07
1.2606E-09	-2.3651E-07	1.4767E-06	2.2235E-06
-2.1507E-08	-1.9686E-07	1.7784E-06	1.0286E-06
-3.8415E-08	-2.5195E-07	1.7260E-06	2.4864E-06
-4.6921E-08	-2.2536E-07	2.8602E-06	5.4252E-08
3.7462E-09	-1.8598E-07	-3.9343E-07	1.6741E-06
-4.1507E-08	-2.3357E-07	3.3836E-06	2.9570E-06
3.4454E-09	-2.5157E-07	2.3454E-06	-3.4248E-07
-3.5532E-08	-2.3296E-07	5.2933E-07	1.1456E-06
-8.4668E-08	-2.8508E-07	1.6113E-06	2.5808E-06
-1.3345E-07	-3.0934E-07	3.0653E-06	1.0228E-06
-1.7966E-07	-2.5344E-07	9.6510E-07	6.4808E-07
-1.8280E-07	-2.4110E-07	1.8735E-06	1.5556E-06
-1.8061E-07	-1.8388E-07	3.9221E-07	1.0508E-06
-1.8622E-07	-2.1640E-07	1.5842E-06	3.8626E-06
-1.6620E-07	-1.8251E-07	3.8232E-06	1.8340E-06
-1.9259E-07	-1.6584E-07	2.6386E-06	9.3015E-07
-1.7607E-07	-1.5759E-07	2.6512E-06	7.4808E-07
-1.4616E-07	-1.5683E-07	1.8230E-06	4.7620E-07
-1.6298E-07	-1.5037E-07	1.6392E-06	9.1330E-07
-1.9254E-07	-1.7761E-07	9.8033E-07	1.3287E-06
-1.7153E-07	-1.9080E-07	2.4802E-06	2.8550E-06
-1.7982E-07	-2.2923E-07	3.6343E-06	1.5471E-07
-1.3791E-07	-1.2901E-07	1.1570E-06	2.2045E-07
-1.7808E-07	-1.6390E-07	1.5925E-06	1.0931E-06
-1.9002E-07	-1.8717E-07	1.4315E-06	1.6375E-06
-2.3598E-07	-1.7704E-07	2.7144E-06	1.4410E-06
-2.0021E-07	-1.6452E-07	2.4395E-06	5.8865E-07
-2.3404E-07	-1.3380E-07	1.7192E-06	-3.5010E-07
-1.7240E-07	-1.3053E-07	1.4418E-07	1.6602E-06
-2.2230E-07	-1.3610E-07	3.1618E-06	1.6601E-06
-2.9615E-07	-1.2549E-07	1.2028E-06	-1.6639E-07
-2.1594E-07	-9.7544E-08	1.4664E-06	1.5541E-06
-2.5597E-07	-1.2330E-07	1.6496E-06	8.5078E-07
-2.4762E-07	-1.1364E-07	1.8248E-06	8.0155E-07
-2.5895E-07	-7.7457E-08	6.6317E-07	7.8083E-07
-2.0076E-07	-7.1871E-08	2.0358E-06	1.8269E-06
-1.7570E-07	-5.9661E-08	1.4838E-06	-1.2662E-07
-1.8885E-07	-4.7020E-08	3.3573E-07	1.2057E-06
-2.3448E-07	-7.7966E-08	9.4556E-07	1.7515E-06
-2.2156E-07	-1.0124E-07	1.6692E-06	1.4829E-06
-1.8662E-07	-6.7697E-08	5.9535E-07	1.0808E-06
-2.6519E-07	-7.9544E-08	1.3369E-06	2.4587E-06
-2.1190E-07	-1.0612E-07	1.7247E-06	1.2367E-06
-2.1467E-07	-6.6630E-08	1.2802E-06	1.6073E-06
-2.3670E-07	-9.6928E-08	1.3205E-06	1.3004E-06
-2.2799E-07	-8.0346E-08	9.1653E-07	1.2668E-06
-2.2881E-07	-1.4491E-07	-2.7988E-07	2.1791E-06
-2.2905E-07	-1.1497E-07	1.8207E-06	4.1372E-06
-2.7618E-07	-1.5385E-07	2.8491E-06	1.7901E-06
-3.2156E-07	-1.0070E-07	2.0027E-06	2.0721E-06
-3.5916E-07	-8.8342E-08	2.2613E-06	1.3196E-06
-2.9862E-07	-3.1799E-08	1.3990E-06	1.9043E-06
-2.9751E-07	-2.5175E-09	2.2816E-06	2.1067E-06
-2.7465E-07	-2.3742E-09	2.3598E-06	1.3578E-06
-3.2873E-07	3.5795E-08	1.4494E-06	1.1032E-06
-3.2045E-07	-6.3512E-09	1.3238E-06	2.1360E-06
-2.8565E-07	-2.7431E-08	2.0774E-06	2.3955E-06
-2.4300E-07	2.1220E-08	3.0992E-06	1.4274E-06
-2.8324E-07	4.1695E-08	9.4502E-07	1.7274E-07
-3.0163E-07	2.1418E-08	6.9353E-07	2.9409E-06
-2.6886E-07	3.6411E-08	2.1720E-06	2.4940E-06
-2.3011E-07	3.2844E-08	2.7345E-06	2.6817E-06
-2.8744E-07	6.2595E-08	2.6545E-06	9.9554E-07
-2.8816E-07	4.1155E-08	2.1262E-06	2.4601E-06
-3.0214E-07	6.6182E-08	3.1202E-06	6.1739E-07
-2.1385E-07	7.5515E-08	1.2655E-06	2.3115E-06
-2.2569E-07	7.0729E-08	4.6765E-06	1.0982E-06
-2.1994E-07	9.6857E-08	9.4896E-07	-8.5429E-07
-1.9361E-07	1.3784E-07	1.7809E-06	1.7105E-06
-1.9740E-07	1.1018E-07	9.7597E-07	-1.0769E-07
-2.1633E-07	8.9665E-08	2.8446E-07	2.5284E-06
-1.2430E-07	1.0958E-07	2.0204E-06	2.1778E-06
-1.9645E-07	1.4857E-07	2.1090E-06	1.9838E-06
-1.5000E-07	1.0781E-07	2.0155E-06	7.3350E-07
-1.6763E-07	2.2877E-07	1.9543E-07	1.9876E-06
-1.4275E-07	1.7791E-07	2.4140E-06	3.4695E-06
-1.4913E-07	1.8666E-07	3.1253E-06	1.3371E-06
-1.0510E-07	1.7397E-07	1.9143E-06	1.3660E-06
-1.0479E-07	1.5817E-07	2.4013E-06	1.5078E-06
-7.1473E-08	1.7243E-07	1.9540E-06	9.7751E-07
-6.2105E-08	1.1815E-07	1.7067E-06	1.2907E-06
-8.1324E-08	1.3894E-07	1.5317E-06	1.2392E-06
-9.5521E-08	1.4325E-07	1.3739E-06	1.5428E-06
-8.3205E-08	8.0373E-08	1.1909E-06	1.6989E-06
-1.0718E-07	7.7787E-08	1.3414E-06	2.3887E-06
-7.4548E-08	1.5988E-07	1.8303E-06	2.3660E-06
-8.3598E-08	1.2231E-07	2.0790E-06	2.6865E-06
-6.4379E-08	1.1557E-07	3.0931E-06	2.4610E-06
-7.6218E-08	9.2597E-08	3.5981E-06	1.1356E-06
-8.0674E-08	1.0289E-07	1.9194E-06	-3.2500E-07
-7.0280E-08	1.1795E-07	3.8551E-07	1.8284E-06
3.4143E-09	1.3757E-07	2.3648E-06	2.2964E-06
-6.8808E-08	1.2720E-07	1.8156E-06	1.6218E-06
-3.1007E-08	1.6897E-07	2.6777E-06	1.9759E-06
1.0661E-08	9.7417E-08	2.0655E-06	7.4177E-07
-2.9122E-08	1.7885E-07	1.7764E-06	1.6970E-06
7.6849E-09	1.6970E-07	2.0166E-06	9.0154E-07
3.3097E-08	1.7127E-07	9.6798E-07	1.5102E-06
-2.3907E-09	1.1531E-07	1.6776E-06	2.1075E-06
-2.6570E-08	1.8854E-07	1.7719E-06	1.8996E-06
6.9305E-09	1.3720E-07	1.9223E-06	1.9310E-06
3.5117E-08	1.8362E-07	1.7096E-06	2.1657E-06
1.9549E-08	1.7103E-07	3.0949E-06	2.4718E-06
5.5988E-08	2.0554E-07	2.6575E-06	5.2932E-08
1.4358E-08	1.0730E-07	6.2566E-07	1.7959E-06
5.3741E-08	1.0081E-07	2.6790E-06	2.0252E-06
6.2901E-08	1.4281E-07	1.7499E-06	1.5908E-06
5.0317E-08	1.0452E-07	3.3682E-06	1.2877E-06
4.9259E-08	1.4440E-07	7.6483E-07	-5.3699E-07
3.5268E-08	1.3189E-07	3.4506E-07	2.4866E-06
2.1721E-08	8.2647E-08	1.5379E-06	2.3916E-06
2.9339E-08	1.0516E-07	2.7656E-06	2.5349E-06
1.7642E-07	1.3637E-07	2.1439E-06	1.4238E-07
1.2247E-07	1.8500E-07	3.3335E-07	1.7186E-06
1.1938E-07	1.4357E-07	9.2717E-07	2.5684E-06
1.7364E-07	1.3557E-07	2.3071E-06	3.7273E-06
1.2386E-07	1.0950E-07	3.5051E-06	1.1543E-06
1.6426E-07	5.9965E-08	1.1484E-06	1.4517E-06
1.4502E-07	4.5510E-08	2.1494E-06	2.3416E-06
1.2350E-07	4.7470E-08	2.3333E-06	2.1678E-06
7.9397E-08	-1.1309E-08	2.9352E-06	1.3728E-06
1.1766E-07	3.0564E-09	1.7325E-06	1.1112E-06
8.5850E-08	5.2222E-08	2.1398E-06	1.5300E-06
9.8482E-08	6.7788E-08	1.3016E-06	1.0287E-06
1.4740E-07	1.0656E-07	1.1130E-06	2.7410E-06
9.3147E-08	5.7262E-08	3.1874E-06	2.5506E-06
6.1977E-08	2.6469E-08	2.5842E-06	9.3902E-07
8.5090E-08	5.1175E-08	2.6476E-06	1.5315E-06
9.8177E-08	7.7253E-08	2.2574E-06	-4.2209E-07
1.3864E-07	1.0596E-07	1.0070E-07	1.1733E-06
1.4567E-07	4.0410E-08	1.5974E-06	1.6631E-06
1.8914E-07	4.5408E-08	6.1218E-07	1.5372E-06
1.2135E-07	1.6011E-08	1.3248E-06	2.3391E-06
1.2839E-07	3.4530E-08	1.1977E-06	2.2026E-06
1.7299E-07	-2.2683E-08	1.7471E-06	2.6345E-06
1.7669E-07	-2.9186E-08	2.0969E-06	2.5240E-06
1.3241E-07	-8.5834E-09	2.8045E-06	1.8829E-06
1.3048E-07	-8.3793E-08	1.9268E-06	1.1791E-06
1.2094E-07	-3.1673E-08	1.6459E-06	1.5277E-06
1.2265E-07	-1.7147E-08	1.2953E-06	2.0578E-06
9.5432E-08	-2.4749E-08	2.5551E-06	2.2598E-06
1.3309E-07	-1.9204E-08	2.0506E-06	7.9697E-07
1.3722E-07	-4.1983E-08	9.6523E-07	1.6436E-06
5.4516E-08	-8.4834E-08	2.0175E-06	2.4577E-06
5.7120E-08	-5.8594E-08	2.5114E-06	5.3010E-07
1.0050E-07	-6.6139E-08	-3.1814E-07	1.2304E-06
7.1955E-08	-6.0487E-08	2.1917E-06	3.2791E-06
7.0565E-08	-6.5413E-08	1.6884E-06	-1.2244E-07
9.0057E-08	-3.1440E-08	-8.5600E-07	2.4242E-06
1.2691E-07	-5.6736E-08	1.2530E-06	3.4563E-06
1.5154E-07	5.5955E-09	1.8422E-06	3.4997E-06
9.1162E-08	1.1392E-10	3.2829E-06	1.9394E-06
1.4426E-07	2.0801E-09	6.4316E-07	1.1088E-06
6.1692E-08	-3.4179E-08	1.3028E-06	3.5354E-06
1.1658E-07	-6.4203E-08	2.2695E-06	2.4008E-06
7.8717E-08	-2.1256E-08	2.1247E-06	2.7578E-06
1.1684E-07	-1.6631E-08	2.5615E-06	1.7573E-06
6.1532E-08	-9.5540E-08	1.5434E-06	2.1336E-06
1.2818E-07	-7.3355E-08	2.5909E-06	2.3695E-06
1.0674E-07	-9.0277E-08	2.4970E-06	9.9106E-07
1.1800E-07	-8.3465E-08	6.4096E-07	6.8515E-07
1.0782E-07	-5.0333E-08	1.1227E-07	2.8821E-06
2.5137E-08	-1.2900E-07	1.5398E-06	3.0772E-06
9.8737E-08	-8.4273E-08	1.6247E-06	3.3126E-06
1.4138E-08	-1.0780E-07	2.6879E-06	2.7713E-06
1.5638E-07	-4.5579E-08	2.1006E-06	2.5343E-06
8.7511E-08	-9.6128E-08	2.8451E-06	2.1657E-06
7.0861E-08	-8.3206E-08	1.7010E-06	1.8993E-06
5.6954E-08	-9.7590E-08	2.6823E-06	2.3595E-06
9.1892E-08	-3.4384E-08	1.7415E-06	1.0800E-06
8.9627E-08	-7.7544E-08	1.1583E-06	2.5045E-06
1.0344E-07	-3.8010E-08	2.1150E-06	2.6602E-06
9.4589E-08	-7.7083E-08	2.3134E-06	1.9583E-06
1.4439E-07	-9.5062E-08	1.6242E-06	2.0976E-06
4.0921E-08	-8.0373E-08	2.3235E-06	2.0169E-06
4.0006E-08	-9.1080E-08	9.5596E-07	1.6292E-06
6.0372E-08	-6.5122E-08	1.5647E-06	3.3076E-06
1.1384E-07	-1.0166E-07	2.3396E-06	2.5363E-06
8.8890E-08	-1.3404E-07	2.4820E-06	2.3911E-06
5.9929E-08	-9.2189E-08	2.0458E-06	1.9500E-06
2.9154E-08	-8.0447E-08	2.8239E-06	2.3630E-06
9.4759E-08	-5.1600E-08	2.1440E-06	2.7485E-07
9.1420E-09	-8.4579E-08	1.7105E-07	1.8721E-06
4.9038E-08	-9.0027E-08	1.2706E-06	2.8893E-06
5.2880E-09	-3.9101E-08	1.8727E-06	3.0019E-06
2.4621E-08	-6.3952E-08	2.6422E-06	2.2384E-06
1.1954E-07	-9.4322E-08	1.8748E-06	1.2849E-06
3.2933E-08	-5.0787E-08	6.3334E-07	2.0372E-06
1.2503E-07	-1.0985E-08	1.8734E-06	3.1802E-06
1.0461E-07	-5.9878E-08	1.8959E-06	1.4910E-06
4.8293E-08	-2.9434E-08	8.4258E-07	2.7513E-06
6.1561E-08	-1.0701E-07	2.1054E-06	2.2395E-06
4.5257E-08	-7.9705E-08	3.5105E-07	2.1792E-06
9.5451E-08	-8.8869E-08	1.3098E-06	4.1882E-06
4.3264E-08	-5.5465E-08	3.0673E-06	3.1035E-06
-2.7723E-08	-6.4564E-08	2.2237E-06	1.5134E-06
-1.5787E-08	-7.5879E-08	7.5782E-07	2.3032E-06
9.4130E-08	-1.9167E-08	1.6005E-06	3.3488E-06
5.7461E-08	-2.9762E-08	1.8078E-06	2.5852E-06
6.5380E-08	-1.0956E-07	1.3057E-06	3.3383E-06
8.4543E-08	-5.7710E-08	2.5372E-06	3.5170E-06
9.7431E-08	-3.7964E-08	2.7141E-06	2.5544E-06
6.1307E-08	-8.6157E-08	2.0845E-06	1.7629E-06
7.2300E-08	-8.2442E-08	6.8292E-07	2.8576E-06
5.0928E-08	-8.4232E-08	2.5534E-06	3.7093E-06
4.2752E-08	-7.9422E-08	1.8190E-06	2.2381E-06
-3.4859E-08	-7.5219E-08	2.0877E-06	3.8293E-06
4.6972E-08	-9.9413E-08	2.7392E-06	2.2642E-06
5.3372E-08	-8.4683E-08	1.5485E-06	3.1468E-06
1.7362E-08	-6.0309E-08	2.9916E-06	3.3531E-06
2.6020E-08	-5.5684E-08	2.9754E-06	2.0075E-06
2.1209E-08	-4.6507E-08	1.3682E-06	2.1069E-06
2.9886E-08	-2.8891E-08	2.6571E-06	3.7811E-06
7.4424E-08	-8.3746E-08	3.0174E-06	8.9449E-07
5.9524E-08	-8.4402E-08	-1.0118E-07	2.5270E-06
4.2164E-08	-9.3317E-08	2.2054E-06	4.4919E-06
1.6983E-07	-7.1880E-08	3.2734E-06	3.2143E-06
2.4411E-08	-6.6447E-08	3.1855E-06	2.1128E-06
1.8163E-08	-1.3511E-07	1.9421E-06	1.7785E-06
1.2364E-09	-7.7694E-08	1.4129E-06	2.9567E-06
4.5027E-08	-5.2895E-08	2.9563E-06	3.6445E-06
-8.4615E-09	-1.0481E-07	3.0030E-06	1.5104E-06
3.6447E-08	-9.2045E-08	1.3392E-06	2.8509E-06
4.1824E-08	-6.6827E-08	3.3709E-06	2.7738E-06
6.7576E-09	-1.3344E-07	1.8395E-06	1.5810E-06
6.6237E-08	-5.9419E-08	2.0793E-06	3.1646E-06
-3.6441E-08	-1.3155E-07	3.1061E-06	2.0507E-06
1.1491E-08	-9.7738E-08	1.5578E-06	9.8663E-07
-7.8071E-09	-1.0140E-07	-1.4814E-08	3.1743E-06
7.0639E-09	-1.0074E-07	3.0272E-06	4.8114E-06
4.3783E-08	-5.7333E-08	3.8895E-06	1.1159E-06
-1.8970E-09	-9.2769E-08	7.2804E-08	1.5690E-06
-2.0765E-08	-6.9384E-08	1.7194E-06	4.6613E-06
-1.1466E-08	-7.8884E-08	3.2620E-06	2.7974E-06
-1.1634E-08	-7.8034E-08	2.4756E-06	2.7094E-06
1.5333E-08	-3.1704E-08	2.6761E-06	2.0917E-06
4.7563E-08	-4.9174E-08	1.6549E-06	2.5592E-06
1.6406E-08	-3.6507E-08	2.6213E-06	3.0230E-06
5.1584E-08	-4.3233E-08	2.6809E-06	2.0555E-06
4.5237E-08	-8.3018E-08	1.7078E-06	1.9259E-06
-3.6745E-08	-5.8971E-08	1.6107E-06	2.7478E-06
-2.9790E-08	-2.3642E-08	1.5298E-06	2.8791E-06
1.1314E-08	-7.1651E-08	2.5222E-06	3.8632E-06
-2.4517E-08	-6.0750E-08	2.8403E-06	1.8309E-06
1.1867E-08	-3.2314E-08	1.3322E-06	3.3476E-06
-3.6098E-08	-6.6352E-08	3.3599E-06	2.8855E-06
-2.3884E-08	-1.1011E-07	1.9157E-06	2.7143E-06
4.5362E-08	-7.5704E-08	3.9242E-06	2.9286E-06
-8.3613E-08	-1.3044E-07	2.5530E-06	5.3423E-07
-6.8165E-09	-7.3370E-08	1.0558E-06	1.8843E-06
1.0068E-08	-7.5388E-08	1.5037E-06	2.6945E-06
4.6457E-08	-5.1083E-08	1.8927E-06	2.4428E-06
1.9718E-08	-5.9317E-08	1.3634E-06	2.6782E-06
9.5595E-08	-6.4253E-08	1.8162E-06	3.0868E-06
-4.4049E-08	-7.8459E-08	2.3573E-06	3.2240E-06
3.2075E-08	-1.0626E-07	2.6099E-06	1.5386E-06
-2.5681E-08	-9.4877E-08	1.9706E-07	2.6423E-06
-1.4598E-08	-2.0222E-08	2.5455E-06	3.5394E-06
-1.3355E-08	-8.9308E-08	8.1864E-07	2.2187E-06
-1.5483E-08	-5.3389E-08	1.9852E-06	4.6815E-06
1.4230E-09	-8.5354E-08	2.6960E-06	2.5044E-06
-1.7280E-09	-3.8146E-08	1.9404E-06	3.5636E-06
5.6173E-08	-5.8212E-08	2.9645E-06	2.4800E-06
-4.5565E-08	-7.5954E-08	1.4791E-06	2.3970E-06
6.6015E-08	-7.7876E-08	1.7290E-06	3.1232E-06
2.9770E-08	-4.8376E-08	1.4794E-06	3.2178E-06
-1.5909E-09	-1.6300E-08	2.0834E-06	4.4495E-06
-4.8301E-08	-7.0598E-08	4.0287E-06	3.0873E-06
-9.8029E-09	-6.3108E-08	1.7154E-06	1.5727E-06
-6.3456E-08	-5.6428E-08	1.9377E-06	4.1880E-06
6.1576E-09	-7.5883E-08	3.7142E-06	2.2711E-06
-6.2289E-08	-4.4779E-08	1.5174E-06	1.6872E-06
-4.5803E-08	-7.0767E-08	1.4913E-06	2.9960E-06
-4.6207E-08	-8.6119E-08	2.0342E-06	2.9485E-06
-4.2732E-08	-1.4144E-08	1.6481E-06	2.4667E-06
2.6628E-08	9.9581E-09	1.1278E-06	3.4007E-06
-5.0453E-08	-5.2244E-08	1.9151E-06	3.3610E-06
2.0932E-08	-4.4888E-08	9.4894E-07	3.8711E-06
3.0189E-08	-4.0225E-08	3.1454E-06	5.2405E-06
-1.4675E-08	-1.0119E-08	3.9843E-06	2.1886E-06
-8.3644E-08	-1.0333E-07	1.2289E-06	2.2228E-06
4.9029E-08	-5.3603E-08	1.7389E-06	4.3680E-06
-4.0819E-09	-3.5519E-08	3.6913E-06	3.6474E-06
1.1308E-07	-7.9532E-09	2.4702E-06	1.9194E-06
-4.4203E-08	-3.9190E-08	1.7510E-06	3.7345E-06
1.3629E-07	-1.1245E-09	3.5976E-06	3.2117E-06
-2.1731E-09	-3.0509E-08	2.9585E-06	1.6317E-06
4.1968E-09	-5.5768E-08	1.0292E-06	1.3141E-06
5.9893E-08	-9.0227E-08	3.8641E-07	3.8912E-06
7.4428E-08	-8.6617E-08	2.4094E-06	3.4435E-06
-1.0155E-09	-2.4400E-08	8.7121E-07	3.2406E-06
3.7967E-08	-3.6997E-08	1.5937E-06	4.5524E-06
3.3385E-08	-8.5039E-08	2.2063E-06	5.0951E-06
-3.1231E-08	-4.8166E-08	4.4100E-06	4.3210E-06
8.2370E-08	-6.0783E-08	3.1470E-06	2.3816E-06
9.0535E-08	-6.0498E-08	2.8533E-06	3.2169E-06
1.6443E-08	-8.2368E-08	2.8177E-06	2.6683E-06
-5.5915E-08	-8.3921E-08	2.5504E-06	2.6753E-06
-4.3823E-09	-5.0985E-08	1.9709E-06	2.9915E-06
-1.5925E-08	-2.1094E-08	2.9597E-06	3.2512E-06
1.3246E-08	9.7106E-09	2.1477E-06	2.1450E-06
-2.6892E-08	-7.1033E-08	1.6518E-06	3.1575E-06
7.9553E-09	-4.7260E-08	1.7709E-06	3.4953E-06
-1.3327E-08	-3.6660E-08	2.5629E-06	3.7935E-06
7.2057E-09	-6.0935E-08	2.2464E-06	3.2256E-06
4.2764E-08	-2.2931E-08	2.8505E-06	3.7535E-06
3.6747E-08	-7.5588E-08	2.2652E-06	2.5638E-06
2.8289E-08	-6.7325E-08	1.9463E-06	4.4871E-06
2.3890E-08	-6.9722E-08	4.1785E-06	3.6631E-06
-2.1481E-08	-6.3213E-08	3.1800E-06	1.8773E-06
3.3235E-08	-7.9624E-08	1.8916E-06	2.5114E-06
6.0215E-08	-5.0164E-10	2.4398E-06	3.1333E-06
2.2335E-08	-1.0374E-07	2.1036E-06	2.7120E-06
9.0583E-09	-8.2565E-08	2.3891E-06	3.6638E-06
-1.9441E-08	-5.9871E-08	3.2491E-06	2.6079E-06
2.1644E-08	-6.5449E-08	2.1456E-06	1.9490E-06
4.1000E-08	-4.5320E-08	1.3479E-06	2.5305E-06
4.2329E-08	-2.3355E-08	1.4616E-06	3.3870E-06
1.7228E-08	-4.2887E-08	2.0637E-06	3.4898E-06
4.0384E-08	-5.8002E-08	2.0953E-06	2.9427E-06
-5.9855E-08	-4.8028E-08	1.3625E-06	3.4168E-06
9.7212E-08	-3.3892E-08	2.3838E-06	3.6908E-06
2.0862E-08	-5.1457E-08	1.3895E-06	2.9324E-06
2.5773E-08	-8.7819E-08	1.5540E-06	4.6691E-06
1.5976E-08	-3.7166E-08	2.6343E-06	4.3827E-06
1.8596E-08	-3.3910E-08	3.7438E-06	4.2298E-06
-2.0688E-08	-4.5221E-08	3.3522E-06	1.5934E-06
5.8881E-08	-3.5716E-08	7.8472E-07	2.9140E-06
6.1723E-08	-4.7277E-08	2.1781E-06	4.0408E-06
-1.0004E-08	-1.1704E-07	2.1028E-06	3.7240E-06
-6.8140E-08	-4.9036E-08	2.8908E-06	3.9253E-06
3.0048E-08	-7.9442E-08	2.5768E-06	2.8991E-06
-2.7529E-09	-9.1940E-09	2.2074E-06	3.7193E-06
5.5209E-08	-3.6284E-08	3.1010E-06	2.8653E-06
-3.3615E-08	-5.4688E-08	1.0812E-06	2.6665E-06
6.1974E-08	-6.3827E-08	2.0777E-06	4.8926E-06
-3.3351E-08	-7.9500E-08	3.3840E-06	3.3561E-06
7.1476E-08	-4.9106E-08	2.7341E-06	2.9715E-06
1.3324E-08	-5.0421E-08	2.3112E-06	2.1738E-06
6.9252E-08	-4.3540E-08	9.9638E-07	2.9204E-06
-1.1529E-08	-9.1297E-08	1.1411E-06	3.6418E-06
6.9022E-08	-7.1366E-08	1.1622E-06	4.7437E-06
3.2427E-08	-9.2958E-08	2.8174E-06	5.0902E-06
-1.4663E-08	-6.5514E-08	3.6793E-06	3.8190E-06
-4.1191E-08	-2.3423E-08	2.6482E-06	2.2483E-06
1.0452E-07	-4.5973E-08	9.6875E-07	3.6490E-06
-2.8866E-08	-1.0684E-07	2.4680E-06	4.5200E-06
7.4359E-08	-8.7055E-08	2.4603E-06	3.8462E-06
2.8656E-09	-9.0779E-08	2.8633E-06	3.9331E-06
7.5968E-08	-2.4543E-08	2.4465E-06	3.1471E-06
1.7463E-07	-1.1205E-07	1.9231E-06	3.8435E-06
6.0731E-08	-7.9025E-08	2.3338E-06	4.1188E-06
3.6752E-09	-4.7397E-08	2.6324E-06	4.2776E-06
6.2359E-08	-8.5275E-08	3.2182E-06	3.9086E-06
8.2174E-08	-7.7450E-08	2.8942E-06	3.2801E-06
5.0852E-08	-8.6441E-08	2.4788E-06	3.5677E-06
-4.9605E-08	-7.7630E-08	3.0805E-06	3.9907E-06
-1.0293E-08	-9.5305E-08	3.9229E-06	2.3818E-06
-2.6416E-08	-7.4644E-08	8.5199E-07	1.3957E-06
3.8185E-08	-5.3154E-08	8.0581E-07	5.2482E-06
-2.2501E-08	-5.9500E-08	3.7766E-06	3.7928E-06
-1.8031E-08	-8.6907E-08	1.8282E-06	2.6538E-06
1.7922E-08	-2.4134E-08	1.5113E-06	3.6523E-06
2.7570E-08	-6.2638E-08	1.6531E-06	4.8559E-06
4.2575E-08	-1.1081E-07	3.8119E-06	4.1945E-06
-6.9700E-09	-1.5453E-07	2.2666E-06	2.6816E-06
5.9582E-09	-8.2247E-08	2.2333E-06	3.7598E-06
3.3071E-09	-7.0824E-08	2.0025E-06	3.4206E-06
4.8716E-08	-6.5236E-08	2.3714E-06	3.6715E-06
6.7554E-08	-6.2156E-08	1.0845E-06	3.4281E-06
-1.2087E-08	-5.4194E-08	2.2285E-06	5.5269E-06
7.6289E-08	-1.0951E-07	3.1338E-06	3.8826E-06
7.1387E-08	-1.1336E-07	3.2119E-06	4.3211E-06
5.7643E-08	-8.9271E-08	3.1446E-06	2.2924E-06
3.7247E-08	-9.1764E-08	1.4076E-06	3.5201E-06
4.9797E-08	-1.1726E-07	2.0364E-06	3.7487E-06
-6.4203E-09	-5.0984E-08	2.5226E-06	4.8998E-06
4.4601E-09	-7.2702E-08	3.7110E-06	2.3980E-06
-1.4069E-08	-7.3442E-08	7.5923E-07	3.4385E-06
8.1115E-09	-9.3623E-08	3.2894E-06	3.8114E-06
-2.3231E-08	-6.7960E-08	9.6743E-07	2.5912E-06
-4.0878E-08	-1.0358E-07	1.9821E-06	4.6615E-06
3.2520E-08	-1.0386E-07	1.9409E-06	3.2627E-06
-1.7053E-08	-1.1749E-07	1.7984E-06	4.2045E-06
2.1445E-08	-1.2883E-07	2.0304E-06	3.4689E-06
2.5348E-08	-9.1886E-08	1.1496E-06	3.4973E-06
6.3126E-08	-1.4971E-07	3.3118E-07	4.9929E-06
-2.2435E-08	-9.2112E-08	2.9474E-06	6.2458E-06
2.3400E-09	-5.2797E-08	3.4831E-06	3.3098E-06
-1.1297E-08	-4.5771E-08	1.2934E-06	3.4526E-06
-2.2127E-08	-9.2224E-08	1.2104E-06	5.0694E-06
-4.4136E-08	-9.9702E-08	3.0704E-06	5.5264E-06
4.9113E-08	-9.6926E-08	3.2937E-06	3.3529E-06
-1.0496E-08	-1.2257E-07	1.2784E-06	3.5535E-06
-1.1944E-09	-8.5962E-08	1.6794E-06	5.3679E-06
5.3178E-08	-1.1848E-07	3.4148E-06	4.5623E-06
-1.1105E-08	-4.2090E-08	1.8613E-06	3.3777E-06
4.1419E-08	-1.0561E-07	1.7191E-06	5.2266E-06
-1.0111E-08	-6.2293E-08	3.0153E-06	4.8887E-06
4.6653E-09	-8.5212E-08	3.3155E-06	4.1175E-06
-1.7013E-08	-8.8026E-08	2.2240E-06	2.9922E-06
7.0749E-08	-1.4824E-07	1.1306E-06	4.6923E-06
1.6598E-08	-1.2437E-07	2.6434E-06	5.2696E-06
-2.0957E-08	-8.0017E-08	3.3539E-06	4.8166E-06
3.2706E-08	-9.1904E-08	3.8749E-06	3.0809E-06
4.1716E-08	-1.3633E-07	1.1904E-06	2.6017E-06
1.6496E-09	-1.1071E-07	1.9030E-06	5.0636E-06
-3.2137E-08	-9.0751E-08	2.8454E-06	2.8850E-06
-1.3350E-08	-7.4048E-08	3.4745E-07	3.6521E-06
1.5132E-08	-1.7449E-07	1.5151E-06	4.7697E-06
4.6063E-08	-1.1367E-07	8.7165E-07	4.8507E-06
5.6032E-08	-1.1172E-07	2.4284E-06	5.7257E-06
5.1232E-08	-1.1991E-07	1.8542E-06	4.1177E-06
1.8318E-08	-1.2175E-07	1.5557E-06	6.0940E-06
-1.0294E-08	-6.5274E-08	3.5325E-06	5.1973E-06
1.1010E-08	-8.8859E-08	2.5040E-06	4.3188E-06
-7.6109E-09	-7.1976E-08	2.8362E-06	4.6509E-06
1.1929E-08	-8.6641E-08	2.1212E-06	3.7177E-06
7.6166E-08	-1.4570E-07	1.7741E-06	5.3790E-06
-4.7269E-08	-1.1630E-07	3.3525E-06	3.9727E-06
-1.7358E-08	-1.0819E-07	5.2660E-07	4.0592E-06
4.0947E-09	-7.6252E-08	2.4954E-06	6.1812E-06
-4.3549E-08	-1.0727E-07	2.3416E-06	4.3433E-06
-3.2819E-08	-5.9623E-08	2.5914E-06	5.6420E-06
-4.0776E-08	-5.4141E-08	2.6190E-06	4.1004E-06
4.2511E-08	-6.3551E-08	2.4109E-06	5.8847E-06
2.6047E-08	-1.1658E-07	4.3064E-06	3.6926E-06
5.9237E-08	-1.4718E-07	1.3009E-06	3.0671E-06
1.3731E-08	-1.2768E-07	1.5784E-06	4.9294E-06
4.6438E-09	-8.4165E-08	1.9810E-06	4.6565E-06
5.8423E-09	-1.1525E-07	1.9523E-06	4.9109E-06
-3.7420E-08	-7.2469E-08	2.2179E-06	4.7687E-06
-8.9092E-09	-1.2496E-07	1.8542E-06	4.7149E-06
1.9257E-08	-7.9886E-08	1.8993E-06	5.1970E-06
1.6860E-08	-7.9665E-08	2.4040E-06	5.5743E-06
5.5347E-08	-1.1606E-07	3.5658E-06	4.6004E-06
2.2799E-08	-1.0515E-07	1.7331E-06	3.2654E-06
3.8384E-08	-1.0156E-07	1.2193E-06	5.1579E-06
2.8223E-08	-1.0026E-07	1.8301E-06	4.9604E-06
-1.7574E-08	-9.1927E-08	1.9851E-06	5.6203E-06
1.3016E-08	-1.0462E-07	2.5306E-06	4.8988E-06
2.8445E-08	-1.0499E-07	2.2980E-06	5.1955E-06
-2.0000E-08	-1.3023E-07	2.7929E-06	4.3591E-06
-1.9674E-08	-1.4367E-07	1.6122E-06	4.1389E-06
-3.4855E-08	-3.8868E-08	1.2749E-06	5.1479E-06
-7.2549E-09	-1.2086E-07	2.7216E-06	5.4899E-06
-2.9355E-08	-6.1849E-08	2.0493E-06	3.4308E-06
6.1436E-10	-9.7056E-08	7.4004E-07	5.1469E-06
-9.9812E-09	-1.0423E-07	1.7870E-06	4.6548E-06
-5.0144E-08	-1.3794E-07	6.4043E-07	5.2979E-06
-4.5559E-08	-8.0276E-08	1.3885E-06	5.3409E-06
2.1011E-09	-5.2175E-08	6.7572E-07	6.6252E-06
-5.9776E-08	-1.2336E-07	3.6839E-06	6.3297E-06
1.0920E-08	-8.4830E-08	2.1853E-06	3.6128E-06
-8.2487E-08	-8.4162E-08	4.4157E-07	4.6511E-06
-6.2447E-10	-1.2865E-07	2.6533E-07	6.4602E-06
-8.0375E-08	-1.0451E-07	2.4524E-06	6.6658E-06
-7.1461E-08	-1.1359E-07	1.8921E-06	5.3309E-06
-5.1137E-08	-1.0323E-07	2.0377E-06	5.6253E-06
-2.4377E-08	-8.6096E-08	1.2882E-06	5.3097E-06
-3.7193E-08	-1.0283E-07	2.2804E-06	5.6293E-06
-1.0314E-08	-7.2015E-08	2.2578E-07	3.7468E-06
-4.9965E-09	-1.2177E-07	-9.8552E-07	7.5631E-06
-1.5717E-08	-7.6065E-08	1.8168E-06	7.6082E-06
-5.4780E-09	-1.2552E-07	1.7104E-06	7.5449E-06
-5.6611E-08	-7.3277E-08	3.6088E-06	6.8113E-06
-3.6850E-08	-5.6727E-08	2.1322E-06	4.5213E-06
5.4565E-09	-1.0305E-07	4.5886E-08	6.1158E-06
-3.5614E-08	-9.5231E-08	1.5268E-06	8.0471E-06
-9.2829E-08	-8.9351E-08	3.0391E-06	6.4988E-06
1.5226E-08	-9.5613E-08	1.3736E-06	5.8488E-06
-6.0527E-08	-1.1908E-07	1.6063E-06	7.3208E-06
-4.5902E-08	-1.0936E-07	2.4382E-06	6.6555E-06
-1.2891E-08	-5.2190E-08	2.0885E-06	6.6774E-06
-5.3338E-08	-9.2426E-08	2.6102E-06	5.8083E-06
-8.3345E-08	-1.0000E-07	2.0418E-07	5.6986E-06
-4.3308E-08	-7.9825E-08	1.2126E-06	8.4728E-06
-4.5072E-08	-1.0516E-07	2.4308E-06	6.8484E-06
-3.6443E-08	-1.6560E-07	1.6704E-06	7.5955E-06
8.0391E-09	-5.9416E-08	2.5022E-06	6.7932E-06
9.7608E-09	-1.0278E-07	1.3661E-06	7.7538E-06
-5.0543E-09	-1.1939E-07	3.6678E-06	7.4590E-06
-3.5596E-08	-7.6746E-08	1.9677E-06	5.5243E-06
-6.3330E-08	-9.1584E-08	5.8224E-07	6.8992E-06
1.0797E-08	-5.4540E-08	6.9728E-07	9.1960E-06
-4.8703E-08	-9.6188E-08	4.3132E-06	9.2537E-06
-2.7520E-08	-1.3039E-07	3.2678E-06	6.1445E-06
-8.6906E-08	-6.8337E-08	2.4721E-06	7.7833E-06
1.9073E-08	-1.3338E-07	3.2360E-06	6.7800E-06
-5.6958E-08	-3.8813E-08	2.4047E-06	7.2596E-06
-4.6873E-09	-8.2217E-08	3.2803E-06	6.8799E-06
-4.2841E-08	-1.4664E-07	2.1282E-06	6.1673E-06
-6.4305E-08	-1.2153E-07	1.3851E-06	7.5012E-06
7.8043E-09	-7.8794E-08	2.9301E-06	8.3102E-06
-4.4955E-09	-5.9057E-08	3.3903E-06	6.4339E-06
-2.2005E-08	-2.0657E-08	1.4475E-06	6.3857E-06
-6.1416E-08	-7.9414E-08	1.1968E-06	8.0304E-06
-3.0096E-08	-1.1478E-07	2.4392E-06	9.0494E-06
-7.7235E-09	-1.2597E-07	4.1047E-06	8.0969E-06
-6.5047E-08	-1.3046E-07	3.3294E-06	6.4801E-06
-6.0483E-08	-8.6990E-08	2.5516E-06	6.9885E-06
-2.1887E-08	-9.5176E-08	2.4667E-06	6.6520E-06
-3.9156E-09	-6.2250E-08	1.7286E-06	7.4534E-06
-2.3587E-08	-7.0454E-08	2.6298E-06	7.4239E-06
-5.2114E-08	-9.5179E-08	1.5803E-06	7.3840E-06
1.0790E-08	-7.3290E-08	2.5727E-06	8.5308E-06
1.7690E-08	-7.2358E-08	3.2282E-06	7.2621E-06
-3.8215E-08	3.7162E-09	2.0889E-06	6.5735E-06
-5.8391E-08	-2.0580E-08	1.2524E-06	8.0696E-06
-4.4470E-08	-1.5500E-07	3.0974E-06	7.6955E-06
-7.1660E-08	-4.8778E-08	6.3819E-07	6.9554E-06
-4.0011E-08	-1.1976E-07	2.2202E-06	9.8372E-06
-3.7211E-08	-5.4586E-08	3.1896E-06	7.0180E-06
-3.4339E-08	-2.8386E-08	1.4360E-06	7.5768E-06
-5.3108E-08	-7.6945E-08	1.0841E-06	7.7105E-06
1.9272E-08	-8.2312E-08	1.1276E-06	9.5389E-06
-6.3862E-09	-1.1102E-07	2.2756E-06	8.7132E-06
-5.1680E-08	-5.3208E-08	1.8115E-06	9.5835E-06
-6.2884E-08	-1.3991E-07	3.2298E-06	8.6098E-06
-8.0397E-08	-4.6278E-08	1.6966E-06	8.2761E-06
-2.2702E-08	-7.7432E-08	1.7117E-06	8.9840E-06
-2.1895E-08	-4.4939E-08	1.9877E-06	9.9946E-06
-7.9164E-08	-9.5593E-08	3.3205E-06	8.6304E-06
1.5342E-08	-1.1214E-07	6.8121E-07	8.8807E-06
-3.6238E-08	-7.7375E-08	2.8680E-06	1.1247E-05
-4.6476E-08	-1.0736E-07	3.6805E-06	8.5802E-06
-7.8447E-08	-1.0702E-07	1.8210E-06	9.0780E-06
3.6130E-08	-1.0965E-07	2.6945E-06	9.8544E-06
2.1736E-08	-1.3916E-07	2.3686E-06	9.2014E-06
-2.0167E-08	-5.7720E-08	2.3052E-06	1.0594E-05
-1.0933E-08	-8.8178E-08	4.0878E-06	9.6795E-06
-2.6107E-09	-7.4967E-08	2.2156E-06	8.5935E-06
-7.4294E-08	-5.7842E-08	2.3166E-06	1.0777E-05
-2.3569E-08	-6.9365E-08	4.1075E-06	9.8600E-06
1.6295E-08	-7.7924E-08	2.9749E-06	8.7666E-06
-8.5647E-09	-9.1641E-08	2.7558E-06	9.6971E-06
-1.6045E-08	-6.6961E-08	3.2075E-06	8.8206E-06
-3.6596E-08	-8.6854E-08	1.4665E-06	8.9322E-06
-2.9799E-08	-7.6032E-08	1.9644E-06	1.0579E-05
-7.2817E-08	-1.1681E-07	2.5558E-06	9.9670E-06
4.4311E-09	-6.0228E-08	2.1322E-06	1.0508E-05
-3.5187E-08	-4.2128E-08	3.1220E-06	1.0327E-05
-9.5980E-09	-6.2204E-08	2.1408E-06	9.4540E-06
1.8973E-08	-1.0412E-07	1.3619E-06	1.0777E-05
7.2452E-09	-7.1722E-08	2.4128E-06	1.1726E-05
-1.8730E-08	-9.2099E-08	3.4588E-06	1.0810E-05
-3.9550E-08	-6.9353E-08	2.1990E-06	1.0231E-05
-2.8877E-08	-8.9129E-08	2.6799E-06	1.1350E-05
-1.4059E-08	-4.9604E-08	2.4540E-06	9.8813E-06
-4.3191E-08	-3.9668E-08	8.4863E-07	1.1554E-05
1.7530E-08	-7.2661E-08	2.5965E-06	1.2511E-05
-5.9257E-08	-3.2472E-08	3.0375E-06	1.1526E-05
-1.1076E-08	-5.3722E-08	1.9406E-06	1.0986E-05
-1.2321E-08	-2.6680E-08	1.4416E-06	1.3199E-05
-2.0309E-08	-1.8916E-08	4.2378E-06	1.2636E-05
-4.9468E-08	-9.6073E-08	2.1340E-06	1.0445E-05
-8.7963E-09	-9.8979E-08	7.6281E-07	1.3078E-05
-5.1669E-08	-9.6901E-08	2.4183E-06	1.4127E-05
-1.8730E-08	-6.5385E-08	3.2227E-06	1.3852E-05
-3.0333E-08	-7.6045E-08	3.5074E-06	1.3499E-05
-2.5780E-08	-7.6373E-08	3.4144E-06	1.3539E-05
-3.5033E-08	-9.2774E-08	4.0040E-06	1.3585E-05
-7.2345E-08	-5.1878E-08	3.6898E-06	1.2662E-05
-2.9200E-08	-4.3845E-08	2.7123E-06	1.3581E-05
-3.5829E-08	-4.5635E-08	3.8471E-06	1.4466E-05
-5.4709E-08	-7.9865E-08	4.7716E-06	1.3400E-05
-1.7063E-08	-1.8674E-08	3.3611E-06	1.2257E-05
-4.6949E-09	-1.0733E-07	2.3912E-06	1.4178E-05
-4.2235E-08	-5.2373E-08	3.9218E-06	1.4131E-05
-4.5828E-09	-6.1647E-08	2.8034E-06	1.3966E-05
-5.6692E-08	-7.7888E-08	3.9087E-06	1.4846E-05
-1.2769E-07	-5.0902E-08	3.3162E-06	1.3053E-05
-9.5594E-08	-1.2434E-07	1.0418E-06	1.4659E-05
-4.5983E-08	-8.5620E-08	2.1912E-06	1.7023E-05
-5.2423E-08	-1.3893E-07	3.6532E-06	1.6843E-05
-4.3894E-08	-4.7833E-08	3.7084E-06	1.6589E-05
1.5241E-08	-5.3929E-08	3.5019E-06	1.6882E-05
-5.0966E-08	-8.3087E-08	4.0001E-06	1.7950E-05
-2.6450E-08	-1.1911E-07	4.9761E-06	1.7388E-05
-5.0495E-08	-2.0986E-08	4.3326E-06	1.7864E-05
-1.9965E-08	-8.0730E-08	5.8605E-06	1.8202E-05
-3.0659E-08	-7.7613E-08	5.5189E-06	1.6971E-05
-3.1238E-08	-1.1954E-07	4.7137E-06	1.7360E-05
-2.0883E-08	-6.8658E-08	4.1063E-06	1.8462E-05
-4.7488E-08	-6.9025E-08	5.2562E-06	1.9972E-05
-2.8743E-08	-6.4900E-08	6.7436E-06	1.9469E-05
1.7164E-08	-6.0635E-08	6.0956E-06	1.8090E-05
-5.6265E-09	-8.1181E-08	4.3315E-06	2.0433E-05
-2.9271E-08	-6.6607E-08	7.9733E-06	2.1899E-05
-6.1383E-08	-1.1870E-07	7.9311E-06	1.9315E-05
-4.7142E-08	-9.7141E-08	7.7550E-06	2.0029E-05
-5.0671E-08	-6.9797E-08	6.8791E-06	1.8736E-05
-2.7933E-08	-1.4996E-08	5.4288E-06	2.1057E-05
-3.1563E-08	-4.2454E-08	6.2134E-06	2.2451E-05
-8.0510E-08	-8.9153E-08	7.5943E-06	2.4393E-05
-3.1559E-08	-6.5589E-08	9.6049E-06	2.3391E-05
-5.7543E-08	-1.0008E-07	8.9823E-06	2.3370E-05
-3.0854E-08	1.8776E-08	8.9776E-06	2.4148E-05
-6.3019E-08	-4.0539E-08	1.0005E-05	2.6354E-05
8.1119E-09	-8.6842E-08	1.2544E-05	2.5379E-05
-4.3876E-08	-6.1455E-09	1.1312E-05	2.5297E-05
-5.6331E-08	-5.8770E-08	1.2179E-05	2.7128E-05
-6.1526E-08	-1.5158E-09	1.3524E-05	2.8725E-05
-7.7532E-08	-1.2114E-07	1.6712E-05	2.9137E-05
3.3221E-08	-3.9838E-08	1.7494E-05	2.8378E-05
6.0093E-09	-8.6811E-08	1.9457E-05	3.0198E-05
-6.5199E-09	-4.1558E-08	2.3596E-05	2.9559E-05
-3.8379E-08	-5.2917E-08	2.5835E-05	2.7522E-05
1.9684E-09	-5.3205E-08	2.8585E-05	2.5713E-05
-7.9227E-08	-5.5179E-08	2.9366E-05	2.1489E-05
-4.8825E-08	-8.7260E-08	2.8586E-05	2.0679E-05
-4.3483E-08	-9.1970E-08	3.0067E-05	1.8417E-05
-2.1700E-08	3.0894E-09	2.9643E-05	1.6909E-05
-2.8009E-08	-4.2838E-08	3.0938E-05	1.3253E-05
-6.4152E-08	-3.0973E-08	2.6357E-05	1.0971E-05
-6.4651E-08	-8.7049E-08	2.7037E-05	1.2901E-05
-1.6763E-08	-6.8308E-08	2.6983E-05	8.8157E-06
-3.3605E-08	-5.0695E-08	2.2302E-05	8.0194E-06
-1.1293E-08	-1.5363E-08	2.0385E-05	1.1496E-05
-5.8995E-08	-1.0322E-07	2.2628E-05	1.1939E-05
-7.4028E-09	-6.4186E-08	2.0074E-05	1.1373E-05
-8.1970E-09	-4.0225E-08	2.1638E-05	1.5135E-05
-5.0140E-08	-4.3481E-08	2.3745E-05	1.2982E-05
-1.1457E-08	-7.0714E-08	2.3254E-05	1.3052E-05
-3.2069E-08	-5.8476E-08	2.3439E-05	1.1959E-05
-4.3425E-08	-5.9554E-08	2.2597E-05	1.3388E-05
-9.4935E-08	-5.8780E-08	2.4829E-05	1.3453E-05
-2.8066E-08	-2.9890E-08	2.5029E-05	1.2522E-05
-6.0923E-08	-8.7478E-09	2.5939E-05	1.2246E-05
-4.1592E-08	1.8769E-08	2.6578E-05	1.1070E-05
-1.7312E-08	-3.6743E-08	2.6538E-05	9.8201E-06
-2.7282E-08	-5.5936E-08	2.5951E-05	9.0633E-06
-5.1911E-08	-2.3345E-08	2.5213E-05	9.3530E-06
-2.3835E-08	-4.4396E-08	2.7035E-05	1.0362E-05
-4.0140E-08	-7.3357E-08	2.8769E-05	6.8803E-06
-5.7104E-08	-6.5958E-08	2.5937E-05	5.4803E-06
-4.9544E-08	-2.5802E-08	2.6501E-05	6.0425E-06
-1.9305E-08	-6.0918E-08	2.5869E-05	3.8199E-06
-2.9792E-08	-5.3630E-08	2.4181E-05	3.7870E-06
-3.7344E-08	-5.9497E-08	2.3243E-05	3.7130E-06
-2.3906E-08	-8.5999E-08	2.2494E-05	4.5017E-06
-1.4081E-08	-7.3461E-08	2.2366E-05	4.6746E-06
-3.5262E-08	-4.3847E-08	2.2624E-05	5.6616E-06
-6.3340E-08	-6.1497E-08	2.3809E-05	3.9953E-06
-8.2346E-08	-3.9156E-08	2.1146E-05	3.6113E-06
-2.3562E-08	-5.6902E-08	2.2219E-05	5.4361E-06
-7.2586E-08	-4.1419E-09	2.2346E-05	3.3108E-06
-1.4135E-08	-2.6503E-08	2.0313E-05	3.9958E-06
-7.2885E-08	-9.0221E-08	2.0784E-05	4.9448E-06
-2.2501E-08	-3.4779E-08	2.0079E-05	4.7038E-06
-3.1533E-08	-5.7337E-08	1.9775E-05	7.0694E-06
-2.6128E-08	3.3075E-09	2.2545E-05	7.3171E-06
-8.0562E-08	-9.6751E-08	2.2725E-05	6.3256E-06
-2.9716E-08	-4.3374E-08	2.4286E-05	5.7547E-06
-3.3036E-08	-6.2748E-08	2.3120E-05	3.6357E-06
-4.2936E-08	-3.6222E-08	2.2806E-05	5.0717E-06
-2.9065E-08	-1.5038E-08	2.4666E-05	3.9824E-06
-3.5554E-08	-4.7657E-08	2.4423E-05	8.2975E-07
-3.1236E-08	-7.7698E-08	2.0152E-05	-2.9793E-07
-1.1899E-07	-5.2782E-08	1.9538E-05	2.9410E-06
-9.7206E-10	-6.3989E-09	1.9990E-05	1.7019E-06
-3.2025E-08	-6.8875E-08	1.7882E-05	2.7626E-06
-7.5180E-08	-4.7790E-08	1.7753E-05	4.0879E-06
-9.1246E-08	-1.5484E-08	1.8029E-05	5.6854E-06
-3.4565E-08	-4.5506E-08	1.8979E-05	5.4844E-06
-3.2132E-08	-3.4024E-08	1.7897E-05	5.7519E-06
-5.8684E-08	-4.1218E-08	1.7337E-05	7.8704E-06
-4.3321E-08	-1.1184E-07	1.9688E-05	9.9725E-06
1.0376E-08	-8.9055E-09	2.0675E-05	8.4698E-06
-4.4407E-08	-4.5705E-08	2.0086E-05	1.0463E-05
-3.0093E-08	-5.7778E-08	2.2399E-05	1.1087E-05
-3.6212E-08	-5.5234E-08	2.3193E-05	1.1942E-05
-5.5315E-08	-9.6473E-08	2.5806E-05	1.2217E-05
-4.1739E-08	-6.6049E-08	2.7411E-05	1.2123E-05
-2.5455E-08	2.7994E-08	2.9850E-05	1.1085E-05
-5.1601E-08	-6.4811E-08	3.0359E-05	1.0772E-05
-1.8301E-08	-4.8570E-08	3.3816E-05	1.1014E-05
-2.8636E-08	-4.9367E-08	3.6644E-05	8.6183E-06
-1.8224E-08	-2.9918E-08	3.9648E-05	6.4332E-06
-3.3764E-08	-3.0091E-08	4.3021E-05	1.0164E-06
-2.5631E-08	-2.6991E-08	4.1514E-05	-6.7002E-06
-4.0763E-08	-3.7630E-08	3.6600E-05	-1.0084E-05
-4.7208E-08	-6.4893E-08	3.3111E-05	-1.1673E-05
-7.7098E-08	-3.1771E-08	2.9768E-05	-1.1187E-05
-1.0162E-08	-2.4425E-08	2.9392E-05	-1.2406E-05
4.1734E-09	-3.8476E-08	2.4189E-05	-1.4038E-05
-1.2692E-08	-1.7686E-08	2.1411E-05	-1.0464E-05
-5.6210E-08	-2.3545E-08	2.0844E-05	-9.2920E-06
-1.4627E-08	-2.1547E-08	1.9694E-05	-7.5580E-06
-3.0687E-08	6.7664E-09	1.9397E-05	-5.5730E-06
-9.9426E-10	-5.8877E-08	2.0884E-05	-4.0949E-06
-4.7482E-08	-1.0425E-08	2.0499E-05	-4.8255E-06
-4.0527E-08	-5.6012E-08	2.0243E-05	-1.5495E-06
-3.1786E-08	-2.9383E-08	2.4205E-05	-1.1158E-06
-6.3607E-08	-1.3646E-08	2.5578E-05	-2.7937E-06
-5.9424E-08	-2.3186E-08	2.6767E-05	-5.0084E-06
-6.0081E-08	-5.4669E-08	2.4751E-05	-6.7805E-06
-4.9413E-08	8.8297E-09	2.4647E-05	-5.5132E-06
-2.6919E-08	-4.8970E-08	2.5626E-05	-6.4413E-06
-3.7416E-09	1.7976E-09	2.6010E-05	-7.0986E-06
-2.9313E-08	-3.3857E-08	2.6837E-05	-9.1718E-06
-2.5764E-08	-3.4142E-08	2.5248E-05	-1.1781E-05
-4.6049E-08	-1.2348E-08	2.2751E-05	-1.1947E-05
-2.6348E-08	-1.7365E-08	2.2339E-05	-1.1462E-05
-2.1634E-08	-2.4036E-08	2.1399E-05	-1.2442E-05
-5.2285E-08	-3.8194E-08	1.9778E-05	-1.1758E-05
-5.5265E-08	-1.6921E-08	2.0381E-05	-1.0886E-05
-5.1107E-08	-3.5281E-08	2.1088E-05	-1.2844E-05
-1.4361E-08	-5.3053E-08	1.8124E-05	-1.4820E-05
-3.4794E-08	-5.6550E-08	1.5246E-05	-1.2988E-05
-2.8861E-08	-5.7614E-08	1.5214E-05	-1.0893E-05
-7.5670E-08	-6.2714E-08	1.6006E-05	-1.0515E-05
-3.2622E-08	4.5436E-09	1.5878E-05	-1.0861E-05
-3.2240E-08	-4.6895E-08	1.5477E-05	-1.1443E-05
-3.9317E-08	-5.7684E-08	1.3529E-05	-1.1025E-05
-6.3199E-08	-1.7461E-08	1.4572E-05	-9.4535E-06
-4.3963E-08	-7.8014E-08	1.4053E-05	-1.1895E-05
-7.5489E-08	-2.6777E-08	1.1038E-05	-1.0148E-05
-4.5978E-08	-4.1562E-08	1.2254E-05	-8.6617E-06
-3.6411E-08	-2.7781E-08	1.1341E-05	-9.4100E-06
-6.0587E-08	-2.0719E-08	1.0190E-05	-7.5746E-06
-4.3471E-08	-3.3318E-08	1.0870E-05	-6.7121E-06
-6.5071E-08	-2.9654E-08	1.0430E-05	-5.5993E-06
-3.9994E-08	4.2831E-08	1.2422E-05	-5.2793E-06
-2.3997E-08	-1.0352E-08	1.0198E-05	-6.8942E-06
-5.4779E-08	4.3142E-08	9.5334E-06	-2.8104E-06
-3.6507E-08	-9.2647E-09	1.1918E-05	-2.7350E-06
-7.9508E-09	-2.7457E-08	1.2133E-05	-1.8070E-06
-5.8545E-08	-1.8890E-08	1.4246E-05	-2.4108E-06
-4.1423E-09	-1.5075E-08	1.3561E-05	-3.7024E-06
-5.8265E-08	-3.0818E-08	1.2331E-05	-3.0884E-06
-1.6268E-08	8.9406E-09	1.2971E-05	-1.2580E-06
-3.2537E-08	-6.0088E-08	1.3360E-05	-1.4957E-06
-3.9225E-08	-2.1286E-08	1.4364E-05	1.2370E-06
-1.0927E-08	-2.6550E-08	1.7850E-05	-7.6065E-07
-5.4576E-08	-1.9164E-08	1.6691E-05	-1.2904E-06
-5.2908E-08	-5.6014E-08	1.8751E-05	-2.4847E-06
-5.0603E-08	-5.9473E-08	1.5878E-05	-3.4540E-06
-5.3143E-08	-1.4730E-08	1.6980E-05	-1.0848E-06
-2.3480E-08	-9.7734E-09	1.7171E-05	-9.5945E-07
-1.5092E-08	-4.5291E-09	2.0497E-05	1.2943E-06
-1.2024E-08	-2.6130E-08	2.4220E-05	-1.9305E-06
-1.6848E-08	7.1303E-09	2.5550E-05	-5.1860E-06
-2.5124E-08	-5.0862E-09	2.4607E-05	-1.0397E-05
-4.1011E-08	-2.7979E-08	2.0749E-05	-1.1715E-05
-1.0671E-08	4.1578E-09	1.9227E-05	-1.2636E-05
-3.2887E-08	1.0910E-08	1.5455E-05	-1.2509E-05
-4.9977E-08	1.5501E-08	1.4714E-05	-1.0093E-05
2.2484E-08	-8.4928E-09	1.4155E-05	-9.5080E-06
-6.0798E-08	2.6497E-09	1.5045E-05	-7.9133E-06
-5.9746E-08	-1.3872E-09	1.5028E-05	-9.9615E-06
-3.9940E-08	6.4779E-09	1.2473E-05	-7.7871E-06
-3.8236E-08	-4.0498E-08	1.5029E-05	-5.7878E-06
-3.5340E-08	-5.1005E-08	1.7154E-05	-6.5062E-06
-6.3729E-08	-9.8534E-08	1.8929E-05	-9.9963E-06
-1.6207E-08	-2.5856E-08	1.5205E-05	-1.2917E-05
-3.0027E-08	-1.4802E-08	1.3106E-05	-1.1671E-05
1.6017E-08	3.4717E-09	1.1602E-05	-1.1111E-05
-1.9319E-08	-2.5301E-08	1.1593E-05	-9.8965E-06
-4.3876E-08	5.1036E-09	1.0217E-05	-1.0516E-05
-4.3209E-08	-5.1145E-09	9.2037E-06	-7.8781E-06
-5.7033E-08	-2.0693E-08	1.0456E-05	-7.8291E-06
-3.6660E-08	1.3161E-08	9.1536E-06	-7.2016E-06
-3.0090E-08	3.1265E-08	1.0351E-05	-6.1995E-06
-7.8268E-08	-1.8473E-08	9.2138E-06	-7.2709E-06
-3.2503E-08	4.9938E-09	8.1270E-06	-4.5825E-06
-6.6933E-08	-3.4099E-08	9.7325E-06	-3.8643E-06
-4.6574E-08	-2.4636E-08	9.5179E-06	-2.9069E-06
4.9079E-09	-1.5499E-08	1.1734E-05	-2.4581E-06
-3.8812E-08	-1.3173E-08	1.1137E-05	-4.0226E-06
-3.3352E-08	-4.8580E-08	1.0178E-05	-2.7259E-06
-3.1149E-08	-4.0326E-08	1.0345E-05	-1.1986E-06
-7.5371E-08	-3.7867E-08	1.2268E-05	3.2727E-07
4.6242E-09	-7.5654E-09	1.3818E-05	-5.4904E-07
-2.1384E-08	-2.8152E-08	1.4306E-05	-7.2892E-07
-1.8436E-08	3.8279E-09	1.4748E-05	-1.0202E-06
-3.0461E-08	-1.8055E-09	1.6188E-05	-1.0806E-06
-3.5806E-08	2.5517E-08	1.5483E-05	-4.2403E-06
-4.6553E-08	-2.8674E-08	1.1616E-05	-1.4025E-06
-5.0658E-08	-2.8279E-08	1.5523E-05	2.1080E-06
-1.9727E-08	-2.2379E-08	1.7809E-05	-1.1200E-07
-1.4435E-08	1.4770E-08	1.7955E-05	-1.0198E-06
-6.1154E-09	6.3741E-09	1.7322E-05	-1.4710E-06
1.8331E-08	-3.7824E-08	1.8017E-05	1.1739E-07
-2.1739E-08	-2.0984E-08	2.0047E-05	-9.3669E-07
-6.8592E-10	3.5171E-08	1.9284E-05	-1.7508E-06
-4.3114E-08	2.6532E-08	1.9813E-05	-4.3329E-07
1.9466E-08	-2.4050E-08	2.1611E-05	-5.2896E-07
-5.2176E-08	1.1507E-08	2.2768E-05	-6.3724E-07
-1.2524E-08	-1.0461E-08	2.5294E-05	-1.5273E-06
-3.4430E-08	-2.0093E-08	2.6104E-05	-4.1880E-06
-8.7380E-08	-1.1273E-08	2.5640E-05	-6.0750E-06
-1.9801E-08	-2.2600E-08	2.3728E-05	-6.3381E-06
-2.8658E-08	-6.3738E-09	2.5026E-05	-4.3567E-06
-3.4894E-08	4.1734E-09	2.6561E-05	-6.0190E-06
-4.0638E-08	1.1554E-09	2.6495E-05	-5.2820E-06
-2.3331E-08	-3.7241E-08	2.9161E-05	-4.5535E-06
-3.9268E-08	-5.4107E-08	3.3805E-05	-4.7634E-06
-2.3949E-08	-5.1180E-09	3.9037E-05	-1.0169E-05
-3.3031E-08	-2.8513E-08	4.0141E-05	-1.6560E-05
-8.7221E-09	-8.2883E-09	3.9819E-05	-2.4740E-05
-6.2157E-08	-3.3327E-08	3.2878E-05	-3.0624E-05
-4.6293E-08	-1.7897E-08	2.8373E-05	-3.0788E-05
-3.1209E-08	6.6731E-09	2.5297E-05	-3.2384E-05
1.7723E-08	-9.3482E-09	2.1749E-05	-3.3047E-05
-2.1565E-08	-1.9358E-10	1.8065E-05	-3.3217E-05
-3.3106E-08	-3.4649E-08	1.5489E-05	-3.1464E-05
-1.3280E-08	3.9978E-10	1.4900E-05	-3.1336E-05
-1.6387E-08	-6.9451E-08	1.2731E-05	-3.1777E-05
-2.1223E-08	-5.8748E-09	1.1148E-05	-3.1780E-05
-2.4729E-08	-2.6641E-08	8.0798E-06	-3.1990E-05
-5.8319E-08	-1.1036E-08	6.3030E-06	-2.9978E-05
-5.2863E-08	-1.1154E-08	5.0131E-06	-2.9934E-05
-7.4111E-09	-1.4642E-08	3.0842E-06	-2.8297E-05
1.2760E-08	-2.2741E-08	1.9490E-06	-2.7666E-05
9.5195E-09	6.8149E-09	5.2209E-07	-2.4791E-05
-1.3100E-08	-1.2853E-09	2.5982E-06	-2.4289E-05
-6.5033E-08	1.1141E-08	8.5047E-07	-2.5188E-05
1.1788E-08	-2.5975E-08	3.1943E-07	-2.3143E-05
-3.0748E-08	-1.0167E-08	1.8932E-06	-2.2735E-05
4.2837E-09	1.1190E-08	2.9547E-06	-2.5099E-05
-3.1512E-08	-2.3395E-09	9.9512E-07	-2.8101E-05
-5.4889E-08	-4.9790E-08	-2.7100E-06	-2.9638E-05
-3.3385E-08	-4.3029E-08	-6.0877E-06	-2.8693E-05
-3.1630E-08	-4.0319E-08	-7.8083E-06	-2.9335E-05
1.0886E-09	-2.3185E-08	-1.2273E-05	-3.0016E-05
-2.4163E-08	-1.3258E-08	-1.6839E-05	-3.0541E-05
-5.8679E-08	-4.8661E-08	-2.6419E-05	-3.0172E-05
-3.4664E-08	-4.3233E-09	-3.8243E-05	-2.2011E-05
-1.0740E-08	-1.3712E-08	-4.4608E-05	-4.4815E-06
-2.5534E-09	-1.4776E-08	-3.8938E-05	1.3302E-05
3.8102E-09	3.9351E-09	-2.7481E-05	2.7634E-05
-5.9684E-08	-4.5220E-08	-5.6466E-06	3.4446E-05
-2.0615E-08	-2.4016E-08	1.3513E-05	2.5099E-05
-2.0941E-08	-2.8266E-09	2.3795E-05	8.6994E-06
-3.4082E-08	-2.9497E-08	2.0740E-05	-1.1852E-05
-6.3030E-09	-1.3848E-08	3.5277E-06	-2.4686E-05
-2.0126E-08	-1.6692E-09	-2.1998E-05	-1.8630E-05
2.6737E-08	1.7516E-08	-2.8947E-05	1.0770E-05
-3.5865E-08	-1.6155E-08	-8.3081E-06	2.8646E-05
-4.4451E-08	9.3201E-09	1.3701E-05	2.5163E-05
1.3064E-08	-3.1661E-08	2.4390E-05	9.5404E-06
-7.3839E-08	-5.0687E-09	2.3772E-05	-3.3093E-06
-1.4022E-08	-3.5154E-08	2.1186E-05	-1.9740E-05
-9.6589E-09	-2.6474E-09	-1.0272E-05	-3.3388E-05
-1.1035E-08	2.3096E-09	-3.2861E-05	1.6189E-05
-5.7102E-08	3.4715E-09	3.7484E-05	9.0310E-06
-5.7189E-08	-9.0575E-09	-2.5179E-05	-3.3194E-05
-2.4295E-08	-7.9128E-09	-2.9284E-05	2.4971E-05
-2.4209E-08	-7.8153E-09	2.7662E-07	2.9874E-05
-2.4123E-08	-7.7184E-09	8.5919E-06	2.5118E-05
-2.4038E-08	-7.6222E-09	1.7369E-05	2.4691E-05
-2.3953E-08	-7.5266E-09	2.7099E-05	1.7714E-05
-2.3867E-08	-7.4316E-09	2.9121E-05	7.6096E-06
-2.3782E-08	-7.3372E-09	2.7472E-05	1.6754E-06
-2.3697E-08	-7.2435E-09	2.5034E-05	-2.8384E-06
-2.3612E-08	-7.1504E-09	2.2174E-05	-4.0555E-06
-2.3528E-08	-7.0579E-09	2.1679E-05	-4.8301E-06
-2.3443E-08	-6.9660E-09	2.1634E-05	-6.1947E-06
-2.3359E-08	-6.8748E-09	2.0938E-05	-8.7823E-06
-2.3274E-08	-6.7842E-09	1.9411E-05	-9.5549E-06
-2.3190E-08	-6.6941E-09	1.9281E-05	-1.1802E-05
-2.3106E-08	-6.6047E-09	1.6087E-05	-1.3127E-05
-2.3022E-08	-6.5159E-09	1.5485E-05	-1.2681E-05
-2.2938E-08	-6.4277E-09	1.4324E-05	-1.4497E-05
-2.2854E-08	-6.3401E-09	1.1417E-05	-1.5411E-05
-2.2771E-08	-6.2531E-09	8.0540E-06	-1.3565E-05
-2.2687E-08	-6.1666E-09	8.7334E-06	-1.0776E-05
-2.2604E-08	-6.0808E-09	9.2952E-06	-1.1571E-05
-2.2521E-08	-5.9956E-09	7.9846E-06	-1.1124E-05
-2.2438E-08	-5.9109E-09	8.5368E-06	-1.0105E-05
-2.2355E-08	-5.8268E-09	8.5265E-06	-1.1746E-05
-2.2272E-08	-5.7433E-09	5.4398E-06	-1.0734E-05
-2.2190E-08	-5.6604E-09	6.7986E-06	-8.1421E-06
-2.2107E-08	-5.5781E-09	7.0201E-06	-8.8605E-06
-2.2025E-08	-5.4963E-09	7.5744E-06	-7.4902E-06
-2.1943E-08	-5.4151E-09	8.2389E-06	-8.7487E-06
-2.1860E-08	-5.3345E-09	7.7231E-06	-7.6737E-06
-2.1779E-08	-5.2544E-09	9.7651E-06	-8.7644E-06
-2.1697E-08	-5.1749E-09	7.4425E-06	-1.0570E-05
-2.1615E-08	-5.0960E-09	6.7506E-06	-7.8014E-06
-2.1534E-08	-5.0176E-09	9.4103E-06	-8.7242E-06
-2.1452E-08	-4.9397E-09	7.2546E-06	-1.0647E-05
-2.1371E-08	-4.8625E-09	6.6542E-06	-8.6454E-06
-2.1290E-08	-4.7857E-09	7.4848E-06	-9.0758E-06
-2.1209E-08	-4.7095E-09	6.9283E-06	-9.2538E-06
-2.1128E-08	-4.6339E-09	6.4828E-06	-8.6031E-06
-2.1048E-08	-4.5588E-09	8.1158E-06	-8.3810E-06
-2.0967E-08	-4.4842E-09	6.8164E-06	-1.0745E-05
-2.0887E-08	-4.4102E-09	5.8680E-06	-8.1115E-06
-2.0807E-08	-4.3367E-09	7.8302E-06	-1.0125E-05
-2.0727E-08	-4.2638E-09	4.2310E-06	-9.8957E-06
-2.0647E-08	-4.1913E-09	6.0596E-06	-7.5132E-06
-2.0568E-08	-4.1194E-09	6.2036E-06	-9.3309E-06
-2.0488E-08	-4.0481E-09	5.1736E-06	-8.4430E-06
-2.0409E-08	-3.9772E-09	5.8871E-06	-7.9338E-06
-2.0329E-08	-3.9069E-09	6.1886E-06	-8.4361E-06
-2.0250E-08	-3.8370E-09	5.7591E-06	-8.3743E-06
-2.0172E-08	-3.7677E-09	6.4693E-06	-8.4164E-06
-2.0093E-08	-3.6989E-09	5.7848E-06	-9.6696E-06
-2.0014E-08	-3.6306E-09	4.6644E-06	-8.9659E-06
-1.9936E-08	-3.5628E-09	4.7330E-06	-8.8005E-06
-1.9858E-08	-3.4956E-09	3.7810E-06	-8.4034E-06
-1.9780E-08	-3.4288E-09	4.0038E-06	-7.0380E-06
-1.9702E-08	-3.3625E-09	5.0584E-06	-6.9797E-06
-1.9624E-08	-3.2967E-09	4.7198E-06	-7.6531E-06
-1.9547E-08	-3.2314E-09	4.3762E-06	-6.4153E-06
-1.9469E-08	-3.1666E-09	5.7361E-06	-6.7368E-06
-1.9392E-08	-3.1023E-09	4.8700E-06	-6.6236E-06
-1.9315E-08	-3.0384E-09	6.7994E-06	-6.4205E-06
-1.9238E-08	-2.9751E-09	5.5587E-06	-8.2856E-06
-1.9161E-08	-2.9122E-09	5.6037E-06	-6.9244E-06
-1.9085E-08	-2.8498E-09	5.1167E-06	-7.8006E-06
-1.9008E-08	-2.7879E-09	6.3765E-06	-5.8339E-06
-1.8932E-08	-2.7265E-09	7.4156E-06	-9.9678E-06
-1.8856E-08	-2.6655E-09	3.0593E-06	-9.0678E-06
-1.8780E-08	-2.6050E-09	4.4113E-06	-6.8069E-06
-1.8705E-08	-2.5450E-09	5.4858E-06	-7.4981E-06
-1.8629E-08	-2.4854E-09	4.4967E-06	-9.3171E-06
-1.8554E-08	-2.4263E-09	2.1859E-06	-7.4364E-06
-1.8479E-08	-2.3676E-09	3.1910E-06	-6.0293E-06
-1.8404E-08	-2.3094E-09	3.9718E-06	-4.4719E-06
-1.8329E-08	-2.2517E-09	6.7698E-06	-5.8952E-06
-1.8254E-08	-2.1944E-09	5.1152E-06	-7.3467E-06
-1.8180E-08	-2.1375E-09	5.2020E-06	-7.0113E-06
-1.8105E-08	-2.0811E-09	4.3868E-06	-6.8217E-06
-1.8031E-08	-2.0252E-09	5.3073E-06	-6.5832E-06
-1.7957E-08	-1.9696E-09	4.6732E-06	-6.8844E-06
-1.7884E-08	-1.9146E-09	5.3033E-06	-6.8839E-06
-1.7810E-08	-1.8599E-09	4.2584E-06	-6.9070E-06
-1.7737E-08	-1.8057E-09	5.6846E-06	-6.3051E-06
-1.7664E-08	-1.7519E-09	5.2085E-06	-8.0602E-06
-1.7591E-08	-1.6986E-09	4.1721E-06	-7.9043E-06
-1.7518E-08	-1.6457E-09	3.2570E-06	-7.1232E-06
-1.7445E-08	-1.5932E-09	4.1427E-06	-6.7685E-06
-1.7373E-08	-1.5411E-09	2.3801E-06	-6.6074E-06
-1.7300E-08	-1.4894E-09	4.6236E-06	-3.7728E-06
-1.7228E-08	-1.4382E-09	6.4780E-06	-7.0338E-06
-1.7156E-08	-1.3874E-09	4.2771E-06	-7.7492E-06
-1.7085E-08	-1.3369E-09	3.3611E-06	-7.1074E-06
-1.7013E-08	-1.2869E-09	3.8757E-06	-5.6419E-06
-1.6942E-08	-1.2373E-09	4.8069E-06	-7.3581E-06
-1.6871E-08	-1.1882E-09	2.1689E-06	-6.9949E-06
-1.6800E-08	-1.1394E-09	3.3414E-06	-4.8053E-06
-1.6729E-08	-1.0910E-09	4.0834E-06	-5.8527E-06
-1.6658E-08	-1.0430E-09	3.5988E-06	-5.3813E-06
-1.6588E-08	-9.9539E-10	4.2367E-06	-5.1296E-06
-1.6518E-08	-9.4819E-10	5.0703E-06	-5.3442E-06
-1.6448E-08	-9.0139E-10	4.8430E-06	-7.0930E-06
-1.6378E-08	-8.5497E-10	3.1987E-06	-6.5374E-06
-1.6308E-08	-8.0893E-10	3.0150E-06	-6.3875E-06
-1.6239E-08	-7.6328E-10	2.1276E-06	-4.0634E-06
-1.6169E-08	-7.1802E-10	5.9389E-06	-4.4327E-06
-1.6100E-08	-6.7313E-10	3.2254E-06	-7.0476E-06
-1.6031E-08	-6.2862E-10	3.4431E-06	-3.8584E-06
-1.5962E-08	-5.8449E-10	4.8361E-06	-5.5462E-06
-1.5894E-08	-5.4073E-10	4.0262E-06	-5.6395E-06
-1.5826E-08	-4.9734E-10	3.0472E-06	-6.0628E-06
-1.5757E-08	-4.5432E-10	2.7607E-06	-3.8232E-06
-1.5689E-08	-4.1167E-10	4.4391E-06	-4.1981E-06
-1.5622E-08	-3.6938E-10	4.4401E-06	-4.3190E-06
-1.5554E-08	-3.2746E-10	4.6369E-06	-5.3437E-06
-1.5487E-08	-2.8589E-10	3.6746E-06	-4.5474E-06
-1.5419E-08	-2.4469E-10	4.8727E-06	-5.1989E-06
-1.5352E-08	-2.0383E-10	2.5675E-06	-5.4412E-06
-1.5286E-08	-1.6334E-10	3.3505E-06	-3.0384E-06
-1.5219E-08	-1.2319E-10	4.4102E-06	-3.7105E-06
-1.5153E-08	-8.3394E-11	4.6407E-06	-3.5143E-06
-1.5086E-08	-4.3945E-11	4.8297E-06	-4.4674E-06
-1.5020E-08	-4.8417E-12	3.7015E-06	-3.8432E-06
-1.4954E-08	3.3919E-11	4.4164E-06	-2.8554E-06
-1.4889E-08	7.2338E-11	5.3752E-06	-2.2631E-06
-1.4823E-08	1.1042E-10	7.4218E-06	-3.7203E-06
-1.4758E-08	1.4816E-10	5.0469E-06	-5.5562E-06
-1.4693E-08	1.8557E-10	5.1576E-06	-2.8515E-06
-1.4628E-08	2.2264E-10	6.6644E-06	-4.7839E-06
-1.4563E-08	2.5939E-10	4.5475E-06	-4.1810E-06
-1.4499E-08	2.9580E-10	6.4013E-06	-3.0236E-06
-1.4434E-08	3.3189E-10	6.8473E-06	-4.5664E-06
-1.4370E-08	3.6766E-10	5.9931E-06	-4.8482E-06
-1.4306E-08	4.0310E-10	6.0209E-06	-3.9941E-06
-1.4242E-08	4.3822E-10	6.8264E-06	-4.4127E-06
-1.4179E-08	4.7302E-10	7.0602E-06	-4.1326E-06
-1.4115E-08	5.0750E-10	8.3669E-06	-6.2861E-06
-1.4052E-08	5.4167E-10	4.8755E-06	-6.5641E-06
-1.3989E-08	5.7552E-10	7.1360E-06	-4.1877E-06
-1.3926E-08	6.0907E-10	6.8995E-06	-7.4036E-06
-1.3864E-08	6.4230E-10	5.6303E-06	-6.0853E-06
-1.3801E-08	6.7523E-10	5.3888E-06	-6.9794E-06
-1.3739E-08	7.0785E-10	4.9591E-06	-5.0127E-06
-1.3677E-08	7.4017E-10	6.2446E-06	-6.3112E-06
-1.3615E-08	7.7219E-10	5.4220E-06	-5.6500E-06
-1.3553E-08	8.0391E-10	6.1585E-06	-7.4917E-06
-1.3492E-08	8.3533E-10	3.2074E-06	-6.1619E-06
-1.3431E-08	8.6645E-10	5.6303E-06	-5.4195E-06
-1.3369E-08	8.9728E-10	3.8098E-06	-6.2301E-06
-1.3309E-08	9.2782E-10	5.0397E-06	-4.6852E-06
-1.3248E-08	9.5806E-10	4.6501E-06	-5.7066E-06
-1.3187E-08	9.8802E-10	5.1297E-06	-4.9731E-06
-1.3127E-08	1.0177E-09	4.4251E-06	-5.4984E-06
-1.3067E-08	1.0471E-09	5.4377E-06	-4.3426E-06
-1.3007E-08	1.0762E-09	4.8968E-06	-6.1394E-06
-1.2947E-08	1.1050E-09	3.8770E-06	-3.8034E-06
-1.2887E-08	1.1335E-09	6.1697E-06	-3.3661E-06
-1.2828E-08	1.1618E-09	7.2677E-06	-4.5559E-06
-1.2769E-08	1.1898E-09	6.4528E-06	-6.1230E-06
-1.2710E-08	1.2175E-09	6.0160E-06	-4.8690E-06
-1.2651E-08	1.2449E-09	7.1629E-06	-6.2141E-06
-1.2592E-08	1.2721E-09	5.1218E-06	-6.0940E-06
-1.2534E-08	1.2990E-09	6.6873E-06	-4.4190E-06
-1.2476E-08	1.3256E-09	8.2319E-06	-6.2621E-06
-1.2418E-08	1.3520E-09	7.4544E-06	-8.2512E-06
-1.2360E-08	1.3781E-09	5.3969E-06	-8.7058E-06
-1.2302E-08	1.4039E-09	4.7100E-06	-7.5692E-06
-1.2244E-08	1.4295E-09	4.5693E-06	-7.3429E-06
-1.2187E-08	1.4548E-09	5.0039E-06	-6.7055E-06
-1.2130E-08	1.4799E-09	4.8484E-06	-8.3278E-06
-1.2073E-08	1.5047E-09	2.5915E-06	-6.7232E-06
-1.2016E-08	1.5292E-09	4.9219E-06	-5.6158E-06
-1.1960E-08	1.5535E-09	4.2322E-06	-7.1697E-06
-1.1903E-08	1.5776E-09	4.0132E-06	-6.0467E-06
-1.1847E-08	1.6014E-09	4.3567E-06	-6.0380E-06
-1.1791E-08	1.6249E-09	5.2959E-06	-6.4281E-06
-1.1735E-08	1.6482E-09	3.4520E-06	-7.4584E-06
-1.1679E-08	1.6712E-09	4.3069E-06	-4.7140E-06
-1.1624E-08	1.6941E-09	5.8950E-06	-7.6941E-06
-1.1569E-08	1.7166E-09	3.0185E-06	-7.3626E-06
-1.1514E-08	1.7389E-09	3.8555E-06	-6.6398E-06
-1.1459E-08	1.7610E-09	2.7974E-06	-6.4582E-06
-1.1404E-08	1.7829E-09	4.0012E-06	-5.2366E-06
-1.1349E-08	1.8045E-09	4.8993E-06	-6.7653E-06
-1.1295E-08	1.8259E-09	3.2651E-06	-7.9891E-06
-1.1241E-08	1.8470E-09	1.6484E-06	-6.3503E-06
-1.1187E-08	1.8679E-09	2.8376E-06	-5.1758E-06
-1.1133E-08	1.8886E-09	3.1395E-06	-5.9596E-06
-1.1079E-08	1.9091E-09	1.6976E-06	-5.8228E-06
-1.1026E-08	1.9293E-09	1.9219E-06	-3.0780E-06
-1.0973E-08	1.9493E-09	4.8072E-06	-3.5236E-06
-1.0920E-08	1.9691E-09	4.2185E-06	-4.8641E-06
-1.0867E-08	1.9886E-09	4.3138E-06	-4.5366E-06
-1.0814E-08	2.0080E-09	4.4752E-06	-4.5381E-06
-1.0761E-08	2.0271E-09	4.8966E-06	-5.0787E-06
-1.0709E-08	2.0460E-09	4.2118E-06	-4.4519E-06
-1.0657E-08	2.0647E-09	6.6047E-06	-4.7614E-06
-1.0605E-08	2.0831E-09	4.9745E-06	-7.2718E-06
-1.0553E-08	2.1014E-09	4.3048E-06	-5.6612E-06
-1.0501E-08	2.1194E-09	4.5624E-06	-6.5072E-06
-1.0450E-08	2.1373E-09	4.0385E-06	-5.7464E-06
-1.0399E-08	2.1549E-09	4.7757E-06	-6.2627E-06
-1.0347E-08	2.1723E-09	4.0516E-06	-6.9837E-06
-1.0297E-08	2.1895E-09	2.7904E-06	-6.6561E-06
-1.0246E-08	2.2065E-09	3.0172E-06	-5.3840E-06
-1.0195E-08	2.2233E-09	3.1575E-06	-5.6254E-06
-1.0145E-08	2.2399E-09	3.2639E-06	-4.8559E-06
-1.0095E-08	2.2562E-09	3.4331E-06	-5.0912E-06
-1.0045E-08	2.2724E-09	3.9686E-06	-4.1642E-06
-9.9947E-09	2.2884E-09	4.7086E-06	-5.6895E-06
-9.9451E-09	2.3042E-09	3.0164E-06	-5.2422E-06
-9.8955E-09	2.3198E-09	3.8806E-06	-3.8759E-06
-9.8462E-09	2.3352E-09	5.3102E-06	-4.0162E-06
-9.7971E-09	2.3504E-09	5.5954E-06	-5.4211E-06
-9.7481E-09	2.3654E-09	5.4669E-06	-5.0520E-06
-9.6993E-09	2.3802E-09	6.5571E-06	-7.0276E-06
-9.6506E-09	2.3948E-09	3.4736E-06	-7.8425E-06
-9.6022E-09	2.4093E-09	3.5092E-06	-5.3735E-06
-9.5539E-09	2.4235E-09	4.7600E-06	-5.7410E-06
-9.5058E-09	2.4376E-09	4.8817E-06	-6.2643E-06
-9.4579E-09	2.4515E-09	4.6850E-06	-7.0929E-06
-9.4101E-09	2.4652E-09	3.6118E-06	-7.1756E-06
-9.3625E-09	2.4787E-09	3.4295E-06	-6.4374E-06
-9.3151E-09	2.4920E-09	3.7659E-06	-6.4880E-06
-9.2679E-09	2.5051E-09	3.1734E-06	-6.8519E-06
-9.2208E-09	2.5181E-09	2.7493E-06	-5.3408E-06
-9.1739E-09	2.5309E-09	5.1986E-06	-5.7256E-06
-9.1272E-09	2.5435E-09	3.4334E-06	-7.9828E-06
-9.0806E-09	2.5560E-09	2.9024E-06	-6.0318E-06
-9.0343E-09	2.5682E-09	3.1180E-06	-7.0131E-06
-8.9881E-09	2.5803E-09	2.7519E-06	-5.6144E-06
-8.9420E-09	2.5922E-09	3.3106E-06	-7.0228E-06
-8.8961E-09	2.6040E-09	1.6443E-06	-5.1489E-06
-8.8505E-09	2.6156E-09	4.5716E-06	-4.9684E-06
-8.8049E-09	2.6270E-09	4.0888E-06	-6.8042E-06
-8.7596E-09	2.6382E-09	3.1771E-06	-7.5372E-06
-8.7144E-09	2.6493E-09	1.6090E-06	-5.7841E-06
-8.6694E-09	2.6602E-09	4.5565E-06	-5.5884E-06
-8.6245E-09	2.6709E-09	2.7422E-06	-8.1906E-06
-8.5798E-09	2.6815E-09	1.5346E-06	-6.0379E-06
-8.5353E-09	2.6919E-09	2.8400E-06	-5.5380E-06
-8.4910E-09	2.7022E-09	3.6650E-06	-6.7616E-06
-8.4468E-09	2.7123E-09	1.7004E-06	-7.9229E-06
-8.4028E-09	2.7223E-09	7.5747E-07	-5.9157E-06
-8.3589E-09	2.7320E-09	1.8267E-06	-5.4111E-06
-8.3152E-09	2.7417E-09	1.9716E-06	-5.8304E-06
-8.2717E-09	2.7512E-09	1.3149E-06	-5.6041E-06
-8.2284E-09	2.7605E-09	2.0246E-06	-4.6680E-06
-8.1852E-09	2.7696E-09	2.4561E-06	-5.9292E-06
-8.1422E-09	2.7787E-09	8.0212E-07	-5.2875E-06
-8.0993E-09	2.7875E-09	2.3144E-06	-3.8762E-06
-8.0566E-09	2.7963E-09	2.6508E-06	-5.5067E-06
-8.0141E-09	2.8048E-09	1.5439E-06	-4.6836E-06
-7.9717E-09	2.8132E-09	2.6046E-06	-3.9442E-06
-7.9295E-09	2.8215E-09	3.7224E-06	-4.4781E-06
-7.8875E-09	2.8296E-09	3.4419E-06	-6.0394E-06
-7.8456E-09	2.8376E-09	2.5311E-06	-5.5982E-06
-7.8039E-09	2.8455E-09	2.5827E-06	-6.0327E-06
-7.7624E-09	2.8532E-09	1.9108E-06	-4.9377E-06
-7.7210E-09	2.8607E-09	3.6698E-06	-5.6544E-06
-7.6797E-09	2.8682E-09	1.6612E-06	-6.6310E-06
-7.6387E-09	2.8754E-09	2.3882E-06	-4.8648E-06
-7.5978E-09	2.8826E-09	3.0835E-06	-7.1633E-06
-7.5570E-09	2.8896E-09	-2.3784E-08	-7.1197E-06
-7.5165E-09	2.8964E-09	6.7393E-07	-4.4885E-06
-7.4760E-09	2.9032E-09	1.4049E-06	-6.2371E-06
-7.4358E-09	2.9098E-09	-1.0044E-06	-4.9492E-06
-7.3957E-09	2.9162E-09	5.6485E-07	-3.0803E-06
-7.3557E-09	2.9226E-09	1.3666E-06	-3.3822E-06
-7.3159E-09	2.9288E-09	1.7055E-06	-3.5669E-06
-7.2763E-09	2.9348E-09	1.8700E-06	-3.1065E-06
-7.2368E-09	2.9408E-09	2.8200E-06	-3.5894E-06
-7.1975E-09	2.9466E-09	2.8766E-06	-3.6246E-06
-7.1583E-09	2.9523E-09	3.4816E-06	-5.3281E-06
-7.1193E-09	2.9579E-09	7.2137E-07	-4.6960E-06
-7.0805E-09	2.9633E-09	3.0473E-06	-2.9409E-06
-7.0418E-09	2.9686E-09	2.8592E-06	-5.0828E-06
-7.0033E-09	2.9738E-09	2.4916E-06	-4.0322E-06
-6.9649E-09	2.9789E-09	3.3331E-06	-4.9967E-06
-6.9267E-09	2.9838E-09	2.0142E-06	-5.8213E-06
-6.8886E-09	2.9886E-09	1.0504E-06	-4.1678E-06
-6.8507E-09	2.9933E-09	3.0466E-06	-3.7373E-06
-6.8129E-09	2.9979E-09	2.8584E-06	-5.1455E-06
-6.7753E-09	3.0024E-09	2.8336E-06	-5.5486E-06
-6.7379E-09	3.0067E-09	1.1026E-06	-6.4698E-06
-6.7006E-09	3.0110E-09	1.1860E-07	-4.4882E-06
-6.6634E-09	3.0151E-09	7.8907E-07	-3.6919E-06
-6.6264E-09	3.0191E-09	1.5472E-06	-2.7185E-06
-6.5896E-09	3.0230E-09	3.4839E-06	-3.5735E-06
-6.5529E-09	3.0267E-09	2.1844E-06	-5.5620E-06
-6.5163E-09	3.0304E-09	1.2988E-06	-3.6131E-06
-6.4799E-09	3.0340E-09	3.0325E-06	-4.7207E-06
-6.4437E-09	3.0374E-09	5.8786E-07	-4.8656E-06
-6.4076E-09	3.0407E-09	2.0631E-06	-2.9102E-06
-6.3717E-09	3.0440E-09	2.7917E-06	-4.6116E-06
-6.3359E-09	3.0471E-09	1.6037E-06	-5.0756E-06
-6.3002E-09	3.0501E-09	8.6678E-07	-3.7926E-06
-6.2647E-09	3.0530E-09	2.3413E-06	-3.6855E-06
-6.2294E-09	3.0558E-09	1.4894E-06	-4.1000E-06
-6.1942E-09	3.0585E-09	2.7689E-06	-3.7824E-06
-6.1591E-09	3.0611E-09	1.3886E-06	-5.5085E-06
-6.1242E-09	3.0636E-09	4.6891E-07	-3.5593E-06
-6.0895E-09	3.0660E-09	1.2716E-06	-2.8859E-06
-6.0548E-09	3.0683E-09	2.7376E-06	-2.7337E-06
-6.0204E-09	3.0705E-09	2.4963E-06	-4.5023E-06
-5.9861E-09	3.0726E-09	1.7069E-06	-3.6294E-06
-5.9519E-09	3.0746E-09	2.3832E-06	-3.9700E-06
-5.9178E-09	3.0765E-09	1.7644E-06	-4.1342E-06
-5.8840E-09	3.0783E-09	1.8529E-06	-3.6609E-06
-5.8502E-09	3.0800E-09	2.3239E-06	-4.1590E-06
-5.8166E-09	3.0816E-09	1.0711E-06	-4.5376E-06
-5.7831E-09	3.0831E-09	1.0586E-06	-2.8170E-06
-5.7498E-09	3.0845E-09	2.7222E-06	-3.1522E-06
-5.7167E-09	3.0859E-09	2.1446E-06	-4.7238E-06
-5.6836E-09	3.0871E-09	6.5495E-07	-3.9679E-06
-5.6507E-09	3.0883E-09	1.0856E-06	-2.9635E-06
-5.6180E-09	3.0893E-09	1.5346E-06	-2.4437E-06
-5.5854E-09	3.0903E-09	2.5080E-06	-2.9473E-06
-5.5529E-09	3.0912E-09	1.7813E-06	-3.0443E-06
-5.5206E-09	3.0920E-09	2.5807E-06	-2.7592E-06
-5.4884E-09	3.0927E-09	2.4177E-06	-2.7816E-06
-5.4564E-09	3.0933E-09	3.8904E-06	-3.2922E-06
-5.4244E-09	3.0938E-09	2.5406E-06	-4.6464E-06
-5.3927E-09	3.0943E-09	2.6577E-06	-4.1776E-06
-5.3610E-09	3.0946E-09	1.3724E-06	-4.5457E-06
-5.3296E-09	3.0949E-09	2.4269E-06	-3.6278E-06
-5.2982E-09	3.0951E-09	5.1948E-07	-5.1485E-06
-5.2670E-09	3.0952E-09	8.6941E-07	-1.3693E-06
-5.2359E-09	3.0953E-09	3.2526E-06	-3.7742E-06
-5.2049E-09	3.0952E-09	8.6344E-07	-3.3463E-06
-5.1741E-09	3.0951E-09	2.7018E-06	-2.3110E-06
-5.1435E-09	3.0949E-09	2.8066E-06	-4.0080E-06
-5.1129E-09	3.0946E-09	1.5680E-06	-3.6659E-06
-5.0825E-09	3.0942E-09	2.4433E-06	-3.0707E-06
-5.0522E-09	3.0938E-09	2.0622E-06	-3.9216E-06
-5.0221E-09	3.0933E-09	2.4147E-06	-3.2141E-06
-4.9921E-09	3.0927E-09	2.1589E-06	-4.8734E-06
-4.9622E-09	3.0920E-09	4.6958E-07	-3.5791E-06
-4.9325E-09	3.0913E-09	1.4996E-06	-2.7660E-06
-4.9029E-09	3.0905E-09	1.8630E-06	-2.7097E-06
-4.8734E-09	3.0896E-09	2.5464E-06	-3.4345E-06
-4.8441E-09	3.0886E-09	1.1825E-06	-4.0335E-06
-4.8149E-09	3.0876E-09	1.0409E-06	-2.2403E-06
-4.7858E-09	3.0865E-09	2.6270E-06	-2.9002E-06
-4.7568E-09	3.0853E-09	1.2341E-06	-3.4274E-06
-4.7280E-09	3.0841E-09	1.7800E-06	-2.2994E-06
-4.6993E-09	3.0828E-09	1.8365E-06	-2.7179E-06
-4.6708E-09	3.0814E-09	2.2227E-06	-2.3408E-06
-4.6423E-09	3.0800E-09	2.2325E-06	-2.3297E-06
-4.6140E-09	3.0785E-09	3.8140E-06	-2.9138E-06
-4.5859E-09	3.0769E-09	1.3163E-06	-4.7021E-06
-4.5578E-09	3.0752E-09	1.7358E-06	-1.4362E-06
-4.5299E-09	3.0735E-09	2.9440E-06	-3.8794E-06
-4.5021E-09	3.0717E-09	1.1019E-06	-2.3436E-06
-4.4744E-09	3.0699E-09	3.2358E-06	-2.2997E-06
-4.4469E-09	3.0680E-09	2.9418E-06	-3.5517E-06
-4.4195E-09	3.0660E-09	1.7192E-06	-3.8818E-06
-4.3922E-09	3.0640E-09	2.0724E-06	-2.2152E-06
-4.3650E-09	3.0619E-09	2.4907E-06	-4.1867E-06
-4.3380E-09	3.0598E-09	4.7124E-07	-2.1541E-06
-4.3111E-09	3.0576E-09	3.1745E-06	-1.8379E-06
-4.2843E-09	3.0553E-09	2.6156E-06	-2.6599E-06
-4.2576E-09	3.0530E-09	3.6015E-06	-3.0428E-06
-4.2311E-09	3.0506E-09	2.6244E-06	-3.9584E-06
-4.2047E-09	3.0481E-09	2.2008E-06	-4.2820E-06
-4.1784E-09	3.0456E-09	3.3065E-07	-3.0128E-06
-4.1522E-09	3.0431E-09	2.9652E-06	-1.5229E-06
-4.1261E-09	3.0404E-09	2.5886E-06	-4.3419E-06
-4.1002E-09	3.0378E-09	6.4695E-07	-2.4983E-06
-4.0744E-09	3.0350E-09	2.9094E-06	-1.2781E-06
-4.0487E-09	3.0323E-09	3.7736E-06	-3.3266E-06
-4.0231E-09	3.0294E-09	2.6583E-06	-3.6979E-06
-3.9977E-09	3.0265E-09	2.6456E-06	-4.3256E-06
-3.9723E-09	3.0236E-09	6.8226E-07	-3.9717E-06
-3.9471E-09	3.0206E-09	1.5067E-06	-2.4990E-06
-3.9220E-09	3.0175E-09	1.2673E-06	-2.8693E-06
-3.8970E-09	3.0144E-09	1.9173E-06	-1.7649E-06
-3.8722E-09	3.0113E-09	2.3665E-06	-2.5101E-06
-3.8474E-09	3.0081E-09	2.7831E-06	-2.1857E-06
-3.8228E-09	3.0048E-09	3.0474E-06	-3.6659E-06
-3.7983E-09	3.0015E-09	1.4276E-06	-3.9947E-06
-3.7739E-09	2.9982E-09	6.4257E-08	-2.2304E-06
-3.7496E-09	2.9948E-09	2.6838E-06	-3.0328E-08
-3.7254E-09	2.9914E-09	4.1151E-06	-2.8944E-06
-3.7014E-09	2.9879E-09	3.0812E-06	-2.9040E-06
-3.6774E-09	2.9843E-09	3.0829E-06	-4.5353E-06
-3.6536E-09	2.9807E-09	6.9792E-07	-3.3022E-06
-3.6299E-09	2.9771E-09	2.2893E-06	-2.4393E-06
-3.6063E-09	2.9734E-09	1.7679E-06	-3.0724E-06
-3.5828E-09	2.9697E-09	1.4500E-06	-2.6313E-06
-3.5595E-09	2.9660E-09	1.8322E-06	-1.2904E-06
-3.5362E-09	2.9621E-09	3.3967E-06	-2.7227E-06
-3.5131E-09	2.9583E-09	1.4267E-06	-2.4679E-06
-3.4900E-09	2.9544E-09	3.2274E-06	-1.9043E-06
-3.4671E-09	2.9505E-09	2.1509E-06	-2.6206E-06
-3.4443E-09	2.9465E-09	3.5287E-06	-1.9238E-06
-3.4216E-09	2.9425E-09	2.8267E-06	-3.3395E-06
-3.3990E-09	2.9384E-09	3.0492E-06	-2.6389E-06
-3.3765E-09	2.9343E-09	2.7528E-06	-3.4630E-06
-3.3541E-09	2.9302E-09	2.5879E-06	-3.3285E-06
-3.3319E-09	2.9260E-09	1.8649E-06	-3.0514E-06
-3.3097E-09	2.9218E-09	2.8180E-06	-3.1770E-06
-3.2877E-09	2.9175E-09	5.9140E-07	-3.0218E-06
-3.2657E-09	2.9132E-09	3.2070E-06	-6.0166E-07
-3.2439E-09	2.9089E-09	3.5114E-06	-3.4874E-06
-3.2222E-09	2.9045E-09	3.3607E-06	-2.7109E-06
-3.2005E-09	2.9001E-09	2.8116E-06	-4.5070E-06
-3.1790E-09	2.8957E-09	2.3096E-06	-3.2018E-06
-3.1576E-09	2.8912E-09	1.8788E-06	-4.5179E-06
-3.1363E-09	2.8867E-09	1.3031E-06	-2.5997E-06
-3.1151E-09	2.8821E-09	1.8248E-06	-3.7639E-06
-3.0940E-09	2.8775E-09	9.2404E-07	-2.2426E-06
-3.0730E-09	2.8729E-09	1.7191E-06	-2.8001E-06
-3.0522E-09	2.8682E-09	1.2856E-06	-1.1951E-06
-3.0314E-09	2.8636E-09	3.4061E-06	-2.1880E-06
-3.0107E-09	2.8588E-09	2.2066E-06	-2.7075E-06
-2.9901E-09	2.8541E-09	2.6697E-06	-2.7524E-06
-2.9696E-09	2.8493E-09	1.8941E-06	-2.7735E-06
-2.9493E-09	2.8445E-09	2.1132E-06	-2.1530E-06
-2.9290E-09	2.8396E-09	2.9465E-06	-2.0939E-06
-2.9088E-09	2.8347E-09	2.4573E-06	-3.1536E-06
-2.8888E-09	2.8298E-09	2.6976E-06	-1.5782E-06
-2.8688E-09	2.8249E-09	3.9716E-06	-3.7681E-06
-2.8489E-09	2.8199E-09	2.0221E-06	-3.4429E-06
-2.8292E-09	2.8149E-09	2.7957E-06	-4.1435E-06
-2.8095E-09	2.8099E-09	2.5591E-07	-3.4040E-06
-2.7899E-09	2.8048E-09	2.2830E-06	-1.8205E-06
-2.7705E-09	2.7997E-09	1.9157E-06	-3.2678E-06
-2.7511E-09	2.7946E-09	1.8002E-06	-2.2785E-06
-2.7318E-09	2.7895E-09	2.3553E-06	-2.8180E-06
-2.7127E-09	2.7843E-09	1.3637E-06	-3.1420E-06
-2.6936E-09	2.7791E-09	1.2177E-06	-1.1534E-06
-2.6746E-09	2.7739E-09	3.9231E-06	-1.6951E-06
-2.6557E-09	2.7687E-09	2.8765E-06	-3.7890E-06
-2.6369E-09	2.7634E-09	2.1934E-06	-3.2399E-06
-2.6182E-09	2.7581E-09	1.9396E-06	-3.5475E-06
-2.5996E-09	2.7528E-09	1.3415E-06	-3.3797E-06
-2.5811E-09	2.7474E-09	6.7584E-07	-2.8248E-06
-2.5627E-09	2.7420E-09	9.2501E-07	-1.6295E-06
-2.5444E-09	2.7366E-09	1.9385E-06	-1.3393E-06
-2.5262E-09	2.7312E-09	2.6998E-06	-1.7954E-06
-2.5081E-09	2.7258E-09	2.8683E-06	-3.0281E-06
-2.4900E-09	2.7203E-09	6.9427E-07	-3.5578E-06
-2.4721E-09	2.7148E-09	5.7254E-07	-3.2676E-07
-2.4543E-09	2.7093E-09	3.6399E-06	-1.2729E-06
-2.4365E-09	2.7038E-09	2.0258E-06	-2.5179E-06
-2.4189E-09	2.6982E-09	2.7764E-06	-1.3392E-06
-2.4013E-09	2.6926E-09	3.1507E-06	-2.6546E-06
-2.3838E-09	2.6870E-09	2.4293E-06	-2.9612E-06
-2.3664E-09	2.6814E-09	1.5761E-06	-2.6098E-06
-2.3491E-09	2.6758E-09	2.2783E-06	-1.5621E-06
-2.3319E-09	2.6701E-09	2.9023E-06	-2.7877E-06
-2.3148E-09	2.6644E-09	1.3426E-06	-2.9540E-06
-2.2978E-09	2.6587E-09	1.3858E-06	-1.2580E-06
-2.2808E-09	2.6530E-09	2.6164E-06	-1.5158E-06
-2.2640E-09	2.6473E-09	2.2777E-06	-1.2649E-06
-2.2472E-09	2.6415E-09	4.2213E-06	-1.6026E-06
-2.2306E-09	2.6358E-09	2.5470E-06	-3.7758E-06
-2.2140E-09	2.6300E-09	2.0638E-06	-1.3258E-06
-2.1975E-09	2.6242E-09	3.8584E-06	-2.8144E-06
-2.1811E-09	2.6183E-09	1.9608E-06	-3.2821E-06
-2.1648E-09	2.6125E-09	2.1127E-06	-2.4511E-06
-2.1485E-09	2.6067E-09	1.8669E-06	-2.4299E-06
-2.1324E-09	2.6008E-09	1.7593E-06	-1.7505E-06
-2.1163E-09	2.5949E-09	2.8506E-06	-8.9062E-07
-2.1003E-09	2.5890E-09	4.0338E-06	-2.6198E-06
-2.0845E-09	2.5831E-09	2.2502E-06	-3.0673E-06
-2.0687E-09	2.5771E-09	2.6264E-06	-2.1258E-06
-2.0529E-09	2.5712E-09	2.9480E-06	-2.4110E-06
-2.0373E-09	2.5652E-09	2.9841E-06	-3.1549E-06
-2.0217E-09	2.5592E-09	1.8759E-06	-2.5963E-06
-2.0063E-09	2.5532E-09	3.3691E-06	-2.5759E-06
-1.9909E-09	2.5472E-09	1.6671E-06	-3.8685E-06
-1.9756E-09	2.5412E-09	1.3952E-06	-1.8103E-06
-1.9604E-09	2.5352E-09	2.5192E-06	-1.4707E-06
-1.9452E-09	2.5291E-09	4.3336E-06	-2.5762E-06
-1.9302E-09	2.5231E-09	1.5587E-06	-5.0880E-06
-1.9152E-09	2.5170E-09	6.3215E-07	-1.0653E-06
-1.9003E-09	2.5109E-09	3.5854E-06	-2.4886E-06
-1.8855E-09	2.5048E-09	1.4980E-06	-3.0758E-06
-1.8707E-09	2.4987E-09	2.3580E-06	-2.3387E-06
-1.8561E-09	2.4926E-09	1.1372E-06	-3.2450E-06
-1.8415E-09	2.4865E-09	6.6272E-07	-3.6617E-07
-1.8270E-09	2.4803E-09	4.7402E-06	-5.4317E-07
-1.8126E-09	2.4742E-09	3.3280E-06	-4.7989E-06
-1.7983E-09	2.4680E-09	5.1513E-07	-2.0780E-06
-1.7840E-09	2.4618E-09	3.4293E-06	-1.6406E-06
-1.7699E-09	2.4557E-09	2.1803E-06	-3.3508E-06
-1.7558E-09	2.4495E-09	2.1680E-06	-1.9456E-06
-1.7417E-09	2.4433E-09	2.6817E-06	-3.1946E-06
-1.7278E-09	2.4371E-09	9.5171E-07	-2.6487E-06
-1.7139E-09	2.4308E-09	2.1292E-06	-1.2013E-06
-1.7001E-09	2.4246E-09	2.8574E-06	-2.3069E-06
-1.6864E-09	2.4184E-09	2.3682E-06	-2.4434E-06
-1.6728E-09	2.4121E-09	2.4556E-06	-2.5902E-06
-1.6592E-09	2.4059E-09	1.9532E-06	-2.7290E-06
-1.6457E-09	2.3996E-09	1.9962E-06	-2.0715E-06
-1.6323E-09	2.3934E-09	2.4818E-06	-2.8258E-06
-1.6190E-09	2.3871E-09	9.9939E-07	-2.5857E-06
-1.6057E-09	2.3808E-09	1.8600E-06	-1.5057E-06
-1.5925E-09	2.3745E-09	1.5075E-06	-1.6619E-06
-1.5794E-09	2.3682E-09	3.2001E-06	-6.0984E-07
-1.5664E-09	2.3619E-09	3.2127E-06	-3.3461E-06
-1.5534E-09	2.3556E-09	1.4513E-06	-1.9259E-06
-1.5405E-09	2.3493E-09	2.9328E-06	-1.9690E-06
-1.5277E-09	2.3430E-09	2.0070E-06	-2.2657E-06
-1.5150E-09	2.3367E-09	2.9636E-06	-1.4973E-06
-1.5023E-09	2.3304E-09	3.2193E-06	-3.3947E-06
-1.4897E-09	2.3240E-09	7.3878E-07	-2.7060E-06
-1.4772E-09	2.3177E-09	2.7400E-06	-7.3897E-07
-1.4647E-09	2.3113E-09	2.9205E-06	-3.0502E-06
-1.4523E-09	2.3050E-09	2.2314E-06	-1.8459E-06
-1.4400E-09	2.2986E-09	2.8214E-06	-3.1640E-06
-1.4277E-09	2.2923E-09	1.3678E-06	-2.1233E-06
-1.4156E-09	2.2859E-09	2.8467E-06	-2.1753E-06
-1.4035E-09	2.2796E-09	1.7890E-06	-2.7119E-06
-1.3914E-09	2.2732E-09	1.8689E-06	-1.9052E-06
-1.3794E-09	2.2668E-09	2.3961E-06	-1.6273E-06
-1.3675E-09	2.2605E-09	2.9050E-06	-2.5598E-06
-1.3557E-09	2.2541E-09	1.6688E-06	-2.5421E-06
-1.3440E-09	2.2477E-09	2.2074E-06	-1.6709E-06
-1.3323E-09	2.2413E-09	2.5785E-06	-2.1223E-06
-1.3206E-09	2.2350E-09	2.4305E-06	-2.2868E-06
-1.3091E-09	2.2286E-09	2.4771E-06	-2.2984E-06
-1.2976E-09	2.2222E-09	2.2780E-06	-2.6988E-06
-1.2861E-09	2.2158E-09	1.6912E-06	-2.3400E-06
-1.2748E-09	2.2094E-09	1.7959E-06	-1.7253E-06
-1.2635E-09	2.2030E-09	2.5903E-06	-1.2196E-06
-1.2523E-09	2.1966E-09	3.6294E-06	-2.1870E-06
-1.2411E-09	2.1902E-09	2.8857E-06	-3.5858E-06
-1.2300E-09	2.1838E-09	1.2757E-06	-3.3028E-06
-1.2190E-09	2.1774E-09	1.1488E-06	-1.9344E-06
-1.2080E-09	2.1710E-09	1.9213E-06	-1.1764E-06
-1.1971E-09	2.1647E-09	3.5147E-06	-1.9271E-06
-1.1863E-09	2.1583E-09	1.9985E-06	-3.4982E-06
-1.1755E-09	2.1519E-09	1.8433E-06	-1.9693E-06
-1.1648E-09	2.1455E-09	1.4638E-06	-3.0962E-06
-1.1541E-09	2.1391E-09	9.4673E-07	-3.7727E-07
-1.1436E-09	2.1327E-09	4.0478E-06	-1.6214E-06
-1.1330E-09	2.1263E-09	2.0667E-06	-3.2025E-06
-1.1226E-09	2.1199E-09	1.8948E-06	-1.8813E-06
-1.1122E-09	2.1135E-09	2.6173E-06	-2.2133E-06
-1.1019E-09	2.1071E-09	1.8924E-06	-2.9165E-06
-1.0916E-09	2.1007E-09	1.4620E-06	-1.8591E-06
-1.0814E-09	2.0943E-09	2.0030E-06	-1.9418E-06
-1.0712E-09	2.0880E-09	2.1602E-06	-1.6554E-06
-1.0611E-09	2.0816E-09	2.0647E-06	-2.5810E-06
-1.0511E-09	2.0752E-09	1.2197E-06	-1.1422E-06
-1.0411E-09	2.0688E-09	3.0149E-06	-1.2283E-06
-1.0312E-09	2.0624E-09	2.6488E-06	-1.9217E-06
-1.0214E-09	2.0561E-09	2.8371E-06	-2.2355E-06
-1.0116E-09	2.0497E-09	2.1661E-06	-2.2121E-06
-1.0019E-09	2.0433E-09	2.4492E-06	-1.7240E-06
-9.9221E-10	2.0369E-09	3.4655E-06	-1.8340E-06
-9.8260E-10	2.0306E-09	2.8715E-06	-3.9082E-06
-9.7305E-10	2.0242E-09	1.3299E-06	-1.9860E-06
-9.6356E-10	2.0179E-09	3.6946E-06	-3.0818E-06
-9.5412E-10	2.0115E-09	4.0368E-07	-4.1369E-06
-9.4475E-10	2.0051E-09	7.4670E-07	-1.1388E-06
-9.3543E-10	1.9988E-09	2.1618E-06	-1.2952E-06
-9.2616E-10	1.9925E-09	3.1133E-06	-1.9039E-06
-9.1696E-10	1.9861E-09	2.5833E-06	-3.3937E-06
-9.0781E-10	1.9798E-09	1.2871E-06	-3.2571E-06
-8.9872E-10	1.9734E-09	8.9677E-07	-2.3435E-06
-8.8968E-10	1.9671E-09	1.3204E-06	-1.9272E-06
-8.8070E-10	1.9608E-09	1.6531E-06	-2.0420E-06
-8.7178E-10	1.9545E-09	9.1554E-07	-2.5967E-06
-8.6291E-10	1.9482E-09	5.1839E-07	-6.4459E-07
-8.5410E-10	1.9419E-09	2.6650E-06	-1.1615E-06
-8.4534E-10	1.9355E-09	1.5502E-06	-2.0655E-06
-8.3664E-10	1.9292E-09	1.6523E-06	-1.4253E-06
-8.2799E-10	1.9230E-09	1.7581E-06	-1.2528E-06
-8.1939E-10	1.9167E-09	2.2521E-06	-1.6730E-06
-8.1085E-10	1.9104E-09	1.6650E-06	-1.5102E-06
-8.0236E-10	1.9041E-09	2.2360E-06	-1.9482E-06
-7.9393E-10	1.8978E-09	6.9042E-07	-1.5248E-06
-7.8555E-10	1.8916E-09	2.1390E-06	-3.5542E-07
-7.7722E-10	1.8853E-09	2.1597E-06	-1.1341E-06
-7.6895E-10	1.8790E-09	2.7045E-06	-1.1103E-06
-7.6072E-10	1.8728E-09	1.6395E-06	-1.4040E-06
-7.5255E-10	1.8666E-09	2.8668E-06	2.6022E-07
-7.4443E-10	1.8603E-09	4.0236E-06	-1.3102E-06
-7.3637E-10	1.8541E-09	4.2114E-06	-1.7579E-06
-7.2835E-10	1.8479E-09	4.0440E-06	-4.1669E-06
-7.2039E-10	1.8416E-09	6.4570E-07	-4.0752E-06
-7.1247E-10	1.8354E-09	7.7846E-07	-9.9377E-07
-7.0461E-10	1.8292E-09	2.9592E-06	-1.4189E-06
-6.9680E-10	1.8230E-09	2.3297E-06	-2.6855E-06
-6.8904E-10	1.8168E-09	1.6131E-06	-2.3305E-06
-6.8132E-10	1.8107E-09	1.5154E-06	-1.8156E-06
-6.7366E-10	1.8045E-09	1.7238E-06	-1.3788E-06
-6.6605E-10	1.7983E-09	2.8322E-06	-1.1932E-06
-6.5849E-10	1.7922E-09	2.6947E-06	-3.3674E-06
-6.5097E-10	1.7860E-09	2.8405E-07	-2.0601E-06
-6.4351E-10	1.7799E-09	2.2711E-06	-1.0490E-06
-6.3609E-10	1.7737E-09	1.5774E-06	-2.3104E-06
-6.2872E-10	1.7676E-09	1.2911E-06	-1.4108E-06
-6.2140E-10	1.7615E-09	1.2549E-06	-8.5879E-07
-6.1413E-10	1.7553E-09	2.7238E-06	-4.3673E-07
-6.0690E-10	1.7492E-09	2.7409E-06	-1.8681E-06
-5.9973E-10	1.7431E-09	2.2749E-06	-1.8462E-06
-5.9260E-10	1.7370E-09	1.8400E-06	-1.9815E-06
-5.8551E-10	1.7310E-09	1.6088E-06	-1.7286E-06
-5.7848E-10	1.7249E-09	8.2375E-07	-9.4910E-07
-5.7149E-10	1.7188E-09	2.4465E-06	5.6846E-07
-5.6454E-10	1.7128E-09	3.8065E-06	-8.5029E-07
-5.5765E-10	1.7067E-09	3.8949E-06	-1.8910E-06
-5.5079E-10	1.7007E-09	2.7613E-06	-3.4075E-06
-5.4399E-10	1.6947E-09	9.8259E-07	-2.0459E-06
-5.3723E-10	1.6886E-09	2.5445E-06	-9.8878E-07
-5.3051E-10	1.6826E-09	2.3618E-06	-2.8946E-06
-5.2384E-10	1.6766E-09	3.5487E-07	-1.3303E-06
-5.1722E-10	1.6706E-09	2.5077E-06	-6.4212E-08
-5.1064E-10	1.6646E-09	2.7599E-06	-1.2099E-06
-5.0410E-10	1.6587E-09	3.3168E-06	-1.4479E-06
-4.9761E-10	1.6527E-09	2.1644E-06	-2.5337E-06
-4.9116E-10	1.6467E-09	1.9682E-06	-9.9219E-07
-4.8475E-10	1.6408E-09	2.8529E-06	-1.4710E-06
-4.7839E-10	1.6348E-09	2.7589E-06	-1.8218E-06
-4.7207E-10	1.6289E-09	2.0169E-06	-2.0636E-06
-4.6580E-10	1.6230E-09	2.4101E-06	-8.0226E-07
-4.5956E-10	1.6171E-09	3.5025E-06	-1.9214E-06
-4.5337E-10	1.6112E-09	2.6965E-06	-2.7094E-06
-4.4722E-10	1.6053E-09	1.6087E-06	-2.8107E-06
-4.4112E-10	1.5994E-09	1.1104E-06	-1.3422E-06
-4.3506E-10	1.5935E-09	2.0971E-06	-9.1968E-07
-4.2903E-10	1.5877E-09	2.8383E-06	-7.8254E-07
-4.2305E-10	1.5818E-09	3.6369E-06	-2.3297E-06
-4.1711E-10	1.5760E-09	1.7306E-06	-2.8587E-06
-4.1122E-10	1.5702E-09	1.7235E-06	-1.7525E-06
-4.0536E-10	1.5643E-09	1.3061E-06	-1.5571E-06
-3.9954E-10	1.5585E-09	2.6275E-06	-1.4649E-07
-3.9377E-10	1.5527E-09	3.5823E-06	-2.7274E-06
-3.8803E-10	1.5469E-09	7.5643E-07	-2.1984E-06
-3.8233E-10	1.5412E-09	2.3541E-06	-3.8094E-07
-3.7668E-10	1.5354E-09	2.9398E-06	-1.8661E-06
-3.7106E-10	1.5296E-09	1.8733E-06	-1.9585E-06
-3.6549E-10	1.5239E-09	1.8842E-06	-5.5936E-07
-3.5995E-10	1.5182E-09	3.7611E-06	-1.0488E-06
-3.5445E-10	1.5124E-09	2.8134E-06	-2.1810E-06
-3.4899E-10	1.5067E-09	3.3291E-06	-1.7317E-06
-3.4357E-10	1.5010E-09	2.7396E-06	-2.9189E-06
-3.3819E-10	1.4953E-09	2.5305E-06	-2.1786E-06
-3.3284E-10	1.4897E-09	2.4031E-06	-3.1160E-06
-3.2754E-10	1.4840E-09	1.4079E-06	-2.5192E-06
-3.2227E-10	1.4783E-09	1.5749E-06	-1.9237E-06
-3.1704E-10	1.4727E-09	2.1953E-06	-2.0671E-06
-3.1185E-10	1.4670E-09	9.8625E-07	-2.5423E-06
-3.0669E-10	1.4614E-09	1.5998E-06	-6.7340E-07
-3.0157E-10	1.4558E-09	2.3363E-06	-2.4243E-06
-2.9649E-10	1.4502E-09	8.5241E-07	-1.4564E-06
-2.9145E-10	1.4446E-09	1.8253E-06	-1.3343E-06
-2.8644E-10	1.4390E-09	1.1629E-06	-5.9594E-07
-2.8147E-10	1.4335E-09	3.1146E-06	-2.8336E-07
-2.7653E-10	1.4279E-09	3.0918E-06	-1.6200E-06
-2.7163E-10	1.4224E-09	3.1329E-06	-2.1565E-06
-2.6677E-10	1.4168E-09	1.8012E-06	-2.6594E-06
-2.6194E-10	1.4113E-09	2.0136E-06	-1.3832E-06
-2.5715E-10	1.4058E-09	2.3225E-06	-2.5126E-06
-2.5239E-10	1.4003E-09	9.5312E-07	-1.7479E-06
-2.4767E-10	1.3948E-09	2.2500E-06	-9.5316E-07
-2.4298E-10	1.3894E-09	2.0886E-06	-2.1614E-06
-2.3833E-10	1.3839E-09	1.3425E-06	-1.2836E-06
-2.3371E-10	1.3785E-09	2.3159E-06	-1.0466E-06
-2.2912E-10	1.3730E-09	2.2702E-06	-1.6144E-06
-2.2457E-10	1.3676E-09	2.2337E-06	-1.6131E-06
-2.2006E-10	1.3622E-09	1.9343E-06	-2.0496E-06
-2.1558E-10	1.3568E-09	1.0572E-06	-1.3282E-06
-2.1113E-10	1.3514E-09	2.1629E-06	-9.9355E-08
-2.0671E-10	1.3460E-09	3.5167E-06	-1.3872E-06
-2.0233E-10	1.3406E-09	2.3077E-06	-2.6738E-06
-1.9798E-10	1.3353E-09	1.1038E-06	-1.7236E-06
-1.9366E-10	1.3299E-09	1.6763E-06	-5.8998E-07
-1.8938E-10	1.3246E-09	2.5945E-06	-6.3646E-07
-1.8513E-10	1.3193E-09	3.1617E-06	-1.1352E-06
-1.8091E-10	1.3140E-09	3.0888E-06	-2.1708E-06
-1.7673E-10	1.3087E-09	1.8920E-06	-2.2566E-06
-1.7257E-10	1.3034E-09	1.9865E-06	-1.1027E-06
-1.6845E-10	1.2982E-09	3.0890E-06	-1.5095E-06
-1.6436E-10	1.2929E-09	2.5083E-06	-2.6137E-06
-1.6030E-10	1.2877E-09	1.3898E-06	-2.0227E-06
-1.5627E-10	1.2824E-09	2.0390E-06	-9.4962E-07
-1.5227E-10	1.2772E-09	2.8198E-06	-1.7479E-06
-1.4831E-10	1.2720E-09	2.1235E-06	-1.7534E-06
-1.4437E-10	1.2668E-09	3.2876E-06	-1.7136E-06
-1.4047E-10	1.2616E-09	2.3606E-06	-3.8345E-06
-1.3659E-10	1.2565E-09	1.9866E-07	-2.2259E-06
-1.3275E-10	1.2513E-09	1.8578E-06	-1.0412E-06
-1.2894E-10	1.2462E-09	1.7837E-06	-2.1809E-06
-1.2515E-10	1.2411E-09	1.4858E-06	-1.6001E-06
-1.2140E-10	1.2359E-09	1.4392E-06	-2.0182E-06
-1.1768E-10	1.2308E-09	1.0496E-06	-9.6044E-07
-1.1398E-10	1.2257E-09	2.3103E-06	-1.4767E-06
-1.1032E-10	1.2207E-09	8.8176E-07	-1.8431E-06
-1.0668E-10	1.2156E-09	1.4911E-06	-5.7006E-07
-1.0307E-10	1.2106E-09	1.6099E-06	-1.1234E-06
-9.9494E-11	1.2055E-09	2.0570E-06	-2.2789E-07
-9.5945E-11	1.2005E-09	3.0543E-06	-1.6432E-06
-9.2424E-11	1.1955E-09	1.3082E-06	-2.0971E-06
-8.8931E-11	1.1905E-09	1.5331E-06	-5.5003E-07
-8.5467E-11	1.1855E-09	2.5299E-06	-1.4646E-06
-8.2031E-11	1.1805E-09	1.0778E-06	-1.6616E-06
-7.8622E-11	1.1756E-09	1.4487E-06	-2.3336E-07
-7.5242E-11	1.1706E-09	2.3291E-06	-3.7464E-07
-7.1889E-11	1.1657E-09	2.8977E-06	-8.9154E-07
-6.8563E-11	1.1607E-09	2.1698E-06	-1.5706E-06
-6.5265E-11	1.1558E-09	2.3960E-06	-6.3621E-07
-6.1994E-11	1.1509E-09	2.8686E-06	-1.9034E-06
-5.8750E-11	1.1461E-09	1.4343E-06	-1.5764E-06
-5.5532E-11	1.1412E-09	1.9473E-06	-7.7330E-07
-5.2342E-11	1.1363E-09	2.1610E-06	-4.8168E-07
-4.9177E-11	1.1315E-09	3.5979E-06	-7.2827E-07
-4.6040E-11	1.1266E-09	2.7921E-06	-2.5099E-06
-4.2928E-11	1.1218E-09	2.1739E-06	-1.2891E-06
-3.9843E-11	1.1170E-09	2.7810E-06	-2.7375E-06
-3.6783E-11	1.1122E-09	2.3600E-07	-1.5411E-06
-3.3749E-11	1.1075E-09	3.1343E-06	-2.3792E-07
-3.0741E-11	1.1027E-09	1.9425E-06	-3.1301E-06
-2.7759E-11	1.0979E-09	4.9403E-07	-8.6179E-07
-2.4801E-11	1.0932E-09	1.4729E-06	-1.9361E-07
-2.1869E-11	1.0885E-09	3.1119E-06	4.0906E-07
-1.8962E-11	1.0838E-09	3.3512E-06	-2.4191E-06
-1.6080E-11	1.0791E-09	1.0338E-06	-9.6160E-07
-1.3223E-11	1.0744E-09	3.2088E-06	-4.0071E-07
-1.0390E-11	1.0697E-09	2.7217E-06	-1.5937E-06
-7.5820E-12	1.0650E-09	2.8342E-06	-1.3469E-06
-4.7982E-12	1.0604E-09	2.7349E-06	-2.0176E-06
-2.0385E-12	1.0557E-09	1.8561E-06	-2.2495E-06
6.9707E-13	1.0511E-09	1.1399E-06	-1.0448E-06
3.4087E-12	1.0465E-09	2.3237E-06	-1.8437E-07
6.0966E-12	1.0419E-09	3.2834E-06	-6.0733E-07
8.7609E-12	1.0373E-09	3.7737E-06	-1.7151E-06
1.1402E-11	1.0328E-09	3.1068E-06	-2.5265E-06
1.4019E-11	1.0282E-09	2.3932E-06	-3.1776E-06
1.6613E-11	1.0237E-09	4.0719E-07	-2.2596E-06
1.9184E-11	1.0191E-09	2.0051E-06	-4.9913E-08
2.1732E-11	1.0146E-09	3.1899E-06	-2.1334E-06
2.4257E-11	1.0101E-09	1.6136E-06	-1.9846E-06
2.6760E-11	1.0056E-09	2.2661E-06	-1.9051E-06
2.9240E-11	1.0012E-09	9.0305E-07	-1.8743E-06
3.1697E-11	9.9670E-10	1.9381E-06	-1.9831E-07
3.4133E-11	9.9225E-10	3.0941E-06	-1.2796E-06
3.6546E-11	9.8781E-10	2.9491E-06	-2.4831E-06
3.8937E-11	9.8339E-10	7.3658E-07	-2.7682E-06
4.1306E-11	9.7898E-10	1.3902E-06	-8.5326E-08
4.3653E-11	9.7458E-10	2.7839E-06	-1.7219E-06
4.5979E-11	9.7019E-10	1.7798E-06	-1.2210E-06
4.8283E-11	9.6582E-10	2.8008E-06	-1.8085E-06
5.0566E-11	9.6147E-10	1.6542E-06	-2.0678E-06
5.2827E-11	9.5712E-10	1.7798E-06	-1.5652E-06
5.5068E-11	9.5279E-10	2.0626E-06	-1.4078E-06
5.7287E-11	9.4847E-10	1.9255E-06	-2.1931E-06
5.9486E-11	9.4417E-10	1.5147E-06	-1.1676E-06
6.1664E-11	9.3988E-10	2.3929E-06	-2.3345E-06
6.3821E-11	9.3560E-10	5.5155E-07	-1.7665E-06
6.5957E-11	9.3133E-10	1.7831E-06	-1.3891E-06
6.8074E-11	9.2708E-10	3.7504E-07	-1.3178E-06
7.0170E-11	9.2284E-10	1.9900E-06	1.7573E-07
7.2246E-11	9.1862E-10	2.7054E-06	-1.4163E-06
7.4301E-11	9.1440E-10	1.7438E-06	-2.3459E-06
7.6337E-11	9.1021E-10	-1.8554E-08	-8.7953E-07
7.8354E-11	9.0602E-10	2.4144E-06	7.0123E-07
8.0350E-11	9.0185E-10	2.9703E-06	-1.2102E-06
8.2327E-11	8.9769E-10	2.9956E-06	-1.4702E-06
8.4285E-11	8.9354E-10	2.1352E-06	-2.9460E-06
8.6223E-11	8.8941E-10	4.9760E-07	-1.8426E-06
8.8142E-11	8.8529E-10	1.2663E-06	-4.5561E-07
9.0042E-11	8.8118E-10	2.5449E-06	-1.3257E-06
9.1924E-11	8.7708E-10	1.0541E-06	-2.3096E-06
9.3786E-11	8.7300E-10	4.8715E-07	-7.6250E-07
9.5630E-11	8.6893E-10	1.3263E-06	-2.8570E-07
9.7455E-11	8.6488E-10	1.6840E-06	-7.0424E-07
9.9261E-11	8.6084E-10	9.7813E-07	-2.5732E-07
1.0105E-10	8.5681E-10	2.3438E-06	7.2380E-07
1.0282E-10	8.5279E-10	3.2605E-06	-5.3012E-07
1.0457E-10	8.4879E-10	2.8998E-06	-1.4735E-06
1.0631E-10	8.4480E-10	1.9311E-06	-1.5948E-06
1.0802E-10	8.4082E-10	1.7052E-06	-1.1683E-06
1.0972E-10	8.3686E-10	1.4216E-06	-1.7723E-07
1.1140E-10	8.3291E-10	3.6154E-06	-4.1662E-08
1.1306E-10	8.2897E-10	2.9753E-06	-2.4394E-06
1.1471E-10	8.2504E-10	1.6422E-06	-1.6368E-06
1.1634E-10	8.2113E-10	1.9419E-06	-1.4611E-06
1.1795E-10	8.1723E-10	1.3153E-06	-1.7358E-06
1.1954E-10	8.1335E-10	5.2659E-07	-1.3597E-07
1.2112E-10	8.0947E-10	2.7547E-06	5.9645E-07
1.2268E-10	8.0561E-10	2.9817E-06	-6.5107E-07
1.2422E-10	8.0177E-10	3.5959E-06	-1.2934E-06
1.2575E-10	7.9793E-10	1.8795E-06	-2.2245E-06
1.2726E-10	7.9411E-10	2.4348E-06	-8.4617E-07
1.2875E-10	7.9030E-10	1.8387E-06	-2.0153E-06
1.3023E-10	7.8650E-10	2.2074E-06	-4.5713E-07
1.3169E-10	7.8272E-10	2.3074E-06	-2.1566E-06
1.3313E-10	7.7895E-10	1.6062E-06	-6.7290E-07
1.3456E-10	7.7519E-10	2.4278E-06	-1.7415E-06
1.3597E-10	7.7145E-10	1.3081E-06	-9.1526E-07
1.3737E-10	7.6772E-10	2.1409E-06	-9.1805E-07
1.3875E-10	7.6400E-10	2.0394E-06	-1.6853E-07
1.4011E-10	7.6029E-10	3.9086E-06	-1.1925E-06
1.4146E-10	7.5660E-10	2.0148E-06	-2.8572E-06
1.4280E-10	7.5292E-10	1.4008E-06	-9.1271E-07
1.4412E-10	7.4925E-10	2.7730E-06	-1.9830E-06
1.4542E-10	7.4559E-10	-4.2546E-08	-1.7076E-06
1.4671E-10	7.4195E-10	2.7785E-06	1.1701E-06
1.4798E-10	7.3832E-10	3.5132E-06	-2.9071E-06
1.4924E-10	7.3470E-10	9.9205E-07	-1.8904E-06
1.5048E-10	7.3109E-10	9.3284E-07	-1.6407E-06
1.5171E-10	7.2750E-10	1.2505E-06	6.0095E-07
1.5293E-10	7.2392E-10	3.2838E-06	-1.4503E-06
1.5412E-10	7.2035E-10	1.0290E-06	-1.0424E-06
1.5531E-10	7.1680E-10	2.7447E-06	-5.6901E-07
1.5648E-10	7.1326E-10	2.2029E-06	-1.3528E-06
1.5764E-10	7.0973E-10	2.1613E-06	-1.7118E-06
1.5878E-10	7.0621E-10	1.0613E-06	-7.6759E-07
1.5991E-10	7.0270E-10	2.9053E-06	-4.9432E-07
1.6102E-10	6.9921E-10	2.1713E-06	-1.8884E-06
1.6212E-10	6.9573E-10	1.3927E-06	-1.1496E-06
1.6321E-10	6.9226E-10	2.2651E-06	-1.4505E-07
1.6428E-10	6.8881E-10	3.0482E-06	-2.1888E-06
1.6534E-10	6.8536E-10	2.2485E-07	-1.2141E-06
1.6638E-10	6.8193E-10	2.9695E-06	5.4581E-07
1.6742E-10	6.7852E-10	2.8626E-06	-1.9432E-06
1.6843E-10	6.7511E-10	2.2389E-06	-1.0622E-06
1.6944E-10	6.7172E-10	2.7249E-06	-1.9495E-06
1.7043E-10	6.6833E-10	1.5251E-06	-2.0496E-06
1.7141E-10	6.6497E-10	1.3675E-06	-1.2093E-06
1.7238E-10	6.6161E-10	1.6997E-06	-8.5479E-07
1.7333E-10	6.5826E-10	2.2965E-06	-8.0789E-07
1.7427E-10	6.5493E-10	2.2421E-06	-1.5367E-06
1.7520E-10	6.5161E-10	1.9531E-06	-9.9456E-07
1.7611E-10	6.4830E-10	2.7020E-06	-1.5041E-06
1.7702E-10	6.4501E-10	2.0779E-06	-2.0237E-06
1.7791E-10	6.4172E-10	1.5653E-06	-2.1971E-06
1.7878E-10	6.3845E-10	8.4028E-07	-1.2693E-06
1.7965E-10	6.3519E-10	1.9926E-06	-9.4993E-07
1.8050E-10	6.3194E-10	1.6532E-06	-2.0883E-06
1.8134E-10	6.2871E-10	7.4668E-08	-1.3024E-06
1.8217E-10	6.2548E-10	1.7311E-06	7.8895E-07
1.8299E-10	6.2227E-10	2.8674E-06	-2.0045E-06
1.8379E-10	6.1907E-10	4.3151E-07	-7.7209E-07
1.8459E-10	6.1588E-10	2.9745E-06	-8.2459E-07
1.8537E-10	6.1271E-10	5.7959E-07	-2.1774E-06
1.8614E-10	6.0954E-10	9.5899E-07	1.6106E-07
1.8690E-10	6.0639E-10	1.8595E-06	-1.1266E-07
1.8765E-10	6.0325E-10	2.7303E-06	-5.8653E-07
1.8838E-10	6.0012E-10	1.7318E-06	-1.4145E-06
1.8911E-10	5.9701E-10	1.8524E-06	-7.7478E-07
1.8982E-10	5.9390E-10	1.2887E-06	-6.5342E-07
1.9052E-10	5.9081E-10	2.8424E-06	9.8667E-09
1.9121E-10	5.8773E-10	2.1749E-06	-1.8903E-06
1.9189E-10	5.8466E-10	1.7360E-06	-5.3730E-07
1.9256E-10	5.8160E-10	1.9557E-06	-1.3253E-06
1.9322E-10	5.7855E-10	1.6570E-06	-2.6275E-08
1.9387E-10	5.7552E-10	3.3093E-06	-7.2019E-07
1.9450E-10	5.7250E-10	2.7197E-06	-2.0562E-06
1.9513E-10	5.6949E-10	1.3095E-06	-2.1768E-06
1.9574E-10	5.6649E-10	1.1823E-06	-6.4192E-07
1.9635E-10	5.6350E-10	2.1157E-06	-1.0317E-06
1.9694E-10	5.6052E-10	1.7664E-06	-1.1700E-06
1.9753E-10	5.5756E-10	1.5316E-06	-1.3695E-06
1.9810E-10	5.5460E-10	1.2983E-06	-3.6806E-07
1.9867E-10	5.5166E-10	2.5163E-06	-7.7004E-07
1.9922E-10	5.4873E-10	1.7807E-06	-1.3194E-06
1.9977E-10	5.4581E-10	1.9350E-06	-1.0204E-06
2.0030E-10	5.4290E-10	1.7038E-06	-1.4362E-06
2.0082E-10	5.4001E-10	9.7173E-07	-1.0581E-06
2.0134E-10	5.3712E-10	1.7303E-06	1.6763E-07
2.0184E-10	5.3425E-10	2.5737E-06	-1.6713E-06
2.0234E-10	5.3138E-10	2.0813E-08	-5.4924E-07
2.0282E-10	5.2853E-10	3.3681E-06	8.2659E-07
2.0330E-10	5.2569E-10	2.0209E-06	-2.7981E-06
2.0377E-10	5.2286E-10	3.0688E-07	5.8906E-07
2.0422E-10	5.2005E-10	3.6195E-06	3.6080E-07
2.0467E-10	5.1724E-10	3.0782E-06	-1.6839E-06
2.0511E-10	5.1444E-10	2.0140E-06	-1.5849E-06
2.0554E-10	5.1166E-10	2.4912E-06	-1.2740E-06
2.0596E-10	5.0889E-10	1.6464E-06	-2.5778E-06
2.0637E-10	5.0612E-10	5.1178E-07	-9.6028E-07
2.0678E-10	5.0337E-10	1.3052E-06	-7.2429E-07
2.0717E-10	5.0063E-10	1.6217E-06	-2.8208E-08
2.0755E-10	4.9790E-10	2.0868E-06	-1.4929E-06
2.0793E-10	4.9519E-10	4.6383E-07	2.3387E-07
2.0830E-10	4.9248E-10	3.6931E-06	6.6754E-08
2.0866E-10	4.8978E-10	1.6709E-06	-2.1200E-06
2.0901E-10	4.8710E-10	1.6935E-06	-2.2159E-07
2.0935E-10	4.8442E-10	2.0273E-06	-1.4470E-06
2.0968E-10	4.8176E-10	5.6394E-07	-5.5218E-07
2.1001E-10	4.7911E-10	1.9605E-06	1.3592E-06
2.1033E-10	4.7646E-10	4.2978E-06	-4.2263E-07
2.1063E-10	4.7383E-10	2.4981E-06	-2.1423E-06
2.1093E-10	4.7121E-10	2.0202E-06	-1.3822E-06
2.1123E-10	4.6860E-10	1.2223E-06	-1.3679E-06
2.1151E-10	4.6600E-10	1.6898E-06	2.1572E-07
2.1179E-10	4.6341E-10	3.0500E-06	-5.2615E-07
2.1206E-10	4.6084E-10	2.5557E-06	-1.3597E-06
2.1232E-10	4.5827E-10	2.3843E-06	-9.7033E-07
2.1257E-10	4.5571E-10	2.9313E-06	-1.8355E-06
2.1282E-10	4.5317E-10	1.2476E-06	-2.2316E-06
2.1305E-10	4.5063E-10	1.2013E-06	-8.6204E-07
2.1328E-10	4.4811E-10	1.4983E-06	-6.2908E-07
2.1351E-10	4.4559E-10	2.3242E-06	-3.7775E-07
2.1372E-10	4.4309E-10	2.2996E-06	-1.2501E-06
2.1393E-10	4.4059E-10	2.0826E-06	-8.7261E-07
2.1413E-10	4.3811E-10	2.7487E-06	-1.2559E-06
2.1432E-10	4.3564E-10	1.9081E-06	-2.6397E-06
2.1451E-10	4.3317E-10	-7.2639E-08	-8.4003E-07
2.1469E-10	4.3072E-10	2.7908E-06	1.9135E-07
2.1486E-10	4.2828E-10	1.4170E-06	-2.3401E-06
2.1502E-10	4.2585E-10	8.0439E-07	7.1950E-07
2.1518E-10	4.2343E-10	3.2523E-06	-1.8929E-07
2.1533E-10	4.2101E-10	2.8098E-06	-7.0658E-07
2.1548E-10	4.1861E-10	3.5929E-06	-1.7642E-06
2.1561E-10	4.1622E-10	1.9279E-06	-2.6823E-06
2.1574E-10	4.1384E-10	1.3527E-06	-1.5258E-06
2.1587E-10	4.1147E-10	2.1501E-06	-1.4242E-06
2.1598E-10	4.0911E-10	1.5449E-06	-2.5624E-06
2.1609E-10	4.0676E-10	1.1190E-07	-1.3938E-06
2.1620E-10	4.0442E-10	1.0113E-06	-3.2070E-07
2.1629E-10	4.0209E-10	1.4423E-06	-1.6212E-07
2.1638E-10	3.9977E-10	2.5912E-06	-2.9274E-07
2.1647E-10	3.9746E-10	2.3123E-06	-1.6927E-06
2.1654E-10	3.9515E-10	1.3467E-06	-1.0757E-06
2.1662E-10	3.9286E-10	2.2222E-06	-8.5690E-07
2.1668E-10	3.9058E-10	1.6540E-06	-1.6610E-06
2.1674E-10	3.8831E-10	1.3776E-06	-4.8965E-07
2.1679E-10	3.8605E-10	2.7538E-06	-9.3491E-07
2.1684E-10	3.8380E-10	1.9087E-06	-2.1524E-06
2.1688E-10	3.8156E-10	8.6220E-07	-1.4275E-06
2.1692E-10	3.7932E-10	1.2850E-06	-3.1841E-07
2.1695E-10	3.7710E-10	2.3988E-06	-6.0957E-07
2.1697E-10	3.7489E-10	2.2301E-06	-1.1282E-06
2.1699E-10	3.7268E-10	2.8458E-06	-1.4325E-06
2.1700E-10	3.7049E-10	1.9338E-06	-2.8287E-06
2.1700E-10	3.6831E-10	7.9806E-07	-1.9422E-06
2.1700E-10	3.6613E-10	7.6818E-07	-1.5656E-06
2.1700E-10	3.6397E-10	9.9829E-07	-5.8873E-07
2.1699E-10	3.6181E-10	1.9772E-06	-1.3751E-06
2.1697E-10	3.5967E-10	9.5601E-07	-1.6564E-06
2.1695E-10	3.5753E-10	9.9467E-07	-1.2606E-06
2.1692E-10	3.5540E-10	5.6006E-07	-8.9712E-07
2.1689E-10	3.5328E-10	1.4280E-06	-6.8263E-08
2.1685E-10	3.5118E-10	2.4023E-06	-1.2931E-06
2.1681E-10	3.4908E-10	5.2357E-07	-2.2280E-06
2.1676E-10	3.4699E-10	3.8716E-07	3.4240E-07
2.1670E-10	3.4491E-10	2.4212E-06	-8.9358E-07
2.1665E-10	3.4284E-10	8.4006E-07	-9.3673E-07
2.1658E-10	3.4077E-10	2.3670E-06	-8.6533E-07
2.1651E-10	3.3872E-10	8.5885E-07	-1.9867E-06
2.1644E-10	3.3668E-10	8.2995E-07	-1.0403E-06
2.1636E-10	3.3464E-10	-1.5888E-07	-3.5842E-07
2.1628E-10	3.3262E-10	2.7810E-06	1.0990E-06
2.1619E-10	3.3060E-10	2.5642E-06	-3.0080E-06
2.1609E-10	3.2859E-10	-2.2085E-07	-1.5560E-06
2.1599E-10	3.2660E-10	-5.0418E-08	-8.0770E-07
2.1589E-10	3.2461E-10	2.0155E-07	1.5091E-06
2.1578E-10	3.2263E-10	3.5808E-06	4.3281E-07
2.1567E-10	3.2065E-10	2.1690E-06	-2.1757E-06
2.1555E-10	3.1869E-10	3.7831E-07	-1.5239E-06
2.1543E-10	3.1674E-10	3.4133E-07	5.1558E-07
2.1531E-10	3.1479E-10	2.7625E-06	1.2835E-07
2.1518E-10	3.1286E-10	1.3275E-06	-1.3637E-06
2.1504E-10	3.1093E-10	2.0372E-06	3.7414E-07
2.1490E-10	3.0901E-10	2.6420E-06	-2.1861E-06
2.1476E-10	3.0710E-10	1.7457E-07	-9.1991E-07
2.1461E-10	3.0520E-10	2.6736E-06	-4.8207E-07
2.1446E-10	3.0331E-10	7.4169E-07	-2.8488E-06
2.1430E-10	3.0143E-10	-6.2963E-07	1.0972E-07
2.1414E-10	2.9955E-10	1.6246E-06	7.0677E-07
2.1398E-10	2.9769E-10	2.3803E-06	1.3653E-08
2.1381E-10	2.9583E-10	2.9459E-06	-1.8067E-06
2.1363E-10	2.9398E-10	-1.1727E-07	-2.6785E-06
2.1346E-10	2.9214E-10	-5.4997E-07	6.7706E-07
2.1328E-10	2.9031E-10	1.6361E-06	8.4615E-07
2.1309E-10	2.8849E-10	2.3385E-06	2.0283E-07
2.1290E-10	2.8667E-10	1.9106E-06	-1.1063E-06
2.1271E-10	2.8487E-10	1.1682E-06	3.4639E-07
2.1251E-10	2.8307E-10	2.8824E-06	-2.9225E-07
2.1231E-10	2.8128E-10	1.9619E-06	-6.6848E-07
2.1211E-10	2.7950E-10	2.5820E-06	-1.1062E-06
2.1190E-10	2.7773E-10	1.2274E-06	-6.7628E-07
2.1169E-10	2.7596E-10	3.1314E-06	-4.4986E-07
2.1147E-10	2.7421E-10	1.8175E-06	-1.5558E-06
2.1126E-10	2.7246E-10	3.2362E-06	-7.3002E-07
2.1103E-10	2.7072E-10	2.1805E-06	-3.3694E-06
2.1081E-10	2.6899E-10	4.6931E-07	-1.5534E-06
2.1058E-10	2.6726E-10	1.7257E-06	-7.2143E-07
2.1035E-10	2.6555E-10	2.9356E-06	-2.0515E-06
2.1011E-10	2.6384E-10	8.9618E-07	-3.4373E-06
2.0987E-10	2.6214E-10	3.6067E-07	-2.3585E-06
2.0963E-10	2.6045E-10	-1.3268E-06	-2.0429E-06
2.0938E-10	2.5877E-10	3.4170E-07	8.5768E-07
2.0913E-10	2.5709E-10	9.0450E-07	-1.6266E-06
2.0888E-10	2.5543E-10	1.4138E-07	1.0560E-06
2.0862E-10	2.5377E-10	3.4429E-06	-8.7184E-07
2.0837E-10	2.5212E-10	7.8382E-07	-2.4451E-06
2.0810E-10	2.5047E-10	6.5268E-07	-1.1485E-06
2.0784E-10	2.4884E-10	5.8323E-07	-1.4347E-06
2.0757E-10	2.4721E-10	-2.6558E-07	-7.3932E-07
2.0730E-10	2.4559E-10	1.2490E-06	8.7543E-07
2.0702E-10	2.4398E-10	2.6252E-06	-1.6756E-06
2.0675E-10	2.4238E-10	-6.0193E-08	-1.8375E-06
2.0647E-10	2.4078E-10	5.0051E-07	1.0856E-07
2.0618E-10	2.3919E-10	2.1555E-06	-1.6524E-07
2.0590E-10	2.3761E-10	2.0985E-06	-2.1751E-06
2.0561E-10	2.3604E-10	4.8097E-07	-1.5621E-06
2.0532E-10	2.3447E-10	1.7135E-06	-1.5771E-06
2.0502E-10	2.3291E-10	3.8613E-07	-2.6600E-06
2.0473E-10	2.3136E-10	2.2086E-08	-1.8056E-06
2.0443E-10	2.2982E-10	-7.5384E-07	-1.9223E-06
2.0412E-10	2.2829E-10	-5.2889E-07	-1.3620E-07
2.0382E-10	2.2676E-10	8.1008E-07	-1.4608E-06
2.0351E-10	2.2524E-10	-1.4766E-06	-1.6016E-06
2.0320E-10	2.2373E-10	-1.0545E-06	4.2639E-07
2.0289E-10	2.2222E-10	-2.5990E-07	9.1009E-07
2.0257E-10	2.2072E-10	1.9250E-06	5.5167E-07
2.0226E-10	2.1923E-10	2.1646E-07	-2.2980E-06
2.0194E-10	2.1775E-10	-1.3386E-06	9.8516E-07
2.0161E-10	2.1627E-10	1.5438E-06	7.7245E-07
2.0129E-10	2.1480E-10	1.3335E-06	-8.1840E-08
2.0096E-10	2.1334E-10	1.5688E-06	-1.6029E-06
2.0063E-10	2.1189E-10	-1.0671E-06	-6.6504E-07
2.0030E-10	2.1044E-10	1.7934E-06	1.1098E-06
1.9996E-10	2.0900E-10	2.2268E-06	-2.2758E-06
1.9963E-10	2.0757E-10	-6.0083E-08	-3.0017E-06
1.9929E-10	2.0615E-10	-2.4502E-06	-2.0088E-06
