jMRUI Data Textfile

Filename: Export_to_jmrui.txt

PointsInDataset: 2048
DatasetsInFile: 1
SamplingInterval: 0.250000
ZeroOrderPhase: 0E0
BeginTime: 0E0
TransmitterFrequency: 1.2326E8
MagneticField: 2.8936E0
TypeOfNucleus:  
NameOfPatient:  
DateOfExperiment:  
Spectrometer:  
AdditionalInfo: 
SignalNames:  


Signal and FFT
sig(real)	sig(imag)	fft(real)	fft(imag)
Signal 1 out of 1 in file
3.3887E-06	9.4984E-09	-1.0224E-06	-1.2271E-06
3.1113E-06	-8.2671E-07	-1.7012E-06	2.4445E-07
1.7269E-06	-1.6816E-06	-2.4201E-07	6.8139E-07
8.5697E-07	-1.8173E-06	-4.5927E-07	-1.1293E-07
-4.8952E-07	-1.5650E-06	-8.6357E-07	7.2094E-07
-9.6850E-07	-8.2725E-07	2.0204E-07	9.4146E-07
-1.2356E-06	-1.5645E-07	-1.9664E-07	-6.3935E-08
-7.2395E-07	3.7702E-07	-1.0196E-06	1.4334E-06
-2.5938E-07	5.1011E-07	1.2824E-06	1.7504E-06
3.0441E-07	2.6827E-07	5.3848E-07	-1.6670E-07
4.3072E-07	-7.5832E-08	4.6988E-07	1.6365E-06
3.3430E-07	-3.4550E-07	2.1669E-06	-7.2613E-07
-4.1517E-08	-4.9500E-07	-1.3865E-06	-9.0925E-07
-3.0521E-07	-3.3423E-07	-9.4161E-08	1.4659E-06
-6.2348E-07	-5.0421E-08	-1.0116E-07	2.0791E-07
-5.2594E-07	2.1649E-07	-3.5197E-07	1.4258E-06
-4.4655E-07	4.1559E-07	2.6007E-07	1.4399E-06
-2.2115E-07	4.3166E-07	1.1434E-06	1.5714E-06
-1.3407E-07	3.5044E-07	8.8825E-07	1.1622E-07
-1.3031E-07	2.1603E-07	-1.0669E-07	9.9999E-07
-3.4646E-07	1.8608E-07	4.5988E-07	1.5040E-06
-4.6768E-07	2.6544E-07	1.2476E-06	1.6593E-06
-5.7220E-07	4.0201E-07	1.4173E-06	6.1534E-07
-4.6927E-07	6.3571E-07	1.0550E-06	8.5868E-07
-3.5076E-07	7.0300E-07	1.1380E-06	1.9998E-07
-1.2875E-08	7.5861E-07	2.4637E-07	8.0884E-07
1.4891E-07	6.0701E-07	1.2656E-06	1.0863E-06
2.2303E-07	4.9834E-07	7.5480E-07	1.6885E-07
1.5122E-07	3.9498E-07	1.7022E-07	1.2044E-06
-3.3043E-09	3.0946E-07	1.0686E-06	1.2911E-06
-1.8533E-07	3.6909E-07	6.8684E-07	1.6101E-06
-2.9422E-07	6.2122E-07	2.7085E-06	1.8569E-06
-2.2677E-07	8.0364E-07	2.2818E-06	-8.2152E-07
-3.3378E-09	8.7361E-07	4.2278E-07	-1.6597E-07
1.7717E-07	8.5921E-07	5.9643E-07	7.8223E-07
4.2182E-07	7.8108E-07	1.4836E-06	6.8970E-07
4.8785E-07	6.2614E-07	5.9943E-07	-6.1842E-09
5.4157E-07	4.8188E-07	1.1724E-06	1.1907E-06
5.1363E-07	3.5670E-07	1.2192E-06	-8.2727E-07
5.1790E-07	2.6057E-07	-1.2832E-06	5.0734E-07
3.9859E-07	2.6421E-07	1.6304E-07	3.0036E-06
3.9854E-07	2.0005E-07	2.7923E-06	2.2029E-06
3.9734E-07	1.2268E-07	2.3015E-06	1.6452E-07
4.0326E-07	6.6321E-08	2.1578E-06	2.4157E-07
3.4330E-07	-1.4306E-08	1.1335E-06	-1.2687E-06
2.6204E-07	-1.1118E-08	-3.3712E-07	3.9783E-07
1.8861E-07	-9.2419E-08	6.0680E-07	1.3525E-06
1.7918E-07	-1.3951E-08	2.2454E-06	8.3848E-07
8.2504E-08	3.1759E-09	1.7412E-07	-1.4369E-06
1.7086E-07	5.2797E-08	-4.2412E-07	2.3337E-06
1.8045E-07	6.8284E-09	2.0452E-06	-2.8488E-08
2.1509E-07	9.2827E-09	-1.2080E-06	1.1825E-06
2.2038E-07	-9.1352E-08	2.2738E-06	2.5503E-06
8.8398E-08	-1.8987E-08	1.6540E-06	-2.1370E-07
1.5351E-08	-5.5767E-08	5.1973E-07	7.0366E-07
-6.0996E-08	-1.6895E-08	9.9353E-07	1.1223E-06
-6.7050E-08	2.1028E-09	1.2087E-06	8.2758E-07
-6.7467E-09	8.3510E-08	1.2178E-06	6.8107E-07
7.1928E-08	7.1044E-08	4.6318E-07	3.1484E-07
1.3298E-07	8.6115E-08	6.6719E-07	1.7475E-06
1.3342E-07	3.9321E-08	1.2362E-06	3.5746E-07
1.8262E-07	-8.9472E-08	-3.1088E-07	1.7168E-06
1.0966E-07	-1.0912E-07	1.4842E-06	2.3250E-06
-9.2334E-09	-1.7833E-07	1.9287E-06	2.1421E-06
-1.4622E-07	-1.6410E-07	2.8270E-06	6.0455E-07
-1.8071E-07	-8.1264E-08	8.5052E-07	7.3354E-07
-1.7663E-07	4.6247E-08	2.3328E-06	1.4933E-06
-2.1798E-07	1.5837E-07	1.7392E-06	2.3568E-07
-2.0419E-07	1.2597E-07	1.5065E-06	1.1422E-06
-1.1059E-07	1.3705E-07	2.6261E-06	8.4475E-07
-2.7583E-08	1.5688E-07	1.7789E-06	-9.4915E-07
-7.3007E-09	1.6701E-07	2.0869E-07	9.3916E-07
-2.3666E-08	1.3029E-07	2.2865E-06	8.9541E-07
-1.7003E-08	6.9123E-08	1.3799E-06	2.4663E-07
6.6119E-09	4.8838E-08	1.8305E-06	-2.2430E-07
3.6770E-08	2.1323E-08	-1.9580E-07	5.0138E-07
-1.7596E-08	-5.5325E-09	2.6862E-06	1.5475E-06
-3.4249E-09	-7.8983E-08	9.7271E-07	-1.8937E-06
-4.7491E-08	-1.0724E-07	-1.4645E-06	1.4786E-06
-1.1377E-07	-8.8403E-08	1.6264E-06	3.3897E-06
-1.7477E-07	-6.0816E-08	3.9938E-06	1.1154E-06
-2.1762E-07	2.3068E-08	2.4517E-06	-1.3357E-06
-1.6573E-07	1.1356E-07	7.0356E-07	-1.1023E-06
-5.9273E-08	1.6897E-07	-6.1761E-07	3.2977E-07
6.6824E-08	8.2725E-08	1.3298E-06	1.8613E-06
1.3299E-07	-1.5329E-08	1.2812E-06	-2.2490E-07
1.5595E-07	-1.8719E-07	3.4901E-07	1.5938E-06
2.9084E-08	-2.9278E-07	2.4656E-06	9.1957E-07
-5.4708E-08	-3.4992E-07	1.2431E-06	-5.4939E-09
-1.7866E-07	-3.1769E-07	1.8875E-06	2.5880E-07
-2.4181E-07	-2.7459E-07	5.8570E-07	-1.3071E-06
-3.0951E-07	-1.2318E-07	-8.2506E-07	8.6084E-07
-2.3398E-07	5.9366E-09	8.8423E-07	1.3395E-06
-1.4247E-07	3.1912E-08	5.2609E-07	8.4020E-07
-1.0525E-07	-7.4429E-08	7.8365E-07	1.2941E-06
-5.8235E-08	-4.3542E-08	8.7238E-07	1.3235E-06
-7.3468E-08	-2.6041E-07	1.6975E-06	1.2720E-06
-1.0821E-07	-2.8053E-07	1.0331E-06	7.6643E-08
-2.1321E-07	-2.2293E-07	3.8312E-07	1.5472E-06
-3.0727E-07	-1.8470E-07	2.0587E-06	9.1672E-07
-3.9034E-07	-1.6558E-07	2.8863E-07	1.0162E-07
-3.2720E-07	-1.4126E-07	9.1841E-07	1.6347E-06
-3.6959E-07	-8.2256E-08	5.0348E-07	3.0726E-07
-3.4033E-07	-9.0832E-08	5.7753E-08	2.9206E-06
-3.4791E-07	-3.3703E-08	3.2498E-06	1.7758E-06
-3.2290E-07	-5.2630E-08	1.4146E-06	-3.6145E-07
-3.2986E-07	1.0153E-08	3.8347E-07	9.7458E-07
-3.6289E-07	5.7833E-08	1.0488E-06	1.6090E-06
-3.5986E-07	5.5200E-08	1.3354E-06	1.4444E-06
-3.5382E-07	5.0937E-08	2.2326E-06	1.5906E-06
-2.8280E-07	-1.3098E-08	1.8979E-06	-7.8604E-07
-2.1372E-07	9.0474E-08	-7.5173E-07	9.6877E-07
-2.2927E-07	5.2954E-08	1.5161E-06	1.9021E-06
-2.3280E-07	6.4407E-08	3.5609E-07	1.2591E-06
-2.7539E-07	2.4423E-08	2.0465E-06	2.8603E-06
-2.3503E-07	1.2973E-07	2.5411E-06	3.7411E-07
-2.7949E-07	9.1713E-08	9.0296E-07	9.0933E-07
-2.3257E-07	1.6049E-07	1.6822E-06	1.8401E-06
-2.0093E-07	1.8390E-07	3.0720E-06	7.7640E-07
-1.9120E-07	1.3573E-07	8.4735E-07	-1.3218E-06
-2.0420E-07	9.4444E-08	-6.9681E-07	2.5217E-06
-7.8834E-08	1.5324E-07	3.8386E-06	1.9626E-06
-1.1944E-07	6.5608E-08	1.0166E-06	-1.3339E-06
-1.3161E-07	3.2676E-08	2.3240E-07	2.1410E-06
-1.4895E-07	3.1495E-08	2.6017E-06	1.1679E-06
-1.3299E-07	5.8501E-08	1.7999E-06	-1.2597E-07
-1.6853E-07	1.3803E-07	2.2819E-07	-2.0018E-07
-1.7495E-07	1.0469E-07	4.3364E-07	1.8278E-06
-1.4509E-07	1.7379E-07	1.2183E-06	4.9851E-07
-1.0822E-07	1.4877E-07	-2.1327E-07	2.0079E-06
-1.1284E-07	1.5257E-07	2.1189E-06	2.2564E-06
-8.1280E-08	1.6754E-07	1.6265E-06	1.2085E-06
-7.4184E-08	1.5337E-07	2.0042E-06	1.2380E-06
-1.5084E-08	1.6308E-07	1.5583E-06	5.3123E-07
1.5513E-08	1.3459E-07	7.0163E-07	9.0861E-07
4.9692E-08	1.1933E-07	1.6283E-06	2.1754E-06
2.5699E-08	5.9620E-08	2.3047E-06	-1.9135E-07
2.8009E-08	9.7176E-08	-5.7555E-07	8.6728E-07
-1.9181E-09	3.0841E-08	1.0628E-06	2.4514E-06
-1.8225E-08	-5.3977E-09	1.5343E-06	2.6365E-06
-4.3905E-08	-1.3412E-08	3.6704E-06	1.3332E-06
-1.2184E-07	-2.2597E-09	1.0994E-06	-4.6813E-07
-8.7080E-08	5.6175E-08	6.5812E-07	1.4718E-06
-4.6639E-08	1.0729E-07	7.4017E-07	2.1571E-06
-5.0771E-08	1.3785E-07	2.7809E-06	2.7497E-06
-2.5265E-08	1.1405E-07	2.6829E-06	9.2477E-07
-2.1219E-08	3.5212E-08	2.9806E-06	1.0892E-06
-2.1911E-08	8.5810E-08	1.8727E-06	-7.2521E-07
-3.3594E-08	1.5657E-08	6.3936E-07	1.6214E-06
3.7312E-09	1.6081E-08	3.1875E-06	1.3698E-06
-1.4090E-08	3.8384E-08	2.0362E-06	-7.0421E-07
-9.4571E-10	7.2937E-08	8.3330E-07	6.9779E-07
2.1743E-08	3.4386E-08	2.1252E-06	4.5796E-07
1.1896E-08	4.2879E-08	4.5118E-07	-1.9693E-07
3.7499E-08	7.3554E-08	7.5988E-07	1.8579E-06
-2.5925E-08	2.9074E-08	2.3497E-06	9.1875E-07
3.8918E-08	8.6297E-08	1.1247E-06	-5.9138E-07
1.2481E-07	4.1779E-08	-8.3832E-07	1.0639E-06
4.5025E-08	-1.7668E-08	9.6491E-07	2.8584E-06
8.6442E-08	-1.1718E-08	1.6703E-06	2.2836E-06
8.6829E-08	-2.8510E-08	3.4437E-06	2.3096E-06
5.1610E-08	-6.4781E-08	2.9583E-06	-9.9913E-07
3.1608E-08	-9.3541E-08	2.3386E-07	4.2570E-07
-2.2499E-09	-6.3898E-08	1.8263E-06	1.3005E-06
-2.7624E-08	-4.8279E-08	1.2957E-06	3.7615E-07
-4.4957E-08	-2.2893E-09	1.2109E-06	1.1976E-06
-1.2957E-08	-5.4191E-08	1.6423E-06	6.4494E-07
-1.9889E-08	1.3104E-08	7.4638E-07	7.3541E-07
-2.9564E-08	-5.9475E-08	1.2067E-06	1.5250E-06
1.8290E-08	-1.4560E-08	1.4701E-06	1.0037E-06
6.6234E-08	-5.1515E-08	1.1899E-06	1.2925E-06
8.2451E-08	-6.7689E-08	1.7671E-06	1.2317E-06
8.3005E-08	-1.3207E-07	1.4288E-06	4.4822E-07
1.0901E-07	-6.9712E-08	2.1134E-07	1.0502E-06
5.0522E-08	-1.8085E-07	1.2210E-06	2.8387E-06
-1.0789E-08	-1.2649E-07	3.1893E-06	1.2502E-06
2.5326E-08	-2.2495E-07	1.1652E-06	-5.5442E-08
-1.6600E-11	-1.8733E-07	1.0658E-06	1.7445E-06
-2.9054E-08	-1.8980E-07	1.9796E-06	1.1722E-06
-1.7297E-08	-1.1990E-07	1.9963E-06	8.7298E-07
-7.7558E-09	-2.3963E-07	1.1829E-06	-2.3271E-07
5.9528E-08	-1.9057E-07	-1.5119E-08	1.5819E-06
-2.1634E-08	-2.2139E-07	1.7353E-06	1.6728E-06
-8.5421E-08	-2.0051E-07	9.2328E-07	1.2690E-06
-8.1280E-08	-2.2983E-07	1.5647E-06	1.8570E-06
-1.2016E-07	-2.1703E-07	1.5973E-06	1.5031E-06
-1.9156E-07	-2.3482E-07	1.7945E-06	1.4471E-06
-2.0497E-07	-1.8951E-07	1.7614E-06	1.7839E-06
-2.0380E-07	-1.9159E-07	3.0794E-06	8.0455E-07
-1.9322E-07	-1.7111E-07	8.7133E-07	-3.0275E-07
-1.7430E-07	-1.0161E-07	1.1563E-06	1.6194E-06
-2.0209E-07	-1.2225E-07	1.1971E-06	5.6562E-07
-1.3871E-07	-6.8289E-08	1.0991E-06	1.9627E-06
-1.4958E-07	-8.8433E-08	1.7621E-06	4.5074E-07
-1.9367E-07	-1.4142E-07	-1.3032E-07	2.0709E-06
-1.6563E-07	-1.7249E-07	3.0819E-06	2.5938E-06
-1.9595E-07	-1.4087E-07	1.8220E-06	7.6432E-10
-2.2390E-07	-1.2314E-07	1.4699E-06	1.7398E-06
-2.2881E-07	-1.1283E-07	2.1051E-06	1.6861E-07
-2.1947E-07	-1.3955E-07	2.2757E-07	8.6844E-07
-2.2079E-07	-7.1689E-08	1.2175E-06	1.8221E-06
-2.0836E-07	-1.1664E-07	1.1251E-06	1.3821E-06
-2.0332E-07	-1.2028E-07	1.1848E-06	2.1608E-06
-2.3141E-07	-1.3684E-07	2.2184E-06	1.7691E-06
-3.0649E-07	-1.4265E-07	1.4242E-06	1.2958E-06
-2.6703E-07	-9.0491E-08	2.2439E-06	2.0113E-06
-2.4313E-07	-9.7064E-08	1.9825E-06	5.7312E-07
-2.5328E-07	-8.3135E-08	1.6730E-06	1.4519E-06
-2.4854E-07	-1.9764E-08	1.3846E-06	2.2571E-07
-2.0617E-07	-4.1413E-08	2.4966E-07	2.2738E-06
-2.1442E-07	-1.1589E-08	2.1515E-06	2.4616E-06
-1.9705E-07	-2.4449E-08	3.1229E-06	2.2210E-06
-1.8235E-07	-1.3135E-08	2.9829E-06	-1.0067E-06
-1.8451E-07	-2.2086E-08	-5.8786E-07	1.2408E-06
-2.0089E-07	-5.0421E-08	2.7580E-06	2.1751E-06
-2.3207E-07	-4.1558E-08	1.4772E-06	5.7585E-07
-2.0807E-07	5.2788E-10	1.7875E-06	1.0831E-06
-1.6475E-07	2.6349E-08	7.6260E-07	1.3188E-06
-1.7655E-07	-3.8027E-08	2.1824E-06	1.8376E-06
-2.0477E-07	-9.8604E-10	1.7678E-06	1.2790E-06
-2.1704E-07	-3.7303E-08	2.5973E-06	1.9348E-07
-1.8799E-07	-6.0057E-08	-8.5738E-07	4.7143E-07
-2.5480E-07	-5.8686E-08	1.8146E-06	3.3065E-06
-1.8669E-07	-2.1511E-08	1.4051E-06	7.3775E-07
-3.0444E-07	-4.1504E-08	1.4003E-06	2.8106E-06
-2.5800E-07	-3.6035E-08	2.1213E-06	1.6155E-06
-2.4904E-07	1.3301E-08	2.3387E-06	2.2302E-06
-2.9720E-07	8.0714E-08	2.1865E-06	1.0797E-06
-1.9710E-07	1.0119E-07	2.6519E-06	2.3396E-06
-2.4827E-07	9.1451E-08	3.4498E-06	-3.2104E-07
-2.0908E-07	1.1397E-07	3.3890E-07	-2.7393E-08
-2.2933E-07	7.1666E-08	8.1529E-07	2.3123E-06
-2.0647E-07	7.9874E-08	2.4905E-06	2.3395E-06
-2.6188E-07	4.1624E-08	3.0754E-06	1.3357E-06
-1.6822E-07	6.6256E-08	2.8995E-06	1.1414E-09
-2.7777E-07	3.5619E-08	1.1338E-06	2.1209E-08
-2.5614E-07	-1.9714E-09	1.5363E-06	6.5240E-07
-1.9350E-07	7.3385E-08	5.7701E-08	9.1110E-07
-2.5804E-07	8.2332E-08	2.1027E-06	2.9517E-06
-1.6540E-07	2.1105E-07	2.5515E-06	3.3143E-07
-2.1440E-07	1.3537E-07	1.6211E-06	1.0127E-06
-2.4241E-07	8.2373E-08	1.3052E-06	2.9258E-07
-1.9428E-07	1.3611E-07	1.0195E-06	1.7056E-06
-1.6239E-07	1.5647E-07	1.4780E-06	9.3382E-07
-1.5601E-07	1.6423E-07	1.2003E-06	2.0221E-06
-1.3754E-07	1.9713E-07	1.9359E-06	1.2139E-06
-1.6047E-07	1.3499E-07	1.6671E-06	1.9901E-06
-1.1875E-07	1.8509E-07	2.5859E-06	7.2270E-07
-1.2416E-07	1.3047E-07	1.2652E-06	1.0166E-06
-1.4978E-07	1.7241E-07	1.9367E-06	8.0561E-07
-7.9316E-08	1.9783E-07	9.4989E-07	9.7432E-07
-4.8122E-08	2.0217E-07	1.3499E-06	1.0999E-06
-8.6385E-08	1.7421E-07	5.3361E-07	1.6078E-06
-7.6168E-08	1.5488E-07	1.4355E-06	2.6046E-06
-3.2835E-08	1.8605E-07	3.0213E-06	2.5286E-06
9.0070E-10	1.3008E-07	3.3970E-06	-5.5899E-07
-3.5311E-08	1.3484E-07	-4.1268E-07	1.0143E-07
2.4489E-08	1.1178E-07	1.4308E-06	2.4767E-06
-2.4558E-08	1.5355E-07	1.4777E-06	9.9262E-07
-2.6256E-08	8.4728E-08	1.4308E-06	1.9032E-06
-6.0333E-08	9.7618E-08	1.4993E-06	1.1219E-06
-1.5821E-08	1.3308E-07	1.0911E-06	2.3291E-06
-5.3220E-09	1.8485E-07	2.8544E-06	1.8555E-06
-2.3695E-08	1.2078E-07	1.7002E-06	3.9198E-07
3.3029E-08	1.7421E-07	1.0566E-06	1.6583E-06
5.3365E-09	1.2845E-07	1.6374E-06	1.5180E-06
-1.7913E-08	9.5945E-08	1.3688E-06	2.0444E-06
3.0067E-08	1.4158E-07	2.3866E-06	1.9118E-06
5.9924E-08	1.4563E-07	2.3177E-06	1.3247E-06
9.9807E-08	1.8447E-07	1.8928E-06	6.0547E-07
4.1631E-08	1.3578E-07	1.1299E-06	2.0249E-06
5.1565E-08	1.2798E-07	3.4452E-06	8.9664E-07
-1.4226E-09	5.3218E-08	5.6327E-08	-4.3626E-07
3.1459E-08	8.4387E-08	7.9085E-07	2.7013E-06
3.9122E-08	7.7358E-08	1.0215E-06	1.5598E-06
7.3990E-08	9.6350E-08	1.7924E-06	3.7088E-06
2.3210E-08	9.5052E-08	3.5411E-06	1.3340E-06
9.0979E-08	1.3009E-07	1.8589E-06	1.1665E-06
8.4243E-08	1.3126E-07	1.7333E-06	1.5407E-06
-1.4207E-08	1.0557E-07	2.7342E-06	3.0504E-06
6.7656E-08	1.3103E-07	4.9385E-06	2.6478E-07
6.5001E-08	8.5143E-08	2.0984E-06	-1.4318E-06
1.4042E-07	1.2837E-07	7.6503E-07	-6.6400E-07
1.0826E-07	7.1492E-08	-7.3213E-08	7.7773E-07
8.1335E-08	1.2792E-07	8.0105E-07	1.3195E-06
1.1900E-07	1.0569E-07	6.6896E-07	1.6419E-06
6.0414E-08	8.7246E-08	1.0423E-06	1.4334E-06
1.6609E-07	1.4880E-07	4.9679E-07	2.6622E-06
1.0536E-07	7.6545E-08	2.9569E-06	2.3145E-06
1.1751E-07	7.6313E-08	1.3738E-06	5.9131E-07
2.0584E-07	9.7503E-08	1.2249E-06	2.3579E-06
1.9720E-07	5.6353E-08	2.5261E-06	1.9372E-06
1.5946E-07	1.4199E-08	2.5150E-06	6.0694E-07
1.8954E-07	2.6119E-08	8.0768E-07	1.5151E-07
1.5285E-07	-1.3435E-08	-2.8812E-07	1.9068E-06
1.4509E-07	2.6686E-08	1.5811E-06	4.1352E-06
1.2501E-07	-2.6874E-08	4.4765E-06	1.5602E-06
1.4221E-07	-1.0481E-08	1.4582E-06	-5.5422E-07
1.5000E-07	9.6937E-09	8.1457E-07	1.6750E-06
1.6649E-07	-6.9341E-09	1.8163E-06	1.4433E-06
1.6975E-07	4.3416E-08	1.1270E-06	7.8087E-07
1.4358E-07	3.6768E-08	3.2820E-07	2.1742E-06
1.3107E-07	-1.8726E-08	1.9301E-06	2.3339E-06
1.6570E-07	1.1960E-09	9.9193E-07	2.0160E-06
1.1654E-07	-4.1792E-08	2.5095E-06	3.2005E-06
1.2474E-07	-5.0680E-08	3.1351E-06	1.0505E-06
1.5600E-07	-2.1149E-08	1.4877E-06	7.8480E-07
1.4217E-07	-2.0191E-08	1.6035E-06	1.9924E-06
1.6117E-07	-4.2668E-08	2.1766E-06	6.6544E-07
1.7263E-07	-4.1516E-08	-1.4499E-07	1.9087E-06
1.1546E-07	-6.1492E-08	2.9647E-06	3.0486E-06
1.4625E-07	-3.8513E-08	1.3857E-06	3.7805E-07
1.0123E-07	-1.0388E-07	1.0910E-06	3.1763E-06
1.3049E-07	-5.2695E-08	2.4916E-06	2.2971E-06
7.7349E-08	-7.2036E-08	2.8965E-06	2.6377E-06
1.2231E-07	-3.5309E-08	3.4526E-06	9.3419E-07
1.0427E-07	-7.1363E-08	2.4703E-06	4.9886E-07
7.3458E-08	-7.6740E-08	9.2760E-07	3.5231E-07
6.4951E-08	-1.5004E-07	1.6474E-06	3.0810E-06
1.0660E-07	-6.4257E-08	3.5225E-06	3.7889E-07
7.3485E-08	-1.3247E-07	6.9274E-07	9.8573E-07
1.3340E-07	-9.9891E-08	2.8267E-06	1.2988E-06
1.3873E-07	-8.3322E-08	3.1203E-07	2.0865E-08
1.2705E-07	-9.0324E-08	1.1436E-06	3.2801E-06
1.5784E-07	-6.6923E-08	3.0552E-06	1.0867E-06
1.0244E-07	-5.1479E-08	1.1399E-06	8.7882E-07
6.5400E-08	-1.1089E-07	1.5615E-06	1.5397E-06
6.4608E-08	-6.6723E-08	1.4047E-06	1.4478E-06
1.0857E-07	-7.6214E-08	1.3328E-06	1.2019E-06
1.1896E-07	-4.4710E-08	1.7349E-07	2.3580E-06
1.2229E-07	-6.6452E-08	2.7030E-06	3.6060E-06
9.3322E-08	-9.1567E-08	2.9833E-06	8.2874E-07
8.8224E-08	-1.0745E-07	1.1718E-06	1.5964E-06
6.1539E-08	-1.0431E-07	2.4718E-06	2.3878E-06
1.0046E-07	-8.5256E-08	2.6759E-06	7.3515E-07
1.2997E-07	-1.3129E-07	7.7413E-07	1.3299E-06
9.7905E-08	-9.5310E-08	2.4530E-06	2.8446E-06
-1.2595E-08	-1.0155E-07	3.1517E-06	8.7355E-07
6.2683E-08	-1.2770E-07	2.0499E-06	1.8695E-07
9.7111E-08	-5.3131E-08	2.1089E-07	6.0084E-07
7.2305E-08	-1.2621E-07	1.2651E-06	3.3016E-06
8.1312E-08	-1.0880E-07	3.2365E-06	1.1103E-06
2.8880E-08	-1.3313E-07	9.3466E-07	7.1354E-07
3.3074E-08	-8.3554E-08	1.3249E-06	2.0730E-06
8.9976E-09	-1.0970E-07	1.8755E-06	1.9744E-06
3.3671E-08	-7.8819E-08	2.1164E-06	1.5465E-06
1.3778E-08	-1.4150E-07	1.6392E-06	1.6243E-06
5.4476E-08	-1.1579E-07	2.4455E-06	1.7691E-06
3.9950E-08	-1.4225E-07	1.8163E-06	4.6676E-07
6.9792E-08	-1.1256E-07	8.9177E-07	2.0571E-06
5.4886E-08	-1.5131E-07	3.0335E-06	1.4156E-06
6.1630E-08	-1.5782E-07	3.4516E-07	-8.9493E-08
2.9415E-08	-1.1965E-07	7.0283E-07	3.5154E-06
1.1429E-08	-1.9494E-07	3.1714E-06	1.2506E-06
-4.0430E-08	-1.7630E-07	3.0684E-07	1.0660E-06
1.7665E-08	-1.8188E-07	1.8406E-06	3.0090E-06
2.0853E-09	-1.2483E-07	2.1728E-06	1.0986E-06
-5.2001E-08	-1.3567E-07	7.9551E-07	2.1398E-06
-2.9039E-08	-1.0794E-07	2.4350E-06	2.8212E-06
-1.0121E-08	-1.2570E-07	2.7466E-06	1.4267E-06
-4.0082E-08	-8.6708E-08	1.9525E-06	1.0780E-06
2.8588E-10	-7.4609E-08	1.5761E-06	1.5464E-06
-6.1222E-08	-9.6835E-08	1.9594E-06	1.4948E-06
9.1095E-08	-6.6283E-08	1.3504E-06	1.5198E-06
3.5457E-08	-1.2307E-07	2.1050E-06	2.0227E-06
-3.0392E-08	-9.9741E-08	1.8726E-06	9.1951E-07
-5.6680E-08	-1.1513E-07	9.7111E-07	1.6077E-06
-1.8650E-08	-8.0569E-08	1.5959E-06	2.4763E-06
-6.3982E-08	-1.4529E-07	2.8747E-06	1.5955E-06
-9.4488E-09	-7.7564E-08	1.1722E-06	2.1549E-07
-5.4559E-08	-9.3482E-08	3.8430E-07	2.2254E-06
-3.4453E-08	-1.3073E-07	1.5822E-06	2.5051E-06
1.4866E-08	-8.4495E-08	1.9232E-06	2.1891E-06
2.0221E-08	-5.0875E-08	1.6396E-06	2.0263E-06
-3.1632E-08	-9.5639E-08	2.3966E-06	2.2942E-06
1.8759E-08	-6.8742E-08	1.7716E-06	1.0688E-06
3.0875E-08	-6.3319E-08	1.6641E-06	2.3434E-06
-6.8073E-08	-8.7148E-08	1.8304E-06	8.3534E-07
1.2627E-08	-8.3486E-08	1.3973E-07	2.5702E-06
9.4382E-11	-1.1534E-07	2.1541E-06	3.1162E-06
-7.9650E-09	-9.0658E-08	1.9359E-06	2.6781E-06
-3.0901E-08	-1.1294E-07	2.6852E-06	2.8659E-06
1.2874E-08	-7.5161E-08	3.2478E-06	2.5402E-06
-1.4788E-08	-1.1862E-07	3.6302E-06	9.4935E-07
3.3935E-08	-1.1497E-07	1.6902E-06	8.3760E-07
-7.0741E-08	-1.0987E-07	2.0263E-06	2.0080E-06
-1.8622E-08	-9.1200E-08	2.7546E-06	2.1524E-06
1.5129E-08	-8.8837E-08	3.7075E-06	6.5702E-07
3.4874E-09	-6.6477E-08	1.4966E-06	-3.3015E-07
2.3115E-08	-5.0909E-08	9.3926E-07	1.3312E-06
-1.8037E-08	-6.9683E-08	1.7839E-06	1.8778E-06
2.2191E-08	-7.9723E-08	2.4108E-06	6.0977E-07
3.6036E-08	-9.2656E-08	1.4293E-07	6.5776E-07
-5.0130E-09	-9.4328E-08	1.1350E-06	2.6240E-06
2.8529E-08	-5.8925E-08	1.4181E-06	1.7051E-06
-2.0518E-08	-1.4112E-07	1.5227E-06	2.6462E-06
-3.4269E-08	-5.0330E-08	2.2326E-06	2.0276E-06
7.6822E-09	-9.1353E-08	2.2691E-06	2.0159E-06
1.4403E-08	-8.0507E-08	2.2982E-06	1.1237E-06
1.1450E-07	-3.7406E-08	1.3146E-06	1.4842E-06
-6.5915E-08	-9.7414E-08	1.7346E-06	2.0465E-06
2.4424E-09	-7.6624E-08	2.0174E-06	2.0693E-06
-5.5608E-08	-6.6322E-08	2.7375E-06	1.7810E-06
4.8648E-08	-1.0397E-07	2.1666E-06	4.6291E-07
-1.2085E-08	-5.9968E-08	1.0064E-06	1.6825E-06
-1.8377E-08	-4.9306E-08	2.7702E-06	1.4911E-06
-6.1768E-08	-7.7235E-08	9.1535E-07	2.2643E-07
-8.6181E-08	-4.5453E-08	1.1814E-06	2.3702E-06
-1.4761E-08	-5.3416E-08	1.8986E-06	9.5695E-07
-1.3514E-08	-9.6775E-08	8.2007E-07	1.7582E-06
-4.3517E-10	-3.9545E-08	1.7154E-06	1.6746E-06
4.7617E-08	-8.3901E-08	1.0713E-06	1.8756E-06
-5.3031E-08	-6.8372E-08	2.5232E-06	1.9508E-06
-3.1806E-08	-9.6522E-08	1.3253E-06	-3.8423E-07
-1.0597E-07	-6.9809E-08	-1.1262E-06	2.1526E-06
1.9377E-08	-4.8134E-08	1.9938E-06	3.3861E-06
-3.1266E-08	-3.7111E-08	1.1554E-06	1.1443E-06
5.1770E-09	-4.6751E-08	6.2779E-07	3.1699E-06
-1.6166E-08	-4.9262E-08	2.2454E-06	2.9450E-06
-1.8756E-08	-3.0411E-08	2.7127E-06	1.8540E-06
-2.1671E-08	-4.4869E-08	1.1695E-06	1.1423E-06
-5.4323E-08	-5.3772E-08	2.0373E-06	2.7025E-06
3.3950E-08	-7.8872E-08	1.7271E-06	1.0120E-07
-1.9608E-08	-4.8067E-08	-5.0152E-07	2.5765E-06
-7.6709E-08	-1.4170E-08	1.9026E-06	3.1989E-06
-4.7426E-08	-2.3368E-08	2.2482E-06	2.4617E-06
-7.1264E-08	-5.8275E-08	2.0847E-06	1.1085E-06
-4.1961E-08	-3.3298E-08	7.3664E-07	1.9639E-06
1.2857E-08	8.1048E-09	1.3061E-06	2.0870E-06
-5.8550E-08	-5.0927E-08	1.2608E-06	2.9001E-06
-1.2495E-08	-7.5245E-08	2.0417E-06	1.6602E-06
-4.2691E-08	-7.7215E-08	5.6731E-07	2.7347E-06
-7.0780E-08	-1.1294E-07	2.3786E-06	2.4863E-06
-8.0383E-08	-1.0340E-07	9.9874E-07	2.3557E-06
3.6783E-08	-6.8975E-08	2.1964E-06	2.7297E-06
-7.5072E-08	-4.1588E-08	1.6903E-06	2.6621E-06
-3.4655E-08	-6.5081E-08	3.0280E-06	1.9627E-06
-2.7359E-08	-5.8728E-08	1.0835E-06	1.5214E-06
-3.9087E-08	-1.6586E-08	2.4191E-06	2.2172E-06
1.2418E-09	-5.5553E-08	8.5773E-07	8.3601E-07
-1.3712E-07	-1.7455E-08	3.9708E-07	2.7308E-06
-6.9720E-08	-3.2523E-08	1.2759E-06	3.5086E-06
-8.2020E-08	-8.9941E-08	2.8072E-06	2.3810E-06
-3.9533E-08	-1.2710E-08	4.2451E-07	1.9773E-06
-6.3857E-08	-3.2462E-08	2.2962E-06	4.0487E-06
-3.4181E-08	-4.1286E-08	2.2468E-06	1.6243E-06
-3.4717E-08	1.7052E-09	1.3061E-06	3.2733E-06
-9.7850E-08	-2.6870E-08	3.1578E-06	2.9345E-06
-1.8177E-08	-2.3957E-08	2.3828E-06	1.0411E-06
-5.4100E-08	1.3141E-08	4.6609E-07	2.7336E-06
-3.1309E-08	4.6011E-09	3.2927E-06	3.4536E-06
-3.6815E-09	-1.7958E-09	2.1670E-06	1.1620E-06
-4.8412E-08	-5.2604E-09	1.7876E-06	2.5763E-06
-6.0526E-09	2.2445E-09	1.8400E-06	2.2810E-06
-6.0167E-08	-3.0474E-08	2.7615E-06	2.8786E-06
-6.6677E-08	-7.5180E-08	2.4762E-06	1.1473E-06
-5.1470E-08	-1.0515E-08	1.5082E-06	2.0018E-06
1.5163E-08	-7.4262E-08	1.7167E-06	2.3132E-06
-2.6132E-08	-2.9817E-08	2.5591E-06	2.4297E-06
4.0780E-08	-3.5879E-08	1.9015E-06	1.3193E-06
3.1071E-10	1.4422E-08	1.8379E-06	2.2911E-06
1.5992E-08	-2.7107E-09	1.7656E-06	1.3207E-06
-2.5739E-08	-3.3366E-08	9.8610E-07	2.2811E-06
2.2951E-08	-6.1679E-08	1.5056E-06	2.4680E-06
-2.7564E-08	-2.2584E-08	1.5138E-06	2.6130E-06
-1.1066E-08	-4.9781E-08	1.4893E-06	3.0630E-06
4.5440E-08	-2.8773E-08	2.8589E-06	3.2938E-06
-6.8391E-08	-4.0754E-08	2.7348E-06	1.9458E-06
4.4998E-09	-1.9619E-08	2.7723E-06	1.9369E-06
6.7251E-08	-7.3655E-08	1.7049E-06	1.0096E-06
-3.9731E-08	-4.0989E-08	1.5712E-06	2.5086E-06
-1.0205E-08	-5.3680E-08	1.9769E-06	1.6452E-06
2.2161E-08	-6.8612E-08	1.3452E-06	2.3055E-06
2.6185E-08	-7.3689E-09	1.7320E-06	2.4863E-06
-5.5595E-09	-3.0249E-08	2.3676E-06	2.4979E-06
2.5199E-08	-5.5743E-08	1.5783E-06	1.7262E-06
3.6281E-08	3.2863E-09	2.2888E-06	3.3719E-06
1.9338E-08	-5.7822E-08	3.3479E-06	1.0290E-06
-2.7605E-08	-8.7330E-09	1.4329E-06	1.0438E-06
-1.1095E-08	-2.2395E-08	1.3090E-06	9.8073E-07
3.4971E-08	-2.0995E-08	-6.3204E-08	1.9878E-06
-5.8734E-08	-2.7586E-08	1.1560E-06	3.3346E-06
4.3636E-08	-3.8912E-08	1.9520E-06	2.2556E-06
2.7688E-08	-8.2846E-08	3.3883E-07	2.4155E-06
4.8752E-08	-5.6300E-09	2.0496E-06	4.5245E-06
-1.5115E-08	-1.4146E-08	3.3222E-06	1.7921E-06
-4.1450E-08	-3.1356E-08	1.3192E-06	1.9337E-06
5.1229E-08	-4.6274E-08	1.7135E-06	2.3812E-06
4.0959E-09	-6.4991E-08	1.6719E-06	2.6850E-06
2.7028E-08	-6.7381E-08	2.0178E-06	2.1188E-06
-2.6289E-08	-1.6460E-08	1.1484E-06	2.5453E-06
-9.2531E-09	-4.9043E-08	1.9548E-06	3.1312E-06
-3.2785E-08	-1.1014E-08	2.4124E-06	2.5497E-06
6.6477E-08	-7.8613E-08	1.9353E-06	2.2684E-06
-1.7013E-08	-4.4611E-08	2.5115E-06	2.5583E-06
2.2638E-08	-8.2229E-09	2.0158E-06	1.3351E-06
3.7513E-08	-3.4639E-08	1.6641E-06	2.0632E-06
2.2600E-08	-4.6582E-08	5.5023E-07	1.0498E-06
4.4041E-09	-3.6431E-08	-6.1828E-09	4.9065E-06
1.2915E-08	-4.8743E-08	4.6146E-06	3.3408E-06
1.7061E-08	-6.6922E-08	1.8490E-06	3.5512E-07
4.0006E-08	-1.0148E-07	4.2334E-07	2.4390E-06
4.5046E-08	-3.5057E-08	1.7326E-06	3.7030E-06
-6.8375E-08	-3.6227E-08	2.8587E-06	2.3294E-06
6.7113E-08	-1.8201E-08	2.1582E-06	2.0858E-06
-4.5768E-08	-9.6748E-08	1.8942E-06	6.9082E-07
5.0687E-08	-6.8650E-08	-5.9293E-07	2.7857E-06
2.0523E-08	-4.0798E-08	2.9269E-06	3.2894E-06
9.1021E-08	-7.3885E-08	2.8235E-07	1.0305E-06
4.7051E-08	-1.5443E-08	6.6745E-07	4.5602E-06
2.4540E-08	-1.0142E-07	2.6970E-06	3.1329E-06
3.2499E-10	-7.5928E-08	2.0970E-06	2.1711E-06
4.7217E-08	-5.7738E-08	6.0030E-07	2.4148E-06
6.7538E-08	-4.9162E-08	1.8399E-06	4.1600E-06
-1.6147E-08	1.7827E-08	2.0868E-06	2.4748E-06
5.3057E-08	-2.6723E-08	1.9581E-06	4.0936E-06
-3.6129E-08	-5.8740E-08	3.8086E-06	2.0750E-06
5.6398E-08	-8.5462E-08	1.3378E-06	1.3446E-06
-9.5516E-10	-1.1311E-07	1.2918E-06	2.4805E-06
3.3030E-08	-9.2502E-08	1.1819E-06	2.8699E-06
2.0066E-08	-4.9525E-08	1.9027E-06	2.9006E-06
-1.7111E-08	-4.5035E-08	1.0867E-06	2.6552E-06
3.2660E-08	-4.5864E-08	1.6852E-06	3.9682E-06
-1.0537E-07	-8.5331E-08	2.7843E-06	2.8818E-06
3.4167E-08	-1.0499E-07	1.6467E-06	2.3798E-06
-5.8222E-08	-3.2561E-08	1.7319E-06	3.4283E-06
-4.5744E-08	-4.1873E-08	2.7218E-06	2.9791E-06
-2.9162E-08	-6.3592E-08	2.1331E-06	1.9736E-06
4.9397E-08	-6.7030E-08	1.1149E-06	2.6501E-06
3.8663E-08	-1.3757E-08	1.8772E-06	3.4200E-06
-9.4230E-09	-9.4029E-08	2.1115E-06	2.7587E-06
-8.9480E-09	-4.9284E-08	1.6192E-06	2.8474E-06
1.2265E-08	-6.9358E-08	1.6209E-06	3.6990E-06
-2.9288E-08	-6.3690E-08	3.2726E-06	3.3238E-06
5.8935E-09	-5.7628E-08	1.3998E-06	1.9247E-06
6.5637E-08	-7.1138E-08	2.2601E-06	5.1021E-06
-1.1023E-09	-3.3372E-08	4.5822E-06	1.8932E-06
-4.0446E-08	-5.5902E-08	1.9018E-06	1.8967E-06
2.0120E-08	-6.8283E-08	2.6715E-06	1.6507E-06
-1.2881E-09	-6.4068E-08	1.0417E-06	2.5158E-06
5.4412E-08	-4.9848E-08	2.9562E-06	2.2688E-06
1.2116E-08	-7.0340E-08	8.8305E-07	2.0111E-06
-1.3922E-07	-9.5433E-08	2.5025E-06	2.6896E-06
1.5056E-08	-3.4225E-08	7.2574E-07	2.2224E-06
1.3357E-08	-7.3395E-08	2.9853E-06	3.5562E-06
-9.6815E-09	-5.2305E-08	1.8568E-06	9.4110E-07
-5.1500E-08	-6.4744E-08	1.2598E-06	2.3130E-06
4.2821E-08	-7.1560E-08	2.8115E-07	2.2252E-06
-4.5296E-08	-8.2559E-08	1.7950E-06	4.0205E-06
-2.3707E-08	-8.2702E-08	1.2908E-06	1.8869E-06
-2.0771E-08	-5.4933E-08	1.0224E-06	4.2402E-06
-1.8399E-08	-5.0501E-08	2.2221E-06	3.2348E-06
2.2542E-08	-5.7572E-08	2.8846E-06	3.5956E-06
-3.2997E-08	-1.0083E-07	2.2033E-06	7.6795E-07
-2.0976E-08	-3.0799E-08	-1.9184E-07	3.5531E-06
-6.3083E-08	-7.6688E-08	2.7686E-06	4.0671E-06
-3.0287E-08	-1.0386E-07	2.7617E-06	2.3464E-06
-2.0084E-08	-9.1406E-08	1.4541E-06	1.8645E-06
-3.5813E-08	-4.4382E-08	1.5651E-06	3.2436E-06
3.3005E-08	-6.3771E-08	1.8335E-06	1.9158E-06
7.8555E-08	-7.6268E-08	7.6766E-07	3.1271E-06
1.8351E-09	-1.0108E-07	1.7925E-06	2.6836E-06
-2.8560E-08	-1.8543E-08	6.5162E-07	2.8813E-06
4.7485E-09	-6.8359E-08	8.3442E-07	3.7202E-06
-6.0696E-09	-3.7364E-08	1.8475E-06	4.5999E-06
-1.2701E-09	-5.9235E-08	2.6688E-06	3.1661E-06
-3.5861E-08	-7.2228E-08	2.2229E-06	3.5410E-06
-5.2611E-08	-1.0640E-07	2.6939E-06	2.0480E-06
4.4561E-08	-1.2030E-07	7.9278E-07	3.0382E-06
-1.1576E-08	-1.9150E-08	2.6618E-06	3.3069E-06
2.9396E-08	-9.4338E-08	1.6144E-06	2.2784E-06
-3.7442E-08	-6.6973E-08	1.8246E-06	2.8162E-06
-3.5548E-08	-5.8538E-08	1.2530E-06	2.0938E-06
-4.8853E-09	-7.6613E-08	3.0281E-07	2.9855E-06
-2.2474E-08	-6.7384E-08	1.1074E-06	4.0160E-06
-1.8859E-08	-8.6267E-08	1.2667E-06	3.1184E-06
-4.0892E-08	-3.6754E-08	5.7222E-07	4.5223E-06
-4.7152E-08	-6.5272E-08	2.6314E-06	4.4928E-06
2.2339E-08	-7.8637E-08	2.0660E-06	3.0986E-06
3.9817E-08	-6.5061E-08	1.2453E-06	3.8594E-06
1.2026E-08	-9.3768E-08	2.6427E-06	4.8518E-06
-5.9999E-08	-4.0987E-08	3.4518E-06	2.4947E-06
1.2867E-08	-2.3366E-08	1.1361E-06	2.7104E-06
3.0852E-08	-8.1442E-08	2.0230E-06	3.7876E-06
6.5741E-09	-1.2765E-07	2.2874E-06	3.1365E-06
1.0141E-08	-7.0078E-08	1.5290E-06	2.4304E-06
3.2942E-08	-5.7122E-08	4.6120E-07	4.2465E-06
-2.7545E-08	-9.5354E-08	2.7336E-06	4.5131E-06
-2.2014E-08	-3.8200E-08	2.1101E-06	3.5876E-06
-1.0442E-08	-1.0011E-07	2.9391E-06	3.9316E-06
-4.3247E-08	-4.0720E-08	2.6242E-06	2.9095E-06
-7.0104E-09	-1.0050E-07	2.6434E-06	2.8475E-06
-2.7604E-08	-5.8596E-08	1.5121E-06	2.2277E-06
-4.4254E-09	-9.0431E-08	1.0131E-06	3.7939E-06
2.1848E-08	-1.1342E-07	2.3197E-06	4.5305E-06
-2.5777E-09	1.0078E-08	3.9294E-06	3.1528E-06
-1.1123E-07	1.6016E-09	1.9064E-06	1.0516E-06
1.7101E-09	-7.2003E-09	5.1466E-07	3.4913E-06
-2.0302E-08	-9.1597E-08	2.5530E-06	3.2330E-06
3.2368E-08	-1.1471E-07	6.3064E-07	2.3056E-06
2.0658E-09	-9.9400E-08	1.0759E-06	4.9121E-06
-3.7152E-08	-5.2653E-08	2.9646E-06	3.5857E-06
-2.5661E-08	-7.3038E-08	2.0068E-06	3.0160E-06
1.8831E-08	-7.7019E-08	1.9289E-06	2.6503E-06
1.0360E-08	-7.4530E-08	6.4938E-07	3.3473E-06
-3.0694E-08	-6.6472E-08	1.8778E-06	4.4900E-06
2.9325E-08	-7.3353E-08	2.7361E-06	3.5388E-06
-1.6321E-08	-9.0898E-08	2.0344E-06	2.4958E-06
-3.8307E-08	-3.2097E-08	1.3325E-06	3.5913E-06
-8.9232E-09	-8.7601E-08	2.3936E-06	2.7245E-06
-2.7114E-08	-6.2815E-08	2.5127E-07	3.0594E-06
-2.7759E-08	-8.8366E-08	1.9656E-06	4.4275E-06
-1.6933E-08	-4.6292E-08	1.6014E-06	3.3989E-06
-7.0007E-09	-4.7428E-08	2.7660E-06	3.7372E-06
-1.5137E-08	-8.3215E-08	1.0316E-06	1.5776E-06
-3.2250E-08	-3.1215E-08	1.9520E-07	4.8314E-06
-6.6657E-08	-7.1127E-08	2.7688E-06	3.7806E-06
-5.7379E-08	-9.6763E-08	1.0687E-06	2.7799E-06
-5.0823E-08	-3.9406E-08	8.4616E-07	4.2303E-06
-1.6077E-08	-8.8709E-08	2.1561E-06	4.1594E-06
-4.8048E-08	-2.5913E-08	1.4427E-06	3.1035E-06
-7.7688E-09	-5.8799E-08	1.2583E-06	4.1753E-06
-5.5504E-08	-3.5593E-08	1.5718E-06	3.6649E-06
-1.7105E-08	-6.2885E-08	1.5758E-06	4.2604E-06
-2.5394E-08	-8.6262E-08	1.7125E-06	3.2227E-06
-1.7237E-08	-7.6599E-08	7.4207E-07	4.3995E-06
-1.3436E-08	-1.5236E-08	2.1263E-06	4.1704E-06
-1.8139E-08	-8.7366E-08	1.2148E-06	4.1421E-06
-2.4516E-08	-7.9287E-08	2.4944E-06	4.4197E-06
-5.2314E-08	6.1238E-09	1.9072E-06	3.0736E-06
5.3426E-09	-5.9424E-08	1.1536E-06	3.7247E-06
-5.8030E-08	-1.1032E-07	1.5376E-06	4.0716E-06
-8.2315E-08	-1.4954E-07	1.5416E-06	3.6317E-06
-2.6390E-08	-5.9822E-08	1.2759E-06	3.9599E-06
3.1734E-08	-5.8258E-08	1.1194E-06	3.2167E-06
-3.2930E-08	-2.5843E-08	-5.9522E-07	4.9394E-06
2.1528E-08	-6.7396E-08	2.3734E-06	6.3140E-06
-7.6250E-08	-4.6299E-08	2.4104E-06	3.9021E-06
-5.8602E-09	-6.5051E-08	1.8538E-06	4.8207E-06
-8.9804E-08	-4.3384E-08	2.9973E-06	3.9861E-06
-1.6180E-08	-9.8509E-08	1.9482E-06	2.5629E-06
-8.9922E-08	-6.3812E-08	2.4485E-08	3.3788E-06
-3.3385E-08	-4.2637E-08	7.9024E-07	5.2755E-06
-6.0960E-08	-5.2532E-08	1.9700E-06	4.5169E-06
-5.3107E-08	-5.2301E-08	1.3592E-06	3.9870E-06
-3.0566E-08	-1.2249E-07	1.0741E-06	4.3539E-06
-9.6889E-08	-6.9486E-08	1.0024E-06	4.4019E-06
-4.4043E-08	-3.3372E-08	8.2785E-07	4.9941E-06
6.1007E-09	-1.4138E-07	1.2594E-06	4.9844E-06
-6.8216E-08	1.0228E-09	1.1661E-06	5.7045E-06
-9.3756E-08	-1.6575E-08	2.7271E-06	4.8263E-06
1.3192E-09	-3.5912E-08	4.8513E-07	4.1152E-06
-7.7932E-08	-4.4460E-08	1.3090E-06	6.1698E-06
-4.1715E-08	-6.2918E-08	1.4892E-06	5.4323E-06
-3.8189E-08	-7.5830E-08	2.3476E-06	6.4472E-06
-6.0911E-08	-8.9754E-08	2.5115E-06	5.2644E-06
8.9056E-09	-5.7153E-08	3.3800E-06	6.2159E-06
-5.8684E-09	1.1620E-08	3.7258E-06	3.6484E-06
-1.2031E-07	5.0154E-09	2.4509E-06	4.6200E-06
-1.9856E-08	-8.4782E-08	3.3218E-06	3.0983E-06
-2.8356E-08	-1.7867E-08	8.6226E-07	3.3931E-06
-2.0460E-08	-7.7424E-08	1.3412E-06	4.5928E-06
-7.0548E-08	-3.2369E-08	1.6708E-06	5.0831E-06
-4.2301E-09	-7.5498E-08	2.4063E-06	4.0977E-06
-7.5699E-08	-4.2717E-08	9.6849E-07	4.5143E-06
-9.1549E-08	-5.6629E-08	2.3497E-06	4.8597E-06
-2.2810E-08	-7.9359E-08	1.2483E-06	3.9780E-06
-5.6495E-08	-2.6791E-08	1.5998E-06	5.2371E-06
-6.4260E-08	-7.0694E-08	2.0061E-06	4.2092E-06
-5.3605E-08	-6.9692E-08	1.0866E-06	4.3673E-06
-3.2756E-08	-9.2237E-08	1.2207E-06	4.7646E-06
-8.6746E-08	-5.1123E-08	7.7670E-07	4.6044E-06
-4.6455E-08	-4.5547E-08	2.3312E-07	6.1127E-06
-4.0137E-08	-4.0156E-08	2.5893E-06	7.1977E-06
-4.7049E-08	-7.9100E-09	4.2597E-06	4.5256E-06
-3.1237E-08	-2.5200E-08	1.7166E-06	2.3459E-06
-2.6437E-08	-4.6083E-08	-4.1609E-07	4.3911E-06
-5.3123E-08	-3.6592E-08	6.6762E-07	5.5805E-06
-3.5631E-08	-4.6469E-08	5.8148E-07	5.7768E-06
3.3611E-09	-6.1363E-08	1.8611E-06	6.3137E-06
-3.2087E-08	-3.4359E-08	1.4908E-06	4.6729E-06
-3.7610E-08	-1.1456E-07	4.5287E-07	6.5334E-06
-2.3482E-08	-6.7042E-08	2.9762E-06	6.2500E-06
-1.0280E-07	-3.7886E-08	1.5361E-06	4.5314E-06
3.3978E-08	-5.7787E-08	1.2709E-06	6.0324E-06
-7.8740E-08	-5.9751E-08	1.9070E-06	5.5594E-06
1.7324E-08	-2.7929E-08	1.7410E-06	5.5052E-06
-8.4746E-08	1.7946E-08	1.3848E-06	5.2567E-06
-8.8244E-08	9.7192E-09	1.3777E-06	6.0212E-06
-1.4256E-07	-5.5175E-08	1.9221E-06	5.5408E-06
-4.8459E-08	-3.0644E-08	1.4525E-06	5.3892E-06
-4.9505E-08	-6.8206E-08	1.3147E-06	5.3799E-06
-4.7497E-08	-6.0346E-08	7.7059E-07	5.4470E-06
-5.1057E-08	-5.5167E-08	4.3661E-07	6.5974E-06
-6.9514E-09	-8.1275E-08	2.2378E-06	6.6750E-06
3.7503E-09	-9.5361E-08	6.8570E-07	4.9231E-06
-1.0579E-08	1.5888E-08	2.3160E-07	8.2071E-06
-5.2557E-08	-3.6531E-08	3.5503E-06	6.9860E-06
-2.8276E-08	-4.2227E-08	1.7305E-06	5.1595E-06
-5.3148E-08	-8.8664E-08	1.3340E-06	6.3247E-06
1.4889E-08	-4.0267E-08	1.6649E-06	5.9950E-06
-3.6826E-08	-3.8980E-08	8.9159E-07	5.9666E-06
-4.9601E-08	-3.6752E-09	6.9481E-07	6.8001E-06
-1.3796E-08	-1.8264E-08	8.3861E-07	7.7082E-06
4.3510E-08	-2.9898E-08	3.0763E-06	8.2081E-06
-4.1342E-08	-4.8910E-08	3.0422E-06	4.9350E-06
-7.2791E-08	-4.2215E-08	2.4541E-07	6.0943E-06
-4.1921E-08	-9.0355E-08	1.5391E-06	7.2936E-06
-1.0933E-08	-3.8617E-08	1.8046E-06	6.8081E-06
1.8584E-08	-7.2870E-08	1.5268E-06	6.0858E-06
-1.4284E-08	-3.5862E-08	8.0830E-08	7.0688E-06
-2.0422E-08	-6.4783E-08	1.3338E-06	8.5614E-06
-1.4330E-08	-5.9029E-08	2.6475E-06	7.9672E-06
-5.5221E-09	-4.7540E-08	2.5178E-06	6.6708E-06
-4.4322E-08	-1.6899E-09	1.7660E-06	7.0318E-06
1.4376E-08	1.4220E-08	2.0292E-06	6.4210E-06
-6.9216E-08	-1.1972E-07	3.8224E-07	7.0851E-06
-6.0415E-08	-6.9070E-08	1.7571E-06	8.5275E-06
-2.6937E-08	-1.9650E-08	2.5321E-06	7.3852E-06
-5.2485E-08	-5.6759E-08	1.8832E-06	6.7285E-06
-6.4233E-08	-9.0391E-08	1.2449E-06	7.0827E-06
-4.6844E-08	6.2626E-09	8.5070E-07	7.1093E-06
1.9176E-08	-5.7801E-08	4.6334E-07	8.6549E-06
-7.5358E-08	-9.3210E-08	1.9411E-06	8.3051E-06
-2.3581E-08	-4.3241E-08	7.4462E-07	8.8661E-06
-5.8441E-08	-1.2738E-07	3.3658E-06	9.2554E-06
-3.0320E-08	2.3214E-08	1.8057E-06	6.8663E-06
-2.6872E-08	-8.2345E-08	1.4425E-06	9.1943E-06
-3.4237E-08	-1.0766E-07	2.6804E-06	8.2170E-06
-6.9877E-08	-2.5197E-08	2.1608E-06	8.1108E-06
-5.3547E-08	-7.9066E-08	1.9277E-06	7.5134E-06
-1.6568E-08	-1.9874E-08	8.0963E-07	8.1617E-06
-2.3218E-08	-7.8264E-08	1.0500E-06	9.2599E-06
-1.6021E-08	-7.3487E-08	2.0845E-06	9.5034E-06
-5.8298E-08	-4.9708E-08	1.7902E-06	8.6535E-06
-3.4497E-08	-3.5367E-08	1.4419E-06	9.8180E-06
2.1066E-08	-9.8716E-08	2.3526E-06	9.7784E-06
-7.8114E-08	-6.1469E-08	2.6475E-06	1.0052E-05
-3.5686E-08	-1.6172E-08	3.4009E-06	8.9781E-06
-3.8525E-08	-5.8078E-08	2.2298E-06	9.0834E-06
-6.2592E-08	-2.9068E-08	3.2580E-06	9.1865E-06
-1.6243E-08	-3.9148E-08	2.3370E-06	8.5572E-06
-2.0675E-08	-1.7148E-08	3.0899E-06	8.8796E-06
6.7671E-09	-7.7669E-08	1.6486E-06	7.4116E-06
-2.8459E-10	4.0633E-10	1.0956E-06	9.3941E-06
-9.4894E-09	-3.1856E-08	1.2922E-06	8.4321E-06
-3.3149E-08	-2.3924E-09	2.6576E-07	1.0224E-05
-2.1543E-08	-6.2799E-08	1.4821E-06	9.3466E-06
-7.2732E-08	-1.2609E-08	-1.1226E-06	1.0897E-05
-8.0859E-08	-6.2136E-08	2.3079E-06	1.2633E-05
1.2232E-09	-5.8050E-08	1.2238E-06	1.0057E-05
-4.3324E-08	-7.4370E-09	9.7117E-07	1.2734E-05
-7.9142E-08	-3.9886E-08	2.5370E-06	1.1453E-05
-5.4184E-08	-6.7939E-08	1.2995E-06	1.1479E-05
-6.6916E-08	-3.2220E-08	7.7623E-07	1.1770E-05
-8.7900E-09	-6.3012E-08	1.9685E-07	1.4388E-05
-5.5105E-08	-2.6772E-08	3.9936E-06	1.5000E-05
-4.3377E-08	3.2038E-08	3.5501E-06	1.1681E-05
-3.6104E-08	-4.1335E-08	1.2804E-06	1.3623E-05
-6.6353E-08	-2.2642E-08	4.0379E-06	1.4711E-05
-5.0103E-08	-5.7190E-08	3.5405E-06	1.2321E-05
-1.9832E-08	-1.0108E-08	2.1951E-06	1.3879E-05
-5.4780E-09	-1.5874E-08	2.9371E-06	1.4363E-05
-6.0892E-08	-4.8637E-08	3.2623E-06	1.5364E-05
-2.6808E-08	-1.2573E-08	4.4482E-06	1.4714E-05
6.9756E-09	-4.1930E-08	3.9443E-06	1.5017E-05
-8.6364E-08	2.4037E-08	4.8225E-06	1.4260E-05
-2.7122E-08	-6.6491E-08	2.6887E-06	1.4722E-05
-2.9228E-08	-4.9839E-08	4.1717E-06	1.6618E-05
-4.1850E-08	-2.8590E-08	4.5404E-06	1.5989E-05
-2.9946E-08	-2.9680E-08	4.9695E-06	1.5989E-05
-5.3700E-08	-8.0398E-08	3.4830E-06	1.5975E-05
-3.9634E-08	-4.1880E-08	4.1296E-06	1.8032E-05
-4.1834E-08	-7.5298E-08	3.8941E-06	1.7933E-05
-8.1310E-08	8.1287E-09	4.3253E-06	2.0679E-05
-7.2662E-08	-7.1673E-09	6.3091E-06	2.1005E-05
-5.0419E-08	-5.4516E-08	6.9519E-06	2.1665E-05
-5.7885E-08	-6.2754E-08	7.9865E-06	2.2818E-05
-5.4632E-08	5.2597E-09	1.0767E-05	2.3688E-05
-1.6919E-08	-5.1605E-08	1.1751E-05	2.2421E-05
-6.9803E-08	-5.2539E-08	1.3286E-05	2.4088E-05
-8.2692E-08	-4.6813E-08	1.6214E-05	2.2694E-05
-6.6702E-08	-2.9283E-08	1.7505E-05	2.2406E-05
-5.0018E-08	-3.6984E-08	2.0373E-05	2.0316E-05
-5.6115E-08	1.3526E-08	2.0327E-05	1.7794E-05
-5.0870E-08	-7.3911E-09	2.0423E-05	1.6837E-05
-4.8299E-08	-4.6928E-08	2.1067E-05	1.5708E-05
-7.0585E-08	-7.3544E-08	2.1181E-05	1.4512E-05
-8.0251E-08	-4.5366E-08	2.2612E-05	1.3199E-05
-2.3459E-08	3.9715E-08	2.1365E-05	9.7661E-06
-3.9099E-08	-2.1294E-08	2.0254E-05	1.0382E-05
-2.7542E-08	-3.5753E-08	2.0151E-05	7.6543E-06
-2.0828E-08	-5.9509E-08	1.7250E-05	8.5694E-06
-4.6146E-08	-7.8897E-09	1.8557E-05	8.1651E-06
-1.5555E-09	-5.9759E-09	1.5938E-05	7.0890E-06
-7.1565E-08	-3.3521E-09	1.4733E-05	8.9020E-06
-9.2882E-08	-3.7821E-08	1.5004E-05	1.0983E-05
-6.7458E-08	8.9293E-10	1.7200E-05	1.1163E-05
-7.4751E-08	-2.5913E-08	1.7481E-05	1.0583E-05
-1.9143E-08	-4.6375E-08	1.8485E-05	9.8878E-06
-4.6993E-08	-5.5444E-08	1.7769E-05	9.2303E-06
-2.6805E-08	-5.2567E-08	1.8165E-05	9.4160E-06
-2.7128E-08	-4.2273E-08	1.8245E-05	9.5318E-06
-3.8531E-08	-5.3615E-08	1.9695E-05	8.8922E-06
-5.3205E-08	-1.3105E-08	1.8752E-05	7.8151E-06
-3.8393E-08	-3.4014E-08	1.9513E-05	8.4047E-06
-5.9317E-08	-4.7444E-08	1.9539E-05	7.1842E-06
-8.8868E-08	-2.1411E-08	1.9930E-05	7.9202E-06
-6.8188E-08	-5.5911E-08	2.1813E-05	6.4433E-06
-2.6177E-08	4.0722E-08	2.1304E-05	4.0240E-06
-3.8592E-08	-2.6594E-08	2.0215E-05	3.3768E-06
-2.3518E-08	-1.1960E-08	1.9971E-05	2.1626E-06
-8.2111E-08	-7.9178E-08	1.8059E-05	1.9158E-06
-7.5199E-08	-4.4228E-08	1.9315E-05	1.9738E-06
-4.2683E-08	-4.8551E-08	1.6986E-05	-1.6313E-06
-7.5685E-08	-2.1467E-08	1.3162E-05	1.0514E-06
-4.4720E-08	-1.9182E-08	1.3697E-05	2.6467E-06
-6.9260E-08	-4.7019E-08	1.3510E-05	5.0278E-06
-6.0776E-08	-4.0486E-08	1.7261E-05	4.6604E-06
-2.2148E-08	-4.2396E-08	1.5703E-05	2.1005E-06
-6.7653E-08	-1.2997E-08	1.5545E-05	2.9855E-06
-3.9948E-08	-4.9006E-08	1.4463E-05	1.9887E-06
-3.5732E-08	-1.2090E-08	1.4183E-05	3.5223E-06
-6.1813E-08	-7.1666E-08	1.3848E-05	3.0500E-06
-5.1987E-08	-9.1163E-09	1.3821E-05	5.1345E-06
-5.8112E-08	-4.3350E-08	1.5441E-05	4.7380E-06
-6.9389E-08	-7.4482E-08	1.5609E-05	4.6354E-06
-4.8172E-08	-5.8674E-08	1.5793E-05	4.5334E-06
-2.1685E-08	-1.6613E-09	1.7605E-05	5.1872E-06
2.6983E-08	-3.2441E-08	1.8379E-05	2.0633E-06
-5.4494E-08	-1.0270E-08	1.7345E-05	2.1904E-06
-9.2028E-09	-1.8752E-08	1.7862E-05	-1.2522E-07
-3.5990E-08	-4.7693E-08	1.5729E-05	1.3273E-07
-7.3799E-08	3.2952E-09	1.6926E-05	-1.6266E-06
-2.6497E-08	-2.4378E-08	1.2553E-05	-3.2252E-06
-4.1187E-08	6.8873E-08	1.0844E-05	-3.1754E-07
-1.8537E-08	3.1626E-09	1.1172E-05	1.0927E-06
-3.6562E-08	-4.6921E-09	1.1587E-05	1.0436E-06
-5.7008E-09	-3.8648E-09	1.0551E-05	1.2886E-06
-3.2782E-08	-9.6615E-09	9.9131E-06	1.9596E-06
2.4882E-08	-3.0026E-08	9.2300E-06	3.8443E-06
-3.7970E-08	-3.0308E-08	1.0595E-05	4.8246E-06
-4.9220E-08	-5.3627E-08	1.0826E-05	4.8416E-06
-7.8348E-08	-1.5173E-08	1.0177E-05	4.8627E-06
-2.3507E-08	-1.6516E-08	9.8745E-06	7.6908E-06
-6.1177E-08	2.0776E-09	1.2361E-05	7.7094E-06
-3.0443E-08	-3.2600E-08	1.1601E-05	8.7638E-06
-2.5908E-08	-5.7029E-08	1.4594E-05	9.3463E-06
-1.7295E-08	-9.8073E-09	1.3771E-05	8.8379E-06
-6.2868E-09	-3.7855E-08	1.6096E-05	1.0513E-05
-3.0927E-08	-1.0441E-08	1.6360E-05	9.3996E-06
-6.0017E-08	1.7668E-08	1.7888E-05	1.2049E-05
-2.3062E-08	-2.5667E-08	2.1854E-05	1.1520E-05
-6.1054E-09	-4.7017E-08	2.4704E-05	1.0197E-05
-5.3455E-08	-5.9678E-08	2.8213E-05	7.1814E-06
-2.2093E-08	-4.0788E-08	2.8854E-05	1.7360E-06
-4.9050E-09	-3.0566E-08	2.6923E-05	-1.1207E-06
-9.0595E-08	-3.0787E-09	2.5916E-05	-4.2174E-06
-3.8347E-08	1.6314E-08	2.2195E-05	-5.5942E-06
3.7360E-09	-1.3210E-08	2.1298E-05	-5.6952E-06
-4.2080E-08	4.7762E-08	1.8567E-05	-6.6352E-06
-6.6229E-09	9.7887E-09	1.7295E-05	-5.5458E-06
-2.6519E-08	-4.5699E-08	1.5799E-05	-5.2978E-06
-3.7071E-08	-1.5125E-08	1.5388E-05	-4.0591E-06
-5.5851E-08	3.9306E-09	1.4840E-05	-3.7323E-06
-3.9225E-08	-2.0902E-08	1.4890E-05	-2.9659E-06
-5.2759E-08	1.6789E-09	1.4809E-05	-2.9426E-06
-3.0610E-08	1.3930E-09	1.4016E-05	-3.2655E-06
-6.1614E-08	-1.4861E-08	1.2656E-05	-4.8989E-07
-3.1548E-08	-2.6061E-08	1.6673E-05	1.9978E-07
-3.3057E-08	-2.4468E-08	1.5529E-05	-1.9383E-06
-5.5086E-08	4.1372E-08	1.7127E-05	-5.0680E-07
-3.4030E-08	-1.6418E-08	1.7159E-05	-3.6194E-06
-7.4349E-08	-5.2496E-09	1.5747E-05	-3.1871E-06
-6.1155E-09	-3.0039E-08	1.4899E-05	-3.1159E-06
-1.0679E-08	-8.0894E-09	1.6239E-05	-1.4403E-06
1.4743E-08	-3.5690E-09	1.6980E-05	-4.0549E-06
-1.8014E-08	1.1696E-08	1.5796E-05	-3.6230E-06
-4.4352E-08	-6.8662E-09	1.6167E-05	-4.7616E-06
-3.2412E-08	-2.2796E-08	1.4777E-05	-4.5678E-06
-1.9282E-08	-3.5173E-08	1.4937E-05	-4.0865E-06
-3.5668E-09	5.1327E-08	1.5936E-05	-3.9461E-06
-1.8284E-08	1.2193E-08	1.6080E-05	-6.1121E-06
-4.5720E-08	-3.5719E-10	1.4864E-05	-6.3959E-06
-3.1246E-08	-2.3614E-08	1.3967E-05	-7.7975E-06
-3.6020E-08	7.7877E-09	1.1555E-05	-6.4820E-06
-5.0485E-08	-4.3267E-08	1.2528E-05	-5.4388E-06
-3.4597E-08	-2.6370E-08	1.2540E-05	-5.7005E-06
-2.9544E-08	1.9971E-08	1.2913E-05	-6.4514E-06
-4.5904E-08	-5.6928E-08	1.1641E-05	-7.4522E-06
-9.8892E-09	-2.7563E-08	1.0252E-05	-7.4856E-06
-4.9099E-09	-6.2785E-08	8.6795E-06	-6.5342E-06
-6.2903E-08	5.2455E-09	8.7459E-06	-5.1821E-06
8.8904E-09	-3.6765E-08	8.9736E-06	-5.2230E-06
-5.2504E-08	-1.0990E-10	7.9012E-06	-5.4241E-06
-2.1104E-08	-2.3064E-08	6.9131E-06	-3.7698E-06
-1.2126E-08	2.5458E-08	7.7709E-06	-3.1668E-06
-7.5710E-08	-2.5175E-09	6.4615E-06	-3.0065E-06
-1.5604E-08	-8.6120E-09	6.4761E-06	-1.1097E-07
-1.3498E-08	-2.8686E-08	9.3624E-06	6.3806E-07
-1.7097E-08	-1.9199E-08	1.0051E-05	-1.4858E-06
-7.2061E-09	-2.3016E-09	8.3080E-06	-1.2890E-06
-8.1708E-08	1.1482E-08	8.9243E-06	9.8157E-08
-8.2183E-08	-6.1524E-08	9.2715E-06	3.9210E-08
5.8261E-09	2.2538E-08	9.9383E-06	6.7603E-07
-3.5579E-08	3.2009E-08	1.0218E-05	-2.5578E-07
-3.8341E-08	1.7194E-08	9.0762E-06	7.4602E-07
-3.4890E-08	-3.1928E-08	1.0554E-05	2.4962E-06
-2.0587E-08	-1.3945E-08	1.2778E-05	1.7078E-06
-6.4500E-08	-2.7420E-08	1.2372E-05	1.2519E-07
-3.8048E-08	4.8894E-08	1.2672E-05	1.0232E-06
-8.6241E-08	-1.5994E-08	1.3503E-05	-1.3161E-06
-6.2401E-08	-3.5092E-08	1.0262E-05	-9.4352E-07
-5.2089E-08	-2.1098E-08	1.0925E-05	1.6574E-06
-7.8630E-08	-2.6380E-08	1.1882E-05	2.9713E-06
-3.5644E-08	5.4223E-09	1.4813E-05	3.8705E-06
-1.0873E-08	-9.2986E-09	1.6980E-05	3.0423E-06
-5.2078E-08	-4.7061E-09	2.0424E-05	1.1507E-06
-3.3074E-08	-2.1255E-08	2.0724E-05	-3.6322E-06
-2.9448E-08	2.6726E-08	1.8997E-05	-6.5216E-06
-4.7758E-08	-7.4183E-10	1.5876E-05	-8.0383E-06
-8.9992E-09	-6.3270E-09	1.4440E-05	-7.8787E-06
-4.4019E-08	-3.8670E-09	1.1259E-05	-7.9845E-06
-4.6769E-08	6.4362E-09	1.1474E-05	-4.5735E-06
-5.8244E-08	1.1556E-08	1.2237E-05	-6.3820E-06
-3.0130E-08	9.8594E-09	1.0279E-05	-5.2653E-06
-3.8306E-08	1.3800E-08	1.0284E-05	-4.5146E-06
-6.8341E-08	-2.3950E-08	1.0758E-05	-2.3337E-06
7.2072E-10	3.4308E-08	1.3064E-05	-3.4943E-06
-1.3222E-08	-3.4295E-08	1.2496E-05	-3.6554E-06
-4.2347E-08	-2.2095E-08	1.4128E-05	-5.0805E-06
2.1334E-09	4.1536E-09	1.2174E-05	-6.1735E-06
-4.7902E-08	4.3087E-08	1.3204E-05	-6.5492E-06
-6.7015E-08	1.0290E-08	1.0133E-05	-8.9722E-06
-4.1644E-08	-3.5402E-08	8.4999E-06	-5.6892E-06
-4.2596E-08	-2.9829E-08	1.0114E-05	-6.3234E-06
-7.4031E-08	2.9402E-08	7.8018E-06	-6.9362E-06
-2.1718E-08	-3.2718E-08	6.8535E-06	-4.7634E-06
-5.8333E-08	-5.0050E-09	7.9932E-06	-3.6619E-06
-2.9111E-08	2.4143E-08	8.1863E-06	-4.5227E-06
1.3273E-08	1.4140E-08	6.8895E-06	-3.7318E-06
-1.7745E-08	4.3137E-08	7.6568E-06	-2.6681E-06
-3.0878E-08	3.4693E-08	7.8208E-06	-2.8521E-06
-4.2458E-08	-1.9882E-08	7.5786E-06	-3.2218E-06
-5.7800E-09	6.4480E-08	5.5376E-06	-2.0520E-06
8.1605E-10	-7.9122E-09	7.4977E-06	6.8341E-07
3.6345E-09	7.9873E-09	8.3010E-06	-9.9847E-07
-3.1672E-08	4.7927E-08	7.7834E-06	4.7148E-07
-3.0717E-08	3.7314E-08	8.6809E-06	-2.0118E-07
1.7336E-08	4.2949E-08	7.2261E-06	1.4773E-06
-2.3789E-08	-4.6530E-08	9.8398E-06	3.5271E-06
-1.6520E-08	-4.3134E-08	1.2392E-05	2.4406E-06
-2.4604E-08	1.5011E-09	1.2411E-05	-5.0753E-08
-4.3157E-08	3.7072E-08	1.0901E-05	7.4241E-07
-2.3465E-08	1.1409E-08	1.2251E-05	9.0072E-07
-6.8314E-08	-2.3593E-08	1.1792E-05	8.8628E-07
-2.9313E-08	1.9968E-08	1.3053E-05	7.9986E-07
-5.3469E-08	-3.6022E-08	1.2104E-05	3.9887E-07
-3.2398E-09	-5.4673E-08	1.3221E-05	1.3128E-06
-5.3839E-08	-6.0068E-09	1.3123E-05	3.6331E-07
6.1126E-09	-4.5212E-08	1.3196E-05	1.1912E-06
-2.7621E-08	1.3819E-10	1.3625E-05	1.3399E-06
-2.1336E-09	2.0820E-09	1.4460E-05	1.3479E-06
-3.0145E-08	2.1654E-08	1.3309E-05	1.5496E-06
-5.1238E-08	-3.7245E-09	1.5422E-05	4.6881E-06
-4.2069E-08	1.2460E-08	1.8507E-05	2.6665E-06
-3.4144E-08	1.4871E-08	1.8539E-05	2.4126E-06
-1.1737E-08	1.6383E-08	2.0581E-05	1.2368E-06
-7.1098E-08	3.2498E-09	1.9976E-05	3.5328E-07
-2.0826E-08	3.4242E-08	2.1629E-05	5.8777E-07
4.4629E-10	-2.9984E-08	2.1958E-05	-1.0392E-06
-1.3964E-08	-1.6851E-09	2.2175E-05	-2.7331E-07
1.0128E-08	-1.6528E-08	2.3879E-05	1.6394E-07
-5.5464E-08	6.5910E-10	2.7520E-05	1.6520E-06
-1.7839E-08	-4.4238E-08	3.5337E-05	-2.2416E-06
-3.5498E-08	4.7836E-09	3.6359E-05	-1.1991E-05
-4.2917E-08	-2.4241E-09	3.3016E-05	-1.7193E-05
-8.9229E-09	1.8302E-08	3.0016E-05	-2.1974E-05
-3.4210E-08	2.3272E-08	2.4149E-05	-2.3939E-05
3.3996E-09	2.5488E-08	2.1995E-05	-2.3128E-05
-4.1466E-08	5.4288E-10	1.9454E-05	-2.5318E-05
-4.2598E-08	-4.1030E-08	1.5675E-05	-2.4054E-05
-3.5115E-08	9.9210E-10	1.5289E-05	-2.3900E-05
-4.1903E-08	2.9131E-08	1.2526E-05	-2.4335E-05
3.2805E-09	1.4234E-08	1.1107E-05	-2.3604E-05
-3.5452E-08	1.8513E-09	8.8805E-06	-2.2791E-05
-4.1056E-08	-8.1743E-09	9.3285E-06	-2.1649E-05
-4.6314E-09	1.5767E-08	7.6892E-06	-2.2853E-05
-1.6381E-08	-6.5797E-09	6.8070E-06	-2.2031E-05
3.5149E-08	-1.4928E-08	3.8409E-06	-2.3163E-05
-8.8042E-09	-1.6841E-08	1.8677E-06	-1.8723E-05
-8.3627E-09	1.6621E-08	3.8049E-06	-1.8255E-05
-3.2943E-08	-1.4155E-09	3.3103E-06	-1.7333E-05
-5.0666E-08	-1.3603E-08	4.5646E-06	-1.7987E-05
-5.8524E-08	2.1434E-08	3.3384E-06	-1.8078E-05
-6.9381E-09	2.4832E-08	3.7740E-06	-1.8239E-05
-5.5049E-08	8.6390E-10	3.5251E-06	-1.7665E-05
4.7539E-08	5.8576E-08	6.5338E-06	-2.0154E-05
-4.5093E-08	-6.7734E-10	3.2141E-06	-2.5215E-05
-6.4813E-08	3.0332E-08	-1.4136E-07	-2.6338E-05
-1.3031E-08	2.7692E-08	-5.4288E-06	-2.8513E-05
-8.9337E-09	-8.4518E-09	-1.0349E-05	-2.6049E-05
-2.3717E-08	-1.1358E-08	-1.3158E-05	-2.7024E-05
-4.1568E-08	-1.2286E-08	-2.3060E-05	-2.7511E-05
-2.5604E-08	5.3958E-08	-3.5425E-05	-1.8604E-05
1.3037E-08	-2.3712E-08	-4.0105E-05	-8.0089E-08
7.0405E-10	-3.1908E-08	-3.1665E-05	1.6569E-05
-6.9608E-08	1.8092E-08	-1.9326E-05	2.6609E-05
-1.2829E-09	3.0861E-08	1.8534E-07	3.1784E-05
-4.4316E-08	2.4371E-09	1.9574E-05	1.9602E-05
-1.9086E-09	1.5206E-08	2.4268E-05	1.6439E-07
-1.0428E-08	2.0098E-08	1.6170E-05	-1.8941E-05
1.9107E-08	-1.3010E-08	-7.9161E-06	-2.5713E-05
-1.9383E-08	1.6673E-08	-2.8067E-05	-6.9805E-06
-2.8227E-08	5.9100E-09	-2.2129E-05	2.1090E-05
-1.5973E-08	-2.3598E-08	3.7376E-06	2.9599E-05
-4.6757E-09	-3.1304E-08	2.1534E-05	1.6358E-05
-2.6055E-08	-1.0732E-08	2.3672E-05	-1.4774E-06
-1.3828E-08	1.0454E-08	1.4482E-05	-1.1549E-05
-1.8475E-08	-6.6980E-09	8.1118E-06	-1.6304E-05
-2.1942E-08	1.0647E-08	-1.3344E-05	-2.0148E-05
-5.2996E-09	2.4801E-09	-1.7989E-05	2.1202E-05
-3.6346E-08	5.8623E-08	3.0049E-05	-7.6273E-06
1.5024E-08	-1.4070E-09	-2.7290E-05	-1.9255E-05
-1.9277E-08	5.2308E-09	-2.0663E-05	2.2490E-05
-1.9174E-08	5.2708E-09	6.8615E-07	2.4856E-05
-1.9070E-08	5.3103E-09	8.7487E-06	2.1866E-05
-1.8968E-08	5.3492E-09	1.7263E-05	1.8618E-05
-1.8865E-08	5.3876E-09	2.1521E-05	1.0783E-05
-1.8763E-08	5.4255E-09	2.1536E-05	5.4755E-06
-1.8661E-08	5.4629E-09	2.1231E-05	7.5318E-07
-1.8559E-08	5.4998E-09	1.8256E-05	-2.5304E-06
-1.8458E-08	5.5362E-09	1.6375E-05	-2.6390E-06
-1.8357E-08	5.5721E-09	1.5956E-05	-3.0839E-06
-1.8257E-08	5.6074E-09	1.6477E-05	-3.4528E-06
-1.8157E-08	5.6423E-09	1.6433E-05	-6.1935E-06
-1.8057E-08	5.6766E-09	1.4585E-05	-6.0994E-06
-1.7957E-08	5.7105E-09	1.6555E-05	-7.8132E-06
-1.7858E-08	5.7439E-09	1.3067E-05	-1.1029E-05
-1.7759E-08	5.7768E-09	1.2178E-05	-9.3413E-06
-1.7660E-08	5.8092E-09	1.1312E-05	-1.2787E-05
-1.7562E-08	5.8412E-09	5.8122E-06	-1.1232E-05
-1.7464E-08	5.8726E-09	6.9647E-06	-7.2826E-06
-1.7367E-08	5.9036E-09	8.4674E-06	-8.4198E-06
-1.7269E-08	5.9342E-09	7.6323E-06	-9.1818E-06
-1.7172E-08	5.9642E-09	6.1320E-06	-9.9859E-06
-1.7076E-08	5.9938E-09	3.5120E-06	-7.8042E-06
-1.6980E-08	6.0230E-09	5.6560E-06	-5.1631E-06
-1.6884E-08	6.0516E-09	6.6757E-06	-6.7611E-06
-1.6788E-08	6.0799E-09	5.9002E-06	-6.4446E-06
-1.6693E-08	6.1076E-09	6.2614E-06	-6.5664E-06
-1.6598E-08	6.1350E-09	5.5032E-06	-6.3957E-06
-1.6503E-08	6.1619E-09	5.8649E-06	-5.4231E-06
-1.6409E-08	6.1883E-09	6.8020E-06	-5.4887E-06
-1.6315E-08	6.2143E-09	7.2981E-06	-6.2930E-06
-1.6222E-08	6.2399E-09	6.7751E-06	-7.3727E-06
-1.6129E-08	6.2651E-09	5.3884E-06	-7.2435E-06
-1.6036E-08	6.2898E-09	5.2540E-06	-5.9238E-06
-1.5943E-08	6.3141E-09	6.3708E-06	-5.7414E-06
-1.5851E-08	6.3380E-09	6.6316E-06	-6.6522E-06
-1.5759E-08	6.3614E-09	6.0330E-06	-7.1347E-06
-1.5668E-08	6.3845E-09	5.6080E-06	-6.7815E-06
-1.5576E-08	6.4071E-09	6.0982E-06	-7.1214E-06
-1.5486E-08	6.4293E-09	4.7839E-06	-7.7304E-06
-1.5395E-08	6.4512E-09	4.8164E-06	-6.4658E-06
-1.5305E-08	6.4726E-09	4.5930E-06	-7.4080E-06
-1.5215E-08	6.4936E-09	3.9733E-06	-5.5810E-06
-1.5125E-08	6.5142E-09	5.8384E-06	-6.5765E-06
-1.5036E-08	6.5345E-09	3.8994E-06	-6.9921E-06
-1.4947E-08	6.5543E-09	4.7332E-06	-5.8720E-06
-1.4859E-08	6.5738E-09	4.8087E-06	-6.7384E-06
-1.4771E-08	6.5929E-09	4.4258E-06	-7.0892E-06
-1.4683E-08	6.6116E-09	3.5654E-06	-6.8500E-06
-1.4596E-08	6.6299E-09	3.6410E-06	-6.9152E-06
-1.4508E-08	6.6479E-09	2.2285E-06	-6.2671E-06
-1.4422E-08	6.6654E-09	3.5213E-06	-5.4265E-06
-1.4335E-08	6.6826E-09	2.0913E-06	-6.3590E-06
-1.4249E-08	6.6995E-09	2.1072E-06	-3.6307E-06
-1.4163E-08	6.7160E-09	3.9093E-06	-3.9274E-06
-1.4078E-08	6.7321E-09	4.2899E-06	-4.1024E-06
-1.3993E-08	6.7479E-09	4.8598E-06	-5.2455E-06
-1.3908E-08	6.7633E-09	3.5540E-06	-5.9343E-06
-1.3823E-08	6.7784E-09	2.5898E-06	-5.0169E-06
-1.3739E-08	6.7931E-09	2.8359E-06	-3.6873E-06
-1.3655E-08	6.8075E-09	4.2804E-06	-3.4174E-06
-1.3572E-08	6.8215E-09	4.1893E-06	-4.6784E-06
-1.3489E-08	6.8352E-09	3.6013E-06	-3.3028E-06
-1.3406E-08	6.8486E-09	5.8168E-06	-4.0071E-06
-1.3324E-08	6.8616E-09	3.9672E-06	-5.3253E-06
-1.3242E-08	6.8743E-09	4.4955E-06	-3.5418E-06
-1.3160E-08	6.8867E-09	5.1437E-06	-4.8192E-06
-1.3078E-08	6.8987E-09	4.8317E-06	-4.3031E-06
-1.2997E-08	6.9105E-09	6.2396E-06	-5.3844E-06
-1.2916E-08	6.9219E-09	4.4322E-06	-7.7185E-06
-1.2836E-08	6.9330E-09	1.7077E-06	-5.7686E-06
-1.2756E-08	6.9437E-09	3.3246E-06	-4.1061E-06
-1.2676E-08	6.9542E-09	3.2200E-06	-4.6709E-06
-1.2596E-08	6.9644E-09	3.8571E-06	-3.9555E-06
-1.2517E-08	6.9742E-09	3.8602E-06	-4.7251E-06
-1.2438E-08	6.9838E-09	3.9546E-06	-4.4136E-06
-1.2360E-08	6.9930E-09	3.5853E-06	-4.8182E-06
-1.2282E-08	7.0020E-09	3.9927E-06	-4.2449E-06
-1.2204E-08	7.0107E-09	3.5555E-06	-5.1651E-06
-1.2126E-08	7.0190E-09	3.4780E-06	-3.9379E-06
-1.2049E-08	7.0271E-09	4.2134E-06	-5.0451E-06
-1.1972E-08	7.0349E-09	2.7981E-06	-5.1193E-06
-1.1896E-08	7.0424E-09	2.5646E-06	-3.7207E-06
-1.1820E-08	7.0496E-09	4.4814E-06	-3.6949E-06
-1.1744E-08	7.0566E-09	2.8256E-06	-5.8118E-06
-1.1668E-08	7.0632E-09	1.9174E-06	-2.6171E-06
-1.1593E-08	7.0696E-09	4.2750E-06	-3.1128E-06
-1.1518E-08	7.0757E-09	4.3969E-06	-3.2026E-06
-1.1443E-08	7.0816E-09	4.8116E-06	-5.5455E-06
-1.1369E-08	7.0872E-09	1.7141E-06	-3.8663E-06
-1.1295E-08	7.0925E-09	5.2203E-06	-3.0308E-06
-1.1221E-08	7.0975E-09	3.0457E-06	-5.3754E-06
-1.1148E-08	7.1023E-09	3.9609E-06	-2.6132E-06
-1.1075E-08	7.1069E-09	4.7511E-06	-5.6878E-06
-1.1002E-08	7.1111E-09	2.3340E-06	-4.5919E-06
-1.0930E-08	7.1152E-09	3.3227E-06	-4.3315E-06
-1.0858E-08	7.1189E-09	2.3887E-06	-4.0172E-06
-1.0786E-08	7.1225E-09	3.2673E-06	-3.7104E-06
-1.0715E-08	7.1257E-09	2.5082E-06	-3.8591E-06
-1.0644E-08	7.1288E-09	3.1878E-06	-3.2742E-06
-1.0573E-08	7.1315E-09	2.5068E-06	-3.7018E-06
-1.0502E-08	7.1341E-09	3.1265E-06	-2.2687E-06
-1.0432E-08	7.1364E-09	4.0295E-06	-3.5270E-06
-1.0362E-08	7.1385E-09	3.0907E-06	-3.6468E-06
-1.0293E-08	7.1403E-09	2.8415E-06	-3.3905E-06
-1.0223E-08	7.1419E-09	2.7563E-06	-2.4459E-06
-1.0154E-08	7.1433E-09	3.8592E-06	-2.2413E-06
-1.0086E-08	7.1444E-09	4.4882E-06	-2.8035E-06
-1.0017E-08	7.1453E-09	4.3788E-06	-4.1372E-06
-9.9492E-09	7.1460E-09	2.6954E-06	-3.9816E-06
-9.8814E-09	7.1465E-09	3.0283E-06	-2.6936E-06
-9.8140E-09	7.1468E-09	3.5624E-06	-3.0263E-06
-9.7468E-09	7.1468E-09	3.2140E-06	-3.1289E-06
-9.6800E-09	7.1466E-09	3.0621E-06	-2.6042E-06
-9.6134E-09	7.1462E-09	3.6080E-06	-2.3364E-06
-9.5472E-09	7.1456E-09	3.8228E-06	-2.4479E-06
-9.4812E-09	7.1448E-09	4.2765E-06	-2.7545E-06
-9.4156E-09	7.1438E-09	3.5793E-06	-3.2160E-06
-9.3502E-09	7.1426E-09	3.7650E-06	-2.4315E-06
-9.2852E-09	7.1411E-09	3.8726E-06	-3.0749E-06
-9.2204E-09	7.1395E-09	3.7164E-06	-2.6087E-06
-9.1559E-09	7.1376E-09	3.4161E-06	-3.3336E-06
-9.0918E-09	7.1356E-09	2.6904E-06	-1.5675E-06
-9.0279E-09	7.1334E-09	4.4029E-06	-1.7864E-06
-8.9643E-09	7.1309E-09	3.7360E-06	-1.3816E-06
-8.9010E-09	7.1283E-09	5.9101E-06	-1.4946E-06
-8.8380E-09	7.1255E-09	5.0809E-06	-3.0153E-06
-8.7753E-09	7.1225E-09	5.3729E-06	-2.7994E-06
-8.7129E-09	7.1193E-09	4.6194E-06	-3.6548E-06
-8.6508E-09	7.1159E-09	4.1730E-06	-3.2262E-06
-8.5889E-09	7.1123E-09	3.5780E-06	-2.1231E-06
-8.5274E-09	7.1086E-09	6.2609E-06	-1.8088E-06
-8.4661E-09	7.1047E-09	4.9802E-06	-4.6756E-06
-8.4051E-09	7.1005E-09	3.8950E-06	-2.5861E-06
-8.3444E-09	7.0963E-09	5.1984E-06	-3.1805E-06
-8.2840E-09	7.0918E-09	4.1550E-06	-3.5399E-06
-8.2239E-09	7.0872E-09	4.1895E-06	-2.0082E-06
-8.1641E-09	7.0823E-09	6.7654E-06	-3.0802E-06
-8.1045E-09	7.0774E-09	3.8834E-06	-5.4487E-06
-8.0452E-09	7.0722E-09	3.7521E-06	-2.2880E-06
-7.9862E-09	7.0669E-09	4.5103E-06	-3.9540E-06
-7.9275E-09	7.0614E-09	3.6867E-06	-2.2809E-06
-7.8691E-09	7.0557E-09	4.8363E-06	-3.2823E-06
-7.8109E-09	7.0499E-09	3.9130E-06	-2.0928E-06
-7.7530E-09	7.0439E-09	5.7790E-06	-2.6702E-06
-7.6954E-09	7.0378E-09	5.1110E-06	-2.8845E-06
-7.6381E-09	7.0315E-09	6.2858E-06	-4.0541E-06
-7.5810E-09	7.0251E-09	3.7727E-06	-4.7844E-06
-7.5242E-09	7.0184E-09	4.0402E-06	-2.9387E-06
-7.4677E-09	7.0117E-09	4.3617E-06	-3.3500E-06
-7.4115E-09	7.0048E-09	4.1866E-06	-2.7410E-06
-7.3555E-09	6.9977E-09	5.2367E-06	-2.3830E-06
-7.2998E-09	6.9905E-09	5.7180E-06	-3.8935E-06
-7.2444E-09	6.9831E-09	4.0353E-06	-3.7333E-06
-7.1893E-09	6.9756E-09	5.1771E-06	-2.6000E-06
-7.1344E-09	6.9679E-09	5.2329E-06	-4.1695E-06
-7.0798E-09	6.9601E-09	3.9852E-06	-3.0628E-06
-7.0254E-09	6.9522E-09	5.8844E-06	-2.5398E-06
-6.9714E-09	6.9441E-09	5.5872E-06	-4.2185E-06
-6.9176E-09	6.9359E-09	5.3347E-06	-3.3753E-06
-6.8640E-09	6.9275E-09	6.0270E-06	-4.7171E-06
-6.8107E-09	6.9190E-09	4.2048E-06	-4.7332E-06
-6.7577E-09	6.9104E-09	4.4845E-06	-3.2919E-06
-6.7050E-09	6.9016E-09	6.1460E-06	-2.8489E-06
-6.6525E-09	6.8927E-09	7.8143E-06	-5.8573E-06
-6.6002E-09	6.8837E-09	3.4864E-06	-8.0102E-06
-6.5483E-09	6.8745E-09	2.2828E-06	-3.7300E-06
-6.4966E-09	6.8652E-09	4.9484E-06	-4.2046E-06
-6.4451E-09	6.8558E-09	3.6888E-06	-4.5089E-06
-6.3939E-09	6.8463E-09	5.2360E-06	-4.2125E-06
-6.3430E-09	6.8366E-09	3.9212E-06	-6.0835E-06
-6.2923E-09	6.8268E-09	3.0263E-06	-4.3571E-06
-6.2419E-09	6.8169E-09	3.8876E-06	-4.2681E-06
-6.1918E-09	6.8069E-09	4.1421E-06	-4.8180E-06
-6.1418E-09	6.7967E-09	2.5470E-06	-5.1229E-06
-6.0922E-09	6.7865E-09	3.3267E-06	-2.9164E-06
-6.0428E-09	6.7761E-09	4.0374E-06	-4.6436E-06
-5.9937E-09	6.7656E-09	3.3357E-06	-3.1376E-06
-5.9448E-09	6.7550E-09	5.1380E-06	-4.4799E-06
-5.8961E-09	6.7442E-09	3.5549E-06	-4.7521E-06
-5.8477E-09	6.7334E-09	3.9928E-06	-5.0596E-06
-5.7996E-09	6.7224E-09	2.5712E-06	-4.2629E-06
-5.7517E-09	6.7114E-09	4.6811E-06	-4.2451E-06
-5.7041E-09	6.7002E-09	2.7813E-06	-6.0407E-06
-5.6567E-09	6.6890E-09	2.0744E-06	-4.1865E-06
-5.6095E-09	6.6776E-09	2.6450E-06	-3.7939E-06
-5.5626E-09	6.6661E-09	3.2680E-06	-4.1739E-06
-5.5160E-09	6.6545E-09	1.8022E-06	-4.4410E-06
-5.4696E-09	6.6428E-09	2.3591E-06	-2.4634E-06
-5.4234E-09	6.6311E-09	3.5294E-06	-3.2501E-06
-5.3775E-09	6.6192E-09	3.2471E-06	-3.5174E-06
-5.3318E-09	6.6072E-09	3.0402E-06	-3.4932E-06
-5.2864E-09	6.5951E-09	3.6490E-06	-3.2005E-06
-5.2412E-09	6.5830E-09	3.2374E-06	-4.7250E-06
-5.1962E-09	6.5707E-09	1.2815E-06	-3.2333E-06
-5.1515E-09	6.5583E-09	2.9926E-06	-1.5232E-06
-5.1070E-09	6.5459E-09	4.2866E-06	-2.2178E-06
-5.0628E-09	6.5333E-09	4.7472E-06	-3.5278E-06
-5.0188E-09	6.5207E-09	3.0459E-06	-3.9018E-06
-4.9750E-09	6.5080E-09	3.9856E-06	-2.2380E-06
-4.9315E-09	6.4952E-09	4.6817E-06	-4.2059E-06
-4.8882E-09	6.4823E-09	3.0769E-06	-3.7505E-06
-4.8452E-09	6.4693E-09	3.7417E-06	-3.0813E-06
-4.8023E-09	6.4563E-09	4.4031E-06	-3.2263E-06
-4.7597E-09	6.4431E-09	4.1979E-06	-4.5769E-06
-4.7174E-09	6.4299E-09	3.2159E-06	-3.4824E-06
-4.6753E-09	6.4166E-09	4.5904E-06	-4.3925E-06
-4.6334E-09	6.4032E-09	2.1789E-06	-4.4688E-06
-4.5917E-09	6.3898E-09	3.8885E-06	-2.7437E-06
-4.5503E-09	6.3762E-09	3.4229E-06	-5.0963E-06
-4.5091E-09	6.3626E-09	1.6283E-06	-2.9526E-06
-4.4681E-09	6.3489E-09	4.0950E-06	-1.9611E-06
-4.4274E-09	6.3352E-09	4.1819E-06	-3.9291E-06
-4.3868E-09	6.3213E-09	3.0797E-06	-2.5654E-06
-4.3465E-09	6.3074E-09	5.8346E-06	-2.5367E-06
-4.3065E-09	6.2935E-09	5.2616E-06	-5.1947E-06
-4.2666E-09	6.2794E-09	4.3293E-06	-5.2351E-06
-4.2270E-09	6.2653E-09	3.0076E-06	-5.9177E-06
-4.1876E-09	6.2511E-09	2.3584E-06	-4.1968E-06
-4.1484E-09	6.2369E-09	3.0017E-06	-4.7532E-06
-4.1095E-09	6.2226E-09	1.7170E-06	-4.0141E-06
-4.0707E-09	6.2082E-09	2.6909E-06	-3.2776E-06
-4.0322E-09	6.1937E-09	2.2447E-06	-3.2294E-06
-3.9939E-09	6.1792E-09	3.5661E-06	-2.0521E-06
-3.9558E-09	6.1647E-09	4.4607E-06	-4.0630E-06
-3.9180E-09	6.1501E-09	2.4574E-06	-3.8100E-06
-3.8803E-09	6.1354E-09	4.0347E-06	-2.3327E-06
-3.8429E-09	6.1206E-09	4.5744E-06	-4.5051E-06
-3.8057E-09	6.1058E-09	3.0139E-06	-3.9402E-06
-3.7687E-09	6.0910E-09	4.2933E-06	-3.6936E-06
-3.7319E-09	6.0761E-09	3.6335E-06	-4.8945E-06
-3.6954E-09	6.0611E-09	2.9634E-06	-4.2730E-06
-3.6590E-09	6.0461E-09	3.2115E-06	-3.8519E-06
-3.6229E-09	6.0310E-09	3.7140E-06	-4.2423E-06
-3.5869E-09	6.0159E-09	2.7976E-06	-4.3655E-06
-3.5512E-09	6.0007E-09	3.8231E-06	-3.4209E-06
-3.5157E-09	5.9855E-09	4.0717E-06	-5.3553E-06
-3.4804E-09	5.9702E-09	2.5315E-06	-5.0464E-06
-3.4453E-09	5.9549E-09	2.5542E-06	-4.7039E-06
-3.4104E-09	5.9395E-09	2.3067E-06	-4.0029E-06
-3.3757E-09	5.9241E-09	3.4818E-06	-4.1262E-06
-3.3413E-09	5.9087E-09	2.8838E-06	-5.6648E-06
-3.3070E-09	5.8931E-09	6.7232E-07	-4.8805E-06
-3.2729E-09	5.8776E-09	1.8764E-06	-2.1217E-06
-3.2391E-09	5.8620E-09	4.2376E-06	-4.0396E-06
-3.2054E-09	5.8464E-09	2.0919E-06	-5.2313E-06
-3.1719E-09	5.8307E-09	1.8764E-06	-3.5109E-06
-3.1387E-09	5.8150E-09	3.4114E-06	-3.8393E-06
-3.1056E-09	5.7993E-09	2.3588E-06	-5.7296E-06
-3.0728E-09	5.7835E-09	5.8097E-07	-3.8398E-06
-3.0401E-09	5.7676E-09	2.3389E-06	-3.1368E-06
-3.0077E-09	5.7518E-09	2.2224E-06	-3.4598E-06
-2.9754E-09	5.7359E-09	3.2761E-06	-3.8624E-06
-2.9433E-09	5.7199E-09	1.9994E-06	-4.8490E-06
-2.9115E-09	5.7040E-09	2.1383E-06	-4.0251E-06
-2.8798E-09	5.6880E-09	1.3449E-06	-4.9624E-06
-2.8483E-09	5.6719E-09	3.5672E-07	-3.0762E-06
-2.8170E-09	5.6559E-09	2.0233E-06	-1.9912E-06
-2.7859E-09	5.6398E-09	3.8292E-06	-2.9525E-06
-2.7550E-09	5.6237E-09	3.1400E-06	-5.6042E-06
-2.7243E-09	5.6075E-09	5.0826E-07	-4.7437E-06
-2.6938E-09	5.5913E-09	1.6095E-06	-3.3922E-06
-2.6635E-09	5.5751E-09	1.1907E-06	-4.5998E-06
-2.6333E-09	5.5589E-09	9.1632E-08	-3.3221E-06
-2.6034E-09	5.5426E-09	7.9566E-07	-2.5227E-06
-2.5736E-09	5.5263E-09	1.1305E-06	-2.3820E-06
-2.5440E-09	5.5100E-09	1.0870E-06	-1.7700E-06
-2.5146E-09	5.4937E-09	3.3620E-06	-1.1996E-06
-2.4854E-09	5.4773E-09	3.0313E-06	-4.8796E-06
-2.4564E-09	5.4609E-09	-1.2615E-07	-2.5467E-06
-2.4276E-09	5.4445E-09	2.6684E-06	-1.7207E-06
-2.3989E-09	5.4281E-09	1.8065E-06	-2.4586E-06
-2.3705E-09	5.4117E-09	2.9072E-06	-2.0356E-06
-2.3422E-09	5.3952E-09	2.5975E-06	-2.1636E-06
-2.3141E-09	5.3787E-09	4.6029E-06	-3.0103E-06
-2.2861E-09	5.3622E-09	2.0852E-06	-4.8653E-06
-2.2584E-09	5.3457E-09	2.5403E-06	-3.1746E-06
-2.2308E-09	5.3292E-09	1.3359E-06	-4.7756E-06
-2.2034E-09	5.3126E-09	8.3800E-07	-2.2259E-06
-2.1762E-09	5.2960E-09	1.9495E-06	-2.4217E-06
-2.1492E-09	5.2795E-09	3.1434E-06	-2.2848E-06
-2.1223E-09	5.2629E-09	2.0928E-06	-4.7716E-06
-2.0956E-09	5.2463E-09	7.9076E-07	-2.1038E-06
-2.0691E-09	5.2296E-09	2.7180E-06	-3.2144E-06
-2.0427E-09	5.2130E-09	6.5504E-07	-2.8569E-06
-2.0166E-09	5.1964E-09	2.1521E-06	-1.3589E-06
-1.9906E-09	5.1797E-09	3.3918E-06	-2.5623E-06
-1.9648E-09	5.1630E-09	2.1349E-06	-4.0442E-06
-1.9391E-09	5.1464E-09	1.2972E-06	-2.0818E-06
-1.9136E-09	5.1297E-09	3.1507E-06	-2.7328E-06
-1.8883E-09	5.1130E-09	1.9002E-06	-3.3973E-06
-1.8631E-09	5.0963E-09	1.9042E-06	-2.9778E-06
-1.8382E-09	5.0796E-09	1.5920E-06	-2.2733E-06
-1.8133E-09	5.0628E-09	3.2720E-06	-2.4501E-06
-1.7887E-09	5.0461E-09	2.1672E-06	-4.1449E-06
-1.7642E-09	5.0294E-09	1.3187E-06	-2.7887E-06
-1.7399E-09	5.0127E-09	2.2578E-06	-3.0291E-06
-1.7157E-09	4.9959E-09	1.0295E-06	-3.2600E-06
-1.6917E-09	4.9792E-09	1.8069E-06	-1.5966E-06
-1.6679E-09	4.9624E-09	3.0011E-06	-3.3521E-06
-1.6442E-09	4.9457E-09	1.1304E-06	-3.9005E-06
-1.6207E-09	4.9289E-09	1.7240E-07	-2.7208E-06
-1.5974E-09	4.9122E-09	1.1770E-06	-5.3987E-07
-1.5742E-09	4.8954E-09	3.6460E-06	-2.5436E-06
-1.5512E-09	4.8787E-09	7.2866E-07	-3.5923E-06
-1.5283E-09	4.8619E-09	1.4810E-06	-1.3224E-06
-1.5056E-09	4.8452E-09	1.9431E-06	-2.8692E-06
-1.4830E-09	4.8284E-09	3.0796E-07	-1.9781E-06
-1.4606E-09	4.8117E-09	1.3090E-06	-1.9788E-07
-1.4384E-09	4.7949E-09	2.9748E-06	-4.5899E-07
-1.4163E-09	4.7782E-09	3.6980E-06	-1.3800E-06
-1.3943E-09	4.7614E-09	3.2086E-06	-2.6810E-06
-1.3726E-09	4.7447E-09	2.5958E-06	-1.4129E-06
-1.3509E-09	4.7280E-09	4.7671E-06	-2.7603E-06
-1.3294E-09	4.7112E-09	1.9009E-06	-4.2176E-06
-1.3081E-09	4.6945E-09	2.2491E-06	-2.0406E-06
-1.2869E-09	4.6778E-09	2.1716E-06	-2.9086E-06
-1.2659E-09	4.6611E-09	2.7768E-06	-1.4136E-06
-1.2450E-09	4.6444E-09	3.8960E-06	-3.4062E-06
-1.2243E-09	4.6276E-09	2.3369E-06	-3.8295E-06
-1.2037E-09	4.6110E-09	1.6744E-06	-3.4634E-06
-1.1832E-09	4.5943E-09	1.9832E-06	-2.5160E-06
-1.1629E-09	4.5776E-09	2.0484E-06	-3.6183E-06
-1.1428E-09	4.5609E-09	1.0481E-06	-2.4688E-06
-1.1228E-09	4.5443E-09	1.9692E-06	-2.6870E-06
-1.1029E-09	4.5276E-09	1.0285E-06	-2.0175E-06
-1.0832E-09	4.5110E-09	2.7738E-06	-1.6487E-06
-1.0636E-09	4.4943E-09	2.3991E-06	-3.0513E-06
-1.0442E-09	4.4777E-09	1.6470E-06	-2.7234E-06
-1.0249E-09	4.4611E-09	1.9152E-06	-1.9027E-06
-1.0058E-09	4.4445E-09	2.9010E-06	-3.0747E-06
-9.8675E-10	4.4279E-09	5.5678E-07	-3.5081E-06
-9.6787E-10	4.4113E-09	6.3252E-07	-1.0092E-06
-9.4914E-10	4.3948E-09	2.5504E-06	-3.3866E-07
-9.3054E-10	4.3782E-09	4.6733E-06	-2.2326E-06
-9.1208E-10	4.3617E-09	2.3061E-06	-4.7376E-06
-8.9376E-10	4.3452E-09	8.3033E-07	-2.7835E-06
-8.7557E-10	4.3287E-09	1.3820E-06	-2.1509E-06
-8.5752E-10	4.3122E-09	2.3227E-06	-2.1480E-06
-8.3960E-10	4.2957E-09	1.1400E-06	-3.3925E-06
-8.2182E-10	4.2792E-09	7.8105E-07	-1.2186E-06
-8.0417E-10	4.2628E-09	1.5746E-06	-1.8941E-06
-7.8665E-10	4.2464E-09	1.5451E-06	1.0581E-07
-7.6926E-10	4.2299E-09	4.7883E-06	-1.8154E-06
-7.5201E-10	4.2135E-09	1.9229E-06	-3.8328E-06
-7.3488E-10	4.1972E-09	1.5656E-06	-2.0579E-06
-7.1789E-10	4.1808E-09	1.6892E-06	-2.0420E-06
-7.0102E-10	4.1645E-09	2.0100E-06	-1.5400E-06
-6.8429E-10	4.1481E-09	2.4214E-06	-1.5169E-06
-6.6768E-10	4.1318E-09	3.1428E-06	-2.1490E-06
-6.5120E-10	4.1155E-09	2.0637E-06	-2.8586E-06
-6.3484E-10	4.0993E-09	2.0564E-06	-1.8364E-06
-6.1862E-10	4.0830E-09	2.4712E-06	-2.4010E-06
-6.0251E-10	4.0668E-09	1.7222E-06	-2.0183E-06
-5.8653E-10	4.0506E-09	3.1642E-06	-1.2923E-06
-5.7068E-10	4.0344E-09	3.4381E-06	-3.9786E-06
-5.5495E-10	4.0182E-09	2.5088E-07	-3.2874E-06
-5.3934E-10	4.0021E-09	1.4980E-06	-9.6123E-07
-5.2386E-10	3.9859E-09	2.6066E-06	-1.4393E-06
-5.0850E-10	3.9698E-09	3.5483E-06	-2.3715E-06
-4.9326E-10	3.9537E-09	2.0786E-06	-3.8672E-06
-4.7814E-10	3.9377E-09	1.0908E-06	-2.5795E-06
-4.6313E-10	3.9216E-09	1.3976E-06	-1.9619E-06
-4.4825E-10	3.9056E-09	2.3560E-06	-1.8920E-06
-4.3349E-10	3.8896E-09	1.7110E-06	-3.1961E-06
-4.1884E-10	3.8737E-09	5.0038E-07	-1.9523E-06
-4.0432E-10	3.8577E-09	1.3750E-06	-7.2308E-07
-3.8991E-10	3.8418E-09	3.0324E-06	-9.9228E-07
-3.7561E-10	3.8259E-09	2.7432E-06	-2.8587E-06
-3.6143E-10	3.8100E-09	1.3089E-06	-2.1636E-06
-3.4737E-10	3.7942E-09	2.4006E-06	-1.4050E-06
-3.3342E-10	3.7783E-09	2.4092E-06	-3.0795E-06
-3.1959E-10	3.7625E-09	2.3796E-07	-1.8599E-06
-3.0586E-10	3.7468E-09	2.7492E-06	-3.5457E-07
-2.9225E-10	3.7310E-09	2.4454E-06	-2.7229E-06
-2.7876E-10	3.7153E-09	1.9665E-06	-1.4648E-06
-2.6537E-10	3.6996E-09	1.8751E-06	-2.5221E-06
-2.5210E-10	3.6839E-09	1.5919E-06	-2.4880E-07
-2.3893E-10	3.6683E-09	4.3219E-06	-2.0233E-06
-2.2588E-10	3.6527E-09	1.8443E-06	-3.3163E-06
-2.1294E-10	3.6371E-09	1.8007E-06	-2.1285E-06
-2.0010E-10	3.6215E-09	1.5503E-06	-2.0326E-06
-1.8737E-10	3.6060E-09	1.9477E-06	-1.6212E-06
-1.7475E-10	3.5905E-09	1.8680E-06	-1.4897E-06
-1.6224E-10	3.5750E-09	2.7866E-06	-1.4123E-06
-1.4983E-10	3.5596E-09	2.4000E-06	-2.2111E-06
-1.3753E-10	3.5441E-09	2.7190E-06	-1.6763E-06
-1.2533E-10	3.5287E-09	2.7616E-06	-3.1163E-06
-1.1324E-10	3.5134E-09	1.1788E-06	-2.3913E-06
-1.0125E-10	3.4981E-09	2.3309E-06	-1.7577E-06
-8.9369E-11	3.4827E-09	1.8148E-06	-2.5834E-06
-7.7589E-11	3.4675E-09	1.8731E-06	-1.8409E-06
-6.5910E-11	3.4522E-09	1.8111E-06	-2.6344E-06
-5.4334E-11	3.4370E-09	8.1335E-07	-1.7668E-06
-4.2859E-11	3.4218E-09	1.7863E-06	-7.9334E-07
-3.1485E-11	3.4067E-09	2.6391E-06	-1.6000E-06
-2.0211E-11	3.3915E-09	1.9658E-06	-1.8075E-06
-9.0368E-12	3.3764E-09	2.6955E-06	-1.8733E-06
2.0382E-12	3.3614E-09	1.3752E-06	-2.4646E-06
1.3014E-11	3.3464E-09	2.3422E-06	-1.3232E-06
2.3893E-11	3.3314E-09	7.1664E-07	-3.0620E-06
3.4673E-11	3.3164E-09	1.0098E-06	1.4148E-06
4.5357E-11	3.3014E-09	4.7808E-06	-1.9761E-06
5.5944E-11	3.2865E-09	9.0031E-07	-1.9600E-06
6.6435E-11	3.2717E-09	3.3407E-06	-4.6016E-07
7.6831E-11	3.2568E-09	3.3587E-06	-1.5312E-06
8.7132E-11	3.2420E-09	4.8556E-06	-3.3057E-06
9.7338E-11	3.2272E-09	4.0308E-07	-5.1246E-06
1.0745E-10	3.2125E-09	2.3888E-07	-3.3410E-07
1.1747E-10	3.1978E-09	3.2459E-06	-1.2977E-06
1.2740E-10	3.1831E-09	2.4926E-06	-2.7603E-06
1.3723E-10	3.1685E-09	1.6093E-06	-2.5371E-06
1.4697E-10	3.1538E-09	1.4396E-06	-2.1822E-06
1.5662E-10	3.1393E-09	1.2202E-06	-1.4579E-06
1.6618E-10	3.1247E-09	2.2956E-06	-1.3152E-06
1.7565E-10	3.1102E-09	2.0182E-06	-1.9249E-06
1.8503E-10	3.0957E-09	2.2228E-06	-1.7984E-06
1.9433E-10	3.0813E-09	1.8612E-06	-2.3893E-06
2.0353E-10	3.0669E-09	9.0775E-07	-2.0209E-06
2.1264E-10	3.0525E-09	1.2440E-06	-1.2071E-07
2.2167E-10	3.0382E-09	3.7045E-06	-1.3831E-06
2.3061E-10	3.0239E-09	1.2291E-06	-2.6444E-06
2.3946E-10	3.0096E-09	2.1328E-06	-4.1584E-07
2.4823E-10	2.9953E-09	2.6727E-06	-2.1794E-06
2.5691E-10	2.9811E-09	1.8483E-06	-1.6070E-06
2.6550E-10	2.9670E-09	1.8629E-06	-1.6309E-06
2.7401E-10	2.9528E-09	2.4414E-06	-6.3344E-07
2.8244E-10	2.9387E-09	3.3940E-06	-2.3600E-06
2.9078E-10	2.9247E-09	1.4679E-06	-2.2691E-06
2.9904E-10	2.9107E-09	2.6515E-06	-1.2636E-06
3.0722E-10	2.8967E-09	2.4207E-06	-2.9703E-06
3.1531E-10	2.8827E-09	1.0128E-06	-1.9025E-06
3.2333E-10	2.8688E-09	2.1518E-06	-1.5447E-06
3.3126E-10	2.8549E-09	1.4309E-06	-2.1747E-06
3.3911E-10	2.8411E-09	9.8442E-07	-1.0798E-06
3.4688E-10	2.8273E-09	2.1533E-06	4.7908E-08
3.5457E-10	2.8135E-09	3.7373E-06	-1.8027E-06
3.6218E-10	2.7997E-09	1.0258E-06	-2.1014E-06
3.6971E-10	2.7860E-09	3.1051E-06	1.3794E-07
3.7716E-10	2.7724E-09	3.3572E-06	-2.8441E-06
3.8454E-10	2.7587E-09	2.0709E-06	-1.4025E-06
3.9184E-10	2.7452E-09	3.4428E-06	-2.5267E-06
3.9906E-10	2.7316E-09	1.5086E-06	-2.5947E-06
4.0620E-10	2.7181E-09	2.7078E-06	-1.4638E-06
4.1327E-10	2.7046E-09	2.9081E-06	-3.4596E-06
4.2026E-10	2.6912E-09	5.7208E-07	-3.3015E-06
4.2718E-10	2.6778E-09	8.8891E-07	-1.2983E-06
4.3402E-10	2.6644E-09	2.0162E-06	-1.8510E-06
4.4079E-10	2.6511E-09	1.2994E-06	-2.2473E-06
4.4748E-10	2.6378E-09	1.3082E-06	-1.6327E-06
4.5411E-10	2.6245E-09	1.3387E-06	-2.2240E-06
4.6065E-10	2.6113E-09	2.5647E-07	-1.1729E-06
4.6713E-10	2.5981E-09	2.0645E-06	-8.8519E-07
4.7353E-10	2.5850E-09	3.8152E-07	-1.9939E-06
4.7986E-10	2.5719E-09	1.0774E-06	6.5327E-07
4.8612E-10	2.5588E-09	2.3432E-06	-9.6993E-07
4.9231E-10	2.5458E-09	1.7070E-06	-3.3001E-07
4.9843E-10	2.5328E-09	2.2504E-06	-1.0356E-06
5.0448E-10	2.5198E-09	1.8442E-06	-3.2052E-08
5.1046E-10	2.5069E-09	3.0546E-06	-1.0943E-06
5.1637E-10	2.4940E-09	1.5117E-06	-3.7250E-07
5.2222E-10	2.4812E-09	3.9842E-06	-2.1322E-08
5.2799E-10	2.4684E-09	2.9636E-06	-2.0668E-06
5.3370E-10	2.4556E-09	2.5865E-06	-7.3574E-07
5.3934E-10	2.4429E-09	3.7446E-06	-1.1726E-06
5.4491E-10	2.4302E-09	3.6072E-06	-2.7068E-06
5.5041E-10	2.4176E-09	1.4825E-06	-2.4919E-06
5.5586E-10	2.4050E-09	2.8848E-06	-8.7750E-07
5.6123E-10	2.3924E-09	2.4412E-06	-3.4083E-06
5.6654E-10	2.3798E-09	3.1367E-07	-6.4223E-07
5.7178E-10	2.3674E-09	3.8014E-06	-2.0712E-07
5.7696E-10	2.3549E-09	2.9668E-06	-2.3375E-06
5.8208E-10	2.3425E-09	2.7604E-06	-1.6217E-06
5.8713E-10	2.3301E-09	2.9972E-06	-2.1228E-06
5.9212E-10	2.3178E-09	2.9181E-06	-2.9839E-06
5.9705E-10	2.3055E-09	7.3831E-07	-2.8531E-06
6.0192E-10	2.2932E-09	1.9655E-06	-5.6399E-07
6.0672E-10	2.2810E-09	2.5101E-06	-2.4419E-06
6.1146E-10	2.2688E-09	1.7905E-06	-1.1313E-06
6.1614E-10	2.2567E-09	3.1674E-06	-2.4480E-06
6.2076E-10	2.2446E-09	1.0205E-06	-2.3679E-06
6.2532E-10	2.2325E-09	2.4192E-06	-1.1666E-06
6.2982E-10	2.2205E-09	2.1641E-06	-2.9287E-06
6.3426E-10	2.2085E-09	5.6902E-07	-1.8233E-06
6.3864E-10	2.1965E-09	2.0195E-06	-5.2142E-07
6.4296E-10	2.1846E-09	2.8132E-06	-2.2721E-06
6.4723E-10	2.1728E-09	8.0362E-07	-2.3696E-06
6.5143E-10	2.1609E-09	1.3107E-06	-3.2922E-07
6.5558E-10	2.1491E-09	3.1088E-06	-1.2278E-06
6.5967E-10	2.1374E-09	2.1064E-06	-2.5085E-06
6.6371E-10	2.1257E-09	1.4839E-06	-1.9783E-06
6.6769E-10	2.1140E-09	1.0218E-06	-1.7445E-06
6.7161E-10	2.1024E-09	1.3134E-06	-6.4396E-07
6.7548E-10	2.0908E-09	1.9580E-06	-8.9938E-07
6.7929E-10	2.0792E-09	2.4031E-06	-5.8810E-07
6.8305E-10	2.0677E-09	2.9005E-06	-1.9684E-06
6.8675E-10	2.0562E-09	1.3744E-06	-1.7095E-06
6.9040E-10	2.0448E-09	2.1697E-06	-1.0445E-06
6.9399E-10	2.0334E-09	1.8478E-06	-1.2484E-06
6.9753E-10	2.0220E-09	2.9318E-06	-6.5862E-07
7.0102E-10	2.0107E-09	3.0671E-06	-2.5736E-06
7.0446E-10	1.9994E-09	1.5080E-06	-2.0417E-06
7.0784E-10	1.9882E-09	2.4260E-06	-1.8255E-06
7.1117E-10	1.9770E-09	1.3002E-06	-2.5725E-06
7.1445E-10	1.9658E-09	1.0787E-06	-1.1837E-06
7.1768E-10	1.9547E-09	1.4981E-06	-1.1221E-06
7.2086E-10	1.9436E-09	2.2019E-06	-3.1679E-07
7.2399E-10	1.9325E-09	3.5704E-06	-1.8284E-06
7.2707E-10	1.9215E-09	2.1297E-06	-3.3197E-06
7.3009E-10	1.9106E-09	2.3914E-07	-2.8022E-06
7.3307E-10	1.8996E-09	1.9389E-07	-3.5219E-07
7.3600E-10	1.8888E-09	2.5128E-06	-9.1609E-07
7.3888E-10	1.8779E-09	9.1056E-07	-2.1233E-06
7.4172E-10	1.8671E-09	1.0398E-06	-5.2762E-07
7.4450E-10	1.8563E-09	1.1663E-06	-1.2536E-06
7.4724E-10	1.8456E-09	8.6220E-07	2.2999E-07
7.4993E-10	1.8349E-09	2.3151E-06	-3.2273E-07
7.5257E-10	1.8242E-09	1.5028E-06	8.0771E-08
7.5516E-10	1.8136E-09	3.7203E-06	1.6824E-08
7.5771E-10	1.8030E-09	2.4253E-06	-2.2025E-06
7.6022E-10	1.7925E-09	1.3753E-06	-7.3525E-07
7.6267E-10	1.7820E-09	1.7705E-06	1.0754E-07
7.6509E-10	1.7715E-09	3.7928E-06	6.7600E-07
7.6745E-10	1.7611E-09	4.4190E-06	-1.9778E-06
7.6978E-10	1.7507E-09	2.7982E-06	-2.7059E-06
7.7206E-10	1.7404E-09	1.1624E-06	-2.1180E-06
7.7429E-10	1.7301E-09	2.4592E-06	-8.3619E-09
7.7648E-10	1.7198E-09	3.2098E-06	-2.5317E-06
7.7863E-10	1.7096E-09	1.2697E-06	-1.2188E-06
7.8073E-10	1.6994E-09	3.0055E-06	-1.2604E-06
7.8280E-10	1.6893E-09	2.0910E-06	-1.7683E-06
7.8482E-10	1.6792E-09	2.1913E-06	-1.6008E-06
7.8679E-10	1.6691E-09	2.1401E-06	-7.6024E-07
7.8873E-10	1.6590E-09	3.8392E-06	-2.0832E-06
7.9062E-10	1.6491E-09	1.2927E-06	-3.2601E-06
7.9248E-10	1.6391E-09	1.1073E-06	-1.2171E-06
7.9429E-10	1.6292E-09	1.9005E-06	-1.3292E-06
7.9606E-10	1.6193E-09	1.7408E-06	-1.7185E-06
7.9779E-10	1.6095E-09	1.1785E-06	-1.0621E-06
7.9948E-10	1.5997E-09	2.1496E-06	-8.6805E-07
8.0114E-10	1.5899E-09	1.4930E-06	-1.2018E-06
8.0275E-10	1.5802E-09	2.1372E-06	1.0434E-07
8.0432E-10	1.5705E-09	3.9975E-06	-9.3438E-07
8.0586E-10	1.5608E-09	2.8324E-06	-3.4608E-06
8.0735E-10	1.5512E-09	3.3482E-07	-1.7713E-06
8.0881E-10	1.5416E-09	2.4442E-06	-6.2677E-07
8.1023E-10	1.5321E-09	2.0484E-06	-2.2150E-06
8.1162E-10	1.5226E-09	1.4173E-06	-1.7592E-06
8.1296E-10	1.5131E-09	6.5639E-07	-1.3126E-06
8.1427E-10	1.5037E-09	1.7106E-06	2.1307E-07
8.1555E-10	1.4943E-09	2.7939E-06	-1.1870E-06
8.1678E-10	1.4850E-09	1.6964E-06	-1.5525E-06
8.1798E-10	1.4757E-09	1.4347E-06	-8.1228E-07
8.1915E-10	1.4664E-09	2.0252E-06	-2.6738E-07
8.2028E-10	1.4572E-09	2.7551E-06	-4.8173E-07
8.2137E-10	1.4480E-09	3.2053E-06	-1.3466E-06
8.2243E-10	1.4388E-09	2.1181E-06	-2.0831E-06
8.2345E-10	1.4297E-09	1.8759E-06	-8.7556E-07
8.2444E-10	1.4206E-09	2.9758E-06	-1.5063E-06
8.2540E-10	1.4116E-09	1.5941E-06	-2.4258E-06
8.2632E-10	1.4026E-09	9.1378E-07	-4.5169E-07
8.2721E-10	1.3936E-09	3.3305E-06	-3.4713E-07
8.2806E-10	1.3847E-09	2.4640E-06	-2.7023E-06
8.2889E-10	1.3758E-09	9.7817E-07	-9.5319E-07
8.2967E-10	1.3669E-09	2.8724E-06	-8.1675E-07
8.3043E-10	1.3581E-09	2.0396E-06	-1.8677E-06
8.3116E-10	1.3493E-09	2.4298E-06	-1.1527E-06
8.3185E-10	1.3406E-09	2.0384E-06	-2.7053E-06
8.3251E-10	1.3318E-09	3.7713E-07	-1.1598E-06
8.3314E-10	1.3232E-09	2.1372E-06	-4.0268E-07
8.3374E-10	1.3145E-09	1.8381E-06	-1.3895E-06
8.3431E-10	1.3059E-09	1.7162E-06	-6.5619E-07
8.3484E-10	1.2974E-09	2.2973E-06	-7.2797E-07
8.3535E-10	1.2888E-09	2.5208E-06	-1.0945E-06
8.3583E-10	1.2803E-09	2.1387E-06	-1.3736E-06
8.3627E-10	1.2719E-09	2.4224E-06	-8.4484E-07
8.3669E-10	1.2635E-09	3.0002E-06	-2.0162E-06
8.3708E-10	1.2551E-09	1.2775E-06	-2.3867E-06
8.3744E-10	1.2467E-09	1.2469E-06	-9.1194E-07
8.3777E-10	1.2384E-09	2.0028E-06	-8.4792E-07
8.3807E-10	1.2302E-09	2.8087E-06	-1.4945E-06
8.3834E-10	1.2219E-09	1.0312E-06	-3.1627E-06
8.3858E-10	1.2137E-09	-5.2644E-07	2.7494E-08
8.3880E-10	1.2055E-09	2.6710E-06	3.2170E-07
8.3899E-10	1.1974E-09	1.6530E-06	-1.2296E-06
8.3915E-10	1.1893E-09	1.7713E-06	1.1075E-07
8.3929E-10	1.1813E-09	2.5428E-06	-2.6046E-07
8.3939E-10	1.1732E-09	2.9691E-06	-2.2980E-07
8.3948E-10	1.1653E-09	3.6782E-06	-1.2441E-06
8.3953E-10	1.1573E-09	2.8211E-06	-2.3106E-06
8.3956E-10	1.1494E-09	1.9043E-06	-2.0850E-06
8.3956E-10	1.1415E-09	1.4443E-06	-1.4444E-06
8.3954E-10	1.1337E-09	2.4578E-06	-8.0343E-07
8.3949E-10	1.1258E-09	2.2842E-06	-2.6502E-06
8.3941E-10	1.1181E-09	4.6651E-07	-1.2471E-06
8.3931E-10	1.1103E-09	1.9644E-06	-7.3277E-07
8.3919E-10	1.1026E-09	1.4775E-06	-7.6892E-07
8.3904E-10	1.0949E-09	2.6884E-06	-8.9308E-07
8.3887E-10	1.0873E-09	1.5992E-06	-1.4928E-06
8.3867E-10	1.0797E-09	2.4138E-06	-1.1911E-06
8.3845E-10	1.0721E-09	6.4649E-07	-1.8658E-06
8.3820E-10	1.0646E-09	1.8200E-06	5.4770E-07
8.3793E-10	1.0571E-09	2.3367E-06	-1.8922E-06
8.3764E-10	1.0496E-09	6.0627E-07	3.7735E-08
8.3733E-10	1.0422E-09	3.2659E-06	3.5857E-07
8.3699E-10	1.0348E-09	3.2772E-06	-1.4953E-06
8.3663E-10	1.0275E-09	2.1554E-06	-2.1892E-06
8.3625E-10	1.0201E-09	1.1573E-06	-1.1630E-06
8.3584E-10	1.0128E-09	1.9656E-06	-7.7258E-07
8.3541E-10	1.0056E-09	1.5991E-06	-7.1271E-07
8.3497E-10	9.9835E-10	2.6955E-06	-3.0459E-07
8.3449E-10	9.9116E-10	2.4082E-06	-1.7681E-06
8.3400E-10	9.8400E-10	1.5422E-06	-7.9290E-07
8.3349E-10	9.7687E-10	2.3912E-06	-9.3291E-07
8.3296E-10	9.6978E-10	1.7865E-06	-7.9796E-07
8.3240E-10	9.6272E-10	2.8882E-06	-6.0377E-07
8.3182E-10	9.5570E-10	2.5613E-06	-1.8627E-06
8.3123E-10	9.4871E-10	1.6712E-06	-1.7765E-06
8.3061E-10	9.4175E-10	1.0666E-06	-9.9244E-07
8.2998E-10	9.3483E-10	1.9999E-06	-2.6966E-07
8.2932E-10	9.2793E-10	2.1913E-06	-9.8571E-07
8.2865E-10	9.2108E-10	1.9432E-06	-9.6842E-07
8.2795E-10	9.1425E-10	1.5621E-06	-6.2145E-07
8.2724E-10	9.0746E-10	2.5341E-06	-2.5203E-07
8.2650E-10	9.0070E-10	1.8575E-06	-1.2901E-06
8.2575E-10	8.9397E-10	1.5588E-06	5.1255E-07
8.2498E-10	8.8727E-10	3.4040E-06	5.6320E-07
8.2419E-10	8.8061E-10	4.4500E-06	-5.0793E-07
8.2339E-10	8.7398E-10	4.0084E-06	-2.4582E-06
8.2256E-10	8.6738E-10	2.7919E-06	-2.4508E-06
8.2172E-10	8.6082E-10	2.0244E-06	-2.8647E-06
8.2086E-10	8.5428E-10	1.1633E-06	-1.2589E-06
8.1998E-10	8.4778E-10	2.8228E-06	-1.5856E-06
8.1908E-10	8.4131E-10	1.2211E-06	-2.5481E-06
8.1817E-10	8.3487E-10	8.1883E-07	-6.6546E-07
8.1724E-10	8.2847E-10	2.5463E-06	-4.0059E-07
8.1629E-10	8.2209E-10	2.5566E-06	-2.1649E-06
8.1533E-10	8.1575E-10	1.0204E-06	-1.7627E-06
8.1435E-10	8.0944E-10	1.2672E-06	-1.1377E-06
8.1336E-10	8.0316E-10	9.4701E-07	-6.0213E-07
8.1234E-10	7.9691E-10	1.8093E-06	-1.9451E-08
8.1132E-10	7.9069E-10	2.2862E-06	-1.3733E-07
8.1027E-10	7.8450E-10	3.0928E-06	-6.9987E-07
8.0921E-10	7.7835E-10	2.5370E-06	-1.5655E-06
8.0814E-10	7.7222E-10	2.2008E-06	-1.6005E-06
8.0705E-10	7.6613E-10	1.3235E-06	-1.5339E-06
8.0594E-10	7.6007E-10	1.4546E-06	-1.3513E-07
8.0483E-10	7.5404E-10	3.1997E-06	-4.1899E-07
8.0369E-10	7.4803E-10	2.2978E-06	-2.4895E-06
8.0254E-10	7.4206E-10	7.0837E-07	-3.7772E-07
8.0138E-10	7.3612E-10	3.3875E-06	-5.8106E-07
8.0020E-10	7.3021E-10	1.5066E-06	-2.0881E-06
7.9901E-10	7.2433E-10	1.6107E-06	-5.7739E-07
7.9780E-10	7.1848E-10	1.3164E-06	-3.0605E-07
7.9659E-10	7.1266E-10	3.7844E-06	4.6329E-07
7.9535E-10	7.0688E-10	2.7499E-06	-2.9772E-06
7.9411E-10	7.0112E-10	1.2330E-06	-2.9373E-07
7.9285E-10	6.9539E-10	3.1076E-06	-1.3794E-06
7.9158E-10	6.8969E-10	1.6783E-06	-1.1061E-06
7.9029E-10	6.8402E-10	2.7772E-06	-1.2398E-06
7.8899E-10	6.7837E-10	1.7467E-06	-1.4845E-06
7.8768E-10	6.7276E-10	2.1557E-06	-1.0762E-06
7.8636E-10	6.6718E-10	1.9386E-06	-1.0305E-06
7.8502E-10	6.6163E-10	2.4583E-06	-1.2067E-06
7.8368E-10	6.5611E-10	1.6935E-06	-1.2901E-06
7.8232E-10	6.5061E-10	2.3916E-06	-6.8132E-07
7.8094E-10	6.4515E-10	2.3906E-06	-1.6817E-06
7.7956E-10	6.3971E-10	1.4732E-06	-1.2589E-06
7.7817E-10	6.3430E-10	2.0751E-06	-3.8365E-07
7.7676E-10	6.2892E-10	2.9324E-06	-1.0270E-06
7.7534E-10	6.2357E-10	2.5205E-06	-1.6752E-06
7.7391E-10	6.1825E-10	2.3405E-06	-1.7661E-06
7.7247E-10	6.1296E-10	1.6666E-06	-2.2778E-06
7.7102E-10	6.0769E-10	5.7385E-07	-9.8534E-07
7.6956E-10	6.0246E-10	2.2601E-06	-5.0152E-08
7.6809E-10	5.9725E-10	2.3838E-06	-1.1193E-06
7.6661E-10	5.9207E-10	3.0211E-06	-1.0725E-06
7.6511E-10	5.8691E-10	1.8502E-06	-2.7988E-06
7.6361E-10	5.8179E-10	1.2726E-06	-5.7876E-07
7.6210E-10	5.7669E-10	2.2867E-06	-2.1421E-06
7.6057E-10	5.7162E-10	5.2337E-07	-4.3742E-07
7.5904E-10	5.6658E-10	3.4516E-06	-8.1432E-07
7.5750E-10	5.6157E-10	1.4601E-06	-2.4662E-06
7.5595E-10	5.5658E-10	1.1994E-06	-1.1866E-06
7.5439E-10	5.5162E-10	1.3847E-06	-5.1548E-07
7.5282E-10	5.4669E-10	2.7706E-06	-1.6630E-06
7.5124E-10	5.4179E-10	-4.2267E-07	-1.8273E-06
7.4965E-10	5.3691E-10	1.7350E-06	1.7018E-06
7.4805E-10	5.3206E-10	3.5161E-06	-1.1263E-06
7.4645E-10	5.2724E-10	2.2911E-06	-1.3574E-06
7.4483E-10	5.2244E-10	1.9782E-06	-1.9028E-06
7.4321E-10	5.1767E-10	1.1322E-06	-8.2400E-07
7.4158E-10	5.1293E-10	2.3509E-06	-5.1168E-07
7.3994E-10	5.0821E-10	2.5979E-06	-1.2741E-06
7.3829E-10	5.0352E-10	2.2731E-06	-2.0780E-06
7.3663E-10	4.9886E-10	9.6050E-07	-2.1058E-06
7.3497E-10	4.9422E-10	3.8409E-07	-7.0328E-07
7.3330E-10	4.8961E-10	1.6649E-06	6.2505E-07
7.3162E-10	4.8502E-10	3.5776E-06	-7.3679E-07
7.2994E-10	4.8046E-10	1.8023E-06	-2.5095E-06
7.2824E-10	4.7593E-10	1.1315E-06	-5.2090E-07
7.2654E-10	4.7142E-10	2.3518E-06	-1.1159E-06
7.2483E-10	4.6694E-10	1.8128E-06	-7.4479E-07
7.2312E-10	4.6248E-10	3.2488E-06	-1.9677E-06
7.2140E-10	4.5805E-10	1.7298E-07	-2.9802E-06
7.1967E-10	4.5365E-10	3.4322E-07	2.0050E-07
7.1793E-10	4.4927E-10	2.0043E-06	-5.2055E-07
7.1619E-10	4.4491E-10	1.6268E-06	-6.1668E-07
7.1444E-10	4.4058E-10	2.2425E-06	-7.2208E-07
7.1269E-10	4.3628E-10	1.9334E-06	-1.4913E-06
7.1093E-10	4.3200E-10	1.2229E-06	-1.1542E-06
7.0916E-10	4.2774E-10	1.3001E-06	-6.5915E-07
7.0739E-10	4.2351E-10	1.7526E-06	-9.8603E-08
7.0561E-10	4.1931E-10	2.7060E-06	-9.1647E-07
7.0382E-10	4.1513E-10	1.7550E-06	-1.4143E-06
7.0203E-10	4.1097E-10	1.9385E-06	-1.2196E-06
7.0024E-10	4.0684E-10	1.2895E-06	-1.2703E-06
6.9844E-10	4.0273E-10	1.7423E-06	-1.0830E-06
6.9663E-10	3.9865E-10	5.7836E-07	-8.8853E-07
6.9482E-10	3.9459E-10	2.6118E-06	4.3888E-07
6.9300E-10	3.9056E-10	2.2402E-06	-2.5692E-06
6.9118E-10	3.8654E-10	5.4820E-07	-6.8553E-07
6.8935E-10	3.8256E-10	1.7590E-06	-1.2500E-06
6.8752E-10	3.7859E-10	4.1497E-07	-5.4875E-07
6.8568E-10	3.7466E-10	1.6405E-06	-1.9944E-07
6.8384E-10	3.7074E-10	1.2787E-06	1.8008E-07
6.8199E-10	3.6685E-10	3.3721E-06	-5.5010E-07
6.8014E-10	3.6298E-10	8.1929E-07	-2.4551E-06
6.7829E-10	3.5913E-10	5.0653E-07	3.9910E-07
6.7643E-10	3.5531E-10	1.6626E-06	-1.8628E-07
6.7457E-10	3.5151E-10	1.7370E-06	3.9143E-07
6.7270E-10	3.4774E-10	2.2035E-06	-5.3112E-07
6.7083E-10	3.4398E-10	1.8339E-06	2.9253E-07
6.6895E-10	3.4025E-10	2.8405E-06	-8.6132E-07
6.6707E-10	3.3655E-10	1.0502E-06	-1.7277E-07
6.6519E-10	3.3286E-10	3.5377E-06	6.5128E-07
6.6330E-10	3.2920E-10	3.1077E-06	-1.8653E-06
6.6141E-10	3.2556E-10	1.9608E-06	-1.2470E-06
6.5952E-10	3.2194E-10	2.1585E-06	-1.1901E-06
6.5762E-10	3.1835E-10	1.9712E-06	-1.6822E-06
6.5572E-10	3.1478E-10	3.8898E-07	-1.2339E-06
6.5382E-10	3.1123E-10	1.6767E-06	9.0562E-07
6.5191E-10	3.0770E-10	2.8278E-06	-1.1766E-06
6.5000E-10	3.0419E-10	8.7875E-07	-2.1832E-07
6.4809E-10	3.0071E-10	3.7005E-06	5.9304E-07
6.4618E-10	2.9724E-10	3.1269E-06	-2.6284E-06
6.4426E-10	2.9380E-10	1.2154E-06	-1.4161E-06
6.4234E-10	2.9039E-10	1.8205E-06	-1.5311E-06
6.4042E-10	2.8699E-10	4.3041E-07	-8.0013E-07
6.3849E-10	2.8361E-10	2.1052E-06	5.9210E-07
6.3656E-10	2.8026E-10	2.9878E-06	-1.1513E-06
6.3463E-10	2.7692E-10	1.4610E-06	-1.7215E-06
6.3270E-10	2.7361E-10	1.2970E-06	-1.5370E-07
6.3076E-10	2.7032E-10	2.7753E-06	-8.5380E-07
6.2883E-10	2.6705E-10	1.3551E-06	-1.6119E-06
6.2689E-10	2.6380E-10	1.5309E-06	-3.7414E-07
6.2495E-10	2.6058E-10	2.0273E-06	-9.5636E-07
6.2301E-10	2.5737E-10	1.5243E-06	-1.0903E-06
6.2106E-10	2.5418E-10	1.1665E-06	-6.0384E-07
6.1911E-10	2.5102E-10	1.8369E-06	8.9434E-08
6.1717E-10	2.4787E-10	2.7155E-06	-7.9491E-07
6.1522E-10	2.4475E-10	1.5685E-06	-1.6537E-06
6.1327E-10	2.4164E-10	1.1260E-06	-3.1452E-07
6.1131E-10	2.3856E-10	2.1643E-06	-4.5215E-07
6.0936E-10	2.3549E-10	2.1662E-06	-9.1433E-07
6.0741E-10	2.3245E-10	1.4509E-06	-1.9388E-06
6.0545E-10	2.2942E-10	-8.4362E-08	9.8448E-08
6.0349E-10	2.2642E-10	2.6436E-06	5.1600E-07
6.0153E-10	2.2344E-10	1.4501E-06	-7.4392E-07
5.9957E-10	2.2047E-10	2.6836E-06	5.7092E-07
5.9761E-10	2.1753E-10	2.6601E-06	-1.6178E-06
5.9565E-10	2.1460E-10	1.7701E-06	-6.2005E-07
5.9369E-10	2.1169E-10	2.5134E-06	-1.6870E-06
5.9173E-10	2.0881E-10	3.0979E-07	-1.8237E-06
5.8977E-10	2.0594E-10	3.6146E-07	5.4187E-07
5.8780E-10	2.0309E-10	2.1239E-06	5.1446E-07
5.8584E-10	2.0026E-10	2.1943E-06	-1.0847E-07
5.8387E-10	1.9745E-10	2.3706E-06	-5.1783E-07
5.8191E-10	1.9466E-10	1.8340E-06	-3.5510E-07
5.7994E-10	1.9189E-10	2.7492E-06	-5.2684E-07
5.7797E-10	1.8914E-10	1.7088E-06	-1.2330E-06
5.7601E-10	1.8640E-10	1.9364E-06	-4.6456E-07
5.7404E-10	1.8369E-10	1.6034E-06	-9.0056E-07
5.7208E-10	1.8099E-10	1.7424E-06	-2.5457E-07
5.7011E-10	1.7831E-10	1.7161E-06	-3.1915E-07
5.6814E-10	1.7565E-10	2.5795E-06	-1.7731E-07
5.6618E-10	1.7301E-10	1.8409E-06	-1.3206E-06
5.6421E-10	1.7039E-10	1.4250E-06	-2.0348E-07
5.6225E-10	1.6778E-10	1.8536E-06	1.4162E-07
5.6028E-10	1.6519E-10	3.3902E-06	-2.0598E-07
5.5831E-10	1.6262E-10	1.5943E-06	-2.1494E-06
5.5635E-10	1.6007E-10	1.5863E-06	6.9630E-07
5.5439E-10	1.5754E-10	3.1556E-06	-1.9089E-06
5.5242E-10	1.5502E-10	-2.4947E-07	-1.1483E-06
5.5046E-10	1.5253E-10	1.3152E-06	1.4524E-06
5.4850E-10	1.5004E-10	3.3714E-06	6.5260E-07
5.4653E-10	1.4758E-10	2.8386E-06	-1.3404E-06
5.4457E-10	1.4514E-10	1.6465E-06	1.0530E-07
5.4261E-10	1.4271E-10	3.8485E-06	-1.1577E-07
5.4065E-10	1.4030E-10	3.1049E-06	-2.1702E-06
5.3869E-10	1.3790E-10	1.3756E-06	-1.9795E-06
5.3674E-10	1.3553E-10	1.4607E-06	-5.4279E-07
5.3478E-10	1.3317E-10	1.6254E-06	-1.4395E-06
5.3282E-10	1.3082E-10	6.6063E-07	7.6055E-07
5.3087E-10	1.2850E-10	4.4017E-06	-8.4557E-08
5.2891E-10	1.2619E-10	1.4353E-06	-2.8388E-06
5.2696E-10	1.2389E-10	1.2757E-06	1.3191E-07
5.2501E-10	1.2162E-10	2.0476E-06	-1.3956E-06
5.2306E-10	1.1936E-10	8.6500E-07	-9.1099E-08
5.2111E-10	1.1712E-10	2.2867E-06	-9.3165E-08
5.1917E-10	1.1489E-10	1.8363E-06	-2.0534E-07
5.1722E-10	1.1268E-10	2.7594E-06	-1.3735E-07
5.1528E-10	1.1049E-10	2.5593E-06	-1.1348E-06
5.1333E-10	1.0831E-10	1.8131E-06	-1.1399E-06
5.1139E-10	1.0615E-10	1.7178E-06	-4.5768E-07
5.0945E-10	1.0400E-10	2.1574E-06	-7.1029E-07
5.0751E-10	1.0187E-10	1.7889E-06	-4.4133E-07
5.0558E-10	9.9757E-11	2.5884E-06	-8.6124E-07
5.0364E-10	9.7659E-11	9.8131E-07	-1.2999E-06
5.0171E-10	9.5577E-11	1.3467E-06	7.5015E-07
4.9978E-10	9.3510E-11	2.7824E-06	2.0822E-07
4.9785E-10	9.1459E-11	2.8356E-06	-2.6258E-07
4.9592E-10	8.9423E-11	3.0820E-06	-8.1406E-07
4.9400E-10	8.7402E-11	2.6314E-06	-1.5587E-06
4.9208E-10	8.5397E-11	1.5272E-06	-1.4281E-06
4.9015E-10	8.3408E-11	1.5079E-06	-2.3564E-07
4.8824E-10	8.1433E-11	2.5681E-06	-2.1293E-07
4.8632E-10	7.9473E-11	2.3762E-06	-1.0755E-06
4.8440E-10	7.7529E-11	2.0087E-06	-3.7383E-07
4.8249E-10	7.5599E-11	2.9164E-06	-1.0237E-06
4.8058E-10	7.3685E-11	1.3367E-06	-1.1161E-06
4.7867E-10	7.1785E-11	2.5224E-06	4.3477E-07
4.7677E-10	6.9900E-11	3.3666E-06	-1.1086E-06
4.7486E-10	6.8029E-11	2.4819E-06	-1.6650E-06
4.7296E-10	6.6173E-11	1.7113E-06	-1.0833E-06
4.7107E-10	6.4332E-11	2.7946E-06	-5.9357E-07
4.6917E-10	6.2505E-11	2.4975E-06	-1.6774E-06
4.6728E-10	6.0692E-11	2.5036E-06	-1.4922E-06
4.6539E-10	5.8894E-11	1.2909E-06	-2.0656E-06
4.6350E-10	5.7110E-11	1.9819E-06	3.8740E-08
4.6161E-10	5.5340E-11	3.0588E-06	-2.2773E-06
4.5973E-10	5.3584E-11	1.0267E-06	-1.6429E-06
4.5785E-10	5.1842E-11	2.0804E-06	-1.4766E-06
4.5597E-10	5.0114E-11	1.0173E-06	-1.9065E-06
4.5410E-10	4.8400E-11	6.4806E-07	-9.6578E-07
4.5222E-10	4.6700E-11	1.2969E-06	-7.5000E-08
4.5035E-10	4.5013E-11	1.9065E-06	-6.6571E-07
4.4849E-10	4.3340E-11	2.0783E-06	-1.9936E-07
4.4662E-10	4.1681E-11	2.7860E-06	-1.6913E-06
4.4476E-10	4.0035E-11	1.1869E-06	-1.4318E-06
4.4291E-10	3.8403E-11	1.8638E-06	-1.4966E-06
4.4105E-10	3.6784E-11	2.9133E-07	-9.7856E-07
4.3920E-10	3.5178E-11	2.2373E-06	4.2347E-07
4.3735E-10	3.3586E-11	3.0148E-06	-1.6767E-06
4.3550E-10	3.2006E-11	1.2880E-06	-3.0732E-06
4.3366E-10	3.0440E-11	-1.0655E-06	-8.4527E-07
4.3182E-10	2.8887E-11	1.8979E-06	7.7052E-07
4.2999E-10	2.7347E-11	1.6075E-06	-1.4784E-06
4.2815E-10	2.5819E-11	1.1671E-06	-7.6661E-07
4.2632E-10	2.4305E-11	1.9352E-07	-1.0485E-06
4.2450E-10	2.2803E-11	8.3209E-07	1.1587E-06
4.2267E-10	2.1314E-11	1.9726E-06	3.4057E-08
4.2085E-10	1.9837E-11	2.2032E-06	6.2561E-07
4.1904E-10	1.8373E-11	2.7994E-06	-1.1850E-06
4.1722E-10	1.6922E-11	1.3370E-06	-6.5249E-07
4.1541E-10	1.5483E-11	1.7530E-06	-7.7363E-07
4.1361E-10	1.4056E-11	1.2052E-06	3.7333E-07
4.1180E-10	1.2642E-11	3.1815E-06	-1.7183E-07
4.1000E-10	1.1239E-11	1.9478E-06	-1.3337E-06
4.0821E-10	9.8494E-12	1.5569E-06	-6.3991E-07
4.0641E-10	8.4714E-12	1.9763E-06	2.8339E-07
4.0462E-10	7.1054E-12	3.4692E-06	-1.0591E-06
4.0284E-10	5.7514E-12	1.4940E-06	-1.6584E-06
4.0106E-10	4.4093E-12	2.3616E-06	-7.7158E-07
3.9928E-10	3.0790E-12	1.6791E-06	-1.8756E-06
3.9750E-10	1.7605E-12	1.3498E-06	-1.2664E-06
3.9573E-10	4.5369E-13	5.4671E-07	-1.0365E-06
3.9396E-10	-8.4151E-13	1.6084E-06	3.8786E-07
3.9220E-10	-2.1251E-12	2.3393E-06	-9.8563E-07
3.9044E-10	-3.3973E-12	1.7051E-06	-1.4572E-06
3.8868E-10	-4.6580E-12	-8.0583E-09	-1.2409E-06
3.8693E-10	-5.9073E-12	1.1631E-06	1.9049E-06
3.8518E-10	-7.1453E-12	4.2753E-06	-6.0615E-07
3.8343E-10	-8.3720E-12	1.6204E-06	-2.5456E-06
3.8169E-10	-9.5876E-12	4.3621E-07	-8.5571E-07
3.7995E-10	-1.0792E-11	1.6085E-06	4.5776E-07
3.7822E-10	-1.1985E-11	2.8449E-06	-1.4948E-06
3.7649E-10	-1.3168E-11	-1.5891E-07	-1.5816E-06
3.7476E-10	-1.4339E-11	1.1354E-06	1.0922E-06
3.7304E-10	-1.5500E-11	1.9539E-06	-9.2208E-08
3.7132E-10	-1.6649E-11	2.6918E-06	7.3089E-07
3.6961E-10	-1.7788E-11	3.4113E-06	-1.8269E-06
3.6790E-10	-1.8917E-11	1.1288E-06	-1.3704E-06
3.6619E-10	-2.0034E-11	1.9748E-06	-8.9465E-07
3.6449E-10	-2.1141E-11	1.4846E-06	-1.0858E-06
3.6279E-10	-2.2238E-11	1.3779E-06	-1.2587E-06
3.6109E-10	-2.3324E-11	6.5774E-07	-3.4643E-08
3.5940E-10	-2.4400E-11	2.5517E-06	-1.0278E-07
3.5772E-10	-2.5465E-11	1.7086E-06	-9.5938E-07
3.5603E-10	-2.6520E-11	2.2157E-06	-8.0185E-07
3.5436E-10	-2.7565E-11	1.4267E-06	-1.1272E-06
3.5268E-10	-2.8600E-11	2.1744E-06	-1.0863E-06
3.5101E-10	-2.9624E-11	4.8778E-07	-1.8785E-06
3.4935E-10	-3.0639E-11	5.9271E-07	8.0134E-08
3.4768E-10	-3.1644E-11	9.7532E-07	-1.3680E-07
3.4603E-10	-3.2638E-11	1.7342E-06	8.7619E-07
3.4437E-10	-3.3623E-11	2.6366E-06	-5.7730E-07
3.4272E-10	-3.4598E-11	1.2151E-06	-4.3314E-07
3.4108E-10	-3.5563E-11	2.6553E-06	1.1445E-06
3.3944E-10	-3.6519E-11	4.6941E-06	-1.6625E-06
3.3780E-10	-3.7465E-11	1.2849E-06	-3.5628E-06
3.3617E-10	-3.8401E-11	-4.1739E-08	-1.2126E-06
3.3454E-10	-3.9328E-11	6.0004E-07	2.8350E-07
3.3291E-10	-4.0245E-11	2.7745E-06	1.2168E-08
3.3129E-10	-4.1153E-11	1.6747E-06	-1.7527E-06
3.2968E-10	-4.2052E-11	1.4552E-06	-6.4817E-07
3.2807E-10	-4.2941E-11	1.3843E-06	-1.2195E-06
3.2646E-10	-4.3821E-11	1.4737E-06	-6.4762E-07
3.2486E-10	-4.4692E-11	1.3454E-06	-1.3596E-06
3.2326E-10	-4.5554E-11	7.9583E-07	-1.2158E-06
3.2166E-10	-4.6407E-11	-4.9509E-07	-3.0965E-07
3.2007E-10	-4.7250E-11	1.9135E-06	1.8042E-06
3.1849E-10	-4.8085E-11	2.7245E-06	-1.7186E-06
3.1691E-10	-4.8911E-11	-4.2373E-07	-6.2494E-07
3.1533E-10	-4.9728E-11	1.2282E-06	1.6787E-06
3.1376E-10	-5.0536E-11	3.0676E-06	4.4523E-07
3.1219E-10	-5.1335E-11	2.1918E-06	-4.9250E-07
3.1063E-10	-5.2126E-11	2.7329E-06	-2.8548E-07
3.0907E-10	-5.2908E-11	1.7215E-06	-1.1005E-06
3.0751E-10	-5.3681E-11	2.4969E-06	3.5861E-07
3.0596E-10	-5.4446E-11	2.9925E-06	-1.6384E-06
3.0442E-10	-5.5202E-11	1.7654E-06	-1.4051E-06
3.0287E-10	-5.5950E-11	1.3641E-06	-1.1349E-06
3.0134E-10	-5.6690E-11	2.4808E-06	-4.2140E-07
2.9981E-10	-5.7421E-11	1.6206E-06	-2.7119E-06
2.9828E-10	-5.8144E-11	1.1655E-07	-8.0363E-08
2.9675E-10	-5.8859E-11	2.4001E-06	-2.0356E-07
2.9523E-10	-5.9565E-11	2.3999E-06	-9.2119E-07
2.9372E-10	-6.0264E-11	2.2600E-06	-2.3031E-06
2.9221E-10	-6.0954E-11	7.0801E-07	-2.2878E-06
2.9070E-10	-6.1636E-11	-7.7221E-07	-1.6957E-06
2.8920E-10	-6.2311E-11	-9.5006E-08	1.5555E-06
2.8771E-10	-6.2977E-11	2.4516E-06	-1.4198E-07
2.8621E-10	-6.3636E-11	1.1086E-06	-6.3745E-08
2.8473E-10	-6.4287E-11	2.2105E-06	-4.8902E-07
2.8324E-10	-6.4930E-11	1.3141E-06	-1.8221E-08
2.8176E-10	-6.5565E-11	3.0928E-06	-8.2622E-07
2.8029E-10	-6.6193E-11	7.9896E-07	-1.7945E-06
2.7882E-10	-6.6813E-11	1.0248E-06	2.4065E-07
2.7736E-10	-6.7425E-11	2.6212E-06	2.0887E-07
2.7590E-10	-6.8030E-11	3.0751E-06	-2.1129E-06
2.7444E-10	-6.8627E-11	2.3544E-07	-1.8126E-06
2.7299E-10	-6.9217E-11	1.6877E-06	-1.2727E-07
2.7154E-10	-6.9800E-11	1.6472E-06	-1.4715E-06
2.7010E-10	-7.0375E-11	1.5975E-06	-9.0559E-07
2.6866E-10	-7.0943E-11	1.6815E-06	-2.1889E-06
2.6723E-10	-7.1504E-11	-4.3782E-07	-1.9131E-06
2.6580E-10	-7.2057E-11	2.9453E-08	3.0076E-07
2.6438E-10	-7.2604E-11	1.1612E-06	-5.4722E-07
2.6296E-10	-7.3143E-11	2.0978E-07	1.3760E-08
2.6154E-10	-7.3675E-11	1.2917E-06	5.8343E-07
2.6013E-10	-7.4200E-11	2.0278E-06	7.5507E-07
2.5873E-10	-7.4719E-11	3.3636E-06	-1.2345E-06
2.5733E-10	-7.5230E-11	5.0575E-07	-1.8813E-06
2.5593E-10	-7.5735E-11	1.4395E-06	-5.2721E-08
2.5454E-10	-7.6232E-11	1.3505E-06	-1.3306E-06
2.5315E-10	-7.6723E-11	1.0670E-06	-7.6276E-07
2.5177E-10	-7.7208E-11	2.6797E-07	-1.0143E-06
2.5039E-10	-7.7685E-11	8.5061E-07	1.0651E-06
2.4902E-10	-7.8156E-11	2.4470E-06	-6.9043E-07
2.4765E-10	-7.8620E-11	5.6859E-07	-3.5550E-07
2.4628E-10	-7.9078E-11	2.6875E-06	2.8880E-07
2.4492E-10	-7.9529E-11	1.5080E-06	-2.0855E-06
2.4357E-10	-7.9974E-11	5.2545E-07	2.2243E-07
2.4222E-10	-8.0412E-11	2.3377E-06	-3.5554E-07
2.4087E-10	-8.0844E-11	1.9072E-06	-6.3124E-07
2.3953E-10	-8.1270E-11	2.3366E-06	-2.0237E-06
2.3820E-10	-8.1689E-11	-2.4097E-07	-1.4889E-06
2.3686E-10	-8.2103E-11	1.2838E-06	-6.9411E-09
2.3554E-10	-8.2509E-11	8.4458E-07	-5.7314E-07
2.3421E-10	-8.2910E-11	2.5014E-06	9.1224E-08
2.3290E-10	-8.3305E-11	1.8261E-06	-2.6146E-06
2.3158E-10	-8.3693E-11	-2.3553E-07	-1.4283E-06
2.3027E-10	-8.4076E-11	-6.0934E-08	3.2599E-07
2.2897E-10	-8.4453E-11	2.7239E-06	5.4076E-07
2.2767E-10	-8.4823E-11	1.3543E-06	-2.5928E-06
2.2637E-10	-8.5188E-11	4.6445E-07	3.8312E-07
2.2508E-10	-8.5547E-11	2.6866E-06	-1.9095E-06
2.2380E-10	-8.5900E-11	-4.4622E-07	-2.0033E-06
2.2252E-10	-8.6247E-11	1.9133E-08	-6.2189E-07
2.2124E-10	-8.6589E-11	1.1369E-07	3.3360E-07
2.1997E-10	-8.6924E-11	1.8397E-06	-8.2501E-07
2.1870E-10	-8.7255E-11	-1.1006E-06	-1.1767E-06
2.1744E-10	-8.7579E-11	2.6823E-07	2.0467E-06
2.1618E-10	-8.7898E-11	2.5380E-06	6.1970E-07
2.1492E-10	-8.8212E-11	1.8996E-06	-8.1828E-07
2.1368E-10	-8.8519E-11	1.2836E-06	-4.7505E-08
2.1243E-10	-8.8822E-11	2.5906E-06	-8.5984E-07
2.1119E-10	-8.9119E-11	8.7217E-07	-1.3685E-06
2.0996E-10	-8.9411E-11	2.0642E-06	-8.2101E-07
2.0872E-10	-8.9697E-11	4.1936E-07	-2.4200E-06
2.0750E-10	-8.9978E-11	-3.6880E-08	-2.5147E-07
2.0628E-10	-9.0254E-11	7.6078E-07	-2.6571E-07
2.0506E-10	-9.0524E-11	1.8668E-06	-4.4917E-07
2.0385E-10	-9.0790E-11	3.4876E-07	-2.2229E-06
2.0264E-10	-9.1050E-11	-1.0461E-07	2.8976E-07
2.0144E-10	-9.1305E-11	1.0343E-06	-8.1304E-07
2.0024E-10	-9.1555E-11	4.6469E-07	1.8608E-07
1.9904E-10	-9.1800E-11	1.6137E-06	-1.0013E-06
1.9785E-10	-9.2040E-11	1.1202E-07	-5.6782E-07
1.9667E-10	-9.2275E-11	1.3698E-06	-5.0214E-07
1.9549E-10	-9.2505E-11	5.2938E-07	-1.0745E-06
1.9431E-10	-9.2730E-11	4.5786E-07	-1.0643E-06
1.9314E-10	-9.2951E-11	-7.1898E-07	-2.3347E-07
1.9197E-10	-9.3166E-11	1.0561E-06	1.0158E-06
1.9081E-10	-9.3377E-11	1.7072E-06	-6.1435E-07
1.8965E-10	-9.3583E-11	9.9120E-07	-1.1161E-06
1.8850E-10	-9.3784E-11	1.4216E-07	-1.0469E-06
1.8735E-10	-9.3981E-11	-2.6121E-09	3.7423E-08
1.8620E-10	-9.4173E-11	1.0886E-06	6.3295E-07
1.8506E-10	-9.4360E-11	2.7581E-06	-4.6658E-07
1.8393E-10	-9.4543E-11	1.7220E-06	-3.3192E-06
1.8279E-10	-9.4721E-11	-1.3864E-06	-2.5662E-06
1.8167E-10	-9.4895E-11	-8.9333E-07	-6.8484E-07
