jMRUI Data Textfile

Filename: Export_to_jmrui.txt

PointsInDataset: 2048
DatasetsInFile: 1
SamplingInterval: 0.250000
ZeroOrderPhase: 0E0
BeginTime: 0E0
TransmitterFrequency: 1.2326E8
MagneticField: 2.8936E0
TypeOfNucleus:  
NameOfPatient:  
DateOfExperiment:  
Spectrometer:  
AdditionalInfo: 
SignalNames:  


Signal and FFT
sig(real)	sig(imag)	fft(real)	fft(imag)
Signal 1 out of 1 in file
1.9672E-06	-1.3720E-07	-3.7689E-06	-7.2668E-07
5.5308E-06	-1.0691E-06	-3.8216E-06	7.8983E-08
3.9107E-06	-2.3651E-06	-3.3224E-06	4.2490E-07
2.5036E-06	-3.3158E-06	-3.0510E-06	5.3597E-07
3.4677E-07	-3.4962E-06	-2.7086E-06	5.7773E-07
-1.1305E-06	-2.7634E-06	-2.4374E-06	4.2647E-07
-2.1266E-06	-1.5410E-06	-2.3627E-06	6.0795E-08
-1.7366E-06	-2.0273E-07	-2.7875E-06	-5.9108E-08
-9.0990E-07	4.7914E-07	-2.8011E-06	2.9118E-07
1.8337E-07	5.6400E-07	-2.7790E-06	1.0341E-07
8.1797E-07	1.8396E-07	-3.1517E-06	4.2884E-07
1.1856E-06	-3.4777E-07	-2.8096E-06	7.6614E-07
9.4370E-07	-8.5169E-07	-2.7677E-06	6.5697E-07
5.7209E-07	-1.0787E-06	-2.7892E-06	9.0647E-07
-2.5911E-08	-1.1677E-06	-2.5016E-06	1.0542E-06
-3.1162E-07	-9.4346E-07	-2.3496E-06	9.1107E-07
-5.8529E-07	-7.7165E-07	-2.3645E-06	1.0099E-06
-4.9347E-07	-5.4936E-07	-2.0787E-06	9.2023E-07
-4.6827E-07	-4.3643E-07	-2.3447E-06	7.8747E-07
-4.5433E-07	-3.2582E-07	-2.1300E-06	1.2296E-06
-6.3704E-07	-2.6392E-07	-1.6945E-06	7.6496E-07
-6.8177E-07	-7.1207E-08	-2.2261E-06	5.2954E-07
-7.4098E-07	1.3532E-07	-2.2653E-06	9.9727E-07
-5.4489E-07	3.5352E-07	-1.9551E-06	1.0071E-06
-2.8815E-07	3.8955E-07	-1.8371E-06	8.6741E-07
8.8651E-08	3.4199E-07	-1.8893E-06	6.5347E-07
2.4682E-07	2.5625E-08	-2.0686E-06	6.2416E-07
3.2558E-07	-1.6533E-07	-2.3280E-06	6.4477E-07
1.5333E-07	-3.2821E-07	-2.4672E-06	1.1642E-06
-1.2412E-07	-3.2270E-07	-1.9768E-06	1.3499E-06
-4.1973E-07	-1.6947E-07	-1.8391E-06	1.1554E-06
-5.4416E-07	1.3037E-07	-1.9329E-06	1.0593E-06
-5.0647E-07	3.8533E-07	-2.0198E-06	1.4901E-06
-2.3176E-07	5.7271E-07	-1.1999E-06	1.5393E-06
-2.9682E-08	6.4750E-07	-1.2270E-06	7.4772E-07
2.8947E-07	5.1147E-07	-1.6819E-06	8.2483E-07
4.2286E-07	3.1197E-07	-1.5975E-06	1.0875E-06
4.7249E-07	1.0857E-07	-1.2636E-06	9.9141E-07
3.6180E-07	3.2010E-10	-1.3532E-06	5.9270E-07
3.3474E-07	1.7988E-08	-1.6562E-06	5.5207E-07
2.5071E-07	-3.4637E-08	-1.9691E-06	7.2660E-07
2.9042E-07	-2.9184E-08	-1.8747E-06	1.3177E-06
3.1354E-07	-1.4222E-07	-1.1491E-06	1.3680E-06
3.3283E-07	-2.0539E-07	-8.5143E-07	7.0463E-07
1.7667E-07	-3.3506E-07	-1.2662E-06	2.6652E-07
7.6848E-08	-3.5495E-07	-1.5082E-06	3.2004E-07
-1.2573E-07	-3.2883E-07	-1.7422E-06	7.1942E-08
-2.0777E-07	-1.4884E-07	-2.4651E-06	3.3113E-07
-2.0434E-07	-3.5146E-08	-2.4200E-06	1.1945E-06
-1.1937E-07	1.3993E-07	-1.8208E-06	1.3883E-06
3.2639E-08	1.9959E-07	-1.5174E-06	1.2250E-06
1.4452E-07	1.2860E-07	-1.3860E-06	9.4743E-07
1.8477E-07	-1.7507E-08	-1.4989E-06	7.5403E-07
1.1718E-07	-1.2548E-07	-1.6641E-06	5.5648E-07
-5.1262E-08	-2.1208E-07	-2.1458E-06	7.0257E-07
-1.7994E-07	-2.1665E-07	-2.0823E-06	1.1673E-06
-3.4360E-07	-9.0820E-08	-1.9268E-06	1.2860E-06
-2.7906E-07	7.3057E-08	-1.6601E-06	1.3595E-06
-1.5517E-07	1.7461E-07	-1.6996E-06	1.0726E-06
9.1345E-09	2.1006E-07	-1.9855E-06	1.3550E-06
1.3737E-07	1.0189E-07	-1.7085E-06	1.7007E-06
1.7472E-07	1.6696E-08	-1.3980E-06	1.7178E-06
1.2643E-07	-6.1789E-08	-1.0708E-06	1.6862E-06
-7.2044E-09	-1.5692E-07	-7.5829E-07	1.2261E-06
-1.7660E-07	-1.0043E-07	-1.1801E-06	8.1234E-07
-2.5480E-07	1.4672E-08	-1.4519E-06	1.0491E-06
-2.0966E-07	1.3006E-07	-1.5206E-06	1.1952E-06
-8.5072E-08	1.8302E-07	-1.4087E-06	1.5019E-06
8.7825E-09	1.7057E-07	-1.1825E-06	1.5181E-06
1.0913E-07	8.7084E-08	-9.0948E-07	1.6593E-06
8.8742E-08	1.6252E-08	-4.8852E-07	1.2827E-06
1.3617E-08	-4.6807E-08	-6.2288E-07	9.7404E-07
-8.1531E-08	-3.3809E-08	-5.5272E-07	7.6017E-07
-1.3370E-07	1.0872E-08	-8.3100E-07	4.4039E-07
-1.7636E-07	8.7454E-08	-1.0620E-06	4.6935E-07
-5.7133E-08	2.0241E-07	-1.2420E-06	4.4800E-07
4.8704E-08	2.5290E-07	-1.3534E-06	5.1554E-07
2.0323E-07	1.7615E-07	-1.6077E-06	4.2588E-07
1.1528E-07	1.2987E-07	-2.0220E-06	8.7512E-07
1.0956E-07	-2.9679E-09	-1.6810E-06	1.4721E-06
7.6212E-08	-5.7102E-08	-1.1520E-06	1.4089E-06
-2.3808E-09	-7.9775E-09	-1.0099E-06	1.0940E-06
-5.3993E-08	3.4978E-08	-1.1315E-06	8.9756E-07
-2.3740E-08	1.5155E-07	-1.3368E-06	9.1814E-07
5.9132E-08	1.6928E-07	-1.3524E-06	1.1657E-06
1.3931E-07	1.3927E-07	-1.0978E-06	1.1781E-06
1.9328E-07	5.2078E-08	-1.1503E-06	1.0263E-06
1.9706E-07	-5.7241E-08	-1.1720E-06	1.2081E-06
1.4436E-07	-1.6301E-07	-8.9347E-07	1.2218E-06
1.1926E-08	-1.6998E-07	-7.6653E-07	1.0168E-06
-4.4901E-08	-1.1217E-07	-7.2744E-07	8.1356E-07
-1.5358E-07	1.3461E-08	-8.7004E-07	5.6188E-07
-9.3172E-08	1.1895E-07	-1.1152E-06	5.8149E-07
-3.5710E-09	2.1358E-07	-1.1564E-06	6.8660E-07
1.0606E-07	2.2818E-07	-1.0725E-06	7.0469E-07
1.8923E-07	1.4464E-07	-1.1053E-06	4.9174E-07
2.1718E-07	3.8952E-08	-1.3357E-06	5.7974E-07
1.7339E-07	-9.2530E-08	-1.1652E-06	5.9339E-07
9.7087E-08	-1.7881E-07	-1.3041E-06	3.2525E-07
4.6722E-08	-1.9919E-07	-1.6090E-06	2.3908E-07
-3.8889E-08	-1.3463E-07	-2.0878E-06	4.6718E-07
-9.7001E-08	-7.1526E-08	-1.9864E-06	9.7872E-07
-9.0805E-08	-6.8294E-08	-1.9181E-06	9.1717E-07
-7.8151E-08	-2.1196E-08	-2.0792E-06	1.2963E-06
-1.3042E-07	-4.0904E-08	-1.6733E-06	1.5898E-06
-9.0456E-08	-1.2971E-09	-1.3493E-06	1.4540E-06
-1.3078E-07	2.4275E-08	-1.3031E-06	1.1923E-06
-1.2502E-07	3.5443E-08	-1.5280E-06	1.1688E-06
-4.4466E-08	8.8311E-08	-1.4930E-06	1.4291E-06
-2.1229E-08	9.6202E-08	-1.1952E-06	1.4206E-06
6.5748E-08	7.9902E-08	-1.1256E-06	1.1307E-06
1.1366E-07	5.7961E-08	-1.3997E-06	9.7588E-07
9.0104E-08	-8.2818E-09	-1.6283E-06	1.2354E-06
7.2138E-08	-1.0544E-07	-1.4558E-06	1.4642E-06
2.7125E-08	-1.3363E-07	-1.3445E-06	1.4729E-06
-6.9684E-08	-7.9286E-08	-1.1729E-06	1.5131E-06
-7.7362E-08	-1.3840E-08	-1.0762E-06	1.3059E-06
-1.4546E-07	3.4659E-08	-1.2199E-06	1.2437E-06
-9.0122E-08	9.9856E-08	-1.2755E-06	1.3060E-06
2.1188E-08	1.2660E-07	-1.2952E-06	1.4335E-06
7.3949E-08	7.5392E-08	-1.0963E-06	1.5235E-06
1.0348E-07	2.9024E-08	-1.0242E-06	1.3435E-06
9.7238E-08	-2.4280E-08	-1.0893E-06	1.3909E-06
8.4919E-08	-1.2562E-07	-9.7111E-07	1.3052E-06
-2.1539E-08	-1.0823E-07	-1.1711E-06	1.2918E-06
-3.5453E-08	-8.2097E-08	-1.0292E-06	1.5204E-06
-8.3271E-08	-3.2253E-08	-8.4912E-07	1.4202E-06
-6.9213E-08	7.2475E-08	-6.7441E-07	1.3074E-06
-2.9871E-08	9.1490E-08	-7.4167E-07	8.4090E-07
3.1214E-09	6.4666E-08	-1.3298E-06	8.6738E-07
4.8977E-08	4.5784E-08	-1.3660E-06	1.4160E-06
5.0260E-08	2.7668E-09	-9.2398E-07	1.5201E-06
4.2539E-08	-3.2666E-08	-7.9172E-07	1.1880E-06
2.0967E-08	-1.2701E-08	-1.0681E-06	1.0953E-06
1.9719E-08	4.1091E-09	-1.0678E-06	1.4115E-06
1.2585E-08	8.7191E-12	-6.6985E-07	1.3332E-06
4.4832E-08	-3.0901E-09	-7.2901E-07	9.1590E-07
7.7808E-08	1.6764E-08	-1.0940E-06	8.6189E-07
8.1279E-08	-1.7545E-08	-1.2566E-06	1.1715E-06
8.7688E-08	-3.5803E-08	-1.0129E-06	1.4049E-06
1.4620E-08	-1.0463E-07	-6.3540E-07	1.2956E-06
-8.3330E-09	-5.7004E-08	-6.1889E-07	6.7121E-07
-6.6200E-08	-8.1198E-08	-1.3414E-06	6.9889E-07
-9.5629E-08	-3.4371E-08	-1.1539E-06	1.1169E-06
-1.0245E-07	-1.1664E-08	-1.2535E-06	9.4392E-07
-3.0160E-08	2.3585E-08	-1.1324E-06	1.2909E-06
-2.1771E-08	3.5167E-08	-9.2632E-07	9.1425E-07
6.4791E-08	1.8129E-08	-1.1644E-06	8.1713E-07
4.8545E-08	-3.6057E-08	-1.4968E-06	6.1549E-07
2.7947E-08	-5.9951E-08	-2.0150E-06	1.2490E-06
-6.2032E-09	-3.0886E-08	-1.4372E-06	1.7184E-06
-3.3504E-08	-6.4393E-08	-1.2675E-06	1.4580E-06
-8.4453E-08	-6.2279E-08	-1.3854E-06	1.6342E-06
-3.9194E-08	-4.1067E-09	-9.3799E-07	1.8689E-06
-8.1702E-08	-1.4107E-08	-6.8567E-07	1.3454E-06
-5.5703E-08	1.4871E-08	-1.0027E-06	1.3726E-06
-3.5401E-08	3.2483E-08	-6.6117E-07	1.3550E-06
-3.9271E-10	4.4164E-09	-8.0227E-07	9.7221E-07
4.0485E-09	2.3836E-08	-1.0113E-06	9.1691E-07
2.0050E-08	2.0179E-08	-1.2773E-06	9.9199E-07
-5.7189E-09	-1.7954E-08	-1.1980E-06	1.1523E-06
1.0188E-08	-3.0831E-08	-1.3853E-06	9.9799E-07
-1.8583E-08	-5.5400E-08	-1.6282E-06	1.4365E-06
-2.2793E-08	-6.8179E-08	-1.1878E-06	1.7317E-06
-3.0001E-08	-4.2507E-08	-9.7610E-07	1.4176E-06
-2.5471E-08	1.5319E-08	-1.1374E-06	1.4381E-06
-6.1730E-08	1.0609E-08	-9.3081E-07	1.3855E-06
-4.9105E-08	3.7870E-08	-1.2230E-06	1.2289E-06
-2.7880E-08	-5.4664E-10	-1.2194E-06	1.6001E-06
-3.8564E-08	3.4301E-08	-1.0201E-06	1.6625E-06
2.1275E-10	5.4027E-08	-5.8677E-07	1.7094E-06
3.9910E-08	3.2875E-08	-4.5866E-07	9.6515E-07
1.0776E-08	1.5866E-08	-1.0609E-06	9.5078E-07
2.1249E-08	1.2181E-08	-9.0891E-07	1.0299E-06
8.8608E-09	-1.9309E-08	-1.2785E-06	7.6958E-07
4.2950E-08	-2.4152E-08	-1.5623E-06	1.2002E-06
-6.9821E-10	-9.3775E-09	-1.3641E-06	1.4251E-06
3.2590E-09	-5.9551E-08	-1.2219E-06	1.5114E-06
-7.3069E-09	-2.8893E-08	-8.8508E-07	1.3621E-06
1.1152E-08	-1.2525E-08	-1.1350E-06	8.1905E-07
6.5169E-09	-1.3454E-08	-1.7204E-06	1.0768E-06
8.7881E-09	-1.3528E-08	-1.6669E-06	1.4348E-06
-2.0524E-08	-3.0260E-08	-1.6617E-06	1.5963E-06
8.0581E-09	-4.9016E-08	-1.5666E-06	1.7911E-06
2.1564E-08	-6.4750E-08	-1.3942E-06	1.9769E-06
9.9292E-09	-4.4222E-08	-1.0902E-06	1.8842E-06
-2.2106E-08	-5.5644E-08	-1.1316E-06	1.7834E-06
-2.9595E-08	-4.8459E-08	-9.6899E-07	1.7051E-06
-3.4595E-08	-3.8395E-08	-1.2514E-06	1.4729E-06
-2.3342E-08	-3.2012E-08	-1.4555E-06	1.8536E-06
-2.0986E-08	-3.1436E-08	-1.2059E-06	2.1108E-06
-4.6379E-08	-1.3973E-08	-9.0894E-07	2.0730E-06
-6.5228E-08	-3.1091E-08	-8.5090E-07	1.9315E-06
-6.0199E-08	-2.7448E-09	-7.3792E-07	1.8556E-06
-6.2197E-08	2.3407E-10	-9.1336E-07	1.6372E-06
-4.2414E-08	-7.1722E-09	-1.0841E-06	1.9966E-06
-3.3031E-08	1.1573E-08	-6.0803E-07	2.1603E-06
-2.9393E-08	5.7083E-09	-4.0402E-07	1.7347E-06
-1.0936E-09	2.2248E-08	-6.3410E-07	1.6293E-06
3.6974E-09	-1.1506E-08	-5.1231E-07	1.6154E-06
-8.2687E-09	-2.6165E-09	-6.4183E-07	1.3912E-06
-3.2205E-08	-2.6077E-08	-7.7566E-07	1.3219E-06
-3.8627E-08	2.5398E-09	-1.2976E-06	1.4260E-06
-2.2394E-08	-1.4257E-08	-1.0399E-06	2.2595E-06
-4.5308E-08	-7.0615E-09	-3.8564E-07	1.9402E-06
-2.0099E-08	7.6502E-09	-4.4148E-07	1.8297E-06
-2.7866E-08	2.1882E-08	-1.1576E-07	1.5561E-06
-2.1847E-08	2.6475E-09	-3.5756E-07	1.1960E-06
-1.1605E-08	-8.6637E-09	-4.5376E-07	1.0785E-06
-3.6525E-08	1.8348E-08	-8.0834E-07	8.5685E-07
7.4646E-09	1.5717E-08	-1.2646E-06	1.0903E-06
1.2810E-08	-7.9458E-10	-1.2806E-06	1.6414E-06
-5.3648E-08	1.4776E-09	-8.0630E-07	1.7533E-06
6.1615E-09	1.1143E-08	-7.2474E-07	1.4676E-06
-6.4181E-09	-2.6760E-08	-8.5228E-07	1.3774E-06
-4.9804E-09	1.6433E-08	-9.9786E-07	1.4513E-06
-2.6135E-08	2.3945E-08	-9.2494E-07	1.5991E-06
9.3236E-09	1.0008E-08	-8.3362E-07	1.5352E-06
1.1581E-08	-8.0345E-09	-8.7807E-07	1.4877E-06
2.0134E-10	9.1393E-09	-9.0075E-07	1.4884E-06
-9.2068E-09	2.3056E-09	-1.0035E-06	1.4575E-06
-1.2595E-08	2.2026E-09	-1.1073E-06	1.6791E-06
2.7928E-08	-4.1969E-08	-8.7386E-07	1.8160E-06
4.2275E-09	3.4713E-09	-7.5272E-07	1.7164E-06
-3.5525E-09	-4.6487E-08	-6.8502E-07	1.6130E-06
-7.6498E-09	-7.0987E-09	-7.9374E-07	1.4617E-06
-8.1198E-09	-2.5721E-08	-9.5521E-07	1.5851E-06
-5.5837E-08	-2.3586E-08	-8.1269E-07	1.7560E-06
-7.2955E-09	-3.7385E-08	-6.1477E-07	1.5832E-06
-4.0982E-08	-2.8803E-08	-8.0647E-07	1.3690E-06
-2.1256E-08	4.1199E-09	-1.0180E-06	1.5292E-06
-2.2893E-08	1.7608E-08	-9.3429E-07	1.7273E-06
-1.9966E-08	9.4055E-10	-7.7053E-07	1.7094E-06
-1.4167E-08	2.0422E-08	-7.6768E-07	1.6153E-06
3.0949E-08	-5.8277E-09	-7.7263E-07	1.6040E-06
2.1429E-08	-6.4404E-09	-8.2885E-07	1.5492E-06
-1.7860E-08	-1.6742E-08	-8.5933E-07	1.6653E-06
-3.3768E-08	-8.6413E-09	-7.5365E-07	1.5778E-06
-4.4315E-08	-2.5609E-08	-9.6427E-07	1.5854E-06
-1.6207E-08	-1.9409E-08	-8.3447E-07	1.7830E-06
-3.1381E-08	-4.5227E-09	-8.1834E-07	1.6373E-06
-2.7889E-08	-5.5868E-09	-9.0068E-07	1.8092E-06
-2.1531E-09	6.5491E-10	-7.2471E-07	1.8802E-06
3.4719E-10	-1.0965E-08	-5.9990E-07	1.8658E-06
-2.3758E-08	-1.3285E-08	-4.9958E-07	1.7863E-06
-2.5182E-08	1.4195E-08	-3.4963E-07	1.7715E-06
-3.5948E-08	-7.4438E-09	-1.4107E-07	1.4037E-06
-4.5380E-08	2.4414E-08	-4.4918E-07	1.0151E-06
-3.8710E-08	3.3708E-11	-8.4432E-07	1.0014E-06
-3.2062E-08	5.8236E-09	-1.1695E-06	1.2187E-06
-2.4834E-08	1.5336E-08	-1.2258E-06	1.6609E-06
-1.8929E-08	3.0419E-08	-8.1639E-07	1.9575E-06
-2.7744E-08	2.8485E-08	-3.8838E-07	1.6508E-06
-2.9106E-08	1.6177E-08	-5.2973E-07	1.1793E-06
-2.6744E-08	9.3765E-09	-9.9363E-07	1.1693E-06
-1.6659E-08	1.9763E-08	-9.7411E-07	1.5541E-06
-1.3059E-08	2.1619E-08	-7.3289E-07	1.3271E-06
3.8222E-09	2.8125E-08	-1.0711E-06	1.1693E-06
4.2529E-09	-1.6493E-08	-1.3135E-06	1.3037E-06
1.3657E-08	2.2300E-08	-1.5553E-06	1.6911E-06
-1.0172E-08	1.3810E-08	-1.1855E-06	2.1700E-06
9.9574E-09	-5.8860E-09	-6.9436E-07	2.0044E-06
-1.9354E-08	-6.0028E-09	-6.9412E-07	1.5684E-06
1.4157E-08	7.0446E-09	-1.1080E-06	1.6022E-06
1.3514E-08	3.7359E-09	-9.3880E-07	1.9631E-06
1.0650E-08	2.1162E-08	-7.1150E-07	1.7201E-06
2.5695E-08	5.4618E-09	-9.7219E-07	1.6441E-06
4.7383E-09	1.1524E-08	-9.4074E-07	1.9480E-06
-3.7505E-09	1.1820E-08	-6.1466E-07	1.8392E-06
-3.0675E-09	5.0502E-10	-7.8564E-07	1.6322E-06
-1.0387E-08	-1.0739E-08	-7.4361E-07	1.8209E-06
2.0653E-09	3.3015E-08	-6.0315E-07	1.5536E-06
1.1088E-08	-3.1914E-08	-9.5281E-07	1.5190E-06
9.0752E-10	-2.3508E-09	-8.4351E-07	1.8046E-06
9.2406E-09	-2.9913E-08	-7.2637E-07	1.5770E-06
7.9054E-09	1.8521E-09	-9.3646E-07	1.6864E-06
-2.5918E-08	1.0504E-08	-6.2429E-07	1.7295E-06
-6.4777E-09	-1.7822E-08	-7.2319E-07	1.3346E-06
-1.7115E-08	4.5306E-09	-1.0424E-06	1.3925E-06
-2.1034E-08	2.9587E-09	-1.0937E-06	1.5073E-06
-5.2838E-10	1.8770E-08	-1.2475E-06	1.4839E-06
1.1215E-08	-8.6225E-09	-1.5305E-06	1.8607E-06
-9.6745E-09	-2.0680E-08	-1.1205E-06	2.2972E-06
-7.1049E-09	1.5336E-08	-8.1501E-07	2.0874E-06
-1.9609E-08	6.5689E-10	-7.5633E-07	2.0240E-06
-3.7393E-09	1.6214E-09	-7.2241E-07	1.8570E-06
-3.0523E-08	1.2635E-08	-8.1525E-07	1.8742E-06
-2.6602E-08	-4.9770E-10	-7.6940E-07	1.9108E-06
-2.3469E-08	-1.9630E-09	-6.3135E-07	1.9218E-06
-3.7026E-08	-2.8008E-08	-5.6215E-07	1.6309E-06
-8.8255E-09	2.6005E-08	-8.7989E-07	1.5668E-06
-3.4253E-09	3.4631E-08	-8.8963E-07	1.8032E-06
-2.6353E-08	2.7371E-08	-6.4934E-07	1.7388E-06
5.4107E-09	3.0431E-08	-7.6365E-07	1.3054E-06
-1.1472E-08	2.4197E-08	-1.4388E-06	1.3657E-06
-1.5404E-08	1.8763E-08	-1.5529E-06	2.0757E-06
-4.5908E-09	1.3497E-08	-1.1307E-06	2.3422E-06
3.2274E-09	1.7878E-08	-9.0417E-07	2.3727E-06
-8.8341E-09	2.6992E-08	-5.7511E-07	2.3515E-06
-1.5743E-09	6.4001E-09	-4.2886E-07	2.0683E-06
-7.0813E-09	1.8800E-08	-4.6655E-07	1.8997E-06
5.2625E-09	7.8069E-09	-6.4657E-07	1.8191E-06
-5.1600E-09	5.4137E-09	-6.2076E-07	2.1811E-06
4.2487E-09	5.5890E-09	4.3332E-08	2.1117E-06
-1.3966E-08	3.3910E-09	2.7705E-07	1.2999E-06
-1.3009E-08	3.0511E-08	-3.4013E-07	6.0591E-07
-1.1005E-08	-3.2433E-09	-1.1326E-06	8.4224E-07
-3.5047E-09	9.1264E-09	-1.0822E-06	1.1822E-06
6.0137E-09	4.5906E-09	-1.3050E-06	9.2180E-07
-1.0936E-08	1.1796E-08	-1.9461E-06	1.2557E-06
1.2309E-08	3.3098E-09	-1.9729E-06	2.0193E-06
2.5551E-08	2.1515E-08	-1.5132E-06	2.3995E-06
-1.2030E-09	1.8067E-08	-1.1425E-06	2.3949E-06
2.1979E-08	7.3028E-09	-9.6402E-07	2.2743E-06
1.0915E-08	-2.1333E-09	-9.2307E-07	2.3329E-06
-1.7145E-09	1.9078E-08	-4.4770E-07	2.3514E-06
2.0142E-08	1.3295E-08	-2.4872E-07	1.6577E-06
-7.2120E-10	3.0295E-08	-7.8280E-07	1.2848E-06
2.2859E-08	2.5327E-08	-1.2604E-06	1.4322E-06
-7.2872E-09	1.0897E-08	-1.4140E-06	1.9079E-06
-6.7746E-10	-7.2484E-09	-1.0593E-06	2.1131E-06
-2.5208E-08	-4.4572E-09	-9.3406E-07	1.9456E-06
3.3305E-09	8.4600E-09	-9.4536E-07	1.8383E-06
1.1761E-08	-5.0539E-09	-1.0845E-06	1.8051E-06
8.3898E-09	1.3260E-08	-1.0106E-06	1.8464E-06
-2.2600E-08	-9.2415E-09	-1.2408E-06	1.5429E-06
-2.2448E-08	7.0505E-09	-1.7503E-06	2.0075E-06
-5.6361E-09	4.0800E-09	-1.3058E-06	2.5005E-06
-1.9152E-08	7.8221E-09	-1.0979E-06	2.2971E-06
-2.4033E-08	1.0173E-08	-1.0584E-06	2.4368E-06
-5.4567E-09	1.5621E-08	-7.6369E-07	2.3171E-06
-9.8204E-09	2.7363E-10	-7.9543E-07	2.0853E-06
-6.6092E-09	9.3758E-09	-9.2846E-07	1.9684E-06
-1.7894E-09	1.1023E-08	-1.0968E-06	2.0735E-06
1.0114E-08	1.8309E-08	-1.0349E-06	2.0856E-06
-6.9378E-09	1.0241E-08	-1.3058E-06	2.1521E-06
-7.4876E-09	1.2962E-08	-1.1543E-06	2.5659E-06
-5.4972E-09	-3.0434E-09	-9.2461E-07	2.5372E-06
-1.6528E-09	1.8639E-08	-7.1075E-07	2.6840E-06
-1.2748E-08	3.9969E-08	-3.2863E-07	2.4066E-06
-1.4238E-08	1.0575E-08	-3.5701E-07	2.1069E-06
7.6264E-09	2.7396E-08	-3.8897E-07	1.8150E-06
-2.2936E-08	-2.0641E-08	-7.2548E-07	1.6393E-06
1.4099E-08	6.5195E-09	-9.5302E-07	1.7122E-06
-1.4408E-08	-2.4280E-09	-1.1407E-06	1.9408E-06
1.9168E-08	7.5360E-09	-8.0651E-07	2.1159E-06
-4.7068E-11	1.6091E-08	-8.5120E-07	1.5422E-06
2.9476E-09	2.1982E-08	-1.6473E-06	1.7456E-06
1.6119E-08	1.2150E-08	-1.4901E-06	2.5383E-06
-6.8926E-09	2.7431E-08	-9.9176E-07	2.5440E-06
-8.9592E-10	1.0408E-08	-8.7130E-07	2.4753E-06
1.4314E-08	-2.6230E-09	-6.1264E-07	2.3606E-06
1.4635E-08	1.5229E-08	-6.5191E-07	1.9984E-06
1.6670E-08	6.4355E-09	-9.5568E-07	2.0072E-06
8.4983E-09	-1.4978E-08	-8.5107E-07	2.2564E-06
1.0217E-08	1.0211E-09	-5.1380E-07	1.9765E-06
1.0105E-08	1.2642E-08	-8.9781E-07	1.4162E-06
5.6741E-09	3.6987E-09	-1.6347E-06	1.7448E-06
4.2845E-09	1.6453E-08	-1.4442E-06	2.4169E-06
1.4214E-08	9.3032E-09	-1.0587E-06	2.3349E-06
-9.6440E-09	5.6177E-09	-1.0442E-06	2.2226E-06
8.9565E-09	-6.1618E-09	-1.0674E-06	2.0580E-06
-4.2028E-09	9.1935E-09	-1.3476E-06	2.0916E-06
-1.1180E-08	-1.6990E-09	-1.3748E-06	2.2708E-06
1.1272E-08	2.6288E-08	-1.4962E-06	2.4208E-06
1.1883E-09	1.6057E-08	-1.3109E-06	2.7555E-06
-1.4701E-08	3.2543E-09	-1.0873E-06	2.6614E-06
-2.6047E-08	1.2143E-08	-1.0903E-06	2.7746E-06
5.8489E-09	2.5745E-08	-7.1916E-07	2.7742E-06
1.0221E-08	2.5766E-08	-7.0179E-07	2.3887E-06
8.1201E-09	1.5313E-08	-9.5100E-07	2.4205E-06
1.5326E-08	1.0519E-08	-8.3740E-07	2.5596E-06
1.1922E-08	3.5164E-10	-7.1048E-07	2.4333E-06
-5.2306E-09	1.9176E-08	-7.4644E-07	2.2766E-06
2.6636E-09	1.6830E-08	-8.8348E-07	2.1847E-06
-1.7148E-09	1.1574E-08	-1.0351E-06	2.2289E-06
-8.5398E-09	1.1018E-08	-1.0810E-06	2.2929E-06
1.3393E-08	1.8899E-08	-1.2388E-06	2.3334E-06
-3.9222E-09	2.6743E-08	-1.2838E-06	2.7069E-06
2.3160E-09	-8.2260E-10	-8.7318E-07	2.7973E-06
3.3289E-10	1.8484E-08	-8.5442E-07	2.5479E-06
-4.7498E-09	3.7856E-09	-9.1921E-07	2.6489E-06
2.3842E-08	5.6881E-09	-7.8462E-07	2.6762E-06
-1.3312E-08	3.3615E-08	-6.8258E-07	2.6423E-06
7.7957E-09	1.2068E-08	-5.6558E-07	2.5147E-06
9.7136E-09	-3.9873E-09	-6.3031E-07	2.3377E-06
3.4196E-09	-2.5416E-09	-6.9752E-07	2.3809E-06
-2.3532E-10	2.4967E-08	-5.7718E-07	2.2411E-06
1.1223E-08	5.9826E-09	-8.3526E-07	2.1169E-06
9.8277E-09	1.7855E-08	-7.0793E-07	2.3057E-06
4.0935E-09	1.2681E-08	-6.3283E-07	1.7983E-06
-5.7754E-09	1.8998E-08	-1.2886E-06	1.6589E-06
6.5144E-09	6.7169E-09	-1.6358E-06	2.0694E-06
1.1769E-08	6.0047E-09	-1.6299E-06	2.4565E-06
-3.8561E-09	1.1870E-08	-1.5434E-06	2.6994E-06
2.7235E-08	7.8287E-09	-1.2368E-06	2.9988E-06
1.5010E-08	-8.0592E-09	-8.5239E-07	2.6487E-06
7.4694E-09	9.1331E-09	-1.2574E-06	2.4834E-06
-8.0042E-09	1.4026E-08	-1.2812E-06	2.8403E-06
7.1285E-09	1.9483E-09	-1.0676E-06	3.0404E-06
4.0437E-09	2.8829E-09	-6.0178E-07	2.8984E-06
2.1058E-08	1.0679E-08	-7.9834E-07	2.4587E-06
2.2597E-08	-2.9892E-09	-8.9240E-07	2.6850E-06
-7.5356E-09	5.2817E-09	-7.6139E-07	2.4561E-06
1.5610E-08	1.2104E-08	-1.0275E-06	2.4383E-06
8.6481E-09	8.1524E-09	-1.0157E-06	2.5558E-06
1.4494E-08	7.8337E-09	-9.8867E-07	2.5027E-06
4.3249E-09	1.7051E-09	-1.2116E-06	2.4581E-06
2.4494E-09	6.6871E-09	-1.2714E-06	2.8886E-06
6.7971E-09	1.7158E-08	-7.8032E-07	2.9618E-06
-3.3657E-09	4.1238E-09	-5.7688E-07	2.5848E-06
2.0721E-08	3.1329E-09	-7.7079E-07	2.1876E-06
-4.9514E-09	1.2460E-08	-1.1433E-06	2.1813E-06
-9.6061E-11	1.0307E-08	-1.3590E-06	2.1848E-06
2.3678E-08	7.7641E-09	-1.7698E-06	2.5239E-06
2.5047E-08	1.8430E-09	-1.5036E-06	3.0044E-06
2.9154E-09	8.2924E-09	-1.2696E-06	2.9388E-06
7.2768E-09	1.1385E-08	-1.2058E-06	2.8879E-06
1.0005E-08	1.9387E-08	-1.3312E-06	2.8364E-06
-1.2519E-08	1.7224E-08	-1.3557E-06	3.0995E-06
1.9504E-08	-8.3643E-09	-1.1050E-06	3.2020E-06
2.4638E-09	1.0258E-09	-8.5877E-07	3.0469E-06
7.2496E-10	-2.1310E-09	-9.7818E-07	2.7107E-06
1.4509E-08	-9.7484E-10	-1.2785E-06	2.7970E-06
3.5925E-10	7.2725E-09	-1.3522E-06	2.9408E-06
-3.0419E-09	7.2565E-09	-1.4057E-06	3.2375E-06
-3.0502E-10	1.7336E-08	-1.0114E-06	3.3991E-06
2.4511E-08	7.5294E-09	-8.9942E-07	3.0731E-06
-1.0076E-09	1.0431E-08	-1.1192E-06	3.0894E-06
5.0856E-10	7.8716E-09	-1.0154E-06	3.2409E-06
1.2077E-08	1.5917E-08	-9.4715E-07	3.0830E-06
4.9975E-09	2.9814E-09	-1.2082E-06	3.1489E-06
2.2937E-09	2.3122E-09	-1.0189E-06	3.5278E-06
7.2248E-10	-4.0843E-09	-6.4072E-07	3.2860E-06
2.4574E-09	1.9577E-08	-8.7784E-07	3.0376E-06
3.5065E-08	3.7568E-09	-1.0269E-06	3.2236E-06
4.7643E-09	6.9260E-09	-9.9861E-07	3.3979E-06
9.0931E-09	-1.1755E-09	-7.9222E-07	3.6808E-06
2.4004E-08	6.9759E-09	-1.4686E-07	3.5959E-06
3.0810E-08	-4.1131E-09	2.5520E-08	2.7665E-06
3.4899E-09	1.6694E-08	-6.6700E-07	2.3812E-06
2.3062E-08	1.1260E-09	-1.0511E-06	2.7457E-06
-2.6189E-09	-5.2548E-09	-9.0372E-07	2.8806E-06
1.5142E-08	6.1524E-09	-1.1146E-06	2.6890E-06
4.1156E-09	-2.3118E-09	-1.4630E-06	3.0613E-06
1.1497E-08	5.4935E-09	-1.2891E-06	3.4728E-06
1.5539E-08	-2.9471E-09	-8.9568E-07	3.6873E-06
1.0507E-08	-3.5231E-09	-4.9378E-07	3.2871E-06
3.6387E-09	3.3713E-09	-8.2265E-07	3.0695E-06
5.5569E-09	-1.5579E-09	-7.2437E-07	3.0376E-06
-5.4427E-09	2.0148E-08	-1.2949E-06	2.8048E-06
-6.2132E-09	1.8186E-09	-1.4637E-06	3.6340E-06
7.2706E-09	-7.4762E-09	-8.8934E-07	3.7042E-06
1.9613E-09	-2.2589E-09	-9.2285E-07	3.5563E-06
-2.7952E-09	-1.3190E-08	-9.3873E-07	3.7572E-06
4.2437E-09	-5.0154E-09	-6.3000E-07	3.9049E-06
3.8572E-09	-4.1007E-10	-4.9234E-07	3.7666E-06
7.1797E-09	2.5602E-09	-2.6433E-07	3.9147E-06
6.1373E-09	1.3931E-09	1.1986E-07	3.5350E-06
4.7597E-09	1.9438E-08	2.9285E-08	3.2464E-06
6.3531E-09	5.2364E-09	1.2715E-08	2.8934E-06
9.3179E-09	-2.8300E-09	-5.0536E-07	2.7923E-06
8.3621E-09	7.8310E-09	-5.1856E-07	3.1595E-06
6.7116E-09	2.0608E-09	-3.0753E-07	3.0936E-06
1.7021E-09	6.4413E-09	-3.4455E-07	2.8726E-06
3.0565E-09	1.6648E-08	-6.0031E-07	2.9297E-06
3.5796E-09	1.2186E-08	-3.4690E-07	3.1144E-06
-4.5646E-09	2.0109E-09	-2.2896E-07	2.6515E-06
4.1157E-09	4.8666E-09	-6.3467E-07	2.4590E-06
1.2264E-08	9.4830E-09	-9.4387E-07	2.5324E-06
1.7184E-08	4.1986E-09	-1.1633E-06	2.7971E-06
7.6937E-09	3.2838E-09	-1.1041E-06	3.0189E-06
7.1316E-09	9.9370E-09	-1.0582E-06	3.1149E-06
3.2706E-09	5.8468E-09	-9.9961E-07	3.1473E-06
3.7027E-09	2.1857E-09	-1.0474E-06	3.2481E-06
9.0334E-09	1.8860E-08	-8.0453E-07	3.3801E-06
9.2001E-09	-2.4516E-09	-6.5527E-07	3.0613E-06
9.9226E-10	9.6061E-09	-9.9696E-07	2.8923E-06
2.2965E-08	2.1766E-08	-1.1647E-06	3.1943E-06
-6.4836E-09	2.1592E-09	-9.7255E-07	3.2112E-06
8.4735E-09	-3.3392E-09	-1.1952E-06	3.1467E-06
2.9050E-09	-1.3172E-08	-1.1811E-06	3.4142E-06
1.1284E-08	7.0713E-09	-1.1568E-06	3.3637E-06
1.6961E-08	-7.7453E-09	-1.2613E-06	3.5736E-06
1.5421E-08	-3.7302E-09	-1.0926E-06	3.7535E-06
-5.4866E-09	-1.7867E-08	-8.9864E-07	3.7372E-06
3.0685E-09	1.5136E-08	-9.5858E-07	3.6401E-06
1.5187E-08	6.0842E-09	-9.4992E-07	3.8792E-06
5.5589E-09	-1.8759E-09	-7.1745E-07	3.9349E-06
1.1953E-08	9.9894E-10	-3.9614E-07	3.9534E-06
2.4649E-08	-4.5867E-11	-1.5425E-07	3.3808E-06
2.2025E-08	-1.9621E-09	-7.0192E-07	3.0936E-06
2.1662E-08	1.0429E-08	-1.0045E-06	3.3232E-06
1.7926E-08	2.1589E-09	-1.1400E-06	3.7107E-06
2.1417E-08	-4.0638E-09	-7.6287E-07	4.0253E-06
1.2355E-08	2.9405E-10	-4.7417E-07	3.8953E-06
3.4465E-09	4.1647E-10	-2.7576E-07	3.7377E-06
1.1356E-08	-2.0852E-09	-2.5021E-07	3.3926E-06
1.2487E-08	5.1830E-10	-5.0823E-07	3.1723E-06
7.8334E-09	-1.0559E-08	-8.1223E-07	3.2521E-06
1.0779E-08	5.8674E-09	-8.6888E-07	3.4306E-06
1.8912E-08	2.7728E-09	-9.1325E-07	3.5101E-06
1.8153E-08	9.5745E-09	-9.6138E-07	3.6236E-06
4.0947E-09	-1.8090E-09	-1.0312E-06	3.8707E-06
3.9840E-09	-2.7419E-09	-7.3237E-07	4.2056E-06
1.4491E-08	4.7162E-10	-2.7711E-07	4.1328E-06
-4.2812E-09	9.8728E-10	-1.7423E-08	3.7394E-06
1.7421E-08	-1.4335E-08	-3.0994E-07	3.3562E-06
5.1448E-09	2.7200E-09	-5.1050E-07	3.6478E-06
-1.9555E-08	5.6086E-09	-1.2024E-07	3.5734E-06
9.9527E-09	-3.9535E-10	-2.9851E-07	3.1109E-06
5.5938E-09	1.0403E-09	-6.8830E-07	3.1623E-06
8.1780E-09	4.6676E-09	-8.5521E-07	3.3734E-06
1.0633E-08	4.2291E-09	-7.4519E-07	3.6646E-06
1.0389E-09	6.9178E-09	-5.2067E-07	3.4696E-06
2.9388E-09	4.8334E-09	-8.5845E-07	3.4398E-06
1.8938E-08	-2.4300E-08	-7.6090E-07	3.7720E-06
-2.3461E-09	4.5067E-09	-5.8252E-07	3.7727E-06
1.2126E-08	-5.2491E-09	-3.1771E-07	3.7079E-06
1.6719E-08	-2.9703E-09	-3.9453E-07	3.2481E-06
9.2365E-09	-5.9360E-09	-8.2144E-07	3.3423E-06
9.9263E-09	4.9840E-09	-7.9823E-07	3.5840E-06
3.1480E-09	-1.3226E-08	-7.1355E-07	3.6279E-06
3.0153E-09	4.7969E-09	-7.1119E-07	3.6076E-06
1.9667E-10	-6.0652E-11	-6.8930E-07	3.6829E-06
-1.4604E-09	-1.5051E-09	-6.2811E-07	3.5967E-06
1.0702E-08	5.8299E-11	-7.4774E-07	3.6134E-06
1.6732E-08	-4.5019E-09	-7.1683E-07	3.7004E-06
1.1109E-08	4.8149E-09	-6.4702E-07	3.7374E-06
5.8584E-09	2.0530E-10	-5.4911E-07	3.5635E-06
1.4552E-08	5.4182E-09	-9.1341E-07	3.4226E-06
1.3644E-08	-6.6174E-09	-1.1805E-06	3.8852E-06
1.2198E-08	7.1327E-10	-8.4644E-07	4.3868E-06
2.0645E-08	-1.4163E-09	-1.6826E-07	4.3382E-06
1.3080E-08	9.4836E-09	3.8138E-09	3.7491E-06
1.1138E-08	9.3654E-09	-2.1236E-07	3.5765E-06
1.0378E-08	-5.2936E-09	-2.3097E-07	3.3516E-06
8.2855E-09	-2.6556E-10	-6.9885E-07	3.2670E-06
2.8269E-08	-6.1895E-09	-7.2683E-07	3.6771E-06
1.0939E-08	-2.0117E-08	-5.6405E-07	3.5877E-06
8.8374E-09	-3.6348E-09	-6.8271E-07	3.6656E-06
7.5757E-10	-4.3150E-09	-4.9962E-07	3.7393E-06
7.7315E-09	-2.7639E-09	-4.1317E-07	3.6064E-06
9.8833E-09	-9.2060E-09	-3.9342E-07	3.4391E-06
-1.2396E-09	-4.3105E-09	-5.5068E-07	3.2590E-06
-5.1845E-09	-5.0888E-09	-8.1376E-07	3.2361E-06
-2.6336E-09	-4.0413E-09	-1.0260E-06	3.5191E-06
1.4544E-08	2.1951E-09	-6.8049E-07	3.7400E-06
-5.9632E-09	-7.3096E-09	-5.7196E-07	3.2676E-06
1.2250E-08	-1.2350E-08	-1.0742E-06	3.1802E-06
1.6423E-08	2.6805E-09	-1.2695E-06	3.4720E-06
1.0511E-08	7.8742E-10	-1.3043E-06	3.7206E-06
1.7582E-08	-4.1198E-09	-1.1615E-06	3.9378E-06
2.5133E-08	7.0876E-10	-9.3535E-07	3.9196E-06
1.6337E-08	-7.7658E-09	-9.7412E-07	3.6284E-06
1.1051E-08	1.2448E-09	-1.4827E-06	3.7694E-06
1.4258E-08	-1.5632E-08	-1.3424E-06	4.4208E-06
1.4154E-08	-2.2861E-09	-8.3836E-07	4.4022E-06
-9.2003E-10	4.0112E-09	-7.8954E-07	4.2056E-06
6.6533E-09	-5.2502E-09	-8.0608E-07	4.2425E-06
9.5370E-09	8.4390E-09	-6.6906E-07	4.2563E-06
7.7133E-09	-8.7745E-09	-6.5393E-07	4.1922E-06
8.8097E-09	-4.0124E-09	-5.0945E-07	4.2351E-06
2.3244E-09	-9.2699E-10	-4.7168E-07	3.9677E-06
9.0227E-09	-1.1181E-09	-6.8161E-07	4.0353E-06
1.1399E-08	-2.5055E-09	-5.7677E-07	4.1640E-06
8.7292E-09	-3.6784E-09	-4.0296E-07	4.2131E-06
1.0812E-08	5.9781E-10	-1.6073E-07	3.9702E-06
8.5345E-09	-1.1891E-08	-3.1887E-07	3.7617E-06
1.0121E-08	1.2154E-09	-2.2392E-07	3.7684E-06
1.0917E-08	2.3873E-09	-1.5896E-07	3.3416E-06
3.0072E-09	1.6791E-10	-6.9839E-07	2.9771E-06
1.3621E-08	-1.1295E-09	-1.2757E-06	3.4125E-06
-1.9278E-10	3.4101E-09	-9.6782E-07	3.8633E-06
8.0824E-09	3.7563E-09	-8.0771E-07	3.5776E-06
4.1577E-09	1.8611E-09	-1.1323E-06	3.5039E-06
1.6380E-09	-4.8245E-09	-1.4404E-06	3.8528E-06
1.2077E-10	-1.9844E-09	-1.0546E-06	4.5185E-06
8.8375E-09	-9.4033E-09	-1.7032E-07	4.0441E-06
4.4350E-09	-7.9800E-09	-6.9784E-07	3.2485E-06
1.3988E-08	-5.7915E-09	-1.0731E-06	3.6740E-06
-1.5272E-09	2.5391E-09	-8.4882E-07	3.5054E-06
2.6065E-09	-9.4487E-10	-1.3140E-06	3.3963E-06
5.9439E-09	-1.2089E-09	-1.4320E-06	3.7375E-06
1.3079E-08	-6.2896E-09	-1.3885E-06	3.8223E-06
7.5489E-09	-3.3396E-09	-1.4593E-06	3.8923E-06
9.7738E-09	-1.5915E-09	-1.4836E-06	4.0640E-06
-5.5481E-11	5.5699E-11	-1.4350E-06	4.1302E-06
1.4213E-08	1.2344E-09	-1.5181E-06	4.2867E-06
1.7346E-08	-5.4184E-09	-1.3665E-06	4.5860E-06
4.7511E-09	-2.4024E-08	-9.6559E-07	4.6789E-06
4.9181E-09	2.0997E-09	-6.6429E-07	4.3760E-06
4.4885E-09	-1.8979E-09	-6.9131E-07	4.1061E-06
4.5954E-09	5.7539E-09	-7.9377E-07	3.8470E-06
2.8290E-09	-3.2449E-09	-1.0937E-06	3.8572E-06
1.2951E-08	-2.1282E-09	-1.0473E-06	3.9020E-06
1.3269E-08	-9.2214E-09	-1.2619E-06	3.7615E-06
9.3586E-09	6.2639E-09	-1.5209E-06	3.9701E-06
1.8360E-08	-3.7659E-09	-1.4568E-06	4.3452E-06
4.9387E-09	-2.7109E-09	-1.0911E-06	4.2767E-06
-2.1988E-09	4.8901E-09	-1.2978E-06	4.1447E-06
2.8796E-09	-4.3967E-09	-1.1157E-06	4.3953E-06
5.1621E-09	-9.1610E-09	-9.2741E-07	4.1212E-06
1.1717E-08	-7.0481E-09	-9.7819E-07	3.9247E-06
1.0274E-08	9.3325E-10	-1.2334E-06	3.6948E-06
-2.9574E-09	1.6522E-09	-1.5140E-06	3.8668E-06
1.5687E-09	-1.1661E-09	-1.5504E-06	3.9959E-06
8.3969E-09	2.4959E-10	-1.5356E-06	4.1626E-06
9.0849E-09	-1.1675E-08	-1.3248E-06	4.1268E-06
-1.6001E-09	-8.1917E-09	-1.3877E-06	3.8049E-06
8.8024E-09	1.1079E-09	-1.8104E-06	3.7812E-06
9.1587E-09	-1.9161E-08	-1.9794E-06	4.0654E-06
1.3831E-08	-3.0254E-09	-1.9703E-06	4.2984E-06
1.5037E-09	-1.7320E-09	-1.8301E-06	4.3449E-06
8.3521E-09	-5.0647E-09	-1.9368E-06	4.4010E-06
5.7595E-09	-1.1503E-08	-1.7540E-06	4.4676E-06
-9.4246E-10	-1.1870E-09	-2.0002E-06	4.3927E-06
1.1217E-08	-6.3230E-10	-1.8055E-06	4.7902E-06
8.5118E-09	-8.2708E-09	-1.6232E-06	4.4910E-06
9.8222E-09	-5.5101E-09	-1.6605E-06	4.4783E-06
1.4064E-08	2.7905E-09	-1.8964E-06	4.1110E-06
6.6243E-09	-1.7608E-11	-2.4573E-06	4.6657E-06
1.2186E-08	-8.1736E-09	-1.9208E-06	5.2090E-06
8.4413E-09	7.0163E-10	-1.3721E-06	4.9188E-06
3.9014E-09	1.7312E-09	-1.5446E-06	4.3822E-06
1.0480E-08	-8.7579E-09	-1.7848E-06	4.5215E-06
-4.8392E-09	4.0956E-09	-1.8883E-06	4.2736E-06
6.6747E-09	4.6994E-09	-2.3306E-06	4.7694E-06
-2.7417E-09	6.1021E-09	-1.6751E-06	4.9607E-06
1.3146E-08	-3.0289E-09	-1.7159E-06	4.5199E-06
3.3214E-09	-3.7191E-09	-1.8101E-06	4.4132E-06
9.5364E-09	4.9960E-09	-2.1519E-06	4.2766E-06
-1.2451E-09	4.0503E-09	-2.3644E-06	4.5348E-06
-1.0247E-09	-7.1813E-10	-2.3530E-06	4.7081E-06
7.8016E-09	5.9244E-09	-2.2876E-06	4.7169E-06
2.4239E-10	-2.6897E-09	-2.4375E-06	4.7353E-06
8.2621E-09	-5.9519E-09	-2.4166E-06	4.9147E-06
3.7718E-09	5.2802E-09	-2.3000E-06	4.9087E-06
1.1907E-08	-1.3051E-09	-2.3311E-06	4.6878E-06
6.4118E-09	-3.9384E-10	-2.7305E-06	4.7141E-06
4.1679E-09	-1.5675E-09	-2.8042E-06	5.0244E-06
5.4802E-09	3.5219E-09	-2.8268E-06	5.2227E-06
5.6867E-09	-6.5075E-09	-2.5706E-06	5.4355E-06
1.0188E-08	-3.4579E-09	-2.4605E-06	5.1963E-06
7.9287E-09	-5.2994E-09	-2.5920E-06	5.2657E-06
8.4584E-09	-6.0732E-09	-2.3996E-06	5.1796E-06
3.2182E-09	-2.8167E-09	-2.6594E-06	4.8494E-06
-3.7923E-09	9.4897E-10	-3.0907E-06	5.0101E-06
1.0225E-08	-1.3979E-08	-3.2169E-06	5.3384E-06
6.2737E-09	3.3367E-09	-3.1194E-06	5.5558E-06
1.1897E-08	3.8570E-09	-3.1164E-06	5.5632E-06
-2.5332E-09	-5.9938E-09	-3.1253E-06	5.7008E-06
-7.3286E-10	-1.2206E-08	-3.2018E-06	5.6288E-06
4.3218E-09	-1.7726E-09	-3.4211E-06	5.9992E-06
-7.3770E-10	-6.4899E-09	-3.0706E-06	6.1821E-06
-1.6298E-09	-2.5715E-09	-3.0911E-06	6.0912E-06
8.1627E-09	-3.4450E-09	-3.0143E-06	6.2173E-06
1.8548E-09	-5.9792E-09	-2.8854E-06	6.1178E-06
5.1711E-09	-1.3203E-08	-3.0220E-06	5.8448E-06
1.2625E-08	5.8857E-09	-3.5324E-06	6.0029E-06
3.3787E-09	-8.0655E-09	-3.5143E-06	6.5112E-06
-3.1281E-09	6.5054E-09	-3.2562E-06	6.6968E-06
2.3184E-09	-2.3697E-09	-3.0593E-06	6.5719E-06
7.0760E-09	-1.7367E-08	-3.2509E-06	6.5848E-06
1.6274E-08	-4.4171E-09	-3.0082E-06	6.7141E-06
5.7552E-11	-1.4981E-08	-3.1458E-06	6.3459E-06
9.4432E-09	9.4574E-10	-3.5420E-06	6.5752E-06
4.5501E-09	-3.2763E-09	-3.5493E-06	6.8931E-06
-4.6321E-09	-1.1726E-09	-3.3811E-06	7.0858E-06
-5.4730E-10	3.8694E-09	-3.3104E-06	6.9657E-06
5.6678E-11	-7.1952E-10	-3.5701E-06	7.0324E-06
4.2170E-09	-6.2480E-09	-3.6293E-06	7.4043E-06
1.2796E-08	9.8718E-11	-3.4255E-06	7.6170E-06
9.4114E-09	-1.3109E-08	-3.3541E-06	7.7758E-06
1.6436E-08	-8.5681E-09	-2.9441E-06	8.0277E-06
9.9916E-09	-8.9076E-09	-2.4721E-06	7.6167E-06
1.8398E-09	-9.3619E-09	-2.7111E-06	7.0484E-06
1.1231E-08	-8.8289E-09	-3.3468E-06	7.0313E-06
6.9749E-10	-1.4440E-08	-3.6134E-06	7.6417E-06
-3.7471E-09	-7.2633E-09	-3.1789E-06	7.9891E-06
2.4221E-09	8.4381E-09	-2.9835E-06	7.7682E-06
4.2472E-09	-5.8892E-09	-3.0180E-06	7.7758E-06
-3.1851E-09	-3.7322E-09	-2.9563E-06	7.5793E-06
-1.5591E-09	-4.6585E-09	-3.3478E-06	7.5569E-06
3.5780E-09	-5.6166E-09	-3.4085E-06	7.8557E-06
1.5437E-09	-1.3507E-09	-3.4724E-06	8.0387E-06
5.3581E-09	-3.8219E-09	-3.1893E-06	8.3678E-06
2.2880E-09	-6.6636E-09	-2.8816E-06	8.0329E-06
-1.5390E-09	3.1921E-09	-3.2242E-06	7.8223E-06
1.0090E-08	-4.5587E-09	-3.4251E-06	8.0619E-06
8.1797E-09	-5.6248E-09	-3.4090E-06	8.2260E-06
6.8896E-11	-7.9857E-09	-3.3304E-06	8.4215E-06
1.4206E-09	-5.4928E-09	-3.0199E-06	8.2947E-06
-4.0081E-09	-5.6702E-09	-3.2769E-06	7.8929E-06
1.0668E-08	-1.2046E-09	-3.7638E-06	8.0477E-06
7.4567E-09	-2.0837E-09	-3.9144E-06	8.4740E-06
8.6187E-09	-3.8555E-09	-3.7173E-06	8.6759E-06
-5.9129E-09	-6.8643E-09	-3.8406E-06	8.6436E-06
-1.2491E-09	-8.6117E-09	-3.9373E-06	8.9848E-06
-7.0414E-10	-1.4060E-09	-3.8026E-06	9.2190E-06
-3.2807E-09	3.1007E-10	-3.5875E-06	9.4004E-06
5.5134E-09	-1.4200E-09	-3.3050E-06	9.3684E-06
9.3572E-10	5.1771E-09	-3.1176E-06	9.0472E-06
-1.3807E-09	-3.8893E-09	-3.5497E-06	8.7102E-06
9.2672E-09	-3.6371E-09	-3.8497E-06	9.0597E-06
7.0480E-09	-6.6078E-09	-3.9017E-06	9.0999E-06
6.8973E-09	-1.9990E-09	-4.0931E-06	9.4888E-06
6.0488E-09	-7.5386E-09	-3.7244E-06	9.5747E-06
6.9264E-09	-2.3595E-09	-3.9290E-06	9.3344E-06
-1.9449E-09	8.0825E-11	-4.1714E-06	9.5346E-06
2.7422E-09	6.0173E-09	-4.3087E-06	9.6957E-06
5.8851E-09	-7.2991E-09	-4.4394E-06	9.9696E-06
3.3907E-09	-5.0688E-09	-4.4954E-06	1.0244E-05
4.4127E-09	-5.5976E-09	-4.4477E-06	1.0659E-05
6.8746E-09	5.2477E-11	-4.0871E-06	1.0828E-05
-4.0882E-09	-3.8139E-10	-4.0481E-06	1.0765E-05
-2.7656E-09	-8.9464E-09	-3.9241E-06	1.0906E-05
-2.0964E-09	-1.8742E-09	-3.8927E-06	1.0690E-05
-5.1030E-10	-3.0935E-09	-4.2370E-06	1.0819E-05
1.1375E-08	-1.1407E-08	-4.2301E-06	1.1214E-05
2.0282E-09	-1.2309E-09	-3.9341E-06	1.1407E-05
1.3583E-08	-3.0798E-09	-3.8011E-06	1.1156E-05
5.9802E-09	-2.1071E-09	-4.1314E-06	1.1246E-05
4.2984E-09	-1.3892E-09	-3.8849E-06	1.1501E-05
8.0792E-10	-5.0255E-10	-3.9605E-06	1.1127E-05
4.5798E-09	-1.0643E-09	-4.4139E-06	1.1433E-05
-6.0537E-09	-4.1679E-09	-4.2012E-06	1.1666E-05
1.1270E-08	-9.3242E-09	-4.4231E-06	1.1599E-05
6.8602E-09	-3.9115E-09	-4.5181E-06	1.1979E-05
2.2793E-09	-8.7738E-09	-4.4409E-06	1.2089E-05
5.1585E-10	-3.0002E-09	-4.4036E-06	1.2255E-05
-1.1647E-09	-8.7154E-12	-4.3581E-06	1.2087E-05
8.8418E-09	-3.4090E-09	-4.8612E-06	1.2132E-05
8.7765E-09	-4.3929E-09	-4.9833E-06	1.2648E-05
-5.5405E-09	-6.5504E-11	-4.9419E-06	1.2780E-05
5.0305E-09	2.6564E-09	-5.1135E-06	1.3093E-05
-2.4796E-09	-2.1176E-09	-4.9668E-06	1.3307E-05
5.5586E-09	-1.0091E-09	-5.1882E-06	1.3388E-05
5.8046E-09	-1.4142E-09	-5.2589E-06	1.3787E-05
1.9925E-10	-4.9943E-09	-5.3773E-06	1.4033E-05
2.7541E-09	4.2445E-09	-5.3368E-06	1.4628E-05
-5.0462E-09	2.5544E-09	-5.0001E-06	1.4843E-05
-6.4597E-10	-8.0143E-09	-4.8694E-06	1.5014E-05
7.3510E-09	-9.0108E-09	-4.6466E-06	1.5040E-05
-2.3967E-09	-4.0248E-09	-4.6807E-06	1.4982E-05
2.4246E-09	-9.3385E-09	-4.7750E-06	1.5016E-05
-1.4020E-09	-6.5605E-09	-4.9099E-06	1.5011E-05
3.8400E-09	-5.5896E-09	-5.3684E-06	1.4973E-05
3.9126E-10	-6.4521E-09	-6.0101E-06	1.5530E-05
5.0229E-09	4.1558E-09	-6.1617E-06	1.6333E-05
1.7181E-09	-1.3201E-09	-6.0963E-06	1.7156E-05
6.1668E-09	4.8877E-10	-5.4634E-06	1.7844E-05
1.8130E-09	-1.4280E-09	-4.8192E-06	1.7704E-05
4.5475E-09	-2.7659E-09	-4.9711E-06	1.7357E-05
6.3804E-10	-8.7377E-09	-5.4601E-06	1.7662E-05
2.5419E-09	-5.2952E-09	-5.3862E-06	1.8224E-05
-1.5679E-10	-2.7728E-09	-5.4009E-06	1.8212E-05
8.1050E-09	-4.4154E-09	-5.9605E-06	1.8767E-05
-1.1909E-09	-8.1024E-09	-5.6492E-06	1.9578E-05
-2.8162E-09	-2.4270E-09	-5.5737E-06	1.9661E-05
2.5683E-09	-4.2112E-09	-5.6764E-06	2.0259E-05
2.8733E-10	-4.7705E-09	-5.4847E-06	2.0438E-05
-7.4024E-09	2.0063E-09	-6.0245E-06	2.0780E-05
-1.8994E-09	-3.0650E-09	-6.1420E-06	2.1826E-05
1.7777E-09	-5.6636E-10	-5.8170E-06	2.2421E-05
3.7878E-09	-7.7089E-09	-5.9604E-06	2.2965E-05
6.0454E-09	1.3434E-10	-5.7952E-06	2.3931E-05
-6.3479E-10	2.3793E-09	-5.4997E-06	2.4502E-05
3.8318E-09	-6.3971E-09	-5.3335E-06	2.5265E-05
3.3970E-09	-3.7806E-09	-5.0209E-06	2.5805E-05
1.5679E-10	-1.3859E-09	-5.0158E-06	2.6452E-05
-3.5413E-09	-3.5143E-09	-5.0176E-06	2.7162E-05
1.4804E-09	-5.2795E-09	-5.2798E-06	2.8356E-05
2.3671E-09	-8.0201E-09	-4.9278E-06	2.9910E-05
3.6652E-09	-7.2559E-09	-4.4586E-06	3.1363E-05
-1.7845E-09	-1.2770E-09	-3.5987E-06	3.3067E-05
1.0693E-09	1.4523E-09	-2.4783E-06	3.4506E-05
-1.7200E-09	3.8698E-09	-1.2931E-06	3.6276E-05
-5.2477E-10	-2.2599E-09	9.3217E-07	3.8095E-05
4.6271E-09	-3.0941E-09	3.4539E-06	3.8814E-05
3.6450E-09	-7.2786E-09	5.4470E-06	3.9617E-05
-1.0818E-09	-2.0444E-09	8.2679E-06	4.0658E-05
5.5403E-09	-5.5217E-10	1.1775E-05	4.0932E-05
1.3505E-09	-5.8963E-09	1.5663E-05	4.0163E-05
-4.3707E-09	-3.4953E-09	1.9140E-05	3.8099E-05
-9.0700E-09	-3.0180E-09	2.1884E-05	3.5405E-05
-1.8232E-09	-6.6192E-09	2.3920E-05	3.2039E-05
3.2913E-10	-4.5237E-09	2.4771E-05	2.8418E-05
-4.8871E-09	-4.8591E-09	2.4841E-05	2.5067E-05
-7.7378E-10	-8.5642E-09	2.4154E-05	2.1705E-05
1.1036E-09	-3.1110E-09	2.2383E-05	1.8919E-05
-3.4193E-09	2.9150E-10	2.0199E-05	1.7106E-05
4.7670E-09	-5.9148E-10	1.7863E-05	1.6102E-05
9.8003E-10	-4.2973E-09	1.5731E-05	1.5932E-05
-1.0583E-09	-7.5150E-09	1.3964E-05	1.6187E-05
-8.7643E-10	2.0180E-09	1.2460E-05	1.6859E-05
1.4324E-09	-4.3031E-09	1.1426E-05	1.7770E-05
-2.3122E-09	2.6440E-09	1.0597E-05	1.8809E-05
1.8701E-10	-7.4195E-10	1.0277E-05	2.0150E-05
-1.1608E-09	-3.5408E-09	1.0435E-05	2.1264E-05
-1.7387E-09	1.7367E-09	1.0884E-05	2.2346E-05
-4.3812E-09	-6.5579E-09	1.1797E-05	2.3016E-05
-2.1699E-09	-4.9979E-09	1.2612E-05	2.3186E-05
9.6339E-09	-4.1916E-09	1.3217E-05	2.3226E-05
4.9897E-09	-6.8231E-10	1.3871E-05	2.3210E-05
1.2510E-08	-5.1820E-09	1.4336E-05	2.2864E-05
5.5069E-09	-6.6313E-09	1.4556E-05	2.2672E-05
3.4383E-10	-2.2272E-09	1.4649E-05	2.2322E-05
1.0105E-09	-8.9957E-09	1.4319E-05	2.2417E-05
-2.5479E-09	-7.1548E-10	1.4320E-05	2.2892E-05
-1.6800E-09	2.9854E-09	1.4600E-05	2.3582E-05
-7.6742E-09	-9.4356E-09	1.5371E-05	2.4048E-05
1.5288E-09	-8.2713E-10	1.6174E-05	2.4514E-05
2.4350E-09	-6.6926E-09	1.7701E-05	2.4454E-05
1.1967E-09	-6.3669E-10	1.8452E-05	2.3594E-05
2.1685E-09	-9.9810E-09	1.8970E-05	2.3202E-05
-1.5316E-09	-5.8701E-09	1.9505E-05	2.2663E-05
5.4283E-09	-4.4530E-09	2.0116E-05	2.2175E-05
-3.7559E-09	-3.6198E-09	2.0688E-05	2.1272E-05
4.1076E-09	-1.4148E-09	2.0962E-05	2.0060E-05
4.2094E-09	2.4100E-10	2.0269E-05	1.8717E-05
1.1449E-09	-2.6397E-09	1.9249E-05	1.8461E-05
6.1539E-09	-2.1851E-10	1.8564E-05	1.8292E-05
-5.3751E-09	-7.8021E-09	1.7575E-05	1.8653E-05
4.9584E-09	-6.7624E-09	1.7214E-05	1.9467E-05
-7.3930E-10	-4.0520E-09	1.7055E-05	2.0201E-05
-3.7470E-09	-2.9958E-09	1.7186E-05	2.1225E-05
-3.5640E-09	5.3701E-10	1.7953E-05	2.2161E-05
1.7594E-09	1.8547E-09	1.8991E-05	2.2547E-05
4.2944E-09	-3.8823E-09	1.9833E-05	2.2696E-05
1.3289E-10	-8.7201E-09	2.0902E-05	2.2889E-05
-5.6635E-09	-9.1458E-10	2.2262E-05	2.2330E-05
-5.8400E-09	-2.1887E-09	2.2607E-05	2.1180E-05
-3.0242E-10	-3.5651E-10	2.2433E-05	2.1005E-05
-3.6101E-10	-1.8476E-09	2.3038E-05	2.0943E-05
2.0189E-09	-9.6542E-10	2.3421E-05	2.0307E-05
3.9819E-09	1.2760E-09	2.3435E-05	1.9924E-05
-6.9415E-09	-7.4248E-09	2.3565E-05	1.9600E-05
6.6741E-09	-1.5321E-09	2.3357E-05	1.9258E-05
-5.9460E-10	2.6201E-10	2.3192E-05	1.9496E-05
5.3926E-10	-2.2979E-09	2.3499E-05	1.9557E-05
5.4647E-09	-4.1662E-09	2.3456E-05	1.9375E-05
5.3897E-09	2.9108E-10	2.3074E-05	1.9591E-05
2.7664E-10	-1.8300E-09	2.2970E-05	2.0571E-05
3.2153E-09	1.5805E-09	2.3809E-05	2.1362E-05
2.9306E-09	-2.5607E-09	2.4317E-05	2.1652E-05
-6.2085E-11	-4.1318E-09	2.4949E-05	2.2514E-05
6.1410E-09	-2.6874E-09	2.6110E-05	2.3132E-05
-2.9961E-10	5.6292E-10	2.7367E-05	2.3631E-05
2.6485E-09	-4.6318E-09	2.8819E-05	2.3879E-05
2.4259E-09	-1.8309E-09	3.0188E-05	2.4194E-05
7.3233E-10	-6.9233E-09	3.2243E-05	2.4681E-05
-6.5734E-10	-1.0872E-10	3.4995E-05	2.4230E-05
2.1017E-09	8.6435E-11	3.7176E-05	2.2940E-05
1.9620E-09	-4.0665E-09	3.9383E-05	2.1892E-05
3.1680E-09	2.2274E-09	4.2234E-05	1.9750E-05
1.2817E-09	4.1568E-10	4.4087E-05	1.6158E-05
2.7376E-09	-3.8064E-09	4.4371E-05	1.2302E-05
-8.3429E-10	-5.3078E-09	4.3429E-05	9.0039E-06
-1.2514E-09	-2.6535E-09	4.1829E-05	6.5599E-06
5.5073E-09	-4.9182E-09	3.9992E-05	4.9238E-06
2.0852E-09	-4.3737E-10	3.7958E-05	4.1044E-06
3.7414E-09	-1.6065E-09	3.6489E-05	4.3967E-06
8.4208E-10	-7.2418E-09	3.5850E-05	4.6452E-06
-1.1450E-09	3.6354E-10	3.5482E-05	5.2085E-06
3.7297E-09	-2.4106E-09	3.6106E-05	5.4038E-06
1.8642E-09	-7.1121E-10	3.6349E-05	5.1476E-06
-4.9297E-09	4.6982E-09	3.7258E-05	5.3037E-06
2.6304E-10	-1.6002E-09	3.8679E-05	4.2704E-06
-8.1981E-10	-1.1933E-09	3.9342E-05	2.7449E-06
1.6219E-09	-2.0377E-09	3.9950E-05	1.2747E-06
-1.2209E-09	-2.4238E-09	4.0400E-05	-8.4230E-07
-1.7170E-10	-7.0975E-10	3.9943E-05	-3.0306E-06
-5.1864E-09	-2.0084E-09	3.9339E-05	-4.8631E-06
-1.8263E-09	8.9768E-10	3.8337E-05	-6.8673E-06
-5.4109E-10	4.3614E-11	3.6866E-05	-8.3404E-06
-9.5546E-10	-3.2564E-09	3.5529E-05	-9.4919E-06
9.9053E-10	-1.9006E-09	3.4150E-05	-1.0584E-05
4.5615E-11	-9.1486E-10	3.2618E-05	-1.1627E-05
-2.3721E-09	-1.0659E-09	3.0732E-05	-1.2415E-05
3.3635E-10	-5.5608E-10	2.8841E-05	-1.2613E-05
-3.4096E-09	-4.5500E-09	2.7221E-05	-1.2618E-05
2.8693E-09	1.4723E-09	2.5570E-05	-1.2419E-05
1.4969E-09	-3.3085E-09	2.4178E-05	-1.1867E-05
1.9527E-09	4.6121E-10	2.3115E-05	-1.1293E-05
-2.4549E-10	-2.8451E-09	2.2163E-05	-1.0770E-05
-2.5288E-09	-4.1913E-09	2.1311E-05	-1.0210E-05
3.1285E-09	6.7275E-10	2.0366E-05	-9.6651E-06
3.6177E-09	1.6178E-09	1.9531E-05	-8.4706E-06
3.7925E-09	9.2711E-10	1.9747E-05	-7.4263E-06
-1.0126E-09	-5.0892E-09	1.9790E-05	-7.1951E-06
-5.7243E-10	2.6777E-09	1.9579E-05	-6.6581E-06
1.2307E-09	-1.3581E-09	1.9953E-05	-6.1826E-06
9.7626E-11	-4.5141E-09	2.0194E-05	-6.5492E-06
7.1711E-09	1.7505E-10	1.9695E-05	-6.6165E-06
1.9044E-09	-7.0144E-10	1.9699E-05	-6.5271E-06
3.2639E-09	2.7809E-10	1.9208E-05	-6.8404E-06
-1.8424E-09	-2.7916E-09	1.8673E-05	-6.5058E-06
3.4924E-09	-2.5701E-09	1.8424E-05	-6.3187E-06
2.3383E-09	-2.4670E-09	1.8134E-05	-6.0522E-06
-9.4005E-10	-1.7545E-10	1.8065E-05	-5.8290E-06
-3.6165E-09	-3.0287E-09	1.8047E-05	-6.0962E-06
-1.6044E-09	-2.5763E-09	1.6981E-05	-6.4173E-06
1.1634E-09	-4.2118E-09	1.6122E-05	-5.4062E-06
4.3121E-09	-3.0889E-10	1.6071E-05	-4.8650E-06
4.9857E-10	-3.4042E-09	1.5542E-05	-4.2229E-06
3.8799E-10	2.2260E-09	1.5467E-05	-3.2030E-06
2.5486E-09	-2.3398E-09	1.5820E-05	-2.2536E-06
1.8675E-09	-1.3915E-09	1.6423E-05	-1.8819E-06
1.4551E-09	-5.3196E-10	1.6397E-05	-1.3916E-06
-7.7239E-10	-3.6488E-09	1.7147E-05	-3.3134E-07
-5.6075E-09	-7.8510E-09	1.8390E-05	-1.6180E-07
1.1321E-09	6.5619E-10	1.9314E-05	-3.7005E-07
1.9414E-09	-3.9064E-09	2.0034E-05	-8.8247E-07
1.9922E-10	-2.0536E-09	2.0301E-05	-1.2512E-06
-1.7087E-09	-1.3089E-09	2.0890E-05	-1.3518E-06
-4.1620E-09	-3.2332E-09	2.1592E-05	-1.9705E-06
1.3002E-09	-1.4319E-09	2.1887E-05	-2.5298E-06
-6.4536E-10	-2.2285E-09	2.2715E-05	-2.9944E-06
-1.3369E-09	-3.9347E-09	2.3627E-05	-4.6219E-06
1.1519E-09	1.4220E-09	2.3229E-05	-6.8479E-06
-2.2317E-09	-1.7331E-09	2.1627E-05	-8.4273E-06
-1.0232E-09	-4.1682E-09	1.9738E-05	-8.7324E-06
-2.4534E-09	-1.1316E-10	1.8577E-05	-8.4150E-06
-1.1617E-09	3.8501E-09	1.7587E-05	-8.1933E-06
-1.5968E-09	-2.0413E-09	1.6696E-05	-7.5344E-06
1.0812E-10	1.4194E-10	1.6362E-05	-6.7450E-06
3.4212E-09	2.4240E-09	1.6424E-05	-6.1325E-06
-3.4047E-09	4.8665E-10	1.6721E-05	-5.9548E-06
8.7307E-10	-3.4228E-09	1.6723E-05	-6.0420E-06
-3.4548E-09	-4.3707E-09	1.6872E-05	-6.0279E-06
3.4283E-09	-5.4404E-09	1.6911E-05	-6.6958E-06
-4.3207E-09	1.4458E-10	1.6084E-05	-7.0766E-06
4.2225E-10	-3.0756E-09	1.5580E-05	-6.9452E-06
3.2273E-09	-1.0502E-09	1.5098E-05	-7.0318E-06
1.5657E-10	-1.8488E-09	1.4476E-05	-7.0906E-06
-2.1964E-09	-3.0964E-09	1.3480E-05	-6.9989E-06
7.5142E-10	3.1155E-09	1.2571E-05	-6.2551E-06
-1.0745E-09	-3.3886E-09	1.2126E-05	-5.3697E-06
-1.7039E-11	-3.1174E-09	1.2002E-05	-4.6323E-06
-2.2595E-09	5.1719E-11	1.1753E-05	-4.1402E-06
-3.1695E-09	-3.5536E-10	1.1411E-05	-3.3990E-06
-2.2202E-09	-8.8532E-11	1.1207E-05	-2.4915E-06
3.6691E-09	2.0613E-10	1.1397E-05	-1.4688E-06
-3.1813E-09	-2.4633E-10	1.1666E-05	-8.5630E-07
1.4135E-09	-3.1589E-09	1.1824E-05	2.2697E-08
-3.9321E-10	1.9199E-09	1.2424E-05	6.6505E-07
-2.3791E-10	-8.1111E-10	1.2598E-05	1.1031E-06
4.4874E-09	-4.4998E-10	1.2865E-05	2.0425E-06
-2.9684E-10	2.5225E-09	1.3606E-05	2.9018E-06
-2.2105E-10	-4.7486E-09	1.4380E-05	3.5260E-06
-3.9976E-09	-3.0094E-09	1.5316E-05	4.3571E-06
-6.8888E-10	-7.6145E-10	1.7014E-05	4.7809E-06
4.3571E-10	-2.4877E-10	1.8419E-05	4.1150E-06
2.6575E-09	-3.4580E-09	1.8965E-05	3.3876E-06
-9.1642E-11	-4.2364E-10	1.9097E-05	3.0295E-06
-1.4792E-09	3.4781E-09	1.9354E-05	3.2532E-06
2.8149E-09	-3.3197E-09	2.0053E-05	3.2763E-06
4.3888E-09	-1.1723E-09	2.0483E-05	3.2427E-06
2.5677E-09	1.9122E-09	2.1100E-05	3.3258E-06
2.5447E-09	-6.6184E-10	2.1588E-05	3.4709E-06
1.8449E-09	-4.0524E-09	2.2640E-05	3.9145E-06
-3.3428E-09	-1.3201E-09	2.4101E-05	3.6399E-06
-1.3144E-09	-6.3023E-10	2.5138E-05	2.8947E-06
3.9853E-09	-1.5863E-09	2.5867E-05	2.3421E-06
2.5469E-09	-4.2289E-09	2.6859E-05	1.6245E-06
-8.6786E-10	-8.5043E-10	2.7200E-05	6.9882E-07
8.5883E-10	-5.4331E-09	2.7774E-05	4.9844E-07
-1.8493E-09	-2.4917E-09	2.8730E-05	-2.7033E-07
-2.3781E-09	-4.0106E-09	2.9365E-05	-1.0796E-06
5.9177E-10	7.9752E-10	2.9974E-05	-2.0462E-06
-6.3721E-10	-4.3480E-09	3.0340E-05	-2.7833E-06
7.2771E-10	-2.4073E-09	3.0983E-05	-3.5032E-06
8.2363E-10	3.0386E-09	3.1548E-05	-4.1081E-06
-2.1553E-09	6.0091E-10	3.2981E-05	-4.5177E-06
2.6002E-09	-6.2255E-10	3.5217E-05	-6.3248E-06
-5.3449E-10	-3.0667E-09	3.6544E-05	-9.6944E-06
-3.5548E-10	-2.6137E-09	3.6394E-05	-1.3759E-05
8.4592E-10	-2.7943E-09	3.3969E-05	-1.7466E-05
8.8168E-10	-3.1164E-09	3.0824E-05	-1.8790E-05
3.4997E-09	8.5260E-10	2.8615E-05	-1.9299E-05
-2.6876E-09	-3.3214E-09	2.6682E-05	-1.9244E-05
1.7978E-09	2.1891E-09	2.5486E-05	-1.9203E-05
-8.2282E-10	-1.7852E-09	2.4122E-05	-1.8962E-05
7.1775E-10	1.4284E-09	2.3778E-05	-1.8522E-05
4.1335E-10	-1.7859E-09	2.3390E-05	-1.9179E-05
-7.1657E-10	-4.5901E-09	2.2189E-05	-1.9749E-05
2.7969E-09	-2.7797E-09	2.0654E-05	-1.9652E-05
-3.3407E-10	-3.5074E-09	1.9766E-05	-1.8778E-05
-1.7033E-09	6.3580E-10	1.9566E-05	-1.8468E-05
2.6304E-09	-1.5828E-09	1.8941E-05	-1.8278E-05
3.4403E-10	-2.3043E-09	1.8657E-05	-1.7784E-05
-1.1623E-09	3.1980E-10	1.8564E-05	-1.7596E-05
4.5232E-10	-3.6154E-09	1.8476E-05	-1.7494E-05
1.5855E-09	1.9996E-09	1.8360E-05	-1.7528E-05
4.3149E-10	-1.5251E-09	1.8226E-05	-1.7587E-05
3.0188E-09	-3.7838E-09	1.7934E-05	-1.7610E-05
1.1408E-09	-1.8866E-09	1.8077E-05	-1.7365E-05
2.2591E-10	-4.2193E-09	1.8375E-05	-1.7997E-05
4.4826E-09	3.8256E-10	1.7828E-05	-1.8505E-05
3.5116E-10	-3.9134E-09	1.7528E-05	-1.8622E-05
1.7575E-09	-2.6218E-09	1.7303E-05	-1.8832E-05
-5.1058E-10	-1.4222E-09	1.7175E-05	-1.9176E-05
-8.4741E-10	-1.8859E-10	1.6875E-05	-1.9642E-05
-8.7429E-10	1.1414E-09	1.6453E-05	-2.0260E-05
-1.8495E-09	-3.4282E-09	1.5499E-05	-2.0560E-05
2.0905E-09	-2.5378E-09	1.5165E-05	-2.0386E-05
-1.4234E-09	-5.0458E-09	1.4950E-05	-2.0925E-05
6.6819E-10	-5.1863E-09	1.4245E-05	-2.1505E-05
2.7632E-09	-1.2082E-09	1.3211E-05	-2.1942E-05
5.4299E-09	-2.8549E-09	1.2107E-05	-2.1937E-05
2.2590E-09	-1.4260E-09	1.1085E-05	-2.1901E-05
4.8956E-11	-2.8822E-09	9.8544E-06	-2.1591E-05
1.0586E-09	-7.5440E-10	8.7256E-06	-2.0838E-05
2.6837E-09	3.4452E-09	7.9440E-06	-1.9767E-05
6.5489E-10	3.2835E-10	7.3997E-06	-1.8499E-05
7.6684E-10	-2.4936E-09	7.6057E-06	-1.6727E-05
4.9254E-11	-1.7010E-09	9.0194E-06	-1.5448E-05
1.3339E-09	-4.6525E-10	1.1413E-05	-1.5281E-05
-2.8982E-09	2.6492E-09	1.3755E-05	-1.8235E-05
-1.0808E-09	3.6756E-09	1.1120E-05	-2.2860E-05
-5.7020E-09	-9.3182E-10	5.0478E-06	-2.1184E-05
1.8561E-09	-3.0479E-09	6.6219E-06	-1.5622E-05
-2.0801E-10	-5.8338E-10	9.3096E-06	-1.8327E-05
2.2820E-10	-1.2048E-09	6.8864E-06	-1.8036E-05
2.2800E-10	-1.1972E-09	7.2619E-06	-1.6974E-05
2.2779E-10	-1.1896E-09	7.8998E-06	-1.6679E-05
2.2758E-10	-1.1821E-09	8.2047E-06	-1.7172E-05
2.2735E-10	-1.1746E-09	8.1182E-06	-1.7365E-05
2.2713E-10	-1.1672E-09	8.2453E-06	-1.7739E-05
2.2689E-10	-1.1598E-09	8.0554E-06	-1.8521E-05
2.2665E-10	-1.1525E-09	7.0741E-06	-1.9197E-05
2.2641E-10	-1.1452E-09	6.0405E-06	-1.8998E-05
2.2616E-10	-1.1379E-09	5.4361E-06	-1.8816E-05
2.2590E-10	-1.1307E-09	4.7419E-06	-1.8494E-05
2.2564E-10	-1.1236E-09	4.2520E-06	-1.8231E-05
2.2537E-10	-1.1165E-09	3.5411E-06	-1.7648E-05
2.2510E-10	-1.1094E-09	3.6338E-06	-1.7045E-05
2.2482E-10	-1.1024E-09	3.2700E-06	-1.7105E-05
2.2453E-10	-1.0954E-09	2.8426E-06	-1.6494E-05
2.2424E-10	-1.0885E-09	2.7897E-06	-1.6261E-05
2.2395E-10	-1.0816E-09	2.3134E-06	-1.5953E-05
2.2365E-10	-1.0747E-09	2.1023E-06	-1.5323E-05
2.2335E-10	-1.0679E-09	2.1329E-06	-1.4925E-05
2.2304E-10	-1.0611E-09	1.9788E-06	-1.4585E-05
2.2272E-10	-1.0544E-09	2.0366E-06	-1.4135E-05
2.2241E-10	-1.0477E-09	2.0401E-06	-1.3982E-05
2.2208E-10	-1.0411E-09	1.9070E-06	-1.3685E-05
2.2175E-10	-1.0345E-09	1.7866E-06	-1.3326E-05
2.2142E-10	-1.0279E-09	1.9121E-06	-1.2825E-05
2.2108E-10	-1.0214E-09	2.1019E-06	-1.2701E-05
2.2074E-10	-1.0149E-09	2.1245E-06	-1.2407E-05
2.2040E-10	-1.0085E-09	2.4774E-06	-1.2296E-05
2.2005E-10	-1.0021E-09	2.4774E-06	-1.2596E-05
2.1969E-10	-9.9572E-10	1.9808E-06	-1.2511E-05
2.1933E-10	-9.8940E-10	1.9510E-06	-1.1928E-05
2.1897E-10	-9.8312E-10	2.2575E-06	-1.1882E-05
2.1861E-10	-9.7688E-10	2.0962E-06	-1.2033E-05
2.1824E-10	-9.7067E-10	1.7022E-06	-1.1797E-05
2.1786E-10	-9.6451E-10	1.7306E-06	-1.1342E-05
2.1748E-10	-9.5838E-10	1.6816E-06	-1.1283E-05
2.1710E-10	-9.5229E-10	1.4717E-06	-1.0803E-05
2.1672E-10	-9.4624E-10	1.6929E-06	-1.0352E-05
2.1633E-10	-9.4022E-10	2.0061E-06	-1.0131E-05
2.1593E-10	-9.3425E-10	2.0833E-06	-1.0192E-05
2.1554E-10	-9.2831E-10	1.9853E-06	-9.8137E-06
2.1514E-10	-9.2240E-10	2.2888E-06	-9.5039E-06
2.1473E-10	-9.1654E-10	2.5853E-06	-9.1558E-06
2.1433E-10	-9.1070E-10	3.4251E-06	-9.1419E-06
2.1392E-10	-9.0491E-10	3.7455E-06	-9.9157E-06
2.1350E-10	-8.9915E-10	3.3090E-06	-1.0287E-05
2.1309E-10	-8.9343E-10	3.0935E-06	-1.0123E-05
2.1267E-10	-8.8774E-10	3.0864E-06	-1.0015E-05
2.1225E-10	-8.8209E-10	3.2966E-06	-9.9113E-06
2.1182E-10	-8.7647E-10	3.4231E-06	-1.0258E-05
2.1139E-10	-8.7089E-10	3.2434E-06	-1.0388E-05
2.1096E-10	-8.6534E-10	3.1311E-06	-1.0646E-05
2.1053E-10	-8.5983E-10	2.6711E-06	-1.0682E-05
2.1009E-10	-8.5435E-10	2.4207E-06	-1.0557E-05
2.0965E-10	-8.4891E-10	2.0711E-06	-1.0312E-05
2.0921E-10	-8.4349E-10	2.0381E-06	-9.8864E-06
2.0876E-10	-8.3812E-10	2.2407E-06	-9.6611E-06
2.0832E-10	-8.3277E-10	2.3452E-06	-9.8174E-06
2.0786E-10	-8.2746E-10	1.9933E-06	-9.7464E-06
2.0741E-10	-8.2218E-10	2.0426E-06	-9.2878E-06
2.0696E-10	-8.1694E-10	2.4314E-06	-9.3149E-06
2.0650E-10	-8.1173E-10	2.1967E-06	-9.6764E-06
2.0604E-10	-8.0655E-10	1.7838E-06	-9.2152E-06
2.0558E-10	-8.0140E-10	2.2053E-06	-8.8348E-06
2.0511E-10	-7.9628E-10	2.5171E-06	-9.1034E-06
2.0464E-10	-7.9120E-10	2.2162E-06	-9.4968E-06
2.0418E-10	-7.8615E-10	1.6901E-06	-9.0587E-06
2.0370E-10	-7.8112E-10	2.1136E-06	-8.5966E-06
2.0323E-10	-7.7613E-10	2.4033E-06	-8.8976E-06
2.0276E-10	-7.7118E-10	2.1375E-06	-9.1858E-06
2.0228E-10	-7.6625E-10	1.7603E-06	-8.9250E-06
2.0180E-10	-7.6135E-10	1.8916E-06	-8.6876E-06
2.0132E-10	-7.5648E-10	1.8107E-06	-8.6676E-06
2.0083E-10	-7.5165E-10	1.8401E-06	-8.4565E-06
2.0035E-10	-7.4684E-10	1.9349E-06	-8.4762E-06
1.9986E-10	-7.4207E-10	1.7750E-06	-8.4852E-06
1.9937E-10	-7.3732E-10	1.7791E-06	-8.1865E-06
1.9888E-10	-7.3260E-10	2.0253E-06	-8.3553E-06
1.9839E-10	-7.2791E-10	1.6091E-06	-8.5518E-06
1.9790E-10	-7.2326E-10	1.2095E-06	-8.1790E-06
1.9740E-10	-7.1863E-10	1.2072E-06	-7.5732E-06
1.9691E-10	-7.1403E-10	1.5778E-06	-7.2793E-06
1.9641E-10	-7.0945E-10	1.8365E-06	-7.0900E-06
1.9591E-10	-7.0491E-10	2.3129E-06	-7.1927E-06
1.9541E-10	-7.0040E-10	2.2853E-06	-7.4423E-06
1.9491E-10	-6.9591E-10	2.3866E-06	-7.4826E-06
1.9440E-10	-6.9145E-10	2.2337E-06	-7.6558E-06
1.9390E-10	-6.8702E-10	2.2219E-06	-7.4736E-06
1.9339E-10	-6.8262E-10	2.2929E-06	-7.6076E-06
1.9288E-10	-6.7824E-10	2.1334E-06	-7.5019E-06
1.9237E-10	-6.7389E-10	2.4819E-06	-7.4096E-06
1.9186E-10	-6.6957E-10	2.4852E-06	-8.0592E-06
1.9135E-10	-6.6528E-10	1.7334E-06	-8.0628E-06
1.9084E-10	-6.6101E-10	1.6102E-06	-7.6292E-06
1.9032E-10	-6.5677E-10	1.5891E-06	-7.4302E-06
1.8981E-10	-6.5255E-10	1.6832E-06	-7.2995E-06
1.8929E-10	-6.4837E-10	1.6299E-06	-7.2461E-06
1.8878E-10	-6.4420E-10	1.6890E-06	-7.1803E-06
1.8826E-10	-6.4007E-10	1.5372E-06	-7.2203E-06
1.8774E-10	-6.3596E-10	1.3431E-06	-7.0428E-06
1.8722E-10	-6.3187E-10	1.2451E-06	-6.6822E-06
1.8670E-10	-6.2782E-10	1.4815E-06	-6.4207E-06
1.8618E-10	-6.2378E-10	1.5930E-06	-6.3765E-06
1.8566E-10	-6.1977E-10	1.6410E-06	-6.3424E-06
1.8513E-10	-6.1579E-10	1.6096E-06	-6.1156E-06
1.8461E-10	-6.1183E-10	1.9081E-06	-6.0472E-06
1.8409E-10	-6.0790E-10	1.8431E-06	-6.0391E-06
1.8356E-10	-6.0399E-10	2.0906E-06	-5.9215E-06
1.8304E-10	-6.0011E-10	2.0677E-06	-5.9663E-06
1.8251E-10	-5.9625E-10	2.4391E-06	-5.8994E-06
1.8198E-10	-5.9241E-10	2.3439E-06	-6.4964E-06
1.8146E-10	-5.8860E-10	1.7515E-06	-6.3881E-06
1.8093E-10	-5.8481E-10	1.5589E-06	-5.8874E-06
1.8040E-10	-5.8105E-10	1.8679E-06	-5.4961E-06
1.7987E-10	-5.7731E-10	2.0451E-06	-5.5194E-06
1.7934E-10	-5.7359E-10	2.1947E-06	-5.4242E-06
1.7881E-10	-5.6990E-10	2.2233E-06	-5.5412E-06
1.7828E-10	-5.6623E-10	2.1215E-06	-5.4282E-06
1.7775E-10	-5.6258E-10	2.0234E-06	-5.2015E-06
1.7722E-10	-5.5896E-10	2.2623E-06	-4.7605E-06
1.7669E-10	-5.5535E-10	2.6421E-06	-4.7504E-06
1.7615E-10	-5.5177E-10	2.8218E-06	-4.7102E-06
1.7562E-10	-5.4822E-10	3.0972E-06	-4.6757E-06
1.7509E-10	-5.4468E-10	3.4377E-06	-4.8104E-06
1.7456E-10	-5.4117E-10	3.5036E-06	-5.1345E-06
1.7403E-10	-5.3768E-10	3.3416E-06	-5.2877E-06
1.7349E-10	-5.3421E-10	3.0318E-06	-5.0249E-06
1.7296E-10	-5.3077E-10	3.4937E-06	-4.4622E-06
1.7243E-10	-5.2734E-10	4.0868E-06	-4.7537E-06
1.7189E-10	-5.2394E-10	4.1786E-06	-5.0069E-06
1.7136E-10	-5.2056E-10	4.2990E-06	-5.0528E-06
1.7082E-10	-5.1720E-10	4.7672E-06	-5.1971E-06
1.7029E-10	-5.1386E-10	4.8813E-06	-5.9370E-06
1.6976E-10	-5.1054E-10	4.4485E-06	-6.2222E-06
1.6922E-10	-5.0724E-10	4.2687E-06	-6.1388E-06
1.6869E-10	-5.0396E-10	4.4196E-06	-6.1946E-06
1.6816E-10	-5.0071E-10	4.2430E-06	-6.4801E-06
1.6762E-10	-4.9747E-10	4.2193E-06	-6.3896E-06
1.6709E-10	-4.9426E-10	4.1094E-06	-6.7630E-06
1.6655E-10	-4.9106E-10	3.7444E-06	-6.4784E-06
1.6602E-10	-4.8789E-10	4.1216E-06	-6.4740E-06
1.6549E-10	-4.8473E-10	3.9016E-06	-6.8622E-06
1.6495E-10	-4.8160E-10	3.6343E-06	-6.7236E-06
1.6442E-10	-4.7848E-10	3.5922E-06	-6.7625E-06
1.6389E-10	-4.7538E-10	3.1874E-06	-6.5347E-06
1.6336E-10	-4.7231E-10	3.6471E-06	-5.9813E-06
1.6282E-10	-4.6925E-10	4.0227E-06	-6.5728E-06
1.6229E-10	-4.6621E-10	3.5871E-06	-6.6596E-06
1.6176E-10	-4.6319E-10	3.6480E-06	-6.5079E-06
1.6123E-10	-4.6020E-10	3.7075E-06	-6.5901E-06
1.6070E-10	-4.5721E-10	3.5892E-06	-6.7262E-06
1.6016E-10	-4.5425E-10	3.4841E-06	-6.5809E-06
1.5963E-10	-4.5131E-10	3.5489E-06	-6.6308E-06
1.5910E-10	-4.4839E-10	3.4724E-06	-6.6169E-06
1.5857E-10	-4.4548E-10	3.3507E-06	-6.7014E-06
1.5804E-10	-4.4259E-10	3.1284E-06	-6.3104E-06
1.5751E-10	-4.3972E-10	3.5579E-06	-6.0816E-06
1.5699E-10	-4.3687E-10	3.7450E-06	-6.1903E-06
1.5646E-10	-4.3404E-10	3.9478E-06	-6.3112E-06
1.5593E-10	-4.3122E-10	3.9420E-06	-6.4187E-06
1.5540E-10	-4.2842E-10	4.1932E-06	-6.4456E-06
1.5487E-10	-4.2564E-10	4.3159E-06	-6.7986E-06
1.5435E-10	-4.2288E-10	4.3098E-06	-7.0053E-06
1.5382E-10	-4.2014E-10	4.3757E-06	-7.3926E-06
1.5329E-10	-4.1741E-10	3.9973E-06	-7.8475E-06
1.5277E-10	-4.1470E-10	3.5725E-06	-7.7886E-06
1.5224E-10	-4.1200E-10	3.4487E-06	-7.8081E-06
1.5172E-10	-4.0933E-10	3.1818E-06	-7.7828E-06
1.5120E-10	-4.0667E-10	3.1444E-06	-7.7903E-06
1.5067E-10	-4.0403E-10	2.7383E-06	-7.9596E-06
1.5015E-10	-4.0140E-10	2.3459E-06	-7.4935E-06
1.4963E-10	-3.9879E-10	2.6070E-06	-7.2449E-06
1.4911E-10	-3.9620E-10	2.4081E-06	-7.3289E-06
1.4859E-10	-3.9362E-10	2.4238E-06	-6.8336E-06
1.4807E-10	-3.9106E-10	2.7907E-06	-6.8918E-06
1.4755E-10	-3.8852E-10	2.8911E-06	-6.8770E-06
1.4703E-10	-3.8599E-10	3.2289E-06	-7.3275E-06
1.4651E-10	-3.8348E-10	2.6148E-06	-7.8087E-06
1.4599E-10	-3.8098E-10	2.1295E-06	-7.4667E-06
1.4548E-10	-3.7850E-10	2.0702E-06	-7.0609E-06
1.4496E-10	-3.7604E-10	2.3761E-06	-6.8720E-06
1.4444E-10	-3.7359E-10	2.5340E-06	-7.1118E-06
1.4393E-10	-3.7116E-10	2.3840E-06	-7.3923E-06
1.4342E-10	-3.6874E-10	1.9655E-06	-7.4707E-06
1.4290E-10	-3.6634E-10	1.5932E-06	-7.2620E-06
1.4239E-10	-3.6395E-10	1.4111E-06	-6.8115E-06
1.4188E-10	-3.6158E-10	1.6102E-06	-6.6375E-06
1.4137E-10	-3.5922E-10	1.3254E-06	-6.5485E-06
1.4086E-10	-3.5688E-10	1.3914E-06	-6.0327E-06
1.4035E-10	-3.5455E-10	1.4891E-06	-5.8606E-06
1.3984E-10	-3.5224E-10	1.6996E-06	-5.3952E-06
1.3933E-10	-3.4994E-10	2.1623E-06	-5.3331E-06
1.3883E-10	-3.4766E-10	2.4124E-06	-5.3244E-06
1.3832E-10	-3.4539E-10	2.6684E-06	-5.3219E-06
1.3782E-10	-3.4314E-10	3.1680E-06	-5.3384E-06
1.3731E-10	-3.4090E-10	3.4479E-06	-6.0966E-06
1.3681E-10	-3.3867E-10	2.8142E-06	-6.3803E-06
1.3631E-10	-3.3646E-10	2.5962E-06	-5.9871E-06
1.3580E-10	-3.3426E-10	2.8304E-06	-5.6092E-06
1.3530E-10	-3.3208E-10	3.3958E-06	-5.6745E-06
1.3480E-10	-3.2991E-10	3.5685E-06	-6.0861E-06
1.3431E-10	-3.2775E-10	3.5553E-06	-6.3962E-06
1.3381E-10	-3.2561E-10	3.3082E-06	-6.5867E-06
1.3331E-10	-3.2348E-10	3.2181E-06	-6.4300E-06
1.3281E-10	-3.2137E-10	3.3661E-06	-6.4135E-06
1.3232E-10	-3.1926E-10	3.5152E-06	-6.4140E-06
1.3183E-10	-3.1718E-10	3.9435E-06	-6.6581E-06
1.3133E-10	-3.1510E-10	3.8384E-06	-7.4248E-06
1.3084E-10	-3.1304E-10	3.2799E-06	-7.4768E-06
1.3035E-10	-3.1099E-10	3.3220E-06	-7.4617E-06
1.2986E-10	-3.0896E-10	3.1434E-06	-7.7346E-06
1.2937E-10	-3.0693E-10	2.7945E-06	-7.9098E-06
1.2888E-10	-3.0492E-10	2.2569E-06	-7.6767E-06
1.2839E-10	-3.0293E-10	2.3541E-06	-7.2130E-06
1.2791E-10	-3.0094E-10	2.5199E-06	-7.2352E-06
1.2742E-10	-2.9897E-10	2.5131E-06	-7.2543E-06
1.2694E-10	-2.9701E-10	2.5260E-06	-7.1552E-06
1.2645E-10	-2.9507E-10	2.7735E-06	-7.2664E-06
1.2597E-10	-2.9313E-10	2.6221E-06	-7.4721E-06
1.2549E-10	-2.9121E-10	2.7385E-06	-7.5379E-06
1.2501E-10	-2.8930E-10	2.3421E-06	-7.9298E-06
1.2453E-10	-2.8740E-10	2.0364E-06	-7.3740E-06
1.2405E-10	-2.8552E-10	2.5724E-06	-7.3213E-06
1.2358E-10	-2.8365E-10	2.5913E-06	-7.7994E-06
1.2310E-10	-2.8178E-10	2.2525E-06	-7.9379E-06
1.2263E-10	-2.7994E-10	2.2066E-06	-7.8948E-06
1.2215E-10	-2.7810E-10	1.9847E-06	-8.1375E-06
1.2168E-10	-2.7627E-10	1.6566E-06	-7.8926E-06
1.2121E-10	-2.7446E-10	1.8152E-06	-7.7959E-06
1.2074E-10	-2.7266E-10	1.6859E-06	-7.9907E-06
1.2027E-10	-2.7086E-10	1.4575E-06	-7.8266E-06
1.1980E-10	-2.6909E-10	1.6415E-06	-7.8455E-06
1.1933E-10	-2.6732E-10	1.2035E-06	-8.1395E-06
1.1887E-10	-2.6556E-10	8.5077E-07	-7.5239E-06
1.1840E-10	-2.6381E-10	1.2597E-06	-7.1710E-06
1.1794E-10	-2.6208E-10	1.7452E-06	-7.2311E-06
1.1747E-10	-2.6036E-10	1.9534E-06	-7.9093E-06
1.1701E-10	-2.5864E-10	1.3859E-06	-8.2537E-06
1.1655E-10	-2.5694E-10	1.1011E-06	-8.1216E-06
1.1609E-10	-2.5525E-10	9.5633E-07	-8.1184E-06
1.1563E-10	-2.5357E-10	6.7493E-07	-8.1164E-06
1.1518E-10	-2.5190E-10	4.7893E-07	-7.8194E-06
1.1472E-10	-2.5025E-10	5.6087E-07	-7.7361E-06
1.1427E-10	-2.4860E-10	4.0419E-07	-7.5895E-06
1.1381E-10	-2.4696E-10	7.5664E-07	-7.3650E-06
1.1336E-10	-2.4533E-10	9.8590E-07	-7.9078E-06
1.1291E-10	-2.4372E-10	5.1938E-07	-8.2518E-06
1.1246E-10	-2.4211E-10	1.7070E-07	-8.2943E-06
1.1201E-10	-2.4052E-10	-3.9388E-07	-8.2691E-06
1.1156E-10	-2.3893E-10	-7.1695E-07	-7.7382E-06
1.1112E-10	-2.3736E-10	-6.2722E-07	-7.4437E-06
1.1067E-10	-2.3579E-10	-5.4594E-07	-7.3344E-06
1.1023E-10	-2.3424E-10	-5.7311E-07	-7.4935E-06
1.0978E-10	-2.3269E-10	-1.0213E-06	-7.5522E-06
1.0934E-10	-2.3116E-10	-1.5204E-06	-7.1509E-06
1.0890E-10	-2.2963E-10	-1.6102E-06	-6.5016E-06
1.0846E-10	-2.2812E-10	-1.4675E-06	-6.0465E-06
1.0802E-10	-2.2661E-10	-1.2248E-06	-5.6071E-06
1.0759E-10	-2.2511E-10	-7.8147E-07	-5.3030E-06
1.0715E-10	-2.2363E-10	-1.3076E-07	-5.3916E-06
1.0671E-10	-2.2215E-10	-1.1330E-07	-6.0114E-06
1.0628E-10	-2.2068E-10	-5.4407E-07	-5.8331E-06
1.0585E-10	-2.1922E-10	-2.3553E-07	-5.5253E-06
1.0542E-10	-2.1778E-10	1.8119E-08	-5.8135E-06
1.0499E-10	-2.1634E-10	-2.5895E-07	-5.9561E-06
1.0456E-10	-2.1491E-10	-1.9320E-07	-5.7570E-06
1.0413E-10	-2.1349E-10	-3.0479E-07	-5.9807E-06
1.0370E-10	-2.1207E-10	-4.5944E-07	-5.5294E-06
1.0328E-10	-2.1067E-10	5.0831E-09	-5.6019E-06
1.0286E-10	-2.0928E-10	-1.6314E-07	-5.8207E-06
1.0243E-10	-2.0789E-10	-2.5044E-07	-5.8215E-06
1.0201E-10	-2.0652E-10	-4.8600E-07	-5.6699E-06
1.0159E-10	-2.0515E-10	-3.1267E-07	-5.3492E-06
1.0117E-10	-2.0379E-10	-1.2423E-08	-5.4364E-06
1.0075E-10	-2.0244E-10	-8.6246E-08	-5.7032E-06
1.0034E-10	-2.0110E-10	-2.1537E-07	-5.5385E-06
9.9922E-11	-1.9977E-10	-2.8199E-08	-5.6788E-06
9.9508E-11	-1.9844E-10	-2.7693E-07	-5.7802E-06
9.9095E-11	-1.9713E-10	-3.0706E-07	-5.8481E-06
9.8683E-11	-1.9582E-10	-8.7740E-07	-5.8841E-06
9.8273E-11	-1.9453E-10	-1.0819E-06	-5.1292E-06
9.7863E-11	-1.9324E-10	-5.7812E-07	-4.7593E-06
9.7455E-11	-1.9195E-10	-2.7431E-07	-4.9215E-06
9.7048E-11	-1.9068E-10	-2.8021E-07	-4.9868E-06
9.6643E-11	-1.8942E-10	-2.3893E-07	-5.0059E-06
9.6239E-11	-1.8816E-10	-2.6246E-07	-4.9572E-06
9.5835E-11	-1.8691E-10	-1.7980E-07	-4.9710E-06
9.5434E-11	-1.8567E-10	-2.6780E-07	-4.9277E-06
9.5033E-11	-1.8444E-10	-1.6052E-07	-4.8203E-06
9.4633E-11	-1.8321E-10	-7.4649E-08	-4.7859E-06
9.4235E-11	-1.8199E-10	1.3061E-07	-4.9583E-06
9.3838E-11	-1.8079E-10	-2.7051E-07	-5.1895E-06
9.3443E-11	-1.7958E-10	-4.8771E-07	-4.5870E-06
9.3048E-11	-1.7839E-10	1.4764E-07	-4.2834E-06
9.2655E-11	-1.7721E-10	5.2375E-07	-4.8243E-06
9.2263E-11	-1.7603E-10	1.1926E-07	-5.0667E-06
9.1872E-11	-1.7486E-10	1.6123E-07	-4.8417E-06
9.1482E-11	-1.7369E-10	1.5118E-07	-5.0691E-06
9.1094E-11	-1.7254E-10	-3.4650E-08	-4.8257E-06
9.0707E-11	-1.7139E-10	3.6293E-07	-4.7994E-06
9.0321E-11	-1.7025E-10	2.7892E-07	-5.2241E-06
8.9936E-11	-1.6912E-10	-2.5468E-08	-5.0990E-06
8.9553E-11	-1.6799E-10	2.0336E-07	-5.0119E-06
8.9171E-11	-1.6687E-10	1.2554E-07	-5.4899E-06
8.8790E-11	-1.6576E-10	-5.8556E-07	-5.4251E-06
8.8410E-11	-1.6466E-10	-6.7517E-07	-4.7946E-06
8.8032E-11	-1.6356E-10	-4.9504E-07	-4.5474E-06
8.7655E-11	-1.6247E-10	-1.8811E-07	-4.2405E-06
8.7279E-11	-1.6139E-10	2.8948E-07	-4.4435E-06
8.6904E-11	-1.6031E-10	4.0111E-07	-4.8000E-06
8.6530E-11	-1.5924E-10	2.0484E-07	-5.3247E-06
8.6158E-11	-1.5818E-10	-5.2182E-07	-5.2532E-06
8.5787E-11	-1.5713E-10	-6.2112E-07	-4.7205E-06
8.5417E-11	-1.5608E-10	-4.3975E-07	-4.4967E-06
8.5048E-11	-1.5504E-10	-3.4504E-07	-4.5809E-06
8.4681E-11	-1.5400E-10	-6.4145E-07	-4.3816E-06
8.4315E-11	-1.5297E-10	-3.5362E-07	-3.9223E-06
8.3950E-11	-1.5195E-10	-6.5892E-08	-3.9912E-06
8.3586E-11	-1.5094E-10	1.8622E-08	-3.9022E-06
8.3224E-11	-1.4993E-10	3.4937E-07	-3.7707E-06
8.2862E-11	-1.4893E-10	8.2481E-07	-4.0470E-06
8.2502E-11	-1.4793E-10	7.6436E-07	-4.5433E-06
8.2143E-11	-1.4695E-10	5.9593E-07	-4.6083E-06
8.1786E-11	-1.4596E-10	6.1370E-07	-4.7087E-06
8.1429E-11	-1.4499E-10	5.8631E-07	-4.8874E-06
8.1074E-11	-1.4402E-10	3.9864E-07	-5.1299E-06
8.0720E-11	-1.4305E-10	-7.5245E-09	-5.1300E-06
8.0367E-11	-1.4210E-10	-1.9950E-07	-4.7643E-06
8.0016E-11	-1.4115E-10	3.9244E-08	-4.5259E-06
7.9665E-11	-1.4020E-10	2.6591E-07	-4.6567E-06
7.9316E-11	-1.3926E-10	2.4811E-07	-4.9412E-06
7.8968E-11	-1.3833E-10	-9.4826E-08	-5.0934E-06
7.8622E-11	-1.3741E-10	-4.1502E-07	-4.8185E-06
7.8276E-11	-1.3649E-10	-2.6686E-07	-4.4729E-06
7.7932E-11	-1.3557E-10	-8.8112E-08	-4.6017E-06
7.7589E-11	-1.3466E-10	-2.9601E-07	-4.5329E-06
7.7247E-11	-1.3376E-10	-3.4438E-08	-4.3021E-06
7.6906E-11	-1.3286E-10	1.2267E-07	-4.6694E-06
7.6567E-11	-1.3197E-10	-2.5905E-07	-4.7664E-06
7.6228E-11	-1.3109E-10	-3.7758E-07	-4.5235E-06
7.5891E-11	-1.3021E-10	-4.1604E-07	-4.3386E-06
7.5555E-11	-1.2934E-10	-1.5969E-07	-4.0805E-06
7.5220E-11	-1.2847E-10	6.9179E-08	-4.3830E-06
7.4887E-11	-1.2761E-10	-1.8815E-07	-4.4557E-06
7.4555E-11	-1.2675E-10	-2.6026E-07	-4.3498E-06
7.4223E-11	-1.2590E-10	-3.0021E-07	-4.1206E-06
7.3893E-11	-1.2505E-10	-7.0120E-08	-4.0259E-06
7.3565E-11	-1.2421E-10	7.4505E-08	-3.9517E-06
7.3237E-11	-1.2338E-10	4.7720E-07	-4.2367E-06
7.2911E-11	-1.2255E-10	6.4939E-08	-4.6527E-06
7.2585E-11	-1.2173E-10	-9.5657E-08	-4.2811E-06
7.2261E-11	-1.2091E-10	1.2942E-07	-4.3314E-06
7.1938E-11	-1.2010E-10	5.7782E-08	-4.4957E-06
7.1617E-11	-1.1929E-10	-1.6728E-07	-4.4563E-06
7.1296E-11	-1.1849E-10	-6.0897E-08	-4.1625E-06
7.0977E-11	-1.1769E-10	2.6384E-07	-4.4127E-06
7.0658E-11	-1.1690E-10	-8.9925E-08	-4.7396E-06
7.0341E-11	-1.1611E-10	-3.0031E-07	-4.3845E-06
7.0025E-11	-1.1533E-10	-1.1543E-08	-4.4756E-06
6.9711E-11	-1.1455E-10	-3.9721E-07	-4.7075E-06
6.9397E-11	-1.1378E-10	-6.1676E-07	-4.3188E-06
6.9085E-11	-1.1302E-10	-4.7854E-07	-4.1112E-06
6.8773E-11	-1.1225E-10	-3.2951E-07	-4.0955E-06
6.8463E-11	-1.1150E-10	-4.4324E-07	-4.1803E-06
6.8154E-11	-1.1075E-10	-5.2178E-07	-3.8633E-06
6.7847E-11	-1.1000E-10	-2.0798E-07	-3.7761E-06
6.7540E-11	-1.0926E-10	-1.7646E-07	-3.8956E-06
6.7234E-11	-1.0852E-10	-1.4651E-07	-3.8874E-06
6.6930E-11	-1.0779E-10	-2.8331E-07	-3.8948E-06
6.6627E-11	-1.0706E-10	-2.2290E-07	-3.4982E-06
6.6325E-11	-1.0634E-10	2.0325E-07	-3.4668E-06
6.6024E-11	-1.0562E-10	4.7675E-07	-3.5200E-06
6.5724E-11	-1.0491E-10	8.8086E-07	-3.8969E-06
6.5425E-11	-1.0420E-10	7.6600E-07	-4.3757E-06
6.5127E-11	-1.0350E-10	6.4441E-07	-4.6631E-06
6.4831E-11	-1.0280E-10	3.0458E-07	-4.9412E-06
6.4536E-11	-1.0211E-10	-8.4677E-08	-4.9861E-06
6.4241E-11	-1.0142E-10	-4.3618E-07	-4.7308E-06
6.3948E-11	-1.0073E-10	-3.2348E-07	-4.5901E-06
6.3656E-11	-1.0005E-10	-6.5439E-07	-4.6671E-06
6.3366E-11	-9.9373E-11	-7.3462E-07	-4.1906E-06
6.3076E-11	-9.8701E-11	-5.6363E-07	-4.1725E-06
6.2787E-11	-9.8033E-11	-6.7082E-07	-3.9915E-06
6.2500E-11	-9.7370E-11	-4.2494E-07	-3.8272E-06
6.2213E-11	-9.6711E-11	-4.0653E-07	-3.8875E-06
6.1928E-11	-9.6057E-11	-2.0083E-07	-3.5952E-06
6.1644E-11	-9.5407E-11	3.4936E-07	-4.0229E-06
6.1360E-11	-9.4761E-11	-1.3083E-07	-4.6044E-06
6.1078E-11	-9.4119E-11	-5.7353E-07	-4.2776E-06
6.0797E-11	-9.3481E-11	-4.1631E-07	-3.9606E-06
6.0518E-11	-9.2848E-11	-1.3693E-07	-4.1215E-06
6.0239E-11	-9.2219E-11	-3.5110E-07	-4.3690E-06
5.9961E-11	-9.1594E-11	-4.8228E-07	-4.2869E-06
5.9685E-11	-9.0973E-11	-6.2195E-07	-4.3374E-06
5.9409E-11	-9.0356E-11	-8.0661E-07	-4.1996E-06
5.9135E-11	-8.9744E-11	-9.1099E-07	-4.0482E-06
5.8861E-11	-8.9135E-11	-9.7672E-07	-3.7732E-06
5.8589E-11	-8.8530E-11	-7.6380E-07	-3.4546E-06
5.8318E-11	-8.7929E-11	-3.5435E-07	-3.5087E-06
5.8047E-11	-8.7333E-11	-2.5337E-07	-3.8110E-06
5.7778E-11	-8.6740E-11	-3.9246E-07	-4.0826E-06
5.7510E-11	-8.6151E-11	-7.1501E-07	-4.0585E-06
5.7243E-11	-8.5566E-11	-7.8194E-07	-4.0276E-06
5.6977E-11	-8.4984E-11	-1.2546E-06	-3.9170E-06
5.6712E-11	-8.4407E-11	-1.2718E-06	-3.1884E-06
5.6449E-11	-8.3833E-11	-7.2633E-07	-2.9214E-06
5.6186E-11	-8.3263E-11	-4.2826E-07	-3.1423E-06
5.5924E-11	-8.2697E-11	-4.8278E-07	-3.0411E-06
5.5663E-11	-8.2135E-11	1.1414E-07	-3.0259E-06
5.5404E-11	-8.1576E-11	1.2933E-07	-3.6439E-06
5.5145E-11	-8.1021E-11	6.3587E-08	-3.7482E-06
5.4888E-11	-8.0470E-11	-1.3920E-07	-4.3035E-06
5.4631E-11	-7.9922E-11	-8.7806E-07	-4.2568E-06
5.4375E-11	-7.9378E-11	-1.2270E-06	-3.7835E-06
5.4121E-11	-7.8838E-11	-1.1361E-06	-3.2483E-06
5.3868E-11	-7.8301E-11	-9.0730E-07	-3.1052E-06
5.3615E-11	-7.7767E-11	-7.2050E-07	-2.8555E-06
5.3364E-11	-7.7238E-11	-2.8184E-07	-2.9928E-06
5.3113E-11	-7.6711E-11	-3.9092E-07	-3.3420E-06
5.2864E-11	-7.6188E-11	-6.7273E-07	-3.2207E-06
5.2615E-11	-7.5669E-11	-6.0117E-07	-2.9351E-06
5.2368E-11	-7.5153E-11	-4.1468E-07	-2.8365E-06
5.2122E-11	-7.4640E-11	-1.5333E-07	-2.8292E-06
5.1876E-11	-7.4131E-11	-4.6458E-08	-3.1009E-06
5.1632E-11	-7.3625E-11	-2.6857E-07	-3.1874E-06
5.1388E-11	-7.3123E-11	-3.6934E-07	-2.8819E-06
5.1146E-11	-7.2624E-11	7.8978E-08	-2.6993E-06
5.0905E-11	-7.2128E-11	2.7533E-07	-3.0614E-06
5.0664E-11	-7.1635E-11	2.6193E-07	-3.1648E-06
5.0425E-11	-7.1146E-11	2.1119E-07	-3.4168E-06
5.0186E-11	-7.0660E-11	2.6685E-08	-3.2702E-06
4.9949E-11	-7.0177E-11	3.1957E-07	-3.2930E-06
4.9712E-11	-6.9697E-11	2.7513E-07	-3.5867E-06
4.9477E-11	-6.9221E-11	2.0088E-07	-3.7201E-06
4.9242E-11	-6.8747E-11	-8.5968E-08	-3.9327E-06
4.9009E-11	-6.8277E-11	-3.9242E-07	-3.6177E-06
4.8776E-11	-6.7810E-11	-8.6783E-08	-3.4934E-06
4.8544E-11	-6.7346E-11	-1.9169E-07	-3.8253E-06
4.8314E-11	-6.6885E-11	-5.6227E-07	-3.7044E-06
4.8084E-11	-6.6427E-11	-5.6300E-07	-3.3335E-06
4.7855E-11	-6.5972E-11	-2.8532E-07	-3.3589E-06
4.7627E-11	-6.5520E-11	-5.0457E-07	-3.4134E-06
4.7400E-11	-6.5071E-11	-2.9296E-07	-3.1309E-06
4.7175E-11	-6.4626E-11	-2.0517E-07	-3.4614E-06
4.6950E-11	-6.4183E-11	-4.4752E-07	-3.3609E-06
4.6725E-11	-6.3743E-11	-3.9437E-07	-3.2411E-06
4.6502E-11	-6.3306E-11	-2.7454E-07	-3.1674E-06
4.6280E-11	-6.2871E-11	-2.3938E-07	-3.3300E-06
4.6059E-11	-6.2440E-11	-3.3912E-07	-3.2236E-06
4.5839E-11	-6.2012E-11	-1.9425E-07	-3.2554E-06
4.5619E-11	-6.1586E-11	-2.9139E-07	-3.3514E-06
4.5401E-11	-6.1163E-11	-4.1437E-07	-3.2561E-06
4.5183E-11	-6.0744E-11	-2.9837E-07	-3.0333E-06
4.4966E-11	-6.0326E-11	-5.4377E-08	-3.1771E-06
4.4751E-11	-5.9912E-11	-1.4715E-07	-3.3194E-06
4.4536E-11	-5.9500E-11	-1.6312E-07	-3.3394E-06
4.4322E-11	-5.9092E-11	-2.6416E-07	-3.3949E-06
4.4109E-11	-5.8685E-11	-3.2027E-07	-3.2630E-06
4.3897E-11	-5.8282E-11	-1.7434E-07	-3.2633E-06
4.3686E-11	-5.7881E-11	-2.0743E-07	-3.3857E-06
4.3475E-11	-5.7483E-11	-2.5449E-07	-3.4417E-06
4.3266E-11	-5.7088E-11	-4.4993E-07	-3.4472E-06
4.3057E-11	-5.6695E-11	-4.5613E-07	-3.2767E-06
4.2850E-11	-5.6304E-11	-5.0204E-07	-3.1924E-06
4.2643E-11	-5.5917E-11	-1.9471E-07	-2.9982E-06
4.2437E-11	-5.5532E-11	-7.5831E-08	-3.4480E-06
4.2232E-11	-5.5149E-11	-3.1561E-07	-3.4789E-06
4.2028E-11	-5.4769E-11	-4.8116E-07	-3.6820E-06
4.1825E-11	-5.4392E-11	-9.2105E-07	-3.2854E-06
4.1622E-11	-5.4017E-11	-4.6960E-07	-3.0304E-06
4.1421E-11	-5.3645E-11	-5.6334E-07	-3.3599E-06
4.1220E-11	-5.3275E-11	-7.7735E-07	-3.1392E-06
4.1020E-11	-5.2907E-11	-7.4975E-07	-3.0174E-06
4.0822E-11	-5.2542E-11	-7.9037E-07	-2.7422E-06
4.0624E-11	-5.2180E-11	-3.7846E-07	-2.5690E-06
4.0426E-11	-5.1820E-11	-3.1019E-07	-2.8314E-06
4.0230E-11	-5.1462E-11	-2.7181E-07	-2.6028E-06
4.0034E-11	-5.1107E-11	1.5449E-07	-2.8046E-06
3.9840E-11	-5.0754E-11	6.6695E-08	-3.1672E-06
3.9646E-11	-5.0403E-11	-7.8834E-08	-3.2907E-06
3.9453E-11	-5.0055E-11	-2.5961E-07	-3.3450E-06
3.9261E-11	-4.9709E-11	-4.0226E-07	-3.2385E-06
3.9070E-11	-4.9365E-11	-2.9085E-07	-3.1651E-06
3.8879E-11	-4.9024E-11	-3.9199E-07	-3.3983E-06
3.8689E-11	-4.8685E-11	-6.9605E-07	-3.2182E-06
3.8501E-11	-4.8348E-11	-6.7534E-07	-2.9530E-06
3.8313E-11	-4.8013E-11	-4.2363E-07	-2.7122E-06
3.8125E-11	-4.7681E-11	-5.8973E-08	-3.0331E-06
3.7939E-11	-4.7351E-11	-3.9827E-07	-3.3684E-06
3.7754E-11	-4.7023E-11	-6.9495E-07	-3.1487E-06
3.7569E-11	-4.6698E-11	-6.3427E-07	-2.9025E-06
3.7385E-11	-4.6374E-11	-5.6463E-07	-2.8692E-06
3.7202E-11	-4.6053E-11	-4.8299E-07	-2.7086E-06
3.7020E-11	-4.5734E-11	-2.5993E-07	-2.8106E-06
3.6838E-11	-4.5416E-11	-3.0931E-07	-2.9132E-06
3.6657E-11	-4.5102E-11	-3.4227E-07	-2.9496E-06
3.6477E-11	-4.4789E-11	-3.6109E-07	-2.8198E-06
3.6298E-11	-4.4478E-11	-1.2859E-07	-2.9151E-06
3.6120E-11	-4.4169E-11	-2.2499E-07	-3.0994E-06
3.5942E-11	-4.3863E-11	-2.6822E-07	-3.2197E-06
3.5766E-11	-4.3558E-11	-6.1939E-07	-3.2938E-06
3.5590E-11	-4.3256E-11	-7.8406E-07	-2.9665E-06
3.5414E-11	-4.2955E-11	-7.4497E-07	-2.7137E-06
3.5240E-11	-4.2657E-11	-4.5794E-07	-2.4213E-06
3.5066E-11	-4.2361E-11	-7.3734E-09	-2.6417E-06
3.4893E-11	-4.2066E-11	-9.5549E-08	-2.9847E-06
3.4721E-11	-4.1774E-11	-1.2585E-07	-3.0264E-06
3.4550E-11	-4.1483E-11	-2.2730E-07	-3.2953E-06
3.4379E-11	-4.1195E-11	-5.5825E-07	-3.2773E-06
3.4210E-11	-4.0908E-11	-7.4892E-07	-3.1033E-06
3.4040E-11	-4.0623E-11	-7.2678E-07	-2.7724E-06
3.3872E-11	-4.0341E-11	-5.1129E-07	-2.7464E-06
3.3705E-11	-4.0060E-11	-4.1379E-07	-2.6761E-06
3.3538E-11	-3.9781E-11	-1.5584E-07	-2.9124E-06
3.3372E-11	-3.9504E-11	-4.0035E-07	-3.1593E-06
3.3206E-11	-3.9228E-11	-5.7084E-07	-3.1500E-06
3.3042E-11	-3.8955E-11	-8.0421E-07	-3.0358E-06
3.2878E-11	-3.8683E-11	-7.9639E-07	-2.8416E-06
3.2715E-11	-3.8414E-11	-8.6112E-07	-2.6948E-06
3.2552E-11	-3.8146E-11	-6.7798E-07	-2.4338E-06
3.2391E-11	-3.7880E-11	-3.7908E-07	-2.4521E-06
3.2230E-11	-3.7615E-11	-1.8432E-07	-2.7435E-06
3.2070E-11	-3.7353E-11	-4.5237E-07	-3.0174E-06
3.1910E-11	-3.7092E-11	-6.6005E-07	-2.8728E-06
3.1751E-11	-3.6833E-11	-6.9688E-07	-2.8086E-06
3.1593E-11	-3.6576E-11	-8.1338E-07	-2.7116E-06
3.1436E-11	-3.6320E-11	-8.1933E-07	-2.4733E-06
3.1279E-11	-3.6066E-11	-6.6027E-07	-2.3841E-06
3.1123E-11	-3.5814E-11	-6.6798E-07	-2.3081E-06
3.0968E-11	-3.5564E-11	-4.7629E-07	-2.0823E-06
3.0814E-11	-3.5315E-11	-9.1848E-08	-2.1260E-06
3.0660E-11	-3.5068E-11	5.5219E-08	-2.5071E-06
3.0507E-11	-3.4823E-11	-2.2060E-07	-2.6246E-06
3.0354E-11	-3.4579E-11	-1.9080E-07	-2.3817E-06
3.0203E-11	-3.4337E-11	2.1448E-07	-2.3783E-06
3.0052E-11	-3.4097E-11	4.3830E-07	-3.0235E-06
2.9901E-11	-3.3858E-11	-2.2846E-07	-3.3338E-06
2.9751E-11	-3.3621E-11	-3.0277E-07	-2.9675E-06
2.9603E-11	-3.3385E-11	-2.6651E-07	-3.2584E-06
2.9454E-11	-3.3151E-11	-7.5496E-07	-3.2725E-06
2.9307E-11	-3.2919E-11	-9.6827E-07	-2.8208E-06
2.9160E-11	-3.2688E-11	-6.6400E-07	-2.5754E-06
2.9013E-11	-3.2459E-11	-6.8656E-07	-2.7223E-06
2.8868E-11	-3.2231E-11	-6.9860E-07	-2.4112E-06
2.8723E-11	-3.2005E-11	-3.2540E-07	-2.4751E-06
2.8578E-11	-3.1780E-11	-3.7860E-07	-2.7828E-06
2.8435E-11	-3.1557E-11	-6.6810E-07	-2.7980E-06
2.8292E-11	-3.1335E-11	-7.7800E-07	-2.5649E-06
2.8150E-11	-3.1115E-11	-8.1677E-07	-2.3086E-06
2.8008E-11	-3.0896E-11	-3.6719E-07	-1.8793E-06
2.7867E-11	-3.0679E-11	2.5693E-07	-2.4288E-06
2.7727E-11	-3.0463E-11	-1.3759E-07	-2.9208E-06
2.7587E-11	-3.0249E-11	-3.6418E-07	-2.8795E-06
2.7448E-11	-3.0036E-11	-5.9238E-07	-2.8124E-06
2.7309E-11	-2.9825E-11	-5.5116E-07	-2.6091E-06
2.7172E-11	-2.9615E-11	-5.8264E-07	-2.6458E-06
2.7034E-11	-2.9407E-11	-5.7553E-07	-2.4137E-06
2.6898E-11	-2.9200E-11	-2.9865E-07	-2.4873E-06
2.6762E-11	-2.8994E-11	-4.4903E-07	-2.7056E-06
2.6627E-11	-2.8790E-11	-5.7156E-07	-2.4784E-06
2.6492E-11	-2.8587E-11	-3.2762E-07	-2.4765E-06
2.6358E-11	-2.8385E-11	-4.3234E-07	-2.6159E-06
2.6225E-11	-2.8185E-11	-3.8924E-07	-2.4858E-06
2.6092E-11	-2.7986E-11	-2.9730E-07	-2.6609E-06
2.5960E-11	-2.7789E-11	-4.8162E-07	-2.7474E-06
2.5828E-11	-2.7593E-11	-6.0372E-07	-2.6311E-06
2.5697E-11	-2.7398E-11	-5.6097E-07	-2.5472E-06
2.5567E-11	-2.7205E-11	-6.2767E-07	-2.5406E-06
2.5437E-11	-2.7013E-11	-6.3534E-07	-2.3571E-06
2.5308E-11	-2.6822E-11	-5.0122E-07	-2.2133E-06
2.5180E-11	-2.6632E-11	-1.5722E-07	-2.2127E-06
2.5052E-11	-2.6444E-11	-9.7980E-08	-2.5983E-06
2.4925E-11	-2.6257E-11	-2.1786E-07	-2.6448E-06
2.4798E-11	-2.6071E-11	-2.9921E-07	-2.9193E-06
2.4672E-11	-2.5887E-11	-7.3997E-07	-2.7706E-06
2.4546E-11	-2.5704E-11	-6.3863E-07	-2.5036E-06
2.4421E-11	-2.5522E-11	-6.2884E-07	-2.4344E-06
2.4297E-11	-2.5341E-11	-4.7624E-07	-2.3791E-06
2.4173E-11	-2.5162E-11	-5.1699E-07	-2.3905E-06
2.4050E-11	-2.4984E-11	-3.3526E-07	-2.3101E-06
2.3927E-11	-2.4807E-11	-3.5139E-07	-2.4517E-06
2.3805E-11	-2.4631E-11	-1.9978E-07	-2.3206E-06
2.3684E-11	-2.4456E-11	-4.0121E-08	-2.7373E-06
2.3563E-11	-2.4283E-11	-4.6116E-07	-2.8780E-06
2.3443E-11	-2.4111E-11	-6.2609E-07	-2.6398E-06
2.3323E-11	-2.3940E-11	-5.3626E-07	-2.3902E-06
2.3204E-11	-2.3770E-11	-1.9653E-07	-2.4226E-06
2.3085E-11	-2.3601E-11	-1.3514E-07	-2.8097E-06
2.2967E-11	-2.3434E-11	-5.2434E-07	-3.0458E-06
2.2850E-11	-2.3267E-11	-8.6842E-07	-2.6851E-06
2.2733E-11	-2.3102E-11	-5.7707E-07	-2.4106E-06
2.2616E-11	-2.2938E-11	-4.2912E-07	-2.5707E-06
2.2500E-11	-2.2775E-11	-4.2599E-07	-2.7034E-06
2.2385E-11	-2.2613E-11	-5.8847E-07	-2.8178E-06
2.2270E-11	-2.2452E-11	-7.2353E-07	-2.7913E-06
2.2156E-11	-2.2292E-11	-1.0140E-06	-2.6634E-06
2.2042E-11	-2.2134E-11	-8.6632E-07	-2.1043E-06
2.1929E-11	-2.1976E-11	-2.5769E-07	-2.2285E-06
2.1817E-11	-2.1820E-11	-2.2152E-07	-2.7088E-06
2.1705E-11	-2.1664E-11	-4.6773E-07	-2.9628E-06
2.1593E-11	-2.1510E-11	-7.8391E-07	-3.0555E-06
2.1482E-11	-2.1357E-11	-1.2123E-06	-2.9149E-06
2.1372E-11	-2.1204E-11	-1.3265E-06	-2.4168E-06
2.1262E-11	-2.1053E-11	-1.1243E-06	-2.1704E-06
2.1152E-11	-2.0903E-11	-9.0779E-07	-1.9852E-06
2.1043E-11	-2.0754E-11	-5.8489E-07	-2.0950E-06
2.0935E-11	-2.0606E-11	-5.8587E-07	-2.3047E-06
2.0827E-11	-2.0459E-11	-6.8742E-07	-2.3833E-06
2.0720E-11	-2.0313E-11	-8.0302E-07	-2.2587E-06
2.0613E-11	-2.0168E-11	-6.2030E-07	-2.1336E-06
2.0507E-11	-2.0024E-11	-4.8525E-07	-2.3215E-06
2.0401E-11	-1.9881E-11	-6.4531E-07	-2.4478E-06
2.0295E-11	-1.9738E-11	-6.9251E-07	-2.3443E-06
2.0191E-11	-1.9597E-11	-7.1599E-07	-2.4373E-06
2.0086E-11	-1.9457E-11	-9.3810E-07	-2.2511E-06
1.9983E-11	-1.9318E-11	-6.6570E-07	-1.9448E-06
1.9879E-11	-1.9180E-11	-3.0738E-07	-2.1855E-06
1.9776E-11	-1.9042E-11	-4.7041E-07	-2.5295E-06
1.9674E-11	-1.8906E-11	-6.8412E-07	-2.4142E-06
1.9572E-11	-1.8771E-11	-5.5698E-07	-2.3578E-06
1.9471E-11	-1.8636E-11	-4.9295E-07	-2.5768E-06
1.9370E-11	-1.8503E-11	-8.6947E-07	-2.8451E-06
1.9270E-11	-1.8370E-11	-1.3141E-06	-2.3395E-06
1.9170E-11	-1.8238E-11	-7.9831E-07	-1.9620E-06
1.9070E-11	-1.8108E-11	-6.7945E-07	-2.3885E-06
1.8972E-11	-1.7978E-11	-9.7792E-07	-2.2837E-06
1.8873E-11	-1.7849E-11	-8.3053E-07	-2.1504E-06
1.8775E-11	-1.7720E-11	-8.6524E-07	-2.1807E-06
1.8678E-11	-1.7593E-11	-7.3677E-07	-2.1395E-06
1.8581E-11	-1.7467E-11	-9.5701E-07	-2.3367E-06
1.8484E-11	-1.7341E-11	-1.0915E-06	-1.7733E-06
1.8388E-11	-1.7217E-11	-4.1456E-07	-1.7084E-06
1.8292E-11	-1.7093E-11	-2.6838E-07	-2.2266E-06
1.8197E-11	-1.6970E-11	-6.0183E-07	-2.5460E-06
1.8103E-11	-1.6848E-11	-9.4925E-07	-2.2620E-06
1.8008E-11	-1.6727E-11	-6.6722E-07	-2.1034E-06
1.7915E-11	-1.6606E-11	-7.0043E-07	-2.3394E-06
1.7821E-11	-1.6487E-11	-9.1484E-07	-2.2876E-06
1.7728E-11	-1.6368E-11	-9.2047E-07	-2.0308E-06
1.7636E-11	-1.6250E-11	-6.8559E-07	-2.0256E-06
1.7544E-11	-1.6133E-11	-6.5221E-07	-2.0860E-06
1.7452E-11	-1.6017E-11	-5.3474E-07	-2.2831E-06
1.7361E-11	-1.5901E-11	-8.8183E-07	-2.3795E-06
1.7271E-11	-1.5787E-11	-8.0926E-07	-2.1048E-06
1.7181E-11	-1.5673E-11	-7.4096E-07	-2.2204E-06
1.7091E-11	-1.5560E-11	-6.0697E-07	-2.2018E-06
1.7002E-11	-1.5447E-11	-6.2056E-07	-2.7271E-06
1.6913E-11	-1.5336E-11	-1.3427E-06	-2.7920E-06
1.6824E-11	-1.5225E-11	-1.6251E-06	-2.2577E-06
1.6736E-11	-1.5115E-11	-1.4980E-06	-1.8722E-06
1.6649E-11	-1.5006E-11	-1.2302E-06	-1.7398E-06
1.6561E-11	-1.4897E-11	-1.1428E-06	-1.9201E-06
1.6475E-11	-1.4789E-11	-1.4919E-06	-1.8949E-06
1.6388E-11	-1.4682E-11	-1.5794E-06	-1.2945E-06
1.6303E-11	-1.4576E-11	-1.0004E-06	-9.4427E-07
1.6217E-11	-1.4471E-11	-5.6602E-07	-1.1707E-06
1.6132E-11	-1.4366E-11	-4.0544E-07	-1.4203E-06
1.6047E-11	-1.4262E-11	-4.5779E-07	-1.7385E-06
1.5963E-11	-1.4158E-11	-7.5338E-07	-1.7135E-06
1.5879E-11	-1.4056E-11	-7.1866E-07	-1.4018E-06
1.5796E-11	-1.3954E-11	-2.7734E-07	-1.3407E-06
1.5713E-11	-1.3853E-11	-1.4491E-07	-1.8756E-06
1.5631E-11	-1.3752E-11	-5.8383E-07	-1.8870E-06
1.5548E-11	-1.3652E-11	-3.9894E-07	-1.6703E-06
1.5467E-11	-1.3553E-11	-3.2140E-07	-1.8923E-06
1.5385E-11	-1.3455E-11	-4.4390E-07	-1.9951E-06
1.5304E-11	-1.3357E-11	-5.9127E-07	-1.8825E-06
1.5224E-11	-1.3260E-11	-3.5154E-07	-1.8157E-06
1.5144E-11	-1.3164E-11	-4.0555E-07	-2.1139E-06
1.5064E-11	-1.3068E-11	-5.6602E-07	-2.0959E-06
1.4985E-11	-1.2973E-11	-7.4669E-07	-2.1205E-06
1.4906E-11	-1.2879E-11	-7.9242E-07	-1.8091E-06
1.4827E-11	-1.2785E-11	-5.8575E-07	-1.9124E-06
1.4749E-11	-1.2692E-11	-8.4249E-07	-1.9133E-06
1.4671E-11	-1.2599E-11	-8.2230E-07	-1.6247E-06
1.4594E-11	-1.2508E-11	-6.1187E-07	-1.4064E-06
1.4517E-11	-1.2416E-11	-1.4608E-07	-1.5195E-06
1.4440E-11	-1.2326E-11	-2.2999E-07	-1.9615E-06
1.4364E-11	-1.2236E-11	-4.1566E-07	-1.7995E-06
1.4288E-11	-1.2147E-11	-1.0723E-07	-1.8002E-06
1.4212E-11	-1.2058E-11	-5.6144E-08	-2.2075E-06
1.4137E-11	-1.1970E-11	-4.0105E-07	-2.3947E-06
1.4062E-11	-1.1883E-11	-6.1819E-07	-2.2568E-06
1.3988E-11	-1.1796E-11	-6.5415E-07	-2.0468E-06
1.3914E-11	-1.1710E-11	-3.3541E-07	-2.0406E-06
1.3840E-11	-1.1624E-11	-5.0603E-07	-2.4871E-06
1.3767E-11	-1.1539E-11	-8.7600E-07	-2.2392E-06
1.3694E-11	-1.1455E-11	-7.8247E-07	-2.0970E-06
1.3621E-11	-1.1371E-11	-7.3254E-07	-1.9515E-06
1.3549E-11	-1.1288E-11	-4.5405E-07	-2.0879E-06
1.3477E-11	-1.1205E-11	-5.6199E-07	-2.4294E-06
1.3406E-11	-1.1123E-11	-1.0097E-06	-2.5929E-06
1.3335E-11	-1.1042E-11	-1.3863E-06	-2.1205E-06
1.3264E-11	-1.0961E-11	-1.2089E-06	-1.8755E-06
1.3194E-11	-1.0880E-11	-1.2848E-06	-1.5383E-06
1.3124E-11	-1.0801E-11	-6.6263E-07	-1.2833E-06
1.3054E-11	-1.0721E-11	-4.2212E-07	-1.7339E-06
1.2984E-11	-1.0643E-11	-5.5948E-07	-1.9073E-06
1.2915E-11	-1.0565E-11	-6.1742E-07	-1.8169E-06
1.2847E-11	-1.0487E-11	-3.5792E-07	-1.9661E-06
1.2778E-11	-1.0410E-11	-6.2640E-07	-2.2546E-06
1.2710E-11	-1.0334E-11	-7.0039E-07	-2.1801E-06
1.2643E-11	-1.0258E-11	-1.0133E-06	-2.3058E-06
1.2575E-11	-1.0182E-11	-1.1111E-06	-1.7738E-06
1.2509E-11	-1.0107E-11	-6.5337E-07	-1.8485E-06
1.2442E-11	-1.0033E-11	-8.5249E-07	-2.1509E-06
1.2376E-11	-9.9591E-12	-1.1099E-06	-1.9510E-06
1.2310E-11	-9.8858E-12	-1.0100E-06	-1.6535E-06
1.2244E-11	-9.8129E-12	-6.6834E-07	-1.5908E-06
1.2179E-11	-9.7407E-12	-4.4839E-07	-1.9413E-06
1.2114E-11	-9.6689E-12	-7.0407E-07	-2.2190E-06
1.2049E-11	-9.5976E-12	-9.0257E-07	-2.1940E-06
1.1985E-11	-9.5268E-12	-1.0934E-06	-2.1591E-06
1.1921E-11	-9.4565E-12	-1.2191E-06	-1.9561E-06
1.1857E-11	-9.3867E-12	-1.1445E-06	-1.7586E-06
1.1794E-11	-9.3174E-12	-1.0262E-06	-1.7932E-06
1.1731E-11	-9.2486E-12	-1.1411E-06	-1.7269E-06
1.1668E-11	-9.1803E-12	-9.6942E-07	-1.5923E-06
1.1606E-11	-9.1124E-12	-9.1651E-07	-1.6504E-06
1.1543E-11	-9.0451E-12	-7.5970E-07	-1.6879E-06
1.1482E-11	-8.9782E-12	-8.8949E-07	-1.8953E-06
1.1420E-11	-8.9117E-12	-9.1943E-07	-1.7564E-06
1.1359E-11	-8.8458E-12	-9.3928E-07	-1.8919E-06
1.1298E-11	-8.7803E-12	-1.0047E-06	-1.7346E-06
1.1238E-11	-8.7153E-12	-8.8461E-07	-1.8716E-06
1.1177E-11	-8.6507E-12	-1.0586E-06	-1.8984E-06
1.1118E-11	-8.5866E-12	-1.0856E-06	-1.9367E-06
1.1058E-11	-8.5229E-12	-1.3048E-06	-1.8893E-06
1.0999E-11	-8.4597E-12	-1.3306E-06	-1.8464E-06
1.0940E-11	-8.3970E-12	-1.7597E-06	-1.7532E-06
1.0881E-11	-8.3346E-12	-1.7643E-06	-1.0098E-06
1.0822E-11	-8.2727E-12	-1.2116E-06	-8.1423E-07
1.0764E-11	-8.2113E-12	-9.4616E-07	-8.7423E-07
1.0706E-11	-8.1503E-12	-7.6305E-07	-1.0623E-06
1.0649E-11	-8.0897E-12	-9.2584E-07	-9.9820E-07
1.0592E-11	-8.0296E-12	-4.7620E-07	-6.8736E-07
1.0535E-11	-7.9698E-12	1.0238E-08	-1.1903E-06
1.0478E-11	-7.9105E-12	-2.0237E-07	-1.6417E-06
1.0422E-11	-7.8516E-12	-3.7307E-07	-1.7017E-06
1.0366E-11	-7.7932E-12	-4.8466E-07	-1.8273E-06
1.0310E-11	-7.7351E-12	-6.6714E-07	-1.7663E-06
1.0254E-11	-7.6775E-12	-6.5142E-07	-1.7635E-06
1.0199E-11	-7.6203E-12	-8.2105E-07	-1.6544E-06
1.0144E-11	-7.5634E-12	-4.9217E-07	-1.4756E-06
1.0089E-11	-7.5070E-12	-3.1913E-07	-1.8860E-06
1.0035E-11	-7.4510E-12	-4.9570E-07	-2.2612E-06
9.9810E-12	-7.3954E-12	-1.1997E-06	-2.4188E-06
9.9271E-12	-7.3401E-12	-1.3964E-06	-1.6067E-06
9.8736E-12	-7.2853E-12	-8.7979E-07	-1.7232E-06
9.8203E-12	-7.2308E-12	-1.2882E-06	-1.7551E-06
9.7673E-12	-7.1768E-12	-1.0062E-06	-1.4044E-06
9.7145E-12	-7.1231E-12	-9.4451E-07	-1.6771E-06
9.6621E-12	-7.0698E-12	-9.9670E-07	-1.5977E-06
9.6099E-12	-7.0169E-12	-1.0660E-06	-1.7683E-06
9.5579E-12	-6.9643E-12	-1.3036E-06	-1.5133E-06
9.5063E-12	-6.9121E-12	-1.1260E-06	-1.3958E-06
9.4549E-12	-6.8603E-12	-1.2081E-06	-1.2587E-06
9.4037E-12	-6.8089E-12	-8.0328E-07	-1.0495E-06
9.3528E-12	-6.7579E-12	-6.0603E-07	-1.4956E-06
9.3022E-12	-6.7071E-12	-9.4556E-07	-1.5694E-06
9.2519E-12	-6.6568E-12	-8.3334E-07	-1.3496E-06
9.2018E-12	-6.6068E-12	-7.4642E-07	-1.6413E-06
9.1519E-12	-6.5572E-12	-1.1081E-06	-1.5410E-06
9.1023E-12	-6.5079E-12	-8.3675E-07	-1.2440E-06
9.0530E-12	-6.4590E-12	-6.0409E-07	-1.5675E-06
9.0039E-12	-6.4104E-12	-8.8574E-07	-1.8576E-06
8.9551E-12	-6.3622E-12	-1.2541E-06	-1.6149E-06
8.9065E-12	-6.3143E-12	-1.0491E-06	-1.3330E-06
8.8582E-12	-6.2668E-12	-9.7526E-07	-1.4283E-06
8.8101E-12	-6.2196E-12	-9.0863E-07	-1.4086E-06
8.7623E-12	-6.1727E-12	-9.8942E-07	-1.5962E-06
8.7147E-12	-6.1262E-12	-1.2603E-06	-1.3945E-06
8.6674E-12	-6.0800E-12	-1.0642E-06	-1.0045E-06
8.6203E-12	-6.0341E-12	-5.8916E-07	-1.1055E-06
8.5734E-12	-5.9886E-12	-5.6144E-07	-1.4308E-06
8.5268E-12	-5.9434E-12	-4.8567E-07	-1.6371E-06
8.4805E-12	-5.8985E-12	-8.6208E-07	-2.0678E-06
8.4344E-12	-5.8539E-12	-1.3105E-06	-1.6769E-06
8.3885E-12	-5.8097E-12	-1.0690E-06	-1.4949E-06
8.3428E-12	-5.7657E-12	-1.1650E-06	-1.5838E-06
8.2974E-12	-5.7221E-12	-1.1427E-06	-1.3220E-06
8.2522E-12	-5.6788E-12	-7.2678E-07	-1.5546E-06
8.2073E-12	-5.6358E-12	-1.2578E-06	-2.1778E-06
8.1626E-12	-5.5931E-12	-2.0102E-06	-1.5528E-06
8.1181E-12	-5.5507E-12	-1.6538E-06	-9.1874E-07
8.0739E-12	-5.5087E-12	-1.3612E-06	-9.3040E-07
8.0298E-12	-5.4669E-12	-1.3147E-06	-8.8676E-07
7.9860E-12	-5.4254E-12	-1.1605E-06	-7.6188E-07
7.9425E-12	-5.3842E-12	-9.5272E-07	-7.9932E-07
7.8991E-12	-5.3434E-12	-8.6171E-07	-9.3968E-07
7.8560E-12	-5.3028E-12	-1.0055E-06	-9.7349E-07
7.8131E-12	-5.2625E-12	-8.4085E-07	-6.8702E-07
7.7705E-12	-5.2225E-12	-4.8785E-07	-9.8214E-07
7.7280E-12	-5.1827E-12	-7.6623E-07	-1.1808E-06
7.6858E-12	-5.1433E-12	-7.3994E-07	-9.2919E-07
7.6438E-12	-5.1041E-12	-4.4414E-07	-1.0300E-06
7.6020E-12	-5.0653E-12	-4.3990E-07	-1.2616E-06
7.5605E-12	-5.0267E-12	-3.0815E-07	-1.4338E-06
7.5191E-12	-4.9884E-12	-6.0714E-07	-2.0530E-06
7.4780E-12	-4.9503E-12	-1.3980E-06	-1.7299E-06
7.4371E-12	-4.9126E-12	-1.1812E-06	-1.2687E-06
7.3963E-12	-4.8751E-12	-1.2506E-06	-1.3014E-06
7.3559E-12	-4.8379E-12	-1.1332E-06	-9.0921E-07
7.3156E-12	-4.8009E-12	-6.9162E-07	-1.0910E-06
7.2755E-12	-4.7642E-12	-8.8739E-07	-1.5216E-06
7.2356E-12	-4.7278E-12	-1.3475E-06	-1.3438E-06
7.1960E-12	-4.6916E-12	-1.2453E-06	-9.4409E-07
7.1565E-12	-4.6558E-12	-1.0888E-06	-9.4580E-07
7.1173E-12	-4.6201E-12	-1.0659E-06	-8.1437E-07
7.0782E-12	-4.5847E-12	-7.9997E-07	-7.7210E-07
7.0394E-12	-4.5496E-12	-7.2267E-07	-1.0171E-06
7.0008E-12	-4.5147E-12	-9.4792E-07	-1.0327E-06
6.9624E-12	-4.4801E-12	-9.1321E-07	-7.6983E-07
6.9241E-12	-4.4457E-12	-6.9370E-07	-7.4178E-07
6.8861E-12	-4.4116E-12	-5.9911E-07	-7.2038E-07
6.8483E-12	-4.3778E-12	-2.7852E-07	-7.1288E-07
6.8106E-12	-4.3441E-12	-7.6819E-08	-1.0835E-06
6.7732E-12	-4.3107E-12	-1.2106E-07	-1.2830E-06
6.7360E-12	-4.2776E-12	-1.9324E-08	-1.6955E-06
6.6989E-12	-4.2447E-12	-6.2864E-07	-2.1285E-06
6.6621E-12	-4.2120E-12	-1.1093E-06	-1.7010E-06
6.6254E-12	-4.1796E-12	-9.7949E-07	-1.4293E-06
6.5890E-12	-4.1474E-12	-8.9258E-07	-1.4646E-06
6.5527E-12	-4.1155E-12	-1.0641E-06	-1.5364E-06
6.5166E-12	-4.0837E-12	-1.1782E-06	-1.2182E-06
6.4807E-12	-4.0522E-12	-8.6061E-07	-1.1342E-06
6.4450E-12	-4.0210E-12	-8.5622E-07	-1.3444E-06
6.4095E-12	-3.9899E-12	-9.4774E-07	-1.2830E-06
6.3742E-12	-3.9591E-12	-8.1762E-07	-1.2845E-06
6.3391E-12	-3.9285E-12	-8.4727E-07	-1.5013E-06
6.3041E-12	-3.8981E-12	-1.0929E-06	-1.5634E-06
6.2693E-12	-3.8680E-12	-1.3059E-06	-1.4177E-06
6.2348E-12	-3.8381E-12	-1.3317E-06	-1.1756E-06
6.2003E-12	-3.8084E-12	-1.2406E-06	-1.0428E-06
6.1661E-12	-3.7789E-12	-1.1463E-06	-9.8590E-07
6.1321E-12	-3.7496E-12	-1.1025E-06	-9.2664E-07
6.0982E-12	-3.7205E-12	-8.9668E-07	-9.1318E-07
6.0645E-12	-3.6917E-12	-9.6675E-07	-1.1184E-06
6.0310E-12	-3.6630E-12	-1.0150E-06	-9.0392E-07
5.9977E-12	-3.6346E-12	-8.0668E-07	-9.7259E-07
5.9645E-12	-3.6063E-12	-7.5382E-07	-1.0675E-06
5.9316E-12	-3.5783E-12	-8.5641E-07	-1.4018E-06
5.8988E-12	-3.5505E-12	-1.3695E-06	-1.2048E-06
5.8661E-12	-3.5229E-12	-1.2977E-06	-6.9113E-07
5.8337E-12	-3.4955E-12	-8.1151E-07	-3.6909E-07
5.8014E-12	-3.4683E-12	-2.1399E-07	-8.1083E-07
5.7693E-12	-3.4412E-12	-3.8997E-07	-1.2769E-06
5.7373E-12	-3.4144E-12	-5.0950E-07	-1.5649E-06
5.7055E-12	-3.3878E-12	-1.0429E-06	-1.7156E-06
5.6739E-12	-3.3614E-12	-1.4221E-06	-1.4024E-06
5.6425E-12	-3.3351E-12	-1.4330E-06	-7.5705E-07
5.6112E-12	-3.3091E-12	-7.4916E-07	-7.9175E-07
5.5801E-12	-3.2833E-12	-1.0869E-06	-1.0402E-06
5.5492E-12	-3.2576E-12	-7.6472E-07	-6.0308E-07
5.5184E-12	-3.2321E-12	-4.7642E-07	-1.0228E-06
5.4878E-12	-3.2068E-12	-4.7943E-07	-1.2920E-06
5.4573E-12	-3.1817E-12	-9.4254E-07	-1.6637E-06
5.4270E-12	-3.1568E-12	-1.3217E-06	-1.1778E-06
5.3969E-12	-3.1321E-12	-1.1777E-06	-9.0089E-07
5.3669E-12	-3.1075E-12	-8.6707E-07	-6.7899E-07
5.3371E-12	-3.0832E-12	-6.0951E-07	-9.6517E-07
5.3075E-12	-3.0590E-12	-6.1522E-07	-1.0358E-06
5.2780E-12	-3.0349E-12	-5.6241E-07	-1.3209E-06
5.2486E-12	-3.0111E-12	-8.1440E-07	-1.3975E-06
5.2195E-12	-2.9874E-12	-9.1471E-07	-1.3979E-06
5.1904E-12	-2.9639E-12	-1.0247E-06	-1.3111E-06
5.1616E-12	-2.9406E-12	-1.0471E-06	-1.3280E-06
5.1328E-12	-2.9175E-12	-1.2286E-06	-1.2174E-06
5.1043E-12	-2.8945E-12	-1.1810E-06	-9.6374E-07
5.0759E-12	-2.8717E-12	-9.2422E-07	-8.6486E-07
5.0476E-12	-2.8491E-12	-7.2189E-07	-1.0602E-06
5.0195E-12	-2.8266E-12	-7.9615E-07	-1.3276E-06
4.9915E-12	-2.8043E-12	-1.1083E-06	-1.3182E-06
4.9637E-12	-2.7821E-12	-1.0450E-06	-1.0729E-06
4.9361E-12	-2.7602E-12	-9.9082E-07	-1.1373E-06
4.9086E-12	-2.7384E-12	-8.4888E-07	-1.0690E-06
4.8812E-12	-2.7167E-12	-8.4834E-07	-1.4203E-06
4.8540E-12	-2.6952E-12	-1.0724E-06	-1.3479E-06
4.8269E-12	-2.6739E-12	-1.1377E-06	-1.5310E-06
4.8000E-12	-2.6527E-12	-1.5733E-06	-1.2353E-06
4.7732E-12	-2.6317E-12	-1.2434E-06	-9.3198E-07
4.7465E-12	-2.6108E-12	-1.2229E-06	-1.0615E-06
4.7200E-12	-2.5901E-12	-1.1384E-06	-9.4541E-07
4.6937E-12	-2.5695E-12	-1.0191E-06	-1.1157E-06
4.6674E-12	-2.5491E-12	-1.1918E-06	-1.2567E-06
4.6414E-12	-2.5289E-12	-1.3685E-06	-1.1156E-06
4.6154E-12	-2.5088E-12	-1.2938E-06	-9.7340E-07
4.5896E-12	-2.4888E-12	-1.2113E-06	-1.0055E-06
4.5640E-12	-2.4690E-12	-1.2988E-06	-1.0979E-06
4.5384E-12	-2.4493E-12	-1.4028E-06	-9.2669E-07
4.5131E-12	-2.4298E-12	-1.2723E-06	-9.7559E-07
4.4878E-12	-2.4104E-12	-1.6309E-06	-9.3575E-07
4.4627E-12	-2.3912E-12	-1.4596E-06	-3.5377E-07
4.4377E-12	-2.3721E-12	-9.5531E-07	-4.8945E-07
4.4129E-12	-2.3532E-12	-9.1565E-07	-6.7846E-07
4.3882E-12	-2.3344E-12	-8.1882E-07	-9.3772E-07
4.3636E-12	-2.3157E-12	-1.2600E-06	-1.1321E-06
4.3391E-12	-2.2972E-12	-1.4870E-06	-6.1946E-07
4.3148E-12	-2.2788E-12	-1.0539E-06	-2.0976E-07
4.2906E-12	-2.2606E-12	-3.3619E-07	-4.4196E-07
4.2666E-12	-2.2424E-12	-3.0887E-07	-1.3064E-06
4.2427E-12	-2.2245E-12	-9.6811E-07	-1.5918E-06
4.2189E-12	-2.2066E-12	-1.4091E-06	-1.3257E-06
4.1952E-12	-2.1889E-12	-1.4163E-06	-9.4661E-07
4.1717E-12	-2.1713E-12	-1.2745E-06	-8.6274E-07
4.1482E-12	-2.1539E-12	-1.1436E-06	-8.2276E-07
4.1250E-12	-2.1366E-12	-1.1207E-06	-1.0764E-06
4.1018E-12	-2.1194E-12	-1.4892E-06	-1.0415E-06
4.0788E-12	-2.1023E-12	-1.5801E-06	-6.5525E-07
4.0558E-12	-2.0854E-12	-1.2342E-06	-3.2935E-07
4.0331E-12	-2.0686E-12	-8.5763E-07	-6.3910E-07
4.0104E-12	-2.0519E-12	-1.1193E-06	-7.8949E-07
3.9878E-12	-2.0353E-12	-1.0075E-06	-6.1367E-07
3.9654E-12	-2.0189E-12	-9.2870E-07	-7.7049E-07
3.9431E-12	-2.0026E-12	-9.2608E-07	-7.5063E-07
3.9209E-12	-1.9864E-12	-7.6755E-07	-9.3633E-07
3.8989E-12	-1.9703E-12	-1.0400E-06	-1.2528E-06
3.8769E-12	-1.9544E-12	-1.4047E-06	-9.9696E-07
3.8551E-12	-1.9386E-12	-1.2326E-06	-7.8851E-07
3.8334E-12	-1.9229E-12	-1.3066E-06	-8.5851E-07
3.8118E-12	-1.9073E-12	-1.3135E-06	-5.5238E-07
3.7904E-12	-1.8918E-12	-9.2327E-07	-5.4149E-07
3.7690E-12	-1.8764E-12	-8.6486E-07	-8.9553E-07
3.7478E-12	-1.8612E-12	-1.1230E-06	-9.9807E-07
3.7266E-12	-1.8461E-12	-1.2280E-06	-8.6855E-07
3.7056E-12	-1.8311E-12	-1.2345E-06	-8.1745E-07
3.6847E-12	-1.8162E-12	-1.2617E-06	-7.4099E-07
3.6639E-12	-1.8014E-12	-1.2658E-06	-6.9453E-07
3.6433E-12	-1.7867E-12	-1.3330E-06	-4.8580E-07
3.6227E-12	-1.7721E-12	-9.9094E-07	-1.9390E-07
3.6023E-12	-1.7577E-12	-4.9842E-07	-3.9240E-07
3.5819E-12	-1.7433E-12	-3.2592E-07	-8.9937E-07
3.5617E-12	-1.7291E-12	-6.1469E-07	-1.3433E-06
3.5416E-12	-1.7150E-12	-9.6926E-07	-1.3492E-06
3.5216E-12	-1.7009E-12	-1.0931E-06	-1.3256E-06
3.5017E-12	-1.6870E-12	-1.2839E-06	-1.3409E-06
3.4819E-12	-1.6732E-12	-1.4799E-06	-1.2197E-06
3.4622E-12	-1.6595E-12	-1.5306E-06	-1.0505E-06
3.4427E-12	-1.6459E-12	-1.5269E-06	-9.8169E-07
3.4232E-12	-1.6324E-12	-1.6226E-06	-9.9024E-07
3.4038E-12	-1.6190E-12	-1.9091E-06	-7.1604E-07
3.3846E-12	-1.6057E-12	-1.5756E-06	-1.5399E-07
3.3654E-12	-1.5925E-12	-1.0297E-06	-4.4981E-07
3.3464E-12	-1.5794E-12	-1.2902E-06	-7.4637E-07
3.3274E-12	-1.5664E-12	-1.3761E-06	-4.8048E-07
3.3086E-12	-1.5535E-12	-1.1289E-06	-4.4081E-07
3.2899E-12	-1.5407E-12	-1.0586E-06	-5.7123E-07
3.2712E-12	-1.5279E-12	-1.0153E-06	-6.4453E-07
3.2527E-12	-1.5153E-12	-1.0448E-06	-7.7717E-07
3.2343E-12	-1.5028E-12	-1.1017E-06	-8.2127E-07
3.2159E-12	-1.4904E-12	-1.2179E-06	-9.3294E-07
3.1977E-12	-1.4781E-12	-1.4630E-06	-7.9626E-07
3.1796E-12	-1.4658E-12	-1.3703E-06	-5.1301E-07
3.1615E-12	-1.4537E-12	-1.1449E-06	-5.4192E-07
3.1436E-12	-1.4417E-12	-1.1013E-06	-6.3596E-07
3.1258E-12	-1.4297E-12	-1.0797E-06	-8.1381E-07
3.1080E-12	-1.4178E-12	-1.4441E-06	-8.0907E-07
3.0904E-12	-1.4061E-12	-1.2847E-06	-3.2812E-07
3.0728E-12	-1.3944E-12	-8.3327E-07	-5.7566E-07
3.0554E-12	-1.3828E-12	-9.9141E-07	-9.2270E-07
3.0380E-12	-1.3713E-12	-1.2327E-06	-8.5799E-07
3.0208E-12	-1.3598E-12	-1.0439E-06	-7.5754E-07
3.0036E-12	-1.3485E-12	-1.1105E-06	-1.2063E-06
2.9865E-12	-1.3373E-12	-1.6638E-06	-1.1014E-06
2.9696E-12	-1.3261E-12	-1.7264E-06	-6.9827E-07
2.9527E-12	-1.3150E-12	-1.5461E-06	-4.5788E-07
2.9359E-12	-1.3040E-12	-1.3459E-06	-5.0363E-07
2.9192E-12	-1.2931E-12	-1.3129E-06	-5.2390E-07
2.9026E-12	-1.2823E-12	-1.2630E-06	-6.4114E-07
2.8860E-12	-1.2716E-12	-1.4304E-06	-6.4443E-07
2.8696E-12	-1.2609E-12	-1.5156E-06	-4.9848E-07
2.8533E-12	-1.2503E-12	-1.4231E-06	-1.2638E-07
2.8370E-12	-1.2398E-12	-8.2709E-07	-1.5919E-07
2.8209E-12	-1.2294E-12	-7.7645E-07	-6.4827E-07
2.8048E-12	-1.2191E-12	-9.0520E-07	-7.7546E-07
2.7888E-12	-1.2088E-12	-1.0431E-06	-9.4970E-07
2.7729E-12	-1.1987E-12	-1.2679E-06	-8.1996E-07
2.7571E-12	-1.1886E-12	-1.0613E-06	-7.3268E-07
2.7414E-12	-1.1785E-12	-1.1064E-06	-1.0494E-06
2.7258E-12	-1.1686E-12	-1.3762E-06	-1.0087E-06
2.7102E-12	-1.1587E-12	-1.4539E-06	-9.8370E-07
2.6948E-12	-1.1489E-12	-1.6676E-06	-8.0233E-07
2.6794E-12	-1.1392E-12	-1.4905E-06	-5.3387E-07
2.6641E-12	-1.1296E-12	-1.2974E-06	-6.2747E-07
2.6489E-12	-1.1200E-12	-1.3102E-06	-7.5338E-07
2.6338E-12	-1.1105E-12	-1.3983E-06	-7.8944E-07
2.6187E-12	-1.1011E-12	-1.4584E-06	-7.6026E-07
2.6038E-12	-1.0918E-12	-1.5138E-06	-7.3142E-07
2.5889E-12	-1.0825E-12	-1.6107E-06	-5.7811E-07
2.5741E-12	-1.0733E-12	-1.3270E-06	-3.0192E-07
2.5594E-12	-1.0641E-12	-9.2585E-07	-7.3222E-07
2.5448E-12	-1.0551E-12	-1.4327E-06	-1.1324E-06
2.5302E-12	-1.0461E-12	-1.7187E-06	-6.8221E-07
2.5157E-12	-1.0372E-12	-1.4362E-06	-5.5894E-07
2.5014E-12	-1.0283E-12	-1.4478E-06	-6.1946E-07
2.4870E-12	-1.0195E-12	-1.2947E-06	-5.4583E-07
2.4728E-12	-1.0108E-12	-1.1922E-06	-8.2008E-07
2.4587E-12	-1.0022E-12	-1.4471E-06	-1.0118E-06
2.4446E-12	-9.9358E-13	-1.8032E-06	-8.7239E-07
2.4306E-12	-9.8506E-13	-1.8309E-06	-4.0176E-07
2.4167E-12	-9.7661E-13	-1.4315E-06	-1.3577E-07
2.4028E-12	-9.6823E-13	-9.4192E-07	-2.9581E-07
2.3891E-12	-9.5991E-13	-8.6584E-07	-7.2518E-07
2.3754E-12	-9.5165E-13	-8.6486E-07	-8.4796E-07
2.3618E-12	-9.4346E-13	-7.8884E-07	-1.2332E-06
2.3482E-12	-9.3534E-13	-1.0241E-06	-1.6037E-06
2.3347E-12	-9.2727E-13	-1.5001E-06	-1.9010E-06
2.3214E-12	-9.1927E-13	-2.0721E-06	-1.6715E-06
2.3080E-12	-9.1134E-13	-2.2699E-06	-1.3195E-06
2.2948E-12	-9.0346E-13	-2.2042E-06	-8.6449E-07
2.2816E-12	-8.9564E-13	-1.8028E-06	-9.2412E-07
2.2685E-12	-8.8789E-13	-1.9240E-06	-1.1449E-06
2.2555E-12	-8.8020E-13	-2.0524E-06	-1.1487E-06
2.2426E-12	-8.7256E-13	-2.1752E-06	-1.0081E-06
2.2297E-12	-8.6499E-13	-1.9853E-06	-1.0033E-06
2.2169E-12	-8.5748E-13	-2.1402E-06	-1.2792E-06
2.2041E-12	-8.5002E-13	-2.5302E-06	-1.1641E-06
2.1915E-12	-8.4262E-13	-2.4712E-06	-7.1402E-07
2.1789E-12	-8.3528E-13	-2.0483E-06	-9.0521E-07
2.1664E-12	-8.2800E-13	-2.2608E-06	-1.2694E-06
2.1539E-12	-8.2078E-13	-2.5180E-06	-1.4747E-06
2.1415E-12	-8.1361E-13	-3.1837E-06	-1.4610E-06
2.1292E-12	-8.0650E-13	-3.4471E-06	-9.9911E-07
