jMRUI Data Textfile

Filename: Export_to_jmrui.txt

PointsInDataset: 2048
DatasetsInFile: 1
SamplingInterval: 0.250000
ZeroOrderPhase: 0E0
BeginTime: 0E0
TransmitterFrequency: 1.2326E8
MagneticField: 2.8936E0
TypeOfNucleus:  
NameOfPatient:  
DateOfExperiment:  
Spectrometer:  
AdditionalInfo: 
SignalNames:  


Signal and FFT
sig(real)	sig(imag)	fft(real)	fft(imag)
Signal 1 out of 1 in file
3.8300E-06	1.9779E-07	-3.4450E-06	1.8734E-06
6.7422E-06	-1.4599E-06	-3.3043E-06	1.2443E-06
4.4222E-06	-3.1956E-06	-3.0253E-06	1.9712E-06
2.5773E-06	-4.1146E-06	-2.1180E-06	2.2052E-06
-3.5923E-07	-4.0929E-06	-1.5062E-06	9.6226E-07
-2.1137E-06	-2.8692E-06	-2.7075E-06	1.3369E-06
-3.1175E-06	-1.1849E-06	-1.4454E-06	1.0564E-06
-2.4084E-06	4.3395E-07	-3.7431E-06	7.6726E-07
-1.2311E-06	1.2624E-06	-2.2242E-06	3.4487E-06
4.0249E-07	1.1377E-06	-1.0235E-06	1.5727E-06
1.2303E-06	4.7093E-07	-1.7352E-06	1.6855E-06
1.6273E-06	-3.9543E-07	-1.6853E-06	1.5019E-06
1.1750E-06	-1.0478E-06	-1.9153E-06	1.9427E-06
6.4480E-07	-1.2919E-06	-1.5298E-06	2.3585E-06
-2.1145E-07	-1.2806E-06	-5.8813E-07	2.1340E-06
-6.4088E-07	-1.0159E-06	-1.0223E-06	1.3083E-06
-1.0519E-06	-6.0430E-07	-9.5718E-07	1.7627E-06
-9.2923E-07	-2.9841E-07	-1.1370E-06	1.1380E-06
-8.8926E-07	-5.2302E-09	-1.5506E-06	2.1350E-06
-7.3699E-07	9.8403E-08	-1.7148E-08	2.3547E-06
-7.7869E-07	2.3420E-07	4.3774E-07	4.3837E-07
-6.4123E-07	4.0285E-07	-1.6179E-06	-1.2009E-07
-6.4953E-07	5.3394E-07	-1.8681E-06	1.3810E-06
-3.4625E-07	5.9883E-07	-1.3608E-06	1.3283E-06
-2.1883E-07	4.9647E-07	-1.6163E-06	1.3191E-06
8.1990E-08	3.5031E-07	-1.8017E-06	2.0033E-06
2.0533E-07	4.2967E-08	-7.1005E-07	2.2515E-06
2.1182E-07	-1.5938E-07	-8.2471E-07	1.3588E-06
-9.0378E-08	-2.6431E-07	-1.2027E-06	1.7298E-06
-3.4305E-07	-1.3349E-07	-8.3252E-07	2.0783E-06
-6.1859E-07	1.6869E-07	-1.7821E-07	1.5186E-06
-6.2644E-07	4.8333E-07	-1.0124E-06	1.0171E-06
-4.9165E-07	7.3959E-07	-1.0142E-06	1.6188E-06
-1.4864E-07	8.7244E-07	-9.1125E-07	1.5104E-06
1.0720E-07	7.8405E-07	-9.0315E-07	1.3426E-06
3.9191E-07	5.3311E-07	-1.5531E-06	1.6220E-06
4.2481E-07	4.0504E-07	-1.0327E-06	2.3315E-06
4.6432E-07	2.8634E-07	-5.1667E-07	2.3519E-06
3.0127E-07	1.6096E-07	-3.3358E-08	1.5691E-06
3.2018E-07	1.8676E-07	-8.5468E-07	1.9613E-06
3.1116E-07	1.5200E-07	7.2616E-07	1.3478E-06
4.3805E-07	8.9289E-08	-1.8581E-06	4.1641E-07
4.4686E-07	-1.3697E-07	-7.1639E-07	3.1520E-06
3.8510E-07	-4.0587E-07	3.0136E-07	1.0890E-06
1.6157E-07	-5.4653E-07	-9.6155E-07	1.3192E-06
-6.9707E-08	-6.0144E-07	-6.6625E-07	2.0156E-06
-3.4026E-07	-4.0122E-07	2.0777E-07	1.1183E-06
-4.0401E-07	-1.1202E-07	-2.0287E-06	1.0271E-06
-4.0762E-07	2.2254E-07	-5.2468E-07	3.0152E-06
-1.5510E-07	3.5082E-07	-7.6608E-07	1.8627E-06
7.3881E-08	3.9201E-07	7.1585E-07	3.1571E-06
3.1157E-07	1.4978E-07	2.9029E-07	5.5140E-07
3.0741E-07	-1.2108E-07	1.1512E-07	2.4580E-06
1.7995E-07	-3.4502E-07	6.3937E-07	1.0984E-07
-1.3953E-07	-4.6307E-07	-7.5155E-07	1.4854E-06
-3.9557E-07	-3.6179E-07	-2.2205E-07	4.4708E-07
-5.9114E-07	-1.1942E-07	-1.2236E-06	2.0539E-06
-5.2045E-07	1.4116E-07	3.0448E-07	1.1444E-06
-3.5633E-07	3.8800E-07	-9.7526E-07	1.4710E-06
-5.2940E-08	4.1562E-07	-1.2523E-07	1.3809E-06
1.4162E-07	3.1378E-07	-8.0081E-07	1.4626E-06
2.8873E-07	1.2749E-07	-7.6622E-07	1.8662E-06
1.8287E-07	-1.1886E-07	6.0217E-07	2.7030E-06
5.5375E-08	-2.0006E-07	5.7945E-07	-2.3761E-07
-1.9731E-07	-1.6170E-07	-1.5244E-06	2.1304E-06
-2.7638E-07	-3.0071E-08	1.3706E-06	1.0654E-06
-2.7932E-07	1.1689E-07	-1.4917E-06	3.0716E-07
-1.8688E-07	2.2195E-07	-4.9164E-07	2.0347E-06
-8.0248E-08	2.2491E-07	-1.6647E-07	1.4942E-06
1.8534E-08	1.3146E-07	9.9329E-08	8.2276E-07
3.2545E-08	-2.0887E-08	-1.0556E-06	1.0524E-06
-3.9273E-08	-2.6841E-08	-3.4793E-07	1.1577E-06
-1.4443E-07	3.0036E-09	-1.5142E-06	1.3454E-06
-2.3617E-07	5.2781E-08	-1.8043E-07	2.2769E-06
-1.8784E-07	2.1068E-07	-3.6480E-07	8.8034E-07
-2.8189E-08	2.7155E-07	-1.3097E-06	1.8265E-06
8.6338E-08	2.5714E-07	2.4330E-07	2.4412E-06
2.0188E-07	1.7661E-07	-6.1170E-08	2.9662E-07
1.8559E-07	4.7756E-08	-1.6856E-06	2.0965E-06
1.5476E-07	-4.6390E-08	4.4585E-07	1.9146E-06
-4.4256E-08	-1.2292E-07	-9.2181E-07	1.2351E-06
-5.6307E-08	-4.0165E-08	-4.1020E-07	2.0302E-06
-1.3842E-07	7.0785E-08	-3.4416E-07	2.1525E-06
-7.6181E-08	1.9936E-07	8.1492E-07	1.3521E-06
5.2749E-08	1.8652E-07	-1.1322E-06	6.1793E-07
2.0814E-07	1.7797E-07	-6.1651E-07	2.4154E-06
2.5345E-07	-4.0436E-08	2.0405E-07	1.2990E-06
1.9805E-07	-1.9470E-07	-1.1916E-06	9.3604E-07
9.6816E-08	-2.9843E-07	-1.3619E-06	3.1208E-06
-3.6786E-08	-3.0773E-07	1.2140E-06	2.5399E-06
-2.0250E-07	-1.6402E-07	2.9700E-08	1.1468E-06
-2.7251E-07	-2.2737E-08	4.1831E-07	1.7203E-06
-2.1573E-07	1.7391E-07	-1.1921E-07	7.1484E-07
1.8379E-08	2.7460E-07	-7.6031E-07	1.4786E-06
1.5097E-07	2.7356E-07	-4.9303E-07	2.1452E-06
2.8999E-07	1.5115E-07	6.4856E-07	2.2011E-06
2.9820E-07	-7.4842E-08	1.0997E-06	1.0190E-06
2.2249E-07	-2.0216E-07	1.8195E-07	-3.2403E-07
3.9483E-08	-2.8778E-07	-1.5092E-06	6.6005E-07
-6.3658E-08	-2.9855E-07	-6.2922E-07	1.2320E-06
-1.6599E-07	-2.5108E-07	-1.2765E-06	1.3291E-06
-1.5884E-07	-1.2382E-07	-2.0986E-07	1.4684E-06
-1.5150E-07	-3.9824E-08	-1.4733E-06	6.2907E-07
-1.2117E-07	-4.2509E-08	-1.6823E-06	1.9841E-06
-1.0475E-07	-5.8904E-08	-1.4408E-06	2.6947E-06
-1.2835E-07	-3.3864E-08	3.3059E-07	2.7681E-06
-1.4815E-07	-1.4731E-08	-2.9494E-07	1.1794E-06
-1.5297E-07	1.5841E-08	-6.8835E-07	1.7090E-06
-1.2502E-07	1.1426E-07	-1.3359E-06	1.8576E-06
-5.5104E-09	1.7464E-07	-2.5714E-07	2.8001E-06
4.9246E-08	1.3846E-07	-6.3759E-07	1.5081E-06
1.0981E-07	7.2624E-08	-8.6586E-07	2.9609E-06
2.0471E-07	-7.5099E-08	8.9925E-08	2.6706E-06
1.1487E-07	-1.6595E-07	7.8195E-07	2.5681E-06
-2.0684E-08	-1.9593E-07	6.4109E-07	1.0225E-06
-1.4314E-07	-1.6261E-07	-2.4457E-07	1.2464E-06
-2.2258E-07	-6.8479E-08	-7.7605E-07	1.1058E-06
-1.7563E-07	3.4012E-08	-8.3531E-07	2.0042E-06
-1.3274E-07	1.2288E-07	-1.2840E-06	1.6806E-06
7.6242E-09	1.5883E-07	-8.0880E-07	3.9222E-06
1.1965E-07	1.2773E-07	1.3871E-06	2.1681E-06
2.0756E-07	3.3565E-08	-1.8720E-07	1.7136E-06
1.6400E-07	-9.5197E-08	4.9345E-07	1.6299E-06
8.4273E-08	-2.0511E-07	-7.1158E-07	1.5255E-06
-4.7925E-08	-2.4681E-07	2.4385E-07	2.2252E-06
-1.6560E-07	-1.6929E-07	-8.7753E-08	1.0507E-06
-1.7953E-07	-6.2834E-08	-8.2788E-07	1.6615E-06
-1.3169E-07	2.9022E-08	-3.8791E-07	1.9808E-06
-5.1984E-08	1.1721E-07	-5.0703E-07	1.2599E-06
1.9350E-08	1.1917E-07	-1.8004E-06	1.9598E-06
4.2451E-08	7.0373E-08	-9.4300E-07	3.2205E-06
4.4481E-08	-4.0193E-08	-4.0818E-07	3.1684E-06
3.1540E-08	-4.4008E-08	7.9396E-07	3.0620E-06
3.7541E-08	-9.9062E-08	1.0774E-07	1.2858E-06
2.6606E-08	-7.0226E-08	-1.1233E-06	2.9992E-06
5.2994E-08	-4.7478E-08	9.3841E-07	3.1576E-06
1.3618E-07	-1.5217E-08	2.3871E-07	1.7607E-06
1.4336E-07	-2.8016E-08	-1.5487E-07	2.9251E-06
1.1982E-07	-7.2147E-08	1.2095E-06	2.6618E-06
1.2380E-07	-1.4745E-07	6.4731E-07	1.4029E-06
3.4096E-08	-1.7744E-07	-1.4440E-07	2.1634E-06
-4.6894E-08	-1.5612E-07	7.1281E-07	2.4350E-06
-1.5198E-07	-1.4033E-07	8.1647E-07	1.6038E-06
-1.0869E-07	-8.1870E-08	-1.4138E-07	1.4425E-06
-1.2484E-07	-3.1036E-08	-6.7422E-08	2.8021E-06
-4.3966E-08	3.4864E-08	1.4642E-06	2.1859E-06
1.6794E-08	1.8883E-08	7.0866E-07	1.2487E-06
7.1857E-08	4.1307E-08	7.4586E-07	1.3240E-06
1.0856E-07	-1.2676E-08	-3.7295E-08	9.5630E-07
7.3664E-08	-8.1363E-08	2.4566E-07	1.8510E-06
1.7519E-08	-1.5087E-07	5.2865E-07	7.6419E-07
1.5686E-08	-1.5304E-07	-5.8149E-07	9.8651E-07
-4.9981E-08	-1.1736E-07	-3.7817E-07	1.3970E-06
-9.6159E-08	-8.8730E-08	-6.0598E-07	1.3057E-06
-6.1117E-08	2.8801E-09	-9.4046E-07	1.6647E-06
-3.4667E-09	-2.0746E-08	-6.5243E-07	2.3544E-06
-1.5489E-09	3.6292E-08	-4.3694E-08	1.8990E-06
3.7847E-08	3.4295E-08	-7.9229E-07	1.8508E-06
1.9640E-08	3.8075E-08	-4.2136E-07	2.5278E-06
3.5415E-08	-4.8836E-08	-2.5403E-07	2.5043E-06
2.5117E-08	-6.4629E-08	6.7886E-07	2.6827E-06
5.0060E-08	-6.9960E-08	5.5825E-07	1.1337E-06
8.8401E-09	-1.2132E-07	-5.4504E-07	1.7860E-06
3.7580E-08	-1.3828E-07	8.5066E-08	1.8546E-06
4.2392E-09	-1.1244E-07	-2.9535E-07	1.7955E-06
-2.0013E-08	-9.8238E-08	-4.1439E-08	1.6767E-06
-6.7410E-08	-3.9362E-08	-7.4909E-07	1.7508E-06
-4.9108E-08	-4.5313E-08	-2.7766E-07	2.4079E-06
-7.0441E-08	3.6104E-08	1.2944E-07	2.0254E-06
-2.9343E-08	2.0583E-08	4.1065E-08	1.3142E-06
5.7784E-08	8.9418E-08	-1.3314E-06	1.4208E-06
1.2373E-07	3.5312E-08	-9.9970E-07	3.0201E-06
1.1089E-07	-1.0811E-09	2.3461E-07	2.7175E-06
1.8067E-07	-4.2551E-08	3.1643E-07	1.8711E-06
1.2851E-07	-6.7797E-08	-4.7669E-07	1.3011E-06
7.4726E-08	-7.3754E-08	-1.3822E-06	2.1653E-06
3.3429E-09	-7.5136E-08	-6.4113E-07	2.9856E-06
2.8892E-08	-5.1425E-08	-4.8134E-07	2.6754E-06
3.9199E-08	-5.2623E-08	-1.8784E-07	3.3263E-06
2.5142E-08	8.1983E-10	6.7550E-07	2.7420E-06
5.9088E-08	-6.3613E-08	6.0291E-07	2.2566E-06
8.3136E-08	-8.8111E-08	2.4898E-07	1.3831E-06
3.9715E-08	-7.1583E-08	-8.7365E-07	2.0699E-06
5.9657E-08	-7.2468E-08	-3.2287E-07	2.3885E-06
5.3673E-08	-1.3567E-07	-7.4669E-07	2.8683E-06
3.8129E-08	-7.6500E-08	4.6865E-07	3.0418E-06
-1.4223E-08	-1.0174E-07	1.6603E-07	2.4726E-06
-3.9957E-09	-6.2117E-08	7.0705E-07	2.3383E-06
-3.9350E-08	-7.3248E-08	-1.9221E-07	1.8225E-06
5.4314E-08	-7.3345E-08	1.3615E-07	2.3377E-06
4.0390E-09	-6.3219E-08	-6.4953E-07	2.1082E-06
-5.9518E-09	-6.9833E-08	4.7449E-07	3.1624E-06
-3.5736E-08	-6.6398E-08	-8.6838E-08	1.2403E-06
-3.5455E-08	-4.4341E-08	-8.6840E-07	3.7341E-06
-7.3361E-08	-3.2418E-08	1.8872E-06	2.3015E-06
-1.0547E-07	-1.3117E-08	-9.4151E-07	1.1366E-06
1.0348E-08	7.0695E-09	-1.0135E-07	3.6495E-06
1.9114E-08	-3.2692E-08	9.2958E-07	1.9317E-06
-5.1866E-10	9.0354E-09	2.6829E-08	2.2733E-06
4.7732E-08	-3.8549E-08	5.2942E-07	1.5186E-06
5.2044E-08	-4.6298E-08	-9.6021E-07	2.0131E-06
-1.1778E-08	-6.4178E-08	3.0795E-07	2.4444E-06
-1.1543E-08	-2.9850E-08	-8.0013E-07	1.7497E-06
-3.9998E-08	-3.1983E-08	-3.3027E-07	2.9096E-06
-3.4031E-08	-2.3587E-08	-5.5442E-07	2.3473E-06
-2.1176E-08	-1.5433E-08	2.9158E-08	3.4718E-06
-4.9646E-09	2.7648E-08	5.7219E-07	1.9631E-06
3.5217E-08	-8.1797E-09	-8.0883E-07	2.4912E-06
2.2837E-08	-8.8445E-09	2.4941E-07	3.3790E-06
2.9418E-08	-3.0591E-08	8.9017E-07	2.0792E-06
4.2960E-08	-3.0898E-08	-6.6100E-07	1.8262E-06
2.7574E-08	-1.6510E-08	-2.2204E-07	3.0372E-06
3.3931E-08	-1.5851E-08	-2.2200E-07	2.3746E-06
4.4070E-08	-3.7740E-09	-2.1511E-07	3.5337E-06
3.8562E-08	-4.8469E-09	1.2239E-06	2.7088E-06
4.9101E-08	1.4369E-08	1.4781E-07	1.4988E-06
1.2823E-08	-5.9851E-10	-8.7674E-07	2.5246E-06
8.7564E-09	-1.7084E-08	1.1184E-07	3.1372E-06
2.9184E-08	6.6098E-09	-1.1461E-07	2.5817E-06
3.5611E-08	-5.4216E-08	3.5365E-07	3.3708E-06
1.8565E-08	1.5376E-09	8.3095E-07	2.0163E-06
3.7086E-08	-1.4730E-08	-6.2650E-07	2.2706E-06
5.1421E-08	-2.4233E-08	1.2695E-07	3.2965E-06
6.4775E-08	-1.5341E-08	5.2641E-07	2.2927E-06
1.5409E-08	-1.2037E-08	-3.7124E-07	2.8346E-06
7.1885E-08	-6.3492E-08	1.1040E-06	2.7098E-06
8.4688E-09	-4.2225E-08	-6.8185E-07	1.3021E-06
-2.8961E-08	-3.8188E-08	-9.0493E-07	3.8455E-06
4.7974E-08	-4.3296E-08	6.6926E-07	3.1227E-06
-3.0683E-08	-1.5154E-08	1.6097E-07	3.0337E-06
-2.0071E-09	-1.7757E-08	6.1773E-07	3.0078E-06
-4.5697E-09	1.3649E-09	7.4570E-07	2.6775E-06
6.8858E-09	-1.0128E-08	2.7173E-07	2.1930E-06
5.4354E-08	1.4287E-08	2.3618E-08	2.8990E-06
2.5630E-08	2.3739E-08	4.9433E-07	2.8189E-06
2.3336E-08	-6.9555E-09	7.2024E-07	2.5053E-06
-1.6071E-08	-5.8399E-08	-1.9498E-07	1.9872E-06
1.2181E-08	-5.6337E-08	-1.0391E-07	3.5003E-06
5.9353E-09	-2.0809E-08	9.3946E-07	2.5958E-06
-8.9748E-10	-7.7188E-08	1.9987E-07	2.4441E-06
-4.8119E-08	-1.2196E-08	-5.4293E-08	2.5836E-06
2.7254E-08	-1.4649E-08	5.2728E-07	3.7236E-06
-9.0925E-09	1.3640E-08	1.9035E-06	1.8103E-06
1.6154E-09	-2.7796E-09	-5.9080E-07	1.0771E-06
-1.8904E-09	-1.1597E-08	-9.1186E-07	2.8247E-06
1.5001E-08	-1.7920E-08	-1.1642E-07	3.3039E-06
1.8756E-08	-1.6257E-08	2.5834E-07	2.7822E-06
3.2744E-08	1.8918E-08	-3.2761E-07	3.0338E-06
-1.5059E-08	6.1460E-09	2.9757E-07	3.4994E-06
-5.2328E-08	1.7121E-08	3.9754E-07	3.1307E-06
-2.3214E-08	3.5023E-08	4.6085E-07	3.6563E-06
-3.5511E-08	8.7012E-09	1.6570E-06	3.2335E-06
-9.5338E-10	4.7753E-08	8.9745E-07	2.1571E-06
1.9953E-09	3.4117E-08	1.0641E-06	2.7595E-06
2.6951E-08	2.7473E-08	6.2201E-07	1.5329E-06
1.5218E-08	3.0744E-08	-9.3419E-08	2.9716E-06
-1.5911E-09	4.7656E-09	1.0294E-06	2.4207E-06
3.0645E-08	4.9351E-08	3.5605E-07	2.4135E-06
6.7247E-09	1.8126E-08	6.6415E-07	2.1376E-06
6.4006E-08	3.0946E-09	1.3555E-07	2.3357E-06
1.7210E-08	-2.0691E-09	2.0900E-07	2.1713E-06
2.4329E-08	7.6821E-09	5.3542E-08	2.9473E-06
3.0560E-08	-9.6993E-09	7.7784E-07	2.0667E-06
2.9557E-08	1.0864E-08	-2.7313E-07	2.6774E-06
3.0419E-08	-3.6757E-08	1.1898E-06	2.2228E-06
2.4138E-08	2.7881E-08	-5.2674E-07	1.3234E-06
2.5193E-09	1.3240E-08	-9.1664E-07	2.5171E-06
1.4530E-08	-2.2600E-09	-7.0739E-07	3.6106E-06
5.9197E-08	-1.2296E-08	1.0266E-06	3.0986E-06
1.1266E-08	1.8768E-08	-2.8031E-07	2.2170E-06
3.4518E-08	-4.9775E-08	1.7807E-07	3.0880E-06
6.6292E-08	-7.1366E-09	-1.6696E-07	2.5812E-06
3.0215E-08	-4.7904E-08	2.3982E-07	3.1236E-06
2.2475E-08	-6.4574E-08	-2.0625E-07	2.4752E-06
-8.8494E-09	-8.1203E-09	-1.9059E-07	3.6917E-06
2.4627E-08	-5.5890E-08	1.0598E-06	3.1976E-06
2.8719E-08	-2.7884E-08	5.8585E-07	1.9491E-06
-4.6566E-09	-2.5856E-08	-7.5349E-07	2.5144E-06
-3.2418E-08	-3.0532E-09	2.1100E-09	3.4182E-06
8.0882E-09	-1.7376E-08	1.2494E-07	2.9572E-06
-2.5016E-09	-1.3040E-08	2.2329E-07	3.0084E-06
2.2007E-08	5.1444E-10	-2.0120E-07	2.8626E-06
3.3602E-08	-2.2960E-08	-4.9708E-08	3.4296E-06
6.2659E-08	-3.7161E-08	3.3524E-08	3.5428E-06
2.6048E-08	-1.0231E-08	9.5986E-07	3.7637E-06
-2.9923E-08	3.2516E-08	9.4066E-07	2.4817E-06
-3.9987E-08	1.3484E-08	9.6159E-08	2.6097E-06
-4.2492E-08	2.9714E-08	-1.8118E-07	3.0102E-06
-2.7050E-08	6.8899E-09	2.7730E-07	3.5462E-06
-3.3350E-09	1.0718E-08	3.4437E-07	2.9914E-06
-1.0010E-08	2.9932E-08	8.3865E-08	3.6541E-06
2.8700E-08	6.6648E-08	9.3417E-07	3.5530E-06
1.3277E-08	3.9993E-08	8.0395E-07	3.1336E-06
8.0484E-09	5.9911E-08	8.6953E-07	3.1477E-06
2.0273E-08	8.2779E-08	1.0258E-06	3.0113E-06
3.7203E-08	1.9583E-08	1.2180E-06	2.3963E-06
4.9877E-08	3.9058E-08	1.1791E-07	1.9029E-06
-2.4876E-08	4.6302E-08	-2.1336E-07	3.1150E-06
-1.4572E-08	2.1380E-08	5.3360E-07	2.9330E-06
2.8519E-08	-5.1191E-10	1.0279E-07	2.8642E-06
-1.8705E-08	-2.6656E-08	2.0059E-07	3.0479E-06
1.4910E-08	1.5471E-08	2.2347E-07	3.3936E-06
-7.6621E-09	-6.9287E-09	7.3345E-07	2.9875E-06
3.5595E-08	2.2653E-08	-6.6322E-08	3.2917E-06
2.7970E-08	-1.4394E-08	1.4669E-06	3.7457E-06
4.7520E-09	1.3408E-08	1.0779E-06	1.6103E-06
-7.6549E-09	3.1792E-08	-9.0111E-07	2.4638E-06
2.1178E-08	2.7298E-08	-2.4867E-07	4.1430E-06
5.5182E-09	6.5384E-08	1.2734E-06	3.9583E-06
-1.1968E-08	3.2435E-08	1.4670E-06	2.5516E-06
3.3935E-08	2.9774E-08	7.3445E-08	2.3305E-06
3.5443E-08	3.3153E-08	5.0089E-07	3.7366E-06
2.7161E-08	4.9664E-08	1.4019E-06	2.2767E-06
4.2432E-08	4.9294E-08	-3.5619E-07	2.4590E-06
2.9420E-08	-2.4344E-08	4.4557E-07	3.3758E-06
2.1508E-08	1.4990E-08	6.6216E-07	3.0348E-06
2.6281E-08	3.6476E-09	6.9643E-07	2.3537E-06
2.5481E-08	5.9864E-08	-3.5244E-07	3.1786E-06
2.5457E-08	3.2589E-08	1.2880E-06	2.8353E-06
-2.4346E-09	1.6279E-08	-1.0195E-06	2.5144E-06
2.5289E-08	3.8081E-08	1.2868E-06	4.5305E-06
4.2135E-08	-3.5424E-08	7.4941E-07	1.5122E-06
3.3152E-08	4.2829E-09	-1.1719E-07	3.6431E-06
-1.9694E-08	-3.9171E-10	9.8234E-07	2.2834E-06
-4.8493E-09	1.2850E-08	-4.2110E-07	2.5878E-06
5.6710E-09	-2.9685E-09	-6.1567E-07	3.2415E-06
-2.4699E-08	1.4232E-08	6.0360E-07	4.5170E-06
-9.4166E-09	-4.6436E-09	1.1625E-06	2.3322E-06
8.5235E-09	5.1136E-08	-1.6779E-07	3.5757E-06
3.2376E-08	3.1141E-08	1.3378E-06	2.6913E-06
3.8220E-09	8.0230E-09	-5.1645E-07	2.7837E-06
1.7529E-08	2.7768E-08	7.9310E-07	3.5500E-06
-2.5206E-08	6.7983E-08	2.3087E-07	2.6201E-06
3.6134E-08	4.0792E-08	1.4319E-07	3.3399E-06
-2.4695E-08	2.1085E-08	4.3348E-07	3.2758E-06
-1.0010E-08	3.9591E-08	6.5281E-07	3.1531E-06
-1.8424E-08	1.4860E-08	5.9747E-07	2.5936E-06
-2.6944E-08	3.6451E-08	-6.2430E-07	2.5610E-06
-3.5083E-08	2.1314E-08	-2.2422E-07	4.5447E-06
-1.9110E-08	7.5822E-08	1.6277E-06	3.1919E-06
-2.4089E-08	5.9636E-08	-1.5647E-07	2.5481E-06
-7.2724E-09	3.8654E-08	2.6449E-07	3.6271E-06
2.0599E-09	5.7094E-08	2.4267E-07	3.2378E-06
-9.6206E-10	3.1571E-08	4.6586E-07	3.8168E-06
4.4037E-09	3.4556E-08	1.0706E-06	3.3535E-06
5.6148E-09	5.7852E-09	8.8193E-07	2.8036E-06
-4.6580E-08	3.8331E-08	3.1353E-07	2.5688E-06
1.2116E-08	5.7621E-08	-2.5791E-07	3.3347E-06
-7.8388E-09	2.6268E-08	1.0034E-06	3.9290E-06
2.5060E-08	4.9436E-08	1.1937E-06	2.3242E-06
4.9006E-08	5.6138E-08	5.0925E-08	2.4172E-06
1.3050E-08	8.1472E-08	-3.6710E-07	2.7597E-06
3.9444E-09	6.3503E-08	1.7035E-07	3.9396E-06
3.4834E-08	8.6907E-08	1.0172E-06	2.1375E-06
6.1018E-08	2.2259E-08	-1.4245E-06	2.6975E-06
1.3842E-08	4.7680E-08	-1.0658E-07	4.1576E-06
-1.1882E-08	4.9520E-08	6.3381E-08	3.5954E-06
-2.9539E-08	-1.6168E-08	3.5710E-07	3.4525E-06
3.3318E-08	-6.2306E-09	-4.3109E-07	3.6355E-06
2.1734E-08	3.1141E-08	6.9782E-07	4.1604E-06
4.9176E-09	1.8987E-08	1.4932E-07	3.3094E-06
1.5194E-08	1.6875E-08	5.4212E-07	4.2388E-06
2.3416E-08	1.5376E-08	7.4155E-07	3.4077E-06
-6.2666E-08	5.5499E-08	8.6041E-07	3.8780E-06
-6.0774E-09	-9.5586E-09	1.0666E-06	2.6281E-06
6.5853E-09	-2.1341E-08	-4.0579E-07	3.2584E-06
-3.9132E-08	2.0905E-08	9.8476E-07	4.1365E-06
-2.5418E-08	1.7696E-08	9.7782E-07	2.3846E-06
-3.3446E-08	4.4355E-08	-4.5247E-07	3.1073E-06
-1.6091E-08	4.5678E-08	2.6007E-07	3.6187E-06
-5.1890E-09	1.2558E-08	2.3951E-07	3.7195E-06
1.9204E-08	2.0287E-08	9.4187E-07	3.0552E-06
2.6253E-08	2.1631E-08	-8.5135E-07	2.8684E-06
-1.8812E-08	4.8423E-08	-1.6426E-07	4.7951E-06
-1.5974E-08	3.9449E-08	9.3854E-07	4.2015E-06
-2.6259E-08	5.0551E-08	9.6284E-07	3.7500E-06
-2.1826E-08	5.1334E-08	1.0258E-06	4.1424E-06
1.5662E-08	5.5834E-08	2.6076E-06	2.7438E-06
-2.6157E-09	2.2220E-08	-2.3119E-07	1.2562E-06
-2.8112E-09	5.2777E-08	6.1230E-09	3.4783E-06
6.6241E-08	3.8741E-08	-3.4521E-07	2.2708E-06
1.3292E-08	6.3180E-08	-3.6901E-07	3.8942E-06
2.0169E-08	5.0208E-08	-7.2241E-07	2.6160E-06
-1.3257E-08	4.0324E-08	-1.1114E-06	5.6676E-06
-7.7121E-09	2.7698E-08	1.8472E-06	4.0977E-06
-1.1679E-08	1.6065E-08	-7.0034E-08	3.6306E-06
6.8451E-09	1.9328E-08	1.2396E-06	4.2507E-06
-1.4862E-08	5.0067E-08	1.0865E-06	2.9368E-06
3.2951E-08	3.9902E-08	-2.4093E-08	2.8983E-06
-2.3414E-08	5.6746E-08	4.9779E-07	4.1438E-06
5.5005E-09	5.7430E-08	8.2580E-07	2.0463E-06
-1.3723E-09	6.6791E-08	-1.6377E-06	3.8320E-06
-4.4597E-09	4.5349E-08	1.2325E-06	4.3321E-06
4.3934E-08	2.9445E-08	-4.3891E-07	2.6609E-06
1.9284E-08	5.0270E-08	-5.0312E-07	4.3800E-06
1.2693E-08	5.4410E-08	-1.0535E-07	4.6312E-06
-3.5735E-09	2.1867E-08	1.4359E-06	4.6374E-06
1.2509E-08	4.7527E-08	6.2335E-07	2.8779E-06
-4.4913E-09	1.3134E-08	-2.1773E-08	4.1305E-06
-5.9896E-09	2.4429E-08	6.5295E-07	3.9875E-06
3.6199E-09	2.5752E-08	8.4948E-07	3.8206E-06
-8.0468E-09	5.6832E-08	3.4535E-07	3.0830E-06
2.1950E-08	3.9049E-08	-3.2283E-07	4.1458E-06
-2.5859E-08	2.9271E-08	7.5960E-07	4.4895E-06
-4.0738E-09	1.0561E-08	9.5328E-07	3.8406E-06
-1.2204E-08	1.3141E-08	9.8593E-07	3.8838E-06
-2.5279E-08	4.0630E-08	1.3920E-06	2.7229E-06
2.3961E-08	3.0816E-08	-1.0850E-06	2.5806E-06
1.4164E-08	4.1331E-08	8.9497E-09	5.4460E-06
-5.6017E-08	-6.1478E-09	1.7440E-06	3.2328E-06
-1.0362E-08	1.5701E-08	-1.4249E-07	3.0536E-06
2.8636E-09	3.6961E-08	9.5079E-08	3.5230E-06
-3.9043E-08	5.9751E-08	-1.9826E-07	3.9546E-06
2.1118E-08	1.9016E-08	4.4123E-07	3.5464E-06
-2.5760E-08	5.4399E-08	-9.0704E-07	3.9820E-06
-2.3108E-08	5.5581E-09	8.8932E-07	4.9420E-06
-1.3270E-08	3.0167E-08	3.1974E-07	2.8147E-06
-1.4604E-08	1.8105E-08	-1.2052E-06	4.4680E-06
2.6584E-08	5.2532E-08	1.7941E-07	5.4905E-06
-1.7585E-08	5.2892E-08	1.1544E-06	5.0791E-06
6.3194E-10	5.7289E-08	1.3589E-06	4.2311E-06
-2.3323E-08	7.1107E-09	9.8824E-07	4.0784E-06
-5.2450E-10	2.9416E-08	1.2599E-06	3.9924E-06
-7.4404E-08	2.4649E-09	9.2862E-07	3.2891E-06
-5.7963E-09	2.5142E-08	1.7443E-07	3.8875E-06
-3.1436E-08	4.1916E-08	9.0294E-07	4.0877E-06
-2.2842E-08	6.9904E-08	4.2055E-07	3.9853E-06
5.2907E-09	3.9062E-08	1.5317E-06	4.3993E-06
3.3880E-09	1.0240E-08	1.1215E-06	2.7807E-06
-3.3245E-08	2.7552E-08	3.8100E-07	3.6450E-06
8.9746E-09	8.4315E-08	7.0752E-07	3.3061E-06
2.6992E-08	5.6825E-08	5.3398E-07	3.5226E-06
3.4515E-09	6.4985E-08	1.8312E-07	2.8225E-06
1.8080E-08	3.5426E-08	-3.3581E-07	4.1642E-06
3.8756E-08	3.2544E-08	7.7856E-07	3.2380E-06
5.4171E-08	2.7210E-08	-1.0548E-06	3.6305E-06
1.1431E-08	4.5676E-08	3.5812E-07	4.6727E-06
-3.7731E-09	4.2650E-08	3.1760E-08	3.7776E-06
2.5419E-08	2.9014E-08	7.0935E-08	4.4916E-06
1.0212E-08	1.3763E-08	5.1820E-07	4.5846E-06
3.3531E-08	2.8677E-08	1.3830E-06	3.6524E-06
3.2734E-09	1.9110E-08	-7.4916E-07	3.0355E-06
3.5636E-09	-1.1795E-08	2.0965E-07	5.4136E-06
-6.2312E-09	5.5360E-08	1.1202E-06	3.2874E-06
2.2153E-08	-2.8121E-08	-2.6591E-07	3.9648E-06
-5.3422E-09	2.3582E-08	1.7413E-07	3.6035E-06
1.5444E-08	7.4281E-10	-6.8253E-07	4.7294E-06
-7.9373E-09	-5.6902E-09	8.4691E-07	4.2837E-06
8.3407E-09	1.5993E-08	-6.1209E-07	4.6194E-06
-1.2482E-08	3.6857E-08	1.8396E-06	4.9006E-06
-2.4192E-08	2.3088E-08	-1.2209E-07	2.6976E-06
1.1773E-08	2.4958E-08	1.0218E-08	5.1472E-06
1.0868E-08	2.9470E-08	5.5096E-07	3.3542E-06
4.1430E-08	1.1200E-08	-6.7964E-07	4.7376E-06
-3.7066E-08	-1.7350E-08	6.2448E-07	4.5123E-06
8.4225E-09	2.6204E-08	-1.8304E-07	4.4587E-06
-2.8244E-08	3.8742E-09	3.6548E-07	5.1979E-06
-9.7646E-09	3.3598E-08	1.4740E-06	4.7499E-06
1.2056E-08	1.2880E-08	7.7389E-07	3.0715E-06
8.3326E-09	4.8503E-08	-6.6530E-07	4.3011E-06
-5.4912E-08	2.5177E-08	4.3086E-07	4.8669E-06
1.0148E-08	3.9829E-08	5.9002E-07	4.5171E-06
-1.5910E-08	3.3246E-08	7.4908E-07	4.0717E-06
-2.2984E-08	1.6881E-08	-1.6101E-08	3.6825E-06
2.7853E-08	4.1066E-08	-8.1210E-07	4.6803E-06
2.2960E-08	4.9437E-08	5.8262E-07	5.4994E-06
-4.4436E-10	4.0178E-08	1.9639E-07	4.1869E-06
4.6284E-08	-3.6664E-09	2.4086E-07	6.0951E-06
-1.9533E-08	-7.4921E-10	2.1075E-06	4.4011E-06
-4.0495E-08	4.1873E-08	4.1880E-07	4.0635E-06
1.1583E-08	5.0883E-08	1.0648E-06	4.1458E-06
3.9088E-08	4.9124E-08	9.1514E-08	3.8169E-06
-2.7981E-09	1.0144E-08	-9.1801E-08	4.3870E-06
2.4233E-08	4.9770E-08	2.0151E-07	5.3436E-06
-1.9245E-08	3.5729E-08	1.3608E-06	4.1157E-06
-1.2198E-08	-1.1046E-08	-5.5753E-07	4.3329E-06
-3.7290E-08	5.3445E-08	1.0468E-06	5.1541E-06
-1.9671E-08	4.6847E-08	2.6554E-08	3.9386E-06
-1.7890E-08	3.3331E-08	1.7083E-07	5.5079E-06
3.0473E-08	6.9842E-08	9.0382E-07	4.9862E-06
1.3858E-09	3.6479E-08	1.0821E-06	5.1171E-06
2.3461E-08	2.9067E-08	1.6689E-06	4.5423E-06
-1.2658E-08	4.5892E-08	1.3621E-06	3.4405E-06
8.5875E-09	3.1431E-08	-4.3072E-08	3.6315E-06
-1.8157E-09	5.4360E-08	3.6622E-07	4.4194E-06
-7.0834E-09	5.6809E-09	4.3776E-08	4.0636E-06
9.8130E-09	4.2311E-08	-7.8753E-09	4.8436E-06
-4.4848E-09	4.5422E-08	4.9862E-07	4.9564E-06
1.6569E-08	4.1617E-08	9.1552E-07	4.5865E-06
-3.4055E-10	3.1935E-08	4.1699E-07	4.3454E-06
-1.9727E-08	4.4478E-08	7.3916E-07	4.5572E-06
2.9889E-08	3.8708E-09	2.7876E-07	4.1320E-06
2.1025E-08	2.5460E-08	3.0102E-07	4.7742E-06
1.0033E-08	1.6308E-08	3.9366E-07	4.6246E-06
1.5823E-08	1.3147E-08	8.1227E-07	5.0633E-06
-4.2622E-09	2.4820E-08	1.2867E-06	4.0674E-06
2.7038E-08	3.5679E-08	3.5286E-07	3.7350E-06
-1.8043E-08	3.3831E-08	6.9046E-08	4.1087E-06
1.3433E-08	3.6729E-08	-2.1001E-07	4.3010E-06
2.5349E-08	4.1227E-09	-1.3257E-07	5.1289E-06
1.4223E-08	2.2894E-08	9.3506E-07	5.0093E-06
-3.7152E-09	3.5432E-08	8.6529E-07	4.2091E-06
-2.0427E-08	2.2463E-08	6.2727E-07	3.7398E-06
-6.7400E-09	4.9257E-08	-5.5694E-07	3.6068E-06
7.3145E-09	-6.7084E-09	-7.0974E-07	4.9232E-06
-4.1149E-08	7.8845E-09	4.5097E-08	4.9783E-06
-1.0704E-08	-8.7956E-10	1.1619E-07	4.8670E-06
-1.7319E-08	2.2071E-08	2.6020E-07	4.5343E-06
-5.0263E-08	1.8514E-08	-5.8681E-07	4.6361E-06
6.2778E-09	2.8564E-08	3.0129E-07	5.7920E-06
-8.2353E-10	2.2184E-08	8.6159E-07	3.9936E-06
-1.4805E-08	1.2267E-08	-8.9772E-07	4.7372E-06
-4.4583E-08	3.7220E-08	5.1928E-07	5.0626E-06
2.7646E-08	3.1214E-08	-7.1991E-07	4.4023E-06
-2.2442E-10	3.7084E-08	-1.6456E-07	5.7766E-06
-1.0980E-08	5.8113E-08	1.5590E-07	4.8655E-06
-3.8442E-09	7.0399E-09	-4.7894E-07	5.3908E-06
2.2186E-08	4.0974E-08	3.8474E-07	6.0893E-06
1.3430E-08	5.4338E-08	1.2341E-06	4.6832E-06
-1.0838E-08	1.8115E-08	-6.0760E-07	4.5359E-06
-1.9728E-08	1.7131E-08	3.1090E-07	5.5070E-06
-1.0373E-08	3.8447E-08	-6.1160E-07	4.6976E-06
3.2799E-08	4.8738E-08	-1.3360E-07	6.6138E-06
-4.1959E-09	5.7139E-08	1.1261E-06	5.4537E-06
-1.1519E-08	4.1110E-08	6.5990E-07	5.0593E-06
-3.5278E-08	6.5747E-09	3.2653E-07	4.8570E-06
1.3362E-08	3.6603E-08	5.7247E-07	4.8689E-06
-7.9100E-09	1.8796E-08	-8.6652E-07	4.1296E-06
-2.9905E-08	2.1928E-08	-8.4825E-07	6.6963E-06
-1.6175E-09	3.3975E-08	7.4290E-07	5.5005E-06
-1.1431E-08	1.8254E-08	-3.6299E-07	6.1476E-06
2.2410E-09	3.8086E-08	1.3558E-06	6.0904E-06
-9.6833E-09	5.6836E-08	8.1789E-07	5.0989E-06
8.8173E-09	2.8182E-08	7.1198E-07	4.8628E-06
-5.7474E-09	3.9435E-08	-2.0427E-07	5.1049E-06
4.1865E-08	4.2467E-08	4.9272E-07	5.5266E-06
1.9224E-08	3.8219E-08	-7.0776E-08	5.0151E-06
3.1390E-08	-1.5829E-08	-8.3040E-08	5.8910E-06
-1.3285E-08	1.7773E-08	5.0887E-07	5.8448E-06
1.6188E-08	2.5281E-09	6.1456E-07	5.2881E-06
1.7040E-08	1.5059E-08	-1.4897E-07	5.5987E-06
-3.2604E-08	-1.1694E-08	1.0015E-06	5.8726E-06
7.5906E-10	-8.4026E-09	-1.7011E-07	4.6054E-06
1.2228E-09	-2.0165E-08	-2.7584E-07	6.9836E-06
-2.6610E-08	1.7851E-08	1.8578E-06	5.6877E-06
-6.6120E-08	1.0487E-09	3.6177E-07	4.7765E-06
9.6471E-09	1.7630E-09	9.8180E-08	5.3353E-06
1.0738E-08	2.4147E-08	2.9945E-08	5.9714E-06
-2.4611E-08	3.2803E-08	8.8615E-07	5.6882E-06
-1.6004E-08	3.5017E-08	3.9168E-07	5.5217E-06
-2.3658E-08	4.2256E-08	7.6649E-07	5.0563E-06
1.2101E-08	3.0402E-08	-8.3801E-07	5.5508E-06
-5.6273E-08	2.5916E-08	1.2263E-06	6.7221E-06
-2.9517E-08	1.2357E-08	5.9056E-07	4.2336E-06
-4.5724E-09	-1.5543E-08	-8.5263E-07	6.0553E-06
-3.9127E-08	6.3950E-08	6.0305E-07	6.4655E-06
4.0149E-08	5.2197E-09	8.3837E-07	5.7666E-06
-5.2448E-08	2.7022E-08	2.9613E-07	5.7407E-06
-4.9592E-09	2.1075E-08	1.2348E-06	5.9776E-06
-5.6712E-10	-2.5451E-08	2.3671E-07	4.2731E-06
3.2806E-08	-4.7447E-09	-9.2357E-07	6.4154E-06
3.5061E-08	4.7378E-08	8.4575E-07	6.4009E-06
7.5379E-09	1.3496E-08	5.5437E-07	5.9682E-06
-4.9346E-08	2.7696E-08	5.2960E-07	5.5820E-06
-2.5167E-08	1.4628E-08	-9.9861E-08	6.6045E-06
1.6103E-08	3.1008E-08	1.7892E-06	6.4390E-06
1.8677E-08	-2.7839E-09	8.5542E-07	5.0362E-06
3.3185E-08	4.1483E-08	5.4858E-07	5.6643E-06
-2.8000E-09	6.1765E-09	3.1798E-07	5.7036E-06
-1.2767E-08	4.1996E-08	9.6814E-07	6.0736E-06
-3.4016E-08	2.6903E-08	5.6687E-07	5.2521E-06
1.1088E-08	5.3479E-08	8.0865E-07	6.2029E-06
-1.9385E-08	3.4476E-08	1.2157E-06	4.5512E-06
-6.9843E-09	2.6163E-08	-6.9386E-07	5.1449E-06
3.7753E-08	3.0252E-08	-2.4716E-08	6.0183E-06
-1.6414E-08	4.0147E-08	2.6207E-08	6.4516E-06
1.6470E-11	-3.1639E-09	1.3462E-06	5.8244E-06
2.1366E-08	-2.8350E-09	-4.1789E-07	5.1115E-06
-3.6062E-09	-5.4503E-08	2.9899E-07	6.8152E-06
1.7132E-08	8.4912E-09	6.4252E-07	5.6748E-06
5.0511E-09	-5.1534E-09	5.0177E-07	6.1852E-06
4.4040E-08	3.0380E-08	3.3383E-07	5.5393E-06
-3.9968E-08	-2.7341E-09	3.3447E-07	6.5041E-06
-6.0774E-10	-2.3289E-09	4.4928E-07	5.6057E-06
-3.6140E-08	-1.8743E-09	2.9481E-07	7.2650E-06
-5.8944E-08	2.9536E-08	2.2495E-06	5.4362E-06
-2.0847E-09	-2.0502E-09	-4.2115E-07	5.3204E-06
-7.8917E-09	1.2846E-08	1.3650E-06	6.6640E-06
-2.6127E-08	-3.4963E-08	8.9120E-07	4.8418E-06
-1.2771E-08	9.6960E-09	3.0236E-07	5.8030E-06
6.2360E-08	1.9724E-08	8.1031E-07	5.5837E-06
2.7077E-08	2.4112E-09	4.0812E-07	5.2494E-06
-1.4720E-08	4.7952E-08	3.1103E-07	6.1374E-06
2.2506E-09	-4.2593E-09	1.7351E-06	4.8747E-06
-1.5517E-08	1.5282E-08	-1.1922E-06	4.2733E-06
-1.4783E-08	2.5779E-08	3.4875E-07	6.9732E-06
2.7757E-09	1.1448E-08	7.4340E-07	4.1802E-06
-5.8637E-10	1.8523E-09	-9.5407E-07	5.5072E-06
8.4772E-10	8.1187E-09	-4.7457E-07	5.3057E-06
1.2875E-08	7.1729E-09	-9.5613E-07	6.8386E-06
2.8227E-08	-5.0719E-09	1.1210E-06	6.0737E-06
1.2129E-08	-1.8682E-08	-2.7074E-07	5.2143E-06
3.7088E-08	-3.6914E-08	6.5433E-08	5.7089E-06
1.1144E-08	-4.2784E-09	-6.3886E-07	5.1633E-06
4.6592E-09	-1.2933E-08	-9.5449E-07	6.3377E-06
2.7655E-08	3.4453E-09	3.0011E-07	6.2823E-06
-5.9035E-08	7.7925E-09	-5.9511E-07	5.1495E-06
-1.8158E-08	2.5868E-08	-7.3524E-07	6.8222E-06
3.0834E-08	1.5135E-08	3.4213E-07	5.2340E-06
-4.1774E-08	2.1999E-10	-2.1382E-06	6.1080E-06
-1.2971E-08	6.2721E-08	2.6921E-07	7.7778E-06
-5.5853E-08	3.7933E-08	6.2150E-07	5.4803E-06
-2.9171E-08	7.7218E-09	-5.9502E-07	5.5519E-06
7.0512E-09	1.4433E-08	-7.6472E-07	5.8166E-06
3.8620E-08	-3.5247E-08	-1.0845E-06	6.1347E-06
1.5257E-08	5.4910E-09	-5.9582E-07	6.4872E-06
1.6457E-08	4.8806E-08	-1.2522E-06	5.8179E-06
3.0408E-09	-5.5332E-09	-1.1760E-06	7.8685E-06
2.8787E-08	2.8258E-08	7.5276E-07	6.1002E-06
8.3942E-09	-1.9996E-08	-1.6770E-06	6.2443E-06
-2.5348E-08	4.7251E-08	2.1124E-07	7.0624E-06
1.6989E-08	-5.5668E-09	-9.5987E-07	5.6884E-06
-2.4271E-08	-3.0972E-09	-8.2618E-07	6.7692E-06
-1.3883E-08	-1.9524E-10	-1.2304E-06	6.4732E-06
-1.8203E-08	4.5595E-09	-5.4671E-07	7.3773E-06
1.5609E-08	3.1725E-09	-1.5614E-07	6.4755E-06
-2.9404E-08	2.9416E-08	-3.8592E-07	5.7197E-06
3.0298E-08	6.8695E-09	-2.3497E-06	5.9831E-06
-4.2079E-08	-1.6240E-08	-1.1468E-06	7.9381E-06
9.0061E-09	1.3391E-08	-7.2558E-07	6.4241E-06
6.5760E-09	4.9768E-08	-1.5384E-06	7.0055E-06
2.2379E-09	2.2727E-08	-1.2526E-06	7.4786E-06
-2.3466E-08	-1.3051E-09	-3.5274E-07	7.1397E-06
-1.3081E-08	-1.6540E-09	-1.7641E-06	6.3931E-06
6.2976E-09	-1.8455E-08	-1.4265E-06	8.1401E-06
2.8932E-08	-1.2245E-08	-9.9339E-07	7.4799E-06
-8.7879E-09	2.0091E-08	-4.2397E-07	8.1884E-06
6.9483E-09	-7.0490E-09	-1.9403E-07	6.6601E-06
5.1019E-09	1.8355E-08	-8.9798E-07	7.0913E-06
-3.1090E-08	2.8350E-08	-1.2859E-06	6.6755E-06
-1.8336E-08	8.6814E-09	-9.7789E-07	8.1640E-06
4.0145E-09	8.4201E-11	-2.1635E-07	6.1415E-06
-2.3047E-08	3.5364E-09	-2.2123E-06	7.3523E-06
-6.6348E-09	-4.4555E-10	-3.0384E-07	7.1120E-06
1.8678E-08	2.0389E-08	-2.4565E-06	6.6040E-06
-4.6037E-08	2.9577E-08	-1.1956E-06	8.3307E-06
-3.2876E-08	6.6457E-09	-1.2809E-06	6.7246E-06
3.7023E-08	-1.1664E-08	-1.7909E-06	7.6999E-06
-2.5093E-08	-3.2331E-09	-1.6656E-06	6.9282E-06
-6.0712E-08	1.1441E-08	-2.6807E-06	8.1512E-06
1.1256E-08	-2.1979E-08	-1.2480E-06	8.1614E-06
-3.1939E-08	-1.2065E-08	-2.4156E-06	7.9646E-06
2.2819E-09	4.4621E-09	-1.1378E-06	9.2276E-06
4.2816E-08	2.6114E-08	-6.7829E-07	7.5298E-06
-6.8384E-09	-1.8584E-08	-1.8635E-06	7.4724E-06
-3.3509E-08	-1.6295E-09	-2.2297E-06	8.3960E-06
5.1033E-09	-1.3106E-08	-9.4961E-07	8.6405E-06
4.4265E-09	2.5736E-09	-1.7227E-06	7.5038E-06
-6.7372E-09	-5.2299E-09	-1.3653E-06	8.9206E-06
-2.7670E-08	-9.4219E-09	-7.0811E-07	6.7545E-06
2.7705E-08	-2.0233E-08	-3.1729E-06	7.3622E-06
-1.4040E-08	-3.0350E-09	-2.2420E-06	8.3589E-06
2.2661E-08	8.8499E-10	-2.8527E-06	8.0478E-06
3.2421E-08	-6.8038E-09	-2.6242E-06	8.8994E-06
3.9173E-08	-4.7228E-09	-2.6867E-06	8.7272E-06
3.5866E-09	-2.1755E-08	-2.4430E-06	9.4758E-06
-2.6775E-08	-1.3413E-08	-2.1054E-06	8.9296E-06
2.9953E-08	-3.1721E-08	-2.3247E-06	9.5404E-06
-3.9214E-08	-8.6857E-09	-1.4872E-06	8.8063E-06
-3.0680E-08	6.9229E-09	-2.6640E-06	8.7919E-06
-1.6245E-08	2.2121E-08	-1.9910E-06	8.8542E-06
2.4773E-08	3.7524E-09	-3.5257E-06	8.7844E-06
-1.3758E-08	-1.0549E-08	-2.3885E-06	1.0149E-05
7.0480E-09	2.8154E-08	-2.9733E-06	8.9714E-06
-9.7943E-10	6.5930E-10	-2.7862E-06	1.0680E-05
9.7118E-09	1.6065E-08	-2.1420E-06	9.5637E-06
1.0329E-08	-1.4929E-08	-2.4511E-06	1.0277E-05
1.4485E-08	6.6964E-09	-2.0960E-06	9.1785E-06
-3.4024E-08	2.0801E-08	-3.3344E-06	1.0009E-05
-4.3562E-08	1.5644E-09	-2.4175E-06	1.0092E-05
7.9027E-10	-2.3453E-08	-3.3391E-06	1.0137E-05
8.9633E-09	3.4889E-08	-2.5361E-06	1.1198E-05
-2.0159E-08	-9.5185E-09	-1.7082E-06	1.0013E-05
-3.9145E-08	-9.8153E-09	-3.2994E-06	9.4206E-06
-2.0875E-09	7.7707E-09	-3.4744E-06	1.0887E-05
2.7877E-09	2.2522E-09	-3.2301E-06	1.0578E-05
-3.8513E-08	-4.4805E-08	-3.5479E-06	1.1703E-05
-1.2000E-08	-1.7315E-08	-2.1990E-06	1.1445E-05
-1.5343E-08	-1.4109E-08	-3.1024E-06	1.0784E-05
1.6285E-08	-4.0851E-08	-3.1698E-06	1.1983E-05
-2.6545E-08	3.6602E-08	-2.0660E-06	1.1691E-05
-3.0678E-09	-1.8209E-08	-2.7026E-06	1.1049E-05
1.1057E-08	-8.2400E-09	-2.6723E-06	1.1618E-05
-3.3551E-08	-5.9909E-09	-2.6153E-06	1.1159E-05
-2.7911E-08	1.4115E-08	-3.0759E-06	1.1003E-05
1.0973E-08	-1.7680E-08	-4.3157E-06	1.1576E-05
4.3596E-08	2.2192E-08	-3.1119E-06	1.3403E-05
3.4927E-08	-2.4507E-08	-2.3079E-06	1.1732E-05
-5.9572E-08	-3.3579E-08	-3.3262E-06	1.2232E-05
-3.7435E-08	-5.2910E-08	-3.0586E-06	1.1776E-05
4.0069E-09	-2.4417E-08	-4.5065E-06	1.2828E-05
1.8365E-08	8.4039E-09	-2.7525E-06	1.4163E-05
2.1162E-08	-4.6075E-08	-2.0078E-06	1.2693E-05
-3.4543E-08	-1.9038E-08	-2.9822E-06	1.2147E-05
2.2883E-08	-3.2156E-08	-3.9905E-06	1.2762E-05
3.1498E-08	2.0016E-08	-3.3780E-06	1.4551E-05
3.5964E-08	-3.8425E-08	-1.3111E-06	1.3024E-05
3.2662E-08	1.0522E-08	-4.0491E-06	1.1888E-05
1.1329E-09	8.1104E-08	-3.6806E-06	1.4080E-05
-1.8679E-08	7.0243E-09	-4.0651E-06	1.3492E-05
-1.6028E-08	-1.7647E-08	-2.9795E-06	1.5524E-05
-2.7179E-08	5.7519E-09	-2.2394E-06	1.2993E-05
-4.4800E-08	-4.1146E-09	-3.7951E-06	1.4034E-05
-3.0949E-08	3.6179E-09	-3.6693E-06	1.3331E-05
-6.2419E-09	3.7661E-09	-4.9313E-06	1.5470E-05
-4.5455E-08	-4.8700E-08	-2.8016E-06	1.5274E-05
-1.0179E-08	-2.5201E-08	-3.7672E-06	1.5238E-05
3.1987E-09	-1.1445E-08	-3.1549E-06	1.5008E-05
-2.4532E-08	7.8182E-09	-4.4642E-06	1.6043E-05
1.4894E-09	-1.5412E-08	-2.4374E-06	1.6535E-05
-3.4880E-08	-1.8917E-09	-3.2509E-06	1.5678E-05
-3.6852E-09	-3.9304E-08	-2.9607E-06	1.6276E-05
-2.0196E-08	-3.0404E-08	-3.4179E-06	1.6648E-05
9.3948E-09	-3.2233E-09	-1.9822E-06	1.7187E-05
-9.6680E-09	-4.8306E-09	-2.1023E-06	1.6091E-05
-3.6180E-08	-5.0789E-09	-2.0422E-06	1.6150E-05
-3.5544E-08	-1.4169E-08	-2.6065E-06	1.5495E-05
5.7515E-08	-3.0892E-08	-3.3058E-06	1.5954E-05
-3.9506E-08	2.5047E-09	-3.4709E-06	1.6683E-05
-5.5442E-09	1.6168E-08	-2.9363E-06	1.6641E-05
-3.1262E-08	-5.7235E-08	-3.8436E-06	1.6654E-05
4.5314E-08	-4.4925E-09	-3.5770E-06	1.7494E-05
1.5438E-08	-3.9677E-08	-3.9040E-06	1.7611E-05
-9.1072E-09	2.5603E-08	-3.3748E-06	1.8519E-05
4.2157E-08	-4.3650E-08	-3.2338E-06	1.8065E-05
1.9448E-08	1.2444E-09	-3.3261E-06	1.8751E-05
-4.5327E-08	-1.1751E-08	-2.8466E-06	1.8479E-05
7.3254E-08	2.4151E-08	-3.3406E-06	1.8603E-05
-1.5579E-08	-3.8819E-09	-3.1340E-06	1.8777E-05
1.7931E-08	-1.9487E-08	-3.9410E-06	1.8838E-05
-2.6011E-08	-1.1067E-08	-3.6252E-06	2.0434E-05
1.0360E-09	-4.0443E-08	-2.2281E-06	1.9616E-05
2.5400E-08	-1.9131E-08	-3.6976E-06	1.8873E-05
-4.6340E-10	-1.7984E-08	-4.2250E-06	2.0179E-05
1.1683E-08	-4.8600E-08	-4.3001E-06	2.0710E-05
2.7449E-08	-1.4604E-08	-4.0025E-06	2.2234E-05
2.7414E-08	1.0414E-09	-2.3094E-06	2.1844E-05
-1.2394E-08	1.6953E-08	-3.3941E-06	2.1213E-05
4.1658E-11	-4.6054E-09	-2.7989E-06	2.2287E-05
4.7322E-08	4.8891E-09	-3.2200E-06	2.1157E-05
5.6629E-09	-8.8706E-09	-3.9584E-06	2.2773E-05
-1.0232E-08	-9.3768E-09	-3.2467E-06	2.2574E-05
-7.0766E-09	2.7317E-08	-4.0102E-06	2.3460E-05
3.7135E-08	-4.8363E-08	-3.2693E-06	2.3889E-05
1.5188E-08	-6.1668E-08	-3.2653E-06	2.4414E-05
3.7237E-08	-4.8537E-08	-2.6595E-06	2.3861E-05
-3.5776E-09	-1.8803E-09	-4.1156E-06	2.4067E-05
5.8429E-08	-4.9492E-09	-4.2925E-06	2.5249E-05
1.6195E-08	-1.5302E-08	-4.2960E-06	2.6635E-05
2.1750E-08	-2.5366E-10	-3.1261E-06	2.6838E-05
5.3515E-09	1.2866E-08	-3.9735E-06	2.7056E-05
4.0396E-08	-6.3035E-09	-3.6581E-06	2.8233E-05
-2.5312E-08	-2.4833E-08	-3.5562E-06	2.9184E-05
2.0545E-08	-4.5728E-08	-2.4061E-06	2.9620E-05
1.4303E-08	-3.5333E-08	-2.9424E-06	2.9641E-05
-3.8158E-08	-3.5881E-08	-2.7046E-06	3.0671E-05
-3.8974E-08	-6.0524E-08	-2.8769E-06	3.1617E-05
4.0924E-08	-6.1916E-08	-1.5626E-06	3.2429E-05
-2.2120E-08	-2.0432E-08	-2.4309E-06	3.2152E-05
6.8623E-09	8.0276E-09	-2.1540E-06	3.4472E-05
4.0670E-08	-5.1935E-10	-1.4110E-06	3.4462E-05
-2.4111E-08	-2.4468E-08	-2.0852E-06	3.6048E-05
-1.6151E-08	-2.8356E-08	-1.2278E-06	3.8057E-05
-1.5125E-08	-1.5189E-08	4.9775E-07	3.9395E-05
2.2608E-09	-2.5384E-08	9.6553E-07	3.9135E-05
3.1851E-08	1.3270E-08	5.0223E-07	4.1630E-05
-1.5622E-08	-6.8038E-08	2.4770E-06	4.3388E-05
-4.5045E-08	-1.4805E-08	2.9436E-06	4.5563E-05
-3.1321E-08	-4.6070E-08	6.0246E-06	4.8250E-05
1.7307E-08	-2.8762E-08	8.2279E-06	5.0058E-05
-8.8822E-09	-3.1471E-08	1.3443E-05	5.2492E-05
-1.1056E-08	5.0113E-10	1.7401E-05	5.1278E-05
-2.3530E-08	-9.6255E-09	2.1774E-05	5.2453E-05
1.3070E-08	-3.3915E-08	2.7310E-05	5.0053E-05
-4.8263E-08	-3.4982E-08	3.2132E-05	4.8418E-05
3.8704E-08	-8.2390E-09	3.7747E-05	4.1997E-05
-7.9541E-09	-2.6573E-08	3.8042E-05	3.6289E-05
-6.5942E-09	-3.7737E-08	3.9604E-05	3.0783E-05
-4.3364E-08	-4.6671E-08	3.7844E-05	2.4785E-05
3.1632E-08	-3.3817E-08	3.5654E-05	1.9661E-05
-1.5236E-08	-3.0247E-08	3.0362E-05	1.6070E-05
1.0383E-08	-7.3826E-08	2.6799E-05	1.5264E-05
4.3074E-09	-1.9883E-08	2.2507E-05	1.4130E-05
1.7883E-08	-1.7312E-08	1.8818E-05	1.5446E-05
-1.8751E-08	-3.6828E-08	1.6180E-05	1.6767E-05
-3.1461E-08	-1.4133E-08	1.4001E-05	1.8888E-05
-2.8003E-08	-4.5871E-08	1.3114E-05	2.1223E-05
-7.0371E-08	-3.0020E-08	1.2718E-05	2.2763E-05
6.7235E-08	-1.8458E-08	1.2391E-05	2.4440E-05
3.6311E-08	1.2467E-10	1.1630E-05	2.5583E-05
-5.2873E-10	9.1743E-09	1.1466E-05	2.9342E-05
-4.3309E-08	-6.7362E-08	1.4369E-05	3.0389E-05
3.5180E-08	-1.4136E-08	1.4438E-05	3.1361E-05
-5.5845E-09	-1.4070E-08	1.7123E-05	3.2250E-05
-9.4140E-09	-3.4155E-08	1.7244E-05	3.1977E-05
2.4662E-08	-5.6878E-08	1.9655E-05	3.3097E-05
-6.7600E-09	-4.4290E-08	2.0647E-05	3.1091E-05
2.2467E-08	3.7819E-09	2.0484E-05	3.0994E-05
2.6642E-08	8.5457E-09	2.0423E-05	3.0373E-05
6.7714E-09	-3.1410E-09	1.9243E-05	3.0992E-05
-6.0748E-09	7.5163E-10	1.9747E-05	3.3272E-05
-1.9003E-08	-3.3904E-08	2.1192E-05	3.3163E-05
-1.5539E-08	-3.3781E-08	2.0552E-05	3.5521E-05
1.6651E-09	1.2855E-08	2.5322E-05	3.6828E-05
1.2086E-08	-1.7705E-08	2.5629E-05	3.4730E-05
-2.7338E-09	-4.6054E-08	2.7630E-05	3.6284E-05
-4.8095E-08	-6.9425E-09	2.9017E-05	3.4500E-05
-1.0291E-08	-5.6827E-10	3.0339E-05	3.5619E-05
3.3628E-08	6.8052E-09	3.3111E-05	3.4301E-05
7.5295E-09	1.1217E-08	3.5355E-05	3.2648E-05
1.8168E-09	-2.7960E-08	3.5637E-05	2.8779E-05
-8.0880E-09	-3.6951E-08	3.4179E-05	2.7934E-05
-1.8817E-08	-5.2798E-08	3.3425E-05	2.7011E-05
2.8974E-08	-2.7447E-08	3.2964E-05	2.8102E-05
2.3008E-09	-4.6558E-08	3.3706E-05	2.7549E-05
1.9153E-09	-1.6486E-08	3.3786E-05	2.8457E-05
-4.9203E-08	-3.2677E-08	3.5290E-05	2.7507E-05
9.3232E-09	-2.2123E-08	3.4541E-05	2.8221E-05
1.9312E-09	-2.9567E-08	3.7611E-05	2.8947E-05
1.0750E-08	-3.2253E-08	3.8957E-05	2.6886E-05
-7.0786E-09	-5.5313E-08	3.9768E-05	2.6195E-05
-2.7919E-08	-3.1819E-08	4.1434E-05	2.5151E-05
-5.0082E-08	1.1747E-08	4.3251E-05	2.2140E-05
-1.8489E-08	-3.7243E-08	4.1417E-05	1.8665E-05
-8.5438E-09	-2.8333E-08	3.9972E-05	1.9035E-05
-1.0958E-08	-2.8791E-08	4.0674E-05	1.7370E-05
-1.4864E-08	-2.6677E-08	3.8210E-05	1.5920E-05
-2.2121E-08	-2.0895E-08	3.7641E-05	1.7001E-05
5.1440E-09	-5.6727E-08	3.7388E-05	1.5851E-05
9.1522E-09	-1.3778E-08	3.5792E-05	1.6370E-05
2.1143E-08	-4.2313E-08	3.6115E-05	1.6818E-05
-3.5362E-09	-2.4691E-08	3.5198E-05	1.6389E-05
1.5329E-08	-2.4260E-08	3.4322E-05	1.7670E-05
-1.2084E-08	-5.4002E-08	3.4800E-05	1.8528E-05
-1.4164E-08	-3.8385E-08	3.4411E-05	1.8938E-05
-3.0910E-08	-3.3671E-08	3.4276E-05	2.0883E-05
1.6832E-08	3.7082E-09	3.5974E-05	2.2551E-05
-8.3076E-09	-3.6479E-08	3.7404E-05	2.2854E-05
-8.8476E-09	-4.1828E-08	3.8483E-05	2.4178E-05
2.3035E-08	-2.0648E-08	4.1225E-05	2.4748E-05
2.0412E-08	-3.0833E-08	4.2547E-05	2.4843E-05
-2.0178E-08	-4.0230E-08	4.5848E-05	2.6029E-05
-2.4334E-09	3.0058E-09	4.8988E-05	2.4596E-05
2.6203E-08	-6.3741E-08	5.1913E-05	2.4415E-05
4.2981E-09	-2.7006E-08	5.5955E-05	2.2334E-05
2.3763E-10	-7.7492E-09	6.0063E-05	2.0228E-05
-3.6495E-08	1.2016E-08	6.5013E-05	1.3456E-05
4.0602E-08	-7.9296E-10	6.3393E-05	5.7678E-06
6.7881E-09	3.8721E-09	6.1180E-05	1.6788E-06
1.5041E-08	-5.2961E-09	5.8456E-05	-2.3109E-06
-9.8837E-09	-1.4637E-08	5.4830E-05	-4.8675E-06
-4.4511E-08	-2.6547E-08	5.0974E-05	-5.2342E-06
-4.6033E-09	-3.1038E-08	4.9560E-05	-4.8197E-06
3.8424E-08	-3.1337E-08	4.7297E-05	-5.2446E-06
-4.1811E-09	1.4609E-08	4.6188E-05	-3.6781E-06
-1.7490E-09	-7.0809E-09	4.5763E-05	-3.0812E-06
-2.5743E-09	-2.5416E-08	4.7075E-05	-1.1125E-06
6.3040E-09	-3.3212E-08	4.9748E-05	-3.2324E-06
7.0586E-09	-3.3282E-08	4.9081E-05	-4.5817E-06
-1.8229E-08	-8.9132E-09	5.1001E-05	-5.4649E-06
1.3303E-08	-1.9982E-08	5.1792E-05	-8.8610E-06
-1.7231E-08	-4.1051E-08	5.1275E-05	-1.2057E-05
9.6308E-09	-3.9098E-08	4.9818E-05	-1.4899E-05
1.2543E-09	-3.1614E-08	4.8339E-05	-1.7610E-05
1.5014E-09	-3.5024E-09	4.5370E-05	-2.0266E-05
-3.4723E-08	-1.5016E-08	4.2025E-05	-2.1323E-05
-2.6358E-09	-3.5321E-09	3.9110E-05	-2.1078E-05
1.7166E-08	-7.7303E-09	3.8194E-05	-2.1065E-05
2.3241E-08	-6.1749E-09	3.5764E-05	-2.2763E-05
-2.5606E-09	-1.9928E-08	3.2586E-05	-2.2205E-05
2.9973E-08	-2.8804E-08	3.0602E-05	-2.1562E-05
-1.9658E-08	-1.6406E-08	2.8632E-05	-2.0716E-05
6.3240E-09	2.4429E-09	2.6794E-05	-1.9731E-05
4.5164E-09	-6.7170E-09	2.5791E-05	-1.8019E-05
2.3490E-08	-2.5748E-08	2.5167E-05	-1.7779E-05
1.5975E-08	-2.9815E-08	2.3480E-05	-1.6252E-05
9.8304E-09	-4.1518E-08	2.4003E-05	-1.5121E-05
-2.2324E-08	-5.5936E-08	2.2917E-05	-1.5165E-05
-2.5793E-08	-3.5870E-08	2.2145E-05	-1.3900E-05
1.7807E-08	-4.8046E-08	2.1255E-05	-1.2633E-05
2.4961E-09	-6.6995E-08	2.2370E-05	-1.0560E-05
-1.9650E-08	-5.1139E-09	2.3062E-05	-1.1617E-05
-1.1796E-08	-1.4723E-08	2.2294E-05	-1.0290E-05
1.4899E-08	-1.6218E-08	2.4244E-05	-1.0839E-05
-2.7142E-08	-3.1693E-09	2.2251E-05	-1.2091E-05
1.4397E-08	-6.5274E-08	2.2136E-05	-1.0132E-05
2.5038E-08	-3.7547E-08	2.2937E-05	-1.1016E-05
-7.9040E-09	-2.5350E-08	2.1857E-05	-1.1249E-05
-1.1854E-08	-2.9983E-08	2.1259E-05	-1.1016E-05
-2.7489E-08	-2.0137E-08	2.0760E-05	-1.0182E-05
1.4673E-08	-3.9955E-08	2.1485E-05	-1.0325E-05
-3.2609E-08	-3.8305E-08	2.0167E-05	-1.1333E-05
1.1350E-08	-3.5364E-08	1.8665E-05	-1.0252E-05
7.0009E-09	2.9179E-08	1.8237E-05	-9.0820E-06
2.4199E-08	-3.6375E-08	1.8352E-05	-8.0572E-06
1.5950E-08	-3.1530E-08	1.8451E-05	-7.7516E-06
-1.8526E-08	-9.1481E-09	1.8094E-05	-7.5764E-06
3.3757E-08	-7.1012E-08	1.6536E-05	-6.6416E-06
-2.6233E-08	-2.8474E-08	1.7096E-05	-3.4560E-06
1.7070E-09	2.2093E-08	1.9195E-05	-3.4676E-06
2.7418E-08	4.7736E-10	1.8794E-05	-2.8718E-06
2.9724E-08	-1.9906E-08	2.0162E-05	-1.5265E-06
2.7561E-08	-1.8230E-08	2.1557E-05	-8.5164E-07
-1.1896E-08	-1.2923E-08	2.4151E-05	-1.0304E-06
-4.5731E-09	-7.6563E-09	2.4857E-05	-3.0336E-06
4.1916E-09	-2.5689E-08	2.4576E-05	-2.6798E-06
3.0836E-08	-1.4158E-08	2.6975E-05	-2.7047E-06
7.7073E-08	-9.5291E-09	2.7790E-05	-5.2885E-06
-4.4680E-09	-1.1607E-08	2.7617E-05	-5.7464E-06
-3.3320E-08	-5.9532E-08	2.9236E-05	-7.3561E-06
1.1785E-08	-3.6994E-08	2.9657E-05	-1.0669E-05
3.9579E-08	-1.4158E-08	2.6559E-05	-1.5179E-05
1.5540E-08	-2.7190E-08	2.0841E-05	-1.3191E-05
-6.5121E-09	-1.1137E-08	2.2412E-05	-1.0672E-05
-6.9919E-10	-4.1559E-08	2.1148E-05	-1.2372E-05
-1.4511E-08	-1.1169E-08	1.9822E-05	-1.0439E-05
-1.9708E-08	-3.4398E-08	2.0210E-05	-9.9791E-06
1.6926E-08	-4.3956E-08	2.0197E-05	-9.5644E-06
4.6107E-10	1.8458E-08	2.0031E-05	-9.6879E-06
3.7490E-08	-4.7986E-08	1.9676E-05	-8.7649E-06
-3.0680E-09	-2.5336E-08	2.1226E-05	-8.1992E-06
-1.0399E-08	-4.5448E-08	2.2232E-05	-1.0442E-05
1.0949E-08	-4.1317E-08	2.0197E-05	-1.1698E-05
-9.9495E-09	-2.4129E-08	1.9706E-05	-1.1394E-05
-3.9400E-08	2.1890E-09	1.8543E-05	-1.2340E-05
-7.4504E-09	-4.9047E-08	1.7115E-05	-1.1983E-05
1.4887E-08	-6.6736E-08	1.5672E-05	-1.1771E-05
2.2036E-09	-3.4036E-08	1.4431E-05	-1.0453E-05
-1.3173E-08	6.8409E-09	1.3832E-05	-9.3136E-06
3.0706E-08	-6.9788E-08	1.3787E-05	-8.0238E-06
-1.0779E-08	-5.2406E-08	1.3568E-05	-7.7557E-06
1.1468E-08	-4.5340E-08	1.2684E-05	-6.3372E-06
1.5170E-08	-3.8467E-08	1.3292E-05	-4.9049E-06
2.5406E-08	1.0962E-08	1.3448E-05	-4.3084E-06
4.2230E-08	2.5394E-08	1.3953E-05	-3.1605E-06
1.3327E-08	-3.1618E-08	1.4179E-05	-3.3092E-06
-2.1394E-08	-5.4569E-08	1.3391E-05	-1.3229E-06
-9.2551E-09	-3.4545E-08	1.6011E-05	-1.4279E-07
1.4326E-08	-2.1837E-08	1.5977E-05	-1.4625E-06
-2.1364E-08	-3.7344E-08	1.5309E-05	-2.5990E-07
-1.4679E-09	-7.0155E-08	1.5348E-05	1.4671E-06
-3.8408E-08	-2.6176E-08	1.7449E-05	3.6845E-06
-3.1798E-08	-7.3460E-09	1.9830E-05	3.7315E-06
5.3290E-09	-3.0951E-08	2.2511E-05	3.3239E-06
5.9639E-09	-2.2995E-08	2.3188E-05	4.7862E-07
-1.8800E-08	-2.3442E-08	2.2208E-05	4.8752E-07
-1.3015E-08	-2.0557E-08	2.2133E-05	2.3450E-07
2.7324E-09	-3.0623E-08	2.2157E-05	2.1766E-06
-2.0340E-08	-5.3549E-08	2.4882E-05	1.4515E-06
-2.1322E-08	-4.9223E-08	2.3499E-05	9.6865E-07
-3.3519E-08	-3.2549E-08	2.5514E-05	3.0770E-06
6.9329E-09	-4.0875E-08	2.7505E-05	1.6106E-06
1.0620E-08	-1.4711E-09	2.8112E-05	1.1276E-06
-1.6070E-08	-4.2691E-08	2.8629E-05	5.9066E-07
1.7891E-08	-2.0552E-08	2.9929E-05	1.4483E-06
-2.3447E-08	-1.2349E-08	3.2681E-05	3.7329E-08
-1.3988E-08	-1.2023E-08	3.3241E-05	-1.9844E-06
-1.0419E-08	-4.1061E-08	3.3598E-05	-3.3041E-06
6.7934E-09	-1.4060E-08	3.3699E-05	-3.8989E-06
-2.1064E-08	-6.7265E-09	3.5098E-05	-4.6535E-06
-2.1659E-10	-3.1814E-08	3.5734E-05	-6.4436E-06
6.4086E-08	-9.4254E-08	3.6043E-05	-7.7506E-06
-3.4854E-08	-2.2664E-08	3.6236E-05	-8.9452E-06
-4.6462E-09	-1.9233E-08	3.6721E-05	-9.9807E-06
7.1172E-09	-2.1001E-08	3.7026E-05	-1.0808E-05
-1.8276E-09	-2.1094E-08	3.9199E-05	-1.0914E-05
4.4641E-09	-2.9006E-09	4.3575E-05	-1.4871E-05
5.9927E-08	-1.0423E-08	4.3126E-05	-2.3414E-05
5.4179E-09	-4.0616E-08	3.6847E-05	-2.8049E-05
-4.1060E-10	-1.7860E-08	3.1809E-05	-2.8280E-05
1.6022E-08	-2.8565E-08	2.8769E-05	-2.6927E-05
2.4976E-08	5.6095E-09	2.8000E-05	-2.6897E-05
-2.2897E-10	-7.0305E-09	2.5222E-05	-2.7221E-05
-1.0955E-08	-2.5594E-08	2.3977E-05	-2.5958E-05
2.1547E-08	-8.3972E-09	2.2919E-05	-2.5333E-05
-1.4801E-09	2.5651E-08	2.3762E-05	-2.5457E-05
-9.2595E-09	-3.6475E-08	2.0847E-05	-2.7769E-05
1.5630E-08	-7.3347E-09	1.8853E-05	-2.4836E-05
-4.1337E-08	-5.1051E-08	1.9023E-05	-2.5672E-05
-1.9015E-08	-5.5930E-08	1.6563E-05	-2.3717E-05
1.4366E-08	-3.2515E-08	1.8542E-05	-2.3101E-05
1.4950E-08	-2.5104E-08	1.6736E-05	-2.4316E-05
-1.9161E-08	-4.1558E-08	1.6075E-05	-2.2806E-05
1.8685E-10	-4.1178E-08	1.5730E-05	-2.2638E-05
8.9241E-09	-3.7204E-08	1.5480E-05	-2.1704E-05
-2.1176E-10	-5.7602E-09	1.5939E-05	-2.1298E-05
5.7176E-08	-7.8832E-09	1.6374E-05	-2.2108E-05
7.6658E-09	-2.2602E-08	1.4719E-05	-2.2133E-05
6.2850E-09	-4.8771E-08	1.6118E-05	-2.0971E-05
1.7287E-08	-3.7705E-09	1.5622E-05	-2.3736E-05
-1.0829E-08	-1.0106E-08	1.3749E-05	-2.2421E-05
-6.4934E-09	-5.4156E-08	1.4458E-05	-2.3318E-05
2.0664E-08	1.1596E-08	1.2258E-05	-2.3433E-05
8.5720E-09	-4.3061E-08	1.1878E-05	-2.2707E-05
2.3431E-08	-1.1762E-08	1.1336E-05	-2.2139E-05
1.8581E-08	-2.3976E-08	1.1082E-05	-2.2674E-05
3.2511E-08	1.4006E-08	9.6809E-06	-2.1225E-05
2.2113E-08	-3.0223E-08	1.1318E-05	-2.1731E-05
-4.4670E-08	-8.9938E-09	8.7532E-06	-2.2083E-05
2.1755E-08	-3.9968E-08	1.0239E-05	-2.1060E-05
-1.6627E-08	-1.8528E-08	7.9115E-06	-2.3439E-05
1.1025E-08	-1.8636E-08	6.4083E-06	-2.0658E-05
-7.5310E-09	-5.3271E-08	6.8009E-06	-2.1182E-05
8.7672E-09	-3.2761E-08	4.7966E-06	-2.0577E-05
1.2651E-10	2.1994E-08	4.1040E-06	-1.9037E-05
1.2971E-08	-8.8080E-09	3.4815E-06	-1.8233E-05
2.2877E-09	-1.7080E-08	2.0552E-06	-1.5779E-05
-4.0670E-09	1.8240E-08	3.8144E-06	-1.3004E-05
-2.3678E-08	-7.2237E-08	5.1147E-06	-1.1601E-05
-1.2844E-08	-2.7826E-08	9.4968E-06	-1.0183E-05
-1.9394E-08	-6.9068E-08	1.4354E-05	-1.5848E-05
2.5156E-08	-7.9453E-09	5.3922E-06	-2.5371E-05
2.0696E-08	-1.8896E-09	-1.6431E-06	-6.1037E-06
1.3395E-08	-2.2319E-08	1.0567E-05	-2.5550E-05
6.2325E-09	-2.7820E-08	1.3358E-05	-2.3545E-06
6.2294E-09	-2.7738E-08	7.9778E-06	-3.0166E-05
6.2264E-09	-2.7656E-08	-7.3097E-06	-1.5408E-05
6.2233E-09	-2.7574E-08	-1.5519E-06	-6.5296E-06
6.2202E-09	-2.7493E-08	4.0394E-06	-4.1463E-06
6.2170E-09	-2.7412E-08	7.8539E-06	-4.5963E-06
6.2138E-09	-2.7331E-08	1.1687E-05	-5.6907E-06
6.2106E-09	-2.7250E-08	1.3201E-05	-9.1654E-06
6.2073E-09	-2.7170E-08	1.2968E-05	-1.1089E-05
6.2040E-09	-2.7090E-08	1.2371E-05	-1.2582E-05
6.2007E-09	-2.7010E-08	1.1701E-05	-1.3129E-05
6.1973E-09	-2.6930E-08	1.1584E-05	-1.3389E-05
6.1939E-09	-2.6851E-08	1.2047E-05	-1.4523E-05
6.1905E-09	-2.6772E-08	1.0646E-05	-1.6568E-05
6.1870E-09	-2.6693E-08	7.8653E-06	-1.6023E-05
6.1835E-09	-2.6614E-08	7.9928E-06	-1.4036E-05
6.1800E-09	-2.6535E-08	8.4270E-06	-1.4712E-05
6.1765E-09	-2.6457E-08	7.4799E-06	-1.4226E-05
6.1729E-09	-2.6379E-08	7.6505E-06	-1.3850E-05
6.1693E-09	-2.6301E-08	7.7172E-06	-1.3285E-05
6.1656E-09	-2.6223E-08	8.4010E-06	-1.3803E-05
6.1620E-09	-2.6146E-08	7.8135E-06	-1.4214E-05
6.1583E-09	-2.6068E-08	7.2173E-06	-1.4423E-05
6.1545E-09	-2.5991E-08	6.6590E-06	-1.3448E-05
6.1507E-09	-2.5915E-08	7.1194E-06	-1.3614E-05
6.1470E-09	-2.5838E-08	6.6578E-06	-1.2735E-05
6.1431E-09	-2.5762E-08	8.3016E-06	-1.3368E-05
6.1393E-09	-2.5686E-08	6.7578E-06	-1.4610E-05
6.1354E-09	-2.5610E-08	6.0492E-06	-1.3797E-05
6.1315E-09	-2.5534E-08	5.8536E-06	-1.2974E-05
6.1275E-09	-2.5459E-08	6.6564E-06	-1.3391E-05
6.1236E-09	-2.5383E-08	4.9973E-06	-1.3184E-05
6.1196E-09	-2.5308E-08	6.4456E-06	-1.2055E-05
6.1155E-09	-2.5233E-08	5.3865E-06	-1.3541E-05
6.1115E-09	-2.5159E-08	5.1825E-06	-1.1090E-05
6.1074E-09	-2.5084E-08	6.9993E-06	-1.2191E-05
6.1033E-09	-2.5010E-08	5.7603E-06	-1.2479E-05
6.0992E-09	-2.4936E-08	6.5364E-06	-1.2384E-05
6.0950E-09	-2.4862E-08	5.0346E-06	-1.3378E-05
6.0908E-09	-2.4789E-08	4.7668E-06	-1.1118E-05
6.0866E-09	-2.4715E-08	6.0224E-06	-1.2275E-05
6.0824E-09	-2.4642E-08	3.9747E-06	-1.1239E-05
6.0781E-09	-2.4569E-08	6.8263E-06	-9.9405E-06
6.0738E-09	-2.4497E-08	6.4773E-06	-1.2798E-05
6.0695E-09	-2.4424E-08	4.9944E-06	-1.1620E-05
6.0651E-09	-2.4352E-08	5.8236E-06	-1.1460E-05
6.0607E-09	-2.4280E-08	5.4995E-06	-1.1786E-05
6.0563E-09	-2.4208E-08	5.3442E-06	-1.1550E-05
6.0519E-09	-2.4136E-08	5.4615E-06	-1.1628E-05
6.0475E-09	-2.4065E-08	5.0930E-06	-1.1858E-05
6.0430E-09	-2.3993E-08	4.6203E-06	-1.1532E-05
6.0385E-09	-2.3922E-08	4.8767E-06	-1.1126E-05
6.0340E-09	-2.3851E-08	4.5642E-06	-1.1837E-05
6.0294E-09	-2.3781E-08	3.3353E-06	-1.0623E-05
6.0248E-09	-2.3710E-08	4.6869E-06	-9.6767E-06
6.0203E-09	-2.3640E-08	4.7321E-06	-1.0358E-05
6.0156E-09	-2.3570E-08	4.4964E-06	-9.5247E-06
6.0110E-09	-2.3500E-08	6.3727E-06	-9.1514E-06
6.0063E-09	-2.3430E-08	6.3885E-06	-1.2239E-05
6.0016E-09	-2.3361E-08	3.4150E-06	-1.0874E-05
5.9969E-09	-2.3292E-08	5.6867E-06	-1.0314E-05
5.9922E-09	-2.3223E-08	3.6003E-06	-1.1645E-05
5.9874E-09	-2.3154E-08	3.7510E-06	-9.4863E-06
5.9826E-09	-2.3085E-08	4.1948E-06	-9.4548E-06
5.9778E-09	-2.3017E-08	5.4638E-06	-9.6294E-06
5.9730E-09	-2.2948E-08	3.8148E-06	-1.0540E-05
5.9681E-09	-2.2880E-08	5.0560E-06	-8.8355E-06
5.9633E-09	-2.2812E-08	4.3073E-06	-1.1040E-05
5.9584E-09	-2.2745E-08	3.8032E-06	-8.4832E-06
5.9535E-09	-2.2677E-08	5.1866E-06	-9.8339E-06
5.9485E-09	-2.2610E-08	4.3580E-06	-9.2264E-06
5.9436E-09	-2.2543E-08	4.9195E-06	-9.9627E-06
5.9386E-09	-2.2476E-08	4.2352E-06	-9.3929E-06
5.9336E-09	-2.2409E-08	4.5565E-06	-9.9235E-06
5.9286E-09	-2.2343E-08	4.1049E-06	-9.0594E-06
5.9235E-09	-2.2276E-08	4.9561E-06	-1.0089E-05
5.9185E-09	-2.2210E-08	3.2853E-06	-9.9267E-06
5.9134E-09	-2.2144E-08	3.5457E-06	-9.0932E-06
5.9083E-09	-2.2078E-08	3.8322E-06	-8.5987E-06
5.9031E-09	-2.2013E-08	4.1353E-06	-9.3808E-06
5.8980E-09	-2.1947E-08	3.3192E-06	-8.5778E-06
5.8928E-09	-2.1882E-08	4.1459E-06	-8.9243E-06
5.8877E-09	-2.1817E-08	3.0785E-06	-8.3156E-06
5.8825E-09	-2.1752E-08	4.5121E-06	-8.2431E-06
5.8772E-09	-2.1688E-08	3.1221E-06	-8.7030E-06
5.8720E-09	-2.1623E-08	4.0775E-06	-7.0513E-06
5.8667E-09	-2.1559E-08	5.1713E-06	-8.3987E-06
5.8614E-09	-2.1495E-08	4.1017E-06	-9.3107E-06
5.8561E-09	-2.1431E-08	3.1547E-06	-8.4311E-06
5.8508E-09	-2.1367E-08	3.6934E-06	-7.9588E-06
5.8455E-09	-2.1304E-08	3.5960E-06	-7.8474E-06
5.8401E-09	-2.1240E-08	3.8987E-06	-7.7824E-06
5.8348E-09	-2.1177E-08	3.8990E-06	-7.4919E-06
5.8294E-09	-2.1114E-08	4.5958E-06	-8.1084E-06
5.8240E-09	-2.1051E-08	3.6191E-06	-8.3810E-06
5.8186E-09	-2.0989E-08	3.6550E-06	-8.5614E-06
5.8131E-09	-2.0926E-08	1.7251E-06	-7.8163E-06
5.8076E-09	-2.0864E-08	3.5558E-06	-5.6683E-06
5.8022E-09	-2.0802E-08	4.3484E-06	-7.4560E-06
5.7967E-09	-2.0740E-08	3.6507E-06	-7.4229E-06
5.7912E-09	-2.0678E-08	3.1415E-06	-7.5730E-06
5.7856E-09	-2.0617E-08	2.8493E-06	-6.7741E-06
5.7801E-09	-2.0555E-08	2.5667E-06	-6.3325E-06
5.7745E-09	-2.0494E-08	3.4579E-06	-4.9861E-06
5.7690E-09	-2.0433E-08	4.2855E-06	-5.8875E-06
5.7634E-09	-2.0372E-08	4.1985E-06	-5.5107E-06
5.7578E-09	-2.0311E-08	4.6102E-06	-6.1323E-06
5.7521E-09	-2.0251E-08	4.4108E-06	-5.6120E-06
5.7465E-09	-2.0191E-08	5.1043E-06	-6.4525E-06
5.7408E-09	-2.0131E-08	4.0921E-06	-6.3322E-06
5.7352E-09	-2.0071E-08	4.4433E-06	-6.3027E-06
5.7295E-09	-2.0011E-08	3.8330E-06	-5.7955E-06
5.7238E-09	-1.9951E-08	4.7122E-06	-6.0333E-06
5.7180E-09	-1.9892E-08	3.1694E-06	-5.8390E-06
5.7123E-09	-1.9832E-08	4.3802E-06	-4.2993E-06
5.7066E-09	-1.9773E-08	4.8301E-06	-4.8776E-06
5.7008E-09	-1.9714E-08	5.3736E-06	-4.9782E-06
5.6950E-09	-1.9655E-08	4.5856E-06	-4.8218E-06
5.6892E-09	-1.9597E-08	6.9246E-06	-4.2643E-06
5.6834E-09	-1.9538E-08	5.4373E-06	-7.4095E-06
5.6776E-09	-1.9480E-08	4.0985E-06	-4.2624E-06
5.6718E-09	-1.9422E-08	6.2546E-06	-5.1501E-06
5.6659E-09	-1.9364E-08	5.1078E-06	-4.8685E-06
5.6600E-09	-1.9306E-08	6.3723E-06	-4.8839E-06
5.6542E-09	-1.9249E-08	5.7395E-06	-5.3827E-06
5.6483E-09	-1.9191E-08	5.5602E-06	-4.9631E-06
5.6424E-09	-1.9134E-08	6.0668E-06	-3.9787E-06
5.6364E-09	-1.9077E-08	7.2035E-06	-5.0449E-06
5.6305E-09	-1.9020E-08	5.9829E-06	-4.9118E-06
5.6246E-09	-1.8963E-08	7.0147E-06	-4.0271E-06
5.6186E-09	-1.8906E-08	7.8120E-06	-4.3007E-06
5.6126E-09	-1.8850E-08	8.5157E-06	-5.1627E-06
5.6067E-09	-1.8794E-08	8.2316E-06	-5.3598E-06
5.6007E-09	-1.8738E-08	9.2071E-06	-5.9630E-06
5.5947E-09	-1.8682E-08	8.7157E-06	-6.9350E-06
5.5886E-09	-1.8626E-08	8.8918E-06	-7.5955E-06
5.5826E-09	-1.8570E-08	7.5471E-06	-8.5875E-06
5.5766E-09	-1.8515E-08	6.6593E-06	-7.6592E-06
5.5705E-09	-1.8459E-08	7.2103E-06	-7.2923E-06
5.5644E-09	-1.8404E-08	6.8542E-06	-8.2044E-06
5.5584E-09	-1.8349E-08	5.8820E-06	-6.8864E-06
5.5523E-09	-1.8294E-08	7.8188E-06	-6.9686E-06
5.5462E-09	-1.8240E-08	6.6040E-06	-8.6288E-06
5.5400E-09	-1.8185E-08	5.5536E-06	-7.3951E-06
5.5339E-09	-1.8131E-08	6.3149E-06	-6.4887E-06
5.5278E-09	-1.8077E-08	7.1182E-06	-7.4878E-06
5.5216E-09	-1.8022E-08	5.5472E-06	-7.3557E-06
5.5155E-09	-1.7969E-08	7.0089E-06	-6.1359E-06
5.5093E-09	-1.7915E-08	6.9829E-06	-8.0607E-06
5.5031E-09	-1.7861E-08	5.6062E-06	-7.1116E-06
5.4969E-09	-1.7808E-08	6.6063E-06	-6.3482E-06
5.4907E-09	-1.7754E-08	6.9896E-06	-6.9801E-06
5.4845E-09	-1.7701E-08	6.9411E-06	-6.7135E-06
5.4783E-09	-1.7648E-08	7.8739E-06	-7.6794E-06
5.4720E-09	-1.7596E-08	5.8997E-06	-8.2145E-06
5.4658E-09	-1.7543E-08	6.8907E-06	-6.2763E-06
5.4595E-09	-1.7490E-08	7.5452E-06	-8.4818E-06
5.4533E-09	-1.7438E-08	5.4555E-06	-7.7004E-06
5.4470E-09	-1.7386E-08	6.7669E-06	-6.4106E-06
5.4407E-09	-1.7334E-08	7.5564E-06	-7.4927E-06
5.4344E-09	-1.7282E-08	6.6254E-06	-7.8744E-06
5.4281E-09	-1.7230E-08	7.2830E-06	-6.7642E-06
5.4218E-09	-1.7178E-08	8.2123E-06	-8.7970E-06
5.4155E-09	-1.7127E-08	5.6776E-06	-8.5268E-06
5.4092E-09	-1.7076E-08	7.6121E-06	-6.9619E-06
5.4028E-09	-1.7024E-08	7.5432E-06	-9.4662E-06
5.3965E-09	-1.6973E-08	6.3348E-06	-8.4868E-06
5.3901E-09	-1.6923E-08	6.9055E-06	-9.1669E-06
5.3838E-09	-1.6872E-08	5.7714E-06	-8.6710E-06
5.3774E-09	-1.6821E-08	6.8922E-06	-8.8977E-06
5.3710E-09	-1.6771E-08	4.9783E-06	-9.7970E-06
5.3646E-09	-1.6721E-08	4.7113E-06	-7.1520E-06
5.3582E-09	-1.6670E-08	7.1810E-06	-7.5024E-06
5.3518E-09	-1.6620E-08	6.1614E-06	-9.2314E-06
5.3454E-09	-1.6571E-08	5.8277E-06	-7.4696E-06
5.3390E-09	-1.6521E-08	7.9382E-06	-8.8029E-06
5.3325E-09	-1.6471E-08	5.8523E-06	-1.0493E-05
5.3261E-09	-1.6422E-08	4.9575E-06	-9.1145E-06
5.3196E-09	-1.6373E-08	5.1294E-06	-8.6191E-06
5.3132E-09	-1.6324E-08	5.8433E-06	-8.2619E-06
5.3067E-09	-1.6275E-08	5.9717E-06	-9.2912E-06
5.3003E-09	-1.6226E-08	5.1714E-06	-8.9148E-06
5.2938E-09	-1.6177E-08	6.1456E-06	-8.9843E-06
5.2873E-09	-1.6128E-08	5.1808E-06	-1.0472E-05
5.2808E-09	-1.6080E-08	3.6378E-06	-9.3287E-06
5.2743E-09	-1.6032E-08	4.3594E-06	-8.1032E-06
5.2678E-09	-1.5984E-08	5.3723E-06	-8.7745E-06
5.2613E-09	-1.5936E-08	4.1133E-06	-9.5280E-06
5.2548E-09	-1.5888E-08	4.1977E-06	-8.3333E-06
5.2482E-09	-1.5840E-08	3.7546E-06	-9.2781E-06
5.2417E-09	-1.5792E-08	3.1362E-06	-7.1855E-06
5.2352E-09	-1.5745E-08	4.5941E-06	-7.6960E-06
5.2286E-09	-1.5698E-08	3.9356E-06	-6.8267E-06
5.2221E-09	-1.5651E-08	5.9041E-06	-7.1615E-06
5.2155E-09	-1.5603E-08	5.3357E-06	-8.2050E-06
5.2089E-09	-1.5557E-08	4.8800E-06	-8.5882E-06
5.2024E-09	-1.5510E-08	4.5994E-06	-7.2406E-06
5.1958E-09	-1.5463E-08	6.0328E-06	-9.0076E-06
5.1892E-09	-1.5417E-08	3.0397E-06	-8.1770E-06
5.1826E-09	-1.5370E-08	5.9324E-06	-7.0047E-06
5.1760E-09	-1.5324E-08	4.4826E-06	-8.8962E-06
5.1694E-09	-1.5278E-08	5.0812E-06	-7.3596E-06
5.1628E-09	-1.5232E-08	4.9187E-06	-8.4721E-06
5.1562E-09	-1.5186E-08	5.1154E-06	-7.8830E-06
5.1496E-09	-1.5141E-08	4.8331E-06	-8.3703E-06
5.1430E-09	-1.5095E-08	5.3313E-06	-8.4892E-06
5.1364E-09	-1.5050E-08	3.3275E-06	-8.8222E-06
5.1297E-09	-1.5004E-08	4.5667E-06	-6.0584E-06
5.1231E-09	-1.4959E-08	6.0192E-06	-7.6577E-06
5.1164E-09	-1.4914E-08	6.0949E-06	-7.7048E-06
5.1098E-09	-1.4869E-08	6.2715E-06	-9.0078E-06
5.1032E-09	-1.4824E-08	5.7821E-06	-9.2501E-06
5.0965E-09	-1.4780E-08	4.9343E-06	-1.0026E-05
5.0898E-09	-1.4735E-08	4.0423E-06	-8.8831E-06
5.0832E-09	-1.4691E-08	4.9090E-06	-8.2538E-06
5.0765E-09	-1.4647E-08	5.8345E-06	-9.2452E-06
5.0698E-09	-1.4603E-08	4.3200E-06	-1.0314E-05
5.0632E-09	-1.4559E-08	3.7300E-06	-9.1880E-06
5.0565E-09	-1.4515E-08	3.5195E-06	-8.7289E-06
5.0498E-09	-1.4471E-08	4.4561E-06	-7.9546E-06
5.0431E-09	-1.4427E-08	4.3396E-06	-8.5664E-06
5.0364E-09	-1.4384E-08	5.2955E-06	-7.4877E-06
5.0297E-09	-1.4341E-08	6.3257E-06	-9.4651E-06
5.0230E-09	-1.4297E-08	4.9992E-06	-9.8538E-06
5.0163E-09	-1.4254E-08	5.4863E-06	-9.4568E-06
5.0096E-09	-1.4211E-08	5.9895E-06	-1.1174E-05
5.0029E-09	-1.4168E-08	3.5471E-06	-1.1884E-05
4.9962E-09	-1.4126E-08	3.5863E-06	-1.0402E-05
4.9894E-09	-1.4083E-08	3.3949E-06	-1.1245E-05
4.9827E-09	-1.4041E-08	2.6562E-06	-1.0917E-05
4.9760E-09	-1.3998E-08	1.7998E-06	-1.0339E-05
4.9693E-09	-1.3956E-08	2.9205E-06	-9.5180E-06
4.9625E-09	-1.3914E-08	2.0200E-06	-1.0842E-05
4.9558E-09	-1.3872E-08	1.5774E-06	-9.0871E-06
4.9490E-09	-1.3830E-08	2.1589E-06	-9.2874E-06
4.9423E-09	-1.3788E-08	2.5225E-06	-8.8249E-06
4.9356E-09	-1.3747E-08	2.3625E-06	-9.4783E-06
4.9288E-09	-1.3705E-08	2.9869E-06	-8.6033E-06
4.9221E-09	-1.3664E-08	3.2457E-06	-1.0449E-05
4.9153E-09	-1.3623E-08	2.2646E-06	-1.0058E-05
4.9086E-09	-1.3581E-08	2.1103E-06	-1.0970E-05
4.9018E-09	-1.3540E-08	6.7918E-07	-1.0303E-05
4.8950E-09	-1.3500E-08	8.1595E-07	-9.7303E-06
4.8883E-09	-1.3459E-08	7.6439E-07	-9.7069E-06
4.8815E-09	-1.3418E-08	-3.3062E-07	-9.3638E-06
4.8747E-09	-1.3378E-08	7.9927E-07	-7.8141E-06
4.8680E-09	-1.3337E-08	6.8466E-07	-9.4073E-06
4.8612E-09	-1.3297E-08	3.0698E-07	-7.6439E-06
4.8544E-09	-1.3257E-08	1.2533E-06	-9.0970E-06
4.8477E-09	-1.3217E-08	-2.9681E-07	-8.1043E-06
4.8409E-09	-1.3177E-08	9.6226E-07	-8.1743E-06
4.8341E-09	-1.3137E-08	-2.7613E-07	-8.2509E-06
4.8273E-09	-1.3097E-08	1.8883E-07	-7.1729E-06
4.8205E-09	-1.3058E-08	7.6861E-07	-7.4528E-06
4.8138E-09	-1.3018E-08	1.6976E-07	-7.6212E-06
4.8070E-09	-1.2979E-08	7.3592E-07	-6.7526E-06
4.8002E-09	-1.2939E-08	5.6671E-07	-7.7428E-06
4.7934E-09	-1.2900E-08	5.1067E-07	-6.3335E-06
4.7866E-09	-1.2861E-08	1.3523E-06	-7.6122E-06
4.7798E-09	-1.2822E-08	4.0057E-07	-6.8539E-06
4.7730E-09	-1.2784E-08	1.3500E-06	-7.7108E-06
4.7662E-09	-1.2745E-08	-5.3352E-07	-7.4553E-06
4.7594E-09	-1.2706E-08	2.0632E-07	-6.1265E-06
4.7526E-09	-1.2668E-08	8.1163E-07	-6.3331E-06
4.7458E-09	-1.2630E-08	4.9666E-07	-6.7558E-06
4.7390E-09	-1.2591E-08	5.9949E-07	-5.6206E-06
4.7322E-09	-1.2553E-08	1.5186E-06	-6.6589E-06
4.7254E-09	-1.2515E-08	4.4918E-07	-6.2006E-06
4.7186E-09	-1.2477E-08	1.5394E-06	-6.1683E-06
4.7118E-09	-1.2439E-08	1.0598E-06	-6.6180E-06
4.7050E-09	-1.2402E-08	8.9155E-07	-6.8248E-06
4.6982E-09	-1.2364E-08	1.9761E-08	-5.9212E-06
4.6914E-09	-1.2327E-08	1.3384E-06	-5.1036E-06
4.6846E-09	-1.2289E-08	2.2605E-06	-5.9161E-06
4.6778E-09	-1.2252E-08	1.7394E-06	-7.3891E-06
4.6710E-09	-1.2215E-08	4.5072E-07	-6.5383E-06
4.6642E-09	-1.2178E-08	1.0720E-06	-6.5161E-06
4.6574E-09	-1.2141E-08	2.4200E-07	-6.0256E-06
4.6506E-09	-1.2104E-08	1.3280E-06	-5.6860E-06
4.6438E-09	-1.2068E-08	9.1327E-07	-6.1952E-06
4.6370E-09	-1.2031E-08	1.0204E-06	-5.7865E-06
4.6302E-09	-1.1995E-08	1.2623E-06	-5.8942E-06
4.6234E-09	-1.1958E-08	9.1060E-07	-6.4145E-06
4.6166E-09	-1.1922E-08	3.3346E-07	-5.3253E-06
4.6098E-09	-1.1886E-08	1.4375E-06	-5.2793E-06
4.6030E-09	-1.1850E-08	1.3525E-06	-5.3634E-06
4.5962E-09	-1.1814E-08	1.7078E-06	-6.0594E-06
4.5894E-09	-1.1778E-08	4.8232E-07	-5.3750E-06
4.5826E-09	-1.1742E-08	2.1983E-06	-4.7245E-06
4.5758E-09	-1.1706E-08	2.1889E-06	-5.9669E-06
4.5690E-09	-1.1671E-08	2.1917E-06	-6.2274E-06
4.5622E-09	-1.1635E-08	1.6091E-06	-6.8807E-06
4.5554E-09	-1.1600E-08	7.2302E-07	-7.0643E-06
4.5486E-09	-1.1565E-08	-5.3777E-07	-5.6702E-06
4.5418E-09	-1.1530E-08	1.0724E-06	-4.4719E-06
4.5350E-09	-1.1495E-08	1.3862E-06	-5.2007E-06
4.5282E-09	-1.1460E-08	1.8551E-06	-5.2828E-06
4.5214E-09	-1.1425E-08	1.1649E-06	-5.7858E-06
4.5146E-09	-1.1390E-08	1.7944E-06	-4.9045E-06
4.5078E-09	-1.1356E-08	1.8105E-06	-6.4466E-06
4.5010E-09	-1.1321E-08	3.9552E-07	-5.3613E-06
4.4942E-09	-1.1287E-08	1.8118E-06	-4.5627E-06
4.4874E-09	-1.1253E-08	2.4245E-06	-5.5497E-06
4.4807E-09	-1.1218E-08	1.7939E-06	-6.6092E-06
4.4739E-09	-1.1184E-08	3.1094E-07	-5.5955E-06
4.4671E-09	-1.1150E-08	2.1062E-06	-4.5180E-06
4.4603E-09	-1.1116E-08	2.0589E-06	-6.3374E-06
4.4535E-09	-1.1083E-08	1.4567E-06	-5.6371E-06
4.4467E-09	-1.1049E-08	1.5865E-06	-6.2731E-06
4.4399E-09	-1.1015E-08	1.1692E-06	-5.6177E-06
4.4332E-09	-1.0982E-08	1.3707E-06	-6.3052E-06
4.4264E-09	-1.0948E-08	7.2258E-07	-5.2834E-06
4.4196E-09	-1.0915E-08	1.8335E-06	-6.2269E-06
4.4128E-09	-1.0882E-08	-2.1068E-07	-5.9120E-06
4.4061E-09	-1.0849E-08	1.1411E-06	-4.8368E-06
4.3993E-09	-1.0816E-08	2.6134E-07	-5.3877E-06
4.3925E-09	-1.0783E-08	1.3822E-06	-3.6099E-06
4.3858E-09	-1.0750E-08	2.6423E-06	-5.4649E-06
4.3790E-09	-1.0717E-08	1.3767E-06	-5.9746E-06
4.3722E-09	-1.0685E-08	9.6194E-07	-5.7375E-06
4.3655E-09	-1.0652E-08	5.1123E-07	-4.8483E-06
4.3587E-09	-1.0620E-08	1.8564E-06	-4.3124E-06
4.3519E-09	-1.0587E-08	1.9545E-06	-5.4309E-06
4.3452E-09	-1.0555E-08	1.9172E-06	-5.0004E-06
4.3384E-09	-1.0523E-08	2.5984E-06	-6.0560E-06
4.3317E-09	-1.0491E-08	1.4326E-06	-6.9784E-06
4.3249E-09	-1.0459E-08	2.0087E-08	-6.3092E-06
4.3182E-09	-1.0427E-08	7.9246E-07	-4.9048E-06
4.3114E-09	-1.0395E-08	9.4389E-07	-6.2461E-06
4.3047E-09	-1.0364E-08	-3.3292E-09	-5.0130E-06
4.2980E-09	-1.0332E-08	7.4064E-07	-5.4928E-06
4.2912E-09	-1.0300E-08	-2.4191E-07	-4.0541E-06
4.2845E-09	-1.0269E-08	2.5460E-06	-4.5379E-06
4.2778E-09	-1.0238E-08	2.7063E-07	-6.4377E-06
4.2710E-09	-1.0207E-08	1.1589E-07	-3.9561E-06
4.2643E-09	-1.0175E-08	1.5965E-06	-4.8051E-06
4.2576E-09	-1.0144E-08	1.9036E-07	-5.4679E-06
4.2509E-09	-1.0113E-08	2.8766E-08	-3.3833E-06
4.2441E-09	-1.0083E-08	2.1134E-06	-3.8728E-06
4.2374E-09	-1.0052E-08	1.3287E-06	-4.7604E-06
4.2307E-09	-1.0021E-08	1.4815E-06	-4.5996E-06
4.2240E-09	-9.9905E-09	9.5002E-07	-4.3234E-06
4.2173E-09	-9.9600E-09	2.2288E-06	-4.0757E-06
4.2106E-09	-9.9296E-09	1.8179E-06	-5.4167E-06
4.2039E-09	-9.8993E-09	9.3851E-07	-5.1301E-06
4.1972E-09	-9.8691E-09	7.1737E-07	-3.9305E-06
4.1905E-09	-9.8390E-09	2.5956E-06	-3.9690E-06
4.1838E-09	-9.8089E-09	1.8955E-06	-5.3768E-06
4.1771E-09	-9.7790E-09	1.9272E-06	-4.9864E-06
4.1704E-09	-9.7491E-09	1.1398E-06	-5.6240E-06
4.1638E-09	-9.7193E-09	1.2906E-06	-4.4368E-06
4.1571E-09	-9.6896E-09	1.4250E-06	-5.2026E-06
4.1504E-09	-9.6600E-09	1.5311E-06	-4.0791E-06
4.1437E-09	-9.6305E-09	2.8216E-06	-5.8180E-06
4.1371E-09	-9.6011E-09	2.5214E-07	-6.3852E-06
4.1304E-09	-9.5717E-09	3.1236E-07	-4.1974E-06
4.1237E-09	-9.5425E-09	1.8207E-06	-4.3375E-06
4.1171E-09	-9.5133E-09	1.8293E-06	-5.7742E-06
4.1104E-09	-9.4842E-09	3.7510E-08	-5.6368E-06
4.1038E-09	-9.4552E-09	6.8167E-07	-4.0961E-06
4.0971E-09	-9.4263E-09	8.5085E-07	-4.9301E-06
4.0905E-09	-9.3975E-09	8.4268E-07	-3.6104E-06
4.0838E-09	-9.3687E-09	2.2276E-06	-4.9374E-06
4.0772E-09	-9.3401E-09	5.4554E-07	-4.9342E-06
4.0706E-09	-9.3115E-09	1.7177E-06	-4.4366E-06
4.0639E-09	-9.2830E-09	6.9960E-07	-5.3530E-06
4.0573E-09	-9.2546E-09	8.4833E-07	-3.7857E-06
4.0507E-09	-9.2263E-09	2.1431E-06	-4.6599E-06
4.0441E-09	-9.1980E-09	1.0792E-06	-5.5259E-06
4.0375E-09	-9.1699E-09	9.1565E-07	-4.6089E-06
4.0309E-09	-9.1418E-09	1.0957E-06	-5.5501E-06
4.0243E-09	-9.1138E-09	-4.3832E-07	-4.5092E-06
4.0177E-09	-9.0859E-09	1.1607E-06	-3.6894E-06
4.0111E-09	-9.0581E-09	8.0460E-07	-4.4194E-06
4.0045E-09	-9.0303E-09	1.3321E-06	-3.8316E-06
3.9979E-09	-9.0027E-09	1.3631E-06	-4.4055E-06
3.9913E-09	-8.9751E-09	1.9358E-06	-4.4916E-06
3.9847E-09	-8.9476E-09	6.5848E-07	-5.9392E-06
3.9781E-09	-8.9202E-09	-4.2763E-07	-3.2822E-06
3.9716E-09	-8.8929E-09	2.6693E-06	-3.4370E-06
3.9650E-09	-8.8656E-09	1.3501E-06	-5.6553E-06
3.9584E-09	-8.8384E-09	9.5102E-07	-4.0635E-06
3.9519E-09	-8.8113E-09	1.7468E-06	-5.3694E-06
3.9453E-09	-8.7843E-09	-3.1460E-08	-5.1707E-06
3.9388E-09	-8.7574E-09	1.9952E-07	-4.0373E-06
3.9322E-09	-8.7306E-09	8.5709E-07	-3.5754E-06
3.9257E-09	-8.7038E-09	1.2553E-06	-4.3295E-06
3.9191E-09	-8.6771E-09	1.0392E-06	-3.6818E-06
3.9126E-09	-8.6505E-09	1.8960E-06	-5.0594E-06
3.9061E-09	-8.6239E-09	-2.4881E-07	-4.3711E-06
3.8995E-09	-8.5975E-09	1.7173E-06	-3.7700E-06
3.8930E-09	-8.5711E-09	2.1110E-07	-4.6494E-06
3.8865E-09	-8.5448E-09	1.4451E-06	-3.2068E-06
3.8800E-09	-8.5186E-09	1.0870E-06	-4.6538E-06
3.8735E-09	-8.4924E-09	1.3238E-06	-3.6075E-06
3.8670E-09	-8.4664E-09	1.1877E-06	-4.5952E-06
3.8605E-09	-8.4404E-09	1.5606E-06	-3.6842E-06
3.8540E-09	-8.4145E-09	1.3404E-06	-5.4308E-06
3.8475E-09	-8.3886E-09	1.9831E-07	-3.6090E-06
3.8410E-09	-8.3629E-09	2.1735E-06	-4.2758E-06
3.8345E-09	-8.3372E-09	3.8178E-07	-5.0577E-06
3.8281E-09	-8.3116E-09	9.1182E-07	-3.3634E-06
3.8216E-09	-8.2860E-09	1.8848E-06	-4.6947E-06
3.8151E-09	-8.2606E-09	3.7616E-07	-4.7955E-06
3.8087E-09	-8.2352E-09	1.0044E-06	-3.8060E-06
3.8022E-09	-8.2099E-09	1.1375E-06	-4.6862E-06
3.7958E-09	-8.1847E-09	4.1741E-07	-4.2665E-06
3.7893E-09	-8.1595E-09	1.0726E-06	-3.7366E-06
3.7829E-09	-8.1344E-09	1.3433E-06	-4.6545E-06
3.7765E-09	-8.1094E-09	5.5400E-07	-4.4303E-06
3.7700E-09	-8.0845E-09	8.5160E-07	-4.6994E-06
3.7636E-09	-8.0596E-09	-3.8358E-07	-3.9494E-06
3.7572E-09	-8.0348E-09	1.5020E-06	-3.4583E-06
3.7508E-09	-8.0101E-09	2.3679E-07	-4.6633E-06
3.7444E-09	-7.9855E-09	1.1907E-06	-3.2874E-06
3.7380E-09	-7.9609E-09	4.9748E-07	-5.0689E-06
3.7316E-09	-7.9364E-09	5.7948E-07	-3.0875E-06
3.7252E-09	-7.9120E-09	7.7757E-07	-5.3695E-06
3.7188E-09	-7.8877E-09	-1.1735E-06	-2.5599E-06
3.7124E-09	-7.8634E-09	2.5396E-06	-2.9163E-06
3.7060E-09	-7.8392E-09	6.8711E-07	-5.1610E-06
3.6997E-09	-7.8150E-09	-1.3191E-07	-3.5692E-06
3.6933E-09	-7.7910E-09	1.0334E-06	-2.9396E-06
3.6870E-09	-7.7670E-09	1.6104E-06	-4.6134E-06
3.6806E-09	-7.7431E-09	-5.6061E-07	-4.4444E-06
3.6742E-09	-7.7192E-09	2.5974E-07	-2.8998E-06
3.6679E-09	-7.6955E-09	5.5209E-07	-3.5108E-06
3.6616E-09	-7.6718E-09	4.9228E-07	-3.1251E-06
3.6552E-09	-7.6481E-09	7.0366E-07	-3.2170E-06
3.6489E-09	-7.6246E-09	7.3314E-07	-2.9732E-06
3.6426E-09	-7.6011E-09	1.2671E-06	-3.0832E-06
3.6363E-09	-7.5776E-09	8.2995E-07	-3.5561E-06
3.6300E-09	-7.5543E-09	1.0346E-06	-2.3813E-06
3.6237E-09	-7.5310E-09	2.5574E-06	-3.8365E-06
3.6174E-09	-7.5078E-09	1.9985E-07	-4.4254E-06
3.6111E-09	-7.4846E-09	1.2937E-06	-2.6490E-06
3.6048E-09	-7.4616E-09	1.1200E-06	-4.4720E-06
3.5985E-09	-7.4385E-09	3.8755E-07	-2.5475E-06
3.5922E-09	-7.4156E-09	2.4991E-06	-3.6338E-06
3.5859E-09	-7.3927E-09	6.0062E-07	-4.6577E-06
3.5797E-09	-7.3699E-09	6.4723E-07	-3.3279E-06
3.5734E-09	-7.3472E-09	1.1149E-06	-3.7969E-06
3.5672E-09	-7.3245E-09	5.3955E-07	-4.0395E-06
3.5609E-09	-7.3019E-09	1.1370E-08	-3.4459E-06
3.5547E-09	-7.2794E-09	3.2518E-07	-2.5919E-06
3.5484E-09	-7.2569E-09	1.3823E-06	-2.5017E-06
3.5422E-09	-7.2345E-09	1.3908E-06	-3.3970E-06
3.5360E-09	-7.2122E-09	1.3946E-06	-2.9799E-06
3.5298E-09	-7.1899E-09	1.5444E-06	-4.1532E-06
3.5235E-09	-7.1677E-09	2.9832E-07	-3.1464E-06
3.5173E-09	-7.1456E-09	1.9157E-06	-3.3377E-06
3.5111E-09	-7.1235E-09	4.2363E-07	-3.9436E-06
3.5049E-09	-7.1015E-09	1.3241E-06	-3.0434E-06
3.4988E-09	-7.0796E-09	3.4023E-07	-4.1090E-06
3.4926E-09	-7.0577E-09	3.4176E-07	-2.0848E-06
3.4864E-09	-7.0359E-09	1.7665E-06	-2.7231E-06
3.4802E-09	-7.0141E-09	1.5023E-06	-3.0347E-06
3.4741E-09	-6.9925E-09	1.8472E-06	-3.1194E-06
3.4679E-09	-6.9708E-09	2.0324E-06	-3.8795E-06
3.4617E-09	-6.9493E-09	8.8426E-07	-4.2444E-06
3.4556E-09	-6.9278E-09	9.0876E-07	-3.1534E-06
3.4495E-09	-6.9064E-09	1.4543E-06	-3.5567E-06
3.4433E-09	-6.8850E-09	1.0893E-06	-3.6846E-06
3.4372E-09	-6.8637E-09	1.1727E-06	-3.3741E-06
3.4311E-09	-6.8425E-09	1.4010E-06	-4.0822E-06
3.4250E-09	-6.8213E-09	-1.1068E-07	-3.3799E-06
3.4189E-09	-6.8002E-09	2.2791E-06	-2.2208E-06
3.4127E-09	-6.7792E-09	1.6632E-06	-5.3056E-06
3.4066E-09	-6.7582E-09	2.2841E-08	-3.3495E-06
3.4006E-09	-6.7373E-09	1.2488E-06	-3.8376E-06
3.3945E-09	-6.7165E-09	2.9089E-07	-3.2444E-06
3.3884E-09	-6.6957E-09	1.5097E-06	-3.6102E-06
3.3823E-09	-6.6749E-09	-8.0531E-09	-3.7207E-06
3.3763E-09	-6.6543E-09	1.2054E-06	-2.3744E-06
3.3702E-09	-6.6337E-09	1.9755E-06	-3.9411E-06
3.3641E-09	-6.6131E-09	6.1637E-07	-4.8463E-06
3.3581E-09	-6.5926E-09	-7.1683E-07	-3.5089E-06
3.3521E-09	-6.5722E-09	6.0063E-07	-2.4929E-06
3.3460E-09	-6.5519E-09	6.8682E-07	-3.2720E-06
3.3400E-09	-6.5316E-09	6.9711E-07	-2.9699E-06
3.3340E-09	-6.5113E-09	4.0702E-07	-3.2073E-06
3.3280E-09	-6.4911E-09	6.6956E-07	-2.3031E-06
3.3219E-09	-6.4710E-09	1.2050E-06	-2.9750E-06
3.3159E-09	-6.4510E-09	9.3383E-07	-2.5365E-06
3.3099E-09	-6.4310E-09	1.7162E-06	-3.0502E-06
3.3040E-09	-6.4110E-09	1.1093E-06	-3.1647E-06
3.2980E-09	-6.3911E-09	1.7633E-06	-3.4199E-06
3.2920E-09	-6.3713E-09	5.9522E-07	-4.1198E-06
3.2860E-09	-6.3516E-09	2.5269E-07	-2.7411E-06
3.2801E-09	-6.3319E-09	1.5422E-06	-2.4692E-06
3.2741E-09	-6.3122E-09	1.9303E-06	-4.0644E-06
3.2682E-09	-6.2926E-09	-7.4716E-08	-4.1944E-06
3.2622E-09	-6.2731E-09	3.8579E-07	-2.5172E-06
3.2563E-09	-6.2537E-09	9.9762E-07	-3.3263E-06
3.2503E-09	-6.2342E-09	2.6585E-07	-3.0414E-06
3.2444E-09	-6.2149E-09	6.8910E-07	-2.4883E-06
3.2385E-09	-6.1956E-09	1.1284E-06	-2.5216E-06
3.2326E-09	-6.1764E-09	1.5652E-06	-2.7995E-06
3.2267E-09	-6.1572E-09	1.5049E-06	-3.4640E-06
3.2208E-09	-6.1381E-09	1.1390E-06	-3.7029E-06
3.2149E-09	-6.1190E-09	2.6374E-07	-3.9999E-06
3.2090E-09	-6.1000E-09	-1.6012E-07	-2.2994E-06
3.2031E-09	-6.0811E-09	1.5785E-06	-2.8435E-06
3.1973E-09	-6.0622E-09	-6.9972E-08	-3.2542E-06
3.1914E-09	-6.0433E-09	1.0847E-06	-1.8004E-06
3.1855E-09	-6.0245E-09	1.2605E-06	-3.1057E-06
3.1797E-09	-6.0058E-09	1.0116E-06	-2.5801E-06
3.1739E-09	-5.9872E-09	9.9696E-07	-2.7393E-06
3.1680E-09	-5.9685E-09	1.8244E-06	-2.1137E-06
3.1622E-09	-5.9500E-09	2.0976E-06	-3.8988E-06
3.1564E-09	-5.9315E-09	7.4519E-07	-3.4192E-06
3.1505E-09	-5.9130E-09	1.3957E-06	-3.2458E-06
3.1447E-09	-5.8947E-09	1.1227E-06	-3.5830E-06
3.1389E-09	-5.8763E-09	9.3101E-07	-3.7804E-06
3.1331E-09	-5.8580E-09	3.9773E-07	-3.5726E-06
3.1273E-09	-5.8398E-09	2.6668E-07	-3.4422E-06
3.1216E-09	-5.8217E-09	-1.2762E-07	-2.5333E-06
3.1158E-09	-5.8035E-09	1.3842E-06	-2.4963E-06
3.1100E-09	-5.7855E-09	7.2276E-08	-3.5948E-06
3.1043E-09	-5.7675E-09	7.1397E-07	-1.1775E-06
3.0985E-09	-5.7495E-09	2.5415E-06	-3.9263E-06
3.0927E-09	-5.7316E-09	-8.3495E-07	-3.7656E-06
3.0870E-09	-5.7138E-09	4.9147E-07	-1.9408E-06
3.0813E-09	-5.6960E-09	2.8428E-07	-2.2316E-06
3.0755E-09	-5.6782E-09	1.5504E-06	-1.5790E-06
3.0698E-09	-5.6606E-09	1.4958E-06	-2.3529E-06
3.0641E-09	-5.6429E-09	2.8173E-06	-2.4965E-06
3.0584E-09	-5.6254E-09	1.3777E-06	-4.5296E-06
3.0527E-09	-5.6078E-09	1.0585E-06	-2.7190E-06
3.0470E-09	-5.5904E-09	1.5337E-06	-4.1343E-06
3.0413E-09	-5.5729E-09	3.9905E-07	-3.3671E-06
3.0356E-09	-5.5556E-09	9.8208E-07	-3.3426E-06
3.0300E-09	-5.5382E-09	1.0232E-06	-3.4637E-06
3.0243E-09	-5.5210E-09	4.4089E-07	-4.2047E-06
3.0186E-09	-5.5038E-09	-1.0003E-07	-3.2435E-06
3.0130E-09	-5.4866E-09	-5.9420E-08	-3.6784E-06
3.0073E-09	-5.4695E-09	-9.3905E-07	-2.4669E-06
3.0017E-09	-5.4524E-09	3.5853E-07	-1.8941E-06
2.9961E-09	-5.4354E-09	5.2478E-07	-2.6194E-06
2.9904E-09	-5.4185E-09	-2.2883E-07	-2.2484E-06
2.9848E-09	-5.4016E-09	9.8088E-07	-1.3178E-06
2.9792E-09	-5.3847E-09	1.1247E-06	-2.7454E-06
2.9736E-09	-5.3679E-09	8.7737E-07	-1.7803E-06
2.9680E-09	-5.3512E-09	1.8611E-06	-3.0197E-06
2.9624E-09	-5.3345E-09	3.7770E-07	-3.2728E-06
2.9569E-09	-5.3178E-09	3.2884E-07	-2.4180E-06
2.9513E-09	-5.3012E-09	9.6471E-07	-2.3784E-06
2.9457E-09	-5.2846E-09	6.8966E-08	-2.8861E-06
2.9401E-09	-5.2681E-09	6.6804E-07	-9.3490E-07
2.9346E-09	-5.2517E-09	1.9827E-06	-2.7705E-06
2.9290E-09	-5.2353E-09	6.1689E-07	-2.3287E-06
2.9235E-09	-5.2189E-09	1.4409E-06	-2.5992E-06
2.9180E-09	-5.2026E-09	8.1206E-07	-2.0349E-06
2.9125E-09	-5.1864E-09	2.2157E-06	-2.6299E-06
2.9069E-09	-5.1702E-09	1.2412E-06	-3.2394E-06
2.9014E-09	-5.1540E-09	1.2978E-06	-3.7264E-06
2.8959E-09	-5.1379E-09	-2.9026E-07	-3.0991E-06
2.8904E-09	-5.1218E-09	8.9481E-07	-2.4460E-06
2.8849E-09	-5.1058E-09	1.9377E-07	-2.7380E-06
2.8794E-09	-5.0899E-09	8.6405E-07	-2.3196E-06
2.8740E-09	-5.0739E-09	2.4420E-07	-2.2914E-06
2.8685E-09	-5.0581E-09	1.6771E-06	-1.9303E-06
2.8630E-09	-5.0423E-09	7.7600E-07	-3.4210E-06
2.8576E-09	-5.0265E-09	3.9960E-07	-2.1817E-06
2.8521E-09	-5.0108E-09	7.9130E-07	-2.2069E-06
2.8467E-09	-4.9951E-09	1.5671E-06	-2.1938E-06
2.8413E-09	-4.9794E-09	7.8523E-07	-3.5600E-06
2.8358E-09	-4.9639E-09	3.6711E-08	-1.9039E-06
2.8304E-09	-4.9483E-09	1.4810E-06	-2.4334E-06
2.8250E-09	-4.9328E-09	-5.8905E-09	-2.7413E-06
2.8196E-09	-4.9174E-09	8.3996E-07	-1.1175E-06
2.8142E-09	-4.9020E-09	1.6533E-06	-2.3488E-06
2.8088E-09	-4.8866E-09	1.1786E-06	-1.7728E-06
2.8034E-09	-4.8713E-09	2.6955E-06	-2.8230E-06
2.7981E-09	-4.8561E-09	4.5914E-07	-4.0502E-06
2.7927E-09	-4.8409E-09	3.2033E-07	-1.7569E-06
2.7873E-09	-4.8257E-09	1.8665E-06	-2.4904E-06
2.7820E-09	-4.8106E-09	8.5336E-07	-3.1397E-06
2.7766E-09	-4.7955E-09	1.2001E-06	-2.3236E-06
2.7713E-09	-4.7805E-09	1.2239E-06	-3.6785E-06
2.7660E-09	-4.7655E-09	-3.0400E-07	-2.4446E-06
2.7606E-09	-4.7505E-09	1.6305E-06	-2.0383E-06
2.7553E-09	-4.7357E-09	7.7192E-07	-3.3249E-06
2.7500E-09	-4.7208E-09	6.3181E-07	-2.4678E-06
2.7447E-09	-4.7060E-09	6.6684E-07	-2.5449E-06
2.7394E-09	-4.6912E-09	1.1062E-06	-2.4563E-06
2.7341E-09	-4.6765E-09	5.6655E-07	-2.6993E-06
2.7288E-09	-4.6619E-09	1.4283E-06	-2.1337E-06
2.7236E-09	-4.6472E-09	1.2318E-06	-3.5451E-06
2.7183E-09	-4.6326E-09	5.0773E-07	-3.2661E-06
2.7130E-09	-4.6181E-09	-3.1421E-07	-3.2350E-06
2.7078E-09	-4.6036E-09	3.9549E-08	-1.7386E-06
2.7026E-09	-4.5892E-09	6.0083E-07	-2.5134E-06
2.6973E-09	-4.5748E-09	5.3998E-07	-1.8156E-06
2.6921E-09	-4.5604E-09	1.0537E-06	-2.9589E-06
2.6869E-09	-4.5461E-09	-2.1753E-07	-2.4195E-06
2.6816E-09	-4.5318E-09	2.6712E-07	-2.0847E-06
2.6764E-09	-4.5176E-09	1.1550E-07	-1.1401E-06
2.6712E-09	-4.5034E-09	2.1234E-06	-1.5432E-06
2.6660E-09	-4.4892E-09	1.2264E-06	-3.2695E-06
2.6609E-09	-4.4751E-09	5.7130E-08	-2.7283E-06
2.6557E-09	-4.4611E-09	2.8569E-07	-1.3117E-06
2.6505E-09	-4.4470E-09	1.9890E-06	-2.3050E-06
2.6453E-09	-4.4331E-09	-5.4474E-08	-3.0373E-06
2.6402E-09	-4.4191E-09	9.1750E-07	-1.4136E-06
2.6350E-09	-4.4052E-09	5.5782E-07	-2.8168E-06
2.6299E-09	-4.3914E-09	7.8798E-07	-9.8531E-07
2.6247E-09	-4.3776E-09	1.9132E-06	-3.2682E-06
2.6196E-09	-4.3638E-09	-7.8430E-07	-2.4466E-06
2.6145E-09	-4.3501E-09	9.4127E-07	-9.2880E-07
2.6094E-09	-4.3364E-09	1.4317E-06	-1.8896E-06
2.6043E-09	-4.3228E-09	1.2916E-06	-2.3508E-06
2.5992E-09	-4.3092E-09	9.2501E-07	-1.7833E-06
2.5941E-09	-4.2956E-09	2.2940E-06	-2.5819E-06
2.5890E-09	-4.2821E-09	1.3756E-07	-3.5980E-06
2.5839E-09	-4.2686E-09	3.6081E-07	-1.4063E-06
2.5788E-09	-4.2552E-09	1.5095E-06	-2.1523E-06
2.5738E-09	-4.2418E-09	1.3408E-06	-2.8516E-06
2.5687E-09	-4.2284E-09	4.7971E-08	-3.0343E-06
2.5637E-09	-4.2151E-09	4.6657E-07	-1.5865E-06
2.5586E-09	-4.2018E-09	6.6018E-07	-2.4696E-06
2.5536E-09	-4.1886E-09	4.7886E-07	-1.1869E-06
2.5486E-09	-4.1754E-09	1.9128E-06	-2.1078E-06
2.5436E-09	-4.1622E-09	7.3767E-07	-2.6775E-06
2.5385E-09	-4.1491E-09	7.7603E-07	-1.8684E-06
2.5335E-09	-4.1360E-09	1.5053E-06	-2.1585E-06
2.5285E-09	-4.1230E-09	6.3386E-07	-2.7801E-06
2.5236E-09	-4.1100E-09	9.9874E-07	-1.3864E-06
2.5186E-09	-4.0970E-09	1.8404E-06	-2.8967E-06
2.5136E-09	-4.0841E-09	6.9065E-07	-2.6194E-06
2.5086E-09	-4.0713E-09	9.3416E-07	-3.1357E-06
2.5037E-09	-4.0584E-09	-3.5279E-07	-2.0574E-06
2.4987E-09	-4.0456E-09	1.3224E-06	-1.8767E-06
2.4938E-09	-4.0329E-09	1.8192E-07	-2.2333E-06
2.4888E-09	-4.0201E-09	1.6640E-06	-1.1917E-06
2.4839E-09	-4.0074E-09	1.8127E-06	-3.2882E-06
2.4790E-09	-3.9948E-09	7.9184E-08	-2.9670E-06
2.4741E-09	-3.9822E-09	7.4792E-07	-1.5684E-06
2.4691E-09	-3.9696E-09	1.6100E-06	-3.0113E-06
2.4642E-09	-3.9571E-09	-5.1587E-09	-2.7073E-06
2.4593E-09	-3.9446E-09	9.6765E-07	-2.4917E-06
2.4545E-09	-3.9321E-09	-3.2895E-07	-2.4552E-06
2.4496E-09	-3.9197E-09	1.1393E-06	-1.6773E-06
2.4447E-09	-3.9073E-09	7.5790E-08	-2.7140E-06
2.4398E-09	-3.8950E-09	1.0423E-06	-1.2015E-06
2.4350E-09	-3.8827E-09	1.1441E-06	-3.1679E-06
2.4301E-09	-3.8704E-09	-6.1049E-09	-2.3774E-06
2.4253E-09	-3.8582E-09	6.0881E-08	-1.8146E-06
2.4204E-09	-3.8460E-09	1.4287E-06	-1.5140E-06
2.4156E-09	-3.8339E-09	3.5605E-07	-3.2082E-06
2.4108E-09	-3.8217E-09	4.6047E-07	-9.9525E-07
2.4060E-09	-3.8097E-09	1.3276E-06	-3.2216E-06
2.4012E-09	-3.7976E-09	-5.1890E-07	-1.6578E-06
2.3964E-09	-3.7856E-09	1.3273E-06	-2.2113E-06
2.3916E-09	-3.7736E-09	-5.4133E-07	-1.9000E-06
2.3868E-09	-3.7617E-09	1.4514E-06	-1.0178E-06
2.3820E-09	-3.7498E-09	1.0293E-06	-2.3999E-06
2.3772E-09	-3.7379E-09	1.1858E-06	-2.1473E-06
2.3725E-09	-3.7261E-09	5.9496E-07	-2.8972E-06
2.3677E-09	-3.7143E-09	-2.2994E-09	-2.3157E-06
2.3630E-09	-3.7026E-09	-7.5475E-08	-1.4892E-06
2.3582E-09	-3.6908E-09	1.2717E-06	-1.3127E-06
2.3535E-09	-3.6792E-09	9.1017E-07	-2.5510E-06
2.3488E-09	-3.6675E-09	4.5734E-07	-1.9551E-06
2.3440E-09	-3.6559E-09	6.4883E-07	-2.1030E-06
2.3393E-09	-3.6443E-09	5.2186E-07	-1.8306E-06
2.3346E-09	-3.6328E-09	1.0007E-06	-2.0129E-06
2.3299E-09	-3.6213E-09	4.9026E-07	-2.7395E-06
2.3252E-09	-3.6098E-09	-5.3009E-07	-1.8332E-06
2.3205E-09	-3.5984E-09	6.1484E-07	-9.8826E-07
2.3159E-09	-3.5870E-09	8.0458E-07	-1.7886E-06
2.3112E-09	-3.5756E-09	6.3325E-07	-1.6589E-06
2.3065E-09	-3.5643E-09	3.9531E-07	-1.3923E-06
2.3019E-09	-3.5530E-09	1.7110E-06	-9.9133E-07
2.2972E-09	-3.5417E-09	1.3362E-06	-3.0688E-06
2.2926E-09	-3.5305E-09	-1.7115E-07	-1.8792E-06
2.2880E-09	-3.5193E-09	5.5060E-07	-1.4134E-06
2.2833E-09	-3.5081E-09	1.0198E-06	-9.5255E-07
2.2787E-09	-3.4970E-09	1.4955E-06	-2.0197E-06
2.2741E-09	-3.4859E-09	1.2544E-06	-1.2065E-06
2.2695E-09	-3.4748E-09	2.4472E-06	-3.4306E-06
2.2649E-09	-3.4638E-09	-1.2527E-06	-2.8760E-06
2.2603E-09	-3.4528E-09	1.2374E-06	-6.3573E-07
2.2557E-09	-3.4418E-09	7.5977E-07	-2.8961E-06
2.2511E-09	-3.4309E-09	1.9797E-07	-1.4025E-06
2.2466E-09	-3.4200E-09	8.1924E-07	-1.6037E-06
2.2420E-09	-3.4092E-09	1.0855E-06	-1.6089E-06
2.2375E-09	-3.3983E-09	6.7838E-07	-1.7438E-06
2.2329E-09	-3.3876E-09	1.7842E-06	-1.2728E-06
2.2284E-09	-3.3768E-09	1.3754E-06	-3.0857E-06
2.2238E-09	-3.3661E-09	2.7138E-07	-2.0293E-06
2.2193E-09	-3.3554E-09	1.1085E-06	-1.8603E-06
2.2148E-09	-3.3447E-09	1.0638E-06	-2.5268E-06
2.2103E-09	-3.3341E-09	1.6303E-07	-2.3231E-06
2.2058E-09	-3.3235E-09	8.4026E-07	-1.8890E-06
2.2013E-09	-3.3129E-09	-1.5924E-07	-2.3070E-06
2.1968E-09	-3.3024E-09	7.8188E-07	-6.0660E-07
2.1923E-09	-3.2919E-09	1.3629E-06	-2.4240E-06
2.1878E-09	-3.2814E-09	3.1806E-07	-1.4902E-06
2.1834E-09	-3.2710E-09	1.4313E-06	-1.6707E-06
2.1789E-09	-3.2606E-09	1.1009E-06	-2.0684E-06
2.1745E-09	-3.2502E-09	1.0466E-06	-2.1450E-06
2.1700E-09	-3.2399E-09	1.1696E-06	-2.2333E-06
2.1656E-09	-3.2296E-09	4.3452E-07	-2.6901E-06
2.1611E-09	-3.2193E-09	5.1863E-07	-1.3989E-06
2.1567E-09	-3.2090E-09	1.3976E-06	-2.3267E-06
2.1523E-09	-3.1988E-09	4.3580E-07	-2.4427E-06
2.1479E-09	-3.1886E-09	4.2334E-07	-1.8182E-06
2.1435E-09	-3.1785E-09	1.3286E-06	-1.7115E-06
2.1391E-09	-3.1684E-09	8.7441E-07	-2.9922E-06
2.1347E-09	-3.1583E-09	8.2652E-08	-1.9329E-06
2.1303E-09	-3.1482E-09	9.0944E-07	-1.7564E-06
2.1259E-09	-3.1382E-09	1.5132E-06	-2.2759E-06
2.1216E-09	-3.1282E-09	4.4926E-07	-3.5008E-06
2.1172E-09	-3.1182E-09	-1.0206E-07	-2.1978E-06
2.1129E-09	-3.1083E-09	-3.0351E-07	-2.7724E-06
2.1085E-09	-3.0984E-09	-5.7302E-07	-6.6724E-07
2.1042E-09	-3.0885E-09	1.4021E-06	-1.4328E-06
2.0998E-09	-3.0787E-09	1.2214E-06	-1.8136E-06
2.0955E-09	-3.0688E-09	1.1964E-06	-3.4845E-06
2.0912E-09	-3.0591E-09	-6.8712E-07	-2.4330E-06
2.0869E-09	-3.0493E-09	1.2670E-07	-2.5143E-06
2.0826E-09	-3.0396E-09	-1.1381E-06	-1.2305E-06
2.0783E-09	-3.0299E-09	1.2901E-06	-1.1496E-06
2.0740E-09	-3.0202E-09	1.0709E-07	-2.2228E-06
2.0697E-09	-3.0106E-09	5.5176E-07	-1.7738E-06
2.0654E-09	-3.0010E-09	-1.8917E-07	-1.5502E-06
2.0612E-09	-2.9914E-09	1.6827E-06	-1.3816E-06
2.0569E-09	-2.9818E-09	3.5933E-07	-3.5957E-06
2.0526E-09	-2.9723E-09	-1.1355E-06	-1.9746E-06
2.0484E-09	-2.9628E-09	-2.7811E-07	-7.4283E-07
2.0442E-09	-2.9534E-09	9.9857E-07	-1.2587E-06
2.0399E-09	-2.9439E-09	4.3902E-07	-1.8890E-06
2.0357E-09	-2.9345E-09	6.5853E-07	-1.8418E-06
2.0315E-09	-2.9252E-09	1.1752E-07	-2.0227E-06
2.0273E-09	-2.9158E-09	3.6093E-07	-1.8938E-06
2.0231E-09	-2.9065E-09	-2.4722E-07	-1.7592E-06
2.0189E-09	-2.8972E-09	6.3594E-07	-1.6144E-06
2.0147E-09	-2.8880E-09	-5.1005E-07	-2.2867E-06
2.0105E-09	-2.8787E-09	-2.0724E-07	-8.7296E-07
2.0063E-09	-2.8695E-09	5.9436E-08	-1.5185E-06
2.0021E-09	-2.8604E-09	-5.8859E-08	-7.4343E-07
1.9980E-09	-2.8512E-09	6.6215E-07	-9.3988E-07
1.9938E-09	-2.8421E-09	7.9602E-07	-1.1067E-06
1.9897E-09	-2.8330E-09	9.6375E-07	-1.5920E-06
1.9855E-09	-2.8239E-09	3.4964E-07	-1.9169E-06
1.9814E-09	-2.8149E-09	-2.0083E-08	-1.0180E-06
1.9773E-09	-2.8059E-09	1.1516E-06	-8.5132E-07
1.9731E-09	-2.7969E-09	1.2071E-06	-1.6296E-06
1.9690E-09	-2.7880E-09	1.3320E-06	-2.1759E-06
1.9649E-09	-2.7790E-09	6.7309E-08	-2.8094E-06
1.9608E-09	-2.7701E-09	-4.6085E-07	-1.5054E-06
1.9567E-09	-2.7613E-09	1.6116E-07	-1.0373E-06
1.9526E-09	-2.7524E-09	8.7222E-07	-1.0534E-06
1.9485E-09	-2.7436E-09	1.0837E-06	-1.8563E-06
1.9445E-09	-2.7348E-09	4.3146E-07	-2.2958E-06
1.9404E-09	-2.7261E-09	-2.1055E-07	-1.4921E-06
1.9363E-09	-2.7173E-09	1.1948E-06	-1.1898E-06
1.9323E-09	-2.7086E-09	6.9500E-07	-3.0291E-06
1.9283E-09	-2.6999E-09	-9.3598E-07	-2.0295E-06
1.9242E-09	-2.6913E-09	-4.4583E-08	-1.0558E-06
1.9202E-09	-2.6827E-09	1.5169E-07	-1.6521E-06
1.9162E-09	-2.6741E-09	-1.3849E-07	-1.0798E-06
1.9121E-09	-2.6655E-09	9.2606E-07	-1.4201E-06
1.9081E-09	-2.6569E-09	-2.4138E-07	-2.3062E-06
1.9041E-09	-2.6484E-09	-3.4763E-07	-9.1594E-07
1.9001E-09	-2.6399E-09	2.6498E-07	-1.5368E-06
1.8961E-09	-2.6315E-09	-4.2434E-07	-1.0295E-06
1.8921E-09	-2.6230E-09	5.8981E-07	-9.8725E-07
1.8882E-09	-2.6146E-09	-2.9418E-07	-1.6134E-06
1.8842E-09	-2.6062E-09	-1.0480E-07	-1.5345E-07
1.8802E-09	-2.5978E-09	1.2073E-06	-8.8013E-07
1.8763E-09	-2.5895E-09	6.0981E-07	-1.6126E-06
1.8723E-09	-2.5812E-09	2.5254E-07	-1.5136E-06
1.8684E-09	-2.5729E-09	2.0224E-07	-1.2429E-06
1.8645E-09	-2.5646E-09	1.5543E-07	-1.6724E-06
1.8605E-09	-2.5564E-09	-9.0216E-07	-1.0179E-06
1.8566E-09	-2.5482E-09	-6.7334E-08	3.2893E-07
1.8527E-09	-2.5400E-09	1.2731E-06	1.0716E-08
1.8488E-09	-2.5318E-09	1.3440E-06	-1.0387E-06
1.8449E-09	-2.5237E-09	1.2042E-06	-7.8566E-07
1.8410E-09	-2.5156E-09	1.7486E-06	-1.9228E-06
1.8371E-09	-2.5075E-09	2.3852E-07	-1.9150E-06
1.8332E-09	-2.4994E-09	9.3425E-07	-1.6720E-06
1.8293E-09	-2.4914E-09	-4.9736E-07	-1.9628E-06
1.8255E-09	-2.4834E-09	3.4785E-07	-3.3298E-07
1.8216E-09	-2.4754E-09	6.3538E-07	-1.4234E-06
1.8177E-09	-2.4674E-09	6.9412E-07	-5.6246E-07
1.8139E-09	-2.4595E-09	1.3716E-06	-1.8327E-06
1.8101E-09	-2.4516E-09	8.0006E-08	-1.6588E-06
1.8062E-09	-2.4437E-09	6.3756E-07	-1.1504E-06
1.8024E-09	-2.4358E-09	7.7175E-07	-1.4931E-06
1.7986E-09	-2.4280E-09	6.5064E-07	-2.0831E-06
1.7948E-09	-2.4202E-09	-5.8774E-07	-1.9177E-06
1.7909E-09	-2.4124E-09	-3.6185E-07	-5.2221E-07
1.7871E-09	-2.4046E-09	7.7649E-07	-6.3776E-07
1.7834E-09	-2.3969E-09	6.8393E-07	-1.6518E-06
1.7796E-09	-2.3892E-09	-4.3309E-07	-1.1574E-06
1.7758E-09	-2.3815E-09	6.0146E-07	-2.8168E-07
1.7720E-09	-2.3738E-09	6.7426E-07	-1.1630E-06
1.7682E-09	-2.3661E-09	7.9092E-07	-7.1156E-07
1.7645E-09	-2.3585E-09	7.5968E-07	-1.4624E-06
1.7607E-09	-2.3509E-09	8.0904E-07	-7.8457E-07
1.7570E-09	-2.3433E-09	9.2636E-07	-2.1447E-06
1.7532E-09	-2.3358E-09	-3.7117E-07	-9.5712E-07
1.7495E-09	-2.3283E-09	9.7177E-07	-1.1007E-06
1.7458E-09	-2.3207E-09	-7.7547E-08	-1.1406E-06
1.7421E-09	-2.3133E-09	7.4393E-07	-4.5295E-07
1.7383E-09	-2.3058E-09	1.2904E-06	-6.8661E-07
1.7346E-09	-2.2984E-09	1.6311E-06	-2.1253E-06
1.7309E-09	-2.2909E-09	-2.2716E-07	-1.8529E-06
1.7272E-09	-2.2836E-09	5.6297E-07	-1.1152E-06
1.7235E-09	-2.2762E-09	2.6723E-07	-9.8366E-07
1.7199E-09	-2.2688E-09	1.5429E-06	-1.5078E-06
1.7162E-09	-2.2615E-09	-5.5378E-07	-2.3700E-06
1.7125E-09	-2.2542E-09	-1.0584E-07	-4.7714E-08
1.7089E-09	-2.2469E-09	1.3077E-06	-1.0050E-06
1.7052E-09	-2.2397E-09	4.1011E-07	-1.8207E-06
1.7015E-09	-2.2324E-09	1.3649E-07	-4.7417E-07
1.6979E-09	-2.2252E-09	1.6409E-06	-1.6097E-06
1.6943E-09	-2.2180E-09	-5.9929E-07	-1.6823E-06
1.6906E-09	-2.2109E-09	1.0702E-06	-4.0364E-07
1.6870E-09	-2.2037E-09	4.2613E-07	-1.8737E-06
1.6834E-09	-2.1966E-09	3.4376E-07	-8.6385E-07
1.6798E-09	-2.1895E-09	5.9233E-07	-7.9661E-07
1.6762E-09	-2.1824E-09	1.6209E-06	-1.7200E-06
1.6726E-09	-2.1754E-09	-1.1023E-06	-1.7958E-06
1.6690E-09	-2.1683E-09	1.5937E-06	6.3515E-07
1.6654E-09	-2.1613E-09	1.1389E-06	-2.8766E-06
1.6618E-09	-2.1543E-09	1.9916E-07	-5.9367E-07
1.6583E-09	-2.1474E-09	1.1638E-06	-2.0823E-06
1.6547E-09	-2.1404E-09	4.2445E-07	-1.3168E-06
1.6511E-09	-2.1335E-09	4.4489E-07	-2.5532E-06
1.6476E-09	-2.1266E-09	-6.8136E-07	-8.4099E-07
1.6440E-09	-2.1197E-09	8.2678E-07	-1.4295E-06
1.6405E-09	-2.1128E-09	-3.4832E-07	-1.2325E-06
1.6370E-09	-2.1060E-09	4.7527E-07	-1.0067E-06
1.6334E-09	-2.0992E-09	5.6173E-08	-8.4703E-07
1.6299E-09	-2.0924E-09	1.2190E-06	-8.4400E-07
1.6264E-09	-2.0856E-09	5.8109E-07	-2.2189E-06
1.6229E-09	-2.0788E-09	-6.2825E-07	-1.1951E-06
1.6194E-09	-2.0721E-09	5.9739E-07	-4.2444E-07
1.6159E-09	-2.0654E-09	6.3146E-07	-1.3210E-06
1.6124E-09	-2.0587E-09	6.0127E-07	-1.0506E-06
1.6089E-09	-2.0520E-09	3.9003E-07	-1.2541E-06
1.6055E-09	-2.0454E-09	1.2142E-06	-8.5278E-07
1.6020E-09	-2.0387E-09	7.8495E-07	-2.5415E-06
1.5985E-09	-2.0321E-09	-1.7576E-07	-1.5141E-06
1.5951E-09	-2.0255E-09	2.0596E-08	-1.8793E-06
1.5916E-09	-2.0190E-09	-5.0221E-07	-1.0826E-06
1.5882E-09	-2.0124E-09	-4.3128E-07	-1.1351E-06
1.5847E-09	-2.0059E-09	-1.4002E-07	5.1374E-07
1.5813E-09	-1.9994E-09	1.9419E-06	-8.2914E-07
1.5779E-09	-1.9929E-09	4.9685E-07	-1.7869E-06
1.5745E-09	-1.9864E-09	4.1742E-07	-1.2747E-06
1.5711E-09	-1.9800E-09	5.5400E-07	-1.0783E-06
1.5676E-09	-1.9735E-09	7.7188E-07	-1.8519E-06
1.5642E-09	-1.9671E-09	-3.5838E-07	-1.3854E-06
1.5609E-09	-1.9608E-09	7.0841E-07	-8.6069E-07
1.5575E-09	-1.9544E-09	5.1367E-07	-1.8775E-06
1.5541E-09	-1.9480E-09	-1.7130E-07	-1.5270E-06
1.5507E-09	-1.9417E-09	5.9364E-08	-1.2597E-06
1.5473E-09	-1.9354E-09	-3.2337E-07	-1.2102E-06
1.5440E-09	-1.9291E-09	4.1532E-07	-4.7766E-07
1.5406E-09	-1.9228E-09	4.6041E-07	-1.7302E-06
1.5373E-09	-1.9166E-09	-5.7372E-08	-7.3304E-07
1.5339E-09	-1.9104E-09	7.6345E-07	-1.8437E-06
1.5306E-09	-1.9041E-09	-1.1434E-06	-1.2141E-06
1.5273E-09	-1.8979E-09	4.8736E-07	-1.0936E-08
1.5239E-09	-1.8918E-09	7.1980E-07	-1.2067E-06
1.5206E-09	-1.8856E-09	4.1923E-07	-1.2440E-06
1.5173E-09	-1.8795E-09	3.6417E-07	-1.1578E-06
1.5140E-09	-1.8734E-09	6.4708E-07	-1.6465E-06
1.5107E-09	-1.8673E-09	-4.7191E-07	-1.8011E-06
1.5074E-09	-1.8612E-09	-3.0617E-07	-8.2441E-07
1.5041E-09	-1.8551E-09	-1.0564E-07	-9.5388E-07
1.5008E-09	-1.8491E-09	1.2305E-07	-5.3115E-07
1.4976E-09	-1.8431E-09	6.6880E-07	-9.9966E-07
1.4943E-09	-1.8371E-09	2.3851E-07	-1.3142E-06
1.4910E-09	-1.8311E-09	4.0353E-07	-1.0592E-06
1.4878E-09	-1.8251E-09	4.6935E-07	-1.8856E-06
1.4845E-09	-1.8192E-09	-9.2028E-07	-1.7936E-06
1.4813E-09	-1.8132E-09	-6.8665E-07	-2.9674E-07
1.4780E-09	-1.8073E-09	3.2633E-07	-7.0197E-07
1.4748E-09	-1.8014E-09	-1.6036E-07	-8.6771E-07
1.4716E-09	-1.7956E-09	3.2786E-07	-6.2413E-07
1.4683E-09	-1.7897E-09	1.3549E-07	-1.0849E-06
1.4651E-09	-1.7839E-09	2.2797E-07	-7.5791E-07
1.4619E-09	-1.7781E-09	3.0724E-07	-1.3265E-06
1.4587E-09	-1.7723E-09	-5.5533E-07	-1.2339E-06
1.4555E-09	-1.7665E-09	-3.6915E-07	1.6277E-07
1.4523E-09	-1.7607E-09	1.5353E-06	-6.2742E-07
1.4491E-09	-1.7550E-09	-9.1594E-08	-1.9577E-06
1.4460E-09	-1.7492E-09	1.9550E-07	-6.9333E-07
1.4428E-09	-1.7435E-09	-4.0255E-07	-1.8339E-06
1.4396E-09	-1.7378E-09	-5.7338E-07	6.7047E-08
1.4365E-09	-1.7322E-09	3.6261E-07	-9.0886E-07
1.4333E-09	-1.7265E-09	6.5283E-08	-4.6372E-08
1.4302E-09	-1.7209E-09	9.9240E-07	-1.3163E-06
1.4270E-09	-1.7153E-09	-1.8348E-07	-8.4555E-07
1.4239E-09	-1.7097E-09	5.6007E-07	-1.4956E-06
1.4207E-09	-1.7041E-09	-1.0144E-06	-6.8775E-07
1.4176E-09	-1.6985E-09	9.6505E-07	-4.3829E-07
1.4145E-09	-1.6929E-09	-6.5213E-07	-1.6878E-06
1.4114E-09	-1.6874E-09	-5.6062E-07	4.1754E-07
1.4083E-09	-1.6819E-09	9.5860E-07	9.6800E-08
1.4052E-09	-1.6764E-09	1.2280E-06	-9.3389E-07
1.4021E-09	-1.6709E-09	4.8369E-07	-1.4285E-06
1.3990E-09	-1.6654E-09	2.3903E-07	-1.1256E-06
1.3959E-09	-1.6600E-09	2.4863E-07	-1.0575E-06
1.3928E-09	-1.6546E-09	2.2504E-07	-1.2290E-06
1.3898E-09	-1.6492E-09	-1.3162E-07	-1.0193E-06
1.3867E-09	-1.6438E-09	1.0138E-07	-7.9254E-07
1.3836E-09	-1.6384E-09	2.7187E-07	-8.1243E-07
1.3806E-09	-1.6330E-09	1.7856E-07	-1.1960E-06
1.3775E-09	-1.6277E-09	-1.6309E-07	-5.7122E-07
1.3745E-09	-1.6223E-09	7.7357E-07	-6.6218E-07
1.3714E-09	-1.6170E-09	6.7436E-07	-1.3125E-06
1.3684E-09	-1.6117E-09	2.2314E-07	-2.0270E-06
1.3654E-09	-1.6064E-09	-1.1694E-06	-1.0669E-06
1.3624E-09	-1.6012E-09	4.6270E-07	-1.1132E-07
1.3593E-09	-1.5959E-09	3.2868E-07	-1.6566E-06
1.3563E-09	-1.5907E-09	-3.4352E-07	-9.6357E-07
1.3533E-09	-1.5855E-09	1.1421E-09	-1.2163E-06
1.3503E-09	-1.5803E-09	-6.0410E-07	-8.4145E-07
1.3473E-09	-1.5751E-09	2.2874E-07	-6.2425E-07
1.3444E-09	-1.5699E-09	-2.9723E-07	-1.2945E-06
1.3414E-09	-1.5648E-09	-2.7821E-07	-6.1006E-07
1.3384E-09	-1.5597E-09	-6.2499E-07	-1.0838E-06
1.3354E-09	-1.5545E-09	-5.7713E-07	6.3171E-07
1.3325E-09	-1.5494E-09	1.2479E-06	-4.3597E-07
1.3295E-09	-1.5444E-09	-2.4964E-08	-8.8080E-07
1.3266E-09	-1.5393E-09	9.2613E-07	-4.9347E-07
1.3236E-09	-1.5342E-09	4.7751E-07	-1.7634E-06
1.3207E-09	-1.5292E-09	-5.0531E-07	-1.2045E-06
1.3177E-09	-1.5242E-09	1.7105E-07	-4.7181E-07
1.3148E-09	-1.5192E-09	3.4715E-07	-1.7907E-06
1.3119E-09	-1.5142E-09	-1.2132E-06	-9.1482E-07
1.3090E-09	-1.5092E-09	1.8389E-07	-4.2879E-07
1.3061E-09	-1.5043E-09	-9.6195E-07	-8.6606E-07
1.3032E-09	-1.4993E-09	3.5690E-07	9.6146E-07
1.3003E-09	-1.4944E-09	1.5304E-06	-1.4063E-06
1.2974E-09	-1.4895E-09	-6.5444E-07	-1.3468E-06
1.2945E-09	-1.4846E-09	4.7074E-07	2.8417E-09
1.2916E-09	-1.4797E-09	9.7396E-07	-1.5883E-06
1.2887E-09	-1.4748E-09	-2.0277E-07	-1.6143E-06
1.2858E-09	-1.4700E-09	-3.7478E-07	-1.4527E-06
1.2830E-09	-1.4651E-09	-9.7175E-07	-7.4209E-07
1.2801E-09	-1.4603E-09	-4.8569E-08	-3.0069E-08
1.2773E-09	-1.4555E-09	6.4185E-07	-6.1344E-07
1.2744E-09	-1.4507E-09	2.9873E-07	-1.4360E-06
1.2716E-09	-1.4460E-09	-3.1312E-07	-8.2963E-07
1.2687E-09	-1.4412E-09	5.1155E-07	-8.7564E-07
1.2659E-09	-1.4364E-09	2.7166E-07	-1.4299E-06
1.2631E-09	-1.4317E-09	-2.6681E-08	-1.9270E-06
1.2602E-09	-1.4270E-09	-1.2034E-06	-1.4178E-06
1.2574E-09	-1.4223E-09	-5.1230E-07	-5.8017E-07
1.2546E-09	-1.4176E-09	-4.9793E-07	-9.8920E-07
1.2518E-09	-1.4129E-09	-7.1512E-07	-6.0562E-07
1.2490E-09	-1.4083E-09	-1.3739E-07	-8.8742E-08
1.2462E-09	-1.4036E-09	3.6210E-07	-1.0834E-06
1.2434E-09	-1.3990E-09	-5.4132E-07	-6.5055E-07
1.2406E-09	-1.3944E-09	5.6241E-07	-1.0306E-06
1.2379E-09	-1.3898E-09	-1.1680E-06	-1.1082E-06
1.2351E-09	-1.3852E-09	6.6385E-07	3.6030E-07
1.2323E-09	-1.3807E-09	6.0118E-07	-1.9868E-06
1.2296E-09	-1.3761E-09	-2.5436E-07	-1.0516E-06
1.2268E-09	-1.3716E-09	1.6365E-07	-1.9522E-06
1.2240E-09	-1.3670E-09	-1.1678E-06	-1.5719E-06
1.2213E-09	-1.3625E-09	-5.8465E-07	-9.1761E-07
1.2186E-09	-1.3580E-09	-7.8536E-07	-1.4563E-06
1.2158E-09	-1.3535E-09	-1.3192E-06	-6.0217E-07
1.2131E-09	-1.3491E-09	-2.0017E-07	-4.7798E-07
1.2104E-09	-1.3446E-09	-9.4647E-07	-1.0986E-06
1.2076E-09	-1.3402E-09	-4.6592E-07	1.5501E-07
1.2049E-09	-1.3358E-09	4.4819E-07	-1.0604E-06
1.2022E-09	-1.3313E-09	-4.6621E-07	-1.3743E-06
1.1995E-09	-1.3269E-09	-5.9307E-07	-1.3400E-06
1.1968E-09	-1.3226E-09	-1.1395E-06	-1.0834E-06
1.1941E-09	-1.3182E-09	-7.6470E-07	-5.7333E-07
1.1914E-09	-1.3138E-09	-7.3443E-07	-1.0762E-06
1.1888E-09	-1.3095E-09	-1.3313E-06	-3.8657E-07
1.1861E-09	-1.3052E-09	4.3045E-08	-1.3783E-07
1.1834E-09	-1.3008E-09	-6.7142E-07	-1.7550E-06
1.1808E-09	-1.2965E-09	-1.9467E-06	6.6935E-08
1.1781E-09	-1.2922E-09	5.5973E-07	7.1330E-07
1.1754E-09	-1.2880E-09	5.9149E-07	-1.9350E-06
1.1728E-09	-1.2837E-09	-1.7626E-06	-1.4222E-06
1.1701E-09	-1.2795E-09	-9.5713E-07	2.5904E-07
1.1675E-09	-1.2752E-09	-8.2174E-08	-1.5347E-07
1.1649E-09	-1.2710E-09	6.1921E-07	-6.1366E-07
1.1622E-09	-1.2668E-09	-8.6169E-08	-2.3609E-06
1.1596E-09	-1.2626E-09	-1.9513E-06	-1.1820E-06
1.1570E-09	-1.2584E-09	-7.9734E-07	3.6597E-08
1.1544E-09	-1.2542E-09	6.1659E-08	-4.3776E-07
1.1518E-09	-1.2501E-09	2.0655E-07	-1.7952E-06
1.1492E-09	-1.2459E-09	-1.7424E-06	-1.6759E-06
1.1466E-09	-1.2418E-09	-6.8272E-07	-2.3930E-07
1.1440E-09	-1.2377E-09	-8.4873E-07	-1.6345E-06
1.1414E-09	-1.2336E-09	-1.1546E-06	-1.9357E-07
1.1388E-09	-1.2295E-09	1.1780E-07	-1.4661E-06
1.1362E-09	-1.2254E-09	-1.5490E-06	-1.7324E-06
1.1337E-09	-1.2214E-09	-1.4554E-06	-1.0365E-06
1.1311E-09	-1.2173E-09	-1.5947E-06	-4.4068E-07
1.1285E-09	-1.2133E-09	-2.7306E-07	-5.6790E-07
1.1260E-09	-1.2092E-09	-9.9062E-07	-1.8055E-06
1.1234E-09	-1.2052E-09	-1.7088E-06	-1.1457E-06
1.1209E-09	-1.2012E-09	-1.3505E-06	-5.9267E-07
1.1183E-09	-1.1972E-09	-5.3252E-07	-1.2834E-06
1.1158E-09	-1.1933E-09	-1.9936E-06	-2.2891E-06
1.1133E-09	-1.1893E-09	-2.7791E-06	-4.8702E-07
1.1107E-09	-1.1854E-09	-1.3196E-06	-2.6325E-07
1.1082E-09	-1.1814E-09	-1.7032E-06	-1.0046E-06
1.1057E-09	-1.1775E-09	-1.5247E-06	-3.8822E-07
1.1032E-09	-1.1736E-09	-1.3023E-06	-1.3990E-06
1.1007E-09	-1.1697E-09	-2.3726E-06	-8.9128E-07
1.0982E-09	-1.1658E-09	-1.3865E-06	-7.0977E-07
1.0957E-09	-1.1619E-09	-2.1392E-06	-1.6554E-06
1.0932E-09	-1.1580E-09	-2.5408E-06	-7.2157E-07
1.0907E-09	-1.1542E-09	-1.8677E-06	-1.4296E-06
1.0882E-09	-1.1504E-09	-3.9069E-06	-1.8146E-06
1.0858E-09	-1.1465E-09	-3.5188E-06	5.3500E-07
1.0833E-09	-1.1427E-09	-2.7292E-06	-1.2651E-06
1.0808E-09	-1.1389E-09	-5.3425E-06	1.1033E-07
