jMRUI Data Textfile

Filename: Export_to_jmrui.txt

PointsInDataset: 2048
DatasetsInFile: 1
SamplingInterval: 0.250000
ZeroOrderPhase: 0E0
BeginTime: 0E0
TransmitterFrequency: 1.2326E8
MagneticField: 2.8936E0
TypeOfNucleus:  
NameOfPatient:  
DateOfExperiment:  
Spectrometer:  
AdditionalInfo: 
SignalNames:  


Signal and FFT
sig(real)	sig(imag)	fft(real)	fft(imag)
Signal 1 out of 1 in file
2.7448E-06	-2.6461E-07	-2.1134E-07	1.5032E-06
2.6775E-06	-9.4897E-07	9.0030E-07	5.6122E-07
1.6913E-06	-1.5127E-06	-2.8343E-07	7.3872E-07
1.0319E-06	-1.7744E-06	1.4172E-06	9.9066E-07
-1.7831E-07	-1.6599E-06	6.2703E-08	-2.1185E-07
-8.3809E-07	-1.1814E-06	1.0901E-06	1.2573E-06
-1.1774E-06	-4.5496E-07	6.7110E-07	-1.1006E-06
-8.8087E-07	1.4334E-07	-7.9660E-07	1.1446E-06
-4.4866E-07	4.1711E-07	1.4781E-06	9.0269E-07
1.8484E-07	3.3063E-07	4.4448E-07	-1.9849E-07
4.5506E-07	5.9388E-09	2.4950E-07	5.9569E-07
5.4001E-07	-3.4863E-07	5.2309E-07	6.4706E-07
3.5273E-07	-5.4113E-07	9.0184E-07	7.2632E-07
1.1550E-07	-6.2202E-07	9.8897E-07	-9.0412E-08
-1.6963E-07	-5.0905E-07	6.7123E-08	1.1162E-07
-3.2344E-07	-3.6052E-07	3.6920E-07	5.4751E-07
-3.8514E-07	-2.0168E-07	1.9740E-07	6.2907E-07
-3.0658E-07	-1.1345E-07	5.7506E-07	9.2608E-07
-2.6420E-07	-8.8336E-08	7.7919E-07	8.7777E-07
-2.3477E-07	-6.5027E-08	1.1080E-06	4.4990E-07
-3.5034E-07	-3.4942E-08	5.1846E-07	3.9356E-07
-3.4796E-07	2.1298E-08	7.9939E-07	5.2341E-07
-4.3261E-07	1.1115E-07	4.9990E-07	6.2492E-07
-3.4192E-07	1.9495E-07	9.5972E-07	4.5896E-07
-2.0926E-07	2.5681E-07	2.3501E-07	7.1131E-07
-4.0886E-08	2.2482E-07	1.3571E-06	7.5421E-07
6.1786E-08	1.1660E-07	2.4008E-07	2.2965E-07
4.9298E-08	-1.1993E-08	1.0558E-06	1.0291E-06
-3.1440E-08	-7.6722E-08	3.8401E-07	3.7289E-07
-1.5555E-07	-1.8628E-08	1.2795E-06	1.1919E-06
-2.7430E-07	6.4213E-08	3.3794E-07	-1.3166E-08
-2.1706E-07	2.3788E-07	1.0084E-06	2.1178E-06
-2.0717E-07	3.4279E-07	2.0841E-06	-2.8390E-07
-2.1736E-08	3.5884E-07	3.5648E-08	3.1929E-07
6.8175E-08	3.2033E-07	7.7644E-07	1.0588E-06
1.6565E-07	1.9899E-07	1.1298E-06	1.4067E-06
1.7735E-07	1.0795E-07	2.2723E-06	6.2149E-07
2.0670E-07	7.0535E-08	1.2317E-06	-6.7760E-07
1.2881E-07	7.6361E-08	6.6377E-08	4.0646E-07
1.1079E-07	7.7378E-08	1.1079E-06	9.9965E-07
6.4842E-08	6.4303E-08	8.9703E-07	6.8227E-07
1.6213E-07	9.8611E-08	1.8871E-06	8.6228E-07
2.0776E-07	1.3066E-08	1.0680E-06	-5.8861E-07
2.0681E-07	-9.2737E-08	5.5459E-07	6.3474E-07
1.4586E-07	-2.3623E-07	7.5527E-07	2.7391E-07
4.0342E-08	-2.7050E-07	5.5014E-07	1.1145E-06
-4.5331E-08	-2.5332E-07	1.2402E-06	1.3792E-06
-1.9115E-07	-1.6341E-07	2.7065E-06	9.3764E-07
-1.6884E-07	1.6039E-09	1.4142E-06	-1.2336E-06
-1.3059E-07	7.9679E-08	7.0263E-07	7.9483E-07
-4.7112E-08	1.4421E-07	1.6908E-06	-6.9994E-07
1.0572E-07	2.8086E-08	-1.9794E-07	2.1330E-07
7.2698E-08	-6.0976E-08	1.3724E-06	7.9448E-07
1.5114E-08	-1.1136E-07	1.0461E-06	-1.9457E-07
-4.8287E-08	-1.4694E-07	2.7264E-07	4.1249E-08
-1.2967E-07	-9.8847E-08	5.4066E-07	1.2550E-06
-1.9949E-07	-4.7896E-08	1.8530E-06	5.6818E-07
-1.7065E-07	4.2737E-08	1.1617E-06	-4.0985E-07
-1.2892E-07	1.3235E-07	3.7190E-07	-5.0906E-08
-3.6382E-09	1.0062E-07	7.4691E-07	1.8269E-07
6.9663E-08	5.7312E-08	-5.9801E-07	-1.6805E-09
6.7971E-08	-8.9291E-08	5.6994E-07	2.6046E-06
4.8387E-08	-1.2418E-07	2.2678E-06	-5.0839E-08
-7.8767E-08	-1.4808E-07	-3.1151E-09	4.0094E-07
-2.0772E-07	-3.7799E-08	1.0465E-06	7.2790E-07
-1.7998E-07	9.3148E-09	2.5079E-07	1.1313E-06
-2.1690E-07	1.1273E-07	1.8388E-06	1.4292E-06
-1.1784E-07	1.7104E-07	1.6232E-06	2.7500E-07
-4.4651E-08	1.6431E-07	1.3508E-06	1.2464E-07
-2.2092E-08	1.5245E-07	1.0366E-06	9.8370E-08
1.6738E-08	5.0160E-08	7.3636E-07	-1.9800E-07
4.0540E-09	3.9016E-08	1.5722E-07	5.3578E-07
-5.0218E-08	2.4906E-08	5.3309E-07	5.8623E-07
-9.4505E-08	5.2558E-09	4.6020E-07	1.2052E-06
-7.7087E-08	4.5186E-08	9.3255E-07	4.5983E-07
-5.8440E-08	7.6996E-08	-1.6575E-07	1.6869E-06
2.3811E-09	1.3693E-07	2.1589E-06	1.7974E-06
4.3888E-08	8.0847E-08	1.3322E-06	4.3260E-07
1.8104E-09	5.9051E-08	1.4039E-06	7.4578E-07
-1.3631E-08	4.0283E-08	5.7573E-07	7.7761E-07
-7.3708E-08	3.1779E-08	1.6859E-06	1.9426E-06
-3.7846E-08	5.7793E-08	2.5985E-06	4.6715E-07
-2.4827E-08	1.3981E-07	1.4570E-06	-4.3799E-07
-1.7141E-08	1.7109E-07	7.1489E-07	6.9396E-07
8.3321E-08	1.1442E-07	1.9603E-06	4.7178E-07
1.3748E-07	7.2670E-08	7.6548E-07	-1.4960E-07
1.7704E-07	2.5427E-08	1.1147E-06	9.4265E-07
1.6600E-07	-6.1878E-08	1.5781E-06	2.7807E-07
3.9750E-08	-1.5118E-07	9.8008E-07	-2.0928E-07
-4.2180E-08	-1.4837E-07	1.1348E-07	8.6469E-07
-1.0558E-07	-2.4649E-08	1.8194E-06	1.4384E-06
-9.5973E-08	2.3462E-08	1.8640E-06	8.4177E-08
-8.1171E-08	1.0652E-07	1.5447E-06	-5.2280E-07
-2.3182E-09	1.4463E-07	-4.5697E-07	-4.3760E-07
1.0012E-07	1.0804E-07	4.5137E-07	2.0310E-06
1.5167E-07	4.1696E-08	1.8664E-06	5.9013E-07
1.6517E-07	-5.4651E-08	8.9740E-07	3.8167E-07
1.1133E-07	-1.2638E-07	9.3302E-07	7.5432E-07
2.4783E-08	-1.6161E-07	1.3279E-06	9.1869E-07
-5.6814E-08	-1.4796E-07	1.3941E-06	4.7257E-07
-1.0774E-07	-7.2617E-08	1.4998E-06	4.2887E-07
-7.9849E-08	-4.7510E-08	8.9946E-07	-2.1107E-07
-6.4860E-08	-2.3283E-08	6.1828E-07	8.8081E-07
-6.8847E-08	-3.6542E-08	1.1727E-06	3.2993E-07
-1.5404E-08	1.1328E-08	5.0698E-07	1.0341E-06
-4.4896E-08	-2.4486E-08	1.8896E-06	9.3615E-07
-5.6356E-08	-5.6992E-09	1.2901E-06	-2.8958E-08
-1.0866E-07	1.0549E-08	9.4730E-07	5.4758E-08
-9.0600E-08	3.0097E-08	2.5297E-07	4.5259E-07
1.6592E-08	6.8011E-08	9.4226E-07	1.0863E-06
1.3172E-08	7.3927E-08	9.7552E-07	8.3524E-07
6.4259E-08	7.9036E-08	1.6275E-06	6.8700E-07
6.2751E-08	1.6141E-10	5.9376E-07	4.1152E-08
4.8607E-08	-2.2086E-08	1.2001E-06	1.1863E-06
-3.8736E-08	-1.0600E-07	9.5849E-07	-3.7365E-07
-7.1745E-08	-1.0285E-07	-4.8862E-08	1.1633E-06
-1.1843E-07	-4.3030E-08	1.1006E-06	1.2297E-06
-1.2762E-07	3.1356E-08	1.5012E-06	1.0343E-06
-8.8416E-08	1.0006E-07	7.0277E-07	-2.0114E-07
5.3951E-09	8.2096E-08	3.1528E-07	2.0605E-06
4.9459E-08	8.5683E-08	1.9748E-06	2.1438E-07
6.2701E-08	7.7890E-08	-5.2517E-07	1.6154E-06
1.0645E-07	1.3180E-08	2.9690E-06	2.0807E-06
3.2597E-08	-4.7099E-08	1.5402E-06	-7.7347E-08
3.5475E-08	-5.5346E-08	2.1400E-06	4.5717E-07
-2.9067E-08	-4.9689E-08	4.5469E-07	-1.0730E-06
-4.0903E-08	-7.8108E-09	-2.2195E-07	1.0977E-06
-5.0651E-09	-2.2523E-08	6.9758E-07	1.2614E-06
-2.0892E-08	4.8734E-08	9.0670E-07	9.9393E-07
1.2139E-09	7.3068E-08	2.7180E-07	1.5386E-06
2.5428E-08	4.1471E-08	1.9181E-06	1.7703E-06
2.4698E-08	2.4577E-08	7.1986E-07	6.4674E-07
1.9289E-08	-2.7810E-09	1.5614E-06	2.1918E-06
9.7950E-09	-1.2028E-08	1.4979E-06	5.9512E-07
5.0663E-08	-4.5971E-09	1.4491E-06	2.1247E-06
5.5429E-08	-1.8456E-08	2.3386E-06	5.2776E-07
4.3849E-09	1.2691E-08	1.1894E-06	1.4098E-06
6.7221E-08	-4.0093E-08	2.7213E-06	7.3772E-07
1.0681E-07	-2.1619E-08	8.9523E-07	2.3084E-07
6.0724E-08	-4.5673E-08	1.8804E-06	1.8827E-06
2.9451E-09	-6.7006E-08	2.6226E-06	1.2190E-07
1.9047E-08	-4.9124E-08	1.1975E-06	5.2401E-07
-2.8487E-08	-5.9563E-08	2.5287E-06	7.9406E-07
-5.7657E-08	-1.7249E-08	1.8198E-06	-6.3081E-07
-5.5125E-08	-4.5162E-08	9.7420E-07	-1.2545E-07
-1.0649E-08	1.4670E-09	4.3590E-07	6.1120E-07
-4.8151E-09	1.6032E-08	1.9681E-06	1.5563E-06
2.9828E-08	-9.7521E-09	2.1470E-06	-5.3021E-07
3.9326E-09	-2.0733E-08	7.4274E-07	4.6699E-08
2.9058E-09	-2.3845E-10	1.0190E-06	2.4494E-07
4.1143E-08	-8.2389E-08	7.4682E-07	8.0085E-07
-1.7971E-08	-5.3795E-08	1.6789E-06	7.7264E-07
-3.3330E-08	-3.9896E-08	1.3979E-06	4.1903E-08
-4.9990E-08	-2.1382E-08	1.2160E-06	1.2466E-07
-4.5176E-08	3.0528E-08	6.6866E-07	-5.6629E-07
-1.9485E-08	8.1929E-10	-6.4461E-07	9.4296E-07
-1.2050E-08	4.4935E-10	1.4926E-06	1.6313E-06
1.4544E-08	4.2563E-08	7.7517E-07	1.6709E-07
-1.1903E-08	4.9338E-08	8.7539E-07	9.7539E-07
1.3512E-08	1.7037E-08	-2.1052E-07	3.4257E-07
-2.5814E-08	-3.1802E-08	3.7379E-07	2.9579E-06
2.4673E-08	-4.9075E-10	2.0204E-06	1.3596E-06
4.2566E-08	-4.6903E-08	1.4113E-06	1.7757E-06
1.8334E-08	-7.2449E-08	2.2008E-06	6.7151E-07
-2.1093E-08	-3.4369E-08	1.0505E-06	1.0983E-06
-9.3439E-09	-5.2457E-08	1.9177E-06	9.4949E-07
-2.7808E-08	7.8896E-09	1.4940E-06	8.2654E-07
-7.3682E-08	1.4400E-08	1.2064E-06	8.6499E-08
-4.0987E-08	3.7824E-08	7.0377E-09	2.1517E-06
-3.4156E-08	4.8515E-08	3.2589E-06	2.0598E-06
9.4310E-09	1.8464E-08	1.8872E-06	-6.5105E-08
6.2145E-08	5.9430E-08	1.8605E-06	8.2207E-07
5.2783E-08	9.8107E-09	1.2445E-06	1.4732E-09
6.3457E-08	3.6107E-09	8.8735E-07	1.3657E-06
6.8296E-08	-4.4540E-08	1.8677E-06	1.4411E-06
5.4517E-08	3.3218E-08	2.4435E-06	1.1422E-06
3.1581E-08	-7.5862E-09	2.5252E-06	9.5276E-09
2.6861E-08	-1.2327E-08	1.5428E-06	-1.8951E-08
-6.0579E-09	-4.0259E-08	1.9844E-06	-3.6591E-08
5.1262E-08	-5.4679E-08	4.9831E-07	-8.9830E-07
1.2749E-08	-2.9461E-08	1.7808E-08	1.6523E-06
6.3448E-08	-3.0472E-08	2.3823E-06	1.0214E-06
3.9523E-08	-3.8557E-08	9.3603E-07	-1.2770E-07
4.1269E-08	-4.5143E-08	8.5285E-07	1.3333E-06
3.0189E-08	-4.4297E-08	2.1846E-06	1.0772E-06
7.5242E-09	-1.0698E-07	1.6607E-06	-4.2643E-07
1.0967E-10	-3.7933E-08	3.3535E-07	8.3241E-07
2.6038E-10	-8.6223E-08	2.2414E-06	1.1481E-06
-1.7423E-08	-5.5876E-08	1.5022E-06	-6.8312E-07
-8.6597E-09	-5.0956E-08	1.3989E-07	2.3523E-07
-2.8986E-08	4.8832E-09	6.8853E-07	1.2780E-06
-3.2815E-08	-2.6012E-08	1.3585E-06	8.0194E-07
-6.7045E-08	1.4769E-08	7.0852E-07	8.9188E-07
-2.8975E-10	-8.6230E-09	1.5157E-06	1.3027E-06
-2.4752E-08	1.5921E-08	1.2063E-06	4.7405E-07
6.6004E-09	-1.3100E-08	9.9006E-07	1.4052E-06
1.7221E-08	3.2516E-09	2.0094E-06	9.2963E-07
-5.3028E-09	-7.1888E-09	1.1461E-06	3.7188E-07
2.6977E-08	-4.1355E-08	1.2743E-06	1.1161E-06
-6.4356E-09	-2.4935E-08	1.3745E-06	7.5628E-07
-6.0116E-09	-2.3129E-08	1.6752E-06	1.2756E-06
-1.7305E-08	2.1797E-08	2.0712E-06	1.5871E-07
7.4898E-09	7.8326E-09	1.2932E-06	3.6761E-07
6.8537E-09	-1.9742E-08	1.5342E-06	-2.7191E-07
6.9235E-09	3.5802E-10	7.8063E-08	1.8889E-07
-3.7012E-08	-2.3617E-08	9.1355E-07	9.2748E-07
-3.2914E-08	-2.4098E-08	5.1303E-07	5.0857E-07
3.4725E-09	5.9158E-10	4.3058E-07	1.1626E-06
-1.4877E-09	-3.1540E-08	7.2734E-07	1.4416E-06
-5.3129E-08	5.9307E-09	8.9644E-07	1.3587E-06
-9.0521E-10	1.5520E-08	1.0753E-06	1.8533E-06
2.5930E-08	1.2671E-08	1.4347E-06	1.2453E-06
3.6497E-08	-1.9297E-08	1.1765E-06	2.4415E-06
5.0275E-08	2.2247E-08	3.5879E-06	1.2664E-06
3.9961E-08	8.0556E-09	1.6343E-06	-4.3992E-07
3.9010E-08	-2.3946E-09	1.2203E-06	1.3364E-07
5.4649E-08	7.8842E-09	-4.1518E-07	8.6775E-07
3.7059E-08	-2.8643E-08	1.7724E-06	3.1750E-06
3.0847E-08	2.3814E-08	3.2377E-06	5.5575E-07
3.8734E-08	1.2823E-08	1.4373E-06	-2.5088E-07
5.2278E-08	-1.3889E-08	9.9279E-07	1.0067E-06
4.7039E-08	1.6883E-08	2.0770E-06	2.1065E-07
2.0628E-08	-3.3383E-08	-1.5415E-07	2.5152E-07
8.0959E-08	-7.3406E-08	1.5236E-06	1.8675E-06
4.0254E-08	-5.0466E-08	4.9698E-07	2.9881E-07
1.6907E-08	-8.8844E-08	1.1491E-06	3.1006E-06
-2.3167E-08	-3.2367E-08	3.1700E-06	5.8762E-07
2.8885E-09	-2.0061E-09	7.8611E-07	2.8462E-07
-2.0121E-08	-1.6854E-08	1.2036E-06	1.7926E-06
-2.3466E-08	-1.8377E-08	2.4507E-06	1.3118E-06
-2.0036E-08	-4.8309E-09	1.6993E-06	4.5215E-07
9.8416E-09	2.1480E-08	2.1175E-06	1.0717E-06
2.9168E-08	1.3147E-08	1.6502E-06	-2.9455E-07
2.3109E-08	-2.2012E-08	8.4527E-07	1.0423E-06
3.3050E-08	-3.6878E-09	1.7085E-06	8.7858E-07
-5.2876E-09	-3.8474E-08	1.7159E-06	9.0699E-07
-3.2878E-09	-5.5646E-08	1.6787E-06	2.6754E-07
6.1683E-08	-4.0083E-08	1.5686E-06	7.8120E-07
1.4407E-08	-5.8986E-08	1.6396E-06	-4.4546E-07
9.8954E-09	-4.3723E-09	5.1075E-08	4.2210E-07
-7.1010E-09	-4.5272E-08	8.0342E-07	1.1082E-06
-7.5941E-09	1.3080E-09	8.4832E-07	1.5407E-06
-6.3683E-08	-1.4564E-08	1.8887E-06	1.0395E-06
-9.7816E-09	1.2348E-08	7.4374E-07	8.0135E-07
-1.2093E-08	-8.7196E-09	1.6910E-06	1.8297E-06
-2.5998E-08	-4.5757E-08	2.2496E-06	5.5819E-07
3.6350E-09	-4.6575E-09	1.4291E-06	-1.0442E-07
1.1352E-08	1.5448E-08	7.5395E-08	4.7833E-07
-4.8575E-08	-9.2398E-09	1.2109E-06	2.1207E-06
-4.0997E-08	3.5846E-08	1.8939E-06	1.1407E-07
-3.0466E-08	-1.6904E-09	-2.6241E-07	1.2329E-06
-9.0341E-09	3.1382E-08	1.9976E-06	2.4327E-06
1.3697E-08	4.2501E-08	2.1052E-06	6.9129E-07
1.9019E-08	-1.4608E-08	1.7230E-06	5.4713E-07
8.6615E-09	2.4970E-08	6.0509E-07	3.9737E-07
5.0598E-08	8.2626E-09	1.0668E-06	1.9525E-06
1.8674E-09	9.1221E-09	1.8144E-06	1.0170E-06
4.7058E-08	-1.9988E-09	1.4016E-06	1.4511E-06
2.5414E-08	6.0228E-09	2.4509E-06	9.5478E-07
5.9597E-08	1.7883E-08	1.4609E-06	-2.4290E-07
2.7503E-08	-1.2442E-08	2.9123E-07	8.6009E-07
4.8941E-08	-7.2041E-09	1.2826E-06	1.6331E-06
3.5010E-08	-1.3134E-08	1.4117E-06	1.1150E-06
4.9504E-08	-2.4021E-08	1.3049E-06	1.2357E-06
-2.7637E-09	-2.0736E-09	1.3583E-06	1.8166E-06
3.6073E-08	-3.8501E-08	2.8618E-06	1.2757E-06
3.8155E-08	-1.7936E-08	1.4508E-06	-2.7918E-08
7.6777E-09	-2.6794E-08	1.5153E-06	1.1510E-06
1.9124E-08	-3.8457E-09	1.1272E-06	7.4134E-07
1.9149E-08	1.3668E-09	2.5519E-06	1.9636E-06
2.0376E-08	-4.2547E-11	2.4907E-06	-1.3897E-06
5.3153E-08	-2.8014E-08	-4.1119E-07	3.7022E-07
1.9277E-08	-1.9717E-09	1.0728E-06	1.1537E-06
3.5378E-08	-2.2905E-08	6.3012E-07	1.5342E-06
-3.0129E-10	-4.7907E-08	2.2364E-06	1.6757E-06
1.7005E-08	-2.5492E-08	2.0224E-06	2.0912E-07
-1.8783E-08	-4.1431E-08	1.0003E-06	9.7684E-08
-1.5834E-08	-4.0054E-08	6.1870E-07	9.0470E-07
-4.0481E-08	2.4236E-08	1.0057E-06	1.1435E-06
-3.0013E-08	-1.2217E-08	1.2382E-06	1.2626E-06
-2.8838E-08	1.2980E-08	1.2550E-06	7.9419E-07
8.2891E-10	-3.1922E-08	8.5255E-07	1.3755E-06
-3.0057E-08	-2.2961E-08	1.7727E-06	1.4053E-06
9.0610E-09	-1.5584E-08	1.6577E-06	4.8604E-07
4.1318E-08	-3.8959E-08	7.3375E-07	5.2892E-07
-3.1763E-08	-4.7474E-08	8.6405E-07	1.1311E-06
-9.5752E-09	-3.5003E-08	4.4688E-07	9.9811E-07
-2.0814E-08	2.5151E-08	7.8813E-07	2.3327E-06
-2.6750E-08	-1.7244E-09	1.9964E-06	1.5463E-06
-2.9506E-08	3.6572E-08	1.4234E-06	9.0174E-07
-1.1158E-08	6.2975E-09	6.5747E-07	1.1674E-06
-1.8911E-08	-9.5086E-09	1.3481E-06	2.2474E-06
5.1127E-08	1.8665E-08	1.6454E-06	1.0103E-06
3.5992E-08	1.0221E-08	9.0116E-07	2.1813E-06
5.8928E-09	3.5981E-09	2.5078E-06	1.7865E-06
2.3649E-08	4.3536E-08	1.7201E-06	1.1020E-06
9.3090E-09	9.6233E-09	1.9644E-06	1.4367E-06
3.9794E-08	-1.3272E-08	2.1171E-06	9.3317E-07
4.2280E-08	3.8093E-08	1.3576E-06	4.0263E-07
-2.2210E-08	-2.8248E-08	5.4942E-07	1.7251E-06
2.9704E-08	-3.5453E-09	2.2368E-06	2.7035E-06
1.0296E-08	-8.4661E-09	3.6814E-06	8.8359E-07
2.9444E-09	1.5435E-08	1.6045E-06	-5.9237E-07
-3.5952E-08	5.0133E-09	1.5392E-06	1.3116E-06
-1.0275E-08	-1.5107E-08	2.0917E-06	-5.0154E-07
1.4058E-08	1.7726E-08	4.1811E-09	5.0544E-07
-3.4594E-08	-2.8809E-09	1.0411E-06	1.2626E-06
2.1519E-08	1.5400E-09	8.6490E-07	1.3548E-06
-9.2875E-09	9.3103E-09	1.1776E-06	1.4385E-06
3.4006E-08	7.2822E-09	1.6230E-06	2.1162E-06
7.6696E-09	-2.0462E-09	2.5111E-06	3.6818E-07
-2.8213E-08	8.8314E-09	1.9052E-07	8.7327E-07
1.8556E-08	3.7541E-08	1.9206E-06	2.1000E-06
1.1959E-08	-8.4087E-09	1.8121E-06	7.3847E-07
8.1299E-09	-1.0766E-08	1.4833E-06	1.0933E-06
2.8207E-09	-8.4976E-09	1.6521E-06	9.6650E-07
5.2344E-08	-1.0088E-08	1.3528E-06	6.2718E-07
3.8295E-08	4.1848E-09	1.2282E-06	1.1890E-06
5.8463E-08	-3.9487E-08	1.3580E-06	1.5896E-07
1.3747E-08	-2.2486E-08	-5.4618E-07	1.4075E-06
-1.1402E-08	4.9906E-09	1.5905E-06	2.6760E-06
3.6003E-08	2.1283E-08	1.4126E-06	1.2235E-06
-3.1323E-08	-5.5705E-08	1.2397E-06	2.3114E-06
3.2022E-08	-2.3894E-09	2.6167E-06	1.9592E-06
1.5576E-08	-4.5593E-08	2.2899E-06	4.3993E-07
-2.1469E-08	-3.1050E-08	1.0218E-06	8.8065E-07
3.9726E-08	8.7818E-10	1.3771E-06	1.3650E-06
-1.8048E-08	3.3048E-09	1.4266E-06	1.6783E-06
-3.1753E-08	6.9818E-09	2.2545E-06	1.1053E-06
-1.8746E-08	-3.0777E-09	1.0051E-06	5.3073E-07
-1.3683E-08	1.1210E-08	7.4150E-07	1.7664E-06
-1.9936E-08	3.6739E-08	1.7878E-06	2.3045E-06
-1.1449E-09	-6.7652E-09	2.3846E-06	9.8037E-07
-1.6515E-08	3.5994E-08	9.9609E-07	1.3501E-06
-3.7627E-09	5.1385E-09	2.4924E-06	1.7683E-06
1.1677E-08	2.8683E-08	1.5999E-06	3.0523E-07
-1.6714E-08	3.3565E-08	1.1370E-06	1.5531E-06
-2.7312E-09	-2.7240E-08	1.6771E-06	1.1625E-06
-4.3545E-08	2.5472E-08	9.5346E-07	1.6060E-06
3.2140E-09	-2.0756E-08	2.2153E-06	2.3192E-06
-3.1896E-08	2.3092E-08	2.3883E-06	6.4592E-07
-1.5896E-08	2.7720E-08	1.2134E-06	1.5120E-06
-9.7311E-09	1.4547E-08	2.6829E-06	1.3707E-06
1.7226E-08	2.8234E-08	1.5926E-06	4.5305E-07
-1.9216E-08	-2.4837E-09	1.7719E-06	1.2752E-06
-2.0663E-08	1.5710E-08	1.7414E-06	4.3922E-07
-1.1050E-08	1.9457E-08	8.0833E-07	9.2170E-07
-5.6322E-08	1.0700E-08	1.3248E-06	1.6185E-06
2.7780E-08	3.4209E-08	1.3380E-06	1.1407E-06
5.0649E-08	2.8170E-08	1.0359E-06	2.0227E-06
4.4920E-08	4.6005E-08	2.2543E-06	2.1757E-06
3.6152E-08	1.0504E-08	2.7694E-06	1.1547E-06
9.0903E-09	9.2457E-09	1.5401E-06	2.8365E-07
4.6794E-08	-5.2608E-09	1.5855E-06	1.9927E-06
-7.9858E-09	-1.4457E-08	2.5974E-06	2.4799E-07
5.4425E-08	-2.3384E-08	7.8235E-07	1.0251E-06
2.8778E-08	1.2259E-08	1.9750E-06	7.0013E-07
1.5652E-08	-2.6928E-08	1.9085E-07	1.5679E-06
2.1863E-08	6.0645E-09	2.9808E-06	1.9045E-06
2.8240E-08	6.7822E-09	9.6972E-07	-5.4260E-08
-7.7043E-09	-3.6405E-08	1.1885E-06	2.1597E-06
-1.5955E-08	-3.8365E-08	2.1487E-06	1.3280E-06
-6.0811E-09	-4.2609E-08	1.9381E-06	3.3254E-07
-8.9429E-09	-2.5768E-08	-2.2582E-07	1.0463E-06
2.0564E-08	4.1035E-08	1.7547E-06	2.9457E-06
-2.1398E-08	-1.1139E-08	1.7855E-06	1.6298E-06
-2.4123E-08	-2.2872E-09	3.2076E-06	2.4210E-06
-4.9518E-09	3.9586E-09	2.8664E-06	-7.3282E-07
-4.7261E-08	2.7620E-09	5.1383E-07	5.1071E-07
3.0865E-08	1.0886E-08	1.1421E-06	1.5626E-06
-2.3041E-10	-3.0861E-08	2.1974E-06	1.4643E-06
-5.9633E-09	1.4210E-08	1.3330E-06	1.9127E-07
-2.6217E-08	-8.2074E-09	9.5482E-07	1.6444E-06
1.1312E-08	5.4856E-08	1.4446E-06	1.0798E-06
1.5188E-09	2.6491E-08	1.3082E-06	1.7189E-06
-1.6173E-08	-1.2404E-08	1.3518E-06	1.0074E-06
-6.0381E-08	5.9478E-09	1.2202E-06	2.4329E-06
5.6150E-08	1.0884E-08	2.6094E-06	8.5525E-07
3.6077E-08	1.1293E-08	2.5450E-07	1.3845E-06
-6.9416E-09	1.8885E-08	2.5863E-06	2.6466E-06
6.5437E-08	-4.8780E-09	2.0341E-06	2.0030E-07
1.6690E-08	1.0615E-08	6.6253E-07	1.7822E-06
1.2847E-08	-4.3399E-09	2.1885E-06	2.2884E-06
7.3872E-09	1.7898E-08	2.6081E-06	1.2179E-06
-2.0818E-08	9.9366E-10	1.7888E-06	6.2611E-07
-2.6739E-08	3.6729E-09	1.4136E-06	1.2963E-06
9.3422E-10	1.7941E-08	1.5550E-06	1.1704E-06
-2.2907E-08	7.1897E-09	1.3128E-06	1.9248E-06
-2.6456E-08	6.6376E-09	2.6206E-06	1.6707E-06
-6.8003E-09	2.2479E-08	1.8144E-06	5.8506E-07
5.0380E-09	4.3659E-08	1.2125E-06	1.6071E-06
-1.7361E-08	2.9782E-08	2.5089E-06	2.0187E-06
4.0968E-08	2.4552E-08	2.6351E-06	1.8127E-07
2.1755E-08	3.3072E-08	7.8386E-07	9.3907E-07
7.4462E-09	-1.2786E-08	2.4053E-06	1.6990E-06
8.8870E-09	1.4651E-08	1.9822E-06	1.7040E-07
-1.0013E-08	1.3178E-08	1.1178E-06	4.7384E-07
1.5401E-08	-2.3080E-08	3.7772E-07	1.2581E-06
-2.8105E-08	6.5119E-09	1.6294E-06	2.3813E-06
2.1278E-10	1.8129E-08	2.1646E-06	1.2470E-06
7.4971E-09	6.1917E-09	1.9030E-06	1.0525E-06
3.4791E-08	-2.0116E-10	1.3010E-06	8.6866E-07
-9.5033E-10	6.0572E-08	1.6459E-06	1.6322E-06
-1.1208E-08	2.4018E-10	1.7162E-06	8.2475E-07
6.5349E-09	3.6720E-08	1.5317E-06	1.3944E-06
-4.2524E-08	-2.7487E-08	1.7112E-06	3.2860E-07
-4.5569E-08	2.3390E-09	-5.9615E-08	1.1486E-06
-8.7932E-09	-4.7258E-09	1.2146E-06	2.6490E-06
-4.4780E-08	-1.3146E-08	2.0308E-06	1.9532E-06
2.6438E-08	1.2452E-08	2.4453E-06	1.3830E-06
-6.5739E-08	2.5292E-08	1.3588E-06	2.6688E-07
2.4720E-08	1.8229E-08	5.2594E-07	1.9313E-06
-1.9099E-08	6.1346E-08	1.7421E-06	2.0411E-06
2.1699E-08	-8.3929E-09	1.9695E-06	2.1266E-06
2.7879E-08	-8.9560E-09	2.5251E-06	7.5236E-07
-2.6621E-08	6.0994E-10	6.0791E-07	1.4064E-06
2.4866E-08	-1.7172E-08	2.5097E-06	2.0428E-06
-6.3192E-10	3.1893E-08	1.3703E-06	7.7717E-07
6.1052E-09	1.0473E-09	1.7941E-06	2.0736E-06
1.1667E-08	4.8779E-08	1.9731E-06	1.3299E-06
-1.0233E-08	2.8480E-08	2.5828E-06	1.3390E-06
-3.2405E-08	-8.7415E-10	1.3262E-06	-1.9941E-07
-4.3851E-08	1.3273E-08	4.1149E-07	1.9997E-06
-1.8952E-08	3.0855E-08	2.1938E-06	1.9147E-06
3.3140E-08	3.4726E-09	1.8433E-06	8.8332E-07
-1.7931E-08	1.8244E-08	1.0384E-06	1.1745E-06
6.4207E-09	2.5347E-08	1.3370E-06	1.6627E-06
-1.8816E-08	2.9591E-09	1.0543E-06	1.8152E-06
1.2619E-08	1.1699E-08	2.0916E-06	2.4427E-06
7.1278E-09	7.3144E-08	2.2164E-06	1.1497E-06
3.0302E-08	5.1714E-08	1.5481E-06	1.4425E-06
-1.6852E-08	-1.4886E-08	1.6575E-06	1.7692E-06
-2.6372E-08	4.4041E-08	2.4279E-06	1.5789E-06
1.8886E-09	-4.8442E-09	1.4314E-06	6.7987E-07
2.1873E-09	2.6209E-08	1.4121E-06	2.1588E-06
2.2221E-08	-1.2278E-08	2.1991E-06	1.2380E-06
-1.7591E-08	3.3983E-08	1.1634E-06	1.6590E-06
-1.4307E-08	1.2549E-08	2.4499E-06	2.4165E-06
-1.1419E-08	-1.9242E-08	2.9470E-06	5.6036E-07
2.5379E-08	4.0707E-08	8.5450E-07	7.4536E-07
2.5637E-08	8.1937E-09	1.9875E-06	2.2279E-06
-9.6183E-09	-1.3294E-08	2.4290E-06	1.0143E-06
1.4637E-08	1.2507E-09	2.0083E-06	8.0395E-07
-1.5897E-08	2.2845E-08	1.5238E-06	1.1157E-06
-8.8646E-09	1.3889E-08	2.6489E-06	5.0315E-07
-2.2062E-08	-6.7857E-09	-3.6869E-07	-2.4998E-07
1.0569E-08	-1.0081E-08	1.3509E-06	3.5179E-06
-2.1398E-08	-1.3388E-08	2.7515E-06	-2.5916E-07
-2.0003E-09	2.4993E-08	-2.7928E-07	9.4303E-07
-2.4869E-08	6.8948E-09	5.9975E-07	1.9294E-06
-1.2371E-08	3.1524E-09	1.1871E-06	2.9866E-06
7.1893E-09	-4.2101E-08	2.3386E-06	1.3267E-06
9.1654E-10	-2.4723E-09	5.2090E-07	2.0731E-06
-3.3143E-08	4.7063E-09	2.2998E-06	2.8175E-06
2.2704E-08	-1.9911E-09	2.6417E-06	1.9022E-06
1.6910E-09	-2.4937E-09	2.6388E-06	7.8253E-07
1.7765E-08	2.7636E-08	1.0672E-06	9.4436E-07
2.2923E-08	2.5236E-08	1.4535E-06	2.0841E-06
1.8401E-08	2.4229E-08	2.3524E-06	1.9772E-06
-1.7893E-08	1.1730E-08	2.1220E-06	9.6628E-07
-4.0398E-08	1.4599E-08	1.8514E-06	1.8682E-06
-1.8710E-08	2.6487E-09	2.6499E-06	6.6469E-07
1.3551E-08	2.5573E-08	1.1993E-06	1.0424E-06
-2.7389E-08	1.1862E-08	2.1375E-06	8.8561E-07
-2.7198E-08	-2.8284E-08	6.1347E-07	9.9014E-07
2.9925E-08	1.7882E-08	1.9024E-06	1.8973E-06
-4.0648E-08	-3.8252E-09	1.3605E-06	9.6002E-07
-3.5194E-08	4.3098E-08	1.7507E-06	1.7215E-06
-7.6128E-09	4.3304E-08	1.5208E-06	7.1445E-07
-4.7679E-08	-5.8574E-09	1.0369E-06	1.6187E-06
1.6600E-08	4.8561E-08	1.6987E-06	1.2523E-06
3.8790E-09	-1.7670E-08	7.2698E-07	1.1434E-06
-1.1036E-08	1.3762E-08	1.1340E-06	2.3494E-06
2.5777E-08	1.9887E-08	1.8717E-06	1.3122E-06
-1.8141E-08	-3.0463E-08	3.8701E-07	1.9094E-06
1.0961E-08	8.5322E-09	2.4040E-06	3.0134E-06
4.8034E-08	1.5169E-09	2.4235E-06	6.3948E-07
1.3663E-08	1.9682E-08	8.9292E-07	1.4120E-06
-8.3884E-09	6.5135E-09	1.5269E-06	1.9249E-06
4.1093E-08	2.5550E-08	1.7723E-06	1.9051E-06
3.3433E-08	4.6000E-08	2.0083E-06	1.3160E-06
-1.9549E-09	1.5771E-08	1.2667E-06	1.3541E-06
1.8050E-08	-8.2002E-09	1.5858E-06	1.6478E-06
3.2487E-08	3.5062E-08	1.2434E-06	1.4291E-06
-3.2995E-08	-1.0564E-08	1.2641E-06	1.9578E-06
-1.2264E-08	2.5455E-08	1.4429E-06	1.9741E-06
-1.7437E-08	1.4595E-08	1.7260E-06	2.2946E-06
1.9316E-08	1.8243E-08	2.5089E-06	1.7822E-06
4.0632E-09	3.9329E-08	1.6115E-06	4.9762E-07
6.8748E-08	-1.7065E-09	6.1700E-08	2.3273E-06
7.5682E-08	-3.3140E-08	2.9252E-06	3.3574E-06
-1.6788E-08	-6.6828E-09	2.8399E-06	5.4731E-07
-2.8309E-08	5.0792E-08	1.5002E-06	1.2509E-06
-1.6373E-08	7.7519E-09	1.7227E-06	9.9169E-07
-1.8154E-08	-5.4737E-09	1.1243E-06	1.5676E-06
-7.7434E-08	7.2339E-09	1.7967E-06	1.4498E-06
-3.2199E-09	-7.5133E-09	1.1565E-06	1.2233E-06
-2.0170E-08	3.4578E-08	1.0596E-06	1.6169E-06
-1.4913E-08	2.0075E-08	9.1961E-07	2.1096E-06
2.8044E-08	2.7343E-08	1.8352E-06	2.4553E-06
2.5128E-09	5.3228E-08	1.8357E-06	1.4343E-06
-1.1555E-08	1.7080E-08	1.0584E-06	2.2379E-06
3.1610E-09	-1.3109E-08	2.6340E-06	2.4024E-06
2.1214E-08	1.1954E-08	2.0337E-06	7.8557E-07
-4.8765E-08	-1.0896E-08	1.1449E-06	1.7717E-06
-4.1938E-09	-3.4596E-09	2.0366E-06	1.9776E-06
-1.5129E-08	-5.4044E-09	2.0414E-06	1.1296E-06
-1.5920E-08	4.8353E-11	1.1583E-06	1.4448E-06
-2.6923E-08	5.1292E-08	2.2009E-06	1.5786E-06
-4.5598E-08	-9.1391E-09	7.0131E-07	4.5401E-07
-3.7292E-08	1.4390E-08	9.7073E-07	2.8391E-06
1.6525E-08	1.2800E-08	2.1744E-06	9.0436E-07
-1.3542E-08	1.7819E-09	2.5012E-07	1.7839E-06
2.2792E-08	5.7349E-09	1.9127E-06	2.0305E-06
-8.7078E-10	3.5307E-08	6.8978E-07	1.1202E-06
-9.5471E-09	3.0296E-09	4.2467E-07	2.3930E-06
1.1993E-08	2.1922E-09	7.9162E-07	3.0032E-06
-4.9606E-08	-1.7279E-08	2.0598E-06	3.6370E-06
-1.2541E-08	2.9124E-08	3.2917E-06	2.0423E-06
3.6661E-08	1.1499E-08	1.6670E-06	1.1484E-06
-3.8100E-08	2.1422E-08	2.1885E-06	2.3424E-06
-2.8453E-08	4.3055E-08	2.2915E-06	4.8839E-07
-3.7639E-08	8.4608E-09	6.4024E-07	1.3150E-06
4.3719E-08	2.9419E-08	1.1458E-06	1.5170E-06
1.9919E-08	3.2494E-08	2.9534E-07	2.1110E-06
-2.0669E-08	2.8292E-08	1.3285E-06	3.0120E-06
-2.3543E-08	1.5391E-08	2.0982E-06	2.2417E-06
3.3591E-08	-1.2504E-08	1.0916E-06	1.5347E-06
-2.2780E-08	-1.5074E-08	1.0911E-06	3.1570E-06
7.2010E-09	1.5027E-09	2.1686E-06	2.1110E-06
1.0912E-08	2.9477E-08	1.3050E-06	2.6979E-06
-1.8988E-08	-1.9753E-10	2.3697E-06	1.9492E-06
-2.1773E-08	2.3649E-08	7.0076E-07	2.6764E-06
-2.0786E-09	1.1685E-08	3.3047E-06	3.0787E-06
-1.7542E-08	2.4622E-08	1.7070E-06	9.1148E-07
6.7639E-09	-1.0601E-08	1.4745E-06	2.9236E-06
2.2724E-08	7.2581E-09	2.2925E-06	2.3041E-06
5.0768E-09	-3.6855E-09	2.5552E-06	2.4686E-06
-1.6693E-08	2.9390E-08	2.5366E-06	1.2306E-06
2.1299E-08	1.6806E-08	1.4999E-06	1.9472E-06
3.0217E-08	-1.8775E-08	2.6061E-06	2.0483E-06
-1.3899E-08	5.9496E-08	2.1095E-06	1.0194E-06
-5.2495E-09	1.4828E-08	1.4655E-06	1.2102E-06
-1.3603E-08	-1.6459E-09	5.5196E-07	1.4340E-06
-1.7937E-08	-2.8698E-09	6.6196E-07	3.5445E-06
-1.4214E-08	2.6086E-08	3.1465E-06	3.2655E-06
-8.3239E-08	3.6204E-08	2.8199E-06	1.4382E-06
1.3795E-08	2.1552E-08	1.9973E-06	1.6916E-06
1.7093E-09	-3.1962E-08	2.5289E-06	1.6667E-06
8.6256E-09	1.8202E-08	1.6395E-06	6.6696E-07
2.4305E-08	1.6528E-08	8.8132E-07	2.2988E-06
7.1843E-08	1.5727E-08	2.3344E-06	2.1064E-06
2.3600E-08	2.5497E-10	1.8523E-06	1.7171E-06
-5.7379E-08	3.2953E-08	1.9041E-06	1.2734E-06
9.7817E-10	2.9980E-08	9.1936E-07	2.2505E-06
-2.7175E-08	-1.7549E-08	2.8434E-06	1.9590E-06
7.7939E-09	2.4413E-08	7.5128E-07	1.0918E-06
4.1744E-09	1.0137E-08	2.1498E-06	3.1627E-06
-5.2308E-10	1.9649E-09	2.5686E-06	9.6429E-07
-5.5043E-08	-1.9987E-08	1.8103E-06	1.3156E-06
-2.4462E-11	1.1681E-08	9.8661E-07	5.6868E-07
-2.0687E-08	3.2792E-09	6.3311E-07	2.6733E-06
-3.7237E-08	-4.0869E-09	2.3172E-06	1.5579E-06
-2.0392E-08	1.9864E-08	7.5045E-07	1.1588E-06
-2.1751E-08	7.8728E-09	5.1441E-07	1.7730E-06
2.6767E-08	1.3662E-08	3.1182E-07	3.1160E-06
-1.8492E-08	-5.1475E-09	2.2665E-06	2.9072E-06
1.0320E-08	6.1518E-09	1.2059E-06	1.9231E-06
-2.1647E-08	1.4547E-08	1.7442E-06	2.8693E-06
1.2144E-08	4.9468E-08	1.5829E-06	1.9207E-06
-4.7989E-08	2.0745E-08	1.4718E-06	2.8250E-06
-4.4361E-09	1.0829E-08	1.9308E-06	2.2023E-06
7.4649E-09	3.5024E-09	1.5179E-06	2.5639E-06
4.1465E-08	8.8068E-09	1.9257E-06	2.5489E-06
5.2280E-08	-4.8613E-08	2.1843E-06	2.6364E-06
1.0348E-08	2.0785E-08	2.2361E-06	1.8857E-06
-3.1970E-09	3.6445E-08	1.8513E-06	2.4438E-06
3.3506E-08	-6.0650E-09	2.5618E-06	1.8813E-06
-5.0523E-09	7.3489E-09	1.8248E-06	1.7542E-06
1.2783E-08	-6.4235E-09	2.0844E-06	1.6910E-06
-2.9959E-09	6.7055E-09	1.5963E-06	1.6483E-06
-8.2556E-09	-1.8286E-08	1.5157E-06	1.5325E-06
-1.7812E-08	-1.3318E-08	8.4962E-07	2.3419E-06
1.8823E-08	-1.1870E-09	2.0908E-06	2.6989E-06
-1.1526E-08	1.6071E-08	2.1937E-06	2.0362E-06
-8.4334E-09	-2.2808E-08	2.1909E-06	1.3004E-06
3.6230E-09	1.8203E-08	9.6037E-07	1.5104E-06
6.3063E-08	-1.7847E-08	1.4348E-06	1.8828E-06
-2.2788E-08	1.5342E-08	4.6350E-07	2.2226E-06
-4.3879E-09	1.5848E-08	1.9430E-06	3.3634E-06
9.9567E-09	2.0955E-08	2.3338E-06	1.9786E-06
4.1562E-08	4.6801E-08	2.0182E-06	1.7327E-06
-1.3684E-08	1.9095E-08	1.3020E-06	1.6100E-06
1.7895E-09	-1.6600E-09	1.5678E-06	2.0158E-06
6.4734E-10	1.6410E-08	8.1518E-07	1.8918E-06
2.3174E-08	-3.0117E-08	1.6257E-06	3.0740E-06
1.6203E-08	-2.7190E-08	2.0133E-06	1.9736E-06
1.1605E-08	2.7072E-08	1.8390E-06	2.1581E-06
2.5911E-08	-1.3765E-08	1.5111E-06	1.6233E-06
2.6655E-08	9.5592E-09	1.5637E-06	2.4450E-06
1.2097E-08	3.5134E-08	1.9077E-06	1.5383E-06
-3.9516E-09	-6.7273E-08	1.1965E-06	1.7454E-06
-3.4835E-08	-1.4353E-08	9.7782E-07	1.7820E-06
-2.3862E-08	-2.5394E-08	1.2081E-06	2.6503E-06
-2.4014E-09	-1.9432E-08	1.6476E-06	1.5459E-06
1.0414E-08	-1.1437E-08	3.6607E-07	2.2353E-06
5.7334E-08	-7.1730E-09	1.3607E-06	2.6331E-06
-2.5029E-09	3.9808E-08	9.3159E-07	2.5753E-06
1.0874E-08	2.2496E-08	1.9561E-06	2.8611E-06
-2.9784E-08	1.3785E-08	1.5120E-06	1.6081E-06
-1.0111E-08	4.6385E-08	7.8231E-07	2.4320E-06
-3.5313E-08	-8.6386E-09	1.2857E-06	2.5797E-06
3.1349E-08	-9.2078E-09	1.3185E-06	2.6582E-06
3.5394E-09	-3.0291E-09	1.6025E-06	2.2231E-06
-3.1894E-08	2.2755E-08	7.1021E-07	2.2220E-06
-3.3759E-08	-6.2533E-09	8.6733E-07	3.0690E-06
2.4128E-08	-2.6380E-08	1.2352E-06	3.4478E-06
8.1422E-11	-9.8051E-09	2.4067E-06	3.3790E-06
1.9074E-08	-4.4842E-09	2.3168E-06	2.2037E-06
9.0201E-09	-1.6087E-08	2.0314E-06	2.0219E-06
-6.2790E-10	2.2109E-09	1.0674E-06	1.7227E-06
1.1204E-08	2.8856E-08	1.3197E-06	3.1534E-06
5.7386E-08	-2.9166E-08	2.2068E-06	1.9956E-06
2.1749E-08	1.7202E-08	9.9768E-07	2.0719E-06
-1.0884E-08	-3.1051E-08	1.4363E-06	2.5981E-06
-3.2189E-08	-2.0566E-08	1.5667E-06	2.3570E-06
-4.2591E-08	-8.3599E-09	1.2562E-06	2.1317E-06
2.1958E-08	-3.8400E-08	1.1810E-06	2.9699E-06
-1.0643E-08	3.3777E-08	2.3597E-06	2.4519E-06
-3.4806E-09	5.1085E-09	1.5644E-06	1.5100E-06
-2.3413E-08	5.2638E-08	1.1211E-06	1.8506E-06
-1.0721E-07	-4.3837E-08	9.4955E-07	1.9063E-06
7.3596E-09	1.8508E-08	7.5485E-07	1.9018E-06
5.4638E-10	8.4673E-10	1.5453E-07	2.2291E-06
9.0448E-09	-2.7012E-08	4.1304E-07	3.0112E-06
2.5249E-08	-1.4596E-08	6.7718E-07	2.9949E-06
-2.7882E-08	-3.7228E-09	9.7431E-07	3.4737E-06
-4.0678E-08	6.5420E-09	1.8543E-06	2.7695E-06
5.8136E-10	-3.1568E-08	6.9330E-07	1.9447E-06
1.1554E-08	2.5306E-08	7.1725E-08	3.2935E-06
5.3586E-08	1.8634E-08	1.1313E-06	3.8866E-06
-3.9191E-08	-2.3329E-09	1.8174E-06	3.3283E-06
-2.2647E-08	2.5542E-08	1.6830E-06	2.7348E-06
-1.3862E-08	-1.9570E-09	1.3087E-06	2.3704E-06
2.0859E-08	1.4754E-09	3.2014E-07	2.9657E-06
-4.1901E-08	-4.0824E-09	1.7334E-06	4.0676E-06
1.3607E-08	-1.8293E-08	1.9312E-06	2.1769E-06
2.1746E-08	1.2022E-08	9.0776E-07	3.1357E-06
1.1091E-08	-3.0619E-08	1.9610E-06	2.4444E-06
2.9186E-08	-2.0480E-08	2.6709E-07	2.3429E-06
1.4595E-08	-1.3337E-08	7.6372E-07	3.8385E-06
-2.7492E-08	2.7844E-08	2.0375E-06	3.7566E-06
3.8119E-09	1.6830E-08	2.2585E-06	1.8868E-06
-2.5427E-08	-3.2084E-08	-7.6589E-08	2.5872E-06
1.9785E-08	1.9720E-08	1.9627E-06	4.0382E-06
4.9568E-08	3.1675E-08	1.8212E-06	1.9499E-06
-4.0792E-09	3.3031E-09	1.0604E-06	2.6389E-06
2.5825E-08	-4.2064E-08	9.9064E-07	2.4745E-06
4.4446E-08	2.2603E-08	1.4607E-06	2.9145E-06
-2.3810E-08	5.0854E-09	6.6559E-07	1.4029E-06
-3.0690E-08	2.0613E-08	-3.6120E-07	3.9755E-06
-6.2492E-09	4.7810E-08	2.5127E-06	2.9568E-06
-1.2342E-08	-1.2861E-08	-6.9512E-08	1.7033E-06
-2.8643E-08	-7.5278E-09	6.3296E-07	3.8398E-06
-4.3654E-09	2.8832E-08	1.1887E-06	2.5171E-06
-2.5137E-08	3.1866E-08	5.2758E-07	2.7373E-06
-1.9937E-08	-3.1385E-08	3.5590E-07	2.8437E-06
1.0704E-09	-1.2677E-08	8.1661E-07	3.1396E-06
1.9086E-08	1.0328E-08	1.4652E-07	2.1733E-06
5.8384E-08	-3.2783E-08	-4.1675E-07	3.7586E-06
-4.7119E-08	-2.5669E-08	7.3245E-07	3.3837E-06
-6.3610E-09	3.5914E-08	2.6181E-07	3.3400E-06
2.4841E-08	-9.9051E-10	2.9475E-07	2.8316E-06
-3.9278E-08	1.2545E-08	-8.1426E-07	3.8302E-06
-2.4946E-08	-1.9979E-08	6.6636E-07	4.1883E-06
-1.7202E-08	-4.9996E-08	-1.5681E-08	3.5436E-06
2.5409E-08	-5.9139E-09	2.0896E-07	4.1171E-06
-2.2910E-08	1.7110E-08	-4.0537E-08	4.1961E-06
1.4094E-08	-3.0004E-08	7.5033E-07	4.5474E-06
-4.7437E-09	-2.0924E-09	4.9584E-07	3.9692E-06
1.1974E-08	-1.1099E-08	7.1075E-07	4.2731E-06
-6.5928E-09	1.2243E-08	3.8589E-07	4.0207E-06
-9.0481E-09	-3.0856E-08	8.2691E-07	4.4192E-06
1.0936E-08	2.2771E-08	5.4868E-07	3.8966E-06
3.7842E-08	-3.6022E-09	8.7816E-07	4.1761E-06
-3.2576E-08	8.8395E-09	-5.5507E-08	3.3593E-06
1.0764E-08	-2.6892E-08	-2.3842E-07	5.1796E-06
-6.0130E-08	2.9614E-08	9.4322E-07	4.6260E-06
-5.5857E-08	1.6893E-08	6.2405E-07	4.5051E-06
2.7847E-08	-1.2197E-09	4.2106E-07	4.1626E-06
-1.1300E-08	-6.4568E-09	7.7339E-08	5.2271E-06
4.6324E-08	3.8833E-08	1.4973E-06	4.9860E-06
-5.6279E-08	2.7121E-08	7.9096E-07	3.7462E-06
2.1000E-09	2.4898E-08	-3.8569E-07	4.8154E-06
-4.4476E-08	1.3085E-08	1.1618E-06	5.6535E-06
-2.9673E-08	-1.7896E-08	7.9152E-07	4.2396E-06
1.2245E-08	-1.0041E-08	7.9456E-07	5.6193E-06
7.6367E-09	-6.8311E-08	1.4155E-06	4.0346E-06
-4.1420E-08	-7.2452E-09	-9.9279E-08	5.2552E-06
-2.3000E-09	-2.2165E-08	1.7052E-06	5.3603E-06
2.3031E-09	-7.7198E-09	1.3456E-06	4.7757E-06
-3.4106E-09	-9.0631E-08	1.8404E-06	3.7934E-06
-2.6123E-08	2.2577E-08	-3.9335E-07	3.6033E-06
3.9791E-08	1.3268E-08	-1.0771E-07	5.3041E-06
2.2219E-08	5.4541E-10	3.1596E-07	5.6647E-06
8.2990E-09	2.2446E-08	1.5679E-06	5.3542E-06
-2.4800E-08	3.9705E-08	4.5264E-07	4.4523E-06
2.0010E-08	-2.7962E-08	7.3666E-07	5.5675E-06
1.1597E-08	-7.3478E-09	7.7875E-07	4.8942E-06
-2.7765E-08	1.1322E-08	8.8033E-07	5.4898E-06
-1.2450E-08	-1.2068E-08	8.7430E-07	4.7015E-06
1.6015E-08	1.7200E-08	4.0917E-07	5.5440E-06
2.6656E-08	-1.1662E-08	1.1943E-06	5.2329E-06
3.9852E-09	1.6474E-08	7.4278E-07	5.1665E-06
-2.6056E-09	3.4837E-09	1.1387E-06	4.8671E-06
-2.0617E-09	-1.7144E-08	-3.0559E-08	4.6353E-06
-4.6076E-09	-2.0579E-08	2.5561E-07	5.8447E-06
9.8989E-09	-1.0974E-08	4.8565E-07	5.1222E-06
-1.1788E-08	-4.0641E-09	-2.0302E-07	6.1399E-06
-2.8156E-08	3.8772E-08	1.3896E-06	6.1990E-06
-1.5335E-08	1.5306E-08	6.2510E-07	4.9857E-06
-1.6312E-08	-1.6788E-08	3.6018E-07	6.1346E-06
1.7732E-08	3.6901E-09	1.2489E-06	5.4099E-06
-8.4912E-09	-5.0490E-08	-2.0638E-08	5.0978E-06
2.2479E-08	-3.4044E-08	1.2756E-07	6.0976E-06
3.4684E-08	4.5968E-09	3.3493E-07	5.9217E-06
1.1880E-09	1.5434E-09	6.8005E-07	5.9357E-06
-1.1615E-09	1.7553E-08	-3.1520E-07	4.9190E-06
2.8116E-08	1.2699E-08	-1.3588E-06	7.2301E-06
1.6893E-08	9.3009E-09	1.0872E-06	7.4366E-06
1.1014E-09	1.7392E-08	4.0736E-07	6.0953E-06
-6.4686E-09	-1.6552E-08	1.3552E-07	6.9694E-06
2.4836E-08	-1.4749E-08	8.8628E-07	6.8631E-06
1.6370E-08	-1.0110E-08	5.6119E-07	5.8827E-06
-1.9173E-08	1.6605E-08	-7.3719E-07	6.5536E-06
4.1682E-08	-3.7499E-08	-9.1121E-08	7.6646E-06
7.1012E-11	1.4856E-08	6.4342E-07	7.4250E-06
3.0606E-08	7.2640E-09	3.5258E-07	6.6510E-06
-8.5382E-10	-1.0207E-08	-4.1953E-07	7.5950E-06
9.6024E-09	5.3173E-09	6.6599E-07	7.5562E-06
-9.8486E-09	-9.3057E-09	-3.3676E-07	7.4040E-06
-3.9501E-10	-2.4255E-08	3.9403E-07	8.1616E-06
-1.9988E-08	1.3442E-08	-3.9924E-08	7.7443E-06
-3.9163E-09	-1.4119E-08	4.9142E-07	8.6172E-06
-5.1275E-08	-2.5131E-08	5.5229E-07	7.7255E-06
-1.1052E-08	1.5080E-08	-8.9935E-08	8.4039E-06
3.3605E-08	-2.0950E-08	4.1546E-07	8.9926E-06
1.2646E-08	8.2536E-09	1.2536E-06	8.8664E-06
2.3308E-09	2.1263E-08	1.1575E-06	7.9893E-06
-1.8789E-08	-3.7576E-08	4.8147E-07	7.9721E-06
3.3313E-08	-3.1112E-08	3.3176E-07	8.5304E-06
-1.5921E-08	4.8007E-08	6.6318E-07	7.9375E-06
-7.3652E-09	2.5989E-08	-1.2925E-06	8.2984E-06
1.0439E-08	-2.1305E-08	-2.0361E-07	1.0551E-05
-1.8598E-08	1.8984E-08	8.9205E-07	9.4580E-06
1.3944E-08	1.3225E-08	3.6793E-07	9.1533E-06
-1.6717E-08	-5.8906E-08	-4.4533E-07	9.3755E-06
-1.0358E-08	-3.9476E-09	-1.4769E-07	1.0349E-05
-5.3920E-09	-1.7415E-08	-4.4486E-07	1.0380E-05
1.3054E-08	-6.7380E-08	5.3376E-07	1.1407E-05
-2.0194E-08	1.5988E-08	-1.3315E-07	9.9358E-06
2.1314E-08	-1.7431E-08	-6.1644E-07	1.2819E-05
-3.2852E-08	-1.3405E-08	1.8321E-06	1.1498E-05
-3.8904E-08	1.9030E-08	-1.6771E-07	1.1648E-05
1.5307E-08	-2.5216E-08	1.3761E-06	1.2260E-05
-2.3544E-08	6.6518E-09	-4.0695E-09	1.1711E-05
2.5625E-08	-2.2681E-08	7.4272E-07	1.3407E-05
4.4312E-08	7.9498E-09	9.2671E-07	1.2580E-05
-7.9153E-09	3.8121E-09	3.7289E-07	1.3498E-05
-1.3009E-08	1.5500E-08	5.6120E-07	1.4253E-05
-1.4236E-08	2.3519E-08	1.3807E-06	1.5152E-05
3.8528E-09	-2.0166E-08	1.8070E-06	1.4715E-05
-2.0009E-08	8.6226E-09	1.4946E-06	1.5521E-05
-1.3932E-09	-1.7291E-08	2.3013E-06	1.5905E-05
4.2968E-08	4.2299E-08	1.9082E-06	1.5826E-05
2.8774E-08	4.8288E-08	1.1816E-06	1.7611E-05
-1.8088E-08	-2.7944E-09	3.2988E-06	1.9749E-05
7.3659E-09	-8.1642E-09	4.5971E-06	1.8523E-05
-7.2839E-08	-1.4082E-08	3.5327E-06	2.0295E-05
8.7073E-09	-4.5818E-08	6.4753E-06	2.2458E-05
-1.6396E-08	-1.3725E-08	8.6199E-06	2.2098E-05
-8.9897E-09	-7.3399E-09	1.0577E-05	2.2420E-05
-1.5663E-08	3.1161E-10	1.3096E-05	2.2218E-05
-2.0030E-08	-7.6594E-09	1.5953E-05	2.0932E-05
-3.0217E-09	-1.9027E-08	1.7999E-05	1.8819E-05
-1.0575E-08	1.5121E-08	1.9556E-05	1.5414E-05
1.1105E-08	1.7507E-08	1.7731E-05	1.2867E-05
-6.0047E-09	-4.2691E-09	1.8279E-05	1.3204E-05
-1.5947E-08	7.3931E-09	1.9195E-05	1.0439E-05
3.3564E-08	-4.9297E-09	1.8597E-05	8.7746E-06
-1.0186E-08	-3.8253E-09	1.8266E-05	5.8732E-06
5.6279E-08	-4.5374E-09	1.5111E-05	4.0915E-06
3.4902E-08	-2.0925E-08	1.3460E-05	4.6026E-06
2.5308E-09	1.5389E-08	1.2152E-05	3.7561E-06
-3.3474E-08	-3.3241E-08	9.6058E-06	4.5893E-06
-1.0469E-09	-2.3995E-09	9.4918E-06	5.9609E-06
-6.9181E-09	-8.1057E-09	8.6018E-06	5.8319E-06
-1.9028E-09	-1.8911E-08	7.4782E-06	7.1170E-06
-2.2403E-08	2.5115E-08	7.3036E-06	8.6616E-06
4.8555E-09	-2.2321E-08	8.0302E-06	9.5307E-06
-1.6493E-08	-2.9154E-08	7.6816E-06	1.0410E-05
-7.9167E-09	1.8666E-09	9.6346E-06	1.1940E-05
-2.3983E-08	-6.1831E-09	1.0381E-05	1.0500E-05
7.5551E-09	-3.6622E-08	1.0425E-05	1.1511E-05
9.6763E-09	-1.3947E-08	1.1953E-05	1.0826E-05
-1.2701E-09	-2.9493E-08	1.2143E-05	1.0174E-05
-1.2237E-08	8.1057E-09	1.2132E-05	8.9180E-06
2.4886E-08	-5.3574E-09	1.0944E-05	9.0918E-06
2.7964E-08	-3.2510E-08	1.1096E-05	9.4633E-06
-1.1386E-08	2.3034E-09	1.1006E-05	9.9108E-06
-8.3225E-10	-5.8301E-08	1.1780E-05	9.8766E-06
6.6187E-09	-6.8719E-09	1.1458E-05	9.4305E-06
1.0639E-08	-6.1862E-08	1.1287E-05	1.0028E-05
-2.3078E-08	2.4589E-08	1.2102E-05	1.0303E-05
-2.5636E-09	3.6891E-08	1.2387E-05	9.5039E-06
2.4426E-08	8.6036E-09	1.1701E-05	9.1930E-06
-4.7881E-09	-1.2191E-08	1.0605E-05	1.0015E-05
-2.0581E-08	-2.0712E-08	1.1459E-05	1.2210E-05
-1.1062E-08	-1.5558E-08	1.3407E-05	1.2214E-05
2.4210E-08	1.0169E-08	1.4829E-05	1.2133E-05
-3.1064E-08	1.8992E-08	1.6211E-05	1.0136E-05
-1.8070E-08	-4.8224E-08	1.4903E-05	9.3178E-06
4.0102E-08	1.7228E-08	1.5799E-05	9.8380E-06
5.4802E-09	-3.4190E-09	1.6121E-05	7.8640E-06
4.5456E-09	-3.0998E-08	1.4216E-05	7.8891E-06
-1.7954E-08	-7.8413E-09	1.4986E-05	8.9681E-06
-6.2441E-08	8.6532E-09	1.4766E-05	8.2632E-06
3.5845E-08	-2.3639E-08	1.5297E-05	9.5470E-06
5.2074E-09	-2.1041E-08	1.6270E-05	8.4426E-06
5.7577E-09	2.2303E-08	1.6469E-05	8.9353E-06
-6.9615E-09	6.1692E-09	1.7690E-05	7.4289E-06
-9.7139E-09	-3.1726E-08	1.7135E-05	7.0331E-06
1.7563E-08	4.4539E-09	1.7445E-05	5.5950E-06
-2.6762E-08	6.8885E-09	1.5987E-05	6.0481E-06
-2.5644E-08	2.3081E-08	1.7329E-05	5.6458E-06
-7.7325E-09	-2.1874E-08	1.6475E-05	4.9641E-06
-2.1212E-08	8.8600E-09	1.6988E-05	3.4905E-06
-2.8025E-09	-1.4378E-08	1.3192E-05	3.2081E-06
-6.2947E-08	-3.7744E-08	1.4064E-05	6.4698E-06
-6.3497E-09	-2.4345E-08	1.4994E-05	5.4936E-06
-3.2302E-09	-5.3255E-08	1.4958E-05	5.6919E-06
3.2444E-08	3.2301E-09	1.4513E-05	5.3970E-06
-6.7745E-09	-1.5307E-08	1.4654E-05	6.2283E-06
-1.3434E-08	1.3716E-08	1.4564E-05	6.2436E-06
1.1724E-08	-1.9567E-08	1.5363E-05	7.1319E-06
1.6356E-08	-6.8296E-09	1.5586E-05	6.2868E-06
2.4119E-08	-2.3280E-08	1.5443E-05	7.1521E-06
-2.3772E-08	2.2737E-08	1.6010E-05	7.3166E-06
5.6806E-09	-4.2267E-09	1.7062E-05	8.0138E-06
-4.6273E-09	-2.7417E-08	1.7724E-05	6.7080E-06
-2.3603E-08	-3.4555E-08	1.7111E-05	8.0028E-06
-4.2601E-09	-3.2759E-08	2.0001E-05	8.2904E-06
5.0995E-09	1.4152E-08	2.0425E-05	6.0406E-06
-1.9749E-08	1.3849E-08	1.9458E-05	6.5694E-06
-3.6206E-09	-1.9137E-08	2.1886E-05	8.3817E-06
-2.4537E-08	2.8119E-08	2.6044E-05	5.7333E-06
-4.7529E-09	8.5696E-09	2.5852E-05	1.3544E-06
3.7170E-08	-5.9050E-09	2.4649E-05	-6.9716E-07
-6.2082E-09	-8.6980E-09	2.3423E-05	-2.6858E-06
2.0762E-08	3.3804E-08	2.1748E-05	-4.0259E-06
2.5118E-08	-5.5525E-09	1.9573E-05	-5.1074E-06
-5.7731E-09	-5.5899E-09	1.7060E-05	-4.6758E-06
7.4832E-09	9.4577E-09	1.5467E-05	-3.3204E-06
5.7608E-09	-2.7413E-08	1.5263E-05	-1.4528E-06
1.2640E-08	-3.2310E-09	1.5869E-05	-1.2621E-06
7.9279E-09	-1.0625E-08	1.5012E-05	-5.5437E-07
-9.4264E-10	-1.1619E-08	1.5885E-05	8.9088E-07
-1.8034E-08	4.3367E-10	1.7049E-05	9.8276E-07
-1.3811E-09	-3.4128E-08	1.7782E-05	3.3638E-07
8.4086E-09	2.5125E-08	1.7191E-05	7.1142E-07
1.9642E-08	1.9882E-09	1.9547E-05	1.8665E-06
2.9725E-08	3.5096E-08	2.1217E-05	-6.7743E-07
-1.6636E-08	-1.8996E-08	2.1066E-05	-1.8452E-06
-2.8387E-08	3.4483E-08	2.1152E-05	-4.0925E-06
-2.2664E-08	4.3578E-09	1.8970E-05	-4.3616E-06
-2.0642E-08	-3.9511E-09	2.0497E-05	-3.8148E-06
1.1605E-08	1.5096E-08	2.0129E-05	-7.0961E-06
-4.3393E-08	3.1396E-08	1.7779E-05	-6.6963E-06
3.6274E-08	-3.5532E-08	1.8553E-05	-7.2729E-06
2.9566E-10	-3.7344E-08	1.6497E-05	-8.4705E-06
-1.5931E-08	-1.8964E-08	1.6030E-05	-7.8220E-06
8.9011E-09	-3.5206E-08	1.4791E-05	-8.5712E-06
-6.0086E-09	-1.8225E-08	1.4168E-05	-7.4649E-06
-2.2788E-08	1.2544E-08	1.3924E-05	-8.0082E-06
1.2023E-08	-1.2503E-08	1.3419E-05	-7.4151E-06
-1.5549E-09	-3.3723E-08	1.3224E-05	-8.6221E-06
-1.2958E-09	-1.0197E-08	1.0809E-05	-8.0719E-06
2.5140E-08	3.0919E-09	1.0884E-05	-6.3120E-06
4.9843E-08	2.3608E-08	1.1447E-05	-6.2066E-06
-1.6098E-08	-3.2201E-08	1.1025E-05	-6.4882E-06
6.6882E-09	-2.1273E-08	1.0658E-05	-5.8413E-06
-3.5629E-09	4.9898E-09	1.0548E-05	-5.9106E-06
1.0953E-09	-1.6526E-08	1.0151E-05	-4.7459E-06
-1.5692E-08	2.5486E-09	1.1770E-05	-4.8914E-06
-1.0061E-08	1.9153E-08	1.1040E-05	-6.3556E-06
-3.1275E-09	4.1057E-09	9.9585E-06	-6.0681E-06
-3.7833E-08	-1.0356E-08	9.4104E-06	-5.5642E-06
6.6471E-09	-1.3809E-08	9.1578E-06	-5.0603E-06
-3.0630E-08	-1.2080E-08	9.0040E-06	-4.3007E-06
-1.8679E-09	3.4897E-09	9.6315E-06	-4.1448E-06
8.6052E-09	-4.1053E-08	9.1117E-06	-4.1473E-06
-7.8940E-09	1.1523E-08	9.8327E-06	-3.5893E-06
4.1670E-09	2.5948E-09	9.2893E-06	-4.8504E-06
1.0182E-09	-1.0716E-08	8.0224E-06	-3.2792E-06
-4.2316E-08	4.0978E-10	9.2313E-06	-2.8578E-06
2.6548E-08	-6.6347E-08	8.4553E-06	-2.5923E-06
-3.2872E-10	5.8365E-09	9.7587E-06	-1.6060E-06
2.4769E-09	-4.0597E-09	9.3883E-06	-2.3861E-06
2.7043E-08	-1.2135E-08	1.0214E-05	-4.5744E-07
8.9873E-09	2.5524E-08	1.2038E-05	-2.3620E-06
1.1278E-08	-1.7314E-08	1.0599E-05	-2.5291E-06
3.6337E-08	2.0522E-08	1.1664E-05	-2.4105E-06
-3.4915E-08	-2.4957E-08	1.1058E-05	-3.1045E-06
-1.6545E-08	-2.3052E-08	1.1447E-05	-2.7514E-06
1.0792E-08	-9.9027E-09	1.1358E-05	-3.7870E-06
1.2538E-08	-8.0607E-09	9.8985E-06	-3.5349E-06
4.4210E-08	-1.1795E-08	1.0316E-05	-1.5059E-06
-1.5540E-08	-3.4977E-08	1.2044E-05	-1.9554E-06
2.3318E-08	-1.6359E-08	1.2300E-05	-1.4717E-06
-8.8107E-09	-6.2162E-09	1.5726E-05	-2.6283E-06
-6.9740E-09	-3.7143E-08	1.5136E-05	-7.2650E-06
1.6871E-09	3.2802E-09	1.1685E-05	-8.7888E-06
-2.7479E-08	-3.9545E-08	9.0111E-06	-7.2788E-06
2.9819E-08	6.4616E-09	9.1899E-06	-6.1875E-06
7.6678E-09	-1.6746E-08	7.8722E-06	-5.4521E-06
-2.8535E-08	-4.1281E-08	9.2605E-06	-3.9571E-06
-2.3811E-09	-1.5290E-08	8.9431E-06	-5.0020E-06
9.5471E-09	2.5201E-08	9.1682E-06	-3.8671E-06
2.9990E-08	-2.9808E-08	8.9444E-06	-4.6590E-06
3.8965E-08	-3.0915E-08	9.1628E-06	-2.7931E-06
8.1616E-09	2.0715E-08	1.1426E-05	-4.1119E-06
1.3424E-08	1.1282E-08	1.0457E-05	-6.2897E-06
3.1588E-08	3.5346E-08	8.1407E-06	-6.1109E-06
2.0681E-08	-1.7649E-09	8.9442E-06	-4.4020E-06
1.3489E-08	-1.1231E-09	8.9069E-06	-6.6309E-06
-3.0310E-08	-3.0744E-08	6.6993E-06	-5.5162E-06
-2.7199E-09	-1.8126E-08	6.8742E-06	-4.8214E-06
-2.0731E-08	-1.0496E-08	7.0390E-06	-3.7472E-06
1.3745E-08	5.7672E-09	7.3029E-06	-5.3271E-06
1.5528E-08	-2.0084E-08	4.6771E-06	-3.5235E-06
1.0318E-08	4.7205E-09	6.9616E-06	-2.1696E-06
2.6678E-08	-1.5219E-08	6.3980E-06	-2.8808E-06
1.6002E-08	-2.6181E-08	6.7865E-06	-2.5047E-06
3.9951E-09	-3.0435E-08	5.4604E-06	-2.0170E-06
6.7504E-09	-2.0821E-08	7.1107E-06	-5.8084E-07
4.1956E-08	-4.1978E-08	6.3668E-06	-1.5933E-06
2.3783E-08	-3.2397E-08	7.2326E-06	6.6328E-07
-3.5599E-08	7.0698E-09	8.2740E-06	-1.2261E-06
1.9063E-08	-2.6160E-09	6.9134E-06	-4.4052E-07
6.1157E-09	-2.3391E-08	7.0994E-06	-6.3629E-08
1.9421E-08	4.6980E-09	7.0149E-06	1.9177E-06
-1.1847E-08	-3.6673E-08	9.1781E-06	2.1291E-06
1.7773E-08	-9.5818E-09	9.7447E-06	2.5543E-06
-1.8229E-08	-2.2717E-09	1.2319E-05	1.4484E-06
1.8753E-08	3.3931E-08	1.1120E-05	-4.7528E-07
3.4639E-08	-3.1729E-08	1.0943E-05	-7.2024E-08
-2.1136E-08	2.1343E-09	1.0105E-05	-1.7528E-07
-4.3661E-09	6.7690E-09	1.0609E-05	1.2431E-06
1.8633E-08	2.4193E-09	1.1456E-05	1.3219E-06
-3.3627E-09	1.8319E-08	1.2955E-05	1.2969E-06
-1.4613E-08	-1.5277E-09	1.2910E-05	-3.6007E-07
1.7270E-08	5.6299E-10	1.2422E-05	1.3369E-07
2.7400E-08	5.1326E-09	1.2493E-05	1.3370E-07
1.5307E-08	-1.3647E-08	1.3186E-05	1.2456E-06
4.2245E-08	-2.8973E-08	1.4550E-05	3.3775E-07
1.8237E-08	-2.4440E-08	1.4487E-05	2.7936E-07
5.1307E-08	2.7397E-09	1.5658E-05	-8.0353E-08
1.2448E-08	-1.5596E-08	1.5894E-05	-9.7457E-07
2.4128E-08	-2.7559E-08	1.5836E-05	-1.4087E-06
-1.7654E-08	-3.6716E-08	1.6176E-05	-1.2203E-06
-2.5800E-08	7.7464E-09	1.6975E-05	-1.8378E-06
-2.2393E-08	-4.3528E-08	1.7148E-05	-2.4106E-06
-7.4182E-09	-4.8787E-09	1.7030E-05	-2.8414E-06
4.0884E-08	-5.5344E-09	1.7352E-05	-1.9316E-06
4.7309E-09	-6.5261E-08	1.9224E-05	-1.7890E-06
2.2104E-09	-2.0702E-08	2.1883E-05	-1.9340E-06
1.0355E-08	-2.4064E-09	2.5922E-05	-5.8623E-06
-1.1751E-09	-1.4347E-08	2.4817E-05	-1.2157E-05
-7.5939E-09	2.5786E-09	2.1067E-05	-1.5307E-05
-1.8165E-09	-6.6567E-09	1.7069E-05	-1.5980E-05
1.5050E-08	-6.0875E-09	1.4945E-05	-1.4659E-05
2.2105E-09	-7.1842E-09	1.4225E-05	-1.4402E-05
1.6106E-08	-4.5535E-09	1.2996E-05	-1.4197E-05
-3.3552E-08	9.2731E-09	1.2356E-05	-1.3654E-05
7.6296E-09	-2.1125E-08	1.2156E-05	-1.3531E-05
-1.4948E-08	2.6294E-08	1.1788E-05	-1.4275E-05
7.9357E-09	-7.0863E-09	9.9428E-06	-1.4751E-05
3.5162E-09	-2.9834E-08	8.4366E-06	-1.3551E-05
2.4344E-08	-2.5170E-08	8.2519E-06	-1.2118E-05
2.6407E-08	-2.9761E-08	9.1938E-06	-1.1966E-05
-1.3684E-08	-3.7905E-09	8.0447E-06	-1.2978E-05
3.3255E-08	-6.1926E-09	6.9526E-06	-1.1165E-05
-1.3496E-09	-3.5633E-08	8.1995E-06	-1.0818E-05
1.9964E-09	-4.2186E-09	7.4061E-06	-1.1331E-05
-2.2242E-08	2.3272E-09	7.3457E-06	-9.9054E-06
2.8527E-08	8.3481E-09	8.6550E-06	-1.0625E-05
-1.0688E-08	-2.2013E-08	6.9764E-06	-1.1197E-05
5.1112E-09	1.3586E-08	7.4685E-06	-9.5460E-06
-2.7039E-08	-8.8004E-09	7.9438E-06	-1.0541E-05
2.2981E-08	-2.5466E-08	7.6705E-06	-1.0105E-05
-1.9826E-08	-1.8488E-08	7.8745E-06	-1.0846E-05
-9.5046E-09	-8.5638E-09	7.3282E-06	-1.0526E-05
4.9215E-09	1.6084E-08	7.5161E-06	-1.1057E-05
-3.0760E-08	-1.0613E-08	6.6342E-06	-1.0899E-05
-7.2752E-09	-6.6118E-09	6.6408E-06	-1.0419E-05
2.9005E-09	-1.0324E-08	7.4418E-06	-1.0171E-05
-1.3248E-08	-6.0732E-09	7.4253E-06	-1.1936E-05
-8.6687E-09	-5.3793E-08	5.8459E-06	-1.1580E-05
2.7351E-08	-5.5989E-09	5.9533E-06	-1.1335E-05
-1.3735E-08	-1.6959E-08	6.0722E-06	-1.1132E-05
3.4605E-08	-2.7596E-08	5.6823E-06	-1.2884E-05
3.9449E-09	-1.3742E-08	3.3595E-06	-1.1317E-05
1.1725E-08	-2.2707E-08	5.3914E-06	-1.1159E-05
-3.7686E-08	-1.5033E-08	3.3141E-06	-1.2487E-05
1.6275E-08	1.0836E-08	3.0270E-06	-1.1160E-05
-6.1137E-08	-2.4660E-08	2.0488E-06	-1.1370E-05
5.9201E-08	4.3634E-09	2.0246E-06	-1.0302E-05
-1.9811E-09	-1.2225E-08	4.8830E-07	-1.0833E-05
-3.3040E-08	-7.7668E-09	-5.5825E-07	-7.2714E-06
1.4447E-08	2.4834E-09	2.1589E-06	-5.8638E-06
9.3514E-09	-2.9604E-08	4.4550E-06	-6.4138E-06
-1.2861E-08	-1.8920E-08	3.7865E-06	-1.0554E-05
-9.6437E-09	5.4384E-09	1.6086E-07	-5.6178E-06
3.6416E-09	-2.1047E-08	5.0747E-06	-1.0960E-05
5.2598E-09	-1.0378E-08	3.1810E-06	-2.9072E-06
5.2553E-09	-1.0334E-08	2.9729E-06	-1.3566E-05
5.2507E-09	-1.0290E-08	-2.8775E-06	-6.1795E-06
5.2461E-09	-1.0246E-08	5.0976E-07	-3.7805E-06
5.2414E-09	-1.0203E-08	2.7835E-06	-2.4921E-06
5.2366E-09	-1.0159E-08	5.2282E-06	-4.1044E-06
5.2319E-09	-1.0116E-08	5.0819E-06	-5.4200E-06
5.2270E-09	-1.0073E-08	5.1576E-06	-5.7101E-06
5.2221E-09	-1.0030E-08	5.3893E-06	-6.6055E-06
5.2172E-09	-9.9871E-09	4.6832E-06	-6.8720E-06
5.2122E-09	-9.9445E-09	4.8276E-06	-7.2367E-06
5.2072E-09	-9.9021E-09	3.8779E-06	-7.1475E-06
5.2021E-09	-9.8598E-09	4.5612E-06	-7.0722E-06
5.1970E-09	-9.8177E-09	3.5597E-06	-7.5717E-06
5.1918E-09	-9.7758E-09	3.6137E-06	-6.9320E-06
5.1866E-09	-9.7341E-09	3.3635E-06	-6.5294E-06
5.1813E-09	-9.6925E-09	4.8383E-06	-6.9304E-06
5.1760E-09	-9.6510E-09	2.7714E-06	-8.2099E-06
5.1706E-09	-9.6098E-09	3.1030E-06	-6.0567E-06
5.1652E-09	-9.5687E-09	3.3537E-06	-7.2561E-06
5.1597E-09	-9.5277E-09	3.2211E-06	-6.1521E-06
5.1542E-09	-9.4869E-09	3.6819E-06	-7.5062E-06
5.1487E-09	-9.4463E-09	2.1677E-06	-6.9611E-06
5.1431E-09	-9.4059E-09	2.3878E-06	-6.1928E-06
5.1375E-09	-9.3656E-09	2.8377E-06	-5.5553E-06
5.1318E-09	-9.3254E-09	3.4091E-06	-6.1740E-06
5.1261E-09	-9.2854E-09	2.9465E-06	-6.0233E-06
5.1203E-09	-9.2456E-09	3.4123E-06	-6.1613E-06
5.1145E-09	-9.2059E-09	2.7169E-06	-6.4540E-06
5.1087E-09	-9.1664E-09	2.6867E-06	-5.4031E-06
5.1028E-09	-9.1270E-09	3.8833E-06	-5.8569E-06
5.0969E-09	-9.0878E-09	2.7529E-06	-6.6707E-06
5.0909E-09	-9.0488E-09	2.8261E-06	-5.4124E-06
5.0849E-09	-9.0099E-09	3.4629E-06	-6.0366E-06
5.0789E-09	-8.9711E-09	3.1569E-06	-6.3650E-06
5.0728E-09	-8.9325E-09	2.1084E-06	-6.4803E-06
5.0667E-09	-8.8941E-09	2.4188E-06	-4.6064E-06
5.0605E-09	-8.8558E-09	4.0799E-06	-5.7633E-06
5.0543E-09	-8.8177E-09	2.8422E-06	-6.5453E-06
5.0481E-09	-8.7797E-09	2.5333E-06	-6.1703E-06
5.0418E-09	-8.7418E-09	2.0164E-06	-5.8238E-06
5.0355E-09	-8.7041E-09	2.3754E-06	-4.9844E-06
5.0292E-09	-8.6666E-09	3.1024E-06	-5.3717E-06
5.0228E-09	-8.6292E-09	2.4141E-06	-5.6367E-06
5.0164E-09	-8.5919E-09	2.9758E-06	-4.8692E-06
5.0100E-09	-8.5548E-09	3.0293E-06	-6.0138E-06
5.0035E-09	-8.5179E-09	2.3920E-06	-5.1607E-06
4.9970E-09	-8.4811E-09	3.2092E-06	-5.8314E-06
4.9904E-09	-8.4444E-09	1.8494E-06	-5.6696E-06
4.9839E-09	-8.4079E-09	2.8485E-06	-5.0201E-06
4.9773E-09	-8.3715E-09	2.2056E-06	-6.1081E-06
4.9706E-09	-8.3352E-09	1.4166E-06	-4.8155E-06
4.9639E-09	-8.2991E-09	2.4634E-06	-4.3603E-06
4.9572E-09	-8.2632E-09	2.4867E-06	-4.7495E-06
4.9505E-09	-8.2274E-09	2.7737E-06	-4.3994E-06
4.9437E-09	-8.1917E-09	3.0217E-06	-5.0669E-06
4.9369E-09	-8.1561E-09	2.6520E-06	-4.9083E-06
4.9301E-09	-8.1207E-09	2.7567E-06	-5.3329E-06
4.9232E-09	-8.0855E-09	2.0644E-06	-4.7979E-06
4.9164E-09	-8.0504E-09	2.8616E-06	-5.0289E-06
4.9094E-09	-8.0154E-09	1.3408E-06	-5.0226E-06
4.9025E-09	-7.9805E-09	2.4199E-06	-3.1861E-06
4.8955E-09	-7.9458E-09	3.6412E-06	-4.2641E-06
4.8885E-09	-7.9113E-09	3.6604E-06	-5.2564E-06
4.8815E-09	-7.8768E-09	1.9853E-06	-6.0860E-06
4.8744E-09	-7.8425E-09	1.5531E-06	-3.9354E-06
4.8673E-09	-7.8084E-09	2.8774E-06	-4.3902E-06
4.8602E-09	-7.7743E-09	2.2992E-06	-4.1141E-06
4.8531E-09	-7.7404E-09	3.6008E-06	-4.2763E-06
4.8459E-09	-7.7067E-09	2.7737E-06	-5.5988E-06
4.8387E-09	-7.6730E-09	1.8688E-06	-4.6683E-06
4.8315E-09	-7.6395E-09	2.8198E-06	-4.2939E-06
4.8243E-09	-7.6062E-09	2.3094E-06	-5.5705E-06
4.8170E-09	-7.5729E-09	8.3885E-07	-3.8869E-06
4.8097E-09	-7.5398E-09	3.2722E-06	-2.8831E-06
4.8024E-09	-7.5069E-09	3.3852E-06	-5.0584E-06
4.7951E-09	-7.4740E-09	2.3353E-06	-4.4817E-06
4.7877E-09	-7.4413E-09	3.1913E-06	-4.8490E-06
4.7803E-09	-7.4087E-09	1.6913E-06	-5.7190E-06
4.7729E-09	-7.3762E-09	1.0623E-06	-3.8284E-06
4.7655E-09	-7.3439E-09	2.4971E-06	-3.7110E-06
4.7581E-09	-7.3117E-09	2.1204E-06	-4.3515E-06
4.7506E-09	-7.2796E-09	1.9023E-06	-3.8048E-06
4.7431E-09	-7.2477E-09	2.4097E-06	-3.4858E-06
4.7356E-09	-7.2158E-09	2.9370E-06	-4.0496E-06
4.7280E-09	-7.1841E-09	2.2122E-06	-4.5498E-06
4.7205E-09	-7.1526E-09	2.0600E-06	-3.8117E-06
4.7129E-09	-7.1211E-09	2.4424E-06	-4.3646E-06
4.7053E-09	-7.0898E-09	1.1594E-06	-3.9463E-06
4.6977E-09	-7.0586E-09	2.5177E-06	-2.8466E-06
4.6901E-09	-7.0275E-09	2.1004E-06	-4.4315E-06
4.6824E-09	-6.9965E-09	1.5638E-06	-2.4712E-06
4.6747E-09	-6.9657E-09	3.3291E-06	-3.3541E-06
4.6670E-09	-6.9350E-09	2.2798E-06	-3.5491E-06
4.6593E-09	-6.9044E-09	2.8422E-06	-3.5756E-06
4.6516E-09	-6.8739E-09	2.3890E-06	-3.4125E-06
4.6438E-09	-6.8435E-09	2.7717E-06	-3.9636E-06
4.6361E-09	-6.8133E-09	1.7782E-06	-2.7390E-06
4.6283E-09	-6.7832E-09	4.4997E-06	-3.6709E-06
4.6205E-09	-6.7532E-09	9.8917E-07	-5.2719E-06
4.6127E-09	-6.7233E-09	2.1896E-06	-1.8405E-06
4.6049E-09	-6.6935E-09	2.6766E-06	-4.1706E-06
4.5970E-09	-6.6639E-09	2.0986E-06	-2.1072E-06
4.5891E-09	-6.6344E-09	3.9926E-06	-3.9357E-06
4.5813E-09	-6.6049E-09	1.4857E-06	-4.0720E-06
4.5734E-09	-6.5757E-09	2.4340E-06	-2.5807E-06
4.5655E-09	-6.5465E-09	2.6407E-06	-3.3215E-06
4.5575E-09	-6.5174E-09	2.7331E-06	-2.9549E-06
4.5496E-09	-6.4885E-09	2.7033E-06	-3.9259E-06
4.5417E-09	-6.4596E-09	1.2946E-06	-2.8600E-06
4.5337E-09	-6.4309E-09	3.0135E-06	-1.8743E-06
4.5257E-09	-6.4023E-09	3.1856E-06	-3.0666E-06
4.5177E-09	-6.3738E-09	2.9925E-06	-3.1050E-06
4.5097E-09	-6.3454E-09	2.4340E-06	-3.0205E-06
4.5017E-09	-6.3171E-09	3.1724E-06	-2.5018E-06
4.4937E-09	-6.2890E-09	2.8097E-06	-3.2933E-06
4.4856E-09	-6.2609E-09	2.6760E-06	-2.4551E-06
4.4775E-09	-6.2330E-09	3.0718E-06	-2.2699E-06
4.4695E-09	-6.2052E-09	4.2773E-06	-2.5945E-06
4.4614E-09	-6.1774E-09	2.8915E-06	-4.0539E-06
4.4533E-09	-6.1498E-09	2.8143E-06	-1.8463E-06
4.4452E-09	-6.1223E-09	4.3469E-06	-3.1467E-06
4.4371E-09	-6.0949E-09	3.1917E-06	-3.5890E-06
4.4290E-09	-6.0677E-09	2.7221E-06	-3.0701E-06
4.4208E-09	-6.0405E-09	3.7131E-06	-2.1833E-06
4.4127E-09	-6.0134E-09	3.7839E-06	-4.1191E-06
4.4045E-09	-5.9865E-09	2.0144E-06	-2.6527E-06
4.3964E-09	-5.9596E-09	3.8659E-06	-1.8386E-06
4.3882E-09	-5.9329E-09	4.3920E-06	-2.9076E-06
4.3800E-09	-5.9062E-09	3.5513E-06	-3.6118E-06
4.3718E-09	-5.8797E-09	3.5851E-06	-2.2218E-06
4.3636E-09	-5.8533E-09	4.5234E-06	-3.5616E-06
4.3554E-09	-5.8269E-09	3.2373E-06	-2.5112E-06
4.3472E-09	-5.8007E-09	5.7709E-06	-2.8605E-06
4.3389E-09	-5.7746E-09	4.4066E-06	-4.7504E-06
4.3307E-09	-5.7486E-09	4.0638E-06	-4.3088E-06
4.3224E-09	-5.7227E-09	3.1768E-06	-4.2964E-06
4.3142E-09	-5.6969E-09	4.1168E-06	-3.6193E-06
4.3059E-09	-5.6712E-09	3.4493E-06	-5.1507E-06
4.2977E-09	-5.6456E-09	2.4118E-06	-3.7823E-06
4.2894E-09	-5.6201E-09	3.2488E-06	-3.6298E-06
4.2811E-09	-5.5947E-09	2.8757E-06	-3.5680E-06
4.2728E-09	-5.5694E-09	3.4280E-06	-3.1005E-06
4.2645E-09	-5.5442E-09	3.7164E-06	-3.6259E-06
4.2562E-09	-5.5191E-09	3.7010E-06	-3.6544E-06
4.2479E-09	-5.4941E-09	3.6098E-06	-4.4638E-06
4.2396E-09	-5.4692E-09	2.3048E-06	-3.7868E-06
4.2313E-09	-5.4444E-09	3.5493E-06	-2.9005E-06
4.2230E-09	-5.4197E-09	3.4606E-06	-3.9639E-06
4.2146E-09	-5.3951E-09	3.1654E-06	-3.3603E-06
4.2063E-09	-5.3706E-09	3.3743E-06	-3.4671E-06
4.1979E-09	-5.3462E-09	3.7125E-06	-2.9682E-06
4.1896E-09	-5.3219E-09	4.4006E-06	-3.9900E-06
4.1813E-09	-5.2977E-09	3.3149E-06	-4.2060E-06
4.1729E-09	-5.2735E-09	3.7080E-06	-3.7616E-06
4.1645E-09	-5.2495E-09	3.3951E-06	-4.4127E-06
4.1562E-09	-5.2256E-09	2.8590E-06	-3.6769E-06
4.1478E-09	-5.2018E-09	3.6936E-06	-3.4300E-06
4.1394E-09	-5.1780E-09	3.5461E-06	-4.1262E-06
4.1311E-09	-5.1544E-09	3.2781E-06	-3.6287E-06
4.1227E-09	-5.1309E-09	3.5401E-06	-3.8865E-06
4.1143E-09	-5.1074E-09	3.2699E-06	-2.9840E-06
4.1059E-09	-5.0841E-09	5.4613E-06	-3.4887E-06
4.0975E-09	-5.0608E-09	4.1979E-06	-5.7139E-06
4.0892E-09	-5.0376E-09	3.1682E-06	-4.7792E-06
4.0808E-09	-5.0146E-09	3.0228E-06	-4.3735E-06
4.0724E-09	-4.9916E-09	4.4377E-06	-4.0383E-06
4.0640E-09	-4.9687E-09	3.4895E-06	-6.5702E-06
4.0556E-09	-4.9459E-09	1.7015E-06	-4.6319E-06
4.0472E-09	-4.9232E-09	2.4549E-06	-4.6407E-06
4.0388E-09	-4.9006E-09	2.2301E-06	-2.9359E-06
4.0304E-09	-4.8780E-09	4.8818E-06	-4.5245E-06
4.0220E-09	-4.8556E-09	1.9467E-06	-5.6470E-06
4.0136E-09	-4.8333E-09	2.8652E-06	-3.4743E-06
4.0052E-09	-4.8110E-09	3.6570E-06	-5.0602E-06
3.9968E-09	-4.7888E-09	2.2207E-06	-5.6939E-06
3.9884E-09	-4.7668E-09	1.3434E-06	-3.9349E-06
3.9800E-09	-4.7448E-09	3.3894E-06	-4.1417E-06
3.9716E-09	-4.7229E-09	1.4621E-06	-5.0840E-06
3.9631E-09	-4.7011E-09	2.5488E-06	-3.0490E-06
3.9547E-09	-4.6793E-09	2.8823E-06	-5.0701E-06
3.9463E-09	-4.6577E-09	1.7250E-06	-4.0868E-06
3.9379E-09	-4.6362E-09	2.4120E-06	-4.1396E-06
3.9295E-09	-4.6147E-09	2.0495E-06	-4.1512E-06
3.9211E-09	-4.5933E-09	1.8403E-06	-3.8284E-06
3.9127E-09	-4.5720E-09	2.6337E-06	-3.2893E-06
3.9043E-09	-4.5508E-09	2.4113E-06	-4.5316E-06
3.8959E-09	-4.5297E-09	1.7550E-06	-2.8565E-06
3.8875E-09	-4.5087E-09	4.2274E-06	-3.5838E-06
3.8791E-09	-4.4877E-09	2.4474E-06	-5.8174E-06
3.8707E-09	-4.4669E-09	8.3683E-07	-3.7372E-06
3.8623E-09	-4.4461E-09	2.9218E-06	-2.7005E-06
3.8539E-09	-4.4254E-09	3.4040E-06	-4.7171E-06
3.8455E-09	-4.4048E-09	1.7803E-06	-4.7891E-06
3.8371E-09	-4.3842E-09	1.8198E-06	-3.8230E-06
3.8287E-09	-4.3638E-09	2.3149E-06	-4.0113E-06
3.8203E-09	-4.3434E-09	1.5662E-06	-4.2963E-06
3.8120E-09	-4.3232E-09	1.6007E-06	-2.9517E-06
3.8036E-09	-4.3030E-09	2.8998E-06	-3.4578E-06
3.7952E-09	-4.2828E-09	2.1532E-06	-4.1454E-06
3.7868E-09	-4.2628E-09	2.0349E-06	-3.4373E-06
3.7785E-09	-4.2429E-09	2.8140E-06	-3.8084E-06
3.7701E-09	-4.2230E-09	1.5769E-06	-4.7776E-06
3.7617E-09	-4.2032E-09	8.0708E-07	-2.5341E-06
3.7533E-09	-4.1835E-09	3.2194E-06	-2.4222E-06
3.7450E-09	-4.1639E-09	2.9346E-06	-3.9302E-06
3.7366E-09	-4.1443E-09	2.2727E-06	-3.9673E-06
3.7283E-09	-4.1248E-09	1.7969E-06	-3.0367E-06
3.7199E-09	-4.1054E-09	3.6428E-06	-2.8851E-06
3.7116E-09	-4.0861E-09	2.7549E-06	-4.9063E-06
3.7032E-09	-4.0669E-09	1.8930E-06	-3.2341E-06
3.6949E-09	-4.0477E-09	3.2161E-06	-4.0417E-06
3.6866E-09	-4.0287E-09	1.5861E-06	-3.9466E-06
3.6782E-09	-4.0097E-09	3.0433E-06	-2.9618E-06
3.6699E-09	-3.9907E-09	2.6750E-06	-4.3316E-06
3.6616E-09	-3.9719E-09	3.0405E-06	-3.4825E-06
3.6533E-09	-3.9531E-09	2.7583E-06	-5.6298E-06
3.6449E-09	-3.9344E-09	5.3692E-07	-3.8143E-06
3.6366E-09	-3.9158E-09	2.4143E-06	-2.9048E-06
3.6283E-09	-3.8973E-09	2.5531E-06	-3.3310E-06
3.6200E-09	-3.8788E-09	3.1511E-06	-3.9828E-06
3.6117E-09	-3.8604E-09	2.0216E-06	-4.0255E-06
3.6035E-09	-3.8421E-09	2.8368E-06	-3.4167E-06
3.5952E-09	-3.8239E-09	2.9181E-06	-3.7781E-06
3.5869E-09	-3.8057E-09	3.7437E-06	-4.2987E-06
3.5786E-09	-3.7876E-09	2.8547E-06	-5.3396E-06
3.5704E-09	-3.7696E-09	2.6364E-06	-5.4701E-06
3.5621E-09	-3.7517E-09	1.0474E-06	-5.6796E-06
3.5539E-09	-3.7338E-09	1.1904E-06	-4.0869E-06
3.5456E-09	-3.7160E-09	1.6575E-06	-4.2721E-06
3.5374E-09	-3.6983E-09	2.0854E-06	-4.5352E-06
3.5291E-09	-3.6806E-09	7.7104E-07	-5.1544E-06
3.5209E-09	-3.6631E-09	7.9794E-07	-3.4234E-06
3.5127E-09	-3.6456E-09	1.4572E-06	-3.7872E-06
3.5045E-09	-3.6281E-09	1.6961E-06	-3.4539E-06
3.4963E-09	-3.6108E-09	1.6715E-06	-4.0761E-06
3.4880E-09	-3.5935E-09	1.7960E-06	-3.3446E-06
3.4799E-09	-3.5763E-09	2.2905E-06	-4.1893E-06
3.4717E-09	-3.5591E-09	2.1854E-06	-4.0733E-06
3.4635E-09	-3.5421E-09	2.1813E-06	-5.4116E-06
3.4553E-09	-3.5250E-09	5.2885E-07	-4.9563E-06
3.4471E-09	-3.5081E-09	8.3844E-07	-4.1848E-06
3.4390E-09	-3.4912E-09	1.0772E-06	-4.2376E-06
3.4308E-09	-3.4745E-09	3.1116E-07	-4.7687E-06
3.4227E-09	-3.4577E-09	-1.5431E-07	-2.7553E-06
3.4145E-09	-3.4411E-09	2.1284E-06	-3.3014E-06
3.4064E-09	-3.4245E-09	7.4650E-07	-4.5812E-06
3.3983E-09	-3.4080E-09	4.7135E-07	-3.6216E-06
3.3902E-09	-3.3915E-09	2.6446E-07	-3.4220E-06
3.3820E-09	-3.3751E-09	9.4786E-07	-2.4748E-06
3.3739E-09	-3.3588E-09	1.9337E-06	-3.5337E-06
3.3659E-09	-3.3426E-09	7.4328E-07	-4.3208E-06
3.3578E-09	-3.3264E-09	2.3269E-07	-3.2042E-06
3.3497E-09	-3.3103E-09	9.9562E-07	-3.3095E-06
3.3416E-09	-3.2942E-09	-6.7572E-08	-3.5347E-06
3.3336E-09	-3.2783E-09	2.0416E-07	-1.7194E-06
3.3255E-09	-3.2624E-09	1.8365E-06	-2.4358E-06
3.3175E-09	-3.2465E-09	7.5642E-07	-2.6758E-06
3.3094E-09	-3.2307E-09	2.4296E-06	-1.6995E-06
3.3014E-09	-3.2150E-09	2.6959E-06	-4.4188E-06
3.2934E-09	-3.1994E-09	5.9607E-07	-4.1850E-06
3.2854E-09	-3.1838E-09	1.3815E-07	-3.5639E-06
3.2774E-09	-3.1683E-09	1.6456E-08	-1.5250E-06
3.2694E-09	-3.1528E-09	3.1118E-06	-1.9331E-06
3.2614E-09	-3.1374E-09	1.8686E-06	-4.7083E-06
3.2534E-09	-3.1221E-09	3.1567E-07	-3.3511E-06
3.2454E-09	-3.1068E-09	1.1836E-06	-3.0487E-06
3.2375E-09	-3.0916E-09	5.5392E-07	-3.6082E-06
3.2295E-09	-3.0765E-09	-2.1536E-07	-2.3360E-06
3.2216E-09	-3.0614E-09	1.3898E-06	-1.2141E-06
3.2137E-09	-3.0464E-09	2.4914E-06	-2.7652E-06
3.2057E-09	-3.0315E-09	1.3914E-06	-3.4624E-06
3.1978E-09	-3.0166E-09	8.4495E-07	-2.9947E-06
3.1899E-09	-3.0018E-09	1.1301E-06	-1.7731E-06
3.1820E-09	-2.9870E-09	3.2978E-06	-2.8853E-06
3.1742E-09	-2.9723E-09	9.9025E-07	-4.8330E-06
3.1663E-09	-2.9577E-09	8.0175E-07	-2.6646E-06
3.1584E-09	-2.9431E-09	9.5021E-07	-4.0595E-06
3.1506E-09	-2.9286E-09	-1.1921E-07	-2.2654E-06
3.1427E-09	-2.9142E-09	1.3465E-06	-2.5956E-06
3.1349E-09	-2.8998E-09	8.6633E-07	-2.1588E-06
3.1271E-09	-2.8855E-09	2.0772E-06	-3.0670E-06
3.1192E-09	-2.8712E-09	4.7416E-07	-3.0928E-06
3.1114E-09	-2.8570E-09	1.5993E-06	-2.7276E-06
3.1036E-09	-2.8429E-09	4.9296E-07	-3.4945E-06
3.0958E-09	-2.8288E-09	4.0337E-07	-2.5489E-06
3.0881E-09	-2.8147E-09	4.7511E-07	-1.9476E-06
3.0803E-09	-2.8008E-09	1.9497E-06	-2.5171E-06
3.0726E-09	-2.7869E-09	-3.3795E-07	-3.4889E-06
3.0648E-09	-2.7730E-09	3.4336E-07	-3.8271E-07
3.0571E-09	-2.7592E-09	2.4313E-06	-2.1208E-06
3.0493E-09	-2.7455E-09	8.3724E-07	-2.5224E-06
3.0416E-09	-2.7318E-09	1.6484E-06	-1.3460E-06
3.0339E-09	-2.7182E-09	2.5994E-06	-3.0095E-06
3.0262E-09	-2.7046E-09	2.6069E-07	-3.3253E-06
3.0186E-09	-2.6911E-09	1.1400E-06	-1.0221E-06
3.0109E-09	-2.6777E-09	2.4728E-06	-2.7870E-06
3.0032E-09	-2.6643E-09	6.5167E-07	-2.9199E-06
2.9956E-09	-2.6510E-09	1.3251E-06	-1.3598E-06
2.9879E-09	-2.6377E-09	2.6966E-06	-2.5717E-06
2.9803E-09	-2.6245E-09	1.1848E-06	-3.3968E-06
2.9727E-09	-2.6113E-09	1.4345E-06	-2.3725E-06
2.9651E-09	-2.5982E-09	1.1172E-06	-3.3454E-06
2.9575E-09	-2.5852E-09	5.9118E-07	-1.9167E-06
2.9499E-09	-2.5722E-09	1.8996E-06	-2.5149E-06
2.9423E-09	-2.5592E-09	6.6042E-07	-2.8743E-06
2.9348E-09	-2.5463E-09	9.2715E-07	-1.8449E-06
2.9272E-09	-2.5335E-09	1.4490E-06	-2.0027E-06
2.9197E-09	-2.5207E-09	1.6920E-06	-2.2036E-06
2.9121E-09	-2.5080E-09	1.6331E-06	-2.7642E-06
2.9046E-09	-2.4954E-09	9.1395E-07	-2.7790E-06
2.8971E-09	-2.4827E-09	8.7009E-07	-2.2476E-06
2.8896E-09	-2.4702E-09	7.4396E-07	-2.1223E-06
2.8821E-09	-2.4577E-09	1.0606E-06	-1.3289E-06
2.8747E-09	-2.4452E-09	1.8268E-06	-1.7234E-06
2.8672E-09	-2.4328E-09	1.7275E-06	-1.7145E-06
2.8597E-09	-2.4205E-09	2.6224E-06	-2.1627E-06
2.8523E-09	-2.4082E-09	1.6879E-06	-3.5490E-06
2.8449E-09	-2.3960E-09	2.4989E-07	-2.2089E-06
2.8375E-09	-2.3838E-09	2.0516E-06	-1.1724E-06
2.8301E-09	-2.3717E-09	2.1726E-06	-3.2411E-06
2.8227E-09	-2.3596E-09	5.3209E-07	-2.3349E-06
2.8153E-09	-2.3476E-09	1.7653E-06	-1.7706E-06
2.8079E-09	-2.3356E-09	1.3663E-06	-2.3572E-06
2.8006E-09	-2.3237E-09	1.6656E-06	-1.7035E-06
2.7932E-09	-2.3118E-09	2.0913E-06	-2.2707E-06
2.7859E-09	-2.3000E-09	1.8179E-06	-2.5000E-06
2.7786E-09	-2.2882E-09	1.7759E-06	-2.4076E-06
2.7712E-09	-2.2765E-09	2.0034E-06	-2.8995E-06
2.7639E-09	-2.2648E-09	8.0990E-07	-3.1011E-06
2.7567E-09	-2.2532E-09	1.0619E-06	-1.8099E-06
2.7494E-09	-2.2416E-09	1.4910E-06	-2.4821E-06
2.7421E-09	-2.2301E-09	9.5733E-07	-1.8064E-06
2.7349E-09	-2.2186E-09	1.8991E-06	-1.7534E-06
2.7276E-09	-2.2072E-09	1.8278E-06	-1.9027E-06
2.7204E-09	-2.1958E-09	2.6646E-06	-2.3519E-06
2.7132E-09	-2.1845E-09	1.4187E-06	-3.3604E-06
2.7060E-09	-2.1733E-09	1.2801E-06	-1.5340E-06
2.6988E-09	-2.1620E-09	3.2121E-06	-2.6968E-06
2.6916E-09	-2.1509E-09	1.2249E-06	-4.1128E-06
2.6844E-09	-2.1397E-09	8.8276E-07	-2.3991E-06
2.6773E-09	-2.1287E-09	1.3669E-06	-3.0265E-06
2.6701E-09	-2.1176E-09	8.0909E-07	-2.3304E-06
2.6630E-09	-2.1067E-09	1.5177E-06	-2.8985E-06
2.6559E-09	-2.0957E-09	8.0477E-08	-2.4517E-06
2.6488E-09	-2.0848E-09	1.4985E-06	-1.6117E-06
2.6417E-09	-2.0740E-09	7.9160E-07	-2.5670E-06
2.6346E-09	-2.0632E-09	1.3460E-06	-1.0742E-06
2.6275E-09	-2.0525E-09	2.0940E-06	-2.6130E-06
2.6205E-09	-2.0418E-09	9.0153E-07	-2.1344E-06
2.6134E-09	-2.0311E-09	1.6729E-06	-1.7842E-06
2.6064E-09	-2.0205E-09	1.9041E-06	-1.8186E-06
2.5994E-09	-2.0100E-09	2.5517E-06	-2.7328E-06
2.5924E-09	-1.9995E-09	1.0764E-06	-3.1300E-06
2.5854E-09	-1.9890E-09	1.6781E-06	-1.9082E-06
2.5784E-09	-1.9786E-09	1.9889E-06	-3.2934E-06
2.5714E-09	-1.9682E-09	8.9634E-07	-2.6796E-06
2.5645E-09	-1.9579E-09	1.8627E-06	-2.8592E-06
2.5575E-09	-1.9476E-09	5.9689E-07	-3.4427E-06
2.5506E-09	-1.9374E-09	6.6115E-07	-2.4037E-06
2.5437E-09	-1.9272E-09	4.4843E-07	-2.5891E-06
2.5368E-09	-1.9170E-09	8.8189E-07	-1.6049E-06
2.5299E-09	-1.9069E-09	1.2466E-06	-2.6103E-06
2.5230E-09	-1.8969E-09	6.4776E-07	-1.7289E-06
2.5161E-09	-1.8869E-09	2.0278E-06	-2.4701E-06
2.5092E-09	-1.8769E-09	-6.6940E-08	-3.1711E-06
2.5024E-09	-1.8670E-09	5.5749E-07	-4.9764E-07
2.4956E-09	-1.8571E-09	2.8660E-06	-2.4888E-06
2.4887E-09	-1.8473E-09	-2.8733E-08	-3.7172E-06
2.4819E-09	-1.8375E-09	-5.6090E-09	-9.5634E-07
2.4751E-09	-1.8277E-09	1.5540E-06	-1.5805E-06
2.4684E-09	-1.8180E-09	1.4016E-06	-1.9214E-06
2.4616E-09	-1.8084E-09	1.1699E-06	-2.6788E-06
2.4548E-09	-1.7987E-09	1.0848E-07	-1.6737E-06
2.4481E-09	-1.7892E-09	1.6026E-06	-1.0807E-06
2.4414E-09	-1.7796E-09	1.6497E-06	-2.3648E-06
2.4346E-09	-1.7701E-09	6.5015E-07	-2.1088E-06
2.4279E-09	-1.7607E-09	1.3485E-06	-1.1671E-06
2.4212E-09	-1.7513E-09	1.9553E-06	-2.4980E-06
2.4146E-09	-1.7419E-09	4.5846E-07	-2.3354E-06
2.4079E-09	-1.7326E-09	1.1074E-06	-1.4172E-06
2.4012E-09	-1.7233E-09	1.4087E-06	-1.8302E-06
2.3946E-09	-1.7141E-09	1.3410E-06	-2.1152E-06
2.3880E-09	-1.7049E-09	8.5683E-07	-1.8358E-06
2.3813E-09	-1.6957E-09	1.5888E-06	-1.6279E-06
2.3747E-09	-1.6866E-09	1.1244E-06	-2.3439E-06
2.3681E-09	-1.6775E-09	1.0059E-06	-1.3919E-06
2.3616E-09	-1.6685E-09	2.0074E-06	-2.1526E-06
2.3550E-09	-1.6595E-09	2.5051E-07	-2.7967E-06
2.3485E-09	-1.6505E-09	4.0293E-07	-2.1596E-07
2.3419E-09	-1.6416E-09	3.0327E-06	-1.3552E-06
2.3354E-09	-1.6327E-09	1.4369E-06	-3.1317E-06
2.3289E-09	-1.6239E-09	5.9638E-07	-1.9423E-06
2.3224E-09	-1.6151E-09	1.2001E-06	-1.3704E-06
2.3159E-09	-1.6063E-09	1.8381E-06	-1.9884E-06
2.3094E-09	-1.5976E-09	8.4605E-07	-2.3133E-06
2.3029E-09	-1.5890E-09	1.1082E-06	-1.3161E-06
2.2965E-09	-1.5803E-09	1.7113E-06	-1.8339E-06
2.2901E-09	-1.5717E-09	1.2869E-06	-2.1285E-06
2.2836E-09	-1.5631E-09	1.2027E-06	-1.7026E-06
2.2772E-09	-1.5546E-09	1.7284E-06	-2.0695E-06
2.2708E-09	-1.5461E-09	8.2693E-07	-2.4648E-06
2.2644E-09	-1.5377E-09	6.8836E-07	-1.4244E-06
2.2581E-09	-1.5293E-09	1.4969E-06	-1.3465E-06
2.2517E-09	-1.5209E-09	1.5024E-06	-1.8886E-06
2.2454E-09	-1.5126E-09	1.3659E-06	-1.4470E-06
2.2390E-09	-1.5043E-09	2.2378E-06	-2.0213E-06
2.2327E-09	-1.4960E-09	1.2554E-06	-2.6411E-06
2.2264E-09	-1.4878E-09	1.2329E-06	-2.2449E-06
2.2201E-09	-1.4796E-09	6.7013E-07	-2.1402E-06
2.2138E-09	-1.4715E-09	1.5772E-06	-1.6257E-06
2.2075E-09	-1.4634E-09	9.4729E-07	-2.8720E-06
2.2013E-09	-1.4553E-09	4.9684E-07	-1.4538E-06
2.1950E-09	-1.4473E-09	1.4440E-06	-2.1195E-06
2.1888E-09	-1.4393E-09	4.3004E-07	-2.1216E-06
2.1826E-09	-1.4313E-09	7.8865E-07	-1.5136E-06
2.1764E-09	-1.4234E-09	1.0077E-06	-1.7616E-06
2.1702E-09	-1.4155E-09	6.8460E-07	-2.0517E-06
2.1640E-09	-1.4076E-09	1.8174E-08	-1.4347E-06
2.1579E-09	-1.3998E-09	7.4958E-07	-4.9658E-07
2.1517E-09	-1.3920E-09	1.4584E-06	-1.0387E-06
2.1456E-09	-1.3843E-09	1.3753E-06	-9.8272E-07
2.1394E-09	-1.3766E-09	2.1128E-06	-1.6827E-06
2.1333E-09	-1.3689E-09	5.9870E-07	-2.2784E-06
2.1272E-09	-1.3613E-09	8.4911E-07	-6.8769E-07
2.1211E-09	-1.3537E-09	1.4511E-06	-1.5871E-06
2.1150E-09	-1.3461E-09	6.1359E-07	-8.8846E-07
2.1090E-09	-1.3386E-09	1.8743E-06	-4.7031E-07
2.1029E-09	-1.3311E-09	1.9413E-06	-1.3026E-06
2.0969E-09	-1.3236E-09	2.0133E-06	-1.0714E-06
2.0909E-09	-1.3162E-09	2.4177E-06	-1.9400E-06
2.0849E-09	-1.3088E-09	1.2164E-06	-2.0076E-06
2.0789E-09	-1.3014E-09	1.9197E-06	-1.0389E-06
2.0729E-09	-1.2941E-09	2.3862E-06	-2.0691E-06
2.0669E-09	-1.2868E-09	2.1567E-06	-2.2775E-06
2.0609E-09	-1.2795E-09	1.8064E-06	-3.5379E-06
2.0550E-09	-1.2723E-09	-5.4830E-07	-2.9514E-06
2.0491E-09	-1.2651E-09	1.4318E-07	-5.6559E-07
2.0431E-09	-1.2579E-09	1.6286E-06	-1.2627E-06
2.0372E-09	-1.2508E-09	1.1160E-06	-1.6315E-06
2.0313E-09	-1.2437E-09	1.2104E-06	-1.6136E-06
2.0255E-09	-1.2366E-09	8.2240E-07	-1.2680E-06
2.0196E-09	-1.2296E-09	1.6302E-06	-1.1337E-06
2.0137E-09	-1.2226E-09	1.2004E-06	-1.3358E-06
2.0079E-09	-1.2156E-09	2.3591E-06	-1.1345E-06
2.0021E-09	-1.2087E-09	1.3268E-06	-2.8111E-06
1.9962E-09	-1.2018E-09	7.8971E-07	-8.0953E-07
1.9904E-09	-1.1949E-09	2.3565E-06	-1.9656E-06
1.9846E-09	-1.1881E-09	5.6371E-07	-2.1296E-06
1.9789E-09	-1.1813E-09	1.5106E-06	-1.0711E-06
1.9731E-09	-1.1745E-09	1.3266E-06	-2.2562E-06
1.9673E-09	-1.1678E-09	5.1762E-07	-1.1909E-06
1.9616E-09	-1.1611E-09	1.6976E-06	-9.4474E-07
1.9559E-09	-1.1544E-09	1.6062E-06	-1.5330E-06
1.9501E-09	-1.1477E-09	1.6134E-06	-1.6424E-06
1.9444E-09	-1.1411E-09	1.0408E-06	-1.3356E-06
1.9388E-09	-1.1345E-09	2.4989E-06	-7.8286E-07
1.9331E-09	-1.1280E-09	2.4030E-06	-3.0255E-06
1.9274E-09	-1.1214E-09	4.9903E-07	-2.4005E-06
1.9218E-09	-1.1150E-09	1.1093E-06	-1.3093E-06
1.9161E-09	-1.1085E-09	1.7239E-06	-1.9119E-06
1.9105E-09	-1.1021E-09	7.8333E-07	-2.0851E-06
1.9049E-09	-1.0957E-09	1.5094E-06	-1.1954E-06
1.8993E-09	-1.0893E-09	1.4174E-06	-2.6284E-06
1.8937E-09	-1.0829E-09	4.0413E-07	-1.5408E-06
1.8881E-09	-1.0766E-09	1.3110E-06	-1.5965E-06
1.8825E-09	-1.0703E-09	9.2407E-07	-1.5548E-06
1.8770E-09	-1.0641E-09	1.2486E-06	-1.8213E-06
1.8715E-09	-1.0579E-09	5.5271E-07	-1.4448E-06
1.8659E-09	-1.0517E-09	1.4626E-06	-1.3656E-06
1.8604E-09	-1.0455E-09	5.7224E-07	-1.7758E-06
1.8549E-09	-1.0394E-09	1.1902E-06	-7.5282E-07
1.8494E-09	-1.0332E-09	1.2720E-06	-1.8623E-06
1.8439E-09	-1.0272E-09	6.6039E-07	-7.7762E-07
1.8385E-09	-1.0211E-09	2.1155E-06	-1.2381E-06
1.8330E-09	-1.0151E-09	8.6881E-07	-1.9763E-06
1.8276E-09	-1.0091E-09	1.2704E-06	-8.3608E-07
1.8222E-09	-1.0031E-09	1.6733E-06	-1.8817E-06
1.8168E-09	-9.9720E-10	6.5333E-07	-1.7806E-06
1.8114E-09	-9.9129E-10	6.5676E-07	-8.9349E-07
1.8060E-09	-9.8541E-10	1.5597E-06	-6.9573E-07
1.8006E-09	-9.7955E-10	1.6773E-06	-1.3583E-06
1.7952E-09	-9.7373E-10	1.5994E-06	-1.4471E-06
1.7899E-09	-9.6793E-10	1.3035E-06	-1.5732E-06
1.7845E-09	-9.6216E-10	1.8169E-06	-1.4117E-06
1.7792E-09	-9.5642E-10	1.1697E-06	-2.7857E-06
1.7739E-09	-9.5070E-10	-5.2085E-07	-1.3981E-06
1.7686E-09	-9.4502E-10	8.0068E-07	1.9309E-07
1.7633E-09	-9.3936E-10	2.2429E-06	-7.1618E-07
1.7580E-09	-9.3372E-10	1.3000E-06	-1.6782E-06
1.7528E-09	-9.2812E-10	1.3601E-06	-5.1314E-07
1.7475E-09	-9.2254E-10	2.1961E-06	-1.3957E-06
1.7423E-09	-9.1698E-10	1.4793E-06	-1.4910E-06
1.7371E-09	-9.1146E-10	1.8329E-06	-1.5639E-06
1.7318E-09	-9.0596E-10	1.1529E-06	-1.9500E-06
1.7266E-09	-9.0048E-10	9.5208E-07	-8.5932E-07
1.7215E-09	-8.9504E-10	2.4712E-06	-1.3191E-06
1.7163E-09	-8.8962E-10	8.4286E-07	-2.7097E-06
1.7111E-09	-8.8422E-10	5.8510E-07	-4.3025E-07
1.7060E-09	-8.7885E-10	2.1448E-06	-1.3395E-06
1.7008E-09	-8.7351E-10	1.2846E-06	-1.6821E-06
1.6957E-09	-8.6819E-10	1.1611E-06	-1.6720E-06
1.6906E-09	-8.6290E-10	8.8347E-07	-8.5746E-07
1.6855E-09	-8.5763E-10	2.0181E-06	-9.5781E-07
1.6804E-09	-8.5239E-10	1.8806E-06	-1.7139E-06
1.6753E-09	-8.4718E-10	1.4433E-06	-2.0288E-06
1.6702E-09	-8.4198E-10	9.3057E-07	-1.6545E-06
1.6652E-09	-8.3682E-10	1.0894E-06	-1.1455E-06
1.6601E-09	-8.3168E-10	2.0895E-06	-1.2663E-06
1.6551E-09	-8.2656E-10	1.2056E-06	-2.8581E-06
1.6501E-09	-8.2147E-10	3.5268E-08	-1.1018E-06
1.6451E-09	-8.1641E-10	1.5201E-06	-1.0736E-06
1.6401E-09	-8.1137E-10	1.1265E-06	-1.5830E-06
1.6351E-09	-8.0635E-10	7.2761E-07	-1.5908E-06
1.6301E-09	-8.0136E-10	8.0176E-07	-5.0831E-07
1.6252E-09	-7.9639E-10	1.7860E-06	-1.2335E-06
1.6202E-09	-7.9144E-10	1.2541E-06	-1.3103E-06
1.6153E-09	-7.8652E-10	1.1269E-06	-1.8412E-06
1.6104E-09	-7.8163E-10	5.5850E-07	-5.6183E-07
1.6055E-09	-7.7676E-10	1.8228E-06	-1.4065E-06
1.6006E-09	-7.7191E-10	4.2390E-07	-6.9327E-07
1.5957E-09	-7.6708E-10	2.5061E-06	-9.1594E-07
1.5908E-09	-7.6228E-10	6.8624E-07	-1.7291E-06
1.5860E-09	-7.5750E-10	1.8779E-06	-7.0885E-07
1.5811E-09	-7.5275E-10	9.6199E-07	-1.7319E-06
1.5763E-09	-7.4802E-10	1.7697E-06	-5.4654E-07
1.5714E-09	-7.4331E-10	1.5876E-06	-2.1357E-06
1.5666E-09	-7.3863E-10	8.1864E-07	-1.3259E-06
1.5618E-09	-7.3397E-10	7.5217E-07	-1.1086E-06
1.5570E-09	-7.2933E-10	1.4840E-06	-2.0634E-07
1.5523E-09	-7.2471E-10	2.2897E-06	-1.2627E-06
1.5475E-09	-7.2012E-10	1.8343E-06	-1.8801E-06
1.5427E-09	-7.1555E-10	9.9231E-07	-1.9823E-06
1.5380E-09	-7.1100E-10	1.1861E-06	-1.2617E-06
1.5333E-09	-7.0647E-10	1.0543E-06	-2.0489E-06
1.5285E-09	-7.0197E-10	9.2087E-08	-1.1071E-06
1.5238E-09	-6.9749E-10	1.2849E-06	-2.7690E-07
1.5191E-09	-6.9303E-10	1.9050E-06	-1.6399E-06
1.5145E-09	-6.8859E-10	1.9319E-07	-1.8182E-06
1.5098E-09	-6.8418E-10	5.6388E-07	-1.8296E-07
1.5051E-09	-6.7978E-10	1.4094E-06	-6.4187E-07
1.5005E-09	-6.7541E-10	1.4495E-06	-7.7083E-07
1.4958E-09	-6.7106E-10	1.1655E-06	-1.3191E-06
1.4912E-09	-6.6674E-10	5.3583E-07	-2.5615E-07
1.4866E-09	-6.6243E-10	2.1962E-06	1.2265E-07
1.4820E-09	-6.5814E-10	2.0898E-06	-1.5194E-06
1.4774E-09	-6.5388E-10	1.0413E-06	-6.8261E-07
1.4728E-09	-6.4964E-10	2.4717E-06	-5.5191E-07
1.4683E-09	-6.4542E-10	1.7391E-06	-1.8576E-06
1.4637E-09	-6.4122E-10	1.2076E-06	-5.8697E-07
1.4592E-09	-6.3704E-10	2.7814E-06	-7.8948E-07
1.4546E-09	-6.3288E-10	2.2382E-06	-2.5439E-06
1.4501E-09	-6.2874E-10	7.1400E-07	-1.7983E-06
1.4456E-09	-6.2462E-10	1.6963E-06	-1.1371E-06
1.4411E-09	-6.2053E-10	1.3836E-06	-2.2294E-06
1.4366E-09	-6.1645E-10	3.1471E-07	-1.5895E-06
1.4321E-09	-6.1239E-10	7.1225E-07	-4.8281E-07
1.4277E-09	-6.0836E-10	1.8027E-06	-8.0717E-07
1.4232E-09	-6.0434E-10	1.1509E-06	-1.4738E-06
1.4188E-09	-6.0035E-10	1.2741E-06	-6.2125E-07
1.4143E-09	-5.9637E-10	1.7934E-06	-1.4793E-06
1.4099E-09	-5.9242E-10	4.4264E-07	-1.2650E-06
1.4055E-09	-5.8848E-10	1.5049E-06	4.0176E-07
1.4011E-09	-5.8457E-10	3.1661E-06	-1.2777E-06
1.3967E-09	-5.8067E-10	1.6522E-06	-2.4792E-06
1.3924E-09	-5.7680E-10	9.1918E-07	-2.0470E-06
1.3880E-09	-5.7294E-10	3.3926E-07	-1.2397E-06
1.3836E-09	-5.6911E-10	1.4002E-06	-9.0485E-07
1.3793E-09	-5.6529E-10	5.6755E-07	-1.4597E-06
1.3750E-09	-5.6149E-10	1.2960E-06	-2.1053E-07
1.3707E-09	-5.5771E-10	1.3862E-06	-1.7817E-06
1.3663E-09	-5.5395E-10	3.8125E-07	-2.6227E-07
1.3621E-09	-5.5021E-10	2.3848E-06	-8.2450E-07
1.3578E-09	-5.4649E-10	3.9569E-07	-1.9781E-06
1.3535E-09	-5.4279E-10	4.3952E-07	5.9259E-07
1.3492E-09	-5.3910E-10	2.7263E-06	-1.7560E-07
1.3450E-09	-5.3544E-10	1.7538E-06	-1.6175E-06
1.3407E-09	-5.3179E-10	1.3125E-06	-6.2790E-07
1.3365E-09	-5.2816E-10	2.3303E-06	-1.0149E-06
1.3323E-09	-5.2456E-10	1.3551E-06	-1.9291E-06
1.3281E-09	-5.2096E-10	9.9462E-07	-5.9190E-07
1.3239E-09	-5.1739E-10	2.2720E-06	-1.2122E-06
1.3197E-09	-5.1384E-10	8.5536E-07	-1.8641E-06
1.3155E-09	-5.1030E-10	1.0341E-06	-4.2242E-07
1.3114E-09	-5.0678E-10	1.8948E-06	-1.0609E-06
1.3072E-09	-5.0328E-10	1.2792E-06	-1.3191E-06
1.3031E-09	-4.9980E-10	1.5077E-06	-9.3287E-07
1.2989E-09	-4.9634E-10	1.5223E-06	-1.7431E-06
1.2948E-09	-4.9289E-10	2.9128E-07	-1.1786E-06
1.2907E-09	-4.8946E-10	1.2934E-06	-2.9454E-07
1.2866E-09	-4.8605E-10	1.1407E-06	-1.1065E-06
1.2825E-09	-4.8266E-10	9.5780E-07	-1.3828E-07
1.2784E-09	-4.7928E-10	1.8806E-06	-3.4347E-07
1.2744E-09	-4.7592E-10	1.7090E-06	-6.1087E-07
1.2703E-09	-4.7258E-10	2.1815E-06	-5.5032E-07
1.2663E-09	-4.6926E-10	1.9715E-06	-1.5591E-06
1.2622E-09	-4.6595E-10	9.5466E-07	-4.1378E-07
1.2582E-09	-4.6266E-10	3.4553E-06	-2.2382E-07
1.2542E-09	-4.5939E-10	2.4208E-06	-3.3452E-06
1.2502E-09	-4.5613E-10	-2.4468E-08	-1.8099E-06
1.2462E-09	-4.5289E-10	7.7837E-07	-4.7914E-07
1.2422E-09	-4.4967E-10	1.6142E-06	-1.0490E-07
1.2383E-09	-4.4647E-10	2.5599E-06	-1.0278E-06
1.2343E-09	-4.4328E-10	1.5679E-06	-1.7870E-06
1.2304E-09	-4.4011E-10	1.3098E-06	-8.2814E-07
1.2264E-09	-4.3695E-10	2.2980E-06	-1.1431E-06
1.2225E-09	-4.3381E-10	1.5389E-06	-1.8896E-06
1.2186E-09	-4.3069E-10	1.6251E-06	-1.3690E-06
1.2147E-09	-4.2758E-10	9.6240E-07	-2.2272E-06
1.2108E-09	-4.2449E-10	4.1775E-07	-2.8141E-07
1.2069E-09	-4.2142E-10	2.4900E-06	-9.4954E-07
1.2030E-09	-4.1836E-10	1.1376E-06	-1.9194E-06
1.1991E-09	-4.1532E-10	1.1784E-06	-1.2011E-06
1.1953E-09	-4.1229E-10	9.1933E-07	-1.0811E-06
1.1914E-09	-4.0928E-10	1.9099E-06	-8.9477E-07
1.1876E-09	-4.0629E-10	1.1138E-06	-2.2084E-06
1.1838E-09	-4.0331E-10	3.9627E-07	-9.6267E-07
1.1800E-09	-4.0034E-10	8.9675E-07	-9.3207E-07
1.1762E-09	-3.9740E-10	8.3036E-07	-5.3417E-07
1.1724E-09	-3.9447E-10	1.0971E-06	-5.5102E-07
1.1686E-09	-3.9155E-10	1.4595E-06	-2.8890E-08
1.1648E-09	-3.8865E-10	2.2297E-06	-8.9680E-07
1.1611E-09	-3.8576E-10	1.5018E-06	-1.2712E-06
1.1573E-09	-3.8289E-10	1.2151E-06	-1.0396E-06
1.1536E-09	-3.8004E-10	1.6641E-06	-4.1948E-07
1.1498E-09	-3.7720E-10	1.9662E-06	-1.6714E-06
1.1461E-09	-3.7437E-10	9.2104E-07	-8.2212E-07
1.1424E-09	-3.7156E-10	2.1685E-06	-1.5316E-06
1.1387E-09	-3.6877E-10	8.7753E-08	-1.4485E-06
1.1350E-09	-3.6598E-10	1.6206E-06	-2.3287E-07
1.1313E-09	-3.6322E-10	8.8322E-07	-1.2452E-06
1.1277E-09	-3.6047E-10	1.7061E-06	-1.1790E-07
1.1240E-09	-3.5773E-10	1.3445E-06	-1.5932E-06
1.1203E-09	-3.5501E-10	9.9393E-07	-5.8310E-08
1.1167E-09	-3.5230E-10	2.2822E-06	-7.1086E-07
1.1131E-09	-3.4961E-10	1.8109E-06	-1.7298E-06
1.1095E-09	-3.4693E-10	1.7014E-08	-1.2991E-06
1.1058E-09	-3.4427E-10	1.5837E-06	1.0533E-06
1.1022E-09	-3.4162E-10	2.8650E-06	-1.4713E-06
1.0986E-09	-3.3898E-10	1.1841E-06	-9.4366E-07
1.0951E-09	-3.3636E-10	2.4402E-06	-1.0837E-06
1.0915E-09	-3.3375E-10	1.5941E-06	-1.9283E-06
1.0879E-09	-3.3116E-10	9.6616E-07	-1.8412E-06
1.0844E-09	-3.2858E-10	3.6713E-07	-8.1783E-07
1.0808E-09	-3.2602E-10	1.5623E-06	-6.2855E-07
1.0773E-09	-3.2346E-10	8.0089E-07	-1.2994E-06
1.0738E-09	-3.2093E-10	8.8979E-07	2.8348E-09
1.0703E-09	-3.1840E-10	2.0404E-06	-5.9581E-07
1.0668E-09	-3.1589E-10	1.2846E-06	-1.1974E-06
1.0633E-09	-3.1339E-10	1.0666E-06	-6.9048E-07
1.0598E-09	-3.1091E-10	1.0593E-06	-2.1225E-07
1.0563E-09	-3.0844E-10	2.1686E-06	2.2469E-08
1.0528E-09	-3.0598E-10	2.1169E-06	-1.1178E-06
1.0494E-09	-3.0354E-10	1.8853E-06	-9.3299E-07
1.0459E-09	-3.0111E-10	1.4731E-06	-1.5742E-06
1.0425E-09	-2.9869E-10	8.9261E-07	-3.9792E-07
1.0391E-09	-2.9629E-10	2.1507E-06	-2.9478E-07
1.0357E-09	-2.9390E-10	2.2699E-06	-1.1408E-06
1.0323E-09	-2.9152E-10	1.6968E-06	-1.5003E-06
1.0289E-09	-2.8915E-10	1.6121E-06	-1.2818E-06
1.0255E-09	-2.8680E-10	9.2733E-07	-1.5908E-06
1.0221E-09	-2.8446E-10	1.0165E-06	-1.3502E-07
1.0187E-09	-2.8214E-10	2.0366E-06	-1.0298E-06
1.0154E-09	-2.7982E-10	1.1695E-06	-8.4996E-07
1.0120E-09	-2.7752E-10	1.7831E-06	-8.4427E-07
1.0087E-09	-2.7523E-10	1.3717E-06	-8.2884E-07
1.0053E-09	-2.7296E-10	1.8108E-06	-8.8389E-07
1.0020E-09	-2.7070E-10	1.3807E-06	-8.4989E-07
9.9871E-10	-2.6845E-10	1.9745E-06	-7.3789E-07
9.9540E-10	-2.6621E-10	1.7143E-06	-1.2528E-06
9.9211E-10	-2.6398E-10	1.4740E-06	-1.1165E-06
9.8882E-10	-2.6177E-10	1.3832E-06	-7.6524E-07
9.8555E-10	-2.5957E-10	2.0394E-06	-7.2810E-07
9.8228E-10	-2.5738E-10	1.9978E-06	-1.5455E-06
9.7902E-10	-2.5520E-10	1.1488E-06	-1.5579E-06
9.7577E-10	-2.5303E-10	1.1820E-06	-9.1549E-07
9.7253E-10	-2.5088E-10	1.2204E-06	-1.0153E-06
9.6930E-10	-2.4874E-10	1.2735E-06	-5.7352E-07
9.6608E-10	-2.4661E-10	1.4309E-06	-4.6385E-07
9.6287E-10	-2.4449E-10	2.6797E-06	-2.2594E-07
9.5967E-10	-2.4239E-10	2.1538E-06	-2.6385E-06
9.5648E-10	-2.4029E-10	4.0427E-07	-6.8086E-07
9.5329E-10	-2.3821E-10	2.3162E-06	-1.2023E-06
9.5012E-10	-2.3614E-10	5.7716E-07	-9.7088E-07
9.4695E-10	-2.3408E-10	2.8463E-06	-6.5639E-07
9.4379E-10	-2.3203E-10	7.5030E-07	-2.7278E-06
9.4064E-10	-2.3000E-10	5.4957E-07	2.8593E-07
9.3750E-10	-2.2797E-10	2.6671E-06	-1.1549E-06
9.3437E-10	-2.2596E-10	6.4476E-07	-1.7959E-06
9.3125E-10	-2.2396E-10	1.2220E-06	-1.4881E-07
9.2814E-10	-2.2197E-10	1.6221E-06	-1.2312E-06
9.2503E-10	-2.1999E-10	1.2093E-06	-2.0457E-07
9.2194E-10	-2.1802E-10	2.4280E-06	-9.8270E-07
9.1885E-10	-2.1606E-10	1.7095E-06	-1.0449E-06
9.1578E-10	-2.1411E-10	2.2690E-06	-1.8716E-06
9.1271E-10	-2.1218E-10	6.9880E-07	-1.5023E-06
9.0965E-10	-2.1025E-10	1.8286E-06	-1.3430E-06
9.0660E-10	-2.0834E-10	5.4887E-07	-1.5413E-06
9.0356E-10	-2.0644E-10	1.3530E-06	-1.0870E-06
9.0052E-10	-2.0454E-10	2.8604E-07	-8.1831E-07
8.9750E-10	-2.0266E-10	2.3552E-06	-5.2602E-07
8.9448E-10	-2.0079E-10	3.2015E-07	-2.1473E-06
8.9147E-10	-1.9893E-10	1.0222E-06	2.6919E-07
8.8848E-10	-1.9708E-10	1.2690E-06	-1.3698E-06
8.8549E-10	-1.9524E-10	1.0041E-06	9.2672E-09
8.8251E-10	-1.9342E-10	1.8164E-06	-8.7856E-07
8.7953E-10	-1.9160E-10	1.4114E-06	-9.2686E-07
8.7657E-10	-1.8979E-10	6.5682E-07	-8.0185E-07
8.7361E-10	-1.8799E-10	2.1711E-06	7.4635E-07
8.7067E-10	-1.8621E-10	3.0521E-06	-2.3071E-06
8.6773E-10	-1.8443E-10	1.4335E-07	-2.0726E-06
8.6480E-10	-1.8266E-10	4.5802E-07	-4.1066E-07
8.6188E-10	-1.8091E-10	1.1030E-06	-3.1536E-07
8.5896E-10	-1.7916E-10	1.0425E-06	-7.0192E-08
8.5606E-10	-1.7742E-10	2.3527E-06	2.0949E-07
8.5316E-10	-1.7570E-10	2.1777E-06	-1.3934E-06
8.5028E-10	-1.7398E-10	1.6319E-06	-8.0810E-07
8.4740E-10	-1.7228E-10	1.8474E-06	-1.4612E-06
8.4453E-10	-1.7058E-10	9.7488E-07	-1.3624E-06
8.4166E-10	-1.6889E-10	4.9172E-07	-5.6935E-07
8.3881E-10	-1.6722E-10	1.6873E-06	5.6856E-07
8.3596E-10	-1.6555E-10	2.6457E-06	-7.0421E-07
8.3313E-10	-1.6389E-10	2.2748E-06	-1.4058E-06
8.3030E-10	-1.6224E-10	1.0739E-06	-1.7101E-06
8.2748E-10	-1.6060E-10	1.3919E-06	-1.6341E-07
8.2466E-10	-1.5898E-10	2.1585E-06	-1.2288E-06
8.2186E-10	-1.5736E-10	1.6607E-06	-1.0975E-06
8.1906E-10	-1.5575E-10	1.5306E-06	-1.6185E-06
8.1627E-10	-1.5415E-10	1.0381E-06	-9.2977E-07
8.1349E-10	-1.5256E-10	1.1173E-06	-8.1639E-07
8.1072E-10	-1.5097E-10	2.0219E-06	2.1230E-07
8.0796E-10	-1.4940E-10	3.0206E-06	-1.9799E-06
8.0520E-10	-1.4784E-10	8.3658E-07	-2.0809E-06
8.0246E-10	-1.4628E-10	1.1039E-06	-8.8131E-07
7.9972E-10	-1.4474E-10	2.1065E-06	-1.2197E-06
7.9699E-10	-1.4320E-10	8.1014E-07	-2.7037E-06
7.9426E-10	-1.4168E-10	-9.4272E-08	-1.9618E-07
7.9155E-10	-1.4016E-10	2.1304E-06	-9.8544E-07
7.8884E-10	-1.3865E-10	3.8440E-07	-1.7222E-06
7.8614E-10	-1.3715E-10	3.2790E-07	-3.6002E-07
7.8345E-10	-1.3566E-10	1.2551E-06	2.2087E-07
7.8077E-10	-1.3418E-10	2.0626E-06	-7.0532E-07
7.7809E-10	-1.3270E-10	1.6453E-06	-1.0955E-06
7.7543E-10	-1.3124E-10	1.0546E-06	-1.6111E-06
7.7277E-10	-1.2978E-10	6.2249E-07	-2.3210E-07
7.7012E-10	-1.2834E-10	1.6875E-06	-8.9739E-07
7.6747E-10	-1.2690E-10	8.3423E-07	-4.4989E-07
7.6484E-10	-1.2547E-10	1.7677E-06	-9.0899E-07
7.6221E-10	-1.2405E-10	4.5549E-07	-4.1131E-07
7.5959E-10	-1.2264E-10	2.1396E-06	-2.2240E-08
7.5698E-10	-1.2123E-10	1.2282E-06	-8.1887E-07
7.5437E-10	-1.1983E-10	2.1399E-06	1.1953E-07
7.5177E-10	-1.1845E-10	2.3318E-06	-1.2435E-06
7.4919E-10	-1.1707E-10	1.7270E-06	-1.0510E-06
7.4660E-10	-1.1570E-10	2.1119E-06	-1.2560E-06
7.4403E-10	-1.1433E-10	1.1924E-06	-1.9691E-06
7.4146E-10	-1.1298E-10	7.9147E-07	-2.9650E-07
7.3891E-10	-1.1163E-10	2.3907E-06	-1.1140E-06
7.3636E-10	-1.1030E-10	9.7396E-07	-1.3504E-06
7.3381E-10	-1.0897E-10	1.9558E-06	-1.0973E-06
7.3128E-10	-1.0764E-10	6.6352E-07	-1.6014E-06
7.2875E-10	-1.0633E-10	1.6033E-06	-4.0452E-07
7.2623E-10	-1.0502E-10	1.3851E-06	-1.8160E-06
7.2372E-10	-1.0373E-10	8.4176E-07	-8.3327E-07
7.2121E-10	-1.0244E-10	1.2001E-06	-1.1092E-06
7.1871E-10	-1.0115E-10	1.2450E-06	-4.6331E-07
7.1622E-10	-9.9880E-11	2.2913E-06	-1.7961E-06
7.1374E-10	-9.8613E-11	-4.3801E-07	-2.5137E-06
7.1127E-10	-9.7354E-11	-3.8393E-07	7.0375E-07
7.0880E-10	-9.6103E-11	1.8171E-06	3.5091E-08
7.0634E-10	-9.4860E-11	1.3888E-06	-3.8013E-07
7.0389E-10	-9.3624E-11	1.9388E-06	-7.7038E-07
7.0144E-10	-9.2396E-11	1.4309E-06	-1.1418E-06
6.9900E-10	-9.1176E-11	9.6832E-07	-1.5340E-06
6.9657E-10	-8.9963E-11	1.1178E-07	-7.2533E-08
6.9415E-10	-8.8757E-11	1.9573E-06	-6.2159E-08
6.9173E-10	-8.7559E-11	1.2844E-06	-5.6059E-07
6.8932E-10	-8.6369E-11	2.2124E-06	-9.0112E-07
6.8692E-10	-8.5185E-11	3.9590E-07	-1.1810E-06
6.8453E-10	-8.4010E-11	1.9981E-06	1.9863E-07
6.8214E-10	-8.2841E-11	1.2388E-06	-1.7924E-06
6.7976E-10	-8.1680E-11	9.4231E-07	2.0448E-07
6.7739E-10	-8.0526E-11	2.0087E-06	-1.1376E-06
6.7503E-10	-7.9379E-11	6.5931E-07	-5.9534E-07
6.7267E-10	-7.8239E-11	1.7117E-06	-1.5204E-07
6.7032E-10	-7.7107E-11	1.5694E-06	-5.9527E-07
6.6797E-10	-7.5981E-11	1.9305E-06	-3.3785E-07
6.6564E-10	-7.4863E-11	2.1148E-06	-1.1630E-06
6.6331E-10	-7.3752E-11	1.2720E-06	-1.0631E-06
6.6098E-10	-7.2647E-11	1.7628E-06	-5.1515E-07
6.5867E-10	-7.1550E-11	2.1318E-06	-1.2098E-06
6.5636E-10	-7.0460E-11	1.2868E-06	-1.6225E-06
6.5406E-10	-6.9376E-11	1.3612E-06	-4.5594E-07
6.5177E-10	-6.8300E-11	2.4469E-06	-2.0054E-06
6.4948E-10	-6.7230E-11	-3.3731E-07	-1.9603E-06
6.4720E-10	-6.6167E-11	1.0346E-06	1.6063E-07
6.4493E-10	-6.5111E-11	1.1147E-06	-1.0695E-06
6.4266E-10	-6.4061E-11	1.4344E-06	-1.3192E-07
6.4040E-10	-6.3018E-11	1.3474E-06	-1.3472E-06
6.3815E-10	-6.1982E-11	1.0794E-06	6.4386E-08
6.3590E-10	-6.0953E-11	2.2022E-06	-1.0419E-06
6.3366E-10	-5.9930E-11	1.2455E-06	-7.7885E-07
6.3143E-10	-5.8913E-11	2.1058E-06	-1.2978E-06
6.2921E-10	-5.7903E-11	5.7337E-07	-1.4819E-06
6.2699E-10	-5.6900E-11	9.4080E-07	-1.6957E-07
6.2478E-10	-5.5903E-11	1.8601E-06	2.2541E-07
6.2258E-10	-5.4913E-11	3.6788E-06	-1.2262E-06
6.2038E-10	-5.3929E-11	1.3168E-06	-3.4368E-06
6.1819E-10	-5.2951E-11	3.4522E-07	-1.3317E-06
6.1600E-10	-5.1979E-11	5.9414E-07	-1.8614E-06
6.1383E-10	-5.1014E-11	4.2544E-08	-2.0838E-07
6.1166E-10	-5.0056E-11	1.7970E-06	-9.9520E-07
6.0949E-10	-4.9103E-11	1.5167E-07	-1.2311E-06
6.0734E-10	-4.8157E-11	1.0275E-06	-2.5968E-07
6.0518E-10	-4.7217E-11	8.5707E-07	-6.0017E-07
6.0304E-10	-4.6283E-11	1.6918E-06	-2.1597E-07
6.0090E-10	-4.5355E-11	1.6580E-06	-1.3372E-06
5.9877E-10	-4.4433E-11	1.0266E-06	-1.3642E-06
5.9665E-10	-4.3517E-11	5.9546E-07	-8.3569E-07
5.9453E-10	-4.2607E-11	1.6114E-06	-7.6088E-07
5.9242E-10	-4.1704E-11	4.7883E-07	-1.9451E-06
5.9032E-10	-4.0806E-11	-6.7170E-08	1.2420E-08
5.8822E-10	-3.9914E-11	1.4351E-06	-3.8372E-07
5.8613E-10	-3.9028E-11	4.6256E-07	-5.2456E-07
5.8404E-10	-3.8148E-11	1.5793E-06	3.5712E-07
5.8197E-10	-3.7274E-11	1.7737E-06	-1.0016E-06
5.7990E-10	-3.6405E-11	1.5332E-06	-6.0205E-07
5.7783E-10	-3.5543E-11	1.4214E-06	-1.9472E-06
5.7577E-10	-3.4686E-11	-1.8013E-07	-3.5653E-07
5.7372E-10	-3.3835E-11	2.0968E-06	-3.8958E-07
5.7167E-10	-3.2989E-11	4.0078E-07	-1.3848E-06
5.6963E-10	-3.2150E-11	1.2949E-06	2.2398E-08
5.6760E-10	-3.1315E-11	1.1841E-06	-1.2516E-06
5.6557E-10	-3.0487E-11	8.1710E-07	-6.1478E-07
5.6355E-10	-2.9664E-11	7.2477E-07	-4.2938E-07
5.6154E-10	-2.8847E-11	1.9706E-06	-1.4625E-07
5.5953E-10	-2.8035E-11	1.2699E-06	-2.0824E-06
5.5753E-10	-2.7228E-11	2.0360E-08	-7.2924E-07
5.5554E-10	-2.6428E-11	6.5462E-07	-6.4460E-07
5.5355E-10	-2.5632E-11	6.5913E-08	-3.3883E-08
5.5156E-10	-2.4842E-11	1.5657E-06	8.9510E-07
5.4959E-10	-2.4057E-11	2.5914E-06	-1.4352E-06
5.4762E-10	-2.3278E-11	-4.9028E-07	-1.8227E-06
5.4565E-10	-2.2504E-11	1.1222E-07	8.6608E-07
5.4370E-10	-2.1736E-11	1.1109E-06	3.5434E-07
5.4174E-10	-2.0972E-11	2.0044E-06	6.1753E-07
5.3980E-10	-2.0214E-11	1.8361E-06	-1.2257E-06
5.3786E-10	-1.9461E-11	7.5811E-07	-9.0153E-09
5.3593E-10	-1.8713E-11	1.9964E-06	-3.3846E-07
5.3400E-10	-1.7971E-11	1.1891E-06	-6.9175E-07
5.3208E-10	-1.7233E-11	1.5690E-06	-2.0585E-07
5.3016E-10	-1.6501E-11	1.8275E-06	-1.0781E-06
5.2825E-10	-1.5774E-11	3.1767E-07	-1.0821E-06
5.2635E-10	-1.5052E-11	9.9750E-07	6.7613E-07
5.2445E-10	-1.4335E-11	1.9452E-06	-3.6029E-07
5.2256E-10	-1.3623E-11	1.7840E-06	-1.6117E-07
5.2068E-10	-1.2916E-11	2.2002E-06	-1.3654E-06
5.1880E-10	-1.2213E-11	7.0617E-07	-1.2085E-06
5.1693E-10	-1.1516E-11	1.0356E-06	-6.6147E-07
5.1506E-10	-1.0824E-11	6.2073E-07	-4.9543E-07
5.1320E-10	-1.0137E-11	1.1106E-06	2.6716E-07
5.1134E-10	-9.4540E-12	2.1505E-06	-9.2577E-08
5.0950E-10	-8.7763E-12	1.6356E-06	-1.7069E-06
5.0765E-10	-8.1034E-12	-3.3543E-07	-3.7712E-07
5.0581E-10	-7.4353E-12	1.7169E-06	1.1877E-06
5.0398E-10	-6.7719E-12	2.2788E-06	-5.9974E-07
5.0216E-10	-6.1132E-12	1.6970E-06	-1.5842E-07
5.0034E-10	-5.4593E-12	2.6388E-06	-8.6544E-07
4.9852E-10	-4.8101E-12	1.4035E-06	-1.6940E-06
4.9671E-10	-4.1655E-12	8.7113E-07	-8.3486E-07
4.9491E-10	-3.5255E-12	1.1599E-06	-2.0849E-07
4.9312E-10	-2.8901E-12	2.1049E-06	-6.0099E-07
4.9132E-10	-2.2594E-12	9.9110E-07	-1.1940E-06
4.8954E-10	-1.6332E-12	1.6958E-06	2.5225E-07
4.8776E-10	-1.0115E-12	2.4697E-06	-1.6025E-06
4.8599E-10	-3.9435E-13	8.0346E-07	-1.3470E-06
4.8422E-10	2.1832E-13	1.4072E-06	-9.4199E-07
4.8245E-10	8.2652E-13	8.0665E-07	-1.0578E-06
4.8070E-10	1.4303E-12	1.3013E-06	-5.1349E-07
4.7895E-10	2.0296E-12	1.0555E-06	-9.8980E-07
4.7720E-10	2.6246E-12	1.5110E-06	-8.9215E-08
4.7546E-10	3.2151E-12	2.2315E-06	-1.9565E-06
4.7373E-10	3.8013E-12	-3.4054E-07	-1.6760E-06
4.7200E-10	4.3832E-12	8.1006E-07	-6.9193E-08
4.7027E-10	4.9608E-12	4.2957E-07	-9.5758E-07
4.6856E-10	5.5341E-12	5.5653E-07	6.2992E-07
4.6684E-10	6.1032E-12	1.8850E-06	2.0350E-07
4.6514E-10	6.6680E-12	2.3070E-06	-6.0099E-07
4.6344E-10	7.2286E-12	1.2701E-06	-1.7054E-06
4.6174E-10	7.7850E-12	5.9339E-07	-3.7599E-07
4.6005E-10	8.3372E-12	1.3748E-06	-2.9815E-07
4.5837E-10	8.8853E-12	1.7389E-06	-3.4997E-07
4.5669E-10	9.4293E-12	1.5636E-06	-1.0330E-06
4.5501E-10	9.9692E-12	1.8873E-06	-4.0831E-07
4.5334E-10	1.0505E-11	2.1306E-06	-2.3661E-06
4.5168E-10	1.1037E-11	-1.0360E-07	-1.8130E-06
4.5002E-10	1.1564E-11	2.3256E-07	-9.4954E-07
4.4837E-10	1.2088E-11	-1.7934E-07	-1.0216E-07
4.4672E-10	1.2608E-11	1.1776E-06	3.7633E-07
4.4508E-10	1.3123E-11	1.2832E-06	-7.9356E-08
4.4345E-10	1.3635E-11	1.9532E-06	-3.0265E-07
4.4181E-10	1.4143E-11	1.4434E-06	-1.0733E-06
4.4019E-10	1.4647E-11	1.3504E-06	-7.6517E-07
4.3857E-10	1.5147E-11	1.1232E-06	-1.1928E-06
4.3695E-10	1.5643E-11	6.3296E-07	-6.1192E-07
4.3534E-10	1.6135E-11	1.3056E-06	-2.3911E-07
4.3374E-10	1.6624E-11	1.5804E-06	-9.0385E-07
4.3214E-10	1.7109E-11	1.0242E-06	-1.1037E-06
4.3054E-10	1.7590E-11	9.3312E-07	-7.7607E-07
4.2896E-10	1.8067E-11	9.8960E-07	-8.8881E-07
4.2737E-10	1.8540E-11	7.1031E-07	-6.3795E-07
4.2579E-10	1.9010E-11	1.2610E-06	-5.5108E-07
4.2422E-10	1.9476E-11	8.6655E-07	-1.1370E-06
4.2265E-10	1.9938E-11	5.6415E-07	-6.4873E-07
4.2109E-10	2.0397E-11	3.9585E-07	-4.4733E-07
4.1953E-10	2.0852E-11	1.0689E-06	4.9231E-07
4.1798E-10	2.1303E-11	2.1720E-06	-7.8276E-07
4.1643E-10	2.1751E-11	8.1552E-07	-1.6933E-06
4.1489E-10	2.2195E-11	-9.7630E-08	-6.6628E-07
4.1335E-10	2.2635E-11	6.3739E-07	1.9212E-07
4.1182E-10	2.3072E-11	9.9169E-07	-1.7689E-07
4.1029E-10	2.3506E-11	1.2324E-06	-2.3039E-07
4.0877E-10	2.3936E-11	4.1684E-07	-6.4249E-07
4.0725E-10	2.4363E-11	1.0080E-06	1.3805E-06
4.0573E-10	2.4786E-11	3.1487E-06	-7.8094E-07
4.0423E-10	2.5205E-11	1.9676E-07	-1.6135E-06
4.0272E-10	2.5621E-11	9.3709E-07	1.0077E-06
4.0123E-10	2.6034E-11	2.7553E-06	-5.5109E-07
3.9973E-10	2.6444E-11	1.3122E-06	-1.4045E-06
3.9825E-10	2.6850E-11	1.5562E-06	-9.6470E-07
3.9676E-10	2.7252E-11	5.1457E-07	-1.7603E-06
3.9528E-10	2.7652E-11	2.7820E-07	3.4501E-08
3.9381E-10	2.8048E-11	1.4046E-06	-4.9644E-07
3.9234E-10	2.8440E-11	1.0901E-06	-8.0109E-07
3.9088E-10	2.8830E-11	1.8063E-07	-9.7903E-07
3.8942E-10	2.9216E-11	7.8782E-07	1.1024E-06
3.8797E-10	2.9599E-11	2.4124E-06	-9.9472E-07
3.8652E-10	2.9978E-11	2.2419E-07	-6.9647E-07
3.8507E-10	3.0355E-11	1.4478E-06	2.0213E-07
3.8363E-10	3.0728E-11	2.0213E-06	-2.5241E-07
3.8220E-10	3.1098E-11	1.8701E-06	-2.0654E-06
3.8077E-10	3.1465E-11	-3.3926E-07	-6.4796E-07
3.7934E-10	3.1829E-11	1.9016E-06	-2.1985E-07
3.7792E-10	3.2190E-11	5.4455E-07	-1.1780E-06
3.7651E-10	3.2547E-11	1.4090E-06	-2.0869E-07
3.7510E-10	3.2902E-11	9.9833E-07	-1.2857E-06
3.7369E-10	3.3253E-11	7.7274E-07	-6.8032E-07
3.7229E-10	3.3601E-11	6.7355E-07	-7.5052E-07
3.7089E-10	3.3947E-11	6.4321E-07	-4.3640E-07
3.6950E-10	3.4289E-11	1.0141E-06	1.1141E-07
3.6811E-10	3.4628E-11	1.8684E-06	-9.8081E-07
3.6673E-10	3.4965E-11	4.0295E-07	-9.7798E-07
3.6535E-10	3.5298E-11	1.2324E-06	-5.5601E-07
3.6397E-10	3.5628E-11	6.9519E-07	-7.3312E-07
3.6260E-10	3.5956E-11	1.4533E-06	-1.1716E-06
3.6124E-10	3.6280E-11	-5.0852E-07	-1.2316E-06
3.5988E-10	3.6602E-11	7.7881E-07	1.2265E-07
3.5852E-10	3.6921E-11	-1.9802E-08	-8.4251E-07
3.5717E-10	3.7237E-11	4.1311E-07	7.7422E-07
3.5583E-10	3.7550E-11	1.2392E-06	4.0334E-07
3.5448E-10	3.7860E-11	2.1354E-06	-4.0284E-07
3.5315E-10	3.8167E-11	2.8553E-07	-9.4830E-07
3.5181E-10	3.8472E-11	1.9403E-06	5.5507E-07
3.5048E-10	3.8774E-11	1.2108E-06	-1.9434E-06
3.4916E-10	3.9073E-11	6.0137E-07	1.3673E-07
3.4784E-10	3.9369E-11	1.8112E-06	-1.1966E-06
3.4652E-10	3.9663E-11	6.2723E-07	-1.6227E-06
3.4521E-10	3.9953E-11	-7.8051E-07	-1.0998E-06
3.4391E-10	4.0241E-11	4.2400E-07	1.1241E-06
3.4260E-10	4.0527E-11	1.3420E-06	-8.7914E-07
3.4131E-10	4.0809E-11	8.1664E-08	1.3925E-07
3.4001E-10	4.1089E-11	1.4704E-06	2.4004E-07
3.3872E-10	4.1367E-11	1.6555E-06	-6.2729E-07
3.3744E-10	4.1642E-11	6.3134E-07	-1.1735E-06
3.3616E-10	4.1914E-11	1.0218E-06	-7.5689E-08
3.3488E-10	4.2183E-11	8.2084E-07	-1.6337E-06
3.3361E-10	4.2450E-11	-2.5344E-07	-6.2061E-08
3.3234E-10	4.2715E-11	7.7978E-07	-3.1176E-07
3.3108E-10	4.2976E-11	4.3261E-07	1.8467E-07
3.2982E-10	4.3236E-11	1.1699E-06	-2.4638E-07
3.2857E-10	4.3492E-11	8.9120E-07	-2.3085E-07
3.2732E-10	4.3747E-11	6.6517E-07	-6.6812E-07
3.2607E-10	4.3998E-11	7.8409E-07	5.6224E-07
3.2483E-10	4.4248E-11	1.7675E-06	-9.6403E-07
3.2359E-10	4.4494E-11	2.1453E-07	-5.4132E-07
3.2236E-10	4.4739E-11	1.0663E-06	-3.6404E-07
3.2113E-10	4.4980E-11	7.8945E-07	-4.3429E-07
3.1990E-10	4.5220E-11	6.2443E-07	-1.1494E-06
3.1868E-10	4.5457E-11	-3.6271E-07	4.3726E-07
3.1746E-10	4.5692E-11	1.7983E-06	7.5118E-08
3.1625E-10	4.5924E-11	4.1742E-07	-8.8063E-07
3.1504E-10	4.6154E-11	4.7144E-07	-9.7092E-08
3.1384E-10	4.6381E-11	5.2035E-07	3.8283E-07
3.1264E-10	4.6606E-11	1.5042E-06	-9.2380E-08
3.1144E-10	4.6829E-11	6.4782E-07	-2.6456E-08
3.1025E-10	4.7050E-11	2.0303E-06	-4.0268E-08
3.0906E-10	4.7268E-11	1.1965E-06	-1.1687E-06
3.0788E-10	4.7484E-11	1.2458E-06	-1.2028E-06
3.0670E-10	4.7697E-11	-4.0765E-07	-1.6107E-06
3.0552E-10	4.7909E-11	-4.4352E-07	3.9213E-07
3.0435E-10	4.8118E-11	6.8640E-07	6.0118E-07
3.0318E-10	4.8325E-11	1.5100E-06	-1.0427E-07
3.0202E-10	4.8529E-11	2.5403E-07	-6.6543E-07
3.0086E-10	4.8732E-11	1.0862E-06	1.0725E-06
2.9970E-10	4.8932E-11	2.4880E-06	-1.0394E-06
2.9855E-10	4.9130E-11	2.6662E-07	-1.5899E-06
2.9740E-10	4.9326E-11	5.2175E-07	-3.2391E-07
2.9625E-10	4.9520E-11	5.4281E-07	-9.6559E-07
2.9511E-10	4.9711E-11	7.0060E-08	-2.4306E-07
2.9398E-10	4.9901E-11	7.4116E-07	-1.2928E-08
2.9284E-10	5.0088E-11	1.4383E-06	-4.5535E-07
2.9172E-10	5.0273E-11	5.1341E-07	-2.0851E-06
2.9059E-10	5.0457E-11	-1.2106E-06	-2.0006E-07
2.8947E-10	5.0638E-11	9.1871E-07	4.0332E-07
2.8835E-10	5.0817E-11	5.1126E-07	-1.0026E-06
2.8724E-10	5.0993E-11	-3.5660E-07	-6.2581E-07
2.8613E-10	5.1168E-11	-1.6790E-07	4.3053E-07
2.8502E-10	5.1341E-11	7.6533E-07	-2.7228E-07
2.8392E-10	5.1512E-11	-2.7338E-07	-1.2422E-07
2.8282E-10	5.1681E-11	7.8773E-07	1.5291E-07
2.8173E-10	5.1848E-11	2.4522E-07	-5.9404E-07
2.8064E-10	5.2012E-11	2.6890E-07	-5.7014E-07
2.7955E-10	5.2175E-11	-8.7339E-07	-7.5155E-07
2.7847E-10	5.2336E-11	-1.1048E-06	6.2702E-07
