jMRUI Data Textfile

Filename: Export_to_jmrui.txt

PointsInDataset: 2048
DatasetsInFile: 1
SamplingInterval: 0.250000
ZeroOrderPhase: 0E0
BeginTime: 0E0
TransmitterFrequency: 1.2326E8
MagneticField: 2.8936E0
TypeOfNucleus:  
NameOfPatient:  
DateOfExperiment:  
Spectrometer:  
AdditionalInfo: 
SignalNames:  


Signal and FFT
sig(real)	sig(imag)	fft(real)	fft(imag)
Signal 1 out of 1 in file
2.9889E-06	-2.5157E-07	-3.1886E-06	-8.7950E-07
4.6968E-06	-1.7409E-06	-2.2205E-06	5.7252E-07
2.8969E-06	-2.7151E-06	-3.3751E-06	8.3670E-07
1.6999E-06	-3.0646E-06	-1.3892E-06	2.3834E-06
-2.2254E-07	-2.6825E-06	-1.7567E-06	9.5561E-07
-1.4844E-06	-1.7815E-06	-1.0850E-06	2.4524E-06
-2.2922E-06	-4.4025E-07	-4.5824E-07	9.9676E-07
-1.5869E-06	6.8151E-07	-8.9050E-07	1.4032E-06
-6.0938E-07	1.0879E-06	-5.5730E-07	9.2641E-07
4.3272E-07	8.8289E-07	-1.0679E-06	9.2152E-07
9.4942E-07	4.1118E-07	-1.0828E-06	1.6072E-06
1.1910E-06	-1.5390E-07	6.8026E-08	1.1950E-06
8.5742E-07	-7.1197E-07	-1.3865E-06	4.7697E-07
3.6286E-07	-1.0229E-06	-6.0475E-07	2.3744E-06
-1.9906E-07	-9.0091E-07	4.8571E-07	3.9850E-07
-5.4077E-07	-7.1312E-07	-1.5961E-06	4.8938E-07
-7.6078E-07	-3.5135E-07	-7.8731E-07	2.1599E-06
-7.2292E-07	-8.0319E-08	3.5990E-07	1.0017E-06
-6.6447E-07	7.7911E-08	-7.4339E-07	7.2424E-07
-5.2916E-07	1.8493E-07	-1.3132E-07	9.1919E-07
-5.3094E-07	2.6435E-07	-1.3052E-06	2.2779E-07
-4.7295E-07	3.7654E-07	-1.4020E-06	2.0326E-06
-4.2910E-07	4.1017E-07	6.1519E-08	1.8318E-06
-2.8650E-07	4.8535E-07	-3.5446E-10	6.6432E-07
-8.2570E-08	4.3312E-07	-1.3404E-06	8.2188E-07
5.8496E-08	2.9886E-07	-1.0059E-06	2.0185E-06
7.7972E-08	1.5078E-07	-6.1760E-07	2.2572E-06
9.7258E-08	-7.7265E-08	5.8365E-07	2.5386E-06
-1.3912E-07	-1.1791E-07	9.0427E-07	1.4124E-06
-2.3148E-07	-5.4370E-08	1.0662E-06	1.1086E-06
-4.5967E-07	1.4044E-07	4.4070E-07	-3.7785E-08
-4.1175E-07	4.1345E-07	-4.6409E-07	8.1796E-07
-3.6679E-07	6.1115E-07	3.6462E-07	9.7985E-07
-9.7447E-08	7.1429E-07	-1.5076E-08	-3.7590E-08
1.1142E-07	6.1671E-07	-1.3827E-06	9.9686E-07
2.8758E-07	4.0979E-07	4.9514E-07	2.1798E-06
3.2209E-07	1.6985E-07	1.1153E-06	-8.9480E-09
3.0019E-07	1.0822E-07	-7.6492E-07	-7.3057E-07
1.8699E-07	4.6373E-08	-2.1643E-06	1.1648E-06
1.7242E-07	2.8826E-08	2.3395E-07	2.2967E-06
1.2808E-07	3.3791E-08	-2.4703E-07	1.1424E-07
1.6656E-07	-1.3062E-08	-1.0582E-06	1.7418E-06
1.7951E-07	-1.0069E-07	-1.2734E-07	1.4781E-06
8.0125E-08	-1.7729E-07	-1.4413E-08	1.9086E-06
-2.6145E-08	-2.4231E-07	6.6297E-07	9.2335E-07
-1.8687E-07	-2.4628E-07	-3.4216E-07	8.4821E-07
-3.6410E-07	-1.7226E-07	-2.8773E-07	1.4531E-06
-3.5998E-07	2.8652E-09	5.7746E-07	1.6498E-06
-2.6359E-07	1.3315E-07	3.3400E-07	3.0865E-07
-1.0065E-07	2.6077E-07	-5.1113E-07	1.5182E-06
3.2737E-08	2.3657E-07	9.0128E-07	1.2140E-06
1.1381E-07	1.2710E-07	2.3808E-07	6.8494E-07
6.1871E-08	-3.4810E-08	6.8051E-07	6.6336E-07
-7.9184E-08	-1.3325E-07	9.0187E-08	-1.7848E-07
-2.9763E-07	-1.8961E-07	-8.2578E-07	3.1083E-07
-4.1497E-07	-5.9643E-08	-4.3828E-07	1.0535E-06
-5.2658E-07	9.3962E-08	-4.2867E-07	4.6375E-07
-4.3339E-07	2.4648E-07	-8.0042E-07	1.3829E-06
-2.6152E-07	3.2429E-07	2.1225E-07	8.2094E-07
-5.1919E-08	2.9000E-07	-1.0012E-06	7.2620E-07
1.1616E-08	1.8898E-07	-3.4534E-07	1.3963E-06
4.6280E-08	5.8404E-08	-8.3991E-07	1.1637E-06
-9.4302E-08	-7.8578E-08	9.8290E-08	2.1549E-06
-2.2137E-07	-8.8120E-08	5.5723E-07	4.2770E-07
-3.1358E-07	-1.8072E-08	-1.0941E-06	7.8920E-07
-3.0451E-07	1.6015E-07	-3.4255E-07	1.8155E-06
-3.0110E-07	3.0242E-07	-4.2222E-08	1.1738E-06
-1.7079E-07	3.0674E-07	-3.0512E-07	1.4041E-06
-1.2617E-07	2.7868E-07	4.0086E-08	1.1845E-06
-9.2593E-08	1.8052E-07	-5.8893E-07	1.1650E-06
-1.1648E-07	5.2111E-08	-1.3215E-07	1.8889E-06
-1.7221E-07	1.1831E-08	2.7989E-07	1.1582E-06
-2.2526E-07	2.9106E-08	-4.2218E-07	1.2775E-06
-2.2535E-07	1.6964E-07	1.3547E-07	1.7823E-06
-1.9142E-07	2.3534E-07	4.8836E-07	1.1008E-06
-1.2016E-07	2.9202E-07	9.4641E-09	6.1305E-07
-8.0862E-08	2.6105E-07	-1.0057E-06	8.2294E-07
-6.0317E-08	1.5001E-07	-7.2657E-07	2.4297E-06
-2.8526E-08	7.2509E-08	8.9883E-07	1.6461E-06
-7.0444E-08	1.8510E-08	-2.9875E-07	7.8676E-07
-2.1132E-07	4.7548E-08	-2.5869E-07	1.6684E-06
-2.2177E-07	1.1204E-07	-2.2847E-07	1.3930E-06
-1.8918E-07	2.0690E-07	-2.3998E-07	1.7543E-06
-8.8703E-08	2.5719E-07	-4.2101E-07	1.9788E-06
-3.9347E-08	3.0415E-07	8.3491E-07	2.7836E-06
4.8024E-08	2.5319E-07	1.3053E-06	6.6883E-07
4.4909E-08	2.2267E-08	-4.6072E-07	1.1660E-06
-1.3632E-08	-6.1751E-08	4.4792E-07	1.8126E-06
-1.1553E-07	-1.4295E-07	4.9756E-07	1.2212E-06
-2.0296E-07	-1.4497E-07	-1.0598E-07	1.0140E-06
-3.2507E-07	1.1485E-08	-1.7531E-07	2.3514E-06
-2.7130E-07	1.4492E-07	1.4905E-06	1.5266E-06
-2.4217E-07	3.4966E-07	5.3253E-08	8.2422E-07
-1.5311E-07	3.3091E-07	6.8038E-07	1.6818E-06
-4.9788E-08	3.2139E-07	5.2549E-07	8.5969E-07
8.9625E-08	1.1812E-07	6.0417E-07	1.1387E-06
5.1068E-08	-2.6012E-08	2.3547E-07	3.7361E-07
-3.0289E-08	-1.2287E-07	-3.9426E-07	8.9902E-07
-9.6984E-08	-1.1916E-07	-5.9679E-07	1.2194E-06
-1.7823E-07	-5.6214E-08	-1.5114E-07	1.9996E-06
-2.9896E-07	-1.6232E-08	1.3685E-07	1.2221E-06
-3.0356E-07	-5.8505E-09	-7.1258E-07	2.1024E-06
-2.7497E-07	3.9905E-08	8.8766E-07	2.6773E-06
-2.3952E-07	8.8330E-08	1.0405E-06	1.4530E-06
-2.8778E-07	1.6108E-07	9.5054E-07	1.5553E-06
-2.5122E-07	1.9349E-07	8.5012E-07	7.7237E-07
-2.6390E-07	1.7796E-07	2.5642E-07	1.3551E-06
-2.0973E-07	2.3153E-07	9.1396E-07	1.0750E-06
-1.4643E-07	1.9196E-07	3.8086E-07	9.8045E-07
-6.3453E-08	2.2788E-07	6.4787E-07	5.5677E-07
-8.5290E-08	1.4882E-07	-9.1228E-07	9.5320E-07
-4.6462E-08	7.6396E-08	6.6723E-07	2.5379E-06
-7.2957E-08	5.9120E-09	1.2773E-06	4.8240E-07
-1.1166E-07	3.8625E-08	-1.7071E-07	8.2854E-07
-1.9613E-07	2.4251E-08	6.9591E-07	1.1836E-06
-2.8813E-07	9.7015E-08	5.1794E-08	1.0052E-07
-2.7574E-07	9.7988E-08	-7.1675E-07	1.2309E-06
-2.4674E-07	2.1612E-07	-1.7260E-07	1.0487E-06
-1.7675E-07	2.4976E-07	-1.0293E-06	2.0366E-06
-9.6441E-08	2.0212E-07	9.4348E-07	2.4352E-06
1.9505E-08	1.8294E-07	5.4102E-07	1.2782E-06
1.1354E-08	9.1035E-08	1.0335E-06	1.4841E-06
4.5696E-09	7.9959E-09	4.8744E-07	4.8915E-07
-9.6593E-08	-7.3103E-09	2.1012E-07	7.7338E-07
-1.3348E-07	-3.5176E-09	-6.8599E-07	8.1654E-07
-1.2801E-07	1.0332E-07	1.2049E-07	2.1289E-06
-1.9064E-07	1.5851E-07	8.2126E-07	9.1602E-07
-1.3528E-07	2.1247E-07	1.7174E-07	2.2809E-07
-1.3478E-07	1.5205E-07	-1.4836E-06	4.8235E-07
-1.0616E-07	1.9689E-07	-9.4496E-07	2.1989E-06
-4.6137E-08	1.2735E-07	-9.1781E-07	1.9369E-06
-9.5273E-08	5.4907E-08	1.6206E-07	3.2827E-06
-7.8565E-08	9.5381E-08	7.9827E-07	1.5392E-06
-1.5767E-07	1.2711E-07	3.8361E-07	2.1756E-06
-1.4611E-07	1.4001E-07	4.6739E-07	8.4962E-07
-9.2298E-08	1.3398E-07	-7.1548E-07	2.5919E-06
-3.8756E-08	8.2538E-08	1.6387E-06	2.1211E-06
-4.1047E-08	8.8461E-08	2.5174E-07	1.0021E-06
-5.5429E-08	1.3107E-08	5.2261E-07	1.7077E-06
-5.8924E-08	-1.9145E-08	1.2418E-08	1.1770E-06
-1.0586E-07	-1.5591E-08	9.6838E-08	2.5067E-06
-1.6397E-07	-3.8382E-08	1.7551E-06	1.5149E-06
-2.2438E-07	8.8907E-08	2.8562E-09	1.8738E-07
-2.0169E-07	9.7285E-08	-2.5295E-07	1.8172E-06
-2.1567E-07	1.6935E-07	1.3556E-07	1.0864E-06
-1.3328E-07	1.8228E-07	-6.4661E-07	1.8578E-06
-4.8202E-08	1.4721E-07	6.4364E-09	2.2887E-06
-6.2465E-08	1.1509E-07	6.7461E-07	2.3089E-06
-2.4622E-08	2.7797E-08	4.7949E-07	1.2188E-06
-5.6742E-08	3.7253E-08	-1.5046E-07	2.1469E-06
-6.8053E-08	-2.0207E-08	5.3351E-07	1.8575E-06
-1.3557E-07	6.2829E-08	2.7995E-07	2.2022E-06
-1.8719E-07	1.3130E-07	7.5914E-07	1.5506E-06
-1.8587E-07	1.5095E-07	-9.4021E-08	2.0021E-06
-1.6227E-07	1.6627E-07	6.4808E-07	1.9392E-06
-1.1740E-07	1.5679E-07	-5.9794E-08	2.0986E-06
-6.9474E-08	1.3221E-07	5.7585E-07	2.3970E-06
-1.7968E-08	1.4949E-07	3.8550E-07	2.6450E-06
-4.7845E-08	1.3123E-07	1.4305E-06	2.5816E-06
-5.4850E-08	1.0355E-07	1.0146E-06	2.2935E-06
-7.9629E-08	6.4453E-08	2.2617E-06	2.5015E-06
-5.3488E-08	7.2880E-08	2.2224E-06	5.3114E-07
-1.0076E-07	6.5561E-08	5.2746E-07	3.7533E-07
-9.2813E-08	7.4439E-08	3.1606E-07	1.4635E-06
-9.9764E-08	9.6392E-08	5.2890E-07	1.1881E-06
-1.1760E-07	1.2589E-07	3.5374E-09	2.1217E-06
-1.0642E-07	1.1519E-07	1.4912E-06	2.0833E-06
-8.8109E-08	1.2067E-07	9.7704E-07	1.2410E-06
-4.2012E-08	1.0480E-07	1.0079E-06	1.1361E-06
-3.8851E-09	9.9671E-08	-1.5320E-07	1.3564E-06
-9.2109E-10	1.4061E-07	1.1924E-06	2.6024E-06
-2.2674E-08	1.0825E-07	1.4612E-06	6.2303E-07
-1.5491E-08	6.8879E-08	-2.0546E-07	1.2372E-06
6.3544E-09	6.1032E-08	4.9900E-07	2.4255E-06
-2.9882E-08	4.5432E-08	1.6581E-06	2.1339E-06
-3.0852E-08	9.0497E-08	1.8458E-06	7.3817E-07
-3.4775E-08	8.7453E-08	3.4358E-07	2.1495E-07
-7.2429E-08	1.1634E-07	-1.7303E-07	1.4159E-06
-6.1778E-08	5.2940E-08	1.5871E-07	1.6524E-06
-5.7647E-08	8.4270E-08	3.5339E-07	2.3554E-06
-2.2758E-08	6.4286E-08	1.2781E-06	1.8260E-06
2.1266E-09	9.5217E-08	7.9323E-07	1.7388E-06
-3.2413E-08	6.1239E-08	1.3224E-06	1.3147E-06
-2.8965E-08	3.8964E-08	4.9723E-08	1.5823E-06
-5.5275E-08	6.1520E-08	1.6854E-06	2.4631E-06
-3.2878E-08	9.2577E-08	1.4119E-06	7.4916E-07
-6.8451E-08	8.0889E-08	1.0618E-06	1.3467E-06
-6.8873E-08	1.3343E-07	7.9920E-07	6.4975E-07
-7.2773E-08	4.6712E-08	3.9695E-07	1.5938E-06
-3.7600E-08	9.6494E-08	8.2732E-07	1.3876E-06
-7.2925E-08	4.2123E-08	9.1953E-07	2.0190E-06
-9.6521E-08	4.8321E-08	2.0031E-06	1.1404E-06
-4.6942E-08	9.1399E-08	1.0062E-06	4.5547E-07
-7.4770E-08	1.0912E-07	1.1261E-06	7.6791E-07
-7.3160E-08	7.4227E-08	7.1056E-07	-1.6421E-07
-3.2052E-08	1.3881E-07	-5.9679E-07	6.0252E-07
-3.3560E-08	9.9767E-08	2.1698E-07	1.3640E-06
-6.9705E-08	1.1630E-07	-1.7967E-07	8.6778E-07
-2.8561E-08	8.5231E-08	1.8005E-08	1.7799E-06
-1.1231E-08	9.5718E-08	1.2847E-07	1.1031E-06
-3.8875E-08	9.5468E-08	-1.9757E-07	2.0208E-06
-4.1605E-08	1.2692E-07	4.1702E-07	1.6020E-06
-3.9545E-08	5.5687E-08	-7.9696E-08	2.4223E-06
-1.6719E-08	6.9925E-08	1.4802E-06	2.2706E-06
-2.4737E-08	1.0769E-07	1.1590E-06	1.6570E-06
5.2990E-09	6.7840E-08	2.0079E-06	9.8754E-07
-3.1423E-08	1.2681E-07	2.3412E-07	-1.6749E-07
1.5638E-08	8.7714E-08	-1.0379E-07	1.4328E-06
-2.9076E-08	4.9558E-08	3.6138E-07	1.2447E-06
-8.4426E-09	1.0475E-07	5.3699E-07	1.2424E-06
8.9983E-09	9.6621E-08	-2.5094E-07	8.0998E-07
3.8200E-09	1.1470E-07	3.7735E-08	2.3085E-06
5.5385E-09	6.6591E-08	9.6951E-07	1.1416E-06
1.3661E-09	4.4589E-08	2.2864E-07	1.2303E-06
-1.1856E-08	3.1095E-08	7.9546E-08	3.7330E-07
-1.5977E-08	7.2899E-08	-1.7313E-06	2.0082E-06
7.2485E-09	6.2848E-08	6.6946E-07	2.9804E-06
-8.5887E-09	6.2945E-08	2.8026E-08	1.8704E-06
1.4192E-08	1.0493E-07	1.1804E-06	3.1635E-06
7.0970E-09	8.3507E-08	1.9473E-06	8.6728E-07
5.0922E-08	6.9822E-08	2.1756E-07	5.7878E-07
2.9146E-08	6.4729E-08	-3.6473E-07	1.2080E-06
2.2863E-08	8.3889E-08	-2.6102E-07	2.2604E-06
3.9899E-08	3.6938E-08	7.2191E-07	2.2124E-06
1.0076E-08	1.8379E-08	8.3167E-07	1.6013E-06
-5.9103E-09	5.5821E-08	2.8716E-07	1.2486E-06
-1.9435E-08	5.4228E-08	5.9627E-08	1.9930E-06
4.3886E-09	5.2124E-08	7.5161E-07	1.6383E-06
-3.4719E-08	1.0918E-07	-1.9826E-07	1.3689E-06
-4.9372E-08	1.1957E-07	-1.1054E-07	2.5240E-06
-1.8503E-09	5.6498E-08	9.5875E-07	2.4419E-06
-3.1900E-08	9.8171E-08	9.5819E-07	1.3367E-06
2.3340E-09	5.3976E-08	-4.6198E-07	1.6744E-06
6.5721E-09	6.5814E-08	6.5071E-07	3.3176E-06
3.7339E-08	7.9082E-08	1.9669E-06	1.6405E-06
1.3448E-08	3.8589E-08	6.3519E-07	1.0256E-06
1.3866E-08	5.2598E-08	3.1810E-07	1.2548E-06
4.0956E-09	4.8848E-08	-2.2592E-07	2.0453E-06
-3.8671E-09	4.6024E-08	1.0804E-06	2.2016E-06
1.8422E-08	5.9020E-08	2.7620E-07	1.3198E-06
1.2060E-09	6.1670E-08	5.7548E-07	2.2436E-06
1.5773E-08	9.9111E-08	4.1316E-07	1.2723E-06
4.5389E-09	8.1745E-08	-4.9279E-08	2.4442E-06
-1.3879E-08	6.2510E-08	8.4549E-07	2.0603E-06
-2.4899E-09	9.6912E-08	4.2159E-07	2.1663E-06
5.9390E-09	4.6060E-08	7.2644E-07	1.9695E-06
1.7396E-08	7.2757E-08	3.2143E-07	2.5727E-06
1.3763E-08	1.2612E-07	1.6604E-06	2.4595E-06
-2.5557E-09	9.2673E-08	1.1636E-06	1.4869E-06
1.3301E-08	8.3031E-08	9.3555E-07	1.6262E-06
1.8679E-08	8.7191E-08	6.2671E-07	1.9005E-06
4.8808E-08	1.0691E-07	1.5611E-06	1.8402E-06
3.8721E-08	3.0424E-08	6.0116E-07	8.1128E-07
6.4648E-08	1.0590E-07	3.5076E-07	2.0800E-06
4.1721E-08	9.4724E-08	1.0417E-06	1.7587E-06
5.7642E-08	1.1980E-07	1.2094E-06	1.5595E-06
2.8994E-08	1.2531E-07	6.5536E-07	5.0650E-07
3.6663E-08	7.9696E-08	-4.4560E-07	1.6265E-06
5.2783E-08	8.4006E-08	3.4327E-07	1.8589E-06
6.6026E-08	8.4377E-08	-1.9233E-07	2.1913E-06
7.4960E-08	8.8620E-08	8.0432E-07	2.8939E-06
4.0447E-08	6.2684E-08	1.6953E-06	2.3257E-06
3.8031E-08	3.6089E-08	1.8315E-06	7.4051E-07
9.5643E-08	2.4857E-08	-3.1057E-07	6.2868E-07
8.3637E-08	7.1576E-08	1.1561E-07	2.3631E-06
5.8568E-09	6.7101E-08	8.2447E-07	1.8033E-06
6.4549E-08	3.1669E-08	6.7468E-07	1.6710E-06
5.3307E-08	1.1181E-07	4.2429E-07	1.6165E-06
5.4025E-08	4.1886E-08	7.3838E-07	1.9435E-06
3.4294E-08	4.5209E-08	7.2387E-07	1.2055E-06
4.3933E-08	3.1111E-09	-4.5346E-08	1.4994E-06
4.6070E-08	3.6604E-08	2.0740E-07	2.1705E-06
7.4453E-08	2.4507E-08	9.0603E-07	1.7622E-06
5.3155E-08	5.3222E-08	-6.2595E-08	1.3001E-06
-6.1344E-10	7.5233E-08	2.9722E-07	2.4106E-06
1.4734E-08	4.5738E-08	5.0474E-07	1.1792E-06
1.2780E-08	6.6366E-08	-9.2899E-07	2.0979E-06
5.2919E-09	7.2569E-08	1.0415E-07	3.2116E-06
7.0832E-08	1.7773E-08	9.5411E-07	2.8969E-06
5.5549E-08	6.9130E-08	9.8782E-07	2.3435E-06
5.8207E-08	9.0337E-08	1.1395E-06	2.5955E-06
1.7429E-08	3.1329E-08	1.4195E-06	1.9343E-06
4.3357E-08	3.6584E-08	1.5835E-06	2.1264E-06
4.2807E-08	2.5303E-08	1.7956E-06	6.5380E-08
3.5598E-08	6.9189E-08	-1.4164E-06	6.6484E-07
4.2076E-08	4.3971E-08	-2.8924E-07	3.2982E-06
4.9686E-08	4.0350E-08	1.2013E-06	2.7944E-06
6.2493E-09	8.8981E-08	1.6007E-06	1.6447E-06
7.4439E-08	7.4038E-08	4.8467E-07	1.2386E-06
5.9670E-08	1.0906E-07	4.8214E-07	1.4669E-06
3.2129E-08	9.2532E-08	-5.6584E-07	1.8670E-06
2.5579E-08	5.9001E-08	7.1309E-07	3.1340E-06
5.3551E-08	7.5540E-08	1.2041E-06	1.9361E-06
8.0594E-08	2.0787E-08	1.1171E-06	1.6966E-06
4.5084E-08	1.1930E-07	2.2589E-07	1.2444E-06
7.5144E-08	4.4142E-08	5.9985E-07	2.2568E-06
6.7875E-08	7.3734E-08	3.9596E-07	8.2301E-07
8.2559E-08	3.7969E-08	-1.2423E-06	2.3779E-06
9.8626E-08	2.0632E-08	5.1127E-07	3.8354E-06
4.6186E-08	4.8004E-08	2.0541E-06	2.6256E-06
6.7263E-08	1.0769E-07	1.2761E-06	1.3289E-06
4.8527E-08	2.0225E-08	1.1120E-06	1.4635E-06
7.6407E-08	2.3468E-08	-1.1040E-08	6.5363E-07
3.9569E-08	7.5781E-08	-3.9011E-07	2.5767E-06
7.7096E-08	5.4743E-09	7.0428E-07	1.8809E-06
3.3361E-08	9.1609E-08	4.8264E-08	2.2952E-06
1.2082E-07	6.6200E-08	7.1688E-07	1.8871E-06
5.6102E-08	9.4923E-08	3.5983E-08	2.0805E-06
6.5294E-08	5.3532E-08	1.6035E-07	1.7735E-06
8.6706E-08	3.4422E-08	-5.9384E-07	3.1894E-06
5.4232E-08	4.3211E-08	1.7225E-06	2.6616E-06
1.0131E-07	5.0859E-08	-3.4266E-07	1.7126E-06
8.9236E-08	4.6501E-08	9.5289E-07	3.5492E-06
6.0074E-08	4.0501E-08	1.1764E-06	1.6111E-06
3.2005E-08	5.6903E-08	4.5572E-07	2.2881E-06
5.3594E-08	8.4209E-08	5.3837E-07	1.8191E-06
8.3754E-08	2.3243E-08	1.6183E-07	2.4591E-06
7.5993E-08	4.4265E-08	3.2605E-07	2.1512E-06
6.7635E-08	1.1776E-08	-1.0008E-08	3.1141E-06
5.9304E-08	8.0029E-08	1.0971E-06	2.6782E-06
6.8922E-08	5.7799E-08	7.8308E-08	3.0734E-06
5.3505E-08	2.3740E-08	2.4391E-06	3.5420E-06
8.2567E-08	8.9984E-08	1.4254E-06	6.5211E-07
5.8427E-08	1.4328E-08	7.7710E-08	2.7340E-06
4.7550E-08	2.8140E-08	1.6901E-06	1.8557E-06
9.0656E-09	8.0309E-08	-1.9685E-07	1.7574E-06
7.1822E-08	4.3740E-09	6.9045E-07	3.1382E-06
2.7695E-08	1.1869E-07	1.3568E-06	2.4239E-06
9.7555E-08	4.9609E-08	1.0084E-06	1.7809E-06
4.6498E-08	7.4491E-08	1.7968E-07	2.4674E-06
5.4150E-08	2.5882E-08	1.4626E-06	3.1218E-06
1.0491E-07	4.6101E-08	1.9588E-06	1.7435E-06
5.9096E-08	2.5455E-08	8.0266E-07	1.0571E-06
8.6833E-08	6.8584E-08	1.5002E-07	2.0766E-06
7.2198E-08	4.5826E-08	7.1405E-07	2.1716E-06
2.6280E-08	7.6584E-08	7.0143E-07	2.6897E-06
6.8628E-08	3.9458E-08	1.9972E-06	1.6338E-06
5.7546E-08	5.2818E-08	-1.2775E-07	8.4507E-07
7.6297E-08	5.8810E-09	1.3026E-07	2.4419E-06
8.1586E-08	7.5925E-08	1.3645E-07	2.1133E-06
8.0337E-08	2.8058E-08	6.3630E-07	2.7978E-06
8.8446E-08	1.5242E-08	6.7782E-07	1.9918E-06
6.7311E-08	3.4995E-08	3.8629E-07	2.4681E-06
9.8999E-08	-1.4750E-08	5.2092E-07	2.6852E-06
1.0432E-07	5.3680E-08	1.6919E-06	2.7300E-06
4.9629E-08	8.0421E-08	9.8790E-07	6.0522E-07
3.4020E-08	5.1782E-08	-1.2152E-06	2.2336E-06
7.5982E-08	3.7524E-08	6.8138E-07	4.0671E-06
9.6673E-08	4.4318E-08	2.2144E-06	2.2961E-06
7.2062E-08	6.2631E-08	6.1236E-07	1.2648E-06
9.6009E-08	3.0319E-08	2.7794E-07	2.3200E-06
1.0442E-07	7.7302E-08	4.1344E-07	2.5680E-06
9.5880E-08	3.6900E-08	1.3741E-06	2.8964E-06
7.8243E-08	2.5890E-08	1.4059E-06	1.5153E-06
9.2691E-08	-4.5855E-08	6.0422E-07	1.7506E-06
4.2621E-08	3.9589E-08	7.1547E-07	1.7542E-06
4.0233E-08	4.0339E-08	5.0327E-07	1.3959E-06
9.6000E-08	2.5396E-08	-6.6909E-07	1.6903E-06
6.1905E-08	4.3835E-08	1.5479E-08	3.0481E-06
4.9936E-08	1.0721E-08	3.7117E-07	2.3636E-06
6.3342E-08	9.7685E-09	4.2945E-07	2.8078E-06
8.5627E-08	-2.1739E-08	3.1713E-07	2.5599E-06
4.6121E-08	2.5787E-08	1.4828E-06	3.4347E-06
5.2788E-08	-1.7153E-08	1.7403E-06	6.0709E-07
7.3767E-08	4.4885E-08	-8.8006E-07	1.6580E-06
8.7642E-08	1.5497E-08	3.9072E-07	2.4273E-06
5.9091E-08	2.4803E-08	-2.4678E-07	1.9222E-06
7.8535E-08	4.0751E-08	-5.7888E-07	2.7121E-06
6.7517E-08	4.4125E-08	2.3288E-07	3.6474E-06
9.4349E-08	4.6021E-08	1.0917E-06	2.2622E-06
8.1857E-08	-5.1423E-09	-5.7643E-07	2.7058E-06
7.1491E-08	4.7191E-09	1.2133E-06	3.5933E-06
4.2596E-08	1.6466E-08	6.8450E-07	1.4456E-06
9.3108E-08	3.7517E-08	-9.9321E-07	3.1888E-06
3.4382E-08	1.9615E-08	1.2349E-06	3.9960E-06
4.2501E-08	7.8384E-09	1.0557E-06	2.3430E-06
8.9042E-08	4.8023E-08	7.6495E-07	2.9384E-06
1.1835E-07	7.4421E-09	7.3671E-07	2.3598E-06
1.7631E-08	3.9884E-08	6.6492E-07	3.1123E-06
8.5131E-08	1.3265E-08	9.0171E-07	2.4630E-06
5.6849E-08	2.2287E-08	1.1423E-06	3.5097E-06
6.1636E-08	4.0739E-08	2.4479E-06	1.2159E-06
1.0742E-07	-1.5123E-08	-6.8593E-07	1.0018E-06
5.9428E-08	3.4644E-08	-5.7609E-08	2.9242E-06
9.1816E-08	3.9995E-08	4.0372E-07	2.6360E-06
9.0236E-08	3.2008E-08	7.5127E-07	2.3354E-06
4.8007E-08	5.7558E-08	-8.7718E-09	1.8407E-06
3.8233E-08	2.5648E-08	-6.6639E-07	2.5554E-06
5.9327E-08	1.4795E-08	-1.9512E-07	3.7047E-06
7.0339E-08	3.9516E-08	1.0039E-06	3.0605E-06
8.3041E-08	7.2651E-08	2.8544E-07	2.5684E-06
7.6486E-08	4.7060E-08	2.2529E-07	2.6695E-06
9.3355E-08	2.0175E-09	-3.3072E-07	3.2744E-06
9.7794E-08	-3.1316E-09	9.2665E-07	3.6310E-06
6.1443E-08	4.1506E-08	5.1103E-07	2.6322E-06
8.2873E-08	-1.8562E-08	3.5883E-07	3.5430E-06
5.5752E-08	1.0005E-08	1.2670E-06	3.1141E-06
7.3537E-08	3.6977E-08	7.1558E-07	2.5431E-06
7.8564E-08	5.6221E-08	7.7203E-07	2.8555E-06
7.4918E-08	3.2478E-08	4.6126E-07	2.2823E-06
1.1824E-07	-1.0557E-08	1.6142E-07	3.1094E-06
8.1812E-08	1.2846E-08	6.1088E-07	2.6185E-06
9.0437E-08	-6.1984E-09	-4.6510E-08	3.0613E-06
8.8046E-08	2.9973E-08	4.5566E-07	3.2170E-06
5.6067E-08	-6.0715E-09	8.1950E-07	3.5145E-06
6.0903E-08	2.1086E-08	1.1269E-06	1.9524E-06
7.1719E-08	3.2435E-08	-8.0738E-07	2.9364E-06
8.5545E-08	2.5598E-08	9.3559E-07	3.3860E-06
5.3020E-08	2.7838E-08	-1.6306E-07	2.6933E-06
2.8905E-08	3.2852E-08	5.6433E-07	3.4627E-06
7.7251E-08	2.0943E-08	1.1035E-07	2.6658E-06
1.0808E-07	2.1427E-08	-1.6662E-07	3.1269E-06
7.4375E-08	3.7754E-09	-6.4710E-07	3.7955E-06
1.0927E-07	5.4650E-08	6.7130E-07	4.3438E-06
1.0585E-07	1.2015E-08	4.2164E-07	3.6317E-06
9.4012E-08	-1.4152E-08	9.5018E-07	3.8680E-06
1.0965E-07	9.5948E-10	1.6366E-07	3.2868E-06
7.2636E-08	4.7897E-08	5.3180E-07	4.5032E-06
1.0254E-07	-3.0769E-08	1.0514E-06	4.0094E-06
6.3749E-08	1.0973E-08	1.4782E-06	4.0448E-06
8.6037E-08	4.6258E-09	1.3217E-06	3.3150E-06
1.0767E-07	-9.8228E-09	1.4557E-06	3.3988E-06
8.0957E-08	4.8960E-08	6.6135E-07	2.6436E-06
8.2659E-08	-1.3746E-08	3.5227E-07	4.1301E-06
6.4725E-08	-2.3240E-08	1.5685E-06	3.8874E-06
1.0187E-07	2.0762E-08	1.4725E-06	3.3159E-06
5.1241E-08	-2.4916E-09	1.2443E-06	3.1830E-06
6.4712E-08	1.6639E-08	1.4328E-06	3.1757E-06
7.8365E-08	5.2426E-10	1.1655E-06	2.5597E-06
6.1552E-08	3.9859E-08	5.1522E-07	2.6819E-06
9.8710E-08	1.9799E-08	1.3600E-07	3.2219E-06
5.5294E-08	-2.8531E-09	6.0748E-07	3.6668E-06
7.4234E-08	1.7312E-08	4.9528E-07	3.5329E-06
6.6506E-08	2.7702E-08	9.0840E-07	3.9857E-06
9.8071E-08	1.5248E-08	1.0499E-06	3.4415E-06
6.0382E-08	-1.1252E-08	8.9712E-07	3.6178E-06
5.9863E-08	8.3496E-09	8.9958E-07	3.5083E-06
9.7060E-08	-4.7390E-09	9.2176E-07	3.7754E-06
1.0651E-07	-1.6876E-08	1.2259E-06	3.6928E-06
8.1860E-08	1.6239E-08	1.3291E-06	3.2675E-06
7.6821E-08	-2.0047E-09	5.8865E-07	3.1228E-06
7.3119E-08	-1.7559E-08	5.8027E-07	3.9143E-06
1.0019E-07	-1.0270E-08	1.0429E-06	4.0212E-06
7.6045E-08	1.2606E-09	1.3766E-06	3.7804E-06
6.3307E-08	-5.3004E-08	1.0871E-06	3.6152E-06
1.0723E-07	-1.1745E-08	1.3172E-06	3.9364E-06
9.5435E-08	-4.4366E-09	1.7985E-06	3.6817E-06
8.9681E-08	-3.6267E-08	1.5769E-06	2.6113E-06
8.0695E-08	-3.0725E-08	2.1993E-07	3.5184E-06
7.3484E-08	2.2051E-08	1.9674E-06	3.8393E-06
4.2089E-08	-3.6030E-08	7.3168E-07	2.5174E-06
8.1659E-08	-4.4927E-08	8.0860E-07	3.7921E-06
7.3826E-08	-1.0816E-09	5.4039E-07	3.3938E-06
7.3583E-08	-4.4693E-08	1.5013E-06	4.3974E-06
6.2668E-08	-8.0793E-09	1.2607E-06	2.4051E-06
6.7199E-08	1.5564E-08	3.1672E-08	3.8888E-06
8.6223E-08	4.1271E-08	8.5848E-07	3.9580E-06
7.3520E-08	1.8081E-08	1.2310E-06	4.3890E-06
4.3556E-08	5.7981E-08	1.2262E-06	2.9668E-06
8.7783E-08	-3.3476E-08	-2.3542E-08	4.6135E-06
7.3547E-08	2.2306E-10	2.0572E-06	4.4560E-06
8.8915E-08	3.0418E-08	1.0117E-06	3.6910E-06
7.4722E-08	-2.4186E-09	1.4181E-06	4.3973E-06
6.0189E-08	-5.2134E-08	1.6122E-06	4.2912E-06
7.9510E-08	6.3300E-08	2.5306E-06	3.8943E-06
8.6924E-08	-2.3839E-08	1.5532E-06	2.4427E-06
9.9862E-08	1.6237E-08	3.1297E-07	3.7283E-06
7.3003E-08	5.9434E-08	1.4103E-06	4.2923E-06
8.0885E-08	2.4008E-09	1.1463E-06	3.8949E-06
8.0101E-08	7.2429E-09	1.7195E-06	4.5857E-06
8.7437E-08	3.1771E-08	2.0232E-06	3.4967E-06
1.0887E-07	-3.5957E-08	1.3590E-06	3.8947E-06
5.6809E-08	4.9904E-08	1.8823E-06	3.7996E-06
6.2297E-08	1.7502E-08	1.6731E-06	3.7119E-06
5.3843E-08	-5.5197E-09	1.8269E-06	3.4243E-06
7.5940E-08	3.7373E-09	1.2486E-06	3.3363E-06
5.6756E-08	-2.7568E-08	9.0097E-07	3.8167E-06
6.3770E-08	-1.4213E-08	1.4717E-06	4.7732E-06
7.6426E-08	2.7767E-08	2.5044E-06	3.8656E-06
7.1233E-08	-4.2066E-09	1.7729E-06	3.6792E-06
7.1374E-08	-1.1314E-08	2.5373E-06	3.4124E-06
7.1164E-08	-1.9213E-08	1.2638E-06	2.4648E-06
4.5206E-08	-2.7922E-08	7.2084E-07	3.8547E-06
5.5492E-08	2.6496E-09	1.4385E-06	4.1170E-06
2.1336E-08	-2.3196E-08	1.7810E-06	4.1218E-06
2.1991E-08	-9.9541E-09	2.1566E-06	3.5759E-06
8.6053E-08	-4.6820E-08	1.4684E-06	3.0562E-06
8.0149E-08	2.8693E-08	8.3667E-07	3.7179E-06
6.5516E-08	-5.0326E-08	1.0750E-06	4.4672E-06
5.9162E-08	-2.6758E-09	1.9591E-06	5.1478E-06
3.4807E-08	-7.6753E-09	3.6928E-06	4.0562E-06
7.4928E-08	-1.1063E-08	2.2964E-06	1.7041E-06
6.1463E-08	-9.8016E-09	-1.0092E-08	3.4926E-06
3.8029E-08	4.2624E-09	2.2860E-06	5.2708E-06
4.8004E-08	1.2600E-09	3.2296E-06	2.3546E-06
8.8078E-08	-4.8222E-08	-1.3975E-07	2.5791E-06
7.4417E-08	-3.1221E-08	1.4659E-06	5.6384E-06
4.5386E-08	1.6166E-08	3.0735E-06	3.0273E-06
3.4261E-08	-3.2697E-08	4.9798E-07	3.4863E-06
7.1187E-08	-4.1627E-08	2.4016E-06	5.0304E-06
5.3292E-08	-1.9576E-08	2.7680E-06	3.0571E-06
3.0341E-08	-2.6981E-08	1.5934E-06	3.2318E-06
-7.1649E-09	1.4501E-08	1.6744E-06	3.7915E-06
9.6023E-09	2.0421E-08	2.1956E-06	3.9456E-06
5.9015E-08	-8.0549E-08	2.3682E-06	3.2923E-06
4.8110E-08	-4.2404E-09	1.9037E-06	3.4481E-06
2.4693E-08	-1.4605E-08	2.6612E-06	3.2125E-06
8.9526E-08	-6.9967E-08	1.3834E-06	2.1281E-06
4.4324E-08	-1.1145E-08	9.2933E-07	4.0695E-06
4.5467E-08	-4.4069E-08	2.2960E-06	3.3235E-06
8.9871E-08	-4.1200E-08	1.3050E-06	3.4405E-06
1.1814E-08	-4.0286E-08	2.0550E-06	3.1550E-06
4.3092E-08	-3.2341E-08	6.9692E-07	3.6370E-06
7.2645E-08	-2.2777E-08	2.7872E-06	4.0582E-06
9.2261E-08	2.7733E-08	1.2764E-06	2.0695E-06
5.1604E-08	-5.2701E-08	6.3858E-07	3.9077E-06
3.1107E-08	-2.2571E-08	9.1345E-07	4.2369E-06
3.0615E-08	-3.9769E-08	2.3476E-06	4.9938E-06
5.7089E-08	1.1099E-08	2.3509E-06	3.2878E-06
5.6733E-08	-1.1449E-08	2.4199E-06	4.0319E-06
2.5369E-08	6.0988E-09	2.1622E-06	2.0079E-06
1.9835E-09	-4.7954E-08	9.1039E-08	3.8820E-06
5.7635E-08	-8.4011E-09	2.1218E-06	4.7482E-06
4.2664E-08	-2.8857E-08	2.4155E-06	3.8759E-06
6.2503E-08	-3.2067E-08	2.3242E-06	3.3348E-06
7.8883E-08	-5.5346E-08	1.7777E-06	3.5304E-06
7.6912E-08	-2.9439E-08	2.1340E-06	3.7779E-06
6.6095E-08	2.3027E-09	2.5464E-06	3.4825E-06
7.4611E-08	-4.9766E-09	2.0276E-06	2.6125E-06
5.6835E-08	-2.0605E-08	1.3226E-06	3.6091E-06
4.2034E-08	-2.4634E-08	2.4752E-06	3.5164E-06
4.8464E-08	-4.3950E-08	1.7971E-06	2.5255E-06
4.9944E-08	2.3173E-09	8.1704E-07	3.2969E-06
7.3704E-08	-1.1215E-08	1.5304E-06	4.3537E-06
7.1672E-08	-3.4933E-08	2.3982E-06	3.9057E-06
4.3649E-08	-2.3933E-08	2.6397E-06	3.2480E-06
5.4361E-08	-3.5229E-08	1.8352E-06	2.4296E-06
5.0180E-08	-2.8259E-08	1.2175E-06	3.3233E-06
5.2553E-08	-3.8124E-08	1.6293E-06	3.3964E-06
2.2936E-08	-3.6158E-08	1.6665E-06	3.4971E-06
5.3977E-08	-6.8221E-08	1.5221E-06	3.2783E-06
4.8338E-09	-3.5245E-08	1.8371E-06	3.9501E-06
1.1956E-08	-3.2352E-08	2.2638E-06	2.5955E-06
4.0217E-08	1.3179E-08	5.1537E-07	2.9778E-06
-7.5162E-09	-3.9966E-08	1.1459E-06	4.2500E-06
2.6697E-08	1.5600E-08	1.9696E-06	3.9756E-06
3.6650E-08	-5.6045E-08	1.5519E-06	3.2526E-06
-4.5156E-09	-4.0816E-08	1.2748E-06	4.5605E-06
3.6614E-08	3.9989E-09	3.0557E-06	3.8150E-06
-1.1969E-08	-3.0555E-08	1.5206E-06	2.7621E-06
4.2382E-08	-4.5270E-08	1.7086E-06	4.2563E-06
1.4733E-08	-5.0141E-08	2.7042E-06	3.3683E-06
5.1194E-08	2.3201E-08	1.8833E-06	2.7678E-06
2.8875E-08	-3.5170E-08	1.4474E-06	3.1108E-06
6.3382E-08	-4.4552E-08	1.2610E-06	3.6200E-06
8.6529E-08	-3.6812E-08	2.0280E-06	4.0786E-06
7.2093E-08	2.7128E-08	2.3959E-06	3.2941E-06
3.0735E-08	-4.1356E-08	2.1559E-06	3.0776E-06
6.0110E-08	-3.7370E-08	1.9201E-06	2.6840E-06
-2.1372E-08	-5.3260E-08	1.4289E-06	2.8283E-06
3.8049E-08	-3.1544E-08	1.2439E-06	3.1534E-06
5.6483E-08	-3.1439E-08	1.7026E-06	3.3125E-06
4.1562E-08	-1.8896E-08	1.2138E-06	2.7752E-06
5.8918E-09	-2.6355E-08	1.2195E-06	3.5260E-06
7.4551E-08	-4.0559E-09	9.8427E-07	3.0448E-06
4.6776E-08	2.8106E-09	1.1746E-06	4.4455E-06
1.7690E-08	-1.6144E-08	2.2006E-06	3.0217E-06
4.0707E-10	3.2887E-09	5.7902E-07	3.5865E-06
3.7935E-08	-1.4106E-08	2.0184E-06	4.3737E-06
3.2968E-08	-4.8888E-08	2.4812E-06	3.3425E-06
2.3597E-08	-3.5462E-08	1.8344E-06	2.4030E-06
4.9891E-08	-4.8008E-08	1.0548E-06	3.2862E-06
2.5962E-08	-2.9300E-08	1.7960E-06	2.8945E-06
3.2303E-08	-2.9667E-08	8.2706E-07	3.0410E-06
4.1034E-08	-4.6040E-09	1.4041E-06	3.2154E-06
1.4884E-08	-3.2166E-08	9.2456E-07	3.2168E-06
3.9355E-08	-3.2500E-08	1.2548E-06	3.0727E-06
6.3065E-09	-2.4680E-08	4.8477E-07	3.4797E-06
6.1754E-08	-5.7177E-09	1.4770E-06	3.4899E-06
4.7201E-08	6.5923E-10	3.6131E-07	3.2220E-06
3.4444E-08	-1.9858E-08	1.1321E-06	4.1292E-06
3.6400E-08	-1.0769E-08	9.3515E-07	3.5180E-06
1.4080E-08	-4.7713E-08	1.2858E-06	4.0917E-06
5.9869E-08	-4.3432E-08	1.3869E-06	3.3615E-06
1.9259E-08	-2.1195E-08	9.3851E-07	3.5115E-06
4.5876E-08	2.1706E-09	1.0166E-06	3.8695E-06
7.2791E-08	1.4981E-08	1.4083E-06	3.4814E-06
3.6485E-08	-5.4554E-08	5.5772E-07	3.6360E-06
1.0989E-08	-1.1738E-08	1.6056E-06	4.2968E-06
6.5807E-08	-1.8527E-08	1.7278E-06	2.8221E-06
2.2781E-08	-1.0759E-08	2.0442E-07	2.6821E-06
5.7139E-08	7.2687E-08	-2.0464E-07	4.4255E-06
3.2083E-08	-3.3573E-08	1.5010E-06	4.3841E-06
-2.1894E-08	-3.4388E-09	6.9805E-07	3.6777E-06
5.6853E-08	-3.8911E-08	1.1390E-06	4.2328E-06
6.2981E-08	-2.3169E-08	6.0497E-07	4.0364E-06
6.4867E-08	-2.6493E-08	1.7859E-06	4.9351E-06
3.1015E-08	1.6519E-09	1.9780E-06	3.1494E-06
1.5721E-08	-4.3631E-08	1.0224E-06	3.3623E-06
4.0170E-08	-5.9675E-08	7.3091E-07	3.4867E-06
6.4623E-08	-5.0850E-08	1.0272E-06	4.0805E-06
-1.9101E-09	-6.0116E-08	1.1020E-06	3.5242E-06
4.1490E-08	-1.6774E-08	1.0878E-06	3.6959E-06
6.5849E-08	-8.8527E-09	4.6874E-07	3.2348E-06
7.2926E-08	-4.5829E-08	6.8288E-07	4.5541E-06
2.5189E-08	-1.2662E-08	1.4264E-06	3.2149E-06
-1.1362E-08	-1.9235E-08	-8.4341E-08	3.5051E-06
1.8251E-08	-9.6346E-09	1.7517E-07	4.3748E-06
2.7150E-08	-2.5083E-08	8.5896E-07	5.0187E-06
-1.9614E-08	-2.9518E-08	1.8514E-06	3.8811E-06
3.1875E-08	-2.8076E-08	7.0411E-07	3.3932E-06
2.3490E-08	-2.7036E-08	4.5260E-07	3.7587E-06
-4.9799E-09	-3.8629E-08	3.2713E-07	4.5609E-06
2.2382E-08	-4.1548E-08	1.4782E-06	4.1103E-06
3.3049E-08	-3.7870E-08	1.6794E-07	3.7761E-06
7.4125E-08	3.3947E-08	1.2510E-06	5.0639E-06
1.0188E-09	-2.5435E-08	1.7292E-06	3.4187E-06
2.7452E-08	-4.5646E-08	9.6724E-07	3.4930E-06
2.9727E-08	-2.3643E-09	8.5087E-07	2.8254E-06
2.1924E-08	-4.3942E-08	-4.8780E-07	3.3831E-06
-2.6423E-09	-2.9600E-08	2.2521E-07	4.3293E-06
-5.3089E-09	-1.3061E-08	5.3541E-07	3.6713E-06
6.0531E-08	6.5497E-09	-1.4190E-07	3.4857E-06
2.2839E-08	-5.8363E-08	-4.9807E-07	4.2107E-06
-2.3901E-08	-2.3965E-08	1.1210E-07	4.4029E-06
7.2754E-09	-2.3894E-08	-1.8412E-07	3.9431E-06
4.1812E-08	1.1343E-08	-7.9909E-07	4.5109E-06
6.7389E-08	-1.6998E-08	-3.0449E-07	5.5790E-06
1.6273E-08	1.6328E-09	1.0215E-06	5.1434E-06
2.8948E-08	-3.2949E-08	6.1368E-07	4.1137E-06
3.3151E-08	-1.6009E-08	9.2894E-08	4.1563E-06
4.6002E-08	-2.4911E-08	-3.7908E-07	4.6154E-06
3.5854E-08	2.8540E-08	4.9427E-07	4.9227E-06
3.6154E-08	2.3468E-08	-2.5010E-07	3.9511E-06
3.9419E-08	7.4805E-09	-3.8186E-07	5.6499E-06
6.1316E-08	-5.8737E-08	1.2071E-06	4.4686E-06
3.3915E-08	-4.4139E-08	-6.3042E-07	3.8483E-06
3.2075E-08	-3.2285E-08	-2.6894E-07	5.1137E-06
1.5939E-08	-1.4571E-08	-3.3458E-07	4.2029E-06
2.0821E-08	-5.4204E-08	-1.2847E-06	5.4780E-06
2.3501E-08	-1.7112E-08	4.8997E-07	5.8682E-06
6.2808E-09	5.1891E-08	1.2340E-08	4.4594E-06
1.7591E-09	-5.8378E-08	-4.4104E-07	5.2286E-06
1.6343E-08	-6.7544E-08	-3.9268E-07	4.8682E-06
2.4758E-08	-4.4000E-08	-7.3173E-07	5.6491E-06
1.4035E-08	2.2602E-08	-2.4024E-07	5.3246E-06
-3.5692E-09	1.2071E-09	-8.3316E-07	6.0843E-06
2.1509E-08	-2.2558E-08	7.3818E-07	5.9392E-06
5.9759E-08	-1.1450E-09	-4.5345E-07	4.8583E-06
-6.4168E-09	3.2231E-08	-3.0211E-07	6.2386E-06
2.7454E-08	-1.2218E-08	2.3269E-07	5.1760E-06
3.8889E-08	-3.7073E-09	-9.6826E-07	5.6136E-06
5.2789E-09	-1.3837E-08	-1.9168E-07	6.3981E-06
2.1129E-08	1.6266E-08	2.5185E-08	5.7549E-06
2.9485E-08	-2.7163E-08	-6.0345E-07	5.9801E-06
2.0097E-08	-3.2068E-08	-7.5885E-08	6.9254E-06
2.8644E-08	4.2954E-09	1.2023E-06	6.0830E-06
5.2283E-08	-1.1109E-08	1.0365E-07	4.8786E-06
5.7723E-08	-2.8648E-08	-5.3019E-07	5.7968E-06
3.0037E-08	-2.6635E-09	-3.0858E-07	5.6928E-06
7.8573E-09	-5.2923E-08	-9.2600E-07	6.1190E-06
2.2101E-08	-2.1714E-08	-3.7052E-07	6.9558E-06
2.2396E-08	-1.4555E-08	4.5153E-07	6.4594E-06
2.6604E-08	2.1099E-08	-2.2237E-07	6.1241E-06
1.8952E-08	-3.4651E-08	5.4823E-07	6.7320E-06
3.6158E-08	-5.0092E-08	1.8631E-07	5.0498E-06
2.4033E-08	-3.4034E-08	-9.3725E-07	6.5725E-06
4.5700E-09	-2.1849E-08	3.1742E-07	5.8563E-06
-3.1928E-09	-3.5214E-08	-1.4332E-06	6.4722E-06
7.6172E-09	-1.8655E-08	7.1342E-07	7.0174E-06
4.4174E-08	-9.8684E-08	-7.4053E-07	5.3116E-06
-4.6566E-09	-4.1837E-08	-8.8099E-07	6.9296E-06
2.4181E-08	-3.7678E-08	-1.2441E-06	6.4698E-06
2.2110E-08	-1.8955E-08	-7.7151E-07	8.7031E-06
-1.3583E-09	-2.4111E-08	1.5804E-06	7.1049E-06
-1.3673E-08	-2.2332E-08	-2.1508E-07	5.6512E-06
1.2416E-08	-2.3751E-08	-1.0804E-06	7.1191E-06
-1.8054E-08	-5.8127E-08	4.0690E-07	7.6858E-06
2.3871E-09	-1.6139E-08	2.9293E-07	5.8956E-06
-3.0104E-08	7.6039E-10	-1.3439E-06	6.9572E-06
6.6682E-09	1.3295E-08	3.1001E-07	7.7472E-06
3.6300E-08	6.0289E-09	1.3457E-07	5.9815E-06
1.5209E-08	-2.0810E-09	-1.5380E-06	6.6106E-06
-7.7825E-09	-3.3352E-08	-9.9295E-07	8.0874E-06
2.2545E-08	-1.3563E-08	2.1767E-07	7.7166E-06
2.4445E-08	-1.1638E-08	-2.6257E-07	6.7385E-06
1.8962E-08	-5.6855E-08	-8.3086E-07	7.5727E-06
-2.8246E-08	-8.3835E-09	2.5015E-07	7.1671E-06
-1.6614E-08	-1.3148E-08	-1.3332E-06	6.2282E-06
1.8006E-08	-3.6520E-09	-1.8306E-06	8.1229E-06
-1.2815E-08	-1.6448E-08	-7.8593E-07	8.2462E-06
6.5516E-09	2.7250E-08	-7.3693E-07	8.1316E-06
4.3415E-08	-3.2686E-08	-7.8216E-07	8.0102E-06
1.5402E-08	-5.9970E-08	-8.2912E-07	8.3705E-06
2.2551E-08	-1.3389E-08	-6.5720E-07	8.2049E-06
1.9293E-08	-6.3860E-08	-8.5425E-07	8.5318E-06
1.2612E-08	-2.5940E-08	-5.3985E-07	8.4544E-06
-6.0176E-09	2.3841E-08	-8.2543E-07	8.7311E-06
1.5109E-08	-4.2826E-09	-7.1762E-08	8.7386E-06
-9.5741E-09	-3.1373E-08	-6.4361E-07	8.0452E-06
9.7868E-09	4.0212E-09	-8.6218E-07	8.8400E-06
1.0203E-08	-1.0916E-08	-5.0926E-07	8.3872E-06
-3.8204E-08	-3.5523E-08	-1.5939E-06	8.7617E-06
2.5419E-08	1.9081E-08	-6.8386E-07	1.0082E-05
9.2150E-09	-3.2837E-08	3.4579E-07	8.8860E-06
-1.2758E-09	6.7171E-10	-9.3867E-07	8.3788E-06
1.4007E-08	1.1426E-09	-9.5901E-07	9.3619E-06
1.6940E-08	-4.0575E-10	-6.5960E-07	8.9122E-06
-7.9749E-09	-4.6081E-08	-1.4695E-06	9.0813E-06
9.8046E-09	-4.7955E-08	-1.5010E-06	9.8709E-06
-1.9988E-08	-1.5984E-08	-1.0173E-06	1.0218E-05
1.7170E-09	9.6375E-09	-1.0717E-06	9.9396E-06
1.5170E-08	5.2976E-09	-1.1670E-06	1.0724E-05
2.3070E-09	-4.9092E-08	-6.2553E-07	1.0299E-05
-1.0684E-08	-2.1070E-08	-1.5024E-06	1.1079E-05
7.3241E-09	-1.6179E-08	-2.4190E-08	1.1519E-05
6.0308E-09	1.6732E-08	-5.1380E-07	1.1154E-05
-2.2177E-08	-6.3453E-09	7.3066E-07	1.1622E-05
2.4926E-08	1.0763E-08	4.1851E-08	1.0487E-05
2.2358E-08	-3.5915E-08	7.4140E-07	1.1837E-05
4.6854E-08	-6.2792E-09	1.3749E-06	9.8340E-06
2.3538E-08	-4.2304E-08	5.7209E-09	9.9848E-06
5.8271E-09	-2.4971E-08	-2.6403E-07	9.9577E-06
1.6168E-08	-2.7130E-08	-6.4386E-07	1.1031E-05
6.2749E-08	-4.8498E-09	3.2525E-07	1.0734E-05
-8.0506E-11	-1.0620E-08	-3.7095E-07	1.0358E-05
2.2106E-08	-1.7382E-08	-6.5501E-07	1.0740E-05
1.7472E-08	8.2203E-09	-5.4117E-07	1.0959E-05
8.5926E-09	-2.2256E-08	-1.2763E-06	1.0713E-05
2.8496E-08	-3.2836E-08	-1.3587E-06	1.2564E-05
7.4488E-09	-2.4099E-09	2.8380E-07	1.1732E-05
9.4805E-09	-1.9916E-09	-1.4615E-06	1.1537E-05
7.9546E-09	-1.8718E-09	-3.2025E-07	1.3141E-05
-2.0739E-08	-1.0492E-08	9.6368E-08	1.1376E-05
-1.6782E-08	-1.5881E-08	-1.8476E-06	1.2194E-05
3.8362E-08	5.3913E-09	-5.9661E-07	1.3787E-05
3.0185E-08	-1.4239E-08	4.2337E-08	1.2930E-05
2.7434E-08	-4.8989E-08	-1.7270E-07	1.2980E-05
2.6129E-08	4.8022E-08	-4.0489E-07	1.2920E-05
1.7719E-08	-2.0017E-08	-2.2202E-07	1.3541E-05
-2.3907E-09	-3.8848E-08	-2.4784E-07	1.3095E-05
3.2908E-08	-3.8573E-08	-3.3129E-07	1.4203E-05
-4.6366E-10	-5.7555E-08	9.0780E-07	1.3352E-05
3.9586E-08	-4.0324E-08	-6.3699E-07	1.2904E-05
2.3728E-08	-1.8714E-08	-3.7312E-07	1.4307E-05
3.6861E-08	-3.4531E-08	3.3726E-07	1.3599E-05
-4.8700E-09	-8.9690E-10	-7.2254E-07	1.3486E-05
6.3950E-10	2.5800E-09	-5.9190E-07	1.4128E-05
-8.7985E-09	3.9233E-09	-1.4008E-06	1.4054E-05
4.3421E-09	-1.7960E-08	-1.2204E-06	1.5765E-05
-2.7898E-09	-2.9420E-08	-4.4236E-07	1.5483E-05
3.1386E-08	-2.8820E-08	-2.2876E-07	1.5988E-05
3.4192E-09	-7.5278E-09	-1.3848E-07	1.4992E-05
2.5604E-08	-1.1488E-08	-1.1875E-06	1.6027E-05
-1.3671E-08	-9.6653E-09	-7.0844E-07	1.6281E-05
3.1352E-08	-3.8670E-08	-7.1316E-07	1.7512E-05
-7.0184E-09	-3.2255E-08	6.8986E-07	1.6442E-05
6.5318E-09	1.9716E-08	-1.2812E-06	1.6597E-05
1.1099E-08	-1.0452E-08	-3.9627E-07	1.7519E-05
9.4547E-09	-2.4176E-09	-1.5548E-06	1.7576E-05
-2.1910E-08	-5.2159E-08	-8.4664E-07	1.9410E-05
3.2382E-08	-6.2143E-09	9.3554E-08	1.9320E-05
-1.4335E-08	4.5520E-09	4.9037E-07	1.8672E-05
7.2860E-09	-6.9354E-09	-1.1050E-06	1.8643E-05
2.4069E-08	8.2947E-09	-9.5151E-07	2.0440E-05
-1.7877E-08	-3.7274E-08	-6.5794E-07	2.0432E-05
2.4756E-09	9.2519E-10	-1.3485E-06	2.1406E-05
-4.3745E-10	-1.9303E-08	-7.8207E-07	2.3138E-05
-1.1225E-08	1.3387E-08	4.3817E-07	2.3017E-05
1.1205E-08	9.4989E-09	-8.6228E-07	2.3393E-05
1.9219E-08	-2.4799E-08	-4.4765E-07	2.5996E-05
-1.0539E-08	-1.3012E-08	1.5359E-06	2.7054E-05
-1.9421E-08	-1.8144E-08	2.5189E-06	2.6424E-05
-1.7868E-08	-3.6532E-09	1.7342E-06	2.7391E-05
-2.6882E-09	9.2542E-09	2.9506E-06	2.8844E-05
-9.4163E-10	-3.5692E-10	3.1313E-06	2.9959E-05
2.8532E-09	1.3686E-09	4.9554E-06	3.1870E-05
8.4053E-10	3.5638E-09	6.3108E-06	3.2870E-05
6.3305E-09	-1.8427E-08	8.9932E-06	3.4319E-05
1.7187E-11	1.8024E-09	1.1028E-05	3.4661E-05
-5.1287E-11	-1.1491E-08	1.4599E-05	3.5576E-05
4.1626E-08	-5.8028E-09	1.7414E-05	3.4246E-05
1.0899E-08	3.5307E-10	2.0693E-05	3.4124E-05
-2.6406E-08	-3.6078E-08	2.4585E-05	3.1281E-05
1.3641E-09	-2.8120E-08	2.6676E-05	2.7374E-05
3.4409E-08	1.2494E-08	2.6326E-05	2.3918E-05
-2.2222E-08	-2.2972E-08	2.7728E-05	2.2200E-05
3.1211E-09	1.3994E-08	2.7536E-05	1.6907E-05
3.5228E-09	-5.6028E-10	2.5229E-05	1.5198E-05
3.2114E-08	-3.1010E-08	2.4394E-05	1.1817E-05
-7.2789E-09	-3.0477E-08	2.0172E-05	1.0263E-05
1.0616E-08	1.9546E-09	1.8017E-05	1.0399E-05
6.1925E-09	-1.1010E-08	1.5417E-05	1.0657E-05
-4.1700E-09	4.2746E-09	1.3755E-05	1.1545E-05
1.1022E-09	-4.8559E-08	1.1888E-05	1.2926E-05
1.9924E-08	-1.5000E-08	1.1557E-05	1.4644E-05
9.9611E-09	-1.4073E-09	1.0933E-05	1.5502E-05
2.7178E-08	-1.3138E-09	1.0256E-05	1.7327E-05
1.5878E-08	-3.6220E-08	1.0914E-05	1.9337E-05
-1.1925E-08	-1.1530E-08	1.1747E-05	2.0469E-05
1.7036E-08	-3.0658E-08	1.3460E-05	2.2122E-05
1.6796E-08	1.2229E-09	1.5667E-05	2.0891E-05
2.7308E-08	2.6295E-08	1.4869E-05	2.0609E-05
3.7007E-11	1.5391E-08	1.6124E-05	2.1322E-05
5.0967E-09	1.8161E-08	1.6752E-05	2.0683E-05
-2.0570E-08	-9.9364E-09	1.7113E-05	1.9919E-05
2.2466E-08	4.6397E-09	1.5645E-05	2.0050E-05
-5.5764E-09	1.4642E-08	1.6583E-05	2.1847E-05
-6.3713E-09	-5.2039E-09	1.6989E-05	2.1592E-05
6.8196E-09	-4.6451E-09	1.8046E-05	2.3407E-05
3.6981E-08	2.9398E-08	2.0088E-05	2.2212E-05
1.3148E-08	-1.8957E-09	1.9402E-05	2.2693E-05
8.7284E-09	6.3888E-09	2.2239E-05	2.3822E-05
-1.7213E-09	-1.9382E-09	2.4221E-05	2.1389E-05
-7.7376E-09	8.4848E-09	2.3525E-05	1.9846E-05
-1.5973E-08	-4.2906E-09	2.3267E-05	2.0409E-05
-1.4136E-08	-2.8656E-09	2.5116E-05	2.0529E-05
2.8564E-08	-1.9159E-08	2.6345E-05	1.8682E-05
2.5389E-08	-1.7391E-08	2.6539E-05	1.6979E-05
-2.5767E-09	-8.5092E-09	2.5758E-05	1.4986E-05
3.7662E-08	-2.2303E-08	2.4141E-05	1.4507E-05
-1.0166E-08	3.5348E-09	2.2773E-05	1.4226E-05
2.4533E-09	1.3293E-08	2.0919E-05	1.6182E-05
3.2274E-09	-3.5668E-08	2.2626E-05	1.8194E-05
2.9878E-08	-1.5289E-08	2.3491E-05	1.7976E-05
-1.0897E-08	-8.4533E-09	2.4493E-05	1.8361E-05
-2.8149E-08	-1.8304E-08	2.4682E-05	1.8152E-05
-2.7246E-08	9.1973E-09	2.6014E-05	1.9617E-05
-1.9955E-08	-3.5562E-08	2.8480E-05	1.8831E-05
1.6074E-08	-2.9464E-09	3.0002E-05	1.7609E-05
-4.2356E-09	-4.2588E-08	3.0916E-05	1.5449E-05
-9.5127E-09	1.8058E-08	3.0998E-05	1.3899E-05
-7.9403E-09	4.0211E-09	3.0313E-05	1.1691E-05
-1.1549E-08	-1.8486E-09	2.8687E-05	1.1868E-05
2.9534E-09	-1.2924E-08	2.9242E-05	1.1608E-05
-1.4961E-08	-8.9864E-09	2.8462E-05	1.0949E-05
7.5435E-09	-7.2939E-09	2.8385E-05	1.0805E-05
-1.5168E-08	1.3695E-08	2.7564E-05	1.0428E-05
4.1470E-09	-6.7777E-09	2.7128E-05	1.1134E-05
2.2898E-08	-3.9641E-08	2.7728E-05	1.1744E-05
3.1065E-08	-6.0223E-09	2.8539E-05	1.0763E-05
-4.3105E-09	-3.3850E-08	2.7028E-05	1.0165E-05
-3.8320E-08	8.5932E-09	2.6694E-05	1.1774E-05
-2.5615E-08	-5.0994E-09	2.7613E-05	1.2118E-05
-3.5963E-09	-1.7993E-08	2.7425E-05	1.2202E-05
3.6214E-08	2.6925E-08	2.7642E-05	1.3652E-05
-1.4723E-08	-2.3774E-08	2.9160E-05	1.4245E-05
9.8821E-09	1.7897E-08	2.9600E-05	1.4913E-05
-2.9870E-08	8.0973E-09	3.2031E-05	1.6539E-05
6.2834E-09	-3.3837E-09	3.5063E-05	1.5537E-05
2.9558E-08	1.3413E-08	3.6436E-05	1.4383E-05
1.6529E-08	2.0882E-08	3.8103E-05	1.3827E-05
3.2023E-08	7.8667E-09	4.0243E-05	1.2901E-05
9.4287E-09	-1.2578E-08	4.2712E-05	1.1522E-05
-7.4618E-10	1.9971E-08	4.5806E-05	8.7613E-06
2.9554E-08	-4.5830E-10	4.7131E-05	3.7766E-06
3.7551E-08	-2.5624E-08	4.6002E-05	8.7697E-08
2.1952E-09	-2.9559E-08	4.5806E-05	-3.1397E-06
6.8976E-11	-3.3430E-09	4.3400E-05	-7.6752E-06
1.8985E-08	-4.0935E-08	3.9268E-05	-9.0790E-06
1.0223E-09	-2.1661E-08	3.6913E-05	-9.1928E-06
-4.3192E-09	-1.7835E-08	3.4752E-05	-9.4232E-06
-3.5760E-09	-3.4654E-08	3.2493E-05	-8.9265E-06
-1.9978E-08	-2.8529E-09	3.1279E-05	-7.2225E-06
-1.2296E-08	2.2137E-08	3.1529E-05	-6.2806E-06
-1.7579E-08	-1.9976E-08	3.1713E-05	-5.6714E-06
-2.6633E-08	2.0972E-09	3.2619E-05	-5.5106E-06
-1.7490E-08	-1.8035E-08	3.3392E-05	-5.9685E-06
6.6923E-09	-1.8748E-08	3.4070E-05	-7.0057E-06
-2.5813E-08	-2.2643E-08	3.4333E-05	-7.8605E-06
6.7505E-09	2.1488E-08	3.5195E-05	-9.4587E-06
-1.7791E-08	1.1175E-08	3.4759E-05	-1.1656E-05
-2.9943E-09	6.4607E-09	3.3958E-05	-1.3509E-05
-4.8553E-09	-7.6369E-09	3.2452E-05	-1.4955E-05
2.1972E-08	2.0920E-08	3.1337E-05	-1.6072E-05
-1.2361E-08	-2.3494E-08	2.9788E-05	-1.7013E-05
3.1031E-08	5.1500E-09	2.8820E-05	-1.8394E-05
2.0129E-09	-2.1014E-08	2.5532E-05	-1.9397E-05
-3.9322E-09	2.3961E-08	2.4601E-05	-1.8188E-05
-1.6394E-08	5.6560E-09	2.2729E-05	-2.0345E-05
-4.5353E-09	-1.9712E-08	1.8750E-05	-1.8205E-05
-1.6282E-08	3.8789E-09	1.9297E-05	-1.6444E-05
1.9718E-09	-2.2681E-08	1.7954E-05	-1.6532E-05
-1.3305E-08	2.2611E-09	1.7263E-05	-1.5117E-05
3.6004E-08	-1.1263E-08	1.6894E-05	-1.4733E-05
-2.9531E-09	-3.2856E-08	1.6256E-05	-1.4235E-05
8.7490E-09	-3.9988E-09	1.5329E-05	-1.3658E-05
3.9511E-09	2.8910E-08	1.4653E-05	-1.2697E-05
7.9074E-09	9.2860E-09	1.3742E-05	-1.1048E-05
-1.2835E-08	1.1524E-08	1.5540E-05	-8.9479E-06
-4.1309E-09	-1.7667E-09	1.6786E-05	-1.0522E-05
3.2118E-08	2.6965E-09	1.5804E-05	-1.0543E-05
1.6083E-08	-3.3645E-08	1.5714E-05	-1.0443E-05
-1.0051E-08	2.0992E-09	1.5723E-05	-9.6457E-06
2.6632E-09	-3.6334E-08	1.6504E-05	-1.0815E-05
-1.3097E-08	1.0784E-08	1.4565E-05	-1.0946E-05
4.7613E-09	-1.5791E-08	1.4716E-05	-1.0157E-05
1.3565E-08	-2.9456E-08	1.3738E-05	-9.9232E-06
-1.7677E-08	2.7552E-08	1.4440E-05	-8.9492E-06
2.2131E-09	-4.3271E-09	1.3834E-05	-9.5712E-06
-3.7310E-08	-2.5415E-08	1.4057E-05	-8.1984E-06
1.3207E-09	1.0277E-08	1.4443E-05	-9.7009E-06
2.8275E-09	4.0229E-08	1.2159E-05	-8.7682E-06
5.9066E-09	2.3339E-08	1.3565E-05	-7.1293E-06
-3.0885E-08	-3.4565E-08	1.3383E-05	-8.5270E-06
2.0380E-08	-1.5193E-08	1.2103E-05	-6.9084E-06
2.5025E-09	7.0719E-09	1.3550E-05	-6.2683E-06
-3.9639E-08	-2.8710E-09	1.3162E-05	-6.6123E-06
8.0993E-09	9.9419E-09	1.3043E-05	-5.9058E-06
-2.6043E-08	-1.4466E-08	1.3026E-05	-4.6005E-06
2.3903E-08	2.2253E-09	1.5292E-05	-4.0868E-06
1.9044E-11	-1.5949E-08	1.5006E-05	-5.3142E-06
5.8860E-09	-1.4065E-08	1.6280E-05	-3.8057E-06
-4.5037E-09	-5.7802E-09	1.7659E-05	-6.6506E-06
-2.1968E-09	4.6737E-09	1.5536E-05	-6.2677E-06
-3.2302E-08	-1.8552E-08	1.7555E-05	-6.0241E-06
-7.5064E-09	1.2987E-08	1.6676E-05	-7.7455E-06
-4.8927E-08	-2.8975E-08	1.6820E-05	-6.9211E-06
-5.4672E-09	5.6490E-09	1.7264E-05	-8.1487E-06
8.2994E-09	2.1787E-09	1.7392E-05	-8.3040E-06
5.1032E-09	1.4725E-08	1.7733E-05	-1.1006E-05
9.3096E-09	-1.6829E-08	1.4026E-05	-1.1921E-05
2.0917E-09	-2.7390E-08	1.3201E-05	-9.6711E-06
-4.0926E-08	-8.1848E-09	1.3519E-05	-9.7146E-06
5.7390E-08	-3.0396E-08	1.2743E-05	-9.6358E-06
-8.0683E-09	8.1071E-09	1.2151E-05	-8.9457E-06
-1.3468E-09	-2.2767E-08	1.2423E-05	-8.2309E-06
1.5498E-08	-3.2445E-09	1.2458E-05	-8.5894E-06
3.3009E-08	-1.9879E-08	1.1479E-05	-7.9886E-06
8.2417E-09	-4.1601E-09	1.2522E-05	-6.4669E-06
-2.0327E-09	4.4308E-08	1.4101E-05	-8.0832E-06
5.5915E-09	2.3867E-08	1.2386E-05	-9.2765E-06
5.7182E-09	-2.4852E-08	1.1741E-05	-8.7221E-06
-4.2735E-08	-9.5404E-09	1.0804E-05	-8.2974E-06
2.7415E-08	-2.2204E-08	1.1741E-05	-7.3233E-06
-1.0891E-09	1.1735E-08	1.1481E-05	-9.0672E-06
-8.1288E-09	-1.3744E-11	9.8436E-06	-8.3963E-06
1.9958E-08	-2.7868E-08	9.3506E-06	-8.1854E-06
-3.7772E-09	-8.8541E-09	8.2313E-06	-6.6446E-06
7.5285E-09	5.9186E-09	9.4709E-06	-5.9744E-06
6.8799E-09	2.7655E-09	8.3626E-06	-6.6672E-06
-5.6804E-08	-2.7652E-08	7.3074E-06	-4.6609E-06
1.2506E-08	-1.9506E-08	8.3228E-06	-3.3226E-06
2.0889E-08	1.3673E-08	8.6189E-06	-2.9410E-06
-4.6541E-09	2.5622E-08	9.1529E-06	-1.8464E-06
-1.3560E-09	-2.6687E-08	1.0381E-05	-1.8224E-06
-2.8912E-08	-8.9817E-09	1.0134E-05	-2.5933E-06
-2.4397E-08	-4.3678E-09	8.6883E-06	-1.2978E-06
-2.1615E-08	2.1586E-09	1.0401E-05	1.3181E-06
6.7046E-09	1.6518E-08	1.2342E-05	1.5259E-07
1.3655E-08	-1.8082E-09	1.1562E-05	6.4503E-07
-1.1771E-08	1.0768E-08	1.3216E-05	1.6486E-06
1.4541E-08	-1.0774E-08	1.4123E-05	1.5926E-06
-2.0433E-08	1.0802E-08	1.6030E-05	1.4924E-06
1.0704E-08	-1.7881E-08	1.6521E-05	-1.6157E-07
-1.2979E-08	-1.2017E-08	1.6347E-05	-7.2683E-07
-1.1151E-08	2.6775E-08	1.5080E-05	-6.8137E-07
-3.5719E-08	1.2640E-08	1.6533E-05	2.1143E-06
-1.8085E-08	-1.2481E-09	1.9630E-05	-4.4621E-07
-4.2067E-08	2.2419E-08	1.6924E-05	-1.2832E-06
2.1783E-08	-1.1234E-08	1.8848E-05	1.3868E-06
6.2132E-09	3.0748E-09	2.1282E-05	-9.7734E-07
-6.9229E-09	2.6244E-08	2.0337E-05	-2.2319E-06
-2.7987E-09	3.2182E-08	2.0534E-05	-2.0161E-06
9.8815E-09	5.3873E-09	2.1162E-05	-2.3173E-06
9.1671E-09	1.2994E-08	2.1819E-05	-2.9771E-06
8.5523E-09	2.5998E-09	2.1443E-05	-3.5023E-06
1.4396E-08	4.2401E-09	2.2754E-05	-2.3191E-06
5.8392E-09	2.4331E-08	2.4877E-05	-5.1324E-06
3.0419E-09	4.5138E-09	2.2500E-05	-5.7485E-06
1.1068E-08	3.6833E-08	2.4889E-05	-4.8830E-06
-5.0457E-09	2.9576E-08	2.4537E-05	-7.4205E-06
1.0808E-08	-2.2754E-08	2.5403E-05	-6.2433E-06
-1.9871E-08	1.3418E-08	2.6811E-05	-8.8932E-06
4.4897E-09	3.9133E-09	2.7088E-05	-8.8204E-06
-6.9739E-09	-2.3654E-08	3.0019E-05	-1.2059E-05
1.5382E-09	1.8741E-08	2.9275E-05	-1.6350E-05
6.2686E-09	-9.7774E-09	2.7028E-05	-2.0755E-05
3.8825E-09	5.3458E-09	2.2060E-05	-2.1805E-05
-1.1390E-08	1.3298E-08	1.9896E-05	-2.1463E-05
1.0635E-08	-2.2018E-08	1.7068E-05	-2.0515E-05
7.7524E-09	-2.1269E-08	1.6977E-05	-1.9441E-05
-8.9867E-09	-1.0018E-08	1.5491E-05	-1.9506E-05
2.5452E-10	-9.1123E-09	1.5273E-05	-1.8652E-05
3.2850E-09	1.9504E-08	1.4582E-05	-1.8830E-05
-2.4341E-09	-2.1680E-08	1.4336E-05	-1.9270E-05
-7.8138E-09	-3.4691E-08	1.1618E-05	-1.9469E-05
2.4847E-09	-1.3110E-08	1.1347E-05	-1.7014E-05
3.1431E-08	-7.5023E-09	1.1601E-05	-1.7036E-05
2.4059E-08	3.0236E-09	1.1850E-05	-1.6889E-05
1.1509E-08	-2.3189E-09	9.8859E-06	-1.7677E-05
-1.6255E-08	-1.4488E-08	9.6861E-06	-1.4198E-05
1.2538E-08	-5.1996E-09	1.2224E-05	-1.5535E-05
5.0110E-10	1.6811E-08	1.0328E-05	-1.6273E-05
3.8713E-09	1.0214E-08	1.0457E-05	-1.5380E-05
-5.0261E-11	2.5785E-08	1.0473E-05	-1.5976E-05
-6.2017E-09	8.3011E-09	8.7287E-06	-1.6201E-05
-7.1958E-10	-1.8497E-08	8.5317E-06	-1.3222E-05
-2.4119E-09	-1.8351E-08	1.1445E-05	-1.4196E-05
1.2093E-08	-3.6414E-09	9.6271E-06	-1.5606E-05
2.0486E-10	-2.6885E-08	9.8973E-06	-1.4723E-05
-4.1872E-09	1.1866E-08	9.1582E-06	-1.5651E-05
1.3293E-09	4.9035E-10	8.6251E-06	-1.4483E-05
-8.5086E-09	9.4241E-09	9.2322E-06	-1.4492E-05
5.4307E-08	1.8831E-08	9.1750E-06	-1.5022E-05
-7.4917E-09	1.9297E-09	8.1529E-06	-1.5022E-05
-2.2926E-09	8.2654E-09	8.5741E-06	-1.4137E-05
-1.9471E-08	7.4366E-09	8.3791E-06	-1.4987E-05
3.1564E-08	-1.1442E-08	7.9342E-06	-1.3760E-05
-1.2273E-08	7.8389E-09	9.3523E-06	-1.3968E-05
-4.3131E-08	4.2925E-08	9.6261E-06	-1.4915E-05
-8.9876E-10	-9.5522E-09	9.0828E-06	-1.6335E-05
-4.9556E-09	2.2140E-08	7.8833E-06	-1.5339E-05
-1.5975E-08	6.0649E-10	1.0156E-05	-1.5557E-05
1.3691E-08	-2.7619E-08	1.0160E-05	-1.8229E-05
-8.1266E-09	-2.1031E-08	9.6120E-06	-2.0425E-05
2.4379E-09	2.1296E-08	7.4348E-06	-2.2488E-05
-7.0807E-09	-1.1174E-10	7.2691E-06	-2.4110E-05
4.8769E-08	-1.1432E-08	5.1962E-06	-3.0996E-05
-1.8727E-08	2.0321E-08	-5.6791E-06	-4.0080E-05
5.1264E-09	1.4496E-08	-3.3502E-05	-3.7607E-05
-4.1139E-09	-2.6896E-10	-4.9345E-05	1.3931E-06
-5.8568E-09	-6.3758E-09	-1.5654E-05	3.0680E-05
-1.7816E-08	-9.9267E-09	1.0575E-05	1.1174E-05
1.8916E-10	-7.1997E-10	9.0832E-07	-7.8544E-07
1.8936E-10	-7.1455E-10	-1.1802E-06	7.2444E-06
1.8955E-10	-7.0918E-10	6.3932E-06	9.6466E-06
1.8972E-10	-7.0383E-10	1.1916E-05	7.6986E-06
1.8988E-10	-6.9853E-10	1.6599E-05	4.0140E-06
1.9003E-10	-6.9326E-10	1.8373E-05	-1.2957E-06
1.9017E-10	-6.8803E-10	1.7648E-05	-5.3389E-06
1.9029E-10	-6.8283E-10	1.6462E-05	-7.8942E-06
1.9041E-10	-6.7767E-10	1.5042E-05	-9.6805E-06
1.9051E-10	-6.7255E-10	1.4277E-05	-1.0960E-05
1.9060E-10	-6.6746E-10	1.2099E-05	-1.3082E-05
1.9068E-10	-6.6240E-10	9.3796E-06	-1.1555E-05
1.9074E-10	-6.5739E-10	1.0648E-05	-1.0602E-05
1.9080E-10	-6.5240E-10	1.0514E-05	-1.2313E-05
1.9085E-10	-6.4745E-10	8.8299E-06	-1.2818E-05
1.9088E-10	-6.4254E-10	7.7938E-06	-1.2050E-05
1.9091E-10	-6.3766E-10	7.6266E-06	-1.1661E-05
1.9092E-10	-6.3281E-10	7.4029E-06	-1.1269E-05
1.9092E-10	-6.2800E-10	7.6209E-06	-1.1499E-05
1.9092E-10	-6.2322E-10	6.6358E-06	-1.1736E-05
1.9090E-10	-6.1847E-10	6.2634E-06	-1.0647E-05
1.9087E-10	-6.1376E-10	7.1175E-06	-1.0439E-05
1.9083E-10	-6.0908E-10	6.9833E-06	-1.1310E-05
1.9079E-10	-6.0443E-10	5.9927E-06	-1.1170E-05
1.9073E-10	-5.9982E-10	5.8466E-06	-1.0192E-05
1.9067E-10	-5.9524E-10	6.8338E-06	-1.0062E-05
1.9059E-10	-5.9069E-10	6.6838E-06	-1.0937E-05
1.9051E-10	-5.8617E-10	6.4347E-06	-1.1162E-05
1.9042E-10	-5.8168E-10	4.9076E-06	-1.1581E-05
1.9032E-10	-5.7723E-10	4.7789E-06	-9.1416E-06
1.9021E-10	-5.7280E-10	6.4821E-06	-9.9409E-06
1.9009E-10	-5.6841E-10	5.6793E-06	-1.0073E-05
1.8996E-10	-5.6405E-10	5.9995E-06	-1.0467E-05
1.8983E-10	-5.5971E-10	4.8816E-06	-9.7433E-06
1.8968E-10	-5.5541E-10	6.6228E-06	-9.2887E-06
1.8953E-10	-5.5114E-10	6.3553E-06	-1.1062E-05
1.8937E-10	-5.4690E-10	4.7592E-06	-1.1141E-05
1.8921E-10	-5.4269E-10	4.3639E-06	-9.2507E-06
1.8903E-10	-5.3851E-10	6.2063E-06	-9.7635E-06
1.8885E-10	-5.3436E-10	4.7496E-06	-1.0470E-05
1.8866E-10	-5.3024E-10	5.2541E-06	-9.8039E-06
1.8846E-10	-5.2614E-10	4.1505E-06	-1.0165E-05
1.8826E-10	-5.2208E-10	4.8743E-06	-8.5934E-06
1.8805E-10	-5.1804E-10	5.2283E-06	-9.6888E-06
1.8783E-10	-5.1404E-10	4.9222E-06	-8.9036E-06
1.8760E-10	-5.1006E-10	5.6481E-06	-9.4345E-06
1.8737E-10	-5.0611E-10	4.9901E-06	-9.4242E-06
1.8713E-10	-5.0219E-10	5.8021E-06	-8.9718E-06
1.8689E-10	-4.9829E-10	6.0362E-06	-1.0489E-05
1.8663E-10	-4.9442E-10	4.5514E-06	-1.0272E-05
1.8638E-10	-4.9059E-10	5.1899E-06	-1.0149E-05
1.8611E-10	-4.8677E-10	3.6529E-06	-1.0366E-05
1.8584E-10	-4.8299E-10	4.5414E-06	-8.6553E-06
1.8556E-10	-4.7923E-10	5.0784E-06	-9.9521E-06
1.8528E-10	-4.7550E-10	4.6449E-06	-9.9291E-06
1.8499E-10	-4.7180E-10	3.9270E-06	-1.0354E-05
1.8470E-10	-4.6812E-10	3.7769E-06	-9.1293E-06
1.8439E-10	-4.6447E-10	4.3492E-06	-9.5109E-06
1.8409E-10	-4.6084E-10	4.5545E-06	-9.6113E-06
1.8378E-10	-4.5724E-10	3.5584E-06	-1.0959E-05
1.8346E-10	-4.5367E-10	2.2305E-06	-8.9214E-06
1.8314E-10	-4.5012E-10	3.7068E-06	-8.8758E-06
1.8281E-10	-4.4659E-10	2.8948E-06	-8.7881E-06
1.8248E-10	-4.4310E-10	3.4829E-06	-8.3580E-06
1.8214E-10	-4.3962E-10	3.4022E-06	-7.9585E-06
1.8180E-10	-4.3618E-10	4.6723E-06	-8.1733E-06
1.8145E-10	-4.3275E-10	4.1127E-06	-9.1268E-06
1.8110E-10	-4.2935E-10	3.8868E-06	-9.0999E-06
1.8074E-10	-4.2598E-10	3.1395E-06	-8.9350E-06
1.8038E-10	-4.2263E-10	3.7353E-06	-8.3183E-06
1.8001E-10	-4.1930E-10	3.5814E-06	-9.0100E-06
1.7964E-10	-4.1600E-10	3.2948E-06	-8.6174E-06
1.7927E-10	-4.1272E-10	3.2793E-06	-8.7215E-06
1.7889E-10	-4.0947E-10	3.1161E-06	-8.6778E-06
1.7850E-10	-4.0624E-10	2.4398E-06	-8.5859E-06
1.7811E-10	-4.0303E-10	2.6107E-06	-7.3554E-06
1.7772E-10	-3.9985E-10	3.4764E-06	-7.7547E-06
1.7733E-10	-3.9669E-10	2.8964E-06	-7.8015E-06
1.7693E-10	-3.9355E-10	3.2503E-06	-7.2750E-06
1.7652E-10	-3.9043E-10	3.3998E-06	-7.4466E-06
1.7612E-10	-3.8734E-10	3.6112E-06	-6.9948E-06
1.7571E-10	-3.8427E-10	4.4817E-06	-7.5416E-06
1.7529E-10	-3.8122E-10	3.7513E-06	-8.0998E-06
1.7487E-10	-3.7819E-10	4.3411E-06	-7.5397E-06
1.7445E-10	-3.7519E-10	4.3393E-06	-9.3838E-06
1.7403E-10	-3.7221E-10	2.1285E-06	-8.8060E-06
1.7360E-10	-3.6925E-10	2.9494E-06	-7.2566E-06
1.7317E-10	-3.6631E-10	3.7221E-06	-8.1744E-06
1.7273E-10	-3.6339E-10	2.4747E-06	-8.8518E-06
1.7229E-10	-3.6049E-10	1.5118E-06	-7.1687E-06
1.7185E-10	-3.5762E-10	3.2033E-06	-6.3181E-06
1.7141E-10	-3.5476E-10	3.5152E-06	-7.4583E-06
1.7096E-10	-3.5193E-10	2.9226E-06	-7.4451E-06
1.7051E-10	-3.4911E-10	2.8596E-06	-6.8648E-06
1.7006E-10	-3.4632E-10	3.7163E-06	-6.7758E-06
1.6960E-10	-3.4355E-10	3.7054E-06	-7.5261E-06
1.6915E-10	-3.4080E-10	3.4819E-06	-7.8628E-06
1.6869E-10	-3.3807E-10	2.2778E-06	-7.7811E-06
1.6822E-10	-3.3535E-10	3.0604E-06	-6.1710E-06
1.6776E-10	-3.3266E-10	3.9110E-06	-7.6332E-06
1.6729E-10	-3.2999E-10	3.0017E-06	-7.3658E-06
1.6682E-10	-3.2734E-10	3.4714E-06	-7.9453E-06
1.6635E-10	-3.2471E-10	2.1511E-06	-7.8160E-06
1.6587E-10	-3.2209E-10	2.4910E-06	-7.2657E-06
1.6539E-10	-3.1950E-10	2.0295E-06	-7.1685E-06
1.6492E-10	-3.1692E-10	2.1796E-06	-6.7820E-06
1.6443E-10	-3.1437E-10	2.0450E-06	-6.2041E-06
1.6395E-10	-3.1183E-10	2.9972E-06	-6.4643E-06
1.6347E-10	-3.0931E-10	1.8260E-06	-6.6346E-06
1.6298E-10	-3.0681E-10	2.4733E-06	-5.6441E-06
1.6249E-10	-3.0433E-10	2.1636E-06	-5.6610E-06
1.6200E-10	-3.0186E-10	3.6833E-06	-4.7430E-06
1.6151E-10	-2.9942E-10	3.7242E-06	-6.8234E-06
1.6101E-10	-2.9699E-10	2.5503E-06	-5.9501E-06
1.6051E-10	-2.9458E-10	3.0892E-06	-5.7990E-06
1.6002E-10	-2.9219E-10	3.0157E-06	-5.5324E-06
1.5952E-10	-2.8982E-10	3.3330E-06	-5.4366E-06
1.5902E-10	-2.8746E-10	3.7732E-06	-5.3863E-06
1.5851E-10	-2.8512E-10	3.6906E-06	-5.9114E-06
1.5801E-10	-2.8280E-10	3.7170E-06	-5.4694E-06
1.5751E-10	-2.8050E-10	3.9900E-06	-5.9192E-06
1.5700E-10	-2.7821E-10	3.8231E-06	-5.7894E-06
1.5649E-10	-2.7594E-10	3.9514E-06	-5.9478E-06
1.5598E-10	-2.7369E-10	4.0470E-06	-6.1114E-06
1.5547E-10	-2.7145E-10	3.1586E-06	-6.4659E-06
1.5496E-10	-2.6923E-10	3.0668E-06	-4.8853E-06
1.5445E-10	-2.6703E-10	4.1651E-06	-4.8779E-06
1.5393E-10	-2.6484E-10	4.7973E-06	-4.7619E-06
1.5342E-10	-2.6267E-10	5.4941E-06	-5.7393E-06
1.5290E-10	-2.6052E-10	5.2897E-06	-6.3107E-06
1.5239E-10	-2.5838E-10	4.5713E-06	-6.8105E-06
1.5187E-10	-2.5626E-10	4.9032E-06	-5.7490E-06
1.5135E-10	-2.5415E-10	5.4803E-06	-7.5236E-06
1.5083E-10	-2.5206E-10	3.6413E-06	-6.9419E-06
1.5031E-10	-2.4999E-10	4.7179E-06	-6.1494E-06
1.4979E-10	-2.4793E-10	5.3538E-06	-6.8034E-06
1.4927E-10	-2.4588E-10	4.8661E-06	-8.3726E-06
1.4875E-10	-2.4385E-10	3.1666E-06	-7.3904E-06
1.4823E-10	-2.4184E-10	4.3495E-06	-6.9233E-06
1.4770E-10	-2.3984E-10	4.0017E-06	-7.7195E-06
1.4718E-10	-2.3786E-10	3.1745E-06	-8.0099E-06
1.4665E-10	-2.3589E-10	2.1084E-06	-6.4331E-06
1.4613E-10	-2.3394E-10	4.0052E-06	-5.6910E-06
1.4560E-10	-2.3200E-10	3.9809E-06	-6.8946E-06
1.4508E-10	-2.3008E-10	3.5447E-06	-6.5492E-06
1.4455E-10	-2.2817E-10	4.0748E-06	-6.3153E-06
1.4403E-10	-2.2627E-10	4.0474E-06	-7.0915E-06
1.4350E-10	-2.2439E-10	3.6340E-06	-6.5028E-06
1.4297E-10	-2.2253E-10	4.2791E-06	-6.9650E-06
1.4244E-10	-2.2067E-10	3.6826E-06	-7.1887E-06
1.4192E-10	-2.1884E-10	3.0871E-06	-7.2749E-06
1.4139E-10	-2.1701E-10	3.1603E-06	-5.5824E-06
1.4086E-10	-2.1520E-10	4.6384E-06	-7.0121E-06
1.4033E-10	-2.1340E-10	2.7693E-06	-6.4513E-06
1.3981E-10	-2.1162E-10	4.5521E-06	-6.0838E-06
1.3928E-10	-2.0985E-10	3.7673E-06	-6.4879E-06
1.3875E-10	-2.0810E-10	5.0010E-06	-6.8836E-06
1.3822E-10	-2.0635E-10	2.9625E-06	-7.1082E-06
1.3769E-10	-2.0462E-10	5.0284E-06	-5.7842E-06
1.3716E-10	-2.0291E-10	4.1271E-06	-7.9275E-06
1.3664E-10	-2.0120E-10	4.0803E-06	-6.3256E-06
1.3611E-10	-1.9951E-10	4.4649E-06	-7.2348E-06
1.3558E-10	-1.9784E-10	4.8808E-06	-6.7713E-06
1.3505E-10	-1.9617E-10	4.9348E-06	-8.3812E-06
1.3452E-10	-1.9452E-10	3.8071E-06	-8.0970E-06
1.3400E-10	-1.9288E-10	3.8627E-06	-7.5640E-06
1.3347E-10	-1.9125E-10	5.1036E-06	-7.8870E-06
1.3294E-10	-1.8964E-10	3.9523E-06	-9.9532E-06
1.3241E-10	-1.8804E-10	2.3619E-06	-8.7612E-06
1.3189E-10	-1.8645E-10	2.6840E-06	-8.1652E-06
1.3136E-10	-1.8487E-10	3.0975E-06	-8.2703E-06
1.3084E-10	-1.8331E-10	2.1334E-06	-8.9131E-06
1.3031E-10	-1.8175E-10	1.9187E-06	-7.6129E-06
1.2979E-10	-1.8021E-10	2.1839E-06	-8.2383E-06
1.2926E-10	-1.7868E-10	1.2353E-06	-7.4586E-06
1.2874E-10	-1.7716E-10	1.8066E-06	-6.7117E-06
1.2821E-10	-1.7566E-10	2.3592E-06	-6.5257E-06
1.2769E-10	-1.7416E-10	2.6767E-06	-6.7855E-06
1.2717E-10	-1.7268E-10	3.1333E-06	-6.7113E-06
1.2664E-10	-1.7121E-10	3.5156E-06	-7.8706E-06
1.2612E-10	-1.6975E-10	2.3830E-06	-8.4905E-06
1.2560E-10	-1.6830E-10	1.5571E-06	-8.0618E-06
1.2508E-10	-1.6686E-10	1.2351E-06	-7.4774E-06
1.2456E-10	-1.6543E-10	1.2082E-06	-6.7641E-06
1.2404E-10	-1.6402E-10	1.8425E-06	-6.5880E-06
1.2352E-10	-1.6261E-10	1.5556E-06	-6.6843E-06
1.2300E-10	-1.6122E-10	2.0354E-06	-6.3584E-06
1.2249E-10	-1.5984E-10	1.4817E-06	-6.7261E-06
1.2197E-10	-1.5847E-10	2.0333E-06	-5.4990E-06
1.2145E-10	-1.5710E-10	2.5667E-06	-6.9452E-06
1.2094E-10	-1.5575E-10	1.0690E-06	-5.9416E-06
1.2042E-10	-1.5441E-10	3.0282E-06	-5.1713E-06
1.1991E-10	-1.5308E-10	2.9419E-06	-6.9667E-06
1.1940E-10	-1.5176E-10	1.8825E-06	-6.4931E-06
1.1889E-10	-1.5045E-10	1.9683E-06	-6.1045E-06
1.1837E-10	-1.4915E-10	2.0144E-06	-5.2844E-06
1.1786E-10	-1.4787E-10	3.3517E-06	-5.3405E-06
1.1735E-10	-1.4659E-10	3.0941E-06	-6.1683E-06
1.1684E-10	-1.4532E-10	3.1720E-06	-5.7520E-06
1.1634E-10	-1.4406E-10	3.6170E-06	-6.0173E-06
1.1583E-10	-1.4281E-10	3.7849E-06	-6.2877E-06
1.1532E-10	-1.4157E-10	4.0942E-06	-6.4021E-06
1.1482E-10	-1.4034E-10	4.7470E-06	-7.5251E-06
1.1431E-10	-1.3912E-10	3.3734E-06	-8.6657E-06
1.1381E-10	-1.3791E-10	2.4743E-06	-7.9678E-06
1.1331E-10	-1.3671E-10	2.5337E-06	-7.2892E-06
1.1281E-10	-1.3552E-10	3.3922E-06	-7.7974E-06
1.1231E-10	-1.3433E-10	1.9616E-06	-8.4543E-06
1.1181E-10	-1.3316E-10	2.3311E-06	-7.0934E-06
1.1131E-10	-1.3200E-10	2.6139E-06	-8.3961E-06
1.1081E-10	-1.3084E-10	1.4364E-06	-8.0133E-06
1.1031E-10	-1.2970E-10	1.4534E-06	-7.7286E-06
1.0982E-10	-1.2856E-10	9.0248E-07	-7.1526E-06
1.0932E-10	-1.2743E-10	1.7758E-06	-6.1813E-06
1.0883E-10	-1.2632E-10	2.5263E-06	-7.4525E-06
1.0834E-10	-1.2521E-10	8.0391E-07	-7.0911E-06
1.0785E-10	-1.2410E-10	2.5283E-06	-5.6697E-06
1.0736E-10	-1.2301E-10	2.9073E-06	-7.6021E-06
1.0687E-10	-1.2193E-10	2.1925E-06	-7.3715E-06
1.0638E-10	-1.2085E-10	2.0778E-06	-7.7924E-06
1.0589E-10	-1.1979E-10	1.7815E-06	-7.2404E-06
1.0541E-10	-1.1873E-10	2.2376E-06	-7.6298E-06
1.0492E-10	-1.1768E-10	1.6812E-06	-7.9544E-06
1.0444E-10	-1.1664E-10	1.2147E-06	-7.4850E-06
1.0396E-10	-1.1561E-10	1.9709E-06	-7.1511E-06
1.0348E-10	-1.1458E-10	1.8201E-06	-8.0950E-06
1.0300E-10	-1.1356E-10	1.3909E-06	-7.9662E-06
1.0252E-10	-1.1256E-10	8.3147E-07	-8.0692E-06
1.0204E-10	-1.1155E-10	1.0690E-06	-7.2644E-06
1.0157E-10	-1.1056E-10	1.2335E-06	-8.1505E-06
1.0109E-10	-1.0958E-10	4.2399E-07	-7.9727E-06
1.0062E-10	-1.0860E-10	-1.6994E-07	-7.5485E-06
1.0015E-10	-1.0763E-10	6.7438E-07	-6.0723E-06
9.9674E-11	-1.0667E-10	2.0345E-06	-7.7947E-06
9.9204E-11	-1.0572E-10	4.2874E-07	-8.5869E-06
9.8736E-11	-1.0477E-10	-2.9981E-07	-8.2745E-06
9.8269E-11	-1.0383E-10	-9.6404E-07	-7.4647E-06
9.7803E-11	-1.0290E-10	-6.8621E-07	-7.1787E-06
9.7338E-11	-1.0198E-10	-1.4427E-06	-6.7127E-06
9.6874E-11	-1.0106E-10	-8.3465E-07	-5.5674E-06
9.6412E-11	-1.0015E-10	-4.0880E-07	-5.8965E-06
9.5951E-11	-9.9253E-11	-6.3164E-07	-5.1659E-06
9.5492E-11	-9.8359E-11	5.6674E-07	-4.9590E-06
9.5034E-11	-9.7472E-11	7.1482E-07	-5.4957E-06
9.4577E-11	-9.6592E-11	8.7691E-07	-6.0339E-06
9.4121E-11	-9.5720E-11	-4.5910E-07	-5.3266E-06
9.3667E-11	-9.4854E-11	2.3569E-06	-4.0503E-06
9.3214E-11	-9.3996E-11	2.1015E-06	-7.6977E-06
9.2763E-11	-9.3144E-11	3.0464E-07	-5.9371E-06
9.2313E-11	-9.2300E-11	1.9212E-06	-6.6787E-06
9.1864E-11	-9.1462E-11	6.7433E-07	-7.1813E-06
9.1416E-11	-9.0631E-11	5.7229E-07	-7.0772E-06
9.0970E-11	-8.9806E-11	3.5830E-07	-6.7601E-06
9.0525E-11	-8.8989E-11	1.5082E-07	-7.5225E-06
9.0082E-11	-8.8178E-11	-9.2934E-07	-6.1189E-06
8.9640E-11	-8.7373E-11	8.3792E-07	-6.1230E-06
8.9200E-11	-8.6575E-11	1.3352E-07	-6.9740E-06
8.8760E-11	-8.5784E-11	3.2809E-07	-7.2182E-06
8.8323E-11	-8.4999E-11	-1.2352E-06	-7.8415E-06
8.7886E-11	-8.4220E-11	-2.0931E-06	-6.1826E-06
8.7451E-11	-8.3448E-11	-1.0920E-06	-5.0970E-06
8.7018E-11	-8.2682E-11	-3.2639E-07	-5.9572E-06
8.6585E-11	-8.1923E-11	-1.4241E-06	-5.8590E-06
8.6155E-11	-8.1169E-11	-7.8971E-07	-5.0791E-06
8.5725E-11	-8.0422E-11	-7.1443E-07	-5.5538E-06
8.5297E-11	-7.9681E-11	-9.6061E-07	-5.5837E-06
8.4871E-11	-7.8945E-11	-1.8028E-06	-5.2164E-06
8.4446E-11	-7.8216E-11	-1.3326E-06	-3.6757E-06
8.4022E-11	-7.7493E-11	-3.2548E-08	-3.9861E-06
8.3600E-11	-7.6776E-11	-2.2738E-07	-4.3279E-06
8.3179E-11	-7.6065E-11	2.0509E-07	-4.0943E-06
8.2760E-11	-7.5359E-11	3.6562E-07	-4.4450E-06
8.2342E-11	-7.4660E-11	6.9376E-07	-4.5422E-06
8.1925E-11	-7.3966E-11	2.2305E-07	-5.0959E-06
8.1510E-11	-7.3278E-11	4.8638E-07	-4.1158E-06
8.1097E-11	-7.2595E-11	1.2253E-06	-5.3379E-06
8.0684E-11	-7.1918E-11	3.1259E-07	-5.0999E-06
8.0274E-11	-7.1247E-11	1.0646E-06	-5.6523E-06
7.9864E-11	-7.0581E-11	-4.1467E-07	-5.7153E-06
7.9457E-11	-6.9921E-11	6.7507E-07	-4.8956E-06
7.9050E-11	-6.9266E-11	1.0079E-07	-6.4456E-06
7.8645E-11	-6.8617E-11	-9.4834E-07	-5.0864E-06
7.8242E-11	-6.7973E-11	3.8999E-07	-5.0072E-06
7.7840E-11	-6.7334E-11	-3.9024E-07	-6.0765E-06
7.7439E-11	-6.6701E-11	-1.1524E-06	-5.0302E-06
7.7040E-11	-6.6073E-11	-6.1523E-07	-4.6771E-06
7.6642E-11	-6.5450E-11	-6.1301E-07	-4.4057E-06
7.6246E-11	-6.4832E-11	7.6450E-08	-4.2202E-06
7.5851E-11	-6.4219E-11	4.4830E-07	-4.9870E-06
7.5458E-11	-6.3612E-11	-6.3218E-07	-5.4089E-06
7.5066E-11	-6.3010E-11	-4.9569E-07	-3.9010E-06
7.4676E-11	-6.2412E-11	7.1211E-07	-4.9743E-06
7.4287E-11	-6.1820E-11	-5.8928E-07	-5.0804E-06
7.3900E-11	-6.1232E-11	1.0951E-07	-4.5897E-06
7.3514E-11	-6.0650E-11	-2.3366E-08	-5.1615E-06
7.3129E-11	-6.0072E-11	-3.6916E-07	-5.5827E-06
7.2746E-11	-5.9499E-11	-1.6199E-06	-4.6953E-06
7.2365E-11	-5.8931E-11	-5.6587E-08	-3.7245E-06
7.1984E-11	-5.8368E-11	-5.3001E-08	-4.9368E-06
7.1606E-11	-5.7810E-11	-1.1789E-07	-4.8163E-06
7.1229E-11	-5.7256E-11	-7.9141E-07	-5.3140E-06
7.0853E-11	-5.6707E-11	-6.9826E-07	-4.3971E-06
7.0479E-11	-5.6162E-11	-5.9160E-07	-5.3640E-06
7.0106E-11	-5.5622E-11	-1.7996E-06	-4.8780E-06
6.9734E-11	-5.5087E-11	-1.7584E-06	-4.0045E-06
6.9365E-11	-5.4556E-11	-1.4325E-06	-3.5824E-06
6.8996E-11	-5.4029E-11	-1.5540E-06	-3.0621E-06
6.8629E-11	-5.3507E-11	8.1857E-08	-2.2474E-06
6.8264E-11	-5.2990E-11	3.5296E-07	-4.4514E-06
6.7900E-11	-5.2477E-11	-1.0745E-06	-3.4345E-06
6.7537E-11	-5.1968E-11	1.9451E-07	-3.6050E-06
6.7176E-11	-5.1463E-11	-9.5402E-07	-3.7945E-06
6.6816E-11	-5.0963E-11	-4.5472E-07	-2.8253E-06
6.6458E-11	-5.0467E-11	8.9885E-08	-2.4933E-06
6.6101E-11	-4.9975E-11	1.6023E-06	-3.0711E-06
6.5746E-11	-4.9487E-11	1.2710E-06	-4.4373E-06
6.5392E-11	-4.9004E-11	1.1030E-06	-5.4546E-06
6.5039E-11	-4.8525E-11	-1.4217E-06	-5.8994E-06
6.4688E-11	-4.8049E-11	-1.3748E-06	-3.4770E-06
6.4339E-11	-4.7578E-11	-6.3420E-07	-4.0537E-06
6.3991E-11	-4.7111E-11	-1.0921E-06	-3.4840E-06
6.3644E-11	-4.6648E-11	-6.3069E-07	-3.1341E-06
6.3299E-11	-4.6188E-11	1.4260E-07	-3.2745E-06
6.2955E-11	-4.5733E-11	-6.4951E-07	-4.2478E-06
6.2613E-11	-4.5282E-11	-8.9714E-07	-2.7376E-06
6.2272E-11	-4.4834E-11	3.1616E-08	-3.2857E-06
6.1932E-11	-4.4390E-11	-9.5049E-08	-3.0615E-06
6.1594E-11	-4.3950E-11	-7.1747E-09	-4.1502E-06
6.1257E-11	-4.3514E-11	-1.3752E-06	-2.8325E-06
6.0922E-11	-4.3082E-11	6.2060E-07	-2.6388E-06
6.0588E-11	-4.2653E-11	-3.5397E-07	-3.6203E-06
6.0256E-11	-4.2228E-11	-3.2113E-09	-2.7899E-06
5.9925E-11	-4.1807E-11	-3.6982E-08	-3.3206E-06
5.9596E-11	-4.1389E-11	-4.4501E-08	-3.1163E-06
5.9268E-11	-4.0975E-11	-5.8063E-07	-3.0937E-06
5.8941E-11	-4.0565E-11	3.8197E-08	-1.9876E-06
5.8616E-11	-4.0158E-11	6.9582E-07	-2.8947E-06
5.8292E-11	-3.9754E-11	3.2762E-08	-2.3992E-06
5.7969E-11	-3.9354E-11	1.3911E-06	-1.8542E-06
5.7648E-11	-3.8958E-11	2.3114E-06	-3.0933E-06
5.7328E-11	-3.8565E-11	1.9451E-06	-4.4338E-06
5.7010E-11	-3.8175E-11	6.9945E-07	-4.6704E-06
5.6693E-11	-3.7789E-11	9.8632E-07	-4.0200E-06
5.6378E-11	-3.7406E-11	1.0027E-06	-5.6311E-06
5.6064E-11	-3.7027E-11	-1.5081E-06	-5.3548E-06
5.5751E-11	-3.6650E-11	-1.2259E-06	-3.0262E-06
5.5440E-11	-3.6277E-11	4.4799E-07	-3.4535E-06
5.5130E-11	-3.5908E-11	-5.6003E-07	-4.8096E-06
5.4821E-11	-3.5541E-11	-1.7986E-06	-3.1037E-06
5.4514E-11	-3.5178E-11	2.8317E-08	-2.3492E-06
5.4208E-11	-3.4818E-11	8.7967E-08	-3.4857E-06
5.3904E-11	-3.4461E-11	-9.6632E-08	-3.3001E-06
5.3601E-11	-3.4107E-11	-1.2900E-07	-3.6817E-06
5.3299E-11	-3.3756E-11	-6.6447E-07	-3.6289E-06
5.2999E-11	-3.3409E-11	-9.7221E-07	-3.0092E-06
5.2700E-11	-3.3064E-11	-3.1457E-07	-2.5328E-06
5.2402E-11	-3.2723E-11	-6.7645E-08	-2.9314E-06
5.2106E-11	-3.2384E-11	-5.4315E-08	-3.2205E-06
5.1811E-11	-3.2049E-11	-1.0272E-06	-3.2110E-06
5.1518E-11	-3.1716E-11	-4.3027E-07	-1.7803E-06
5.1226E-11	-3.1387E-11	2.4117E-07	-2.6970E-06
5.0935E-11	-3.1060E-11	9.0736E-08	-1.9119E-06
5.0645E-11	-3.0736E-11	1.4781E-06	-3.0854E-06
5.0357E-11	-3.0415E-11	-5.6770E-08	-3.6779E-06
5.0070E-11	-3.0097E-11	4.9168E-07	-3.3812E-06
4.9785E-11	-2.9782E-11	-9.5499E-07	-4.3567E-06
4.9500E-11	-2.9469E-11	-1.7403E-06	-2.0684E-06
4.9218E-11	-2.9159E-11	3.3767E-07	-1.6067E-06
4.8936E-11	-2.8852E-11	3.7040E-07	-3.0600E-06
4.8656E-11	-2.8548E-11	-2.1830E-07	-2.7593E-06
4.8377E-11	-2.8247E-11	-4.4171E-07	-3.2645E-06
4.8099E-11	-2.7948E-11	-1.4742E-06	-1.7180E-06
4.7823E-11	-2.7652E-11	4.6345E-07	-1.4484E-06
4.7548E-11	-2.7358E-11	-3.5728E-07	-1.5645E-06
4.7274E-11	-2.7067E-11	1.9804E-06	-1.0586E-06
4.7002E-11	-2.6779E-11	9.4698E-07	-3.6815E-06
4.6731E-11	-2.6493E-11	2.8478E-07	-1.9463E-06
4.6461E-11	-2.6210E-11	1.1243E-06	-2.7050E-06
4.6192E-11	-2.5929E-11	9.3802E-07	-2.7535E-06
4.5925E-11	-2.5651E-11	3.7805E-07	-3.3155E-06
4.5659E-11	-2.5376E-11	5.9297E-07	-2.2730E-06
4.5394E-11	-2.5103E-11	7.7617E-07	-3.4174E-06
4.5131E-11	-2.4832E-11	5.3457E-07	-2.7424E-06
4.4869E-11	-2.4564E-11	2.6448E-07	-4.2412E-06
4.4608E-11	-2.4298E-11	-1.3430E-06	-2.3644E-06
4.4348E-11	-2.4035E-11	2.5985E-07	-2.1859E-06
4.4090E-11	-2.3774E-11	-1.7539E-07	-1.8773E-06
4.3832E-11	-2.3515E-11	9.2736E-07	-2.2677E-06
4.3576E-11	-2.3259E-11	2.0570E-07	-2.1586E-06
4.3322E-11	-2.3005E-11	1.3127E-06	-2.6065E-06
4.3068E-11	-2.2753E-11	-2.0457E-07	-2.8361E-06
4.2816E-11	-2.2504E-11	1.1039E-06	-1.8557E-06
4.2565E-11	-2.2257E-11	7.4014E-07	-3.6036E-06
4.2315E-11	-2.2012E-11	-4.9462E-07	-2.5663E-06
4.2067E-11	-2.1769E-11	4.5973E-07	-1.8384E-06
4.1820E-11	-2.1529E-11	7.4948E-07	-2.5501E-06
4.1574E-11	-2.1291E-11	3.9812E-07	-2.3204E-06
4.1329E-11	-2.1055E-11	7.1520E-07	-2.3177E-06
4.1085E-11	-2.0821E-11	1.0804E-06	-2.1725E-06
4.0843E-11	-2.0589E-11	1.3471E-06	-3.5317E-06
4.0601E-11	-2.0360E-11	-2.6475E-07	-3.2642E-06
4.0361E-11	-2.0132E-11	8.9511E-08	-2.7373E-06
4.0122E-11	-1.9907E-11	-3.4151E-07	-2.1390E-06
3.9885E-11	-1.9683E-11	9.5865E-07	-2.2334E-06
3.9648E-11	-1.9462E-11	-1.7374E-07	-2.7719E-06
3.9413E-11	-1.9243E-11	6.1174E-07	-1.8431E-06
3.9179E-11	-1.9026E-11	2.5294E-07	-2.9770E-06
3.8946E-11	-1.8811E-11	-4.0271E-07	-1.7120E-06
3.8714E-11	-1.8597E-11	1.0342E-06	-1.3958E-06
3.8484E-11	-1.8386E-11	8.5014E-07	-2.9324E-06
3.8254E-11	-1.8177E-11	-5.2264E-07	-1.3574E-06
3.8026E-11	-1.7970E-11	2.3630E-06	-1.1083E-06
3.7799E-11	-1.7764E-11	1.3134E-06	-3.5291E-06
3.7573E-11	-1.7561E-11	7.1627E-07	-2.7711E-06
3.7348E-11	-1.7359E-11	-4.0852E-07	-3.1592E-06
3.7124E-11	-1.7159E-11	-2.0705E-07	-6.9471E-07
3.6902E-11	-1.6962E-11	1.6544E-06	-1.5089E-06
3.6680E-11	-1.6766E-11	1.2835E-06	-1.8095E-06
3.6460E-11	-1.6571E-11	1.9170E-06	-1.9864E-06
3.6241E-11	-1.6379E-11	2.0966E-06	-2.6955E-06
3.6023E-11	-1.6189E-11	1.6111E-06	-3.4438E-06
3.5806E-11	-1.6000E-11	1.1178E-06	-3.3288E-06
3.5590E-11	-1.5813E-11	7.7136E-07	-3.4730E-06
3.5375E-11	-1.5628E-11	7.2158E-07	-3.0991E-06
3.5161E-11	-1.5444E-11	3.6451E-07	-3.8108E-06
3.4949E-11	-1.5262E-11	-6.1546E-07	-2.4953E-06
3.4738E-11	-1.5082E-11	1.1489E-06	-2.4137E-06
3.4527E-11	-1.4904E-11	-2.8054E-07	-3.9537E-06
3.4318E-11	-1.4727E-11	-1.0957E-06	-1.5747E-06
3.4110E-11	-1.4552E-11	8.5389E-07	-1.7783E-06
3.3903E-11	-1.4379E-11	-1.1225E-07	-2.2340E-06
3.3697E-11	-1.4207E-11	5.2961E-07	-1.4072E-06
3.3492E-11	-1.4037E-11	6.2346E-07	-1.5447E-06
3.3288E-11	-1.3869E-11	1.9040E-06	-1.4669E-06
3.3085E-11	-1.3702E-11	1.3596E-06	-3.1347E-06
3.2884E-11	-1.3537E-11	8.6405E-07	-2.5101E-06
3.2683E-11	-1.3373E-11	1.7577E-07	-2.9201E-06
3.2483E-11	-1.3211E-11	7.4372E-07	-9.1101E-07
3.2285E-11	-1.3051E-11	2.1222E-06	-3.2610E-06
3.2087E-11	-1.2892E-11	-4.4532E-07	-2.4408E-06
3.1891E-11	-1.2734E-11	1.6767E-06	-1.5314E-06
3.1696E-11	-1.2578E-11	1.1997E-06	-2.7405E-06
3.1501E-11	-1.2424E-11	1.6842E-06	-2.7341E-06
3.1308E-11	-1.2271E-11	3.6848E-07	-3.6265E-06
3.1115E-11	-1.2119E-11	3.8841E-07	-2.1185E-06
3.0924E-11	-1.1969E-11	6.9579E-07	-2.7000E-06
3.0734E-11	-1.1820E-11	8.1685E-07	-2.0134E-06
3.0545E-11	-1.1673E-11	1.0653E-06	-3.1160E-06
3.0356E-11	-1.1528E-11	1.1023E-07	-2.1549E-06
3.0169E-11	-1.1383E-11	1.4903E-06	-2.3770E-06
2.9983E-11	-1.1240E-11	5.0672E-07	-2.9552E-06
2.9797E-11	-1.1099E-11	7.5022E-07	-2.4357E-06
2.9613E-11	-1.0959E-11	5.1795E-07	-2.2954E-06
2.9430E-11	-1.0820E-11	1.9054E-06	-2.3808E-06
2.9248E-11	-1.0682E-11	6.0244E-07	-4.5218E-06
2.9066E-11	-1.0546E-11	-1.3279E-06	-2.5417E-06
2.8886E-11	-1.0411E-11	1.9749E-07	-8.8289E-07
2.8707E-11	-1.0278E-11	2.1771E-06	-1.8672E-06
2.8528E-11	-1.0146E-11	8.8335E-07	-3.9988E-06
2.8351E-11	-1.0015E-11	-2.7341E-07	-2.2259E-06
2.8174E-11	-9.8855E-12	9.7735E-07	-2.6116E-06
2.7999E-11	-9.7572E-12	-4.5841E-08	-2.5901E-06
2.7824E-11	-9.6302E-12	7.3380E-07	-2.1262E-06
2.7651E-11	-9.5044E-12	6.6524E-07	-2.8839E-06
2.7478E-11	-9.3799E-12	-3.2563E-07	-3.1442E-06
2.7306E-11	-9.2566E-12	-1.0920E-06	-1.1595E-06
2.7135E-11	-9.1345E-12	1.7180E-06	-6.4476E-07
2.6965E-11	-9.0137E-12	1.4903E-06	-3.1919E-06
2.6797E-11	-8.8940E-12	-1.5277E-07	-2.5989E-06
2.6629E-11	-8.7756E-12	3.6482E-07	-1.5284E-06
2.6461E-11	-8.6583E-12	1.2233E-06	-2.1472E-06
2.6295E-11	-8.5421E-12	2.2189E-07	-2.5399E-06
2.6130E-11	-8.4272E-12	4.7583E-07	-1.4081E-06
2.5966E-11	-8.3134E-12	1.3209E-06	-1.7428E-06
2.5802E-11	-8.2007E-12	1.5826E-06	-2.3461E-06
2.5640E-11	-8.0892E-12	9.8332E-07	-3.0137E-06
2.5478E-11	-7.9787E-12	6.9161E-07	-2.6224E-06
2.5317E-11	-7.8694E-12	4.5751E-07	-2.9246E-06
2.5157E-11	-7.7612E-12	2.2589E-07	-2.2382E-06
2.4998E-11	-7.6541E-12	5.8117E-07	-2.7186E-06
2.4840E-11	-7.5481E-12	-4.8944E-07	-2.2468E-06
2.4683E-11	-7.4431E-12	5.1366E-07	-1.0831E-06
2.4527E-11	-7.3392E-12	1.6644E-06	-2.0625E-06
2.4371E-11	-7.2363E-12	8.6098E-07	-3.4827E-06
2.4217E-11	-7.1345E-12	-8.3484E-07	-2.6973E-06
2.4063E-11	-7.0338E-12	-4.7401E-08	-1.2957E-06
2.3910E-11	-6.9340E-12	4.3558E-07	-1.9477E-06
2.3758E-11	-6.8353E-12	-1.2675E-07	-1.5207E-06
2.3607E-11	-6.7376E-12	5.9255E-07	-7.2977E-07
2.3457E-11	-6.6409E-12	1.8615E-06	-1.2609E-06
2.3307E-11	-6.5451E-12	1.3221E-06	-2.7931E-06
2.3158E-11	-6.4504E-12	2.1448E-07	-1.8136E-06
2.3011E-11	-6.3566E-12	1.3799E-06	-1.7574E-06
2.2864E-11	-6.2638E-12	5.1297E-07	-2.1263E-06
2.2718E-11	-6.1720E-12	1.4835E-06	-1.2427E-06
2.2572E-11	-6.0811E-12	1.6492E-06	-2.7898E-06
2.2428E-11	-5.9911E-12	7.4993E-07	-2.5383E-06
2.2284E-11	-5.9021E-12	5.7631E-07	-2.4012E-06
2.2141E-11	-5.8140E-12	9.8573E-07	-1.7140E-06
2.1999E-11	-5.7268E-12	1.3401E-06	-2.9190E-06
2.1858E-11	-5.6405E-12	2.6106E-07	-2.4605E-06
2.1717E-11	-5.5551E-12	8.6284E-07	-2.6414E-06
2.1578E-11	-5.4706E-12	-3.3370E-07	-2.6163E-06
2.1439E-11	-5.3870E-12	-1.0204E-07	-1.6455E-06
2.1301E-11	-5.3043E-12	9.8140E-08	-1.0062E-06
2.1164E-11	-5.2224E-12	1.7523E-06	-1.1079E-06
2.1027E-11	-5.1414E-12	1.0235E-06	-2.7142E-06
2.0891E-11	-5.0613E-12	4.2062E-07	-1.5565E-06
2.0756E-11	-4.9819E-12	1.2568E-06	-1.9015E-06
2.0622E-11	-4.9035E-12	5.4908E-07	-1.9502E-06
2.0489E-11	-4.8258E-12	1.1859E-06	-1.2712E-06
2.0356E-11	-4.7490E-12	1.6823E-06	-2.0685E-06
2.0224E-11	-4.6730E-12	1.3625E-06	-2.3649E-06
2.0093E-11	-4.5978E-12	1.0148E-06	-2.6998E-06
1.9963E-11	-4.5234E-12	6.6099E-07	-1.9760E-06
1.9833E-11	-4.4498E-12	1.6463E-06	-2.4021E-06
1.9705E-11	-4.3770E-12	5.3281E-07	-3.2068E-06
1.9576E-11	-4.3049E-12	-5.0552E-08	-2.2958E-06
1.9449E-11	-4.2337E-12	1.4763E-07	-1.5325E-06
1.9322E-11	-4.1632E-12	1.0732E-06	-1.3231E-06
1.9197E-11	-4.0934E-12	1.4054E-06	-1.7656E-06
1.9071E-11	-4.0244E-12	1.7105E-06	-2.3929E-06
1.8947E-11	-3.9562E-12	9.0254E-07	-2.7971E-06
1.8823E-11	-3.8887E-12	9.8045E-07	-2.5267E-06
1.8700E-11	-3.8219E-12	4.2500E-07	-2.7178E-06
1.8578E-11	-3.7558E-12	7.2973E-07	-2.1168E-06
1.8456E-11	-3.6905E-12	6.1145E-07	-2.7459E-06
1.8336E-11	-3.6259E-12	2.0699E-07	-2.2319E-06
1.8215E-11	-3.5620E-12	4.6191E-07	-2.0574E-06
1.8096E-11	-3.4987E-12	6.8251E-07	-2.2021E-06
1.7977E-11	-3.4362E-12	2.7599E-07	-2.3085E-06
1.7859E-11	-3.3744E-12	4.5037E-07	-2.1207E-06
1.7742E-11	-3.3132E-12	-1.8582E-07	-2.0272E-06
1.7625E-11	-3.2527E-12	6.8009E-07	-1.2163E-06
1.7509E-11	-3.1929E-12	5.0351E-07	-2.1434E-06
1.7394E-11	-3.1337E-12	6.3565E-07	-1.2533E-06
1.7279E-11	-3.0752E-12	8.3304E-07	-2.1026E-06
1.7165E-11	-3.0174E-12	7.9469E-07	-1.4537E-06
1.7052E-11	-2.9602E-12	7.0424E-07	-2.6146E-06
1.6939E-11	-2.9036E-12	-2.1592E-07	-9.3625E-07
1.6828E-11	-2.8477E-12	1.6142E-06	-1.4089E-06
1.6716E-11	-2.7923E-12	4.2191E-07	-1.5232E-06
1.6606E-11	-2.7376E-12	1.9833E-06	-7.9635E-07
1.6496E-11	-2.6836E-12	2.2674E-06	-2.6181E-06
1.6386E-11	-2.6301E-12	9.2325E-07	-3.0903E-06
1.6278E-11	-2.5772E-12	5.0070E-07	-1.8880E-06
1.6170E-11	-2.5249E-12	1.7869E-06	-2.3229E-06
1.6062E-11	-2.4733E-12	5.0210E-07	-3.3035E-06
1.5956E-11	-2.4222E-12	2.4549E-07	-2.0634E-06
1.5849E-11	-2.3717E-12	8.4892E-07	-2.5891E-06
1.5744E-11	-2.3217E-12	-2.8047E-07	-2.7975E-06
1.5639E-11	-2.2724E-12	-5.8853E-07	-1.3900E-06
1.5535E-11	-2.2236E-12	8.1254E-07	-8.5688E-07
1.5431E-11	-2.1753E-12	1.1408E-06	-2.3789E-06
1.5328E-11	-2.1276E-12	-7.7870E-07	-1.6879E-06
1.5226E-11	-2.0805E-12	1.3432E-06	1.6736E-07
1.5124E-11	-2.0339E-12	2.0539E-06	-2.4834E-06
1.5023E-11	-1.9878E-12	5.3839E-07	-1.8673E-06
1.4923E-11	-1.9423E-12	1.1813E-06	-1.9414E-06
1.4823E-11	-1.8973E-12	9.5368E-07	-1.5190E-06
1.4724E-11	-1.8529E-12	1.8102E-06	-2.4853E-06
1.4625E-11	-1.8089E-12	2.6246E-07	-2.5407E-06
1.4527E-11	-1.7655E-12	8.9758E-07	-1.9451E-06
1.4429E-11	-1.7225E-12	2.5657E-07	-2.1427E-06
1.4332E-11	-1.6801E-12	8.4303E-07	-1.1561E-06
1.4236E-11	-1.6382E-12	1.8098E-06	-1.8924E-06
1.4140E-11	-1.5968E-12	1.1668E-06	-3.1983E-06
1.4045E-11	-1.5559E-12	-2.2393E-07	-2.1907E-06
1.3950E-11	-1.5154E-12	1.2373E-06	-1.7275E-06
1.3856E-11	-1.4754E-12	3.8892E-07	-3.0841E-06
1.3763E-11	-1.4359E-12	-5.4210E-07	-1.6577E-06
1.3670E-11	-1.3969E-12	6.3577E-07	-9.9945E-07
1.3578E-11	-1.3584E-12	1.0151E-06	-1.6264E-06
1.3486E-11	-1.3203E-12	1.0577E-06	-1.6380E-06
1.3395E-11	-1.2827E-12	9.4449E-07	-2.1790E-06
1.3304E-11	-1.2455E-12	8.0501E-07	-1.4286E-06
1.3214E-11	-1.2088E-12	1.6604E-06	-2.4965E-06
1.3124E-11	-1.1725E-12	6.8616E-08	-2.3176E-06
1.3035E-11	-1.1367E-12	1.3543E-06	-1.8314E-06
1.2947E-11	-1.1013E-12	2.7306E-07	-3.1245E-06
1.2859E-11	-1.0663E-12	-4.2734E-07	-1.6636E-06
1.2772E-11	-1.0318E-12	3.3403E-07	-1.0563E-06
1.2685E-11	-9.9764E-13	1.2100E-06	-1.1710E-06
1.2598E-11	-9.6395E-13	1.4847E-06	-1.9539E-06
1.2513E-11	-9.3068E-13	9.3133E-07	-2.7409E-06
1.2427E-11	-8.9782E-13	-1.0069E-07	-2.0467E-06
1.2343E-11	-8.6536E-13	5.7086E-07	-1.4693E-06
1.2259E-11	-8.3332E-13	8.0883E-07	-1.3778E-06
1.2175E-11	-8.0167E-13	1.5393E-06	-2.1962E-06
1.2092E-11	-7.7042E-13	2.3327E-07	-2.4449E-06
1.2009E-11	-7.3956E-13	7.2062E-07	-2.1384E-06
1.1927E-11	-7.0909E-13	-6.3902E-07	-2.2087E-06
1.1845E-11	-6.7901E-13	1.9199E-07	-4.8535E-07
1.1764E-11	-6.4931E-13	1.0951E-06	-9.6467E-07
1.1684E-11	-6.1999E-13	1.8312E-06	-1.8001E-06
1.1603E-11	-5.9104E-13	-6.7769E-09	-2.4673E-06
1.1524E-11	-5.6246E-13	9.8984E-07	-4.6302E-07
1.1445E-11	-5.3425E-13	1.4509E-06	-2.5307E-06
1.1366E-11	-5.0641E-13	1.7955E-07	-1.3766E-06
1.1288E-11	-4.7892E-13	1.4435E-06	-1.4257E-06
1.1210E-11	-4.5179E-13	1.0464E-06	-1.7993E-06
1.1133E-11	-4.2501E-13	1.3950E-06	-1.6597E-06
1.1056E-11	-3.9858E-13	1.5111E-06	-2.3796E-06
1.0980E-11	-3.7250E-13	6.1422E-07	-2.5307E-06
1.0904E-11	-3.4676E-13	6.0865E-07	-1.8411E-06
1.0829E-11	-3.2136E-13	9.4564E-07	-1.6802E-06
1.0754E-11	-2.9629E-13	1.6003E-06	-2.1777E-06
1.0680E-11	-2.7156E-13	7.5128E-07	-2.8209E-06
1.0606E-11	-2.4715E-13	7.5850E-07	-2.5244E-06
1.0533E-11	-2.2307E-13	-1.2231E-07	-2.7663E-06
1.0460E-11	-1.9932E-13	1.2570E-07	-1.8085E-06
1.0387E-11	-1.7588E-13	-2.9378E-07	-2.0962E-06
1.0315E-11	-1.5276E-13	3.5461E-07	-7.5594E-07
1.0244E-11	-1.2995E-13	9.2075E-07	-2.0789E-06
1.0173E-11	-1.0745E-13	4.6979E-08	-1.4351E-06
1.0102E-11	-8.5262E-14	9.4137E-07	-1.1311E-06
1.0032E-11	-6.3374E-14	1.4705E-06	-1.9606E-06
9.9619E-12	-4.1787E-14	1.0766E-07	-2.6409E-06
9.8926E-12	-2.0498E-14	1.9999E-07	-1.0095E-06
9.8237E-12	4.9732E-16	8.6661E-07	-1.7849E-06
9.7552E-12	2.1201E-14	6.1056E-07	-1.3541E-06
9.6872E-12	4.1616E-14	7.0404E-07	-1.8502E-06
9.6196E-12	6.1745E-14	7.2468E-07	-7.6016E-07
9.5524E-12	8.1591E-14	2.1186E-06	-2.0052E-06
9.4857E-12	1.0116E-13	6.2369E-07	-2.6638E-06
9.4194E-12	1.2045E-13	6.1119E-07	-2.0626E-06
9.3535E-12	1.3946E-13	3.0589E-07	-2.3464E-06
9.2880E-12	1.5821E-13	-4.4440E-07	-1.5302E-06
9.2229E-12	1.7668E-13	6.9715E-07	-4.1228E-07
9.1583E-12	1.9489E-13	1.4772E-06	-1.1659E-06
9.0940E-12	2.1284E-13	2.3080E-06	-1.4400E-06
9.0302E-12	2.3052E-13	1.8464E-06	-3.8962E-06
8.9668E-12	2.4795E-13	-6.7670E-07	-3.1583E-06
8.9038E-12	2.6512E-13	-7.3624E-07	-1.7573E-06
8.8411E-12	2.8204E-13	2.5663E-08	-3.6725E-07
8.7789E-12	2.9871E-13	1.6268E-06	-1.2633E-06
8.7171E-12	3.1514E-13	9.5798E-07	-1.7982E-06
8.6557E-12	3.3131E-13	1.2973E-06	-1.9254E-06
8.5947E-12	3.4725E-13	8.3297E-07	-2.1947E-06
8.5340E-12	3.6295E-13	9.2913E-07	-2.0851E-06
8.4738E-12	3.7840E-13	9.0805E-07	-2.3700E-06
8.4139E-12	3.9363E-13	4.1157E-07	-2.6832E-06
8.3545E-12	4.0862E-13	8.5795E-08	-2.1540E-06
8.2954E-12	4.2338E-13	4.0326E-09	-2.2913E-06
8.2367E-12	4.3792E-13	-3.1415E-07	-1.4638E-06
8.1783E-12	4.5223E-13	4.4801E-07	-1.3641E-06
8.1204E-12	4.6631E-13	5.7320E-07	-1.6038E-06
8.0628E-12	4.8018E-13	1.5185E-07	-1.8280E-06
8.0056E-12	4.9383E-13	6.3091E-07	-7.1090E-07
7.9488E-12	5.0726E-13	1.6219E-06	-2.3749E-06
7.8923E-12	5.2048E-13	-2.9304E-07	-2.3535E-06
7.8362E-12	5.3349E-13	2.1103E-07	-1.2509E-06
7.7805E-12	5.4629E-13	9.4769E-07	-1.2924E-06
7.7251E-12	5.5888E-13	1.1041E-06	-2.6727E-06
7.6701E-12	5.7127E-13	-5.6974E-07	-2.3012E-06
7.6154E-12	5.8346E-13	-1.5132E-07	-1.5361E-06
7.5611E-12	5.9544E-13	-3.2529E-07	-9.4759E-07
7.5072E-12	6.0723E-13	9.8206E-07	-9.6163E-07
7.4536E-12	6.1882E-13	4.1449E-07	-1.6209E-06
7.4003E-12	6.3022E-13	7.7424E-07	-1.3496E-06
7.3474E-12	6.4143E-13	2.8133E-07	-1.7067E-06
7.2948E-12	6.5244E-13	5.7112E-07	-1.1388E-06
7.2426E-12	6.6327E-13	5.1945E-07	-1.4551E-06
7.1908E-12	6.7392E-13	8.8302E-07	-1.0251E-06
7.1392E-12	6.8438E-13	1.0826E-06	-1.8166E-06
7.0880E-12	6.9466E-13	5.5082E-07	-1.5995E-06
7.0372E-12	7.0475E-13	9.9826E-07	-1.5843E-06
6.9866E-12	7.1468E-13	7.1282E-07	-2.0171E-06
6.9364E-12	7.2442E-13	4.7579E-07	-1.7387E-06
6.8866E-12	7.3399E-13	6.6934E-07	-1.6536E-06
6.8370E-12	7.4339E-13	8.1619E-07	-2.1222E-06
6.7878E-12	7.5263E-13	-3.7622E-07	-2.2203E-06
6.7389E-12	7.6169E-13	2.3374E-08	-6.4368E-07
6.6903E-12	7.7058E-13	8.4592E-07	-1.4219E-06
6.6421E-12	7.7932E-13	6.3744E-07	-9.6613E-07
6.5941E-12	7.8788E-13	1.4793E-06	-1.7371E-06
6.5465E-12	7.9629E-13	7.7916E-07	-2.0013E-06
6.4992E-12	8.0454E-13	7.1389E-07	-2.4444E-06
6.4522E-12	8.1263E-13	-2.7695E-07	-1.8329E-06
6.4055E-12	8.2057E-13	3.1038E-07	-1.5575E-06
6.3592E-12	8.2835E-13	6.8868E-08	-9.7840E-07
6.3131E-12	8.3599E-13	1.4785E-06	-1.4603E-06
6.2673E-12	8.4347E-13	2.6376E-07	-2.2020E-06
6.2219E-12	8.5080E-13	4.6102E-07	-1.5789E-06
6.1767E-12	8.5798E-13	1.8147E-07	-1.2702E-06
6.1319E-12	8.6502E-13	1.8878E-06	-1.5489E-06
6.0873E-12	8.7192E-13	1.8096E-08	-3.6577E-06
6.0431E-12	8.7867E-13	-1.2006E-06	-1.1910E-06
5.9991E-12	8.8529E-13	2.2999E-07	-6.4638E-07
5.9554E-12	8.9176E-13	1.2739E-06	-7.4478E-07
5.9120E-12	8.9810E-13	1.6199E-06	-2.8310E-06
5.8689E-12	9.0430E-13	-1.0724E-06	-2.8599E-06
5.8261E-12	9.1037E-13	-5.7495E-07	-2.7373E-07
5.7836E-12	9.1631E-13	1.4241E-06	-1.2311E-06
5.7414E-12	9.2211E-13	3.1221E-07	-2.5606E-06
5.6994E-12	9.2779E-13	-6.6926E-07	-1.7482E-06
5.6577E-12	9.3334E-13	-3.4332E-07	-7.9526E-07
5.6163E-12	9.3876E-13	4.7063E-07	-7.5265E-07
5.5752E-12	9.4405E-13	8.6960E-07	-1.2367E-06
5.5344E-12	9.4922E-13	4.1404E-07	-2.0315E-06
5.4938E-12	9.5427E-13	-4.6388E-07	-1.2211E-06
5.4535E-12	9.5920E-13	4.0430E-07	-6.1061E-07
5.4135E-12	9.6401E-13	9.7026E-07	-1.0123E-06
5.3737E-12	9.6871E-13	8.0157E-07	-1.8310E-06
5.3342E-12	9.7328E-13	2.5353E-07	-1.3711E-06
5.2950E-12	9.7774E-13	5.7889E-07	-1.7144E-06
5.2560E-12	9.8209E-13	1.3263E-07	-1.0260E-06
5.2173E-12	9.8632E-13	1.4409E-06	-2.0298E-06
5.1789E-12	9.9045E-13	-9.4918E-07	-2.4931E-06
5.1407E-12	9.9446E-13	-2.0208E-07	-6.7587E-07
5.1028E-12	9.9836E-13	-2.6146E-07	-1.3957E-06
5.0651E-12	1.0022E-12	-1.8389E-07	-1.9347E-07
5.0277E-12	1.0059E-12	1.0976E-06	-3.6186E-07
4.9905E-12	1.0094E-12	1.3067E-06	-1.7588E-06
4.9536E-12	1.0129E-12	-1.2466E-07	-1.5126E-06
4.9169E-12	1.0163E-12	9.8511E-07	-1.2131E-06
4.8805E-12	1.0196E-12	-3.7136E-07	-1.8932E-06
4.8444E-12	1.0228E-12	5.0962E-07	-4.3039E-07
4.8085E-12	1.0259E-12	3.7355E-07	-1.9129E-06
4.7728E-12	1.0288E-12	-1.3619E-07	-7.0182E-07
4.7373E-12	1.0317E-12	5.5209E-07	-9.7390E-07
4.7022E-12	1.0345E-12	6.5662E-07	-1.0892E-06
4.6672E-12	1.0372E-12	5.6715E-08	-1.3724E-06
4.6325E-12	1.0398E-12	6.9291E-07	-5.3886E-07
4.5980E-12	1.0424E-12	4.1143E-07	-1.7525E-06
4.5638E-12	1.0448E-12	2.0913E-07	-4.4857E-07
4.5298E-12	1.0471E-12	7.9664E-07	-1.5229E-06
4.4960E-12	1.0494E-12	-6.1711E-08	-7.0674E-07
4.4624E-12	1.0515E-12	7.9883E-07	-8.2409E-07
4.4291E-12	1.0536E-12	8.0785E-07	-6.7817E-07
4.3960E-12	1.0556E-12	1.0694E-06	-1.7715E-06
4.3632E-12	1.0575E-12	-3.9621E-07	-9.8326E-07
4.3305E-12	1.0593E-12	1.0234E-06	-1.4803E-07
4.2981E-12	1.0611E-12	1.4852E-06	-1.1725E-06
4.2659E-12	1.0627E-12	7.6633E-07	-1.8802E-06
4.2340E-12	1.0643E-12	1.5630E-07	-8.1303E-07
4.2022E-12	1.0658E-12	1.2458E-06	-7.8596E-07
4.1707E-12	1.0673E-12	1.4131E-06	-9.0887E-07
4.1394E-12	1.0686E-12	2.3819E-06	-2.3342E-06
4.1083E-12	1.0699E-12	-3.3630E-08	-3.5276E-06
4.0774E-12	1.0711E-12	-7.9253E-07	-1.5553E-06
4.0467E-12	1.0722E-12	-4.6657E-08	-1.2794E-06
4.0162E-12	1.0733E-12	-2.7333E-07	-1.2190E-06
3.9860E-12	1.0743E-12	7.0700E-08	-5.3156E-07
3.9559E-12	1.0752E-12	5.2669E-07	-1.0263E-06
3.9261E-12	1.0760E-12	3.3742E-07	-4.0146E-07
3.8965E-12	1.0768E-12	1.6934E-06	-1.2889E-06
3.8670E-12	1.0775E-12	-6.7118E-08	-1.8739E-06
3.8378E-12	1.0782E-12	8.7000E-07	-7.8935E-07
3.8088E-12	1.0787E-12	1.3305E-07	-2.0994E-06
3.7800E-12	1.0792E-12	9.5838E-08	-4.1290E-07
3.7514E-12	1.0797E-12	8.2661E-07	-1.7460E-06
3.7229E-12	1.0801E-12	-5.9489E-07	-9.4167E-07
3.6947E-12	1.0804E-12	5.1226E-07	-1.2043E-07
3.6667E-12	1.0807E-12	1.4576E-06	-4.2810E-07
3.6389E-12	1.0808E-12	1.4046E-06	-2.2162E-06
3.6112E-12	1.0810E-12	-5.5231E-07	-1.1973E-06
3.5838E-12	1.0811E-12	1.4411E-06	-3.4625E-07
3.5565E-12	1.0811E-12	1.1251E-06	-2.0608E-06
3.5294E-12	1.0810E-12	4.4767E-07	-1.8554E-06
3.5026E-12	1.0810E-12	-2.7503E-07	-1.5257E-06
3.4759E-12	1.0808E-12	6.6285E-07	-6.1862E-07
3.4494E-12	1.0806E-12	6.8656E-07	-1.8864E-06
3.4231E-12	1.0803E-12	1.8297E-07	-1.4206E-06
3.3969E-12	1.0800E-12	-3.7729E-07	-1.8608E-06
3.3710E-12	1.0797E-12	-5.5069E-07	2.4000E-07
3.3452E-12	1.0792E-12	1.6553E-06	-8.6326E-07
3.3196E-12	1.0788E-12	-3.2937E-08	-1.4403E-06
3.2942E-12	1.0782E-12	9.2914E-07	-8.4182E-07
3.2690E-12	1.0777E-12	-1.5831E-07	-1.6131E-06
3.2439E-12	1.0771E-12	4.3254E-07	-2.4668E-08
3.2190E-12	1.0764E-12	1.0888E-06	-1.2534E-06
3.1943E-12	1.0757E-12	7.0814E-07	-9.8390E-07
3.1698E-12	1.0749E-12	7.8860E-07	-1.7244E-06
3.1454E-12	1.0741E-12	1.2717E-07	-1.1400E-06
3.1213E-12	1.0732E-12	4.7956E-07	-1.5938E-06
3.0972E-12	1.0723E-12	-6.2851E-07	-6.5670E-07
3.0734E-12	1.0714E-12	1.3491E-06	-2.6422E-07
3.0497E-12	1.0704E-12	3.8948E-07	-1.9080E-06
3.0262E-12	1.0694E-12	7.7217E-08	-3.9833E-07
3.0029E-12	1.0683E-12	7.8890E-07	-1.0812E-06
2.9797E-12	1.0672E-12	2.6232E-07	-4.3857E-07
2.9567E-12	1.0660E-12	1.6322E-06	-8.8878E-07
2.9338E-12	1.0648E-12	2.4866E-07	-1.9389E-06
2.9111E-12	1.0636E-12	-2.0433E-09	-2.0845E-07
2.8886E-12	1.0623E-12	1.4896E-06	-4.6012E-07
2.8662E-12	1.0610E-12	1.2012E-06	-1.3347E-06
2.8440E-12	1.0596E-12	1.1742E-06	-1.1499E-06
2.8220E-12	1.0583E-12	1.1746E-06	-1.9456E-06
2.8001E-12	1.0568E-12	1.3291E-07	-1.3857E-06
2.7783E-12	1.0554E-12	1.4118E-06	-1.0482E-06
2.7567E-12	1.0539E-12	6.8833E-07	-2.2336E-06
2.7353E-12	1.0523E-12	8.0938E-07	-1.3708E-06
2.7140E-12	1.0508E-12	5.0983E-07	-2.8169E-06
2.6929E-12	1.0492E-12	-8.4110E-07	-1.3488E-06
2.6719E-12	1.0475E-12	4.6733E-07	-1.1080E-06
2.6511E-12	1.0459E-12	2.6636E-07	-1.5540E-06
2.6304E-12	1.0442E-12	-3.4352E-07	-1.8767E-06
2.6099E-12	1.0424E-12	-5.5555E-07	-1.2623E-08
2.5895E-12	1.0407E-12	1.6916E-06	-1.3496E-06
2.5692E-12	1.0389E-12	-1.0853E-06	-2.0488E-06
2.5491E-12	1.0370E-12	1.0824E-07	4.5576E-07
2.5292E-12	1.0352E-12	1.4475E-06	-1.0041E-06
2.5094E-12	1.0333E-12	9.8600E-07	-2.1189E-06
2.4897E-12	1.0314E-12	-7.8901E-07	-2.2448E-06
2.4702E-12	1.0294E-12	-8.6053E-07	-4.9667E-07
2.4508E-12	1.0275E-12	-1.6512E-07	-2.7210E-08
2.4315E-12	1.0255E-12	1.1671E-06	1.0922E-07
2.4124E-12	1.0235E-12	1.4302E-06	-1.2524E-06
2.3935E-12	1.0214E-12	1.1116E-06	-1.9010E-06
2.3746E-12	1.0193E-12	-4.7804E-07	-2.1570E-06
2.3559E-12	1.0172E-12	1.4334E-07	-3.9878E-07
2.3374E-12	1.0151E-12	4.1866E-07	-2.2182E-06
2.3189E-12	1.0130E-12	-1.3842E-06	-5.5952E-07
2.3006E-12	1.0108E-12	9.1550E-07	2.1490E-07
2.2825E-12	1.0086E-12	9.8828E-07	-1.3377E-06
2.2644E-12	1.0064E-12	3.8004E-07	-1.5331E-06
2.2465E-12	1.0041E-12	-6.1467E-08	-1.3924E-06
2.2288E-12	1.0019E-12	-1.6751E-07	-1.2605E-06
2.2111E-12	9.9960E-13	-7.9090E-07	-8.6747E-07
2.1936E-12	9.9729E-13	-2.2041E-07	3.4835E-07
2.1762E-12	9.9497E-13	9.1513E-07	-9.9529E-08
2.1590E-12	9.9262E-13	8.7093E-07	-5.5543E-07
2.1418E-12	9.9025E-13	9.7710E-07	-9.5368E-07
2.1248E-12	9.8786E-13	5.2154E-07	-9.3343E-07
2.1079E-12	9.8546E-13	9.1319E-07	-9.8368E-07
2.0911E-12	9.8303E-13	3.2489E-07	-1.0942E-06
2.0745E-12	9.8059E-13	1.0397E-06	-5.9890E-07
2.0580E-12	9.7813E-13	1.1263E-06	-1.5872E-06
2.0416E-12	9.7565E-13	7.9650E-07	-1.9152E-06
2.0253E-12	9.7315E-13	-4.0149E-07	-2.2220E-06
2.0091E-12	9.7064E-13	-6.0287E-07	-7.7222E-07
1.9931E-12	9.6811E-13	-1.1759E-07	-8.0786E-07
1.9771E-12	9.6556E-13	2.1276E-07	-1.8052E-07
1.9613E-12	9.6300E-13	9.4224E-07	-1.0252E-06
1.9456E-12	9.6042E-13	2.5578E-07	-1.2005E-06
1.9300E-12	9.5783E-13	2.5874E-07	-1.1873E-06
1.9146E-12	9.5522E-13	-2.1682E-07	-8.3949E-07
1.8992E-12	9.5260E-13	5.0622E-07	-1.8693E-07
1.8840E-12	9.4997E-13	1.2249E-06	-1.1493E-06
1.8688E-12	9.4732E-13	1.6206E-07	-1.6457E-06
1.8538E-12	9.4465E-13	2.5477E-07	-9.3366E-07
1.8389E-12	9.4198E-13	2.3263E-07	-1.4162E-06
1.8241E-12	9.3929E-13	-1.1146E-07	-1.1471E-06
1.8094E-12	9.3659E-13	-4.7222E-07	-8.2430E-07
1.7948E-12	9.3387E-13	4.0331E-07	4.2413E-08
1.7803E-12	9.3115E-13	7.8594E-07	-1.1263E-06
1.7660E-12	9.2841E-13	3.9217E-07	-8.7411E-07
1.7517E-12	9.2566E-13	2.6700E-07	-1.4653E-06
1.7375E-12	9.2290E-13	-1.9388E-07	-6.3567E-07
1.7235E-12	9.2014E-13	1.0256E-07	-9.8159E-07
1.7095E-12	9.1736E-13	-2.2523E-07	2.6162E-07
1.6957E-12	9.1457E-13	1.7346E-06	-2.7559E-07
1.6819E-12	9.1177E-13	8.7780E-07	-1.4807E-06
1.6683E-12	9.0896E-13	6.5202E-07	-1.1464E-06
1.6548E-12	9.0614E-13	8.5955E-07	-1.2158E-06
1.6413E-12	9.0331E-13	6.1831E-07	-2.1262E-06
1.6280E-12	9.0047E-13	-6.4828E-07	-1.3476E-06
1.6147E-12	8.9763E-13	4.5008E-07	-6.9778E-07
1.6016E-12	8.9478E-13	6.0775E-07	-1.4608E-06
1.5885E-12	8.9192E-13	2.9414E-07	-2.1780E-06
1.5756E-12	8.8905E-13	-1.2215E-06	-1.9785E-06
1.5627E-12	8.8618E-13	-1.1441E-06	-6.1897E-07
1.5500E-12	8.8329E-13	-7.3059E-07	-4.0044E-07
1.5373E-12	8.8040E-13	-5.5447E-07	-6.4539E-09
1.5247E-12	8.7751E-13	1.4474E-07	3.3355E-07
1.5123E-12	8.7461E-13	8.3054E-07	-2.4440E-07
1.4999E-12	8.7170E-13	7.8937E-07	-8.9262E-07
1.4876E-12	8.6879E-13	-6.9822E-08	-1.4479E-06
1.4754E-12	8.6587E-13	-5.8961E-07	-1.5693E-08
1.4633E-12	8.6294E-13	9.1083E-07	-7.9658E-08
1.4513E-12	8.6001E-13	6.7100E-07	-8.9622E-07
1.4393E-12	8.5708E-13	2.3782E-07	-1.0679E-06
1.4275E-12	8.5414E-13	1.7721E-07	-1.6805E-07
1.4157E-12	8.5119E-13	1.3429E-06	-1.1784E-06
1.4041E-12	8.4825E-13	-3.5046E-07	-1.5671E-06
1.3925E-12	8.4529E-13	1.2193E-07	-6.9951E-07
1.3810E-12	8.4234E-13	-3.5405E-07	-8.9290E-07
1.3696E-12	8.3938E-13	3.8203E-07	-1.5343E-07
1.3583E-12	8.3641E-13	4.2890E-07	-1.2579E-06
1.3471E-12	8.3345E-13	-5.1687E-07	-8.3997E-07
1.3359E-12	8.3048E-13	-5.4600E-08	1.3181E-07
1.3249E-12	8.2751E-13	8.5414E-07	-5.0793E-07
1.3139E-12	8.2453E-13	1.4506E-07	-5.9429E-07
1.3030E-12	8.2156E-13	1.0892E-06	-5.1327E-07
1.2922E-12	8.1858E-13	3.9148E-07	-1.6017E-06
1.2815E-12	8.1559E-13	-1.8633E-07	-9.7669E-07
1.2708E-12	8.1261E-13	-1.2715E-07	-4.6501E-07
1.2602E-12	8.0963E-13	7.5698E-07	-6.3275E-07
1.2497E-12	8.0664E-13	-8.1594E-08	-1.3841E-06
1.2393E-12	8.0365E-13	-2.0041E-07	-4.8303E-07
1.2290E-12	8.0066E-13	9.5491E-08	-5.9189E-07
1.2188E-12	7.9767E-13	1.1046E-07	-7.6023E-07
1.2086E-12	7.9468E-13	-5.8553E-07	-2.6756E-07
1.1985E-12	7.9169E-13	9.3168E-07	4.4808E-07
1.1885E-12	7.8870E-13	8.4411E-07	-1.2667E-06
1.1785E-12	7.8571E-13	1.0146E-08	-8.2166E-07
1.1686E-12	7.8272E-13	-3.2663E-07	-4.7107E-07
1.1588E-12	7.7973E-13	7.0912E-07	6.4023E-07
1.1491E-12	7.7674E-13	1.4418E-06	-9.0046E-07
1.1395E-12	7.7374E-13	9.6388E-07	-7.2792E-07
1.1299E-12	7.7075E-13	1.3152E-06	-2.1098E-06
1.1204E-12	7.6776E-13	-8.8714E-07	-1.9395E-06
1.1110E-12	7.6477E-13	-4.7722E-07	-4.5611E-07
1.1016E-12	7.6179E-13	-2.2182E-07	-4.1805E-07
1.0923E-12	7.5880E-13	5.2617E-07	7.7693E-08
1.0831E-12	7.5581E-13	1.0907E-06	-1.1894E-06
1.0740E-12	7.5283E-13	-3.0650E-07	-1.2794E-06
1.0649E-12	7.4985E-13	3.8245E-07	-2.4475E-07
1.0559E-12	7.4686E-13	7.2895E-07	-1.5923E-06
1.0470E-12	7.4388E-13	-7.9738E-07	-1.4205E-06
1.0381E-12	7.4091E-13	-5.6064E-07	-1.9206E-07
1.0293E-12	7.3793E-13	1.0643E-07	-2.9589E-07
1.0206E-12	7.3496E-13	-2.2006E-08	-3.7981E-07
1.0119E-12	7.3199E-13	1.6672E-07	-1.2012E-08
1.0033E-12	7.2902E-13	9.0453E-07	5.2788E-08
9.9481E-13	7.2605E-13	1.4593E-06	-1.0230E-06
9.8634E-13	7.2309E-13	4.8887E-07	-1.8164E-06
9.7794E-13	7.2013E-13	-3.4719E-07	-1.6839E-06
9.6961E-13	7.1717E-13	-1.3078E-06	-5.6996E-07
9.6134E-13	7.1422E-13	2.1286E-07	8.6135E-07
9.5313E-13	7.1127E-13	1.3107E-06	-5.8684E-07
9.4499E-13	7.0832E-13	4.7924E-07	-1.1192E-06
9.3691E-13	7.0537E-13	4.4326E-07	-8.1772E-07
9.2890E-13	7.0243E-13	5.7557E-07	-1.4023E-06
9.2094E-13	6.9949E-13	-5.9738E-07	-1.3564E-06
9.1305E-13	6.9656E-13	-3.3043E-07	-1.8001E-07
9.0522E-13	6.9363E-13	3.2108E-07	-1.7904E-07
8.9745E-13	6.9070E-13	1.0534E-06	-4.7098E-07
8.8974E-13	6.8778E-13	8.6378E-07	-1.5163E-06
8.8209E-13	6.8486E-13	3.1044E-07	-1.8426E-06
8.7449E-13	6.8195E-13	-9.2732E-07	-1.8249E-06
8.6696E-13	6.7904E-13	-8.7458E-07	-3.9838E-07
8.5949E-13	6.7614E-13	-5.3135E-07	-5.5578E-07
8.5207E-13	6.7323E-13	-2.6752E-07	4.3529E-07
8.4472E-13	6.7034E-13	1.1335E-06	-4.1920E-07
8.3742E-13	6.6745E-13	6.4050E-08	-1.4507E-06
8.3017E-13	6.6456E-13	-5.7994E-07	-3.3996E-07
8.2299E-13	6.6168E-13	6.6794E-07	1.8296E-09
8.1586E-13	6.5880E-13	5.3637E-07	-1.0211E-06
8.0878E-13	6.5593E-13	4.4654E-07	-4.5962E-07
8.0176E-13	6.5306E-13	1.0464E-06	-1.2966E-06
7.9480E-13	6.5020E-13	1.9910E-07	-1.6783E-06
7.8789E-13	6.4735E-13	6.7257E-08	-1.5619E-06
7.8103E-13	6.4450E-13	-4.7953E-07	-1.8211E-06
7.7423E-13	6.4165E-13	-1.1800E-06	-9.2924E-07
7.6748E-13	6.3881E-13	-8.0383E-08	-2.7494E-07
7.6079E-13	6.3598E-13	-5.8811E-08	-1.2702E-06
7.5414E-13	6.3315E-13	-3.7634E-07	-8.0382E-07
7.4755E-13	6.3032E-13	-4.2850E-08	-1.3960E-06
7.4101E-13	6.2751E-13	-1.1946E-06	-1.4445E-06
7.3453E-13	6.2469E-13	-1.2587E-06	-1.9774E-07
7.2809E-13	6.2189E-13	-2.5770E-07	-1.1446E-07
7.2171E-13	6.1909E-13	-3.4688E-07	-5.0730E-07
7.1537E-13	6.1630E-13	-2.7636E-08	-5.0501E-07
7.0909E-13	6.1351E-13	-4.2993E-07	-1.0114E-06
7.0285E-13	6.1073E-13	-5.9677E-07	-6.5338E-07
6.9666E-13	6.0795E-13	-8.3249E-07	-4.9517E-07
6.9053E-13	6.0518E-13	-1.5052E-07	-3.2166E-07
6.8444E-13	6.0242E-13	-1.1907E-06	-9.3523E-07
6.7840E-13	5.9967E-13	-6.0475E-07	9.2630E-07
6.7241E-13	5.9692E-13	3.4769E-07	-5.2717E-07
6.6646E-13	5.9417E-13	-2.0154E-07	-1.0808E-07
6.6057E-13	5.9144E-13	-4.5851E-08	-1.1520E-06
6.5472E-13	5.8871E-13	-1.1631E-06	1.5601E-07
6.4891E-13	5.8599E-13	4.3906E-07	-1.5877E-07
6.4315E-13	5.8327E-13	-6.4805E-07	-2.4376E-07
6.3744E-13	5.8056E-13	6.1436E-07	-1.7839E-08
6.3178E-13	5.7786E-13	-1.4630E-07	-8.7476E-07
6.2615E-13	5.7516E-13	2.8047E-07	-5.4113E-07
6.2058E-13	5.7247E-13	-7.0859E-07	-1.3556E-06
6.1505E-13	5.6979E-13	-5.8280E-07	3.3339E-07
6.0956E-13	5.6712E-13	6.4823E-07	-1.1238E-06
6.0412E-13	5.6445E-13	-1.5170E-06	-1.4473E-06
5.9872E-13	5.6179E-13	-1.4363E-06	5.3760E-07
5.9336E-13	5.5913E-13	6.0716E-08	8.7385E-07
5.8804E-13	5.5649E-13	9.5024E-07	-6.3188E-07
5.8277E-13	5.5385E-13	-9.2141E-07	-1.1057E-06
5.7754E-13	5.5122E-13	-3.1031E-08	2.7441E-07
5.7236E-13	5.4859E-13	-4.7698E-07	-1.2494E-06
5.6721E-13	5.4598E-13	-5.8291E-07	7.6680E-07
5.6211E-13	5.4337E-13	8.4787E-07	-1.4177E-06
5.5704E-13	5.4077E-13	-2.0346E-06	-6.3422E-07
5.5202E-13	5.3817E-13	1.0702E-07	7.9781E-07
5.4704E-13	5.3558E-13	-1.2751E-07	-5.6258E-07
5.4210E-13	5.3300E-13	1.8281E-07	-1.9945E-07
5.3720E-13	5.3043E-13	-5.7597E-07	-1.2247E-06
5.3234E-13	5.2787E-13	-9.2886E-07	5.8001E-07
5.2751E-13	5.2531E-13	1.0438E-06	-2.7816E-07
5.2273E-13	5.2276E-13	-4.8387E-07	-1.5036E-06
5.1798E-13	5.2022E-13	-5.8599E-07	-4.4454E-07
5.1328E-13	5.1769E-13	-6.7798E-07	-8.5605E-07
5.0861E-13	5.1516E-13	-4.8153E-07	-2.9672E-07
5.0398E-13	5.1264E-13	-8.2766E-07	-1.3509E-06
4.9939E-13	5.1013E-13	-1.7465E-06	7.9305E-08
4.9483E-13	5.0763E-13	-6.8242E-07	1.0468E-07
4.9031E-13	5.0513E-13	-9.8252E-07	6.1116E-07
4.8583E-13	5.0265E-13	6.4282E-07	3.9750E-07
4.8138E-13	5.0017E-13	1.4752E-07	-1.2878E-06
4.7697E-13	4.9770E-13	-1.3837E-06	-1.2161E-06
4.7260E-13	4.9523E-13	-1.6732E-06	3.2257E-07
4.6826E-13	4.9278E-13	-5.8718E-07	4.8811E-07
4.6396E-13	4.9033E-13	-4.6855E-07	3.2884E-07
4.5969E-13	4.8789E-13	-1.9002E-07	2.7645E-08
4.5546E-13	4.8546E-13	-1.5686E-07	2.3307E-08
4.5126E-13	4.8304E-13	-2.0230E-07	-1.0114E-06
4.4710E-13	4.8062E-13	-1.9026E-06	-1.2786E-07
4.4297E-13	4.7821E-13	-3.4194E-07	1.3161E-06
4.3888E-13	4.7581E-13	5.7424E-07	1.0263E-07
4.3481E-13	4.7342E-13	2.9362E-07	-5.9050E-07
4.3079E-13	4.7104E-13	-1.6561E-07	-9.6361E-07
4.2679E-13	4.6867E-13	-6.1744E-07	-9.4160E-07
4.2283E-13	4.6630E-13	-7.9928E-07	-9.4531E-07
4.1890E-13	4.6394E-13	-1.5458E-06	-8.8401E-07
4.1500E-13	4.6159E-13	-1.5410E-06	1.8848E-07
4.1114E-13	4.5925E-13	-8.9398E-07	4.2510E-07
4.0730E-13	4.5691E-13	2.8939E-07	-5.8616E-08
4.0350E-13	4.5459E-13	-1.2657E-06	-2.0141E-06
3.9973E-13	4.5227E-13	-2.3224E-06	6.4351E-07
3.9599E-13	4.4996E-13	-5.4791E-07	-1.0394E-07
3.9228E-13	4.4766E-13	-1.4085E-06	3.2899E-07
3.8861E-13	4.4537E-13	-3.0533E-07	-6.1323E-07
3.8496E-13	4.4308E-13	-1.8696E-06	-2.4616E-07
3.8134E-13	4.4080E-13	-6.0991E-07	-8.1602E-07
