jMRUI Data Textfile

Filename: Export_to_jmrui.txt

PointsInDataset: 2048
DatasetsInFile: 1
SamplingInterval: 0.250000
ZeroOrderPhase: 0E0
BeginTime: 0E0
TransmitterFrequency: 1.2326E8
MagneticField: 2.8936E0
TypeOfNucleus:  
NameOfPatient:  
DateOfExperiment:  
Spectrometer:  
AdditionalInfo: 
SignalNames:  


Signal and FFT
sig(real)	sig(imag)	fft(real)	fft(imag)
Signal 1 out of 1 in file
2.2599E-06	-1.3495E-07	-2.7918E-06	-1.2533E-07
3.5598E-06	-1.2838E-06	-2.0525E-06	7.0572E-07
2.1066E-06	-2.0683E-06	-1.6429E-06	1.1280E-06
1.1943E-06	-2.3023E-06	-9.6020E-07	6.0361E-07
-2.3419E-07	-2.0501E-06	-1.6632E-06	6.3472E-07
-1.0795E-06	-1.3622E-06	-9.9294E-07	1.3680E-06
-1.5357E-06	-4.0473E-07	-2.9271E-07	4.0437E-07
-1.0890E-06	4.6162E-07	-1.5089E-06	-7.4231E-08
-4.7877E-07	7.2386E-07	-1.5392E-06	1.0441E-06
3.2428E-07	6.0290E-07	-1.2116E-06	8.0638E-07
6.6138E-07	2.5997E-07	-1.3125E-06	1.2498E-06
8.2031E-07	-2.4566E-07	-9.4411E-07	1.2131E-06
5.1752E-07	-5.1856E-07	-8.8368E-07	1.2542E-06
1.7652E-07	-6.9783E-07	-1.1132E-06	1.3443E-06
-1.8117E-07	-6.5538E-07	-3.4723E-07	2.3209E-06
-4.1719E-07	-4.6232E-07	8.3536E-07	9.5901E-07
-5.4156E-07	-2.9311E-07	-5.5152E-07	3.4656E-07
-4.4083E-07	-6.0670E-08	-3.4842E-07	1.6208E-06
-3.9552E-07	-8.3799E-09	1.0225E-06	6.3961E-07
-3.1325E-07	8.7482E-08	-4.8876E-07	-4.8064E-07
-3.4794E-07	1.2070E-07	-7.4484E-07	7.1857E-07
-3.7077E-07	1.7989E-07	-6.7529E-07	4.4265E-07
-4.1279E-07	2.2580E-07	-5.2216E-07	1.0229E-06
-2.6834E-07	2.9475E-07	-5.6839E-07	5.2705E-07
-1.4349E-07	3.1461E-07	-3.1262E-07	1.1953E-06
2.5834E-08	2.8303E-07	-5.2797E-07	2.0253E-07
4.6433E-08	1.5899E-07	-5.4706E-07	1.8997E-06
6.8084E-08	7.2289E-08	1.1047E-06	-1.1088E-07
-5.6588E-08	-2.3769E-08	-1.6384E-06	-1.4544E-07
-1.8518E-07	-2.7503E-08	-5.4094E-07	1.3269E-06
-3.0426E-07	8.7944E-08	-6.5868E-07	6.3019E-07
-3.3833E-07	2.6550E-07	-5.1182E-07	1.2010E-06
-3.0876E-07	4.5052E-07	-2.9049E-07	9.3981E-07
-1.6146E-07	4.6983E-07	-3.7552E-08	9.8703E-07
8.7891E-09	4.2784E-07	-4.2813E-08	6.6730E-08
1.6651E-07	3.3812E-07	-1.5476E-06	3.8642E-07
2.0306E-07	1.8142E-07	-8.1652E-07	1.8969E-06
2.4708E-07	1.7494E-07	-2.6688E-07	1.2746E-06
1.3068E-07	7.3473E-08	1.4666E-07	1.8996E-06
1.1096E-07	1.0312E-07	9.4759E-07	3.6017E-07
7.4633E-08	5.0234E-08	-5.6353E-07	3.2649E-07
1.2651E-07	-5.4028E-09	5.6287E-08	7.7638E-07
9.8805E-08	-6.0031E-08	-4.1068E-07	-1.0746E-07
1.1859E-07	-1.7827E-07	-1.6837E-06	7.3520E-07
1.4090E-09	-2.2908E-07	-5.1503E-07	2.3097E-06
-2.8014E-08	-2.2940E-07	5.4147E-07	9.2599E-07
-1.7779E-07	-1.7438E-07	-4.3185E-07	8.4097E-07
-2.1238E-07	-8.1158E-08	-1.9537E-07	1.2030E-06
-2.3797E-07	7.5509E-08	2.9395E-07	1.2131E-06
-1.5842E-07	2.0566E-07	8.4673E-08	1.6868E-07
-5.0499E-08	1.5724E-07	-7.7734E-07	9.7493E-07
4.2637E-08	1.1964E-08	-1.0122E-07	1.0208E-06
1.9448E-08	-5.1849E-08	-2.3727E-07	1.1294E-06
-7.2512E-08	-1.5749E-07	3.3841E-08	6.3920E-07
-2.1244E-07	-1.8613E-07	-7.3364E-07	9.9917E-07
-3.0033E-07	-8.4843E-08	-1.2599E-07	1.3341E-06
-3.6960E-07	2.7082E-08	-1.1811E-07	1.1019E-06
-2.9929E-07	1.4835E-07	-3.9747E-07	1.2254E-06
-2.3503E-07	2.1503E-07	4.5544E-07	2.0513E-06
-8.3902E-08	2.3632E-07	1.1171E-06	2.1132E-07
4.8329E-09	1.6321E-07	-5.6299E-07	5.0811E-07
4.6507E-08	3.5668E-08	4.2643E-08	9.6117E-07
-5.2815E-08	-1.4197E-07	-4.7287E-08	1.0304E-06
-1.8756E-07	-1.1366E-07	2.5433E-07	5.1922E-07
-3.3253E-07	-8.1731E-08	-4.1013E-07	8.5075E-07
-3.1385E-07	3.0450E-08	-9.6036E-08	5.7129E-07
-2.7163E-07	1.7088E-07	-8.7047E-07	1.5139E-06
-1.9979E-07	2.6949E-07	9.1147E-07	1.4633E-06
-1.6739E-07	2.1912E-07	1.7310E-07	2.7508E-07
-5.4210E-08	1.5430E-07	-4.4101E-07	4.5829E-07
-4.0045E-08	4.6294E-08	-8.0027E-07	1.7931E-06
-5.3928E-08	1.8117E-08	1.3878E-06	1.4867E-06
-1.7376E-07	4.3245E-08	4.1100E-07	-2.9057E-07
-1.9517E-07	5.8445E-08	-5.5143E-07	-1.4722E-07
-1.7140E-07	1.3613E-07	-1.8383E-06	1.0216E-06
-1.4606E-07	2.2697E-07	4.7401E-09	2.4630E-06
-8.2124E-08	1.8284E-07	3.6285E-07	8.7912E-07
-3.2170E-08	1.3549E-07	-1.4269E-07	1.3707E-06
-2.1803E-08	1.3546E-07	3.6492E-07	1.0417E-06
-2.2346E-08	7.5186E-08	-3.2458E-07	8.9708E-07
-1.4123E-07	5.8638E-08	-8.6016E-08	1.7419E-06
-1.4928E-07	4.5777E-08	5.3972E-07	1.4017E-06
-1.4697E-07	1.3118E-07	7.6952E-07	1.2153E-06
-1.0153E-07	1.7699E-07	3.9728E-07	2.7846E-07
-2.0590E-08	1.7180E-07	-1.1365E-07	1.3250E-06
3.4630E-08	1.5681E-07	5.3996E-07	5.5751E-07
9.3582E-08	6.9369E-08	-1.7726E-07	1.6813E-06
3.8509E-08	5.3159E-08	1.9218E-06	2.5302E-07
-6.1849E-08	-1.4090E-07	-1.3710E-06	-4.7936E-07
-1.6390E-07	-1.4064E-07	-9.3524E-08	2.2468E-06
-2.5059E-07	-9.4475E-08	8.9626E-07	6.3373E-07
-2.4559E-07	3.9288E-08	7.7114E-08	1.8922E-07
-2.0856E-07	1.8844E-07	-7.9660E-07	9.9595E-07
-1.0899E-07	2.2982E-07	6.2966E-07	1.6409E-06
-2.6786E-08	2.0174E-07	6.5150E-07	4.3705E-07
4.2420E-08	1.8222E-07	2.9448E-07	-2.3258E-08
9.2236E-08	5.2138E-08	-1.3091E-06	2.9404E-07
2.5601E-08	-7.3162E-08	-3.3533E-07	2.1186E-06
-7.0426E-08	-1.4599E-07	8.3689E-07	1.0994E-06
-1.4755E-07	-1.1530E-07	2.8976E-07	-5.4902E-09
-1.8473E-07	-1.0384E-07	-1.3812E-06	7.9441E-07
-2.0314E-07	-2.5358E-08	2.7725E-07	2.3145E-06
-1.8329E-07	2.8201E-08	8.1189E-07	5.1950E-07
-1.5177E-07	3.9171E-08	-3.3849E-07	5.0542E-07
-1.7817E-07	5.7827E-08	-5.9417E-07	1.4735E-06
-1.7575E-07	6.2665E-08	8.0621E-07	1.6990E-06
-1.7874E-07	6.4025E-08	5.4520E-07	4.4529E-07
-1.9713E-07	5.9893E-08	3.1428E-07	5.8802E-07
-1.5419E-07	1.2329E-07	-5.6698E-07	6.8906E-08
-1.3318E-07	1.2844E-07	-8.3527E-07	1.8463E-06
-1.1592E-07	1.2315E-07	9.6168E-07	1.3413E-06
-6.0897E-08	9.0881E-08	-2.2727E-07	2.1739E-07
-3.9723E-08	4.2710E-09	-2.1990E-07	1.6250E-06
-7.1237E-08	-2.9069E-10	3.7144E-07	3.2613E-07
-1.4506E-07	-2.0439E-09	-1.4011E-06	1.5589E-06
-2.1436E-07	3.2683E-08	1.1908E-06	2.3907E-06
-2.1934E-07	5.7951E-08	8.0919E-07	2.0754E-07
-2.2249E-07	1.0012E-07	-9.9706E-08	5.9669E-07
-1.4650E-07	1.2710E-07	-4.1211E-07	1.1403E-06
-7.4155E-08	1.4095E-07	5.2253E-07	1.3424E-06
-9.9355E-09	1.0755E-07	-1.4664E-08	7.7370E-07
-1.8726E-08	8.0055E-08	5.4175E-07	1.2009E-06
-5.8826E-08	4.5394E-08	1.7790E-08	2.6279E-07
-7.6242E-08	4.5914E-08	-2.4739E-07	1.0863E-06
-8.7415E-08	-1.4742E-08	-3.6576E-08	8.6913E-07
-1.4488E-07	8.3990E-09	-1.1653E-07	8.8849E-07
-1.8144E-07	8.5295E-08	-5.5695E-07	1.0717E-06
-1.6210E-07	1.0680E-07	4.4664E-08	1.4717E-06
-1.4907E-07	1.4881E-07	-3.9779E-07	1.1675E-06
-1.0078E-07	1.5280E-07	3.5555E-07	2.0277E-06
-7.5353E-08	2.5278E-08	6.9982E-07	7.1626E-07
-6.0806E-08	2.9349E-08	-2.6853E-07	8.2437E-07
-1.3756E-07	8.8206E-08	-2.8033E-07	1.4929E-06
-1.1947E-07	7.4162E-08	4.0273E-07	1.4377E-06
-9.1000E-08	8.5683E-08	-1.6538E-07	1.3061E-06
-5.0688E-08	1.2538E-07	8.8740E-07	1.9855E-06
-5.4593E-08	8.7880E-08	1.0527E-06	2.9312E-07
-2.7249E-08	7.2138E-08	-3.5137E-07	3.9640E-07
-1.6876E-08	2.5446E-08	-4.2701E-07	1.5383E-06
-2.3521E-08	-4.5397E-08	8.2790E-07	1.4209E-06
-7.7417E-08	-5.8809E-08	1.5776E-07	4.3394E-07
-1.1395E-07	-6.2135E-08	-2.0865E-07	9.8818E-07
-1.2974E-07	9.5882E-09	-3.2022E-07	1.4473E-06
-1.4019E-07	2.7672E-08	8.1281E-07	1.3422E-06
-1.7685E-07	5.1091E-08	-4.7087E-07	5.4329E-07
-1.2704E-07	7.3163E-08	3.1109E-07	2.1457E-06
-1.2027E-07	1.2018E-07	7.0599E-07	4.9856E-07
-7.9241E-08	1.1768E-07	3.3430E-08	1.0227E-06
-5.5522E-08	7.3712E-08	-1.4808E-07	3.7965E-07
-4.8409E-08	2.5559E-08	-8.4918E-07	1.6149E-06
-6.0491E-08	9.4837E-09	2.1076E-07	1.7601E-06
-1.1244E-07	-2.3153E-08	4.3841E-07	1.4642E-06
-9.7712E-08	-3.2976E-09	1.1463E-07	8.7115E-07
-1.1699E-07	4.2758E-08	-1.8748E-07	1.7448E-06
-1.7158E-07	9.4119E-08	6.5231E-07	1.3924E-06
-1.1980E-07	8.3341E-08	6.2148E-08	1.1644E-06
-8.6952E-08	8.9619E-08	3.3879E-07	1.7005E-06
-9.0207E-08	1.1140E-07	8.9053E-07	1.0832E-06
-9.1285E-08	1.3644E-07	4.8048E-09	7.6833E-07
-8.8848E-08	9.2365E-08	2.6518E-07	1.3742E-06
-8.3543E-08	4.2831E-08	-1.9045E-10	9.6463E-07
-3.7686E-08	1.6971E-08	4.3454E-08	1.6893E-06
-6.9493E-08	7.6798E-09	3.0560E-07	1.7033E-06
-6.0209E-08	-1.3781E-08	1.3354E-06	1.8907E-06
-8.1908E-08	1.4772E-08	1.3025E-06	3.0068E-07
-1.0682E-07	2.1510E-08	6.6742E-07	3.2405E-07
-9.8503E-08	4.2609E-08	-2.1872E-07	-2.3112E-07
-8.6723E-08	6.9991E-08	-5.1332E-07	1.3050E-06
-7.0991E-08	8.3036E-08	2.6062E-07	4.6575E-07
-6.9899E-08	1.2736E-07	-8.8111E-07	8.6801E-07
-7.4433E-08	1.1230E-07	-5.0011E-07	1.4261E-06
-6.2925E-08	1.2912E-07	-1.8051E-07	1.8771E-06
-1.0814E-08	1.0146E-07	3.8745E-07	1.3215E-06
3.4005E-08	6.5485E-08	6.0883E-08	1.4187E-06
1.1621E-08	9.1075E-09	4.8558E-07	1.0411E-06
-1.8247E-08	-4.6380E-09	-1.5793E-07	7.1520E-07
-2.1377E-08	2.9458E-08	-7.7336E-07	1.1775E-06
-1.0960E-08	5.1523E-08	-4.7762E-08	2.2278E-06
-6.4598E-08	8.6315E-08	5.0783E-07	8.1525E-07
-3.5003E-08	7.5069E-08	-9.9311E-07	1.4902E-06
-5.4973E-08	6.1360E-08	2.3792E-07	2.3124E-06
-3.8232E-08	8.9788E-08	6.3658E-07	1.5646E-06
-7.5085E-08	5.6039E-08	3.0225E-07	9.0785E-07
-2.6678E-08	1.8387E-08	-4.9072E-07	1.4276E-06
-7.5943E-08	5.3745E-08	2.5266E-08	1.7555E-06
-4.2710E-08	9.0271E-09	-6.9760E-08	1.7937E-06
-8.5062E-08	9.0632E-09	1.9512E-07	1.8166E-06
-6.4309E-08	4.7431E-08	2.5966E-07	2.1177E-06
-9.4231E-08	2.9485E-08	9.4189E-07	1.4135E-06
-7.5416E-08	4.9966E-08	-3.1720E-07	1.3882E-06
-9.8635E-08	7.4242E-08	6.0108E-07	2.2970E-06
-9.0970E-08	4.0878E-08	6.6639E-07	1.3513E-06
-5.3598E-08	6.2915E-08	4.0286E-07	1.5589E-06
-4.1487E-08	8.9944E-08	1.5760E-07	1.6449E-06
-8.4905E-08	3.9167E-08	9.3112E-07	2.1916E-06
-8.4295E-08	5.5736E-08	1.0296E-06	7.7882E-07
-3.9781E-08	1.0783E-08	-1.6721E-07	1.5118E-06
-3.2882E-08	7.4140E-08	1.1699E-06	1.8927E-06
-6.3573E-08	3.6228E-09	8.6598E-07	2.6443E-07
-4.6993E-08	1.0525E-07	-9.0834E-07	7.9057E-07
-5.6966E-08	1.0143E-07	-5.9324E-07	2.4223E-06
-6.5960E-08	7.8623E-08	4.1652E-07	2.7549E-06
-9.6577E-08	7.0600E-08	1.6693E-06	2.4525E-06
-3.5862E-08	3.2072E-08	1.4852E-06	6.7856E-07
-4.0131E-08	3.5847E-08	2.0736E-07	1.2586E-06
-3.1575E-08	6.5808E-08	8.4229E-07	1.4396E-06
-5.6761E-08	7.4027E-08	5.2562E-07	1.3972E-06
-1.5728E-08	8.8545E-08	8.4047E-07	1.1753E-06
-1.9753E-08	5.6818E-08	2.0614E-08	1.4954E-06
-4.1970E-08	4.8215E-08	1.2928E-06	1.9794E-06
5.7573E-09	5.2218E-08	8.9912E-07	6.2335E-07
-3.4601E-08	7.8840E-08	2.6328E-07	1.4246E-06
-6.8760E-08	8.2301E-08	9.7036E-07	1.5770E-06
-6.2616E-08	6.9171E-08	1.1299E-06	7.3964E-07
-6.4347E-08	4.9010E-08	-6.2167E-08	8.1846E-07
-3.4507E-08	5.1001E-08	6.3912E-07	1.8426E-06
-6.5755E-08	1.0918E-07	9.1919E-07	1.0330E-06
-1.2303E-08	6.5268E-08	9.1337E-07	1.2091E-06
-1.3557E-08	5.4717E-08	9.0111E-07	4.0320E-07
-4.6245E-08	7.8332E-08	1.8574E-07	6.0421E-07
-1.2729E-08	6.5380E-08	1.7944E-07	5.4052E-07
3.7375E-08	7.3316E-08	-7.1449E-07	6.8457E-07
-1.7792E-08	6.2938E-08	-7.5804E-07	2.2908E-06
-4.2564E-08	4.9589E-08	1.3251E-06	2.3019E-06
-4.7486E-08	1.0253E-08	7.9630E-07	4.5571E-07
-1.7911E-08	4.3014E-08	-1.1588E-08	1.3940E-06
-5.6312E-08	5.0104E-08	6.7441E-07	1.1591E-06
-4.1924E-08	8.4706E-09	1.5298E-07	9.8433E-07
-5.0871E-08	3.1112E-08	2.3710E-07	1.1692E-06
-3.9871E-08	4.6373E-08	-4.1868E-08	8.9019E-07
-7.7048E-08	9.4033E-08	-6.9803E-07	1.5958E-06
-2.9787E-08	4.7849E-08	2.5005E-07	2.5044E-06
-1.0297E-08	4.4971E-08	1.1051E-06	1.8302E-06
-8.0065E-09	9.6061E-08	1.0234E-06	9.3301E-07
-1.1427E-08	6.3745E-08	-1.1337E-07	9.6335E-07
-2.0526E-08	5.2900E-08	6.6601E-07	1.8722E-06
-1.1752E-08	5.5766E-08	6.2101E-07	5.3447E-07
4.6669E-09	2.4300E-08	-1.8761E-07	1.3357E-06
1.1007E-08	5.8572E-08	3.1575E-07	1.0292E-06
-3.1216E-08	-1.2292E-08	-5.5866E-07	1.4188E-06
4.3086E-09	3.2702E-08	3.8648E-07	1.9419E-06
-4.9678E-08	7.2759E-08	-4.1039E-08	9.0603E-07
-3.5053E-08	7.2929E-08	-9.2598E-07	2.5441E-06
-4.4199E-08	8.5267E-08	1.6118E-06	2.7776E-06
-3.0883E-08	7.4899E-08	6.9175E-07	4.9704E-07
-2.6698E-08	6.0543E-08	-2.3514E-07	2.0559E-06
-9.4088E-09	3.8259E-08	6.8269E-07	1.9726E-06
-4.2991E-08	7.6720E-08	9.3630E-07	2.0983E-06
-5.6044E-08	5.7584E-08	1.2052E-06	1.1378E-06
-4.8173E-08	7.5589E-08	5.8146E-07	1.3404E-06
-8.1007E-09	9.3634E-08	7.1052E-07	1.0804E-06
-6.2301E-08	9.7633E-08	5.7865E-07	1.3632E-06
5.6150E-09	8.6975E-08	3.2931E-07	4.7973E-07
4.4357E-08	9.7622E-08	-6.8849E-07	2.1138E-06
1.2550E-08	8.3140E-08	1.4783E-06	1.8350E-06
6.3464E-09	9.2977E-08	3.5851E-08	6.9054E-07
1.6782E-08	9.8585E-08	7.3495E-08	1.9997E-06
-9.7543E-09	8.9505E-08	8.2784E-07	1.8464E-06
-6.8855E-09	8.7647E-08	9.2585E-07	9.8138E-07
4.7844E-08	8.6055E-08	-1.0659E-07	1.2813E-06
4.1562E-08	8.0499E-08	5.9088E-07	1.5338E-06
3.6982E-09	3.3913E-08	-2.1250E-07	1.6006E-06
4.0896E-08	1.6134E-08	1.1966E-06	2.2962E-06
-4.4917E-09	3.9125E-08	8.1724E-07	6.7055E-07
3.2511E-08	9.8915E-08	3.3695E-07	1.4702E-06
-4.4118E-09	5.4727E-08	3.7271E-07	9.9394E-07
-1.1563E-08	5.0978E-08	7.5796E-08	1.6575E-06
3.6012E-08	5.1353E-08	4.7177E-07	1.4750E-06
5.8100E-09	7.6133E-08	4.3968E-07	1.5572E-06
2.4951E-08	8.2928E-08	2.6269E-07	1.2499E-06
6.9399E-08	3.2379E-08	1.5738E-07	2.0890E-06
4.9828E-09	5.3010E-08	1.3696E-06	1.8105E-06
4.6525E-08	4.6612E-08	1.1258E-06	3.0291E-07
4.4927E-08	1.8679E-08	-8.4010E-07	5.6573E-07
-1.2269E-08	5.3799E-08	1.0233E-07	2.2686E-06
3.5200E-08	2.4248E-08	1.4646E-07	8.3010E-07
1.0236E-08	3.5065E-08	-3.6457E-07	2.4295E-06
7.9550E-09	5.5664E-08	7.5334E-07	1.3339E-06
-1.6538E-08	2.4742E-08	-4.8013E-07	2.4318E-06
2.0952E-09	4.6368E-08	1.8371E-06	1.9928E-06
3.9265E-08	4.3974E-08	9.4136E-08	7.8437E-07
-2.1102E-08	7.6047E-08	6.1927E-07	1.9480E-06
-4.1653E-08	8.4099E-10	5.2978E-07	9.4914E-07
-7.6245E-09	7.6403E-08	-1.4546E-07	1.2577E-06
-2.2043E-08	6.1563E-08	-2.8773E-07	2.0207E-06
-3.9639E-09	4.2148E-08	5.7562E-07	2.0415E-06
-9.3028E-09	5.1306E-08	1.2180E-07	2.0321E-06
-2.3077E-08	5.5745E-08	1.3424E-06	2.3588E-06
-5.5158E-08	6.2185E-08	1.3050E-06	7.7405E-07
1.2833E-10	5.9973E-08	-1.4318E-08	3.8829E-07
-8.0323E-09	2.8941E-08	-1.2053E-06	1.8746E-06
-4.5372E-08	7.7037E-08	6.2766E-07	2.9454E-06
-3.6146E-09	8.6436E-08	6.9135E-07	1.6882E-06
9.1358E-09	9.5027E-08	7.1377E-07	2.2510E-06
2.3823E-08	7.0871E-08	1.1210E-06	1.5548E-06
6.7441E-08	7.2721E-08	6.2127E-07	1.4118E-06
3.3861E-08	3.7845E-08	7.0432E-07	1.6817E-06
-8.7819E-10	8.2425E-08	8.4363E-07	1.0695E-06
2.4664E-08	7.6582E-08	-4.5346E-08	1.4418E-06
1.2046E-08	8.0899E-08	6.4802E-07	1.5444E-06
3.2310E-08	3.0506E-08	-3.0683E-07	1.7759E-06
6.8143E-09	8.3861E-08	1.4425E-06	2.5408E-06
3.1861E-08	4.7496E-08	1.1402E-06	4.5110E-07
3.6739E-09	1.0281E-07	-7.7836E-08	9.9710E-07
-4.5648E-08	8.8303E-08	-5.1092E-08	1.7461E-06
-7.5742E-10	9.0912E-08	8.4036E-07	1.3533E-06
5.3099E-10	4.9060E-08	-5.5872E-07	1.1267E-06
3.7894E-08	6.1537E-08	4.1101E-07	1.9000E-06
2.9699E-08	7.7836E-08	-1.1114E-06	1.5683E-06
-1.3721E-08	9.1507E-08	1.2770E-06	3.8043E-06
1.2093E-09	5.5884E-08	1.0970E-06	-1.4962E-08
4.2679E-08	5.9679E-08	-6.6624E-07	2.5633E-06
4.5806E-08	4.4723E-08	9.9036E-07	1.3904E-06
1.6659E-08	1.0001E-08	-3.7774E-07	2.4203E-06
3.3102E-10	9.0928E-08	1.2714E-06	1.8937E-06
1.5729E-08	7.4628E-08	1.3703E-07	2.0377E-06
2.0219E-08	7.5752E-08	1.5369E-06	1.7405E-06
2.8180E-08	4.1832E-08	1.3118E-07	9.4136E-07
4.9015E-08	6.1468E-08	1.7837E-07	1.8751E-06
1.1493E-08	4.5555E-08	3.9357E-07	1.8465E-06
3.4182E-08	3.2122E-08	3.1621E-07	1.5308E-06
2.9555E-08	8.2121E-08	-1.8237E-07	2.2899E-06
-3.9734E-08	8.0334E-08	7.9802E-07	2.4586E-06
3.5934E-08	2.9971E-08	8.3516E-07	2.3974E-06
9.0596E-09	6.8413E-08	1.7823E-06	1.9120E-06
5.4330E-09	2.7390E-08	1.1163E-06	8.3347E-07
-9.7187E-09	4.2977E-08	1.5456E-07	1.0380E-06
6.1327E-09	-1.2256E-08	3.2580E-07	2.4338E-06
4.7614E-08	4.1102E-08	2.0665E-06	1.2361E-06
1.6112E-08	8.7045E-08	1.1640E-07	2.0474E-07
1.6891E-08	8.6571E-08	2.7589E-07	1.1078E-06
-6.2058E-09	1.3004E-07	-8.8843E-07	7.5594E-07
-2.2199E-08	5.6660E-08	-2.5749E-07	2.7127E-06
6.3815E-08	3.0704E-08	4.9666E-07	1.4244E-06
4.6280E-08	3.9693E-08	-2.8570E-09	2.0718E-06
3.8973E-08	5.8670E-08	4.3333E-07	1.1415E-06
8.2565E-08	4.2087E-08	-9.4119E-07	1.9866E-06
7.6829E-08	4.0968E-08	3.3555E-07	2.5504E-06
-1.2785E-09	5.2644E-08	1.4446E-07	2.2295E-06
4.9090E-08	8.5613E-08	7.4315E-07	2.2053E-06
5.7194E-08	5.4744E-08	2.6364E-07	1.8505E-06
5.9791E-08	5.7718E-08	5.7754E-07	1.9373E-06
-8.1321E-09	6.4373E-08	-3.2370E-07	1.6945E-06
1.4289E-08	5.8418E-08	-1.3208E-07	3.1828E-06
3.1625E-08	2.8351E-08	1.5265E-06	3.3425E-06
2.4153E-08	2.7882E-08	2.6105E-06	1.1557E-06
2.0357E-08	7.2085E-08	-3.4667E-07	-6.3078E-08
1.7366E-08	6.8347E-08	-6.4656E-07	2.8893E-06
6.7915E-08	5.3996E-08	1.4035E-06	2.4915E-06
2.7968E-08	1.1719E-07	1.2515E-06	1.1291E-06
2.7586E-08	1.0405E-07	-1.4920E-07	9.5344E-07
4.6174E-08	5.6208E-08	8.7190E-08	2.2713E-06
4.4350E-08	7.4800E-08	6.4823E-07	1.4146E-06
6.0704E-08	1.5594E-08	-2.3659E-07	1.5023E-06
1.9978E-08	3.8163E-08	-3.1103E-07	2.0339E-06
2.6692E-08	3.9433E-08	6.8080E-08	2.4428E-06
7.3143E-08	9.3679E-08	9.7011E-08	2.0945E-06
6.4338E-08	6.9294E-08	-1.0937E-08	2.8724E-06
9.8888E-09	5.7497E-08	1.1127E-06	2.6775E-06
4.1278E-08	4.0163E-08	8.4273E-07	1.8750E-06
5.3863E-08	5.2709E-09	5.6462E-07	2.0287E-06
4.0647E-09	6.1071E-08	4.9006E-07	2.0360E-06
3.0230E-08	6.1987E-08	7.4607E-07	2.4306E-06
-5.0917E-09	6.1855E-08	1.2080E-06	1.5121E-06
-1.0157E-08	7.2661E-08	-7.6847E-08	1.5419E-06
-3.6980E-08	4.3962E-08	4.5559E-07	2.3814E-06
-3.5387E-09	5.2560E-08	7.6814E-07	2.0891E-06
-1.1756E-08	9.1034E-08	9.3228E-07	1.3769E-06
2.5978E-08	7.0418E-08	-4.0320E-07	1.7238E-06
4.4176E-08	5.1031E-08	1.0165E-06	2.1890E-06
7.3570E-09	6.2758E-08	-6.6549E-07	9.2713E-07
7.6204E-09	5.7197E-08	-3.0154E-07	3.6843E-06
3.6050E-08	6.2244E-08	1.4430E-06	2.2864E-06
3.7753E-08	3.8176E-08	8.4776E-07	1.7785E-06
3.8147E-08	7.5910E-08	1.0889E-07	1.1913E-06
-6.9138E-10	7.2774E-08	-3.7631E-07	2.6141E-06
1.0526E-10	1.0667E-07	5.3396E-07	2.3878E-06
2.1261E-08	2.8369E-08	4.5970E-07	2.6694E-06
1.8729E-08	6.5397E-08	1.0351E-06	2.0044E-06
-1.5708E-08	1.2207E-08	3.1913E-07	2.1305E-06
6.5135E-08	2.7492E-08	1.1027E-06	2.0784E-06
7.1155E-08	2.4515E-08	2.5287E-07	1.0573E-06
7.8754E-08	2.6484E-08	-7.7634E-07	2.4373E-06
5.8781E-08	7.5653E-08	8.7323E-07	3.1438E-06
3.4841E-08	3.0960E-08	1.1241E-06	1.7683E-06
-1.0881E-08	3.8266E-08	3.1606E-07	1.3121E-06
2.5589E-08	2.7271E-08	-8.6919E-07	2.2994E-06
4.2856E-08	4.2485E-08	1.1248E-06	3.2571E-06
5.6444E-09	5.1443E-08	4.8721E-07	9.2294E-07
3.5867E-08	7.4032E-08	-8.5400E-07	2.7118E-06
5.4009E-08	6.4621E-08	3.8876E-07	3.2462E-06
2.0568E-08	6.7792E-08	1.4145E-06	2.8729E-06
6.8148E-08	4.4126E-08	8.0905E-07	1.4732E-06
4.6481E-08	3.4782E-08	6.1821E-07	2.2351E-06
4.6078E-08	4.0146E-08	-9.4584E-09	9.6488E-07
2.0769E-08	6.4325E-08	-9.2769E-07	3.1504E-06
2.3176E-08	8.5781E-08	7.6983E-07	2.5678E-06
4.0942E-08	8.5979E-08	-2.9162E-07	2.6948E-06
3.4805E-08	2.7662E-08	5.9503E-07	3.0503E-06
2.3524E-08	2.9230E-08	4.7616E-07	2.6711E-06
-2.0089E-08	6.5183E-08	2.8956E-07	2.9858E-06
-1.0557E-08	9.7336E-08	1.4518E-06	3.2386E-06
4.6921E-08	2.1969E-08	6.3544E-07	1.3233E-06
4.3163E-08	3.7372E-08	-2.6338E-07	3.7788E-06
2.6368E-08	-1.0097E-09	2.1890E-06	2.4159E-06
2.2462E-08	3.4184E-08	-4.0409E-07	1.7977E-06
-3.0282E-08	7.8086E-08	4.4022E-07	4.0168E-06
6.0863E-08	9.1466E-10	2.1361E-06	3.1770E-06
2.5010E-08	6.2780E-08	1.6833E-06	1.6603E-06
3.6678E-08	3.5325E-08	9.4152E-07	1.9897E-06
5.9494E-08	4.2615E-08	7.5671E-07	1.5789E-06
2.7641E-08	3.7626E-08	3.4793E-07	2.4800E-06
7.7889E-08	8.4973E-09	8.8158E-07	1.7580E-06
1.5042E-08	3.2943E-08	-2.0340E-07	2.5740E-06
-2.0222E-08	1.6081E-08	1.2460E-06	2.6404E-06
2.9858E-08	6.2007E-08	5.0585E-07	1.7173E-06
7.1668E-08	4.5653E-08	-1.4852E-07	2.1047E-06
4.2428E-08	6.4714E-08	-2.8565E-07	3.2356E-06
3.7438E-08	5.2549E-08	7.8576E-07	3.4236E-06
8.6943E-08	5.9152E-08	1.3246E-06	3.3372E-06
1.1340E-07	-4.3051E-09	1.7110E-06	2.0385E-06
1.2634E-09	2.9020E-08	5.4131E-07	2.3014E-06
5.3641E-08	2.0005E-08	1.2195E-06	2.1704E-06
1.4894E-08	2.1678E-09	2.7339E-07	2.0366E-06
4.7398E-08	1.7973E-08	3.6364E-07	2.3974E-06
4.1385E-08	4.1150E-08	8.6456E-08	3.1959E-06
4.6841E-08	4.1184E-08	1.5247E-06	2.9725E-06
2.7188E-08	5.0583E-08	6.0361E-07	2.3607E-06
3.3203E-08	2.4265E-08	1.2668E-06	2.9303E-06
3.5039E-08	3.2058E-08	9.6071E-07	2.0798E-06
-2.4153E-08	5.1876E-08	8.1401E-07	2.6788E-06
7.4066E-08	3.9573E-08	1.2433E-06	2.3200E-06
2.8497E-08	5.6048E-08	8.0588E-07	1.9029E-06
4.4932E-08	5.3083E-08	4.3909E-07	2.3363E-06
9.0971E-08	1.5099E-08	8.5097E-07	2.1836E-06
5.5933E-08	5.4104E-08	-1.1079E-07	1.6614E-06
2.5990E-08	4.5075E-08	-1.1315E-06	3.4933E-06
7.1946E-08	2.3972E-08	1.6165E-06	4.7878E-06
7.2658E-08	9.0382E-10	1.9369E-06	1.7371E-06
5.8133E-08	7.6080E-08	1.1906E-07	3.0688E-06
3.9395E-08	4.4934E-08	1.8368E-06	2.8193E-06
1.1227E-07	1.3842E-08	7.9090E-07	2.3556E-06
5.1243E-08	3.9528E-09	1.2551E-06	2.3757E-06
5.4143E-08	4.0693E-09	3.9073E-07	2.4650E-06
4.7118E-08	3.6720E-08	1.0037E-06	2.6295E-06
7.0257E-08	5.8938E-08	1.1206E-07	3.0365E-06
2.1202E-08	3.2610E-08	2.0074E-06	3.6671E-06
5.2524E-08	3.5734E-09	1.6039E-06	1.6848E-06
7.9899E-08	4.1976E-08	7.5136E-07	2.3199E-06
4.5427E-08	2.5675E-08	6.9199E-07	2.3457E-06
6.1708E-08	3.3519E-08	6.6399E-07	3.0274E-06
4.2805E-08	2.9984E-08	1.5339E-06	2.9426E-06
4.7061E-08	2.3159E-08	1.4784E-06	2.0706E-06
1.3041E-08	3.0715E-08	7.8301E-07	1.9004E-06
4.6050E-08	2.6773E-08	-9.9780E-08	2.4116E-06
3.3804E-08	3.2853E-08	8.1779E-07	4.2105E-06
6.2105E-08	9.5230E-09	2.6020E-06	2.4941E-06
8.8812E-08	8.5900E-09	9.7580E-07	1.9171E-06
3.1973E-08	3.9139E-08	1.3581E-06	2.2724E-06
1.2728E-09	2.9871E-08	9.1657E-07	2.1698E-06
-1.3448E-08	7.4071E-08	1.2000E-06	1.8203E-06
4.7273E-08	5.3782E-08	-1.2398E-07	2.3458E-06
4.9964E-08	7.6938E-08	1.5734E-06	3.1143E-06
6.8307E-08	1.8174E-08	1.0389E-06	1.4108E-06
2.3990E-08	3.9657E-08	1.2780E-07	2.1408E-06
8.3976E-08	4.8402E-08	1.1558E-07	2.8767E-06
2.1018E-08	8.9671E-09	1.1980E-06	2.9801E-06
6.1691E-08	2.4051E-08	6.7232E-07	2.2110E-06
5.1340E-08	1.8926E-08	7.2220E-07	2.7221E-06
6.4537E-08	-4.6377E-09	4.7585E-07	2.6258E-06
4.1411E-08	-2.2806E-08	1.0723E-06	3.0119E-06
7.6011E-08	2.7712E-08	7.7520E-07	2.3918E-06
2.5484E-08	-1.3160E-08	1.0436E-06	2.7268E-06
3.9349E-08	-2.4045E-09	2.5983E-07	2.1502E-06
8.5111E-08	1.1355E-08	6.8066E-07	3.6673E-06
1.5892E-08	2.5215E-08	1.3848E-06	2.2754E-06
6.5766E-08	7.1153E-08	3.8332E-07	2.8592E-06
8.1246E-08	8.6458E-09	1.1609E-06	2.6966E-06
5.6162E-08	2.4322E-08	4.2339E-07	2.5806E-06
3.0316E-08	2.3273E-08	4.9907E-07	3.1798E-06
6.2907E-08	5.1179E-08	1.0836E-06	3.6233E-06
2.0496E-08	7.2358E-08	1.8446E-06	2.7537E-06
6.1124E-08	1.8431E-08	1.0037E-06	2.2421E-06
6.4134E-08	2.3039E-08	7.0222E-07	2.6341E-06
3.1415E-08	1.6276E-09	9.2476E-07	3.0054E-06
3.7495E-08	-1.4202E-08	9.8123E-07	2.3980E-06
3.4629E-08	9.2826E-09	2.0731E-07	3.2997E-06
4.6385E-08	1.6993E-08	1.6768E-06	3.3904E-06
-4.1420E-09	5.2752E-08	9.0459E-07	2.7172E-06
6.3108E-08	3.6427E-08	1.6348E-06	3.4509E-06
7.0650E-08	1.2153E-08	1.6263E-06	2.3400E-06
4.3345E-08	2.9254E-08	1.3025E-06	2.6200E-06
2.3887E-08	4.6818E-08	1.1881E-06	2.4736E-06
2.4475E-08	5.4295E-08	1.5515E-06	2.5546E-06
7.7716E-08	6.3392E-09	8.3456E-07	1.9064E-06
-3.1217E-09	5.2846E-08	9.9167E-07	2.9141E-06
1.1984E-08	2.2164E-08	1.0607E-06	2.0468E-06
3.3122E-08	4.4852E-08	8.7409E-07	2.7553E-06
5.9439E-08	2.8588E-08	7.9379E-07	1.8615E-06
5.9591E-08	1.9195E-08	2.5078E-07	3.2651E-06
1.8399E-08	2.2105E-08	1.6121E-06	2.3770E-06
6.7737E-08	1.0380E-08	1.7104E-07	2.0628E-06
6.0780E-08	1.9095E-09	-1.3174E-08	2.7766E-06
3.8674E-08	1.5780E-08	1.3822E-07	3.9126E-06
4.6641E-08	-7.4245E-09	1.6035E-06	3.6775E-06
7.2868E-08	3.7381E-09	1.7927E-06	2.9028E-06
3.1949E-08	4.3415E-08	1.1325E-06	1.5405E-06
3.0150E-08	5.9450E-08	-6.0108E-07	3.2960E-06
-7.6830E-09	5.1154E-08	1.9477E-06	3.7536E-06
1.9183E-08	5.7260E-08	6.9835E-07	1.7739E-06
5.3955E-08	1.5028E-08	-3.0373E-07	3.9003E-06
-2.0185E-08	4.7146E-08	2.0595E-06	4.5049E-06
2.8870E-08	2.2861E-08	2.4240E-06	2.2579E-06
2.1079E-08	3.2226E-08	1.1152E-06	2.2629E-06
3.5362E-08	1.6957E-08	8.5246E-07	2.1045E-06
7.3879E-09	6.9731E-08	1.3983E-07	3.3251E-06
2.8578E-08	5.4770E-08	1.7033E-06	3.3847E-06
4.3699E-09	2.8811E-08	1.4827E-06	2.4298E-06
3.7658E-08	2.5427E-08	6.2081E-07	1.8798E-06
3.3267E-08	-4.2595E-09	-1.8789E-07	3.6032E-06
4.2648E-08	-2.0981E-08	1.4580E-06	3.2967E-06
1.3913E-08	2.5746E-08	4.6187E-07	3.5779E-06
9.9072E-09	2.7364E-08	2.2128E-06	3.4039E-06
1.2226E-08	4.2653E-08	7.5259E-07	2.7382E-06
-3.6139E-08	6.2287E-08	2.0608E-06	3.4326E-06
5.7661E-08	3.7958E-08	1.0868E-06	2.0618E-06
3.7972E-08	-1.8662E-08	1.0717E-06	3.0403E-06
-1.7721E-09	1.3204E-08	6.4173E-07	2.7540E-06
1.6369E-08	4.9571E-08	1.1495E-06	3.7457E-06
4.5117E-08	7.6087E-09	1.6798E-06	3.3981E-06
4.5384E-08	1.0671E-08	2.5346E-06	2.4909E-06
4.3687E-08	1.1965E-08	2.8932E-07	1.4369E-06
2.4811E-08	-1.2287E-08	3.4993E-07	3.9542E-06
2.1511E-08	5.2596E-08	1.4944E-06	3.5559E-06
4.6662E-08	1.9738E-08	2.2785E-06	3.6074E-06
2.7801E-08	5.7343E-08	2.3715E-06	2.0527E-06
7.6319E-08	1.3396E-08	1.6676E-06	1.8340E-06
2.4152E-08	4.3684E-08	5.5334E-07	1.5395E-06
4.0964E-08	1.3005E-08	5.0661E-07	2.9604E-06
4.0421E-08	-4.2004E-08	8.1230E-07	2.5300E-06
6.0909E-08	-2.9420E-10	1.0380E-06	3.2890E-06
3.1448E-08	-2.7074E-10	1.3806E-06	2.0244E-06
5.1506E-11	4.0093E-08	1.4646E-07	2.6970E-06
-2.4869E-09	-7.2461E-09	9.3991E-07	3.1081E-06
4.5443E-08	5.5939E-08	9.6634E-07	2.7885E-06
6.5412E-08	-1.0347E-09	6.7132E-07	2.6612E-06
2.0583E-08	3.5574E-08	6.9739E-07	2.9974E-06
-1.4901E-08	-1.3489E-08	1.6539E-07	2.7928E-06
-1.2757E-08	6.9228E-08	5.0569E-07	4.4708E-06
7.1531E-08	-4.0744E-08	2.0325E-06	3.4067E-06
2.5273E-08	4.3050E-08	1.4655E-06	3.2312E-06
9.6329E-09	-2.1203E-09	2.0023E-06	2.1625E-06
8.6566E-08	8.1954E-09	-1.8073E-09	2.3660E-06
3.8855E-08	5.4568E-08	9.9875E-07	3.5822E-06
4.8838E-08	4.3101E-09	9.9216E-07	3.1044E-06
8.3415E-09	4.4625E-08	1.6655E-06	3.1111E-06
2.2637E-08	6.7453E-09	8.3321E-07	2.1548E-06
1.9378E-08	7.1587E-09	3.5471E-07	3.0196E-06
4.0889E-08	4.1121E-08	2.1012E-07	3.6747E-06
9.0894E-08	3.5999E-08	1.9376E-06	4.3068E-06
8.9667E-08	4.9066E-08	1.6502E-06	2.1731E-06
4.2057E-08	3.5952E-08	7.4826E-07	3.5476E-06
3.6312E-08	2.4956E-08	1.8723E-06	2.9237E-06
2.1069E-08	-1.9351E-08	1.2747E-06	2.9325E-06
1.0111E-07	4.9082E-09	1.7595E-06	2.3157E-06
4.4638E-08	3.2187E-08	7.1032E-07	2.2115E-06
2.8638E-08	2.7830E-08	6.8400E-07	2.3357E-06
2.6768E-08	2.9787E-08	5.2424E-08	2.9193E-06
4.6835E-08	-1.0296E-08	7.7362E-07	3.0595E-06
3.8807E-08	1.0860E-08	1.5534E-07	3.1452E-06
4.9235E-08	-8.6387E-09	1.0210E-06	3.4921E-06
2.6707E-08	-7.1256E-12	4.7482E-07	2.7623E-06
9.0056E-09	1.3330E-08	3.3207E-07	3.5214E-06
4.6866E-08	4.1383E-08	3.6008E-07	3.3900E-06
5.0528E-08	-5.9416E-08	1.5402E-07	4.2228E-06
3.5422E-08	4.8892E-09	1.3451E-06	4.5878E-06
5.3650E-08	4.6865E-08	1.5951E-06	3.6136E-06
4.7327E-08	2.9707E-08	1.2540E-06	3.9146E-06
2.8896E-08	-3.5479E-08	1.8189E-06	3.6866E-06
2.9374E-08	-1.1161E-08	1.7362E-06	3.6161E-06
3.1076E-08	-2.7981E-08	2.1941E-06	2.9449E-06
-2.1521E-08	1.5823E-08	1.1097E-06	2.6520E-06
-1.4912E-08	3.7428E-08	1.1693E-06	3.4881E-06
5.8415E-09	2.9860E-08	2.0032E-06	3.5746E-06
9.5641E-09	2.2501E-08	2.2365E-06	2.0462E-06
-4.6248E-09	2.4238E-08	4.5687E-07	2.3675E-06
5.9429E-08	1.2648E-08	1.4161E-06	2.9967E-06
-2.2131E-08	-1.7467E-08	5.5915E-07	2.3307E-06
2.6187E-08	3.6458E-08	6.9725E-07	3.3585E-06
4.2547E-08	-2.9872E-08	8.0592E-07	3.1592E-06
-2.7457E-09	-1.7230E-08	1.3782E-06	3.5647E-06
1.1916E-08	3.1622E-08	1.5397E-06	2.3699E-06
4.8134E-08	-6.7256E-09	2.1368E-07	2.3630E-06
2.5650E-08	5.0885E-08	8.5067E-08	3.7200E-06
3.3795E-08	-1.9774E-08	1.2074E-06	3.7070E-06
4.0264E-08	5.7414E-08	1.0478E-06	3.5089E-06
1.7822E-08	2.8429E-08	1.6975E-06	3.0764E-06
-1.7298E-08	-2.2741E-08	4.8068E-07	2.9770E-06
3.4354E-08	8.2795E-10	1.9679E-06	3.8046E-06
4.7897E-08	7.3978E-09	1.4208E-06	1.6077E-06
-4.7345E-10	5.0371E-09	1.2921E-07	2.8482E-06
2.3247E-08	2.4221E-08	1.0327E-06	2.9575E-06
-2.9415E-08	-1.0088E-08	7.4211E-07	1.8140E-06
1.3055E-08	-2.8602E-08	-1.8806E-06	2.4358E-06
-6.8509E-09	2.4310E-08	-3.0009E-07	5.9977E-06
2.8470E-08	-5.8179E-09	2.1350E-06	3.8159E-06
3.3782E-10	-1.1691E-08	8.3574E-07	3.3230E-06
2.7918E-08	-7.8071E-09	8.7826E-07	3.0630E-06
3.3760E-08	1.0817E-08	8.8357E-08	3.9114E-06
1.4298E-09	6.9628E-08	1.4484E-06	4.0713E-06
8.7057E-09	5.5195E-08	1.1873E-06	3.3469E-06
1.6683E-08	5.0654E-08	1.2633E-06	3.2029E-06
3.3010E-08	3.4437E-08	6.9982E-07	2.9375E-06
2.6160E-08	2.2831E-08	4.2807E-07	3.3464E-06
-1.1460E-08	-1.4156E-08	6.4637E-07	3.8151E-06
1.2421E-08	1.3417E-08	9.8856E-07	3.4285E-06
3.4119E-08	1.2886E-08	8.1207E-07	3.7986E-06
1.3060E-08	2.9170E-08	1.5483E-06	2.7191E-06
1.8223E-08	3.2845E-08	-9.9767E-07	2.8715E-06
7.3730E-09	-2.7003E-08	5.7117E-07	5.6485E-06
4.6785E-08	-3.3724E-08	2.3028E-06	3.7638E-06
9.2897E-09	2.7220E-08	1.4988E-06	3.0059E-06
5.6696E-08	1.0479E-08	9.2507E-07	2.7279E-06
1.2935E-08	3.0293E-08	5.4180E-07	3.2085E-06
-8.7814E-09	-6.5085E-09	4.8191E-07	3.4101E-06
4.2262E-08	-4.6375E-09	1.0081E-06	3.7557E-06
2.4836E-08	-2.0505E-09	7.7139E-07	3.0958E-06
1.3933E-08	3.5121E-08	1.0536E-06	4.0170E-06
2.2494E-08	2.6324E-08	1.8728E-06	2.6417E-06
3.3984E-09	1.1930E-08	8.6309E-07	2.0821E-06
-6.8295E-09	1.2352E-08	-2.9319E-07	1.6883E-06
-1.0278E-08	-1.8250E-08	-1.1403E-06	3.6278E-06
3.4489E-08	2.8195E-09	3.4748E-07	3.6269E-06
-1.2437E-08	-8.1031E-09	-2.5164E-08	3.3693E-06
-1.5783E-08	1.9020E-08	-1.3447E-07	2.9254E-06
3.0504E-08	3.3318E-08	-9.7229E-07	4.0736E-06
-6.5511E-09	1.0722E-08	4.3886E-07	3.9668E-06
6.2385E-08	-1.7875E-08	-2.8447E-07	3.7082E-06
6.3244E-08	3.3894E-08	1.1436E-07	3.2931E-06
5.3300E-09	7.1640E-08	-1.7899E-06	3.9080E-06
9.4709E-10	-1.0584E-08	-1.4512E-07	5.7559E-06
2.8807E-08	-6.4428E-09	8.2000E-07	4.6764E-06
3.3106E-08	-6.0587E-10	6.9150E-07	3.7421E-06
2.1732E-08	8.4191E-09	-5.0795E-07	4.2737E-06
2.1519E-08	-5.6814E-09	8.2100E-07	4.5190E-06
2.9629E-08	2.6804E-08	-2.7917E-07	3.9657E-06
9.1881E-09	3.8001E-08	8.8114E-07	4.7167E-06
2.0651E-08	1.3430E-08	2.9450E-08	3.2049E-06
1.6102E-08	5.0124E-09	-3.0505E-07	4.4006E-06
2.7145E-08	1.0807E-08	-4.9367E-07	4.0082E-06
2.9605E-08	2.0051E-10	-4.8681E-07	5.1667E-06
-1.6769E-09	-2.0230E-08	2.4007E-07	4.9041E-06
4.7145E-08	-1.0093E-08	2.5740E-07	4.5545E-06
-1.0919E-08	8.8547E-09	-5.7749E-07	4.8533E-06
2.3378E-08	-1.1387E-08	6.6429E-07	5.7890E-06
3.7815E-08	-2.0536E-08	7.3389E-07	4.6105E-06
2.0675E-08	1.2149E-08	9.8462E-07	4.8942E-06
3.4738E-08	-8.9580E-09	2.9288E-07	3.8201E-06
4.6075E-08	-2.2605E-08	2.2892E-07	5.2075E-06
1.2927E-08	2.6357E-09	5.7467E-07	3.9547E-06
4.6237E-08	5.0488E-08	-5.0085E-07	5.3112E-06
3.9104E-08	-2.4626E-09	1.4386E-06	5.3398E-06
1.2967E-08	-3.1160E-09	1.2290E-06	3.8425E-06
-1.1497E-08	-9.6920E-09	9.6625E-08	3.4253E-06
1.3752E-08	2.2379E-08	-5.8922E-07	4.3221E-06
2.8069E-08	-1.7308E-08	-3.9117E-07	4.4931E-06
1.7565E-08	-1.7971E-09	-8.9860E-07	5.2682E-06
1.2032E-09	-1.3685E-08	5.0232E-07	6.1847E-06
2.8905E-08	3.5401E-09	1.5953E-06	4.5941E-06
1.3737E-08	-8.9815E-09	1.7015E-07	3.5728E-06
9.2476E-09	3.7990E-08	-5.3767E-07	4.3108E-06
-9.8704E-09	1.8697E-08	-7.2544E-07	4.7037E-06
3.7270E-08	6.1152E-09	-5.5193E-07	5.2812E-06
-2.9107E-09	-2.7684E-08	-1.1905E-07	5.2865E-06
4.8736E-08	4.4995E-10	-3.6571E-07	4.7632E-06
3.3001E-08	8.8671E-09	-9.7073E-07	6.0780E-06
3.5578E-08	1.7728E-08	1.2373E-06	5.5180E-06
-1.7276E-08	-2.7056E-08	-1.3638E-06	4.3676E-06
5.8513E-09	1.1334E-08	2.8061E-07	7.4369E-06
1.3783E-08	2.2682E-08	1.2284E-06	4.0559E-06
1.9203E-08	2.0862E-08	-9.4972E-07	5.4368E-06
-1.8746E-08	-1.7871E-08	5.0161E-07	5.2130E-06
-5.2653E-09	-7.7367E-09	-3.7926E-07	5.0473E-06
-5.8042E-10	8.0521E-09	-2.0491E-07	4.6810E-06
-2.8613E-09	3.8597E-09	-1.4544E-06	5.0413E-06
4.8871E-08	-9.6582E-09	-1.3919E-06	5.6903E-06
4.5870E-08	1.0500E-08	-1.7253E-06	6.7281E-06
-4.4760E-08	-2.2397E-08	-4.3058E-07	7.4036E-06
-3.5012E-08	-7.1678E-10	3.0945E-07	6.9067E-06
2.8525E-08	-1.7853E-08	7.3173E-08	5.9589E-06
1.1918E-08	3.0930E-08	-7.7812E-07	7.1209E-06
3.7819E-09	2.4488E-08	1.2438E-06	7.2766E-06
5.8087E-08	6.7764E-10	6.8595E-07	5.5236E-06
5.1847E-08	1.2416E-08	-1.3339E-07	6.2435E-06
-1.0384E-08	4.0338E-08	3.6728E-07	6.3836E-06
2.7272E-08	4.4777E-08	3.9360E-07	6.1177E-06
1.0255E-08	-9.2806E-09	3.0510E-07	5.7573E-06
1.6256E-08	1.7583E-08	-4.2397E-07	5.8133E-06
4.0567E-09	1.3364E-08	-1.2609E-07	6.2463E-06
1.1529E-08	2.5417E-08	-7.4084E-07	5.7137E-06
1.4665E-08	1.2817E-09	-1.0744E-06	7.0378E-06
-2.2082E-09	1.8995E-08	-2.2608E-07	6.9481E-06
1.4980E-08	-1.3469E-08	-4.0864E-07	6.9243E-06
-1.0844E-08	-1.0698E-08	-4.9056E-07	7.0072E-06
1.8921E-09	-1.8675E-08	-1.0095E-07	7.5657E-06
4.9202E-08	-1.1575E-08	9.9147E-09	6.6587E-06
-2.8533E-09	2.4565E-09	-7.7508E-07	7.7465E-06
7.2775E-08	-2.7458E-08	8.1753E-07	7.8005E-06
7.1316E-09	9.9142E-09	5.8321E-07	6.7671E-06
3.1400E-08	-1.7609E-08	2.2774E-07	6.4795E-06
5.6591E-10	-1.6826E-08	-5.0240E-07	6.3801E-06
1.1661E-08	1.0795E-08	-1.3084E-06	6.8880E-06
9.4179E-09	-6.4792E-09	-1.1406E-06	8.3039E-06
1.3465E-08	2.0559E-08	-1.7164E-07	8.2021E-06
3.3419E-08	-1.2007E-08	2.6522E-08	8.3135E-06
5.6315E-09	3.4742E-09	3.6566E-07	7.4384E-06
1.6539E-08	-1.5922E-08	-7.5803E-07	7.6864E-06
5.2918E-09	2.2222E-08	-6.9614E-07	8.4737E-06
1.8476E-08	7.8953E-09	3.4429E-07	9.4552E-06
-1.9982E-09	2.3549E-08	1.1934E-06	7.1824E-06
5.4224E-08	-4.0341E-08	-1.6400E-06	8.3250E-06
2.9973E-08	-1.3109E-08	1.0214E-06	9.8356E-06
1.7147E-08	-2.6432E-08	8.7480E-07	8.0619E-06
-3.1029E-08	-2.3646E-08	8.9581E-07	8.0823E-06
2.8968E-08	1.4862E-08	-2.9622E-07	7.9120E-06
2.4445E-08	-2.0157E-08	7.9184E-07	9.0892E-06
-1.3708E-08	1.2407E-08	6.5360E-07	7.5732E-06
4.4151E-08	2.9106E-09	1.4550E-07	8.1483E-06
1.2897E-08	-1.8111E-08	-4.9399E-07	7.7910E-06
4.5538E-09	-1.0801E-08	-5.1192E-07	9.6461E-06
6.2631E-09	6.9405E-09	1.4154E-06	8.8096E-06
9.8559E-09	-7.7316E-09	1.6678E-07	7.1601E-06
9.6518E-09	1.9392E-08	-1.4843E-06	8.2669E-06
7.3604E-09	-2.6664E-09	-8.4352E-07	9.5004E-06
-5.0733E-09	-2.0547E-08	-6.4396E-07	9.4427E-06
2.3247E-08	2.4150E-08	-3.9365E-07	9.7342E-06
-3.4210E-09	-2.6258E-08	-6.9664E-07	9.5576E-06
1.8254E-09	1.7077E-09	-1.1139E-06	1.0568E-05
6.0223E-08	-1.5057E-08	1.7321E-07	1.1992E-05
7.5180E-09	-1.8225E-09	2.3470E-06	1.0206E-05
4.8563E-08	-6.5414E-10	7.2296E-08	8.8116E-06
6.0354E-08	3.2119E-08	2.4750E-07	1.0030E-05
6.4398E-09	-3.0908E-09	-9.6427E-07	9.5328E-06
2.5735E-08	4.5878E-08	-3.3152E-07	1.1829E-05
-1.9482E-08	-5.6978E-09	4.5869E-07	1.0731E-05
2.6677E-08	-1.9100E-08	6.6434E-07	1.1419E-05
-1.9753E-08	6.6369E-09	3.0123E-07	9.9383E-06
1.1279E-08	1.6949E-08	-5.3606E-07	1.2230E-05
9.4039E-09	2.9305E-08	1.5942E-06	1.1599E-05
2.0490E-08	-2.2380E-08	1.0501E-06	1.1142E-05
1.1886E-08	-5.0956E-09	1.0405E-06	1.0136E-05
3.7495E-08	6.4180E-10	-7.0383E-07	1.1011E-05
5.2647E-08	-3.2665E-08	1.4345E-07	1.1986E-05
1.3028E-08	-5.0695E-10	6.7676E-07	1.2184E-05
2.2573E-08	2.7922E-08	8.1176E-07	1.0762E-05
1.1519E-08	-1.8117E-09	-1.0907E-06	1.1969E-05
2.8727E-08	-3.9452E-09	3.2221E-07	1.2415E-05
2.7840E-08	1.6890E-08	-1.0411E-06	1.2750E-05
1.5851E-08	1.7832E-08	7.3315E-07	1.3785E-05
2.6826E-08	1.7670E-08	-1.1859E-07	1.2564E-05
2.0205E-08	3.8841E-08	-6.3532E-09	1.3942E-05
2.8194E-08	-2.0554E-08	-3.2431E-07	1.3367E-05
-1.4102E-08	-8.1505E-09	-7.1521E-07	1.5301E-05
-3.0652E-08	-2.2709E-09	9.4472E-07	1.5646E-05
1.5004E-08	-1.2093E-08	1.2703E-06	1.5124E-05
-7.7275E-09	-1.2234E-09	1.1636E-06	1.4910E-05
-1.0106E-08	8.4874E-09	7.6369E-07	1.5058E-05
1.4659E-08	2.6660E-08	6.6523E-07	1.5681E-05
3.5947E-08	4.8971E-09	7.6037E-07	1.5657E-05
1.1770E-08	-1.5886E-08	-3.6368E-07	1.6440E-05
3.3733E-09	1.3152E-08	3.9231E-07	1.8353E-05
-6.2315E-09	1.6588E-08	1.4706E-06	1.8366E-05
1.5522E-08	-1.5574E-08	1.7008E-06	1.8488E-05
2.2509E-08	-3.5569E-08	1.4105E-06	1.8409E-05
-1.2932E-08	-2.3957E-08	6.4146E-07	1.9817E-05
-1.8488E-08	-1.4257E-08	1.3076E-06	2.1196E-05
-1.8086E-08	2.7490E-08	9.8665E-07	2.2776E-05
2.7542E-08	3.0405E-09	3.1144E-06	2.6079E-05
2.1707E-08	-1.6245E-08	6.7165E-06	2.5848E-05
-2.9772E-08	-1.5843E-08	7.5009E-06	2.5209E-05
8.7321E-09	-2.6054E-09	8.5724E-06	2.6268E-05
3.2099E-08	-6.0177E-09	1.1305E-05	2.7307E-05
-1.3285E-08	3.1613E-08	1.4499E-05	2.6398E-05
9.7595E-09	2.6117E-08	1.6744E-05	2.4903E-05
-4.1497E-09	-1.8852E-09	1.8101E-05	2.2980E-05
-4.8293E-09	1.7259E-09	1.9983E-05	2.2512E-05
9.6789E-09	1.3627E-08	2.2834E-05	1.8388E-05
1.7830E-08	-6.3485E-09	2.0660E-05	1.5554E-05
3.0170E-08	-1.2918E-08	2.2189E-05	1.5043E-05
1.1824E-08	-4.0172E-10	2.2336E-05	1.0340E-05
1.1539E-08	1.2444E-08	1.9515E-05	7.3999E-06
-8.3235E-10	7.4638E-09	1.5851E-05	6.3059E-06
1.5899E-08	-3.2501E-08	1.3822E-05	7.6811E-06
1.3301E-08	-5.1084E-09	1.3004E-05	7.3755E-06
1.5397E-08	8.3169E-09	1.0860E-05	8.0253E-06
-5.8645E-09	1.4126E-08	1.0300E-05	9.1485E-06
2.6701E-08	8.9112E-09	9.0667E-06	9.8103E-06
2.4273E-08	6.6110E-09	8.9066E-06	1.1850E-05
2.8556E-08	-1.4503E-08	9.5594E-06	1.2207E-05
1.4659E-08	-1.9094E-08	9.2777E-06	1.2887E-05
-6.6406E-09	-9.1823E-10	8.9951E-06	1.3523E-05
3.1314E-08	-8.8395E-09	9.3958E-06	1.6193E-05
-1.0427E-08	-2.7804E-08	1.2838E-05	1.5692E-05
1.4674E-08	6.7378E-09	1.1637E-05	1.4081E-05
1.7179E-08	-3.7057E-08	1.1976E-05	1.5422E-05
-3.0720E-08	-1.0140E-08	1.2148E-05	1.5200E-05
-4.6958E-09	-2.0505E-09	1.2919E-05	1.6394E-05
2.4853E-08	6.0733E-09	1.4199E-05	1.5812E-05
-4.4104E-08	1.2812E-08	1.4352E-05	1.5410E-05
-2.5101E-08	-6.2171E-09	1.4386E-05	1.5743E-05
2.4282E-08	-8.0548E-09	1.5723E-05	1.5811E-05
-1.7614E-08	3.8412E-08	1.5194E-05	1.5034E-05
-2.0930E-08	9.1816E-10	1.6178E-05	1.6976E-05
-3.2619E-08	-2.7345E-08	1.8670E-05	1.5431E-05
2.3928E-08	8.0144E-09	1.8256E-05	1.4166E-05
-6.7656E-09	-2.1401E-09	1.8437E-05	1.3663E-05
-7.2847E-09	-1.4667E-08	1.8069E-05	1.3705E-05
-1.0516E-10	-2.3992E-09	1.9482E-05	1.4160E-05
1.1183E-08	1.2626E-09	2.0777E-05	1.2251E-05
2.7796E-08	1.0951E-08	1.9792E-05	1.0697E-05
2.4434E-09	2.2249E-08	1.9309E-05	1.0725E-05
2.6628E-08	-2.4723E-08	1.9338E-05	9.9481E-06
-1.4095E-08	-4.2327E-08	1.8225E-05	9.6047E-06
-1.1578E-08	-1.6310E-08	1.8198E-05	1.0382E-05
-5.4173E-09	-8.5906E-09	1.8448E-05	9.5692E-06
-2.0226E-08	9.3159E-09	1.7066E-05	9.9471E-06
1.3290E-08	1.4758E-08	1.7553E-05	1.1046E-05
2.1824E-08	-2.3192E-08	1.7496E-05	1.1716E-05
1.1094E-08	1.3479E-09	1.9700E-05	1.3096E-05
2.0602E-09	-1.4901E-08	2.1299E-05	1.0934E-05
-9.5534E-09	-6.4755E-09	2.0901E-05	1.0798E-05
-5.4200E-09	-1.5331E-08	2.2597E-05	9.8138E-06
3.4934E-08	9.2904E-09	2.1910E-05	8.0025E-06
2.7613E-09	-4.6378E-10	2.1975E-05	7.8764E-06
3.0576E-08	3.3077E-09	2.2023E-05	6.0162E-06
-1.5830E-10	4.4003E-12	2.0334E-05	5.0748E-06
-1.3734E-09	1.8152E-08	1.8962E-05	5.1826E-06
1.6358E-08	9.0445E-09	1.8184E-05	6.0519E-06
6.3973E-09	-5.6110E-09	1.7935E-05	5.9824E-06
-1.8157E-08	-3.1845E-09	1.6410E-05	7.3383E-06
-2.9915E-09	2.6464E-09	1.8109E-05	9.0251E-06
-2.5782E-10	6.4915E-10	1.8154E-05	7.9623E-06
6.0490E-09	6.9977E-09	1.7869E-05	9.7932E-06
4.1889E-08	2.2364E-08	1.9860E-05	9.9170E-06
-2.7504E-08	-5.9358E-09	1.9918E-05	9.4281E-06
5.2548E-09	-2.2790E-08	2.0588E-05	9.9462E-06
1.4518E-10	-1.8780E-08	2.1334E-05	9.6461E-06
-1.5271E-08	2.8943E-09	2.1758E-05	9.8466E-06
1.6239E-08	-3.9830E-09	2.2790E-05	9.6793E-06
7.2496E-09	1.4740E-08	2.3023E-05	9.4280E-06
-1.7523E-09	2.3967E-10	2.3748E-05	9.9794E-06
2.4954E-08	7.0088E-09	2.5271E-05	1.0467E-05
-4.4373E-09	-1.3680E-08	2.7961E-05	9.5762E-06
1.8135E-08	-1.5139E-09	2.8220E-05	7.2239E-06
5.2816E-09	-2.0107E-08	2.8550E-05	8.0697E-06
1.8620E-08	-7.6008E-09	3.2181E-05	7.1238E-06
1.9635E-08	-1.2562E-08	3.4323E-05	3.0663E-06
-1.8976E-08	1.3065E-09	3.3539E-05	-1.4943E-06
-3.7880E-10	2.2931E-10	3.1265E-05	-3.6893E-06
-2.6015E-08	6.6151E-10	2.9957E-05	-5.9556E-06
-1.6530E-09	3.6640E-09	2.6259E-05	-7.3944E-06
-2.0393E-08	3.5615E-08	2.4214E-05	-6.2187E-06
-1.2298E-08	1.1301E-08	2.2886E-05	-5.6901E-06
-1.7480E-08	4.0156E-08	2.2658E-05	-4.7373E-06
-2.6779E-09	-2.4213E-08	2.1596E-05	-5.0794E-06
-2.9918E-08	-5.1175E-09	2.1172E-05	-3.0191E-06
2.0796E-08	-1.7247E-09	2.2388E-05	-3.2651E-06
2.1718E-08	8.5077E-09	2.2068E-05	-3.0718E-06
-6.4160E-09	-1.7178E-08	2.2513E-05	-2.9792E-06
-3.8030E-09	-9.2418E-09	2.3450E-05	-2.2431E-06
4.3636E-09	-1.1199E-08	2.5014E-05	-4.1213E-06
1.4069E-08	-1.6085E-08	2.4324E-05	-4.3674E-06
1.2455E-08	-4.7063E-09	2.6463E-05	-5.9615E-06
2.4488E-08	-2.6398E-08	2.4970E-05	-8.5158E-06
3.4360E-08	-1.0238E-08	2.4597E-05	-9.6150E-06
1.7000E-08	-2.6169E-09	2.2285E-05	-1.0989E-05
4.4655E-09	-2.4899E-08	2.1895E-05	-1.0327E-05
-1.3435E-08	7.9693E-09	2.1368E-05	-1.1883E-05
6.6158E-10	-1.1595E-08	1.9794E-05	-1.2824E-05
-2.9057E-08	-6.4301E-09	1.7517E-05	-1.2944E-05
1.1748E-08	1.4093E-08	1.6242E-05	-1.2182E-05
-7.5599E-09	3.1749E-08	1.4899E-05	-1.0905E-05
-7.7928E-09	-1.6476E-08	1.6060E-05	-1.0130E-05
-2.6635E-08	7.5750E-10	1.5051E-05	-1.1198E-05
2.0131E-08	-2.1820E-08	1.4704E-05	-1.0657E-05
6.0155E-09	-1.1166E-08	1.3191E-05	-1.1137E-05
1.0816E-08	4.0036E-08	1.2935E-05	-9.4679E-06
6.1406E-09	-5.7452E-09	1.2756E-05	-1.0120E-05
1.1125E-08	1.4542E-08	1.1868E-05	-9.4349E-06
5.6865E-09	-1.5334E-09	1.0797E-05	-9.0165E-06
-1.4819E-08	2.2126E-09	1.1088E-05	-6.8431E-06
-8.7709E-09	-8.9492E-09	1.2048E-05	-7.2724E-06
1.3471E-08	2.6367E-08	1.2247E-05	-6.8280E-06
-3.2390E-09	-5.1663E-09	1.2171E-05	-8.1821E-06
-3.0366E-08	3.0394E-08	1.0607E-05	-6.5788E-06
-2.4285E-08	4.4126E-08	1.3001E-05	-6.0472E-06
4.0212E-09	-1.3961E-08	1.2676E-05	-8.4493E-06
-1.0305E-08	8.0458E-09	1.0572E-05	-8.4077E-06
-1.3659E-08	1.0989E-08	9.7822E-06	-7.2947E-06
2.5429E-09	-2.4642E-08	9.3287E-06	-5.9282E-06
8.2111E-09	-9.6074E-09	1.0972E-05	-4.7641E-06
-1.5439E-09	1.5252E-08	1.1290E-05	-6.3853E-06
-5.3386E-09	-3.7964E-09	1.0311E-05	-5.6243E-06
-6.8081E-09	-1.2649E-08	1.1065E-05	-5.7102E-06
-1.8934E-08	1.7504E-08	1.0420E-05	-5.8659E-06
-8.5720E-09	1.5139E-08	1.0510E-05	-5.7311E-06
1.1822E-08	1.4093E-09	9.5817E-06	-5.9409E-06
-2.7484E-09	1.7360E-08	9.0285E-06	-4.4038E-06
1.5380E-08	1.7275E-08	1.0148E-05	-3.9438E-06
-3.9795E-09	-1.4058E-08	9.7662E-06	-3.9957E-06
2.4356E-08	-2.0742E-08	1.0223E-05	-3.1985E-06
1.0382E-08	-2.4558E-08	1.0155E-05	-2.7184E-06
-2.2746E-08	1.9870E-08	1.2178E-05	-1.7304E-06
-2.6837E-08	-6.3015E-09	1.2624E-05	-3.9825E-06
-6.2194E-09	-1.2657E-08	1.1845E-05	-3.2325E-06
3.2551E-08	-7.0345E-09	1.2371E-05	-3.7273E-06
4.2428E-08	-2.8405E-08	1.2205E-05	-2.5108E-06
2.1614E-08	-1.4790E-08	1.4462E-05	-3.1086E-06
-2.2846E-08	1.6549E-08	1.4219E-05	-4.1251E-06
-1.6184E-08	1.0639E-08	1.5744E-05	-4.4614E-06
-4.2986E-09	-3.5753E-09	1.6432E-05	-7.6219E-06
-6.3709E-09	1.2178E-08	1.3676E-05	-1.0326E-05
7.0638E-10	-2.2954E-08	1.0382E-05	-9.3083E-06
5.6945E-09	2.0940E-08	9.9578E-06	-7.4315E-06
1.5474E-08	-4.3834E-09	1.0275E-05	-6.8625E-06
-7.3008E-09	-1.3783E-08	1.0234E-05	-6.6880E-06
-2.8102E-08	1.9186E-09	1.0612E-05	-6.6077E-06
2.9344E-08	1.2129E-08	9.8361E-06	-7.5628E-06
1.6703E-08	-3.3080E-08	8.5792E-06	-6.1180E-06
3.9419E-09	-9.4562E-09	9.6386E-06	-5.1640E-06
1.0613E-08	-1.8534E-09	1.0535E-05	-5.3162E-06
-1.6351E-10	2.1950E-08	1.0841E-05	-6.7094E-06
-2.6341E-08	-8.6600E-09	9.4953E-06	-6.9276E-06
-7.3655E-10	1.2272E-08	9.4410E-06	-6.7784E-06
-5.5233E-09	-1.1754E-08	8.4589E-06	-6.7406E-06
-7.5697E-09	-3.1988E-08	8.7648E-06	-5.9702E-06
4.1477E-08	5.0662E-09	8.5454E-06	-6.9597E-06
1.1137E-10	-1.5294E-08	7.0801E-06	-6.3846E-06
2.1150E-08	-2.6525E-08	7.0918E-06	-5.7200E-06
-8.8056E-09	-1.9790E-08	6.0908E-06	-4.9706E-06
2.0979E-08	-1.2516E-08	7.4008E-06	-3.5910E-06
8.1764E-09	-1.2529E-08	6.9189E-06	-5.2732E-06
3.1392E-09	-1.0947E-08	5.3344E-06	-2.7439E-06
2.8275E-08	1.6080E-08	7.8398E-06	-2.0038E-06
3.5510E-08	1.0678E-08	7.4915E-06	-3.2172E-06
2.4322E-08	9.6996E-09	6.6397E-06	-2.4284E-06
-3.4426E-09	-1.1711E-08	7.0503E-06	-1.1075E-06
-3.0209E-09	-1.5579E-08	7.9658E-06	-1.0113E-06
-7.2175E-09	-2.7105E-08	8.0376E-06	-9.0211E-07
1.6857E-08	1.6961E-08	7.9520E-06	-4.0595E-07
2.5741E-08	-8.0820E-10	9.0603E-06	6.9140E-07
1.2966E-08	7.8651E-09	9.3953E-06	-4.8781E-07
2.1371E-08	-4.4754E-09	8.8907E-06	1.9451E-06
-1.6982E-08	-7.4852E-09	1.2929E-05	1.5388E-06
-2.5231E-08	-3.4789E-08	1.2267E-05	-1.2483E-06
1.2681E-08	2.2700E-08	1.1165E-05	-1.2931E-06
8.8783E-10	-2.3410E-09	1.0190E-05	5.1223E-08
-6.7638E-09	-1.1102E-08	1.2287E-05	1.1888E-06
2.6023E-08	2.4777E-08	1.2744E-05	-6.4679E-08
2.3754E-08	-3.7400E-09	1.2680E-05	1.0985E-07
2.8895E-09	-1.4021E-09	1.2701E-05	8.9071E-07
1.1631E-08	-8.5499E-09	1.4988E-05	1.4797E-06
1.8620E-08	-4.5630E-09	1.5734E-05	-3.5407E-07
2.1293E-08	-5.2522E-09	1.5908E-05	-5.6788E-07
5.2969E-08	1.4960E-09	1.6141E-05	-1.5079E-06
-7.5441E-09	-2.3827E-08	1.6069E-05	-1.4961E-06
-1.5707E-09	5.9439E-09	1.6438E-05	-1.8008E-06
2.3125E-08	1.0927E-08	1.6549E-05	-1.6980E-06
-7.8034E-10	-3.9399E-09	1.7715E-05	-1.1491E-06
1.6157E-08	-7.1646E-09	1.9759E-05	-2.7907E-06
-1.5026E-08	7.2905E-09	1.8650E-05	-4.5237E-06
-3.3314E-08	-4.4407E-09	1.9098E-05	-4.2396E-06
8.8385E-09	-8.4906E-10	1.8670E-05	-5.3211E-06
2.0332E-08	2.5857E-08	1.9547E-05	-4.0115E-06
1.3404E-08	1.2248E-08	2.1347E-05	-5.6996E-06
-9.6679E-11	-6.6637E-09	2.2305E-05	-6.0477E-06
1.1284E-08	-1.1865E-08	2.5247E-05	-9.4806E-06
9.8824E-09	-1.3278E-08	2.3488E-05	-1.4548E-05
4.5102E-09	1.4070E-08	2.0007E-05	-1.6178E-05
9.9311E-09	9.9483E-09	1.8473E-05	-1.6427E-05
-1.7385E-08	1.1376E-08	1.6188E-05	-1.8182E-05
-3.2488E-08	2.5285E-08	1.3008E-05	-1.6678E-05
-4.2803E-10	-1.4606E-09	1.3295E-05	-1.5642E-05
2.6698E-09	-1.3767E-08	1.2287E-05	-1.6038E-05
1.5453E-08	3.0567E-08	1.1615E-05	-1.5588E-05
2.6862E-11	2.3863E-08	1.1075E-05	-1.5843E-05
-1.3054E-08	-2.8142E-08	9.7583E-06	-1.6133E-05
-1.1524E-08	1.3586E-08	8.3299E-06	-1.5377E-05
1.0639E-08	4.7503E-08	7.4021E-06	-1.4622E-05
6.4498E-09	3.7642E-08	6.6380E-06	-1.2944E-05
1.7707E-08	-9.4093E-09	7.5083E-06	-1.1811E-05
-1.6018E-08	-2.3372E-08	8.1873E-06	-1.1730E-05
-4.3881E-08	-2.4708E-08	8.1437E-06	-1.2468E-05
1.8703E-08	1.8822E-08	7.3021E-06	-1.1674E-05
2.7202E-08	-2.9253E-08	8.3714E-06	-1.1937E-05
-2.4171E-08	-8.0820E-09	6.3509E-06	-1.2558E-05
9.9162E-09	-3.7236E-09	6.2640E-06	-9.8093E-06
1.4227E-09	5.5011E-09	8.3945E-06	-9.7815E-06
7.0811E-09	1.7104E-08	8.6966E-06	-1.0998E-05
2.6448E-08	-6.8013E-10	8.0529E-06	-1.1277E-05
-4.4483E-08	4.6653E-10	8.5283E-06	-1.0908E-05
-2.2660E-08	-2.0250E-09	8.9777E-06	-1.2587E-05
3.2962E-08	-2.7039E-08	6.4490E-06	-1.3357E-05
-6.4340E-09	2.2130E-08	5.7320E-06	-1.0874E-05
-1.6479E-08	-6.8183E-09	7.5315E-06	-1.0693E-05
1.6735E-08	-1.3427E-08	7.4952E-06	-1.1922E-05
-2.0561E-08	-5.5093E-08	6.2538E-06	-1.2205E-05
-2.6202E-09	-3.8869E-08	6.0596E-06	-1.0643E-05
-2.8770E-08	-8.3925E-10	7.5609E-06	-1.1146E-05
7.3771E-09	-1.3688E-08	7.0888E-06	-1.1978E-05
-1.4552E-08	-6.8709E-09	6.8215E-06	-1.2712E-05
4.4905E-08	-1.3805E-08	5.4465E-06	-1.2088E-05
-2.4755E-09	1.5689E-08	6.8225E-06	-1.1706E-05
-7.7532E-10	-1.7473E-08	6.2475E-06	-1.2567E-05
-2.6515E-08	7.5852E-09	7.5542E-06	-1.2550E-05
2.3853E-09	3.4161E-08	6.9049E-06	-1.5359E-05
-1.6222E-08	-2.6599E-09	5.6057E-06	-1.5101E-05
-1.0754E-08	1.8186E-08	6.6398E-06	-1.6556E-05
2.3317E-08	4.3616E-09	6.3412E-06	-2.0716E-05
-1.5402E-08	-6.3580E-09	2.2024E-06	-2.7500E-05
1.1771E-08	-3.9046E-08	-1.2085E-05	-3.3507E-05
-8.8603E-09	3.9892E-08	-3.5293E-05	-1.9425E-05
2.6029E-08	-1.7946E-08	-3.0138E-05	1.4824E-05
-5.8740E-09	-2.8428E-08	4.3913E-08	1.8887E-05
7.2010E-10	5.0169E-10	5.3447E-06	2.5468E-06
7.1337E-10	5.0130E-10	-3.7863E-07	1.8432E-06
7.0669E-10	5.0089E-10	1.9130E-06	6.5184E-06
7.0005E-10	5.0046E-10	8.2286E-06	5.7479E-06
6.9346E-10	5.0000E-10	1.0762E-05	2.0857E-06
6.8692E-10	4.9951E-10	1.1609E-05	-8.4459E-07
6.8042E-10	4.9900E-10	1.1438E-05	-2.5011E-06
6.7396E-10	4.9848E-10	1.2905E-05	-4.4500E-06
6.6755E-10	4.9792E-10	1.1438E-05	-8.3474E-06
6.6118E-10	4.9735E-10	8.6606E-06	-8.2048E-06
6.5486E-10	4.9675E-10	8.4025E-06	-8.0833E-06
6.4858E-10	4.9614E-10	7.6737E-06	-7.7741E-06
6.4234E-10	4.9550E-10	8.5400E-06	-8.1709E-06
6.3615E-10	4.9484E-10	7.6265E-06	-9.5501E-06
6.3000E-10	4.9416E-10	6.2189E-06	-9.9355E-06
6.2389E-10	4.9346E-10	4.6610E-06	-8.3193E-06
6.1782E-10	4.9274E-10	6.6988E-06	-7.6541E-06
6.1180E-10	4.9200E-10	5.7805E-06	-9.0922E-06
6.0582E-10	4.9124E-10	5.9810E-06	-8.7362E-06
5.9989E-10	4.9046E-10	3.8079E-06	-9.4564E-06
5.9399E-10	4.8966E-10	4.6958E-06	-6.0394E-06
5.8814E-10	4.8885E-10	6.5046E-06	-8.3309E-06
5.8232E-10	4.8801E-10	5.2373E-06	-7.9912E-06
5.7655E-10	4.8716E-10	5.8543E-06	-8.5229E-06
5.7082E-10	4.8629E-10	5.7028E-06	-8.5589E-06
5.6514E-10	4.8540E-10	4.9774E-06	-1.0303E-05
5.5949E-10	4.8450E-10	3.0131E-06	-8.2755E-06
5.5388E-10	4.8358E-10	4.6647E-06	-8.1455E-06
5.4831E-10	4.8264E-10	3.8988E-06	-7.8523E-06
5.4279E-10	4.8169E-10	5.2151E-06	-8.4768E-06
5.3730E-10	4.8072E-10	3.2071E-06	-8.9349E-06
5.3185E-10	4.7973E-10	3.7004E-06	-7.4328E-06
5.2645E-10	4.7873E-10	4.1824E-06	-7.5895E-06
5.2108E-10	4.7772E-10	4.6144E-06	-8.3223E-06
5.1575E-10	4.7669E-10	3.1735E-06	-8.2380E-06
5.1046E-10	4.7564E-10	4.3423E-06	-7.1536E-06
5.0521E-10	4.7458E-10	4.5958E-06	-8.6733E-06
5.0000E-10	4.7351E-10	3.5415E-06	-9.0321E-06
4.9482E-10	4.7242E-10	2.4880E-06	-8.5299E-06
4.8969E-10	4.7132E-10	2.5151E-06	-7.3886E-06
4.8459E-10	4.7021E-10	3.4090E-06	-6.8818E-06
4.7953E-10	4.6908E-10	4.0620E-06	-8.1445E-06
4.7451E-10	4.6794E-10	2.4415E-06	-8.1900E-06
4.6953E-10	4.6678E-10	2.9698E-06	-7.6246E-06
4.6458E-10	4.6562E-10	1.5626E-06	-7.6063E-06
4.5967E-10	4.6444E-10	2.8700E-06	-5.4030E-06
4.5479E-10	4.6325E-10	4.0140E-06	-7.1497E-06
4.4996E-10	4.6204E-10	3.3662E-06	-6.9495E-06
4.4516E-10	4.6083E-10	3.8031E-06	-7.8415E-06
4.4039E-10	4.5961E-10	2.3101E-06	-7.7882E-06
4.3566E-10	4.5837E-10	2.6684E-06	-6.7483E-06
4.3097E-10	4.5712E-10	2.9950E-06	-7.1108E-06
4.2632E-10	4.5586E-10	2.7784E-06	-6.9933E-06
4.2170E-10	4.5459E-10	3.0427E-06	-7.2586E-06
4.1711E-10	4.5332E-10	2.0927E-06	-7.4206E-06
4.1256E-10	4.5203E-10	2.1424E-06	-6.3159E-06
4.0804E-10	4.5073E-10	2.6193E-06	-6.3003E-06
4.0356E-10	4.4942E-10	3.1015E-06	-6.1404E-06
3.9912E-10	4.4810E-10	3.2976E-06	-6.8789E-06
3.9471E-10	4.4678E-10	3.1205E-06	-6.9920E-06
3.9033E-10	4.4544E-10	2.6549E-06	-7.6816E-06
3.8598E-10	4.4409E-10	1.9463E-06	-6.9725E-06
3.8167E-10	4.4274E-10	2.0108E-06	-7.1469E-06
3.7740E-10	4.4138E-10	1.4304E-06	-6.2086E-06
3.7316E-10	4.4001E-10	2.3932E-06	-6.6225E-06
3.6895E-10	4.3863E-10	5.1787E-07	-6.4786E-06
3.6477E-10	4.3724E-10	1.4632E-06	-4.1965E-06
3.6063E-10	4.3585E-10	3.0538E-06	-4.5012E-06
3.5652E-10	4.3445E-10	4.1831E-06	-5.5506E-06
3.5244E-10	4.3304E-10	2.9425E-06	-7.3722E-06
3.4839E-10	4.3162E-10	1.7147E-06	-5.9844E-06
3.4438E-10	4.3020E-10	2.4410E-06	-5.7367E-06
3.4040E-10	4.2877E-10	2.4791E-06	-5.3801E-06
3.3645E-10	4.2733E-10	3.4170E-06	-6.1886E-06
3.3253E-10	4.2589E-10	1.6690E-06	-6.9089E-06
3.2864E-10	4.2444E-10	1.5005E-06	-5.0091E-06
3.2479E-10	4.2298E-10	2.6148E-06	-5.1859E-06
3.2096E-10	4.2152E-10	2.4238E-06	-5.3875E-06
3.1717E-10	4.2006E-10	2.3931E-06	-5.2719E-06
3.1340E-10	4.1858E-10	2.5815E-06	-4.7561E-06
3.0967E-10	4.1710E-10	3.3749E-06	-5.0986E-06
3.0597E-10	4.1562E-10	2.9934E-06	-5.4946E-06
3.0230E-10	4.1413E-10	3.2268E-06	-5.0739E-06
2.9866E-10	4.1264E-10	3.9571E-06	-5.6034E-06
2.9504E-10	4.1114E-10	3.4636E-06	-6.6152E-06
2.9146E-10	4.0963E-10	2.9424E-06	-6.3743E-06
2.8791E-10	4.0813E-10	2.4711E-06	-7.0012E-06
2.8438E-10	4.0661E-10	1.3972E-06	-5.4054E-06
2.8089E-10	4.0510E-10	3.6081E-06	-5.4086E-06
2.7742E-10	4.0358E-10	2.2038E-06	-6.9118E-06
2.7399E-10	4.0205E-10	2.1288E-06	-5.5459E-06
2.7058E-10	4.0052E-10	2.1871E-06	-6.2303E-06
2.6720E-10	3.9899E-10	1.7368E-06	-5.4902E-06
2.6385E-10	3.9745E-10	2.0160E-06	-5.2860E-06
2.6052E-10	3.9591E-10	2.5631E-06	-4.9421E-06
2.5723E-10	3.9437E-10	2.7165E-06	-5.7603E-06
2.5396E-10	3.9283E-10	2.4315E-06	-5.3849E-06
2.5072E-10	3.9128E-10	2.8683E-06	-6.0410E-06
2.4751E-10	3.8973E-10	1.8329E-06	-6.1587E-06
2.4432E-10	3.8817E-10	1.9582E-06	-5.6657E-06
2.4117E-10	3.8661E-10	1.3942E-06	-5.9046E-06
2.3803E-10	3.8505E-10	1.1454E-06	-4.3802E-06
2.3493E-10	3.8349E-10	3.0441E-06	-4.3985E-06
2.3185E-10	3.8193E-10	2.6322E-06	-5.8788E-06
2.2880E-10	3.8036E-10	2.0915E-06	-5.4725E-06
2.2577E-10	3.7879E-10	2.0329E-06	-5.8284E-06
2.2277E-10	3.7722E-10	1.1917E-06	-5.4138E-06
2.1980E-10	3.7565E-10	1.5513E-06	-4.5882E-06
2.1685E-10	3.7408E-10	1.8788E-06	-4.7069E-06
2.1393E-10	3.7250E-10	2.1143E-06	-4.4214E-06
2.1104E-10	3.7092E-10	2.3776E-06	-5.1417E-06
2.0816E-10	3.6935E-10	1.6399E-06	-4.6472E-06
2.0532E-10	3.6777E-10	2.4237E-06	-4.8979E-06
2.0250E-10	3.6619E-10	1.1263E-06	-4.5537E-06
1.9970E-10	3.6460E-10	2.8442E-06	-3.7172E-06
1.9693E-10	3.6302E-10	2.0719E-06	-5.0546E-06
1.9418E-10	3.6144E-10	2.6187E-06	-3.6403E-06
1.9146E-10	3.5986E-10	3.0792E-06	-5.2324E-06
1.8876E-10	3.5827E-10	2.1389E-06	-5.0047E-06
1.8608E-10	3.5669E-10	1.5998E-06	-4.5214E-06
1.8343E-10	3.5510E-10	3.2743E-06	-3.2577E-06
1.8081E-10	3.5351E-10	3.6227E-06	-6.4660E-06
1.7820E-10	3.5193E-10	3.5268E-07	-5.1751E-06
1.7562E-10	3.5034E-10	2.3530E-06	-2.9671E-06
1.7307E-10	3.4876E-10	3.6209E-06	-4.9838E-06
1.7053E-10	3.4717E-10	1.3657E-06	-5.3473E-06
1.6802E-10	3.4559E-10	2.2864E-06	-3.3134E-06
1.6553E-10	3.4400E-10	2.6901E-06	-4.8942E-06
1.6307E-10	3.4242E-10	2.0139E-06	-3.4493E-06
1.6063E-10	3.4083E-10	3.6663E-06	-4.0278E-06
1.5820E-10	3.3925E-10	3.1701E-06	-4.7748E-06
1.5581E-10	3.3766E-10	2.4883E-06	-5.0411E-06
1.5343E-10	3.3608E-10	2.5226E-06	-3.6105E-06
1.5108E-10	3.3450E-10	3.7570E-06	-4.5965E-06
1.4874E-10	3.3292E-10	3.0469E-06	-4.5880E-06
1.4643E-10	3.3134E-10	3.3886E-06	-5.2603E-06
1.4414E-10	3.2976E-10	2.3259E-06	-4.2386E-06
1.4187E-10	3.2818E-10	4.8620E-06	-4.3693E-06
1.3963E-10	3.2661E-10	3.6554E-06	-7.2120E-06
1.3740E-10	3.2503E-10	1.3724E-06	-6.0636E-06
1.3520E-10	3.2346E-10	2.2318E-06	-4.6032E-06
1.3301E-10	3.2188E-10	2.6205E-06	-5.5790E-06
1.3085E-10	3.2031E-10	1.7443E-06	-5.1352E-06
1.2870E-10	3.1874E-10	1.9527E-06	-4.6701E-06
1.2658E-10	3.1718E-10	2.5524E-06	-4.1242E-06
1.2448E-10	3.1561E-10	2.8849E-06	-5.1947E-06
1.2240E-10	3.1405E-10	2.3601E-06	-4.5600E-06
1.2033E-10	3.1248E-10	2.8247E-06	-5.3683E-06
1.1829E-10	3.1092E-10	2.0096E-06	-4.2782E-06
1.1627E-10	3.0936E-10	3.7746E-06	-5.2508E-06
1.1426E-10	3.0781E-10	1.7443E-06	-5.6055E-06
1.1228E-10	3.0625E-10	2.9346E-06	-5.0560E-06
1.1031E-10	3.0470E-10	1.1836E-06	-5.8251E-06
1.0837E-10	3.0315E-10	1.9999E-06	-3.5087E-06
1.0644E-10	3.0160E-10	3.3104E-06	-5.0878E-06
1.0453E-10	3.0006E-10	1.9550E-06	-5.6050E-06
1.0264E-10	2.9852E-10	1.5932E-06	-4.4463E-06
1.0077E-10	2.9698E-10	2.5625E-06	-4.3082E-06
9.8917E-11	2.9544E-10	2.4939E-06	-4.5181E-06
9.7082E-11	2.9390E-10	3.0890E-06	-4.7513E-06
9.5266E-11	2.9237E-10	2.5309E-06	-5.2801E-06
9.3468E-11	2.9084E-10	2.6447E-06	-5.0365E-06
9.1687E-11	2.8932E-10	2.4230E-06	-5.5541E-06
8.9925E-11	2.8779E-10	1.6437E-06	-5.3029E-06
8.8180E-11	2.8627E-10	2.1308E-06	-4.1689E-06
8.6453E-11	2.8475E-10	2.9515E-06	-5.5837E-06
8.4743E-11	2.8324E-10	1.1232E-06	-5.0644E-06
8.3050E-11	2.8172E-10	2.4950E-06	-4.4393E-06
8.1374E-11	2.8022E-10	1.5382E-06	-4.7740E-06
7.9716E-11	2.7871E-10	2.8570E-06	-3.7015E-06
7.8074E-11	2.7721E-10	3.1655E-06	-5.0502E-06
7.6449E-11	2.7571E-10	3.0231E-06	-5.6125E-06
7.4841E-11	2.7421E-10	1.4331E-06	-5.6027E-06
7.3249E-11	2.7272E-10	2.6181E-06	-4.2087E-06
7.1674E-11	2.7123E-10	2.4467E-06	-5.5965E-06
7.0115E-11	2.6974E-10	2.6990E-06	-4.5767E-06
6.8572E-11	2.6826E-10	3.0789E-06	-6.2105E-06
6.7046E-11	2.6678E-10	2.0047E-06	-6.2014E-06
6.5535E-11	2.6531E-10	1.0845E-06	-6.3744E-06
6.4040E-11	2.6383E-10	8.0721E-07	-4.6957E-06
6.2561E-11	2.6236E-10	1.6447E-06	-4.9886E-06
6.1097E-11	2.6090E-10	1.5816E-06	-4.4701E-06
5.9649E-11	2.5944E-10	2.1671E-06	-5.2216E-06
5.8216E-11	2.5798E-10	1.3266E-06	-4.8433E-06
5.6798E-11	2.5653E-10	2.0708E-06	-4.6284E-06
5.5395E-11	2.5508E-10	2.1310E-06	-4.6523E-06
5.4008E-11	2.5363E-10	2.9873E-06	-5.1650E-06
5.2635E-11	2.5219E-10	2.6188E-06	-6.3532E-06
5.1277E-11	2.5075E-10	1.5864E-06	-7.2061E-06
4.9934E-11	2.4932E-10	-4.0708E-07	-6.7157E-06
4.8605E-11	2.4789E-10	-7.9798E-07	-4.8636E-06
4.7291E-11	2.4646E-10	-8.8893E-08	-3.7350E-06
4.5991E-11	2.4504E-10	1.0744E-06	-3.5056E-06
4.4705E-11	2.4362E-10	1.3364E-06	-4.1934E-06
4.3434E-11	2.4221E-10	9.2870E-07	-3.8299E-06
4.2176E-11	2.4080E-10	1.9093E-06	-3.3092E-06
4.0933E-11	2.3939E-10	2.4527E-06	-4.3894E-06
3.9703E-11	2.3799E-10	1.8403E-06	-4.5265E-06
3.8486E-11	2.3659E-10	2.2818E-06	-4.4967E-06
3.7284E-11	2.3520E-10	2.1812E-06	-5.2876E-06
3.6095E-11	2.3381E-10	1.3365E-06	-5.5555E-06
3.4919E-11	2.3243E-10	8.1045E-07	-4.8068E-06
3.3756E-11	2.3105E-10	1.3295E-06	-4.6839E-06
3.2607E-11	2.2967E-10	6.7796E-07	-4.7282E-06
3.1470E-11	2.2830E-10	1.2661E-06	-3.8315E-06
3.0347E-11	2.2693E-10	1.5032E-06	-4.7638E-06
2.9236E-11	2.2557E-10	9.2607E-07	-4.1790E-06
2.8138E-11	2.2421E-10	1.5545E-06	-4.4391E-06
2.7053E-11	2.2286E-10	7.2501E-07	-4.4999E-06
2.5981E-11	2.2151E-10	8.1401E-07	-3.7729E-06
2.4920E-11	2.2017E-10	1.1830E-06	-3.2722E-06
2.3872E-11	2.1883E-10	2.1453E-06	-3.5894E-06
2.2837E-11	2.1749E-10	1.6222E-06	-4.2868E-06
2.1813E-11	2.1616E-10	1.2469E-06	-3.6106E-06
2.0802E-11	2.1483E-10	2.1157E-06	-2.9565E-06
1.9802E-11	2.1351E-10	2.8768E-06	-4.2269E-06
1.8815E-11	2.1219E-10	1.3719E-06	-3.8741E-06
1.7839E-11	2.1088E-10	3.3268E-06	-2.7175E-06
1.6874E-11	2.0957E-10	3.9683E-06	-4.9478E-06
1.5922E-11	2.0827E-10	2.9906E-06	-5.6173E-06
1.4980E-11	2.0697E-10	1.9794E-06	-5.6965E-06
1.4051E-11	2.0568E-10	1.9864E-06	-4.8679E-06
1.3132E-11	2.0439E-10	2.1560E-06	-5.0129E-06
1.2225E-11	2.0311E-10	2.7497E-06	-4.9647E-06
1.1328E-11	2.0183E-10	2.4270E-06	-6.1732E-06
1.0443E-11	2.0055E-10	1.9278E-06	-5.8497E-06
9.5687E-12	1.9928E-10	1.5194E-06	-6.6369E-06
8.7052E-12	1.9802E-10	3.8721E-07	-5.7468E-06
7.8524E-12	1.9676E-10	7.9834E-07	-5.1247E-06
7.0102E-12	1.9550E-10	1.2556E-06	-4.8161E-06
6.1786E-12	1.9425E-10	1.7175E-06	-5.5521E-06
5.3575E-12	1.9300E-10	1.2050E-06	-6.0783E-06
4.5467E-12	1.9176E-10	3.9661E-08	-6.3404E-06
3.7462E-12	1.9053E-10	-6.1138E-07	-4.5978E-06
2.9560E-12	1.8930E-10	7.1499E-07	-4.0746E-06
2.1758E-12	1.8807E-10	1.3920E-06	-4.5422E-06
1.4057E-12	1.8685E-10	9.8783E-07	-5.5849E-06
6.4553E-13	1.8563E-10	4.2993E-07	-4.6934E-06
-1.0478E-13	1.8442E-10	9.4842E-07	-5.4380E-06
-8.4531E-13	1.8321E-10	-3.7521E-07	-4.6241E-06
-1.5761E-12	1.8201E-10	1.0644E-06	-4.0598E-06
-2.2974E-12	1.8081E-10	1.0279E-06	-4.4760E-06
-3.0091E-12	1.7962E-10	2.0183E-06	-5.2836E-06
-3.7113E-12	1.7844E-10	-7.7476E-08	-6.3765E-06
-4.4042E-12	1.7725E-10	-3.5784E-08	-4.2808E-06
-5.0878E-12	1.7608E-10	8.0780E-07	-5.3561E-06
-5.7622E-12	1.7490E-10	-4.3334E-07	-5.0363E-06
-6.4275E-12	1.7374E-10	4.0708E-07	-4.2276E-06
-7.0837E-12	1.7257E-10	6.7680E-07	-5.3325E-06
-7.7310E-12	1.7142E-10	-4.5858E-07	-5.2345E-06
-8.3694E-12	1.7026E-10	-2.6422E-07	-4.6004E-06
-8.9989E-12	1.6912E-10	-2.7036E-07	-4.8644E-06
-9.6198E-12	1.6797E-10	-1.0295E-06	-4.7502E-06
-1.0232E-11	1.6684E-10	-1.0837E-06	-3.2270E-06
-1.0836E-11	1.6570E-10	5.3547E-07	-3.4402E-06
-1.1431E-11	1.6458E-10	-1.0267E-07	-4.0533E-06
-1.2017E-11	1.6345E-10	4.1500E-07	-3.7367E-06
-1.2596E-11	1.6234E-10	-1.9144E-07	-4.3227E-06
-1.3166E-11	1.6122E-10	-2.2600E-08	-3.2708E-06
-1.3728E-11	1.6012E-10	8.0454E-07	-3.9114E-06
-1.4281E-11	1.5901E-10	1.2990E-07	-4.7688E-06
-1.4827E-11	1.5792E-10	-1.2430E-06	-3.6797E-06
-1.5365E-11	1.5682E-10	7.1782E-07	-2.3012E-06
-1.5895E-11	1.5574E-10	1.1641E-06	-4.5644E-06
-1.6417E-11	1.5465E-10	-4.0137E-07	-4.1776E-06
-1.6931E-11	1.5358E-10	-1.2223E-07	-3.3383E-06
-1.7437E-11	1.5250E-10	7.9199E-07	-3.2413E-06
-1.7936E-11	1.5144E-10	6.1089E-07	-4.4141E-06
-1.8427E-11	1.5037E-10	-2.9759E-08	-3.6565E-06
-1.8911E-11	1.4932E-10	7.3970E-07	-4.1083E-06
-1.9388E-11	1.4826E-10	-4.2120E-07	-4.4004E-06
-1.9857E-11	1.4722E-10	-3.6001E-07	-3.1491E-06
-2.0319E-11	1.4617E-10	7.3136E-07	-3.4257E-06
-2.0773E-11	1.4513E-10	1.8240E-07	-4.0495E-06
-2.1221E-11	1.4410E-10	5.5733E-07	-3.6852E-06
-2.1661E-11	1.4307E-10	-1.8722E-07	-4.9523E-06
-2.2094E-11	1.4205E-10	-1.2721E-06	-3.0613E-06
-2.2521E-11	1.4103E-10	3.8380E-07	-2.8941E-06
-2.2940E-11	1.4002E-10	3.8819E-07	-3.0850E-06
-2.3353E-11	1.3901E-10	1.1722E-06	-4.1555E-06
-2.3759E-11	1.3801E-10	-8.0803E-07	-4.4701E-06
-2.4158E-11	1.3701E-10	-1.7649E-07	-2.9804E-06
-2.4551E-11	1.3602E-10	1.6794E-07	-3.7973E-06
-2.4937E-11	1.3503E-10	-3.2029E-07	-3.9267E-06
-2.5316E-11	1.3405E-10	-1.2389E-06	-3.2783E-06
-2.5690E-11	1.3307E-10	1.9347E-08	-2.0066E-06
-2.6056E-11	1.3209E-10	4.4642E-07	-3.2466E-06
-2.6417E-11	1.3112E-10	2.2862E-07	-2.6015E-06
-2.6771E-11	1.3016E-10	9.4618E-07	-3.2690E-06
-2.7119E-11	1.2920E-10	7.7781E-07	-3.2707E-06
-2.7461E-11	1.2825E-10	1.0475E-06	-4.5485E-06
-2.7797E-11	1.2730E-10	-8.2854E-07	-4.1338E-06
-2.8127E-11	1.2635E-10	3.6852E-07	-3.4115E-06
-2.8450E-11	1.2541E-10	-5.4257E-07	-4.4384E-06
-2.8768E-11	1.2448E-10	-5.4741E-07	-3.2872E-06
-2.9081E-11	1.2355E-10	-5.1649E-07	-4.1342E-06
-2.9387E-11	1.2262E-10	-1.5221E-06	-3.5604E-06
-2.9687E-11	1.2170E-10	-1.8810E-06	-2.4884E-06
-2.9982E-11	1.2079E-10	-2.0535E-07	-9.5661E-07
-3.0272E-11	1.1988E-10	1.1207E-06	-3.1956E-06
-3.0556E-11	1.1897E-10	-4.7275E-07	-3.4807E-06
-3.0834E-11	1.1807E-10	-7.3582E-07	-3.6935E-06
-3.1107E-11	1.1717E-10	-2.3326E-06	-2.1766E-06
-3.1374E-11	1.1628E-10	-8.6490E-08	-8.3985E-07
-3.1636E-11	1.1540E-10	-1.7025E-08	-2.1160E-06
-3.1893E-11	1.1451E-10	2.5914E-07	-1.3567E-06
-3.2145E-11	1.1364E-10	1.1134E-06	-2.1556E-06
-3.2391E-11	1.1276E-10	6.3797E-07	-3.1862E-06
-3.2633E-11	1.1190E-10	-8.9056E-07	-2.6124E-06
-3.2869E-11	1.1103E-10	2.6385E-07	-1.0282E-06
-3.3100E-11	1.1018E-10	1.1568E-06	-2.0124E-06
-3.3326E-11	1.0932E-10	1.4397E-06	-2.3558E-06
-3.3548E-11	1.0847E-10	8.2230E-07	-3.6087E-06
-3.3764E-11	1.0763E-10	9.7615E-08	-2.6732E-06
-3.3976E-11	1.0679E-10	2.8929E-07	-3.1916E-06
-3.4183E-11	1.0595E-10	-5.1295E-07	-2.0335E-06
-3.4385E-11	1.0512E-10	9.8804E-07	-2.0840E-06
-3.4583E-11	1.0430E-10	4.7430E-07	-2.4310E-06
-3.4776E-11	1.0348E-10	1.3624E-06	-2.8492E-06
-3.4964E-11	1.0266E-10	-4.1433E-07	-3.6416E-06
-3.5148E-11	1.0185E-10	-2.4343E-07	-1.7169E-06
-3.5327E-11	1.0104E-10	4.8603E-07	-2.1085E-06
-3.5503E-11	1.0024E-10	1.1960E-06	-1.7908E-06
-3.5673E-11	9.9438E-11	1.2368E-06	-3.7700E-06
-3.5839E-11	9.8644E-11	-7.6381E-07	-2.7457E-06
-3.6001E-11	9.7855E-11	6.5137E-07	-1.9830E-06
-3.6159E-11	9.7070E-11	2.7812E-07	-2.5384E-06
-3.6313E-11	9.6290E-11	8.6455E-07	-2.3209E-06
-3.6462E-11	9.5514E-11	-2.7045E-08	-2.9698E-06
-3.6608E-11	9.4743E-11	4.8206E-07	-1.5551E-06
-3.6749E-11	9.3976E-11	9.0013E-07	-3.1145E-06
-3.6886E-11	9.3213E-11	-3.0565E-07	-1.9436E-06
-3.7020E-11	9.2455E-11	1.3049E-06	-2.1554E-06
-3.7149E-11	9.1702E-11	2.8938E-07	-2.7665E-06
-3.7275E-11	9.0953E-11	5.0572E-07	-2.5573E-06
-3.7396E-11	9.0208E-11	-7.6959E-07	-2.1047E-06
-3.7514E-11	8.9468E-11	1.0589E-06	-3.7244E-07
-3.7629E-11	8.8732E-11	1.7434E-06	-2.5573E-06
-3.7739E-11	8.8000E-11	4.6831E-07	-1.7219E-06
-3.7846E-11	8.7273E-11	2.1792E-06	-1.2962E-06
-3.7949E-11	8.6550E-11	2.5854E-06	-2.9984E-06
-3.8049E-11	8.5831E-11	1.5155E-06	-3.5074E-06
-3.8145E-11	8.5116E-11	1.4701E-06	-3.4039E-06
-3.8237E-11	8.4406E-11	7.2839E-07	-3.8332E-06
-3.8326E-11	8.3701E-11	6.5023E-07	-2.8889E-06
-3.8412E-11	8.2999E-11	1.1765E-06	-3.7691E-06
-3.8495E-11	8.2302E-11	-4.2245E-07	-3.8413E-06
-3.8573E-11	8.1609E-11	-3.1148E-07	-2.0603E-06
-3.8649E-11	8.0920E-11	1.3393E-06	-2.3716E-06
-3.8722E-11	8.0235E-11	6.8160E-07	-3.6083E-06
-3.8791E-11	7.9555E-11	1.5284E-07	-2.8685E-06
-3.8857E-11	7.8878E-11	5.5449E-07	-2.8423E-06
-3.8920E-11	7.8206E-11	7.9427E-07	-3.0688E-06
-3.8979E-11	7.7538E-11	1.7212E-07	-3.8424E-06
-3.9036E-11	7.6874E-11	-5.3539E-07	-2.8211E-06
-3.9090E-11	7.6215E-11	2.0777E-07	-2.9732E-06
-3.9140E-11	7.5559E-11	-9.4183E-07	-3.1408E-06
-3.9188E-11	7.4907E-11	-1.0974E-06	-1.2917E-06
-3.9233E-11	7.4260E-11	1.2715E-06	-7.0102E-07
-3.9274E-11	7.3616E-11	1.7676E-06	-3.2717E-06
-3.9313E-11	7.2977E-11	-1.2700E-07	-2.8679E-06
-3.9350E-11	7.2342E-11	1.0666E-06	-2.4331E-06
-3.9383E-11	7.1710E-11	4.2558E-07	-3.5444E-06
-3.9414E-11	7.1083E-11	-1.8536E-07	-3.1044E-06
-3.9441E-11	7.0459E-11	-5.8752E-07	-2.4895E-06
-3.9467E-11	6.9840E-11	6.2214E-07	-1.9305E-06
-3.9489E-11	6.9225E-11	4.3416E-07	-3.5602E-06
-3.9509E-11	6.8613E-11	-9.0366E-07	-2.7704E-06
-3.9526E-11	6.8005E-11	-3.4362E-07	-2.1234E-06
-3.9541E-11	6.7402E-11	-1.3977E-07	-2.2864E-06
-3.9553E-11	6.6802E-11	-7.1465E-07	-2.4352E-06
-3.9563E-11	6.6206E-11	-7.6310E-07	-8.4592E-07
-3.9570E-11	6.5614E-11	1.2671E-06	-1.1984E-06
-3.9575E-11	6.5026E-11	6.2931E-07	-2.5509E-06
-3.9578E-11	6.4441E-11	2.9423E-07	-2.2533E-06
-3.9578E-11	6.3861E-11	-9.6123E-08	-2.3636E-06
-3.9576E-11	6.3284E-11	-3.2758E-07	-1.7636E-06
-3.9571E-11	6.2711E-11	-2.1964E-07	-8.9523E-07
-3.9564E-11	6.2142E-11	1.6630E-06	-4.7840E-07
-3.9555E-11	6.1576E-11	2.1414E-06	-2.5538E-06
-3.9544E-11	6.1014E-11	1.2724E-06	-2.9669E-06
-3.9531E-11	6.0456E-11	6.9912E-07	-3.7253E-06
-3.9515E-11	5.9902E-11	-8.1773E-07	-3.1510E-06
-3.9497E-11	5.9351E-11	-7.8541E-07	-1.8142E-06
-3.9477E-11	5.8804E-11	2.5130E-07	-1.2691E-06
-3.9456E-11	5.8261E-11	7.0257E-07	-2.2861E-06
-3.9432E-11	5.7721E-11	-3.6743E-07	-2.1971E-06
-3.9406E-11	5.7185E-11	2.4251E-08	-1.1086E-06
-3.9378E-11	5.6653E-11	1.0928E-06	-1.6409E-06
-3.9348E-11	5.6124E-11	4.9464E-08	-2.2919E-06
-3.9316E-11	5.5599E-11	4.4700E-07	-6.2714E-07
-3.9282E-11	5.5077E-11	2.0522E-06	-2.0179E-06
-3.9247E-11	5.4559E-11	6.2523E-07	-2.9876E-06
-3.9209E-11	5.4044E-11	2.8817E-09	-2.1458E-06
-3.9170E-11	5.3533E-11	8.0036E-07	-1.6107E-06
-3.9129E-11	5.3025E-11	5.4783E-07	-2.9244E-06
-3.9086E-11	5.2521E-11	-5.2782E-07	-1.2907E-06
-3.9042E-11	5.2021E-11	1.4728E-06	-1.6101E-06
-3.8995E-11	5.1523E-11	1.0386E-07	-2.3081E-06
-3.8947E-11	5.1030E-11	6.7557E-07	-1.4358E-06
-3.8898E-11	5.0539E-11	5.3666E-07	-1.5661E-06
-3.8846E-11	5.0052E-11	1.6338E-06	-1.5419E-06
-3.8793E-11	4.9569E-11	7.4230E-07	-2.6280E-06
-3.8739E-11	4.9089E-11	7.8691E-07	-1.5964E-06
-3.8683E-11	4.8612E-11	1.0545E-06	-1.9234E-06
-3.8625E-11	4.8138E-11	1.8560E-06	-1.9411E-06
-3.8566E-11	4.7668E-11	1.1173E-06	-3.6274E-06
-3.8505E-11	4.7201E-11	-1.1270E-07	-2.3908E-06
-3.8443E-11	4.6738E-11	7.4206E-07	-1.9306E-06
-3.8379E-11	4.6278E-11	1.2460E-06	-2.4618E-06
-3.8314E-11	4.5821E-11	3.2634E-07	-3.2387E-06
-3.8248E-11	4.5367E-11	-7.4208E-08	-2.0871E-06
-3.8180E-11	4.4916E-11	5.0727E-07	-2.1677E-06
-3.8111E-11	4.4469E-11	6.0499E-07	-2.3864E-06
-3.8040E-11	4.4025E-11	-3.3769E-07	-2.6208E-06
-3.7968E-11	4.3584E-11	2.1307E-07	-9.9150E-07
-3.7895E-11	4.3147E-11	1.1321E-06	-2.3068E-06
-3.7821E-11	4.2712E-11	4.7218E-07	-2.1170E-06
-3.7745E-11	4.2281E-11	2.4649E-07	-2.6360E-06
-3.7668E-11	4.1852E-11	1.9204E-07	-1.0350E-06
-3.7590E-11	4.1427E-11	1.7246E-06	-2.8387E-06
-3.7510E-11	4.1005E-11	-6.3894E-07	-2.6921E-06
-3.7430E-11	4.0586E-11	1.5229E-07	-1.9564E-06
-3.7348E-11	4.0170E-11	-4.0908E-07	-1.1989E-06
-3.7265E-11	3.9757E-11	1.6820E-06	-1.6545E-06
-3.7181E-11	3.9347E-11	-4.6515E-07	-2.7162E-06
-3.7096E-11	3.8941E-11	3.1971E-07	-6.3106E-07
-3.7010E-11	3.8537E-11	1.2170E-06	-1.5294E-06
-3.6923E-11	3.8136E-11	1.3370E-06	-2.2317E-06
-3.6835E-11	3.7738E-11	1.2233E-07	-2.1525E-06
-3.6745E-11	3.7343E-11	1.4447E-06	-1.6891E-06
-3.6655E-11	3.6951E-11	1.1427E-07	-2.9976E-06
-3.6564E-11	3.6562E-11	2.7691E-07	-1.1747E-06
-3.6472E-11	3.6176E-11	8.4379E-07	-1.8784E-06
-3.6378E-11	3.5793E-11	1.3564E-06	-1.7518E-06
-3.6284E-11	3.5413E-11	4.3284E-07	-3.0048E-06
-3.6189E-11	3.5035E-11	4.4546E-07	-1.1696E-06
-3.6093E-11	3.4660E-11	1.3241E-06	-2.7285E-06
-3.5997E-11	3.4289E-11	8.9188E-08	-1.9456E-06
-3.5899E-11	3.3920E-11	1.2749E-06	-2.2668E-06
-3.5800E-11	3.3554E-11	1.3467E-07	-2.7284E-06
-3.5701E-11	3.3190E-11	2.2238E-07	-1.8201E-06
-3.5601E-11	3.2830E-11	8.2524E-07	-2.0547E-06
-3.5500E-11	3.2472E-11	4.5126E-07	-2.5154E-06
-3.5398E-11	3.2117E-11	2.4276E-07	-2.3653E-06
-3.5296E-11	3.1764E-11	-4.2642E-07	-2.0724E-06
-3.5193E-11	3.1415E-11	6.1620E-07	-1.0227E-06
-3.5089E-11	3.1068E-11	8.3400E-07	-2.4615E-06
-3.4984E-11	3.0723E-11	3.1745E-07	-1.8288E-06
-3.4879E-11	3.0382E-11	3.1347E-07	-2.5526E-06
-3.4773E-11	3.0043E-11	-3.0306E-07	-1.1430E-06
-3.4666E-11	2.9707E-11	1.3769E-06	-1.7028E-06
-3.4558E-11	2.9373E-11	2.4787E-07	-2.3509E-06
-3.4450E-11	2.9042E-11	4.6661E-07	-1.6510E-06
-3.4342E-11	2.8714E-11	8.2139E-07	-2.0409E-06
-3.4233E-11	2.8388E-11	1.4041E-07	-2.4720E-06
-3.4123E-11	2.8064E-11	1.0522E-08	-1.1993E-06
-3.4012E-11	2.7744E-11	1.3564E-06	-1.8225E-06
-3.3901E-11	2.7425E-11	4.9742E-07	-2.6292E-06
-3.3790E-11	2.7110E-11	-4.6351E-08	-2.2392E-06
-3.3678E-11	2.6797E-11	1.7796E-07	-1.4712E-06
-3.3565E-11	2.6486E-11	9.7189E-07	-2.2649E-06
-3.3452E-11	2.6178E-11	-3.7961E-07	-2.9100E-06
-3.3338E-11	2.5872E-11	-1.4897E-06	-1.4389E-06
-3.3224E-11	2.5569E-11	7.2111E-08	4.9249E-07
-3.3110E-11	2.5268E-11	1.8506E-06	-1.0439E-06
-3.2995E-11	2.4970E-11	1.1993E-06	-1.5620E-06
-3.2879E-11	2.4674E-11	1.5072E-06	-2.3472E-06
-3.2763E-11	2.4380E-11	2.6328E-07	-2.3151E-06
-3.2647E-11	2.4089E-11	5.3180E-07	-2.0319E-06
-3.2530E-11	2.3800E-11	-1.4159E-08	-1.4056E-06
-3.2413E-11	2.3514E-11	1.6133E-06	-1.3975E-06
-3.2296E-11	2.3230E-11	5.4472E-07	-2.7044E-06
-3.2178E-11	2.2948E-11	5.4915E-07	-1.3446E-06
-3.2060E-11	2.2669E-11	1.5160E-06	-2.3154E-06
-3.1941E-11	2.2392E-11	3.6516E-07	-2.9186E-06
-3.1822E-11	2.2117E-11	2.3534E-07	-1.9706E-06
-3.1703E-11	2.1844E-11	7.7584E-07	-2.7243E-06
-3.1583E-11	2.1574E-11	-6.0146E-07	-2.7646E-06
-3.1463E-11	2.1306E-11	-6.1206E-07	-1.6959E-06
-3.1343E-11	2.1040E-11	-1.3133E-07	-9.8665E-07
-3.1223E-11	2.0776E-11	1.2454E-06	-1.6100E-06
-3.1102E-11	2.0515E-11	2.1930E-08	-2.8375E-06
-3.0981E-11	2.0256E-11	-5.4285E-07	-1.5075E-06
-3.0860E-11	1.9999E-11	4.0696E-07	-1.4583E-06
-3.0738E-11	1.9744E-11	-1.5751E-08	-2.2008E-06
-3.0616E-11	1.9491E-11	-6.0042E-07	-1.0824E-06
-3.0494E-11	1.9241E-11	8.7765E-07	-1.2180E-06
-3.0372E-11	1.8992E-11	-1.8769E-07	-2.1403E-06
-3.0250E-11	1.8746E-11	-3.1230E-07	-1.0101E-06
-3.0127E-11	1.8502E-11	-1.0393E-07	-7.7307E-07
-3.0005E-11	1.8260E-11	1.0553E-06	-1.1755E-07
-2.9882E-11	1.8020E-11	1.8326E-06	-1.8498E-06
-2.9759E-11	1.7782E-11	4.1272E-07	-2.3634E-06
-2.9636E-11	1.7546E-11	6.5691E-08	-1.6874E-06
-2.9512E-11	1.7312E-11	-9.5074E-08	-1.3878E-06
-2.9389E-11	1.7080E-11	2.9520E-07	-2.6015E-07
-2.9265E-11	1.6850E-11	2.1032E-06	-1.0131E-06
-2.9142E-11	1.6622E-11	9.8777E-07	-2.4597E-06
-2.9018E-11	1.6396E-11	8.1862E-07	-1.4952E-06
-2.8894E-11	1.6172E-11	1.2090E-06	-2.3522E-06
-2.8770E-11	1.5951E-11	4.0376E-07	-2.4154E-06
-2.8646E-11	1.5731E-11	1.1985E-07	-2.3729E-06
-2.8522E-11	1.5513E-11	-4.5285E-07	-1.6246E-06
-2.8397E-11	1.5296E-11	7.7141E-07	-1.0625E-06
-2.8273E-11	1.5082E-11	6.7492E-07	-2.7197E-06
-2.8149E-11	1.4870E-11	-9.5250E-07	-1.6961E-06
-2.8024E-11	1.4660E-11	4.7226E-07	-1.0238E-06
-2.7900E-11	1.4451E-11	-2.4031E-07	-1.7873E-06
-2.7776E-11	1.4244E-11	1.3916E-07	-4.0978E-07
-2.7651E-11	1.4040E-11	1.2057E-06	-1.2564E-06
-2.7527E-11	1.3837E-11	7.6708E-07	-1.9219E-06
-2.7402E-11	1.3635E-11	1.6090E-07	-1.8446E-06
-2.7278E-11	1.3436E-11	4.0784E-07	-1.6532E-06
-2.7153E-11	1.3239E-11	-4.6852E-07	-1.9541E-06
-2.7029E-11	1.3043E-11	-2.6574E-07	-4.7259E-07
-2.6905E-11	1.2849E-11	4.0248E-07	-1.0062E-06
-2.6780E-11	1.2657E-11	4.0365E-07	-3.4622E-07
-2.6656E-11	1.2466E-11	1.3141E-06	-1.0950E-06
-2.6532E-11	1.2278E-11	5.9420E-07	-1.2395E-06
-2.6407E-11	1.2091E-11	7.4045E-07	-9.2197E-07
-2.6283E-11	1.1905E-11	1.5123E-06	-3.4987E-07
-2.6159E-11	1.1722E-11	2.6699E-06	-2.4270E-06
-2.6035E-11	1.1540E-11	-1.5801E-07	-3.1328E-06
-2.5911E-11	1.1360E-11	-3.5452E-08	-8.6986E-07
-2.5787E-11	1.1181E-11	1.2194E-06	-1.1617E-06
-2.5664E-11	1.1005E-11	1.3186E-06	-2.0182E-06
-2.5540E-11	1.0830E-11	3.7011E-07	-2.2800E-06
-2.5416E-11	1.0656E-11	4.1714E-07	-1.3405E-06
-2.5293E-11	1.0484E-11	1.2704E-06	-1.8495E-06
-2.5170E-11	1.0314E-11	3.4921E-07	-2.7678E-06
-2.5047E-11	1.0145E-11	-5.1398E-07	-1.6336E-06
-2.4923E-11	9.9783E-12	2.7253E-07	-1.1080E-06
-2.4801E-11	9.8129E-12	7.7268E-07	-1.0097E-06
-2.4678E-11	9.6490E-12	1.4135E-06	-2.1593E-06
-2.4555E-11	9.4867E-12	-1.3865E-07	-2.2566E-06
-2.4433E-11	9.3260E-12	8.4296E-07	-1.5771E-06
-2.4310E-11	9.1668E-12	7.8788E-08	-3.0576E-06
-2.4188E-11	9.0091E-12	-1.2251E-06	-1.9441E-06
-2.4066E-11	8.8529E-12	-9.8770E-07	-7.6329E-07
-2.3944E-11	8.6983E-12	1.3654E-07	-4.6916E-07
-2.3823E-11	8.5452E-12	-1.0461E-07	-8.9109E-07
-2.3701E-11	8.3935E-12	6.5672E-07	-2.6647E-07
-2.3580E-11	8.2434E-12	4.4229E-07	-1.4755E-06
-2.3459E-11	8.0947E-12	-7.3095E-08	1.4908E-08
-2.3338E-11	7.9474E-12	1.8180E-06	-1.9596E-07
-2.3217E-11	7.8017E-12	1.6999E-06	-1.5948E-06
-2.3097E-11	7.6573E-12	9.7295E-07	-1.8073E-06
-2.2976E-11	7.5144E-12	8.3197E-07	-1.7985E-06
-2.2856E-11	7.3729E-12	4.9887E-08	-1.6324E-06
-2.2736E-11	7.2328E-12	7.2467E-07	-5.5391E-07
-2.2617E-11	7.0941E-12	1.4032E-06	-1.3686E-06
-2.2497E-11	6.9568E-12	1.3584E-06	-1.9548E-06
-2.2378E-11	6.8209E-12	-1.0767E-07	-2.3093E-06
-2.2259E-11	6.6863E-12	7.7948E-07	-2.2953E-07
-2.2140E-11	6.5531E-12	1.7375E-06	-2.7896E-06
-2.2022E-11	6.4213E-12	-6.8196E-07	-1.7953E-06
-2.1904E-11	6.2907E-12	8.6199E-07	-1.1587E-06
-2.1786E-11	6.1616E-12	4.2313E-07	-1.6702E-06
-2.1668E-11	6.0337E-12	4.6440E-07	-1.7402E-06
-2.1550E-11	5.9071E-12	-4.2031E-08	-9.4640E-07
-2.1433E-11	5.7819E-12	1.3477E-06	-1.1806E-06
-2.1316E-11	5.6579E-12	4.5600E-07	-1.5699E-06
-2.1199E-11	5.5352E-12	1.5118E-06	-1.3071E-06
-2.1083E-11	5.4138E-12	9.7466E-07	-2.4605E-06
-2.0967E-11	5.2937E-12	8.1851E-07	-2.5535E-06
-2.0851E-11	5.1748E-12	-6.5955E-07	-2.8691E-06
-2.0735E-11	5.0571E-12	-4.1886E-07	-1.2829E-06
-2.0620E-11	4.9407E-12	-3.8130E-07	-2.1263E-06
-2.0505E-11	4.8255E-12	-1.0859E-06	-6.2211E-07
-2.0390E-11	4.7115E-12	6.4333E-07	-5.9656E-07
-2.0276E-11	4.5988E-12	-8.1951E-08	-1.6131E-06
-2.0162E-11	4.4872E-12	-3.7676E-07	-3.1914E-07
-2.0048E-11	4.3768E-12	9.7979E-07	-4.8820E-07
-1.9934E-11	4.2676E-12	5.4760E-07	-1.0701E-06
-1.9821E-11	4.1596E-12	1.3104E-06	-8.2048E-07
-1.9708E-11	4.0527E-12	7.7240E-07	-2.5682E-06
-1.9595E-11	3.9470E-12	-8.4913E-07	-1.1949E-06
-1.9483E-11	3.8424E-12	5.0794E-07	-5.9503E-07
-1.9371E-11	3.7389E-12	1.8537E-07	-9.1374E-07
-1.9259E-11	3.6366E-12	1.0207E-06	-5.2682E-07
-1.9148E-11	3.5354E-12	8.6710E-07	-1.6209E-06
-1.9037E-11	3.4354E-12	3.5659E-07	-1.1640E-06
-1.8926E-11	3.3364E-12	6.3706E-07	-1.1427E-06
-1.8816E-11	3.2385E-12	7.6334E-07	-1.4149E-06
-1.8706E-11	3.1417E-12	-7.3636E-08	-1.7439E-06
-1.8596E-11	3.0459E-12	-1.7756E-07	-3.7718E-07
-1.8487E-11	2.9513E-12	1.0262E-06	-6.8980E-07
-1.8378E-11	2.8577E-12	4.0773E-07	-1.4187E-06
-1.8269E-11	2.7651E-12	-1.8793E-07	-2.8517E-07
-1.8161E-11	2.6736E-12	1.7175E-06	1.6232E-07
-1.8053E-11	2.5831E-12	1.3097E-06	-1.7070E-06
-1.7945E-11	2.4937E-12	1.1076E-06	-2.7491E-07
-1.7837E-11	2.4052E-12	2.5015E-06	-2.1957E-06
-1.7730E-11	2.3178E-12	8.1389E-08	-2.5740E-06
-1.7624E-11	2.2314E-12	3.2459E-07	-1.5070E-06
-1.7517E-11	2.1459E-12	-2.8468E-08	-1.5045E-06
-1.7411E-11	2.0615E-12	4.0912E-08	-8.1694E-07
-1.7306E-11	1.9780E-12	6.6410E-07	-1.6219E-07
-1.7201E-11	1.8955E-12	1.9623E-06	-1.0918E-06
-1.7096E-11	1.8140E-12	7.9358E-07	-2.1495E-06
-1.6991E-11	1.7334E-12	3.7009E-07	-1.2818E-06
-1.6887E-11	1.6538E-12	9.0520E-07	-1.2262E-06
-1.6783E-11	1.5751E-12	5.8539E-07	-1.8423E-06
-1.6680E-11	1.4974E-12	-4.8329E-08	-8.4595E-07
-1.6577E-11	1.4205E-12	1.3337E-06	-6.1737E-07
-1.6474E-11	1.3446E-12	1.2634E-06	-1.5911E-06
-1.6372E-11	1.2696E-12	9.7808E-07	-1.6139E-06
-1.6270E-11	1.1955E-12	1.1889E-06	-1.7250E-06
-1.6168E-11	1.1223E-12	6.4891E-07	-2.8687E-06
-1.6067E-11	1.0500E-12	-1.1356E-06	-1.6004E-06
-1.5966E-11	9.7851E-13	4.1128E-07	-3.5056E-07
-1.5865E-11	9.0794E-13	7.1040E-07	-1.0914E-06
-1.5765E-11	8.3824E-13	1.0500E-06	-1.2482E-06
-1.5665E-11	7.6939E-13	4.7491E-07	-1.6787E-06
-1.5566E-11	7.0140E-13	8.4846E-07	-1.2997E-06
-1.5467E-11	6.3425E-13	2.6344E-07	-2.1790E-06
-1.5368E-11	5.6793E-13	-2.0987E-07	-8.6670E-07
-1.5270E-11	5.0245E-13	9.5225E-07	-1.2845E-06
-1.5172E-11	4.3779E-13	-2.5997E-07	-1.7350E-06
-1.5075E-11	3.7395E-13	3.3698E-08	-9.4860E-08
-1.4978E-11	3.1091E-13	1.6207E-06	-8.9186E-07
-1.4881E-11	2.4868E-13	6.9142E-07	-2.0907E-06
-1.4785E-11	1.8724E-13	-2.3127E-07	-1.2998E-06
-1.4689E-11	1.2660E-13	4.6925E-07	-3.5767E-07
-1.4593E-11	6.6732E-14	1.4173E-06	-1.0139E-06
-1.4498E-11	7.6426E-15	1.1599E-06	-1.8616E-06
-1.4403E-11	-5.0677E-14	9.6760E-08	-2.2973E-06
-1.4309E-11	-1.0823E-13	-5.7649E-07	-6.5954E-07
-1.4215E-11	-1.6504E-13	1.2282E-06	-4.5241E-07
-1.4121E-11	-2.2109E-13	1.1514E-06	-1.5476E-06
-1.4028E-11	-2.7640E-13	9.8922E-07	-2.0863E-06
-1.3935E-11	-3.3097E-13	-4.0800E-07	-2.2906E-06
-1.3842E-11	-3.8481E-13	-6.0402E-07	-8.9267E-07
-1.3750E-11	-4.3793E-13	-7.4512E-08	-4.8813E-07
-1.3659E-11	-4.9033E-13	7.0943E-07	-1.8483E-07
-1.3567E-11	-5.4202E-13	1.1594E-06	-1.0989E-06
-1.3476E-11	-5.9300E-13	4.5005E-07	-9.7756E-07
-1.3386E-11	-6.4329E-13	1.4657E-06	-7.0041E-07
-1.3296E-11	-6.9288E-13	1.1867E-06	-2.1215E-06
-1.3206E-11	-7.4178E-13	5.1429E-07	-1.6420E-06
-1.3117E-11	-7.9001E-13	2.8804E-07	-2.3431E-06
-1.3028E-11	-8.3756E-13	-1.0959E-06	-1.0020E-06
-1.2939E-11	-8.8444E-13	5.1735E-07	1.3853E-07
-1.2851E-11	-9.3066E-13	1.5797E-06	-8.0825E-07
-1.2763E-11	-9.7622E-13	9.2903E-07	-2.2750E-06
-1.2676E-11	-1.0211E-12	-2.6562E-07	-1.1400E-06
-1.2589E-11	-1.0654E-12	7.8021E-07	-1.2383E-06
-1.2502E-11	-1.1090E-12	-2.2358E-08	-9.7915E-07
-1.2416E-11	-1.1520E-12	1.1896E-06	-1.0491E-06
-1.2330E-11	-1.1944E-12	2.3896E-07	-1.5960E-06
-1.2244E-11	-1.2361E-12	6.6881E-07	-1.3840E-06
-1.2159E-11	-1.2773E-12	-3.2271E-07	-1.4125E-06
-1.2075E-11	-1.3178E-12	5.8308E-07	-8.0933E-07
-1.1990E-11	-1.3577E-12	-3.2967E-07	-1.3750E-06
-1.1906E-11	-1.3970E-12	2.3288E-07	1.3046E-07
-1.1823E-11	-1.4357E-12	1.1814E-06	-4.5530E-07
-1.1740E-11	-1.4738E-12	1.6419E-06	-1.1615E-06
-1.1657E-11	-1.5114E-12	6.4882E-07	-1.9632E-06
-1.1575E-11	-1.5483E-12	6.1863E-07	-1.3254E-06
-1.1493E-11	-1.5847E-12	2.7750E-07	-1.8557E-06
-1.1411E-11	-1.6206E-12	-1.3708E-07	-1.2592E-06
-1.1330E-11	-1.6558E-12	-1.8622E-07	-7.2361E-07
-1.1249E-11	-1.6905E-12	8.8826E-07	-3.9660E-07
-1.1169E-11	-1.7247E-12	7.8135E-07	-1.5362E-06
-1.1089E-11	-1.7583E-12	1.1000E-07	-1.2829E-06
-1.1009E-11	-1.7914E-12	6.3147E-09	-7.2502E-07
-1.0930E-11	-1.8239E-12	7.5852E-07	-6.9069E-07
-1.0851E-11	-1.8559E-12	1.9526E-07	-1.0652E-06
-1.0773E-11	-1.8874E-12	4.8262E-07	-3.0567E-07
-1.0695E-11	-1.9183E-12	1.0197E-06	-4.0848E-07
-1.0617E-11	-1.9488E-12	1.5652E-06	-1.1735E-06
-1.0540E-11	-1.9787E-12	4.4740E-07	-1.2894E-06
-1.0463E-11	-2.0081E-12	1.6968E-06	-9.0578E-07
-1.0387E-11	-2.0370E-12	7.2316E-07	-2.6801E-06
-1.0310E-11	-2.0654E-12	-4.6184E-07	-1.5229E-06
-1.0235E-11	-2.0934E-12	-1.8333E-07	-4.7101E-07
-1.0159E-11	-2.1208E-12	1.3790E-06	-8.7823E-07
-1.0084E-11	-2.1478E-12	-3.7261E-07	-1.8758E-06
-1.0010E-11	-2.1742E-12	3.2376E-07	1.8703E-08
-9.9355E-12	-2.2003E-12	3.1671E-07	-1.0054E-06
-9.8617E-12	-2.2258E-12	1.2131E-06	4.1457E-07
-9.7882E-12	-2.2509E-12	1.7897E-06	-1.9498E-06
-9.7151E-12	-2.2755E-12	5.2167E-07	-1.3928E-06
-9.6425E-12	-2.2996E-12	2.4240E-07	-1.9810E-06
-9.5701E-12	-2.3234E-12	-4.6061E-07	-1.2868E-07
-9.4982E-12	-2.3466E-12	1.3204E-06	-2.5739E-07
-9.4266E-12	-2.3695E-12	1.4695E-06	-7.7973E-07
-9.3554E-12	-2.3918E-12	1.3964E-06	-1.7514E-06
-9.2846E-12	-2.4138E-12	8.9512E-07	-1.4117E-06
-9.2142E-12	-2.4353E-12	7.6506E-07	-2.0880E-06
-9.1441E-12	-2.4564E-12	2.1782E-07	-1.1249E-06
-9.0744E-12	-2.4771E-12	8.3657E-07	-1.6823E-06
-9.0051E-12	-2.4974E-12	3.5252E-07	-1.2295E-06
-8.9362E-12	-2.5172E-12	6.9184E-07	-2.0681E-06
-8.8676E-12	-2.5367E-12	-5.1181E-07	-1.1613E-06
-8.7994E-12	-2.5557E-12	7.4070E-07	-1.2261E-06
-8.7316E-12	-2.5744E-12	-3.4516E-07	-1.4024E-06
-8.6641E-12	-2.5926E-12	2.2461E-07	-6.6822E-07
-8.5970E-12	-2.6105E-12	4.9401E-07	-7.9096E-07
-8.5303E-12	-2.6280E-12	6.5380E-07	-1.5253E-06
-8.4639E-12	-2.6451E-12	-4.5813E-07	-9.1386E-07
-8.3979E-12	-2.6618E-12	6.7690E-07	-5.2167E-07
-8.3323E-12	-2.6781E-12	2.5751E-07	-6.8624E-07
-8.2670E-12	-2.6941E-12	1.5393E-06	-7.5360E-07
-8.2021E-12	-2.7097E-12	2.8763E-07	-2.1795E-06
-8.1376E-12	-2.7249E-12	-1.7046E-08	-8.0808E-07
-8.0734E-12	-2.7398E-12	4.6509E-08	-1.3306E-06
-8.0096E-12	-2.7543E-12	-1.2670E-07	-1.1832E-07
-7.9461E-12	-2.7685E-12	9.7418E-07	-8.9463E-07
-7.8830E-12	-2.7824E-12	-3.8197E-07	-6.8415E-07
-7.8203E-12	-2.7958E-12	1.0965E-06	5.0460E-07
-7.7579E-12	-2.8090E-12	1.6413E-06	-1.2657E-06
-7.6958E-12	-2.8218E-12	3.9232E-07	-1.2290E-06
-7.6342E-12	-2.8343E-12	6.1088E-07	-4.3896E-07
-7.5728E-12	-2.8464E-12	1.5051E-06	-6.1342E-07
-7.5118E-12	-2.8582E-12	1.1987E-06	-1.7547E-06
-7.4512E-12	-2.8697E-12	3.1526E-07	-1.1123E-06
-7.3909E-12	-2.8809E-12	1.1288E-06	-9.4960E-07
-7.3310E-12	-2.8917E-12	6.5581E-07	-1.5852E-06
-7.2714E-12	-2.9023E-12	2.9812E-07	-7.9933E-07
-7.2122E-12	-2.9125E-12	1.2307E-06	-5.0536E-07
-7.1533E-12	-2.9225E-12	1.7420E-06	-1.4626E-06
-7.0948E-12	-2.9321E-12	9.2058E-07	-2.3069E-06
-7.0366E-12	-2.9414E-12	-3.6668E-09	-1.5308E-06
-6.9787E-12	-2.9505E-12	1.0336E-06	-1.1766E-06
-6.9212E-12	-2.9592E-12	3.0498E-07	-2.3753E-06
-6.8641E-12	-2.9677E-12	-3.9362E-07	-9.4020E-07
-6.8072E-12	-2.9759E-12	6.2790E-07	-1.0837E-06
-6.7508E-12	-2.9838E-12	2.9485E-07	-1.0350E-06
-6.6946E-12	-2.9914E-12	8.1080E-07	-1.4223E-06
-6.6388E-12	-2.9987E-12	-2.3750E-07	-1.3054E-06
-6.5833E-12	-3.0058E-12	7.2981E-07	-5.7615E-07
-6.5282E-12	-3.0126E-12	5.1726E-07	-1.5136E-06
-6.4734E-12	-3.0191E-12	4.3317E-07	-8.5380E-07
-6.4189E-12	-3.0254E-12	6.2612E-07	-1.3963E-06
-6.3647E-12	-3.0314E-12	3.5355E-07	-9.2341E-07
-6.3109E-12	-3.0371E-12	8.8037E-07	-1.2995E-06
-6.2574E-12	-3.0426E-12	4.1755E-07	-1.4195E-06
-6.2043E-12	-3.0479E-12	3.8755E-07	-1.4664E-06
-6.1514E-12	-3.0529E-12	1.3543E-07	-1.0599E-06
-6.0989E-12	-3.0576E-12	5.9609E-07	-1.3022E-06
-6.0467E-12	-3.0621E-12	4.9981E-08	-1.0224E-06
-5.9949E-12	-3.0664E-12	1.0787E-06	-1.2269E-06
-5.9433E-12	-3.0705E-12	-2.3725E-07	-2.0396E-06
-5.8921E-12	-3.0743E-12	-2.7679E-07	-6.6344E-07
-5.8412E-12	-3.0778E-12	9.9089E-08	-7.7122E-07
-5.7906E-12	-3.0812E-12	4.2238E-07	-4.7518E-07
-5.7404E-12	-3.0843E-12	4.8097E-07	-5.2467E-07
-5.6904E-12	-3.0872E-12	1.6769E-06	-4.4798E-07
-5.6408E-12	-3.0899E-12	1.0593E-06	-2.3433E-06
-5.5915E-12	-3.0923E-12	8.9486E-08	-1.0214E-06
-5.5425E-12	-3.0946E-12	1.1893E-06	-1.5584E-06
-5.4938E-12	-3.0966E-12	1.7425E-07	-1.9375E-06
-5.4454E-12	-3.0984E-12	1.8245E-07	-1.4986E-06
-5.3973E-12	-3.1000E-12	-6.8543E-09	-1.7265E-06
-5.3496E-12	-3.1015E-12	-7.5154E-07	-1.1410E-06
-5.3021E-12	-3.1027E-12	2.6517E-07	-4.7670E-08
-5.2549E-12	-3.1037E-12	8.7532E-07	-1.1432E-06
-5.2081E-12	-3.1045E-12	6.6337E-07	-9.1948E-07
-5.1616E-12	-3.1051E-12	1.0479E-06	-2.0849E-06
-5.1153E-12	-3.1056E-12	-8.4374E-07	-1.8807E-06
-5.0694E-12	-3.1058E-12	-3.3355E-09	-2.3700E-07
-5.0237E-12	-3.1059E-12	9.7600E-07	-1.4445E-06
-4.9784E-12	-3.1057E-12	-3.6426E-07	-1.7057E-06
-4.9333E-12	-3.1054E-12	3.7706E-08	-7.0780E-07
-4.8886E-12	-3.1049E-12	2.3023E-07	-1.2686E-06
-4.8441E-12	-3.1043E-12	2.4606E-07	-1.0419E-06
-4.8000E-12	-3.1034E-12	-3.0196E-08	-1.5738E-06
-4.7561E-12	-3.1024E-12	-1.8554E-07	-8.0015E-07
-4.7125E-12	-3.1013E-12	3.5959E-08	-1.3224E-06
-4.6692E-12	-3.0999E-12	-3.2244E-07	-6.9823E-07
-4.6262E-12	-3.0984E-12	-7.3540E-08	-1.0248E-06
-4.5835E-12	-3.0967E-12	-2.3619E-07	2.1630E-08
-4.5411E-12	-3.0949E-12	1.2057E-06	-9.2477E-07
-4.4989E-12	-3.0929E-12	-3.5409E-07	-1.3727E-06
-4.4571E-12	-3.0907E-12	2.2043E-08	-4.2094E-07
-4.4155E-12	-3.0884E-12	8.1071E-08	-3.1648E-07
-4.3742E-12	-3.0860E-12	1.1687E-06	-1.0792E-07
-4.3332E-12	-3.0834E-12	1.3152E-06	-1.5055E-06
-4.2924E-12	-3.0806E-12	1.9962E-07	-1.7157E-06
-4.2520E-12	-3.0777E-12	6.8393E-08	-8.3142E-07
-4.2118E-12	-3.0747E-12	8.1716E-07	-1.0694E-06
-4.1719E-12	-3.0715E-12	4.9471E-07	-1.5800E-06
-4.1323E-12	-3.0682E-12	1.0962E-07	-1.7797E-06
-4.0929E-12	-3.0647E-12	-6.0378E-07	-1.1937E-06
-4.0538E-12	-3.0611E-12	2.6487E-07	-6.0552E-07
-4.0150E-12	-3.0574E-12	2.8874E-07	-1.5587E-06
-3.9764E-12	-3.0535E-12	-5.4846E-07	-1.0779E-06
-3.9381E-12	-3.0495E-12	1.7996E-07	-6.0707E-07
-3.9001E-12	-3.0454E-12	-4.3823E-10	-1.1641E-06
-3.8624E-12	-3.0412E-12	1.2484E-07	-5.2155E-07
-3.8249E-12	-3.0368E-12	5.1324E-07	-1.2254E-06
-3.7877E-12	-3.0323E-12	2.4663E-07	-1.1199E-06
-3.7507E-12	-3.0277E-12	6.2812E-08	-2.0571E-06
-3.7140E-12	-3.0230E-12	-1.4555E-06	-9.4858E-07
-3.6775E-12	-3.0181E-12	-1.5328E-07	-2.0683E-08
-3.6414E-12	-3.0132E-12	1.2304E-07	-2.7796E-07
-3.6054E-12	-3.0081E-12	9.4071E-07	-8.0335E-07
-3.5698E-12	-3.0029E-12	-1.0315E-07	-1.6570E-06
-3.5343E-12	-2.9976E-12	-5.0781E-07	-8.1166E-07
-3.4992E-12	-2.9922E-12	-3.2993E-07	-4.0233E-07
-3.4643E-12	-2.9867E-12	2.5147E-07	-2.0266E-07
-3.4296E-12	-2.9811E-12	6.6427E-07	-3.4280E-07
-3.3952E-12	-2.9754E-12	1.3537E-06	-1.2774E-06
-3.3610E-12	-2.9695E-12	2.8765E-09	-2.3534E-06
-3.3271E-12	-2.9636E-12	-9.1757E-07	-1.4311E-06
-3.2934E-12	-2.9576E-12	-9.7663E-07	-7.2029E-07
-3.2600E-12	-2.9515E-12	-5.0725E-07	-7.4520E-08
-3.2268E-12	-2.9453E-12	1.3259E-07	3.0855E-08
-3.1938E-12	-2.9390E-12	8.6771E-07	-5.0378E-07
-3.1611E-12	-2.9326E-12	5.2184E-07	-1.3019E-06
-3.1287E-12	-2.9261E-12	1.8439E-07	-1.6446E-06
-3.0965E-12	-2.9196E-12	-1.1068E-06	-1.6603E-06
-3.0645E-12	-2.9129E-12	-1.1142E-06	3.1534E-08
-3.0327E-12	-2.9062E-12	2.7896E-07	-1.0764E-07
-3.0012E-12	-2.8994E-12	-1.7954E-07	-1.1273E-06
-2.9699E-12	-2.8924E-12	-9.6016E-07	9.3989E-08
-2.9389E-12	-2.8855E-12	1.1954E-06	2.8977E-07
-2.9080E-12	-2.8784E-12	4.5224E-07	-2.2077E-06
-2.8774E-12	-2.8713E-12	-1.5457E-06	-1.0416E-06
-2.8471E-12	-2.8640E-12	-9.5135E-07	1.7957E-07
-2.8169E-12	-2.8568E-12	-3.0415E-07	3.9275E-07
-2.7870E-12	-2.8494E-12	4.6982E-08	2.9002E-07
-2.7574E-12	-2.8419E-12	6.5570E-07	1.9881E-07
-2.7279E-12	-2.8344E-12	3.2915E-07	-8.8583E-07
-2.6987E-12	-2.8269E-12	-5.1525E-07	1.7365E-07
-2.6696E-12	-2.8192E-12	8.1707E-07	3.3617E-07
-2.6408E-12	-2.8115E-12	6.3683E-07	-3.3580E-07
-2.6123E-12	-2.8037E-12	8.4056E-07	-3.9194E-07
-2.5839E-12	-2.7959E-12	5.8131E-07	-8.3786E-07
-2.5558E-12	-2.7880E-12	3.5827E-07	-9.7883E-07
-2.5279E-12	-2.7800E-12	-5.1532E-07	-7.2359E-07
-2.5001E-12	-2.7720E-12	7.6488E-08	5.5841E-07
-2.4726E-12	-2.7639E-12	1.3732E-06	-4.9189E-08
-2.4454E-12	-2.7558E-12	1.2111E-06	-1.4384E-06
-2.4183E-12	-2.7476E-12	-4.0241E-07	-1.4913E-06
-2.3914E-12	-2.7393E-12	-2.4731E-08	-7.9546E-08
-2.3648E-12	-2.7310E-12	6.1805E-07	-9.2860E-07
-2.3383E-12	-2.7227E-12	-4.1137E-08	-1.0194E-06
-2.3121E-12	-2.7142E-12	-3.9269E-07	-8.7428E-07
-2.2861E-12	-2.7058E-12	-2.3563E-07	-1.1943E-07
-2.2602E-12	-2.6973E-12	-1.5756E-08	-8.2041E-07
-2.2346E-12	-2.6887E-12	-9.4374E-07	2.8096E-07
-2.2092E-12	-2.6801E-12	9.9015E-07	7.2089E-07
-2.1840E-12	-2.6714E-12	8.3562E-07	-8.8783E-07
-2.1589E-12	-2.6628E-12	-7.7096E-09	-7.2855E-07
-2.1341E-12	-2.6540E-12	-3.1767E-07	-1.0323E-07
-2.1095E-12	-2.6452E-12	7.0615E-07	4.8790E-07
-2.0851E-12	-2.6364E-12	9.9122E-07	-9.1715E-07
-2.0608E-12	-2.6275E-12	-3.1703E-07	-5.5202E-07
-2.0368E-12	-2.6186E-12	3.8171E-07	2.3301E-07
-2.0129E-12	-2.6097E-12	5.5834E-07	-2.0257E-08
-1.9893E-12	-2.6007E-12	1.2266E-06	1.9367E-07
-1.9658E-12	-2.5917E-12	1.5652E-06	-1.0275E-06
-1.9425E-12	-2.5826E-12	5.6655E-07	-1.3211E-06
-1.9194E-12	-2.5736E-12	5.8267E-07	-8.9295E-07
-1.8965E-12	-2.5644E-12	5.2391E-07	-1.6263E-06
-1.8738E-12	-2.5553E-12	-8.8266E-07	-9.9910E-07
-1.8513E-12	-2.5461E-12	4.1364E-07	1.5426E-07
-1.8290E-12	-2.5369E-12	3.7405E-07	-1.2078E-06
-1.8068E-12	-2.5276E-12	-8.6338E-08	-2.9951E-07
-1.7848E-12	-2.5184E-12	4.8294E-07	-7.5203E-07
-1.7630E-12	-2.5091E-12	1.6482E-07	-5.8217E-07
-1.7414E-12	-2.4997E-12	3.5233E-07	-9.4697E-07
-1.7200E-12	-2.4904E-12	-5.9378E-08	-8.8734E-07
-1.6987E-12	-2.4810E-12	-5.9402E-07	-8.6971E-07
-1.6776E-12	-2.4716E-12	-2.3887E-07	6.5422E-07
-1.6567E-12	-2.4622E-12	1.2175E-06	-6.7737E-07
-1.6360E-12	-2.4527E-12	-3.2222E-07	-1.0669E-06
-1.6154E-12	-2.4433E-12	-2.1260E-07	-4.9622E-07
-1.5950E-12	-2.4338E-12	-6.2270E-07	-1.0264E-07
-1.5748E-12	-2.4243E-12	-4.6114E-08	6.3960E-07
-1.5548E-12	-2.4147E-12	1.0718E-06	8.1307E-07
-1.5349E-12	-2.4052E-12	1.7563E-06	-9.7888E-07
-1.5152E-12	-2.3956E-12	-3.2065E-08	-1.1861E-06
-1.4957E-12	-2.3860E-12	1.5305E-07	-3.8888E-07
-1.4763E-12	-2.3764E-12	3.3503E-07	8.5514E-08
-1.4571E-12	-2.3668E-12	1.6753E-06	-8.5962E-07
-1.4380E-12	-2.3572E-12	-4.2494E-07	-2.1083E-06
-1.4192E-12	-2.3476E-12	-9.8666E-07	1.4610E-07
-1.4004E-12	-2.3379E-12	5.8884E-07	3.9027E-07
-1.3819E-12	-2.3283E-12	8.6006E-07	-6.3235E-07
-1.3635E-12	-2.3186E-12	8.6940E-08	-8.0638E-07
-1.3452E-12	-2.3089E-12	-1.4473E-08	-2.3937E-07
-1.3272E-12	-2.2992E-12	5.1617E-07	-2.5703E-08
-1.3092E-12	-2.2895E-12	6.0591E-07	-5.9182E-07
-1.2915E-12	-2.2798E-12	5.7164E-07	-3.4573E-07
-1.2739E-12	-2.2701E-12	5.2409E-07	-1.2623E-06
-1.2564E-12	-2.2603E-12	-4.6487E-07	-3.4427E-07
-1.2391E-12	-2.2506E-12	3.6453E-07	-4.9262E-07
-1.2220E-12	-2.2408E-12	-4.6070E-07	2.6981E-07
-1.2050E-12	-2.2311E-12	1.4497E-06	1.4227E-07
-1.1881E-12	-2.2213E-12	1.5254E-07	-7.3884E-07
-1.1714E-12	-2.2116E-12	1.2208E-06	9.8121E-08
-1.1549E-12	-2.2018E-12	5.8922E-07	-1.5104E-06
-1.1384E-12	-2.1921E-12	-1.9171E-07	-2.8569E-07
-1.1222E-12	-2.1823E-12	5.6481E-07	1.5278E-08
-1.1061E-12	-2.1725E-12	1.0266E-06	-3.4262E-07
-1.0901E-12	-2.1628E-12	9.3974E-07	-5.3322E-07
-1.0743E-12	-2.1530E-12	1.4280E-06	-1.3099E-06
-1.0586E-12	-2.1432E-12	-2.8666E-07	-1.8775E-06
-1.0431E-12	-2.1335E-12	-5.6687E-07	-2.9595E-07
-1.0277E-12	-2.1237E-12	2.3909E-07	4.6550E-07
-1.0124E-12	-2.1140E-12	1.8904E-06	-2.6363E-07
-9.9729E-13	-2.1042E-12	7.8791E-07	-1.7103E-06
-9.8231E-13	-2.0944E-12	5.2888E-07	-1.1349E-06
-9.6747E-13	-2.0847E-12	-2.9120E-08	-1.3170E-06
-9.5276E-13	-2.0749E-12	4.9331E-07	-7.4997E-07
-9.3819E-13	-2.0652E-12	-2.2688E-07	-1.6073E-06
-9.2375E-13	-2.0555E-12	-3.5201E-07	-3.7469E-08
-9.0945E-13	-2.0457E-12	8.9642E-07	-6.0248E-07
-8.9528E-13	-2.0360E-12	3.0510E-07	-1.5054E-06
-8.8124E-13	-2.0263E-12	-8.2281E-07	-6.8023E-07
-8.6733E-13	-2.0166E-12	7.6807E-07	3.3965E-07
-8.5355E-13	-2.0069E-12	1.0580E-06	-1.4421E-06
-8.3990E-13	-1.9972E-12	1.2371E-07	-1.4963E-06
-8.2638E-13	-1.9875E-12	-5.9212E-07	-1.2992E-06
-8.1299E-13	-1.9778E-12	-3.2699E-07	-1.1498E-07
-7.9972E-13	-1.9681E-12	7.2911E-07	-3.9007E-07
-7.8658E-13	-1.9585E-12	9.3222E-07	-1.8284E-06
-7.7356E-13	-1.9488E-12	-1.6415E-06	-1.8561E-06
-7.6067E-13	-1.9392E-12	-2.7140E-07	9.1322E-07
-7.4790E-13	-1.9296E-12	7.6522E-07	-1.5745E-06
-7.3525E-13	-1.9199E-12	-1.1367E-06	-5.3507E-07
-7.2273E-13	-1.9103E-12	3.9237E-07	-7.5606E-08
-7.1032E-13	-1.9007E-12	2.1842E-07	-7.9702E-07
-6.9803E-13	-1.8912E-12	1.4172E-07	-8.7623E-07
-6.8587E-13	-1.8816E-12	-5.0110E-08	-8.6426E-07
-6.7382E-13	-1.8720E-12	5.0029E-08	-9.9732E-07
-6.6189E-13	-1.8625E-12	-4.2204E-07	-1.2363E-06
-6.5007E-13	-1.8530E-12	-7.5253E-07	-5.7316E-07
-6.3837E-13	-1.8435E-12	-1.1322E-07	-6.7214E-07
-6.2679E-13	-1.8340E-12	-9.6381E-07	-7.9458E-07
-6.1532E-13	-1.8245E-12	-3.7019E-07	-3.8313E-09
-6.0396E-13	-1.8150E-12	-7.2451E-07	-5.4905E-07
-5.9271E-13	-1.8056E-12	-3.5092E-07	6.8417E-07
-5.8158E-13	-1.7962E-12	5.5194E-07	-2.6819E-07
-5.7055E-13	-1.7868E-12	-2.3048E-08	-4.4895E-07
-5.5964E-13	-1.7774E-12	8.2910E-08	-2.5341E-07
-5.4884E-13	-1.7680E-12	5.1502E-07	-7.9681E-07
-5.3814E-13	-1.7586E-12	-9.2020E-07	-1.1117E-06
-5.2755E-13	-1.7493E-12	-1.7023E-07	3.5206E-07
-5.1707E-13	-1.7400E-12	-2.9890E-07	-1.0976E-06
-5.0669E-13	-1.7307E-12	-1.0001E-06	4.8819E-07
-4.9642E-13	-1.7214E-12	-9.7037E-09	2.7086E-07
-4.8626E-13	-1.7121E-12	3.0767E-07	9.3694E-07
-4.7620E-13	-1.7029E-12	1.3211E-06	-5.0218E-07
-4.6624E-13	-1.6936E-12	9.4006E-08	-4.1787E-07
-4.5638E-13	-1.6844E-12	9.0895E-07	-4.4751E-07
-4.4663E-13	-1.6753E-12	4.8586E-07	-1.0814E-06
-4.3697E-13	-1.6661E-12	-2.3694E-07	-1.4311E-06
-4.2742E-13	-1.6569E-12	-1.0298E-06	3.3439E-08
-4.1796E-13	-1.6478E-12	7.5721E-07	3.9986E-07
-4.0860E-13	-1.6387E-12	8.4426E-07	-7.7153E-07
-3.9934E-13	-1.6296E-12	4.8755E-07	-1.1270E-06
-3.9018E-13	-1.6206E-12	1.2435E-07	-1.2983E-06
-3.8112E-13	-1.6116E-12	-5.6882E-07	-1.4105E-06
-3.7215E-13	-1.6025E-12	-8.5954E-07	-2.8917E-07
-3.6327E-13	-1.5936E-12	1.0119E-07	-2.2180E-07
-3.5449E-13	-1.5846E-12	3.9655E-07	-7.3679E-07
-3.4580E-13	-1.5757E-12	-2.1749E-07	-1.8102E-06
-3.3721E-13	-1.5667E-12	-1.6700E-06	-7.0619E-07
-3.2870E-13	-1.5578E-12	-5.4589E-07	4.5060E-07
-3.2029E-13	-1.5490E-12	3.8911E-07	-3.5538E-07
-3.1197E-13	-1.5401E-12	-6.1816E-07	-1.2815E-06
-3.0374E-13	-1.5313E-12	-1.0437E-06	1.2255E-07
-2.9560E-13	-1.5225E-12	-2.6321E-07	-2.5553E-07
-2.8755E-13	-1.5137E-12	-5.5535E-07	3.4204E-07
-2.7958E-13	-1.5050E-12	3.9443E-07	-3.7920E-07
-2.7170E-13	-1.4963E-12	-7.4589E-07	-1.9460E-07
-2.6391E-13	-1.4876E-12	3.4938E-07	1.6480E-07
-2.5621E-13	-1.4789E-12	5.6992E-08	-4.8271E-07
-2.4859E-13	-1.4703E-12	1.2943E-07	-5.3935E-07
-2.4105E-13	-1.4616E-12	-1.4303E-07	-4.3716E-07
-2.3360E-13	-1.4531E-12	3.4027E-07	-1.1000E-06
-2.2623E-13	-1.4445E-12	-1.3350E-06	-1.2050E-06
-2.1895E-13	-1.4360E-12	-9.7396E-07	1.3948E-07
-2.1174E-13	-1.4274E-12	-7.0905E-07	2.3495E-07
-2.0462E-13	-1.4190E-12	1.3575E-07	3.3447E-07
-1.9758E-13	-1.4105E-12	9.6951E-09	-3.6299E-07
-1.9062E-13	-1.4021E-12	-6.5522E-08	-5.7362E-07
-1.8374E-13	-1.3937E-12	-1.0368E-06	-2.7649E-07
-1.7693E-13	-1.3853E-12	2.1041E-07	6.3616E-07
-1.7021E-13	-1.3769E-12	1.1623E-07	-9.1644E-07
-1.6356E-13	-1.3686E-12	-7.4910E-07	-5.7862E-08
-1.5699E-13	-1.3603E-12	1.4801E-07	1.7343E-07
-1.5050E-13	-1.3520E-12	2.6935E-07	-7.9738E-07
-1.4408E-13	-1.3438E-12	-1.0860E-06	-5.6846E-07
-1.3773E-13	-1.3356E-12	2.3124E-08	6.4198E-07
-1.3147E-13	-1.3274E-12	2.8185E-07	-8.6308E-07
-1.2527E-13	-1.3193E-12	-4.8078E-07	-5.1290E-07
-1.1915E-13	-1.3111E-12	-7.2028E-07	-6.4318E-07
-1.1310E-13	-1.3030E-12	-6.5361E-07	4.6954E-07
-1.0712E-13	-1.2950E-12	2.6002E-07	-5.4827E-07
-1.0122E-13	-1.2869E-12	-1.1893E-06	-4.4050E-07
-9.5383E-14	-1.2789E-12	-6.3162E-07	6.1636E-07
-8.9619E-14	-1.2709E-12	9.0947E-09	6.2423E-07
-8.3924E-14	-1.2630E-12	6.6066E-07	6.8084E-09
-7.8299E-14	-1.2550E-12	8.3152E-08	-6.4387E-07
-7.2743E-14	-1.2472E-12	-3.1451E-07	-2.6078E-07
-6.7255E-14	-1.2393E-12	2.7251E-07	1.8806E-07
-6.1834E-14	-1.2315E-12	9.0040E-07	-1.1981E-06
-5.6480E-14	-1.2236E-12	-1.1665E-06	-1.7629E-06
-5.1192E-14	-1.2159E-12	-1.5667E-06	2.3547E-07
-4.5971E-14	-1.2081E-12	-1.3505E-07	5.9925E-07
-4.0814E-14	-1.2004E-12	6.4251E-08	-1.8951E-07
-3.5723E-14	-1.1927E-12	1.3471E-07	1.6813E-07
-3.0695E-14	-1.1851E-12	1.0852E-06	-1.0249E-06
-2.5732E-14	-1.1774E-12	-8.0079E-07	-2.1116E-06
-2.0831E-14	-1.1698E-12	-1.6924E-06	-5.0449E-07
-1.5993E-14	-1.1623E-12	-7.7930E-07	2.3231E-07
-1.1217E-14	-1.1547E-12	-2.6789E-07	-3.5797E-07
-6.5026E-15	-1.1472E-12	-6.9314E-07	-3.9550E-07
-1.8492E-15	-1.1397E-12	-5.0635E-07	-4.7877E-07
2.7437E-15	-1.1323E-12	-9.2163E-07	-1.3760E-07
7.2766E-15	-1.1249E-12	5.9348E-08	-2.9830E-07
1.1750E-14	-1.1175E-12	-8.7143E-07	-9.5800E-07
1.6165E-14	-1.1101E-12	-5.4194E-07	-3.7105E-07
2.0521E-14	-1.1028E-12	-9.7929E-07	-9.3664E-07
2.4819E-14	-1.0955E-12	-7.2257E-07	-5.4827E-07
2.9059E-14	-1.0882E-12	-1.5902E-06	-1.2698E-06
3.3243E-14	-1.0810E-12	-1.4635E-06	9.7974E-08
3.7370E-14	-1.0738E-12	-1.3011E-06	-1.2172E-06
