jMRUI Data Textfile

Filename: Export_to_jmrui.txt

PointsInDataset: 2048
DatasetsInFile: 1
SamplingInterval: 0.250000
ZeroOrderPhase: 0E0
BeginTime: 0E0
TransmitterFrequency: 1.2326E8
MagneticField: 2.8936E0
TypeOfNucleus:  
NameOfPatient:  
DateOfExperiment:  
Spectrometer:  
AdditionalInfo: 
SignalNames:  


Signal and FFT
sig(real)	sig(imag)	fft(real)	fft(imag)
Signal 1 out of 1 in file
4.5711E-07	-8.1358E-08	2.1801E-07	-2.8603E-07
6.2486E-07	-2.3403E-07	-9.5133E-07	-2.4777E-07
3.7566E-07	-4.1333E-07	-7.4774E-07	8.5376E-07
2.3651E-07	-4.4858E-07	-1.1297E-08	6.3090E-07
-5.0835E-08	-3.5657E-07	-1.8568E-07	4.7655E-07
-8.7980E-08	-2.1969E-07	1.4902E-07	5.3029E-07
-1.6614E-07	-5.9229E-08	-2.4866E-08	2.0326E-07
-9.8940E-08	-1.0935E-08	1.2215E-07	5.0907E-07
3.4966E-08	8.0512E-08	2.0307E-07	3.5342E-08
1.6343E-07	1.6906E-08	1.0399E-07	3.9483E-07
1.6259E-07	-1.1114E-07	6.0254E-07	-3.6889E-07
2.1146E-07	-1.9346E-07	-6.5151E-07	-4.1346E-07
1.0838E-07	-2.5712E-07	-1.3820E-08	3.1370E-07
3.0710E-08	-2.2070E-07	-5.1657E-07	-5.2780E-07
-4.3668E-08	-1.5258E-07	-8.4721E-07	7.9368E-07
-6.9618E-08	-6.2796E-08	7.3560E-08	5.6317E-07
-5.0517E-08	1.3140E-08	1.4555E-07	7.2379E-07
-4.6090E-08	4.2140E-08	5.8921E-07	-4.4865E-07
1.2520E-08	3.5175E-08	-1.2208E-06	2.7318E-07
1.2092E-10	2.2200E-09	9.4030E-07	1.2670E-06
3.9329E-09	-2.7326E-08	3.5863E-07	-9.7198E-07
-1.7241E-08	-4.8853E-08	-6.1937E-07	3.1049E-07
-6.1683E-08	-3.3001E-08	3.0240E-08	2.9766E-07
-4.7417E-08	1.3059E-08	2.8762E-07	3.6729E-07
-7.3554E-08	6.1710E-08	2.7076E-08	-6.1176E-07
-1.0534E-09	4.0749E-08	-9.0272E-07	5.7230E-07
2.6971E-09	1.5959E-08	6.4313E-07	7.1985E-07
7.1574E-08	8.0487E-09	1.6419E-07	-4.0860E-07
-2.5463E-08	-3.0689E-08	-4.3367E-07	2.1262E-07
-4.6756E-08	-3.2640E-08	1.9653E-07	5.2856E-07
-6.5300E-08	5.3090E-09	3.1122E-07	-9.7133E-08
-1.9623E-08	3.4034E-08	-5.4064E-08	-9.2579E-08
-1.6993E-08	1.2146E-07	-2.1166E-07	-2.1637E-07
1.0512E-08	1.2219E-07	-7.6488E-07	2.1122E-07
2.4648E-08	8.7408E-08	-2.7973E-07	1.0985E-06
6.8846E-08	6.7324E-08	8.2494E-07	5.1679E-07
1.1062E-07	3.1144E-08	-3.3212E-07	-1.4408E-07
1.1028E-07	1.5767E-08	4.9990E-07	1.6330E-06
6.0417E-08	-9.8287E-10	1.9769E-06	-8.0859E-07
3.9813E-08	-9.7819E-09	-6.0381E-07	-1.1128E-06
1.0861E-08	3.4680E-08	-3.9678E-08	-2.0056E-08
8.0981E-08	3.3776E-08	-4.5921E-07	-5.8161E-07
9.0749E-08	1.0001E-08	-9.0536E-07	1.5515E-07
9.3483E-08	-2.6704E-08	-5.5491E-07	9.1881E-07
7.5667E-08	-5.0783E-08	2.8475E-07	8.2011E-07
5.1134E-08	-9.5705E-08	4.9444E-07	6.3262E-07
1.6871E-08	-8.1170E-08	7.5926E-07	-1.5976E-07
1.0924E-08	-6.9151E-08	1.7726E-08	1.9058E-07
2.1706E-09	-2.9931E-11	1.0801E-06	-4.1192E-07
-2.6467E-10	4.3531E-08	-8.6555E-07	-7.7582E-07
5.1613E-08	6.3534E-09	3.9139E-07	7.2474E-07
7.8138E-08	-1.0632E-09	1.8857E-07	-1.1313E-06
1.0332E-07	-7.9532E-09	-7.7225E-07	-2.8506E-07
7.2731E-08	-6.0597E-08	-1.0348E-06	-1.6634E-07
-1.8673E-08	-6.8813E-08	-7.8434E-07	1.0369E-06
-4.4443E-09	-8.9806E-08	-3.5979E-07	7.4193E-07
-1.0301E-07	-4.4259E-08	3.6171E-07	1.7785E-06
-7.1993E-08	-1.9306E-08	1.6844E-06	-8.5064E-08
-2.8972E-08	3.7897E-08	-4.7179E-08	-4.3969E-07
-3.3566E-08	3.6952E-08	5.3640E-07	1.4554E-07
5.0744E-08	5.3169E-08	2.4750E-07	-7.0377E-07
6.2218E-08	8.6864E-09	-4.5179E-07	-1.5546E-07
4.9697E-08	-2.6560E-08	3.5123E-07	6.3764E-08
1.0940E-08	-6.8373E-08	-3.0506E-07	-1.0835E-06
-6.2127E-08	-6.7616E-08	-1.3208E-06	3.0086E-07
-5.6932E-08	-1.0406E-08	-5.4670E-08	6.5928E-07
-1.0865E-07	1.1697E-08	-2.3654E-07	1.3808E-07
-1.2775E-07	-1.0208E-08	-1.6691E-07	4.2278E-07
-7.6670E-08	4.3465E-08	4.1279E-08	5.1808E-09
-6.3532E-08	5.9133E-08	-9.8087E-07	-2.6183E-08
-3.9847E-08	4.5871E-08	-5.4232E-07	1.7254E-06
2.9761E-08	6.8674E-08	1.2897E-06	8.0141E-07
1.1937E-08	6.7971E-08	5.3199E-07	-3.5113E-07
7.1625E-09	3.6525E-08	-1.8514E-08	-4.0896E-07
2.4221E-08	5.3343E-08	-6.8540E-07	1.0875E-07
5.5392E-09	3.4705E-08	-1.6610E-07	6.6293E-07
1.3764E-08	1.5572E-08	7.8093E-08	6.7583E-07
1.2257E-09	1.0519E-08	8.3961E-07	2.2994E-07
-3.2125E-08	-2.0457E-08	-2.2920E-07	-8.2268E-07
2.7570E-09	-1.2886E-08	-9.6234E-07	6.6324E-07
3.9647E-09	5.8283E-08	3.7924E-07	7.7587E-07
4.1941E-08	4.0176E-08	-1.1468E-07	2.3832E-08
-4.4058E-09	8.9457E-08	-1.8052E-07	8.3212E-07
-2.0567E-08	5.8998E-08	4.3576E-07	5.4179E-07
2.0103E-08	3.2812E-08	3.5549E-07	4.4382E-07
5.6620E-08	4.3190E-08	6.0308E-07	7.3733E-08
5.1273E-08	3.4350E-09	1.9032E-07	-2.0291E-07
4.3837E-08	-2.5722E-08	-2.0639E-07	-3.0180E-07
8.6557E-08	3.2282E-09	-8.2290E-07	5.6696E-07
2.9204E-08	-8.8687E-09	5.9378E-07	1.2872E-06
-5.2671E-08	1.8322E-08	1.2242E-06	-5.1312E-07
-1.7527E-08	3.6331E-08	-9.4921E-07	-1.1185E-06
-2.9213E-08	6.8236E-08	-1.3746E-06	1.3473E-06
-1.2409E-08	4.8374E-08	7.0787E-07	1.3340E-06
2.7364E-08	7.7254E-08	5.5001E-07	4.5775E-07
2.4051E-08	3.8151E-08	7.2158E-07	5.1763E-08
2.5477E-09	-2.3060E-08	-2.9838E-07	-8.2008E-08
3.8607E-08	1.0104E-08	9.9659E-08	6.4197E-07
3.0001E-09	5.4855E-09	-1.2205E-07	5.4568E-07
-8.8539E-09	-7.2172E-09	8.7516E-07	1.1540E-06
1.5998E-09	1.1927E-08	1.0383E-06	-2.1080E-07
-9.5016E-09	7.7434E-09	7.5764E-07	-2.7253E-07
2.7928E-08	3.0961E-08	-3.0860E-07	-1.2615E-06
-1.3908E-08	4.5915E-09	-1.2649E-06	8.7212E-07
-2.5778E-08	1.7775E-08	5.0929E-07	8.5340E-07
-4.1075E-08	2.8567E-09	8.5365E-08	6.7464E-07
-1.9359E-08	2.8327E-08	1.1634E-06	5.1291E-07
-2.9783E-10	4.0219E-08	5.1515E-07	-7.0609E-07
3.3193E-08	5.5933E-08	-5.3263E-07	-5.2573E-07
-1.2906E-08	1.5691E-08	-1.2678E-06	8.9135E-07
-2.8461E-08	-4.3158E-09	6.5352E-07	2.0211E-06
3.9639E-09	4.2931E-08	1.4810E-06	3.8762E-07
-3.3307E-08	3.6591E-08	9.8334E-07	2.3188E-08
2.6318E-09	2.0459E-08	8.2785E-07	-5.8289E-07
-2.2894E-08	3.5229E-08	-3.9699E-08	-4.0480E-07
-4.1834E-08	3.6649E-08	1.5352E-07	-1.9642E-07
-4.2859E-08	7.2185E-08	-6.1822E-07	-1.7462E-07
2.1490E-09	-1.3601E-09	-1.7754E-07	1.0226E-06
-2.0226E-08	3.2690E-08	4.2833E-07	3.5507E-07
-5.0104E-08	7.5797E-08	1.9238E-08	8.0495E-07
-1.9806E-08	7.1919E-08	8.9996E-07	9.3662E-07
-1.5514E-08	3.8062E-08	1.5290E-06	4.8940E-07
-1.5893E-09	7.9004E-08	1.4033E-06	-1.2054E-06
1.9982E-08	5.6559E-08	-6.1238E-07	-5.8453E-07
1.0509E-08	4.8799E-08	5.7497E-07	3.9053E-07
-1.5765E-08	8.0117E-09	3.7918E-07	-3.7168E-07
-3.2942E-08	1.3294E-08	6.5749E-07	-3.8283E-07
-3.1225E-08	1.1663E-08	-5.7115E-07	-1.0084E-06
-4.8924E-08	2.9705E-08	-6.1457E-07	7.9784E-07
-2.8136E-08	7.7935E-08	6.3061E-07	3.9557E-07
3.8968E-08	6.5421E-08	4.7894E-07	-2.7139E-07
-5.8253E-09	6.9339E-08	-3.1865E-07	-4.2400E-07
3.7450E-08	6.3426E-08	-4.3661E-07	5.3503E-07
1.3501E-08	9.4485E-08	1.4244E-07	9.1549E-07
2.3075E-08	6.2377E-08	1.3462E-06	5.9088E-07
3.9602E-08	7.1269E-08	5.5517E-07	-9.6238E-07
-2.0472E-08	6.6526E-08	-1.2923E-07	2.1118E-07
1.3294E-09	3.2359E-08	3.8109E-07	-9.6898E-08
2.0634E-08	-2.8301E-08	4.6317E-07	3.7125E-07
2.8230E-08	-2.5644E-09	6.3608E-07	-9.9975E-07
-2.4208E-08	1.2788E-08	-1.0066E-06	4.0374E-07
-1.6673E-08	2.4258E-08	1.4776E-06	7.8091E-07
6.2812E-10	6.6923E-08	6.7637E-07	-1.1453E-06
-4.1916E-09	4.4305E-08	3.5904E-08	-6.2455E-07
-6.2113E-09	1.8564E-08	-5.0180E-07	-4.9388E-07
-1.1082E-08	1.0544E-09	8.9258E-08	4.4633E-07
-2.3211E-08	-1.6220E-08	6.3846E-07	-7.3298E-07
-4.0514E-08	4.9666E-09	-8.6326E-07	-9.8947E-07
-4.9602E-08	1.2680E-08	-1.1357E-06	8.9586E-07
5.9866E-09	2.8639E-08	1.2253E-06	7.6577E-07
-7.1252E-09	5.4452E-08	6.2513E-08	-1.5151E-06
2.2636E-08	2.8883E-08	-1.2047E-06	3.1821E-07
-9.0056E-09	4.9277E-08	1.4733E-08	3.1957E-07
2.4948E-08	2.4807E-08	-4.5918E-07	4.5751E-07
-1.3669E-08	8.0182E-08	3.5341E-07	5.4037E-07
-3.3734E-09	8.2249E-08	1.4340E-07	2.1999E-07
-1.1619E-08	3.6547E-08	4.8942E-07	-3.0868E-09
7.9064E-09	5.6307E-08	-3.0572E-07	-2.2029E-07
-5.5410E-09	4.0212E-08	8.4504E-09	4.3723E-07
4.9211E-08	4.7313E-08	6.7856E-08	1.5340E-07
-1.8435E-08	5.9929E-08	2.6638E-07	2.0173E-07
-8.8541E-09	4.3279E-08	-1.3942E-07	1.0745E-07
5.1828E-09	-7.2664E-09	6.7222E-07	5.4447E-07
3.1102E-08	5.4962E-08	3.0783E-07	-8.6523E-07
4.6543E-08	3.3508E-08	-6.2815E-07	1.6054E-07
-4.1157E-08	-1.1295E-09	-1.8146E-08	3.2661E-07
-1.7422E-08	4.4926E-08	1.8481E-07	6.9647E-07
-2.8627E-08	6.9919E-08	9.3284E-07	-1.3028E-07
1.8945E-08	6.6442E-08	-3.7886E-08	-4.5229E-07
-1.7646E-08	7.8538E-08	1.5012E-07	-1.2586E-07
4.5650E-08	1.0874E-07	-3.4782E-07	-4.6497E-07
5.0847E-08	9.4572E-08	-5.6828E-07	6.0367E-07
5.6476E-08	6.8156E-08	8.1129E-07	4.6832E-07
5.3105E-08	3.3513E-08	1.7209E-07	-7.9427E-07
2.2529E-08	3.1139E-08	-4.2928E-07	-8.2463E-08
1.0799E-08	4.9505E-08	-4.4901E-07	-6.6901E-08
9.5120E-09	4.9901E-08	-2.1816E-07	7.1492E-07
-8.3401E-09	-1.3457E-08	3.0479E-07	-5.2823E-08
-3.7619E-08	4.2597E-08	-1.2347E-07	3.0968E-07
2.5501E-08	6.1943E-09	3.0263E-07	-4.5197E-07
2.6912E-08	3.0643E-08	-1.0511E-06	1.5652E-07
1.2869E-08	4.4505E-08	3.1755E-07	7.7299E-07
4.1202E-08	4.7379E-08	-5.9697E-08	-2.1247E-07
2.0581E-08	-1.5845E-08	-4.1309E-07	2.4537E-07
1.7371E-08	1.0645E-08	-4.1541E-07	7.2789E-07
-3.4915E-08	9.0015E-09	3.9711E-07	7.9403E-07
1.1553E-08	2.5513E-08	2.6291E-07	5.3798E-07
-3.3458E-08	2.6259E-09	1.2131E-06	4.0404E-07
-3.6240E-08	-1.3814E-08	4.3481E-07	-1.2224E-06
-3.6174E-08	3.2243E-08	-9.2098E-07	-1.3136E-07
-9.3358E-08	3.1505E-08	5.6357E-08	6.0137E-07
-1.0678E-08	6.4923E-08	3.3358E-07	-3.0899E-07
-2.8087E-08	6.2193E-08	-6.1824E-07	-3.8165E-07
8.6569E-09	5.2650E-08	-7.9202E-07	4.2356E-07
-1.0924E-08	1.4876E-08	-2.0005E-07	8.7882E-07
3.7134E-09	6.1891E-08	1.5959E-07	2.7267E-07
4.4554E-10	2.6460E-08	-3.9420E-07	5.7195E-07
6.9349E-09	6.4260E-08	2.6739E-07	6.3274E-07
3.7618E-09	7.8276E-08	-6.5329E-08	6.4555E-07
-2.1375E-08	5.1431E-08	8.4100E-07	5.3124E-07
-1.7532E-08	6.1594E-08	3.0745E-08	-1.4676E-07
-4.5948E-09	7.5204E-08	3.3700E-07	2.8160E-07
3.1475E-08	3.5709E-08	-5.3132E-07	-6.3194E-08
1.8517E-08	6.9968E-08	3.7040E-07	1.2727E-06
1.3242E-08	4.3210E-08	5.9368E-07	-5.1137E-07
-2.7185E-08	3.5969E-08	-6.6073E-07	5.7224E-07
-1.4146E-08	6.6167E-08	5.9111E-07	9.7129E-07
-7.3343E-08	5.1193E-08	1.0236E-06	1.0272E-07
-5.4817E-08	6.0420E-08	3.0605E-08	-6.0669E-07
-4.0080E-08	6.1930E-08	-1.0523E-07	5.4774E-07
1.6079E-08	5.0960E-08	2.4277E-07	-1.2169E-07
4.4592E-09	9.1441E-08	-1.4013E-07	7.5495E-07
2.3817E-08	8.0250E-08	9.6122E-07	1.5039E-07
-4.3778E-09	4.1588E-08	2.7771E-07	-2.3866E-07
6.2137E-08	1.1013E-08	1.1893E-07	-5.5365E-07
-2.1367E-08	3.5958E-08	-7.1797E-07	2.0192E-07
4.1982E-09	3.7317E-08	1.8691E-07	3.5028E-07
2.2268E-08	6.0768E-08	-4.1938E-07	4.0000E-07
4.5561E-08	4.9734E-08	5.5391E-07	8.3059E-07
2.5280E-08	2.6768E-08	5.4552E-07	1.0897E-07
5.0634E-08	2.1247E-08	7.4058E-07	-1.4967E-07
2.3433E-08	-5.5306E-09	-1.6410E-07	-7.4757E-07
-2.2116E-09	2.6360E-08	-4.3678E-07	3.4470E-07
3.6220E-08	-1.0650E-08	4.2212E-07	7.3012E-08
1.0057E-08	2.7790E-08	-3.7616E-07	-5.4642E-07
1.2369E-08	-6.3704E-09	-4.6200E-07	5.7473E-07
2.1330E-08	7.7661E-08	1.5761E-07	-5.1802E-07
-1.8521E-08	5.3349E-08	-1.9679E-06	4.0689E-07
-3.4264E-08	1.0033E-08	4.8848E-07	2.1915E-06
6.4997E-09	3.2678E-08	6.5744E-07	-4.7405E-07
4.9669E-08	2.9448E-08	-9.9470E-07	8.2688E-07
1.8093E-08	3.8708E-08	6.5457E-07	1.4955E-06
-2.2051E-08	8.1159E-08	1.0767E-06	2.6445E-07
2.8028E-09	-1.7866E-09	2.3272E-07	-2.5160E-07
7.5995E-09	7.8615E-09	-1.9536E-07	5.3662E-07
-1.9221E-08	3.1025E-08	7.3644E-07	6.7501E-07
4.3865E-09	1.8195E-09	5.2508E-07	-3.6217E-07
-3.9527E-08	2.0902E-08	-3.5638E-07	1.3940E-07
-5.0133E-08	4.8585E-08	9.7781E-08	6.5338E-07
-3.6000E-08	6.3701E-08	4.3294E-07	7.2809E-07
-3.3952E-08	4.2262E-08	1.1307E-06	2.4934E-07
-3.7623E-08	3.7350E-08	7.1094E-07	-7.7497E-07
-4.0405E-08	2.9764E-08	-6.1968E-07	-9.3298E-07
1.3785E-08	2.8681E-08	-1.1450E-06	9.6132E-07
-9.5383E-09	6.1650E-08	8.6518E-07	8.6567E-07
2.1523E-08	4.4786E-08	-1.6507E-07	1.4742E-08
-6.1155E-09	5.5344E-08	6.6613E-07	9.2483E-07
-1.5053E-08	3.0588E-08	5.1142E-07	-3.7379E-07
4.2184E-08	3.7673E-08	1.5925E-07	2.5334E-07
-2.2410E-10	4.4950E-08	1.6081E-07	1.4832E-08
-1.6357E-08	8.2082E-08	7.4526E-07	3.9811E-07
-5.7624E-08	5.0450E-08	4.1014E-07	-1.1457E-06
2.1261E-08	4.9602E-08	-6.9969E-07	-1.8109E-07
7.2943E-09	4.9175E-08	-5.1966E-07	-2.5476E-07
8.8424E-08	4.6780E-08	-7.9411E-07	9.5187E-07
5.6300E-08	9.1712E-08	6.0679E-07	3.0772E-07
8.4472E-08	9.2765E-08	-6.0136E-07	2.7093E-08
2.8726E-08	8.0287E-08	8.2427E-08	6.7679E-07
3.2024E-08	2.4444E-08	-1.9922E-07	-9.0058E-08
2.9067E-08	2.5722E-08	-8.6054E-07	7.4987E-07
1.6616E-08	-1.0937E-08	3.6698E-07	1.5941E-06
-7.6235E-09	3.0946E-08	1.1518E-06	-7.8489E-08
1.1696E-08	3.5268E-08	-5.5829E-07	-2.3526E-07
5.5287E-08	6.0583E-08	-1.6767E-07	7.5222E-07
-1.3081E-08	3.0705E-08	-1.4905E-07	4.7768E-07
2.0976E-10	2.1409E-08	-2.9714E-08	9.6757E-07
1.1486E-08	2.5088E-08	5.2522E-07	7.3219E-07
-1.9406E-08	8.5178E-09	1.6518E-07	1.5081E-07
8.8689E-09	3.1312E-08	-3.0163E-07	1.2195E-06
7.3229E-09	4.8688E-08	1.7226E-06	9.2970E-07
2.2162E-08	3.8193E-08	1.4522E-07	-1.1808E-06
-8.0094E-09	4.3106E-08	-6.9960E-07	1.1455E-06
4.5332E-08	3.8993E-08	8.8582E-07	3.1297E-07
-7.3155E-09	9.4453E-09	-6.0836E-07	4.8089E-07
1.2297E-09	1.5128E-09	6.8676E-07	1.3234E-06
7.0770E-09	2.7797E-08	7.3046E-07	4.4108E-07
5.4391E-09	2.7700E-08	7.8784E-07	2.2537E-07
1.8052E-08	3.5143E-08	-1.0874E-07	2.7586E-07
-3.7931E-08	4.6308E-08	9.0270E-07	9.5642E-07
1.8272E-08	1.5970E-08	2.8852E-07	-4.9021E-08
8.9930E-09	2.4213E-08	9.4852E-07	1.3209E-06
1.4573E-08	1.7934E-08	1.2831E-06	-8.7300E-07
1.9778E-08	6.3539E-08	-3.6925E-07	5.9462E-07
2.3308E-08	4.0763E-08	1.6190E-06	2.7123E-07
3.9730E-08	1.7393E-08	2.1891E-07	-5.7298E-07
-1.0495E-08	5.4328E-09	6.0874E-07	7.3814E-08
1.5895E-08	5.0716E-08	-8.3986E-08	-3.4798E-07
-1.8286E-08	5.1471E-08	2.9560E-07	9.6866E-07
2.3477E-08	3.1566E-08	1.5530E-06	2.5860E-09
-2.4563E-08	6.9912E-08	6.5422E-07	-9.8076E-07
4.4194E-08	4.8767E-08	1.2240E-07	-6.4861E-07
7.1096E-08	-1.9735E-08	-2.7031E-07	-5.9152E-07
1.4230E-08	3.0612E-08	-1.9760E-07	1.6500E-07
-5.4482E-09	2.4245E-08	2.3390E-07	-3.4578E-07
3.3855E-09	-2.6584E-09	-2.8835E-07	-3.1173E-07
4.7242E-08	-1.9896E-08	-5.8902E-07	-4.4959E-07
7.5124E-09	-7.3915E-09	-1.0751E-06	8.2637E-07
1.6364E-08	6.3779E-08	4.8351E-07	6.6113E-07
1.2015E-08	3.3474E-08	-5.0411E-07	9.9629E-08
2.7431E-08	1.2233E-08	7.6209E-08	1.0047E-06
-5.5976E-09	2.8160E-09	3.4905E-07	2.5743E-07
2.0287E-08	5.1780E-09	-2.2652E-07	1.6218E-07
-3.9484E-08	-2.9268E-08	-3.8997E-07	1.4374E-06
7.5403E-09	1.6917E-08	2.0007E-06	8.6701E-07
6.3914E-08	4.1766E-08	9.4715E-08	-1.3870E-06
1.3146E-08	2.0774E-08	-4.8120E-07	8.0705E-07
4.4889E-08	-3.8301E-09	1.7917E-07	-7.3529E-08
1.2510E-08	-2.3827E-09	-4.7354E-07	1.1671E-06
4.4186E-08	1.6434E-09	1.0902E-06	6.5391E-07
3.1444E-08	-2.5729E-09	2.5652E-07	3.8459E-07
5.8066E-08	1.3015E-08	1.1760E-06	2.5103E-07
5.2629E-08	2.7096E-08	5.4160E-08	-4.8686E-07
7.0250E-08	1.7167E-09	3.2349E-07	4.3673E-07
1.0239E-08	1.7111E-08	1.4121E-07	-2.1688E-07
-1.9523E-09	5.8705E-09	2.9388E-07	6.8681E-07
-2.4680E-08	5.6665E-09	7.7875E-07	-5.1394E-07
1.2751E-08	-4.0328E-08	-3.3843E-07	-6.9280E-08
-2.0875E-08	5.2853E-08	2.5791E-07	-3.4700E-07
2.1520E-08	9.4501E-09	-1.3720E-06	9.6294E-08
4.7527E-08	-6.1292E-10	2.3958E-07	1.6258E-06
-3.3289E-09	3.3274E-08	4.1645E-07	6.4074E-08
-2.3807E-09	2.5274E-08	9.3967E-08	9.3593E-07
1.4429E-09	4.0933E-08	7.6545E-07	2.1066E-07
-8.9356E-09	3.4030E-08	1.1884E-07	1.9742E-07
1.5400E-08	-9.3225E-09	-5.6130E-08	3.5188E-07
1.2203E-08	-1.0911E-08	4.7285E-07	1.3832E-06
-3.9069E-10	-1.4896E-08	1.6820E-06	-3.3660E-07
-4.9685E-08	-1.6960E-08	-6.3862E-07	-4.3698E-07
1.6657E-09	1.5130E-08	4.9698E-07	1.0850E-06
3.6358E-09	4.1739E-08	8.1022E-07	2.9250E-08
2.0831E-09	5.0964E-08	9.6806E-07	-1.5086E-07
9.9928E-09	5.1540E-08	-9.2232E-08	-1.1812E-06
-1.0300E-08	6.6362E-08	-9.1972E-07	2.4176E-07
2.4880E-08	3.0702E-08	-5.2214E-07	6.2310E-07
9.4044E-10	5.0418E-08	1.4367E-07	1.6200E-06
-2.9950E-09	6.4698E-08	1.3461E-06	2.6944E-07
1.1743E-08	6.2546E-09	-6.0262E-08	1.3363E-07
2.7368E-08	2.7622E-08	7.8528E-07	8.0297E-07
5.3086E-09	2.9545E-08	7.6033E-07	5.2610E-08
2.5764E-08	3.4033E-08	8.0605E-07	2.0164E-07
6.1402E-08	-5.6780E-09	9.0144E-07	-4.5385E-07
-1.8208E-08	4.7621E-08	1.4259E-07	-7.5405E-07
-1.5356E-08	-5.4796E-08	-3.7283E-07	-2.9726E-07
2.7368E-08	-6.4338E-09	-6.7047E-07	1.3633E-07
2.5064E-08	5.2262E-08	-1.9483E-07	1.5608E-06
-2.7745E-09	2.9042E-08	1.9718E-06	3.2697E-07
8.6599E-10	2.6032E-08	-3.5346E-07	-1.2892E-06
5.9530E-09	2.6149E-08	-2.9520E-07	1.2532E-06
3.2669E-09	3.9478E-08	1.0278E-06	-2.2178E-07
1.8855E-08	-1.9782E-08	-4.2466E-07	2.2178E-07
3.3431E-08	-9.8017E-09	9.6212E-07	4.6813E-07
1.9613E-08	6.9932E-09	5.7745E-08	-6.5635E-07
-7.9250E-09	1.0044E-08	-3.7358E-07	5.3733E-07
2.6906E-09	2.8736E-10	4.5764E-07	6.8804E-07
-1.3865E-08	-2.9184E-08	8.2143E-07	3.1058E-07
2.1341E-08	3.0128E-09	8.0880E-07	-3.2534E-07
8.1793E-09	-1.4548E-08	1.4909E-07	-7.1089E-07
1.4361E-08	-6.2544E-09	-6.5881E-07	-2.9285E-07
-9.0107E-10	1.7884E-08	-6.8873E-07	7.7094E-07
-1.2699E-08	-4.3906E-09	3.4721E-07	1.3558E-06
4.7909E-08	-3.0683E-08	1.3302E-06	5.8252E-07
2.0669E-08	7.7257E-09	9.2476E-07	-3.3070E-07
-1.8406E-08	-1.3429E-08	5.9570E-07	-2.4896E-07
-2.6227E-08	5.0508E-08	4.4025E-07	-7.0390E-07
4.1989E-08	2.0849E-08	-5.0174E-07	-1.6233E-07
-3.5567E-08	-2.7838E-08	8.3529E-07	5.3275E-07
-4.2711E-09	4.1212E-08	5.2194E-07	-1.6368E-06
-5.1475E-09	3.3456E-08	-1.5301E-06	-3.0593E-07
2.7367E-08	3.9778E-08	-3.6174E-07	3.0568E-07
-3.0942E-08	-1.2244E-08	-1.3683E-06	7.8282E-07
1.5881E-08	5.1704E-08	8.4689E-07	2.0517E-06
1.1510E-08	-3.3296E-08	1.0823E-06	-2.2634E-07
1.0658E-08	-3.5183E-08	3.5930E-07	2.6843E-07
-1.5945E-09	2.9954E-08	3.5459E-07	-2.9484E-07
7.0128E-09	-3.3397E-09	-1.2463E-08	5.4695E-07
2.7333E-08	2.3256E-08	8.6307E-07	2.0668E-07
-1.5946E-08	2.6721E-08	7.8373E-07	-2.2059E-07
7.6082E-09	-7.1175E-09	2.8755E-07	-1.0988E-06
6.6307E-09	-2.7684E-08	-7.8714E-07	-1.0972E-07
3.3871E-08	3.1379E-08	1.3952E-07	5.5466E-08
3.3871E-08	-2.1926E-08	-5.4301E-07	-8.4004E-08
2.9775E-08	-1.3272E-08	-1.5038E-07	5.7261E-07
-1.7339E-09	-6.4574E-08	2.1871E-07	6.0876E-07
-4.9449E-10	-5.0428E-08	1.2068E-06	-1.2846E-07
2.6786E-08	-1.4310E-09	-4.7299E-07	-1.7077E-06
-4.4020E-08	1.3935E-08	-1.8354E-06	6.2994E-07
1.1616E-08	-4.3962E-09	2.0080E-07	1.1036E-06
3.5468E-08	-1.6366E-08	-2.4245E-07	3.0367E-07
-3.2621E-08	-7.8178E-09	3.7452E-07	8.0219E-07
-2.8976E-08	3.2189E-08	-1.6475E-07	-3.7411E-07
4.2164E-08	-1.3509E-08	-7.4843E-07	1.2793E-06
-3.7332E-08	-2.5706E-08	9.1953E-07	1.0904E-06
1.4693E-08	-3.1852E-09	8.5026E-07	2.6838E-07
-2.2747E-09	1.1565E-09	5.2197E-07	-3.2782E-07
-6.7428E-08	-5.0161E-10	-8.5986E-08	1.3271E-07
-1.9044E-09	-3.3000E-08	2.0912E-07	-1.9716E-09
-3.3644E-09	-7.9371E-09	-2.7997E-07	4.8790E-07
-5.1943E-08	-1.7263E-08	6.4217E-07	5.1740E-07
-1.5629E-08	1.5908E-08	3.8388E-07	1.5134E-07
-1.2794E-09	-1.3837E-09	8.0146E-07	-7.1659E-08
1.4589E-08	-3.4580E-08	2.2869E-07	-6.7348E-07
-2.3068E-08	2.2160E-08	-3.2809E-07	-7.0075E-07
1.7939E-10	4.6984E-09	-1.1626E-06	1.7066E-07
-6.0817E-08	-1.0301E-08	-2.5820E-08	9.5157E-07
2.2434E-08	-1.9809E-09	1.7936E-07	1.5385E-07
2.4369E-08	-1.9428E-08	-1.8538E-07	7.4698E-08
1.7090E-08	-4.8446E-08	-4.7242E-07	6.2803E-07
-9.2761E-09	-1.2595E-08	3.9785E-07	6.9918E-07
2.2878E-10	-4.7485E-09	3.7269E-08	3.4583E-07
-8.9918E-09	2.5144E-08	7.7396E-07	5.0406E-07
-3.4343E-08	6.0550E-08	2.5931E-07	-7.8417E-07
1.3841E-08	1.9688E-08	-8.6755E-07	-1.5919E-07
-9.6208E-09	9.3253E-09	-8.0961E-07	9.3402E-07
2.5742E-08	-2.0993E-09	6.0846E-07	1.0708E-06
1.7146E-08	-1.6373E-08	1.1720E-07	-3.0183E-07
-2.2423E-08	4.8864E-08	-6.1851E-07	7.4898E-07
-1.6245E-08	-6.8565E-08	1.5235E-07	1.1287E-06
3.3665E-08	-4.5909E-08	1.0838E-06	9.7247E-07
-4.8034E-08	-1.7785E-08	9.8330E-07	-8.0812E-07
1.7662E-08	4.7507E-09	-9.6990E-07	-1.9462E-07
2.2224E-08	-2.3310E-08	8.0530E-08	1.1308E-06
-1.3988E-08	2.0950E-09	5.8364E-07	3.0998E-09
-2.3126E-08	-1.8894E-08	-5.7127E-07	5.9010E-08
-3.9572E-08	9.1772E-09	-1.6601E-07	1.4743E-06
-5.9010E-09	-6.6114E-08	1.4649E-06	6.7262E-07
-4.2694E-10	-2.5943E-08	2.5433E-07	-4.6984E-07
-1.9264E-08	1.5971E-08	4.6844E-07	6.4798E-07
-5.8462E-08	-1.7536E-08	5.9739E-07	-7.9031E-07
-6.5225E-08	3.0481E-08	-5.9564E-07	2.9325E-07
1.3104E-08	9.0541E-09	4.9902E-07	-5.3976E-08
-1.5998E-08	-8.3340E-09	-7.9309E-07	3.6302E-07
-1.7396E-08	1.3544E-08	1.0350E-06	8.2814E-07
-5.0790E-08	4.7568E-08	2.5762E-07	-7.1647E-07
2.6250E-08	-2.2149E-08	4.5816E-08	-3.2275E-07
5.6708E-09	3.0261E-08	-1.2323E-06	-6.4599E-07
-4.4002E-09	-2.0623E-08	-1.0695E-06	1.2783E-06
-3.5098E-08	1.4440E-08	-4.9064E-07	1.1921E-06
-1.1713E-08	-3.7368E-08	7.8759E-07	2.3680E-06
4.0272E-08	-1.3542E-08	2.4409E-06	-2.4592E-07
-3.8311E-08	-1.2853E-08	-1.1039E-07	-1.3752E-06
3.8957E-08	6.9563E-09	-9.1406E-07	8.7241E-08
2.0067E-08	-2.5597E-09	-3.4871E-07	1.0658E-06
-4.0368E-08	1.3296E-08	7.6527E-07	7.3804E-07
1.1852E-08	2.3971E-08	2.8749E-07	-9.1319E-08
2.3100E-08	-2.5331E-08	1.2283E-07	6.3057E-07
2.1454E-08	9.2986E-09	9.2109E-07	1.2013E-07
-1.1068E-08	-1.2990E-08	4.1462E-07	-4.0885E-07
1.3097E-08	4.8991E-08	1.5143E-07	-8.9546E-07
1.9000E-08	4.1753E-08	-1.3839E-06	-3.7268E-07
-1.5263E-08	2.5839E-08	-4.3338E-07	9.5998E-07
-1.8282E-08	-2.3468E-08	-2.9588E-07	3.6250E-07
-1.6787E-08	-2.0823E-09	1.4762E-07	7.7752E-07
1.1904E-08	2.0260E-08	-7.6247E-08	-1.0201E-07
-4.4765E-08	1.8796E-08	-2.4417E-07	6.0506E-07
-2.1972E-08	-1.9248E-08	-1.8908E-07	-1.3579E-08
7.6998E-09	-3.2166E-08	-6.9283E-07	7.8629E-07
-1.7779E-08	-1.3244E-08	-2.7606E-08	7.1447E-07
-4.8410E-08	9.6291E-09	-3.9749E-07	8.2390E-07
-3.0428E-08	-8.3302E-09	1.7568E-07	1.3144E-06
8.2934E-09	-6.2575E-09	6.9744E-07	6.5426E-07
-7.1314E-09	1.7357E-08	1.0292E-07	7.4658E-07
-5.4919E-09	-5.4830E-08	1.3833E-06	7.8602E-07
-4.4252E-08	8.2891E-10	4.5431E-07	-9.9040E-07
-1.5244E-08	-1.5564E-08	-5.8176E-07	2.1074E-07
-5.2600E-09	2.8007E-08	-2.7440E-07	6.0379E-07
2.0069E-08	-7.8946E-09	6.6543E-07	1.1041E-06
4.0089E-09	2.2172E-08	9.1484E-07	-5.2988E-07
-6.7632E-09	1.4214E-08	-2.4591E-07	-5.2515E-07
8.2109E-09	-1.5926E-08	-1.1054E-06	-1.9872E-07
8.6196E-09	8.2844E-09	-5.3232E-07	1.4761E-06
3.1891E-08	-1.6356E-08	2.2190E-07	2.2983E-07
-6.0297E-08	7.9586E-09	-4.4937E-07	1.2643E-06
-2.5542E-08	-2.5856E-08	9.5041E-07	4.4410E-07
-3.5597E-08	1.9424E-08	-4.3934E-07	2.6469E-07
-4.8932E-08	-9.6919E-09	2.8212E-07	1.0370E-06
-9.0916E-08	-1.4089E-08	6.7477E-07	4.7315E-07
-2.3197E-08	7.4013E-09	2.6546E-07	-1.2737E-07
1.9282E-08	-4.7475E-09	-2.5901E-08	5.0914E-07
-1.2010E-08	1.7267E-09	3.7289E-07	-1.2281E-07
4.8697E-10	8.1192E-09	-5.1755E-07	1.2123E-07
-1.8783E-08	4.7828E-08	-3.7549E-07	3.7281E-07
-5.7441E-09	2.4777E-08	-4.1710E-07	9.8164E-07
2.8103E-09	1.4812E-08	1.4742E-07	6.9139E-07
4.0390E-09	-3.9755E-08	1.0250E-07	1.0277E-06
-5.7835E-09	2.3943E-08	5.0291E-07	6.0197E-08
-7.2408E-08	2.2308E-08	-8.0835E-07	8.2945E-07
-7.7409E-09	-8.1856E-09	5.4268E-07	1.4140E-06
6.7209E-09	-4.5038E-08	8.2852E-07	1.0214E-06
8.3353E-09	3.4503E-09	1.4664E-06	-4.0395E-09
-1.9605E-08	6.2117E-08	1.8230E-07	-5.7860E-07
2.5098E-08	-2.3304E-08	-2.1165E-07	-3.7041E-07
-2.5760E-08	-1.5305E-08	-9.5259E-07	5.0433E-07
-3.4630E-08	-2.2851E-09	-1.2652E-07	9.6847E-07
-2.9751E-08	4.0294E-08	9.8754E-08	1.4671E-06
-6.9624E-08	3.6921E-08	1.5167E-06	3.4541E-07
-3.4706E-08	2.8688E-08	-2.3833E-07	-8.6887E-08
-1.7170E-08	-6.8807E-09	8.0311E-07	5.7461E-07
-1.7584E-08	-6.0231E-09	-2.8948E-08	-3.2265E-07
-6.4472E-08	-2.9158E-08	2.2688E-07	3.6737E-07
-2.6705E-08	7.2068E-08	-1.9088E-07	-3.2446E-08
8.2165E-09	-1.9295E-08	2.4419E-07	3.9813E-07
-7.4742E-09	-5.9827E-09	-2.9845E-07	-2.1919E-07
-3.6345E-08	2.8647E-08	-2.4927E-07	4.9769E-07
-9.3091E-08	-3.7819E-08	-3.3939E-07	1.9248E-07
7.2321E-09	-2.4910E-09	-2.7496E-07	5.9585E-07
-2.8781E-09	2.6552E-09	-3.4538E-07	4.6946E-07
-2.8148E-08	-1.1147E-08	-2.3401E-07	6.0237E-07
1.9239E-09	2.6087E-09	-7.0720E-07	8.3945E-07
-5.1463E-08	-1.0274E-08	2.6124E-07	1.5311E-06
9.8029E-09	2.2115E-08	5.2344E-07	5.0027E-07
-4.4605E-08	3.5270E-08	-9.1642E-08	4.9711E-07
-2.3911E-08	-1.7872E-08	3.7070E-08	1.4051E-06
-5.8571E-08	1.2251E-08	1.8193E-06	2.8696E-07
-7.1108E-08	-1.0699E-08	-9.5290E-07	-1.5237E-06
-6.3346E-09	-6.3167E-09	-1.6486E-06	2.0108E-06
-1.3134E-08	7.7846E-09	1.1395E-06	1.7075E-06
1.7914E-08	-9.8141E-09	6.0305E-07	1.6986E-07
-3.9875E-08	-1.1838E-09	8.2434E-08	7.8261E-07
-1.2749E-08	-3.1943E-09	7.7505E-07	2.6435E-07
-7.2658E-08	-3.0079E-09	-6.0693E-07	1.1676E-07
-3.1872E-08	4.6526E-08	1.0885E-07	1.3322E-06
-4.3604E-08	-1.0872E-08	3.7271E-07	7.3040E-07
1.6090E-09	-2.4789E-08	9.1588E-07	7.5339E-07
-3.2871E-08	-1.1419E-08	1.9540E-07	-3.8594E-07
-4.4299E-08	-1.8791E-09	-2.9366E-07	7.6663E-07
-4.0715E-08	2.2579E-08	2.9414E-07	6.3253E-07
-5.0075E-08	-2.4414E-08	5.7196E-07	4.2514E-07
-2.0507E-09	1.4509E-08	-4.0478E-07	-4.4470E-07
-4.2827E-08	2.0525E-08	-9.7348E-07	1.5149E-06
-2.4521E-08	1.2240E-08	8.6294E-07	1.3477E-06
-5.9421E-08	2.7494E-08	5.2769E-07	4.9948E-07
-9.3437E-08	1.5751E-08	3.7875E-07	4.4160E-07
-3.5860E-08	-2.2711E-09	-3.3283E-08	6.2847E-07
-3.7738E-08	-8.0309E-09	5.6179E-07	1.1428E-06
1.5909E-08	3.7451E-08	8.9070E-07	2.8848E-07
-3.5774E-08	3.6836E-08	4.2086E-07	5.3077E-07
-5.3972E-08	-9.4442E-09	1.2046E-06	-9.1709E-08
-1.8627E-08	1.2099E-08	-2.4300E-07	-6.6023E-07
-4.0203E-08	4.4394E-09	-8.2373E-08	2.2135E-07
-1.2140E-08	2.6065E-08	-6.0839E-07	-2.3324E-08
-5.6711E-08	2.3957E-08	-2.3646E-08	9.0453E-07
1.0732E-08	-2.3740E-08	-2.5400E-07	-3.0474E-07
-3.1271E-08	-1.0712E-08	-1.1952E-06	1.1509E-06
-3.3977E-09	3.6403E-08	3.5898E-07	1.6008E-06
-2.2365E-08	-2.2870E-09	6.2080E-07	4.7137E-07
-2.4612E-08	-1.2456E-08	-3.9700E-07	6.4306E-07
-2.7156E-08	3.6394E-08	7.0913E-07	1.5219E-06
-1.9196E-08	-1.7858E-08	1.0387E-06	-1.5296E-07
-2.9825E-08	2.7169E-08	-3.4212E-07	-1.2232E-07
-2.5607E-08	1.0265E-08	-5.1645E-07	9.1647E-07
-4.4995E-08	1.2213E-08	7.2104E-07	1.1587E-06
-1.3718E-08	-4.9352E-09	5.3018E-07	-7.5315E-08
-2.9296E-08	1.8728E-09	8.4034E-08	1.7783E-07
3.5096E-09	3.6280E-09	-4.6800E-07	-1.3261E-07
-1.1281E-08	2.5847E-08	-7.0166E-07	1.1166E-06
-1.1642E-08	-2.2600E-08	3.6119E-07	1.0095E-06
-1.5348E-08	-1.7640E-08	3.8852E-07	2.7317E-07
-1.3268E-08	-1.1545E-09	-5.6064E-07	-3.4426E-08
-6.8262E-08	-4.3853E-08	-1.0080E-06	9.4285E-07
-2.5729E-08	8.2503E-09	-6.5841E-07	2.0020E-06
-2.6518E-08	3.9735E-08	1.4229E-06	1.8126E-06
-1.6321E-08	4.3173E-08	2.5179E-07	-1.8177E-07
-2.3421E-08	1.8489E-08	-2.3853E-08	1.5687E-06
-6.1783E-08	4.5101E-08	4.9245E-07	5.8587E-07
-3.3033E-08	1.5054E-08	5.3664E-07	1.6992E-06
-2.1693E-08	-3.7431E-09	1.4534E-06	-1.6332E-07
-6.9453E-08	-1.1869E-08	-3.8791E-07	3.8318E-07
-3.9916E-09	-4.4554E-09	5.7210E-07	6.4701E-07
-1.9504E-08	-5.4229E-09	1.2468E-07	5.8782E-07
-4.8680E-08	-2.2085E-08	4.2983E-07	3.3371E-07
-2.1447E-08	-3.2314E-08	-2.0582E-07	7.8776E-07
-1.1814E-08	1.2468E-08	7.0170E-07	8.0060E-07
-2.0874E-09	1.7167E-08	3.9810E-07	5.1237E-07
4.0733E-09	-1.2977E-09	9.0520E-07	1.0525E-07
-1.6657E-08	-2.1933E-08	-2.9687E-07	-7.1811E-07
-1.2209E-08	-1.5171E-08	-1.2698E-06	6.6110E-07
-1.3692E-08	-1.1766E-08	3.7861E-08	1.5259E-06
-2.0604E-08	1.3678E-08	8.4369E-08	4.9853E-07
-4.5401E-08	-1.7348E-08	-3.2772E-08	1.2099E-06
-2.1873E-08	2.0510E-08	6.7510E-08	4.8146E-07
-5.6143E-08	3.6384E-08	-1.0026E-07	1.6763E-06
-1.4115E-08	-1.7419E-08	9.1436E-07	3.7073E-07
-3.5066E-08	-2.2902E-08	-6.5836E-07	1.1229E-06
-4.5911E-08	8.9252E-09	9.7023E-07	1.2978E-06
-2.1470E-08	4.3209E-08	1.0380E-07	9.6812E-07
-4.2841E-08	1.3652E-08	1.4464E-06	1.2616E-06
-3.3882E-09	-2.0419E-08	8.2468E-07	-2.3861E-07
-9.7839E-08	-1.1255E-08	7.0058E-08	3.6161E-07
1.0896E-08	-2.0360E-10	4.1511E-07	7.7768E-07
-3.3166E-08	-1.8284E-09	7.0250E-07	1.5918E-07
-4.4419E-08	2.5792E-08	1.8701E-07	2.0232E-07
-3.1479E-08	1.8972E-08	-1.5975E-07	-3.8392E-07
-6.7743E-09	3.5134E-08	-1.4288E-06	1.5881E-06
-2.1241E-08	-1.6660E-08	1.7919E-06	1.8853E-06
-1.2184E-08	1.1470E-08	8.0793E-07	-6.1254E-07
1.2063E-08	2.5703E-08	-7.3488E-08	4.1958E-08
-4.9495E-08	4.6477E-08	-7.0393E-07	5.4901E-07
-2.5447E-08	3.4224E-08	5.4769E-07	1.3539E-06
-2.6443E-09	6.9979E-09	3.4380E-07	1.3321E-07
-1.7147E-08	-3.1892E-08	4.3563E-07	7.4179E-07
1.1577E-08	1.1542E-08	2.1811E-07	-5.7539E-07
-2.0925E-08	4.9080E-09	-1.3587E-06	5.8144E-07
3.6171E-08	-8.6957E-09	2.2099E-07	1.8635E-06
-4.5827E-08	-5.0730E-09	8.9232E-07	-8.8117E-08
-6.7456E-09	9.5734E-09	-1.2681E-06	3.8169E-07
-1.2753E-08	2.3282E-08	2.4136E-07	1.7564E-06
-1.0096E-08	1.7248E-08	1.5748E-07	4.6745E-07
-5.0592E-08	1.9843E-08	4.6675E-08	1.1731E-06
-5.3881E-08	2.3827E-08	2.3641E-07	8.5384E-07
-3.8662E-08	-1.3504E-08	7.8891E-07	8.0419E-07
-3.6781E-08	-1.2126E-08	-2.8346E-07	-4.5097E-07
-4.1184E-08	-4.7619E-09	-9.6194E-07	1.4580E-06
-2.8459E-08	4.8349E-09	2.9523E-07	1.2648E-06
-3.1198E-09	2.2353E-08	3.7100E-07	1.3160E-06
7.2320E-09	3.3051E-08	8.4623E-07	9.2483E-08
-1.5033E-08	5.7653E-09	-1.0927E-06	-5.1361E-08
-7.8293E-09	1.5586E-08	-1.4235E-06	1.7261E-06
-2.8857E-08	3.4900E-08	-1.4984E-07	2.9982E-06
-3.2808E-08	6.5830E-09	1.8328E-06	2.2340E-06
5.9437E-09	7.9099E-09	1.5885E-06	3.1642E-07
-1.2827E-08	2.7179E-08	1.0570E-07	3.4106E-07
-3.1243E-08	2.0174E-08	5.4815E-07	1.3192E-06
-4.3906E-09	1.4801E-08	7.9850E-07	2.6469E-07
-7.4191E-09	6.0236E-08	-2.6386E-07	7.3151E-07
-1.6848E-08	-5.6881E-09	1.9375E-07	1.2463E-06
2.5006E-09	1.4511E-08	4.2908E-07	1.6138E-06
-1.1166E-08	-4.6695E-09	1.5520E-06	1.0994E-06
-1.3382E-08	3.1483E-08	8.0428E-07	-5.0165E-08
-2.5972E-08	4.8856E-08	-6.3344E-08	5.3000E-07
-3.5026E-08	-1.0406E-08	4.7506E-07	1.4490E-06
-2.9210E-08	1.0933E-08	1.5405E-06	4.2938E-07
-5.1953E-08	3.3368E-08	1.9973E-07	-2.1971E-07
-1.4907E-08	3.2771E-08	3.8036E-07	3.4971E-07
-9.6838E-09	4.1272E-08	-6.0306E-07	-1.3742E-07
-1.4219E-08	4.2920E-08	-4.2855E-07	1.7516E-06
-1.2210E-08	-5.0818E-09	8.8892E-07	6.4297E-07
-3.0198E-08	-3.3161E-11	-4.5607E-07	5.7705E-07
3.8273E-08	7.3717E-09	-3.9012E-08	1.3477E-06
-1.4215E-08	1.5075E-08	6.4903E-08	1.6269E-06
-1.3625E-08	2.4171E-09	1.2257E-06	1.6892E-06
-1.1451E-09	1.6672E-08	1.1009E-06	6.0720E-07
-2.9720E-08	1.7501E-08	1.0388E-06	7.4134E-07
-3.1967E-08	3.4160E-08	8.5293E-07	-6.8703E-08
-2.9640E-08	-1.5634E-08	1.7523E-07	3.2098E-07
-4.5633E-08	1.6252E-08	1.9442E-07	1.7615E-07
8.9804E-09	2.8438E-09	-4.7367E-07	9.1802E-07
-8.2213E-09	1.9005E-08	7.5191E-07	1.3348E-06
1.5465E-09	-8.3035E-10	5.0460E-07	2.5820E-07
-2.7339E-08	1.2243E-08	-8.5429E-08	1.1334E-06
-3.6228E-09	2.0517E-08	1.3209E-06	1.2898E-06
-2.2624E-08	-3.0129E-08	1.0879E-06	-4.2513E-07
-1.7351E-08	2.4703E-08	-2.5598E-07	2.0178E-07
2.1177E-08	5.1521E-08	4.0498E-07	4.5185E-07
-1.0131E-08	3.2886E-09	-2.5165E-07	4.2077E-07
-5.3514E-09	2.2255E-08	5.3516E-07	8.9620E-07
3.3570E-09	1.7530E-08	1.3082E-07	-6.4922E-08
-7.7576E-08	2.7725E-08	-3.3093E-07	6.9663E-07
2.6187E-09	3.9709E-08	-1.2561E-07	8.5547E-07
-2.1501E-08	-7.0939E-09	5.0909E-07	1.2775E-06
-4.3843E-08	7.0832E-09	8.5859E-07	-2.0825E-07
-5.1081E-08	1.3483E-08	-1.1442E-06	2.9126E-08
-7.9076E-09	2.4150E-08	-3.5111E-07	2.0058E-06
-3.1306E-08	4.5470E-08	1.2217E-06	9.2213E-07
-1.1332E-08	7.6684E-10	2.5034E-07	-4.5052E-08
-3.9565E-08	1.2730E-08	-1.9600E-07	2.6424E-07
1.6234E-08	3.1348E-08	-7.4571E-07	6.3530E-07
-3.7094E-08	1.0784E-08	-7.2822E-08	1.4711E-06
-2.8372E-08	1.0238E-08	2.9791E-07	6.6132E-07
-2.2797E-08	-2.7287E-10	-2.2881E-07	8.1483E-07
-2.8770E-08	2.9872E-08	4.1898E-08	1.0251E-06
-5.3248E-08	-1.0699E-08	2.6008E-07	6.5180E-07
-1.5148E-08	1.9299E-08	-5.5661E-07	2.6345E-07
-1.8807E-08	3.2163E-08	-1.0602E-06	1.4567E-06
-5.8436E-09	9.3346E-09	-2.2113E-09	2.0963E-06
-4.0120E-09	-1.7363E-08	7.3033E-07	1.4813E-06
-2.1194E-08	1.8242E-08	6.0354E-07	9.9482E-07
-8.9217E-09	1.0291E-08	5.4186E-07	4.6978E-07
-2.6060E-08	2.6827E-08	-5.5550E-07	5.0332E-07
-4.0085E-08	3.2240E-08	-3.0312E-07	1.3224E-06
-3.6775E-08	1.4591E-08	-5.3679E-07	1.5412E-06
-1.0135E-08	5.0315E-08	8.5488E-07	2.2255E-06
-5.9381E-08	3.1296E-08	6.7620E-07	4.2404E-07
3.8144E-09	7.5848E-09	-2.6932E-08	1.5060E-06
-3.6438E-08	4.6175E-08	6.8728E-07	1.1180E-06
-6.0489E-08	6.6980E-08	8.8229E-07	1.2175E-06
-2.9595E-08	1.2618E-08	7.0630E-07	-4.1644E-07
-1.4902E-08	7.2622E-08	-1.1644E-06	6.9994E-07
-3.1638E-08	2.5921E-08	-6.3896E-08	1.4610E-06
2.1156E-08	2.2812E-08	-9.3867E-08	1.3228E-06
-3.5123E-09	5.4488E-09	1.8648E-07	1.2243E-06
-2.9825E-08	2.6287E-08	1.0917E-07	1.2793E-06
1.7243E-08	6.2504E-09	-1.0420E-07	7.4774E-07
-1.7335E-08	3.4370E-08	-8.9053E-07	2.0801E-06
-1.8813E-08	3.2902E-08	8.7491E-07	2.4184E-06
-1.6303E-08	4.5635E-09	1.0258E-06	1.5915E-06
-2.7611E-08	2.3994E-08	1.1324E-06	1.0165E-06
-9.5720E-09	1.4384E-08	5.7092E-07	1.0728E-06
4.2720E-08	1.3761E-09	9.9139E-07	7.4552E-07
-2.3650E-08	1.8457E-08	1.6440E-07	8.4435E-07
-5.3076E-08	-2.0650E-09	9.9971E-07	8.4123E-07
-2.5283E-08	3.8531E-08	-9.9989E-08	3.1169E-07
1.0141E-08	2.1853E-08	6.1446E-07	1.2461E-06
-4.5815E-09	-1.4677E-08	2.2280E-07	-5.4475E-07
8.2356E-10	2.9034E-08	-1.8028E-06	1.1087E-06
-1.9927E-08	2.0560E-08	2.8956E-07	2.4897E-06
-3.0600E-08	-3.9466E-09	4.5558E-07	9.0710E-07
1.0956E-08	3.1296E-08	1.7010E-07	1.6188E-06
1.9000E-08	8.2286E-10	4.2116E-07	7.0108E-07
-5.9666E-09	2.5632E-08	-3.1352E-07	1.8353E-06
-2.3195E-08	5.1074E-09	1.4193E-06	1.0388E-06
-1.1607E-09	3.2895E-08	-5.0713E-07	1.2790E-07
-3.1922E-08	2.3971E-10	-6.1618E-07	1.6574E-06
-2.1712E-09	9.1876E-09	5.7929E-08	2.2315E-06
3.9166E-09	1.9061E-08	1.5089E-06	1.4575E-06
2.2138E-08	3.3096E-09	1.1127E-07	1.6832E-07
-4.7038E-09	2.2867E-09	-9.9348E-08	1.4609E-06
-4.5138E-08	3.7051E-08	4.4225E-07	7.3162E-07
-1.2615E-09	1.3631E-08	-7.9818E-07	5.5666E-07
-6.2249E-09	1.6011E-09	-1.2034E-06	2.0562E-06
-1.2028E-08	5.0668E-08	-4.8649E-08	2.7335E-06
-2.2873E-09	2.1442E-08	7.8322E-07	2.6794E-06
-1.8812E-08	3.4214E-08	1.6571E-06	1.7338E-06
-1.7143E-09	3.2049E-08	9.5868E-07	9.1025E-07
-1.1415E-08	1.5320E-09	5.5192E-07	9.7778E-07
-5.0617E-08	4.5399E-08	3.6919E-07	1.4935E-06
4.2350E-08	1.6674E-08	1.2003E-06	1.3231E-06
-1.0655E-08	-1.2491E-08	1.0868E-06	5.8170E-07
1.1393E-08	2.0017E-08	4.4490E-07	-8.8352E-08
1.1563E-08	4.2506E-08	-1.8628E-07	7.6364E-07
-1.1965E-09	1.6050E-08	2.9936E-07	-3.1084E-07
-3.0477E-08	1.8537E-08	-2.0795E-06	5.1004E-07
3.0915E-08	-7.2681E-09	-7.1719E-07	1.6225E-06
-2.6703E-08	1.2005E-08	-1.9457E-06	1.8323E-06
7.0916E-09	1.6452E-08	1.1479E-07	3.3207E-06
3.1137E-08	3.2865E-08	-5.7807E-08	1.8387E-06
-2.9643E-08	2.3691E-08	6.7839E-07	2.5163E-06
2.6708E-08	1.2840E-08	-7.9195E-08	1.1907E-06
-1.6164E-09	4.0703E-08	2.2017E-07	2.6184E-06
1.8421E-08	-3.2825E-10	5.3424E-08	1.3921E-06
2.8616E-08	1.9640E-08	1.6750E-07	3.2622E-06
4.7861E-09	1.4425E-08	1.7019E-06	1.6710E-06
-2.7626E-08	-2.2294E-08	5.7124E-07	1.4876E-06
1.4653E-08	3.7623E-08	8.8300E-07	1.4083E-06
-3.6830E-08	2.4318E-08	8.7028E-07	1.1388E-06
6.7285E-10	4.6437E-08	4.2305E-08	3.0606E-07
-6.1692E-10	-8.4023E-09	-6.4066E-07	1.7674E-06
3.5234E-08	1.6657E-08	4.0578E-07	1.3230E-06
-2.1436E-09	3.9138E-08	-6.4740E-07	1.2498E-06
1.2844E-08	2.4997E-08	-4.6080E-07	1.8820E-06
-3.6309E-08	5.6115E-08	-4.7996E-07	2.1397E-06
3.2488E-09	3.6939E-09	5.4513E-08	2.4924E-06
9.0207E-09	8.5145E-09	5.3371E-07	1.9823E-06
2.3216E-08	2.7078E-08	1.1707E-08	1.5639E-06
2.2577E-08	1.9478E-09	-9.3030E-08	1.9243E-06
3.4668E-09	4.8385E-08	-2.7897E-07	1.7467E-06
1.1399E-08	2.8803E-08	-4.4103E-07	2.3293E-06
-1.7009E-08	-1.8706E-08	-1.1744E-08	2.2966E-06
1.5883E-08	2.2246E-08	-3.9211E-07	2.1331E-06
1.2321E-08	3.0379E-08	-4.1238E-07	3.1365E-06
1.6268E-08	1.4650E-08	9.2816E-07	2.6857E-06
-9.8272E-09	3.7840E-08	-2.6715E-08	2.2342E-06
-1.6981E-08	3.0887E-08	1.1698E-06	2.4547E-06
-3.7930E-08	2.1758E-08	-4.4593E-07	7.9405E-07
2.3852E-09	1.2783E-08	-6.6578E-07	3.1273E-06
-3.9586E-08	6.2142E-08	2.9147E-07	1.8106E-06
7.6785E-09	2.4424E-08	-9.5869E-07	2.1130E-06
1.4495E-08	1.1559E-08	-1.4042E-06	2.5440E-06
-1.8019E-08	1.2120E-09	-9.9165E-07	3.9944E-06
-1.3711E-08	3.2600E-08	-6.8893E-07	3.3702E-06
-1.6933E-09	3.9274E-08	-2.8994E-07	5.0126E-06
-1.1035E-08	1.6961E-08	1.0680E-06	3.0509E-06
2.1449E-08	1.6650E-08	-8.6861E-07	3.6458E-06
-9.3841E-09	3.4423E-08	3.3807E-08	3.8803E-06
3.0736E-08	2.7810E-08	-8.8229E-07	4.7333E-06
1.1665E-08	1.4955E-08	6.6667E-07	5.0928E-06
8.3750E-09	4.0875E-09	1.3985E-07	5.1974E-06
1.0655E-08	2.8378E-09	1.7640E-06	5.4793E-06
-7.4466E-09	1.0234E-08	1.0975E-06	4.2044E-06
-2.9425E-11	1.7244E-08	4.0153E-07	5.4354E-06
-2.1039E-08	-5.3083E-09	1.6416E-06	6.7043E-06
-2.9000E-09	1.7569E-08	3.0111E-06	5.7804E-06
1.2454E-08	4.8388E-08	2.8453E-06	6.1484E-06
2.4520E-08	4.3178E-08	4.7998E-06	5.3196E-06
1.4042E-08	-3.4485E-10	3.6303E-06	4.2794E-06
9.2157E-09	-3.1212E-09	4.7881E-06	4.7052E-06
2.8703E-08	8.2601E-09	4.1428E-06	2.8962E-06
1.6219E-09	3.2067E-08	3.3792E-06	4.0110E-06
-5.1105E-08	2.6116E-08	4.2615E-06	4.0469E-06
1.3756E-08	2.6990E-08	4.3950E-06	3.7596E-06
-2.3085E-08	4.8278E-08	4.7798E-06	3.9753E-06
-7.8931E-09	3.6215E-08	6.0187E-06	3.3377E-06
4.2877E-09	4.6316E-08	5.9941E-06	1.6514E-06
-6.3397E-09	-5.4026E-09	4.8571E-06	7.6532E-07
-8.8067E-09	1.9955E-08	3.9722E-06	1.2714E-06
-9.2563E-09	3.9885E-08	4.1779E-06	1.2308E-06
-1.2995E-08	-2.8842E-08	3.7415E-06	1.4720E-06
2.1977E-08	7.7249E-09	4.4147E-06	1.1056E-06
1.2845E-08	3.1830E-08	3.4007E-06	8.4504E-07
-3.4294E-08	8.8813E-11	4.1105E-06	1.0140E-06
1.6977E-08	-5.1408E-09	2.7673E-06	3.0389E-07
7.2716E-09	2.0783E-08	3.6264E-06	2.0424E-06
9.4277E-09	-1.0444E-08	4.4471E-06	-6.4072E-07
1.1443E-08	8.2572E-09	1.2519E-06	-5.8387E-07
-2.0253E-08	6.6086E-09	1.3310E-06	1.6436E-06
3.1531E-08	4.5679E-09	2.0347E-06	1.9685E-06
-2.1154E-09	1.1695E-08	2.6565E-06	2.3643E-06
4.0665E-08	3.6831E-08	3.1845E-06	1.5640E-06
1.2261E-08	-6.0531E-09	2.3024E-06	1.7118E-06
-2.9282E-09	1.8673E-08	3.1027E-06	2.4814E-06
7.4504E-09	3.8810E-08	3.6836E-06	1.6961E-06
1.4054E-08	5.4884E-08	3.2928E-06	1.2768E-06
-2.1760E-08	5.0868E-09	3.2553E-06	1.4792E-06
-1.2004E-08	4.2691E-08	3.4368E-06	9.5287E-07
1.7743E-08	2.6894E-08	3.0321E-06	8.3348E-07
7.3243E-09	3.5994E-08	2.6535E-06	-1.3425E-07
-1.2453E-08	3.7331E-08	1.7536E-07	9.8369E-07
3.4704E-09	7.0596E-09	1.6002E-06	3.3092E-06
1.6485E-08	-1.5363E-08	1.9922E-06	2.7453E-06
4.7714E-09	3.9631E-08	2.4668E-06	4.2735E-06
5.7438E-10	2.6354E-08	4.4751E-06	4.0138E-06
2.6754E-09	1.5788E-08	5.1672E-06	2.5970E-06
1.4549E-09	2.1980E-08	4.3084E-06	1.9512E-06
-4.0378E-09	3.4638E-08	4.7924E-06	2.7364E-06
-4.4783E-09	-3.3062E-08	5.8421E-06	1.6738E-06
-6.8269E-09	2.1455E-08	5.2543E-06	2.9189E-07
-1.6164E-08	-3.4242E-10	3.9382E-06	6.5345E-07
-2.7099E-08	1.7248E-08	4.8132E-06	1.1148E-06
-1.4213E-08	6.3828E-08	4.0913E-06	2.3991E-07
1.6947E-08	-4.3994E-09	4.1351E-06	1.4386E-06
-7.4246E-09	3.2877E-08	4.9437E-06	1.1904E-06
-6.9019E-10	1.1235E-08	6.0192E-06	6.3255E-07
4.6103E-09	3.3665E-08	5.0438E-06	-1.3672E-06
8.8913E-09	4.7281E-08	4.2497E-06	-1.8501E-07
4.5088E-09	3.1492E-08	4.6401E-06	-1.0927E-06
1.0743E-08	-2.8825E-10	4.3155E-06	-4.8926E-07
1.9136E-08	2.4003E-08	4.8531E-06	-2.6056E-06
-5.0906E-09	5.4032E-08	1.5836E-06	-2.2872E-06
-1.3895E-08	1.9270E-08	2.1117E-06	-4.5681E-07
1.8886E-08	2.2817E-08	2.0035E-06	-4.9505E-08
-1.0973E-09	1.1916E-08	3.5001E-06	3.8702E-07
3.2895E-09	7.5815E-09	3.2450E-06	-1.4104E-06
6.5294E-09	-7.2726E-09	1.8367E-06	-1.1160E-06
-3.2775E-11	2.8764E-09	1.4084E-06	-3.6470E-07
1.8365E-08	-3.8654E-08	1.3110E-06	4.3551E-07
1.1990E-09	-6.4637E-09	1.8162E-06	1.3870E-06
-1.8711E-09	-1.4609E-08	3.0677E-06	1.0847E-06
3.3772E-09	2.9285E-08	2.4903E-06	2.5703E-07
6.2728E-09	3.8163E-08	2.1956E-06	1.0264E-06
2.1314E-08	2.6975E-08	2.6083E-06	1.1632E-06
-1.0266E-08	1.9906E-08	2.6016E-06	1.2105E-06
2.8089E-09	1.5439E-08	2.5384E-06	1.6891E-06
-2.8111E-08	7.0737E-11	3.1563E-06	2.2642E-06
-6.0034E-10	2.8951E-08	3.8558E-06	2.5937E-06
4.0494E-09	3.2074E-08	5.4154E-06	2.3084E-06
-3.8093E-09	3.4305E-08	5.2327E-06	1.0568E-06
-3.8986E-09	2.8639E-08	6.0954E-06	2.0168E-06
5.7136E-09	-4.7774E-09	7.9133E-06	-5.8921E-07
9.0958E-09	3.9668E-08	5.9650E-06	-2.1443E-06
9.9415E-09	3.1424E-08	5.6323E-06	-2.3799E-06
1.1486E-09	3.8117E-08	4.4062E-06	-2.8876E-06
-3.8378E-08	3.0004E-08	4.0003E-06	-2.8545E-06
1.9513E-08	2.6424E-08	2.5441E-06	-2.6086E-06
9.8850E-09	5.9441E-09	3.2352E-06	-1.3860E-06
-2.1465E-08	1.8415E-08	2.9408E-06	-2.3843E-06
-3.1589E-08	-3.1549E-09	2.6488E-06	-1.1470E-06
1.1748E-09	2.2805E-08	3.6632E-06	-2.0187E-06
2.5704E-08	3.1559E-08	2.4112E-06	-2.6764E-06
4.7397E-08	4.9224E-09	1.5385E-06	-2.0026E-06
6.1506E-09	-2.0638E-08	1.5228E-06	-9.1838E-07
1.6448E-08	6.1953E-09	2.1328E-06	-5.4352E-07
4.9849E-09	1.5934E-08	2.8130E-06	-2.5427E-07
3.8672E-08	2.0552E-08	3.7892E-06	-1.2211E-06
9.8789E-09	-1.7692E-08	2.9788E-06	-2.5018E-06
9.6163E-09	2.1409E-08	1.6841E-06	-2.3280E-06
-2.0311E-08	-4.0341E-09	1.3134E-06	-1.3857E-06
2.6389E-08	2.0047E-08	1.5972E-06	-9.4782E-07
-2.2213E-09	-3.8655E-08	1.7917E-06	-7.4770E-07
-1.9530E-09	1.7289E-08	1.9463E-06	-5.9120E-07
-5.7866E-09	1.6995E-08	2.5496E-06	-4.7393E-07
-4.6340E-09	1.1251E-08	2.6543E-06	-1.4281E-06
7.7660E-09	2.4874E-08	1.7439E-06	-1.2180E-06
4.9298E-09	2.9744E-08	2.2495E-06	-5.6944E-07
8.3649E-09	6.4685E-09	2.9293E-06	-1.2394E-06
2.0605E-08	-9.8235E-09	2.2230E-06	-2.2146E-06
1.2719E-08	2.0201E-08	1.3034E-06	-1.8645E-06
3.2759E-08	3.7746E-09	7.2526E-07	-1.4914E-06
2.7550E-08	6.6901E-10	7.4914E-07	-9.5332E-09
-2.5956E-08	1.5164E-08	2.0829E-06	-2.7940E-07
4.5560E-09	-5.0844E-09	1.5809E-06	-2.7631E-07
2.9627E-08	8.2051E-09	2.8752E-06	-9.9093E-08
1.6268E-08	6.4078E-08	2.8183E-06	-1.3689E-06
1.3531E-08	2.9414E-08	2.6172E-06	-2.0387E-06
2.8662E-09	5.0182E-09	9.2617E-07	-2.5164E-06
1.0822E-10	1.8828E-08	7.5368E-07	-1.1934E-06
1.4017E-08	-2.2207E-08	1.6122E-07	-1.2154E-06
-1.8785E-08	1.3693E-08	1.1064E-06	7.3937E-07
-2.7097E-09	4.2491E-09	2.2350E-06	-1.4130E-06
2.0595E-08	-2.4546E-08	5.3176E-07	-8.5538E-07
-9.2197E-09	4.5959E-09	9.9355E-07	-1.2685E-06
-1.5810E-10	3.1094E-08	-9.1333E-07	3.6267E-07
2.0518E-08	-9.1661E-09	2.2555E-06	1.6053E-06
-2.3238E-08	3.8876E-09	1.9972E-06	-9.1325E-07
2.4264E-08	3.9472E-08	8.3283E-07	-3.6962E-07
-9.1754E-09	-2.5931E-09	7.1046E-07	7.8726E-07
8.7000E-09	-1.6200E-08	2.6944E-06	7.7644E-07
1.5549E-08	-1.1869E-08	1.6648E-06	-1.0141E-06
2.0846E-08	-1.4829E-09	9.9889E-07	2.2784E-07
4.3547E-08	3.0341E-08	1.1866E-06	6.2053E-07
-7.3510E-09	-1.4023E-08	2.3746E-06	1.1660E-06
-3.4572E-08	2.9762E-08	2.5300E-06	-2.0020E-09
4.6507E-09	2.3474E-08	2.9333E-06	-7.8313E-08
-6.8067E-09	1.5587E-08	1.5956E-06	-1.6949E-06
7.1590E-09	1.1927E-08	7.5268E-07	7.0250E-07
1.4853E-08	1.5091E-08	2.2153E-06	-2.4598E-08
2.4657E-08	-1.6010E-08	1.1681E-06	3.5828E-07
-1.4779E-08	5.9788E-09	1.7371E-06	6.2531E-07
3.7557E-08	4.1077E-08	1.7102E-06	1.7145E-06
1.3661E-08	8.9883E-09	3.8157E-06	1.3229E-06
-3.5769E-09	6.4574E-09	3.4213E-06	4.1141E-07
7.5224E-10	1.4857E-08	4.6237E-06	2.4921E-07
2.2717E-08	-7.9459E-09	4.4653E-06	-1.9304E-06
-1.1650E-09	-1.7119E-08	2.8103E-06	-2.5703E-06
5.5677E-08	1.3459E-08	1.8360E-06	-1.9802E-06
-8.0979E-09	2.3034E-08	1.4915E-06	-1.8210E-06
1.8044E-09	3.5164E-08	8.0462E-07	-7.6033E-07
4.4935E-08	1.9823E-08	2.1905E-06	-5.0269E-07
2.1907E-09	3.3325E-08	1.1191E-06	-1.5363E-06
-1.4345E-08	9.9806E-09	9.8722E-07	2.4026E-07
2.7805E-08	1.4650E-08	1.9904E-06	-4.7171E-07
3.2787E-08	3.3071E-08	1.0824E-06	2.8240E-07
-3.2642E-10	2.8087E-08	3.4321E-06	6.1457E-07
3.3571E-08	1.9189E-08	2.8278E-06	-2.2334E-06
2.9130E-08	3.6779E-09	8.0628E-07	-9.6151E-07
2.3248E-08	2.3316E-08	2.1271E-06	-4.4360E-07
2.9854E-08	1.4069E-09	1.5947E-06	-1.3383E-06
-4.5739E-09	3.9227E-09	1.2227E-06	-9.1063E-07
1.6189E-09	1.6237E-08	7.5653E-07	-8.3262E-07
-5.6581E-09	4.3977E-08	9.7995E-07	2.1082E-07
1.2393E-09	9.2011E-09	1.4921E-06	-5.1361E-07
1.4339E-08	-2.6172E-08	5.1152E-07	2.6299E-07
2.1457E-08	1.1692E-08	2.1059E-06	6.2096E-07
6.2523E-09	-1.7688E-09	1.2410E-06	-5.1384E-07
7.4343E-09	-1.8837E-09	1.2382E-06	1.0877E-06
1.5035E-08	4.3890E-08	2.5838E-06	6.4877E-07
1.0809E-08	3.1662E-08	2.8725E-06	-1.9378E-07
4.7024E-08	3.2534E-08	1.9399E-06	-1.4676E-06
6.6890E-09	2.7692E-08	5.0107E-07	-9.6563E-08
1.7878E-08	8.9514E-09	1.8902E-06	6.1176E-07
1.4855E-08	6.0147E-09	1.6527E-06	-2.3712E-07
2.0983E-08	-7.2797E-09	1.4358E-06	5.1873E-07
1.1047E-08	-8.2360E-09	1.9446E-06	4.3882E-07
-1.7955E-08	3.3511E-08	2.2181E-06	8.4903E-07
2.6664E-08	-2.4194E-08	3.4535E-06	-5.1243E-07
-1.6717E-08	3.5919E-08	1.0821E-06	-1.5602E-06
-3.8653E-09	1.1797E-08	1.1460E-06	3.5682E-07
1.1004E-08	-1.3569E-08	1.0526E-06	-6.3047E-07
-9.0588E-09	8.5828E-10	-4.6736E-08	1.1442E-06
3.1606E-09	-3.5975E-10	1.4931E-06	2.1793E-06
-1.5377E-08	-8.8366E-09	2.9950E-06	1.9434E-06
7.1760E-09	2.5917E-08	3.2526E-06	-2.4401E-07
-4.9523E-09	1.5208E-08	8.1375E-07	2.7395E-09
1.4605E-08	2.1026E-08	1.2909E-06	2.1738E-06
1.5816E-08	-5.6272E-09	2.7565E-06	2.1483E-06
1.2896E-08	-1.0485E-08	3.1264E-06	1.9387E-06
5.1895E-09	6.4267E-09	4.2512E-06	1.3822E-06
2.5592E-08	1.5330E-08	3.1450E-06	-6.9791E-09
-2.9969E-09	2.3281E-08	2.7412E-06	1.7485E-06
2.0890E-08	1.4950E-08	4.2801E-06	1.4186E-06
1.0229E-08	9.7192E-09	4.6308E-06	7.9372E-07
3.8084E-08	-2.5778E-08	4.4466E-06	-7.4810E-07
2.9184E-08	1.6275E-08	2.6923E-06	-5.7284E-07
1.4786E-08	-1.2428E-08	1.9468E-06	4.7386E-07
-1.7928E-08	-1.0653E-09	2.2360E-06	2.9808E-06
1.2224E-08	-8.0629E-12	5.1329E-06	3.5314E-06
-1.8989E-08	1.1205E-08	6.7618E-06	2.8080E-06
1.8395E-08	2.4482E-08	8.7822E-06	1.0148E-06
1.4891E-08	1.9419E-08	8.6490E-06	-1.6378E-06
1.9889E-08	2.0937E-08	7.4497E-06	-3.3382E-06
1.4820E-08	2.3376E-08	6.2981E-06	-3.6123E-06
2.7063E-08	2.6171E-08	5.5276E-06	-5.0474E-06
1.7603E-08	9.7012E-09	2.4858E-06	-4.0132E-06
3.1935E-08	1.3372E-08	4.0315E-06	-1.8303E-06
3.9837E-08	5.2123E-09	4.6120E-06	-3.4498E-06
2.6215E-08	8.1926E-09	3.7951E-06	-3.5987E-06
5.0361E-10	2.6837E-08	3.2815E-06	-3.6145E-06
3.1250E-08	-1.6508E-09	3.4313E-06	-3.1561E-06
7.0023E-09	3.0616E-08	3.4356E-06	-4.1273E-06
1.4774E-08	2.1554E-08	2.3841E-06	-3.9968E-06
1.2861E-08	-1.8558E-08	2.2601E-06	-4.1612E-06
6.3412E-09	3.0539E-08	8.5299E-07	-3.7606E-06
-2.8423E-08	4.5334E-09	1.4320E-06	-2.7066E-06
1.6003E-08	1.3135E-09	7.9998E-07	-3.3283E-06
2.1603E-08	-1.5965E-08	2.8691E-07	-1.6642E-06
3.2795E-09	-7.6683E-09	1.2984E-06	-1.0246E-06
-3.7412E-10	1.3073E-08	2.5952E-06	-1.0358E-06
2.9022E-08	-5.2956E-09	2.3311E-06	-2.7760E-06
2.1054E-08	7.4735E-09	1.4195E-06	-1.5753E-06
1.6777E-08	-2.4348E-08	2.5753E-06	-2.3775E-06
3.6046E-08	1.5895E-08	7.0737E-07	-2.4802E-06
1.1740E-08	2.3362E-08	1.1653E-06	-6.9121E-07
3.3927E-08	3.0475E-08	2.7111E-06	-6.8556E-07
-2.1305E-08	2.2671E-08	3.2391E-06	-2.3717E-06
1.5821E-08	-1.4868E-10	1.6776E-06	-2.9535E-06
1.8823E-08	-6.1341E-09	1.0082E-06	-2.1442E-06
1.5620E-08	1.3722E-08	1.0353E-06	-1.3430E-06
3.3758E-08	-2.9978E-08	1.3268E-06	-8.9752E-07
2.1936E-08	1.4936E-08	2.2382E-06	-3.6551E-07
1.6886E-08	-1.2128E-08	2.5579E-06	-1.5272E-06
6.3196E-09	2.1850E-08	2.0027E-06	-5.3677E-07
-1.5360E-09	6.3058E-08	3.7170E-06	-9.7334E-07
3.4690E-08	5.0792E-08	3.1797E-06	-1.9920E-06
5.3108E-09	-2.2844E-08	3.0585E-06	-2.1278E-06
1.7141E-08	-3.7595E-08	2.9182E-06	-2.1387E-06
1.4242E-08	4.2020E-09	2.6658E-06	-2.7724E-06
3.1847E-08	1.2252E-08	2.0006E-06	-1.4070E-06
2.5300E-08	7.2839E-09	4.1470E-06	-1.5764E-06
-6.0520E-09	1.6114E-08	4.2555E-06	-2.5535E-06
1.3719E-08	2.0834E-08	6.2944E-06	-4.4880E-06
4.0303E-08	1.1060E-08	3.9312E-06	-1.0124E-05
3.5833E-08	-9.3315E-09	-4.9606E-06	-1.1332E-05
2.3443E-08	3.5514E-09	-1.2203E-05	9.6271E-07
1.3623E-08	5.0241E-09	9.4968E-06	5.2126E-06
3.1442E-08	1.8548E-09	-1.1052E-05	-2.6327E-06
2.2289E-08	2.3633E-08	9.3649E-07	1.1950E-05
1.0933E-08	4.7339E-09	1.0461E-05	5.2824E-06
1.0933E-08	4.6630E-09	1.1313E-05	-2.6980E-06
1.0932E-08	4.5923E-09	6.0859E-06	-6.6365E-06
1.0931E-08	4.5218E-09	3.6537E-06	-5.2509E-06
1.0929E-08	4.4514E-09	2.9608E-06	-4.9177E-06
1.0927E-08	4.3812E-09	2.8825E-06	-5.4132E-06
1.0925E-08	4.3112E-09	3.6844E-07	-5.4044E-06
1.0922E-08	4.2414E-09	9.5537E-07	-3.1740E-06
1.0919E-08	4.1717E-09	1.1665E-06	-4.0510E-06
1.0915E-08	4.1023E-09	1.1065E-06	-3.4577E-06
1.0911E-08	4.0330E-09	4.8723E-07	-4.4312E-06
1.0907E-08	3.9639E-09	-6.8181E-07	-2.3848E-06
1.0902E-08	3.8950E-09	1.9125E-06	-1.6952E-06
1.0897E-08	3.8263E-09	1.9894E-06	-4.4857E-06
1.0892E-08	3.7578E-09	-7.0549E-07	-3.9857E-06
1.0886E-08	3.6895E-09	2.4653E-08	-2.3319E-06
1.0880E-08	3.6214E-09	2.3108E-07	-2.6244E-06
1.0874E-08	3.5535E-09	4.4795E-07	-2.3808E-06
1.0867E-08	3.4857E-09	3.1326E-07	-2.2739E-06
1.0860E-08	3.4182E-09	1.0955E-06	-2.4796E-06
1.0852E-08	3.3509E-09	-2.3335E-07	-2.8995E-06
1.0845E-08	3.2838E-09	6.5036E-07	-1.4198E-06
1.0836E-08	3.2169E-09	7.1647E-07	-2.7821E-06
1.0828E-08	3.1501E-09	4.3351E-07	-1.5306E-06
1.0819E-08	3.0836E-09	1.6035E-06	-2.3901E-06
1.0810E-08	3.0173E-09	9.7026E-07	-2.8305E-06
1.0800E-08	2.9512E-09	8.6676E-07	-3.1718E-06
1.0790E-08	2.8854E-09	1.9128E-07	-3.3284E-06
1.0780E-08	2.8197E-09	-6.5809E-07	-3.0460E-06
1.0770E-08	2.7542E-09	-5.9782E-07	-1.6998E-06
1.0759E-08	2.6890E-09	2.6029E-07	-2.0076E-06
1.0748E-08	2.6240E-09	-2.2584E-07	-1.7663E-06
1.0736E-08	2.5592E-09	7.5162E-07	-1.5813E-06
1.0724E-08	2.4946E-09	3.9268E-07	-2.5483E-06
1.0712E-08	2.4302E-09	-1.0887E-07	-2.0054E-06
1.0699E-08	2.3661E-09	-1.2787E-07	-1.9221E-06
1.0687E-08	2.3021E-09	1.9213E-08	-9.8534E-07
1.0673E-08	2.2384E-09	1.2289E-06	-1.5839E-06
1.0660E-08	2.1750E-09	5.8120E-07	-2.0390E-06
1.0646E-08	2.1117E-09	9.5426E-07	-2.1526E-06
1.0632E-08	2.0487E-09	1.9058E-07	-2.4418E-06
1.0618E-08	1.9859E-09	3.6101E-07	-2.1471E-06
1.0603E-08	1.9233E-09	-2.1842E-07	-2.0490E-06
1.0588E-08	1.8610E-09	4.6217E-07	-1.6645E-06
1.0573E-08	1.7989E-09	-1.2523E-07	-1.8461E-06
1.0557E-08	1.7370E-09	1.0763E-06	-1.2488E-06
1.0541E-08	1.6754E-09	5.0140E-07	-2.8328E-06
1.0525E-08	1.6140E-09	1.4447E-07	-1.7715E-06
1.0509E-08	1.5528E-09	5.6857E-08	-2.4411E-06
1.0492E-08	1.4919E-09	4.1483E-09	-1.1192E-06
1.0475E-08	1.4312E-09	1.0592E-06	-2.1750E-06
1.0457E-08	1.3707E-09	2.3437E-07	-2.1716E-06
1.0440E-08	1.3105E-09	5.0064E-07	-2.6231E-06
1.0422E-08	1.2505E-09	-5.6550E-07	-2.2669E-06
1.0403E-08	1.1908E-09	3.2631E-07	-1.7302E-06
1.0385E-08	1.1313E-09	2.1916E-07	-2.7634E-06
1.0366E-08	1.0721E-09	-7.9168E-07	-2.5638E-06
1.0347E-08	1.0131E-09	-7.4849E-07	-1.9864E-06
1.0328E-08	9.5429E-10	-1.1658E-06	-1.7682E-06
1.0308E-08	8.9578E-10	-2.8323E-07	-7.7988E-07
1.0288E-08	8.3752E-10	-2.6729E-07	-2.4315E-06
1.0268E-08	7.7951E-10	-1.8139E-06	-5.4913E-07
1.0248E-08	7.2174E-10	9.4037E-07	-2.0012E-07
1.0227E-08	6.6422E-10	1.5790E-07	-1.8971E-06
1.0206E-08	6.0696E-10	3.0154E-07	-1.1394E-06
1.0185E-08	5.4995E-10	3.1538E-07	-2.2983E-06
1.0163E-08	4.9318E-10	-7.2147E-07	-2.1215E-06
1.0142E-08	4.3668E-10	-1.1922E-06	-1.5583E-06
1.0120E-08	3.8042E-10	-8.9653E-07	-6.3233E-07
1.0097E-08	3.2442E-10	-4.8651E-07	-7.2214E-07
1.0075E-08	2.6868E-10	-2.9670E-07	-2.5578E-07
1.0052E-08	2.1319E-10	3.2522E-07	-4.1870E-07
1.0029E-08	1.5796E-10	7.6920E-07	-4.6174E-07
1.0006E-08	1.0299E-10	1.1450E-06	-1.4704E-06
9.9825E-09	4.8276E-11	5.9170E-07	-1.7836E-06
9.9588E-09	-6.1783E-12	2.0833E-07	-2.6569E-06
9.9348E-09	-6.0373E-11	-1.8759E-06	-1.7639E-06
9.9106E-09	-1.1431E-10	-6.2264E-07	5.0869E-07
9.8862E-09	-1.6798E-10	1.2036E-06	-5.6216E-07
9.8615E-09	-2.2139E-10	3.5868E-07	-1.7880E-06
9.8367E-09	-2.7454E-10	1.7015E-07	-8.8981E-07
9.8115E-09	-3.2742E-10	7.4188E-07	-2.1328E-06
9.7862E-09	-3.8005E-10	-1.0811E-06	-1.5784E-06
9.7606E-09	-4.3240E-10	3.9752E-07	-8.9184E-07
9.7348E-09	-4.8449E-10	-4.9504E-07	-1.9305E-06
9.7088E-09	-5.3632E-10	-2.7239E-07	-1.0297E-06
9.6825E-09	-5.8788E-10	-8.8272E-07	-1.7732E-06
9.6561E-09	-6.3917E-10	-9.8219E-07	-8.9929E-08
9.6294E-09	-6.9020E-10	2.5447E-07	-9.0518E-07
9.6025E-09	-7.4096E-10	-1.1597E-06	-9.9337E-07
9.5754E-09	-7.9145E-10	-3.8570E-07	8.2217E-07
9.5481E-09	-8.4167E-10	1.4349E-06	-4.4214E-07
9.5206E-09	-8.9162E-10	1.1910E-07	-1.4673E-06
9.4929E-09	-9.4131E-10	1.0001E-07	-9.1270E-07
9.4649E-09	-9.9072E-10	-5.5383E-07	-8.8922E-07
9.4368E-09	-1.0399E-09	5.4735E-07	3.2396E-07
9.4085E-09	-1.0887E-09	1.3743E-06	-1.6796E-06
9.3799E-09	-1.1373E-09	-5.9786E-07	-1.9926E-06
9.3512E-09	-1.1857E-09	-7.2535E-07	-5.6214E-07
9.3223E-09	-1.2337E-09	7.5971E-08	-6.2973E-07
9.2932E-09	-1.2815E-09	-8.6496E-08	-6.9521E-07
9.2639E-09	-1.3290E-09	2.8242E-07	-1.1311E-06
9.2344E-09	-1.3762E-09	-9.4707E-07	-1.1002E-06
9.2047E-09	-1.4232E-09	-4.7635E-07	-2.4162E-07
9.1749E-09	-1.4699E-09	-9.2438E-07	2.9789E-07
9.1448E-09	-1.5163E-09	1.6528E-06	9.2201E-07
9.1146E-09	-1.5624E-09	6.4878E-07	-2.3286E-06
9.0842E-09	-1.6083E-09	-1.0073E-06	-1.0218E-07
9.0536E-09	-1.6539E-09	1.8167E-07	-1.2895E-07
9.0229E-09	-1.6992E-09	4.4584E-07	5.3996E-07
8.9920E-09	-1.7442E-09	1.2979E-06	-8.9721E-07
8.9609E-09	-1.7890E-09	8.7736E-08	-4.7213E-07
8.9296E-09	-1.8335E-09	1.0540E-06	-7.3184E-07
8.8982E-09	-1.8777E-09	1.9074E-07	-9.3477E-07
8.8666E-09	-1.9216E-09	5.0761E-07	-1.0080E-06
8.8348E-09	-1.9652E-09	-5.3078E-07	-7.9951E-07
8.8029E-09	-2.0086E-09	2.0231E-07	4.6691E-08
8.7708E-09	-2.0517E-09	2.4331E-07	-3.6608E-07
8.7386E-09	-2.0945E-09	3.5595E-07	6.9983E-08
8.7062E-09	-2.1370E-09	8.4167E-07	-9.5297E-09
8.6736E-09	-2.1793E-09	1.0504E-06	-3.6181E-07
8.6409E-09	-2.2213E-09	9.8526E-07	-6.1691E-07
8.6081E-09	-2.2630E-09	6.5903E-07	-7.6545E-07
8.5751E-09	-2.3044E-09	8.6486E-07	2.2878E-08
8.5419E-09	-2.3455E-09	2.1411E-06	-1.0385E-06
8.5087E-09	-2.3864E-09	5.8614E-07	-2.2780E-06
8.4752E-09	-2.4270E-09	-2.2049E-07	-1.1997E-06
8.4417E-09	-2.4673E-09	-1.0409E-07	-6.9790E-07
8.4080E-09	-2.5073E-09	3.2990E-07	-3.5133E-07
8.3741E-09	-2.5471E-09	3.0111E-07	-6.4791E-07
8.3401E-09	-2.5865E-09	3.0636E-07	5.8280E-08
8.3060E-09	-2.6257E-09	1.3464E-06	-1.4169E-07
8.2718E-09	-2.6646E-09	1.1964E-06	-1.1342E-06
8.2374E-09	-2.7032E-09	2.0058E-07	-9.7420E-07
8.2029E-09	-2.7416E-09	7.5947E-07	2.3409E-07
8.1683E-09	-2.7797E-09	1.9526E-06	-8.6542E-07
8.1335E-09	-2.8174E-09	8.4453E-07	-1.4276E-06
8.0986E-09	-2.8549E-09	1.1566E-06	-1.0607E-06
8.0636E-09	-2.8922E-09	6.9968E-07	-1.7496E-06
8.0285E-09	-2.9291E-09	2.3946E-07	-1.1810E-06
7.9933E-09	-2.9658E-09	2.3405E-07	-9.5596E-07
7.9579E-09	-3.0022E-09	6.1810E-07	-3.5921E-07
7.9225E-09	-3.0383E-09	1.3716E-06	-1.0958E-06
7.8869E-09	-3.0741E-09	3.8344E-07	-1.5367E-06
7.8512E-09	-3.1096E-09	6.6507E-07	-4.9268E-07
7.8155E-09	-3.1449E-09	1.4447E-06	-1.5824E-06
7.7796E-09	-3.1799E-09	2.4431E-07	-1.7856E-06
7.7436E-09	-3.2146E-09	3.9384E-07	-1.5254E-06
7.7075E-09	-3.2490E-09	-3.6216E-07	-1.2903E-06
7.6713E-09	-3.2832E-09	5.3684E-07	-7.0227E-07
7.6350E-09	-3.3171E-09	8.8915E-08	-1.6351E-06
7.5986E-09	-3.3507E-09	-3.7682E-07	-7.7124E-07
7.5621E-09	-3.3840E-09	-6.4069E-08	-2.5978E-07
7.5255E-09	-3.4170E-09	1.1323E-06	-3.1282E-07
7.4888E-09	-3.4498E-09	3.5735E-07	-1.7762E-06
7.4520E-09	-3.4822E-09	-5.2553E-07	-2.6675E-07
7.4152E-09	-3.5144E-09	8.4007E-07	3.6991E-08
7.3782E-09	-3.5464E-09	9.7840E-07	-8.0668E-07
7.3412E-09	-3.5780E-09	4.6572E-07	-4.0308E-07
7.3041E-09	-3.6094E-09	1.9420E-06	-5.2303E-07
7.2669E-09	-3.6405E-09	7.2696E-07	-2.1804E-06
7.2296E-09	-3.6713E-09	5.3377E-07	-6.7225E-07
7.1923E-09	-3.7018E-09	7.2010E-07	-1.9733E-06
7.1549E-09	-3.7321E-09	-3.6015E-07	-6.9465E-07
7.1174E-09	-3.7620E-09	6.0079E-07	-6.8774E-07
7.0798E-09	-3.7917E-09	7.3127E-07	-3.8976E-08
7.0421E-09	-3.8212E-09	2.1659E-06	-1.4841E-06
7.0044E-09	-3.8503E-09	1.3950E-09	-2.2398E-06
6.9666E-09	-3.8792E-09	1.3652E-07	-5.7359E-07
6.9288E-09	-3.9078E-09	1.1229E-06	-1.0127E-06
6.8909E-09	-3.9361E-09	5.1865E-07	-1.6225E-06
6.8529E-09	-3.9642E-09	5.6331E-07	-8.5900E-07
6.8148E-09	-3.9920E-09	8.6690E-07	-1.6902E-06
6.7767E-09	-4.0195E-09	1.6520E-07	-1.0337E-06
6.7386E-09	-4.0467E-09	1.2175E-06	-1.2782E-06
6.7004E-09	-4.0737E-09	7.3675E-07	-1.9104E-06
6.6621E-09	-4.1004E-09	3.0093E-07	-2.4563E-06
6.6238E-09	-4.1268E-09	-1.1977E-06	-1.4516E-06
6.5854E-09	-4.1529E-09	3.5204E-07	-9.2211E-08
6.5470E-09	-4.1788E-09	1.2097E-06	-1.5614E-06
6.5085E-09	-4.2044E-09	-5.5956E-08	-2.3861E-06
6.4700E-09	-4.2297E-09	-8.2577E-07	-1.1131E-06
6.4314E-09	-4.2548E-09	8.3414E-08	-9.3251E-07
6.3928E-09	-4.2796E-09	-1.9644E-07	-9.8548E-07
6.3542E-09	-4.3041E-09	6.0104E-08	-8.4308E-07
6.3155E-09	-4.3283E-09	3.5849E-07	-4.2376E-07
6.2767E-09	-4.3523E-09	1.1719E-06	-1.7616E-06
6.2380E-09	-4.3760E-09	-8.3281E-07	-1.7223E-06
6.1992E-09	-4.3995E-09	7.9595E-08	-6.7253E-07
6.1603E-09	-4.4226E-09	-3.3964E-07	-8.7548E-07
6.1214E-09	-4.4455E-09	9.4075E-07	-4.2781E-07
6.0825E-09	-4.4682E-09	3.4019E-07	-1.7516E-06
6.0436E-09	-4.4906E-09	6.6485E-07	-1.1331E-06
6.0046E-09	-4.5127E-09	-5.8317E-08	-2.7706E-06
5.9657E-09	-4.5345E-09	-1.4526E-06	-1.3861E-06
5.9266E-09	-4.5561E-09	-1.1632E-06	-7.6569E-07
5.8876E-09	-4.5774E-09	-6.5304E-07	1.7082E-07
5.8485E-09	-4.5985E-09	-1.2218E-07	-5.7444E-07
5.8095E-09	-4.6193E-09	-8.1665E-07	3.1255E-07
5.7704E-09	-4.6398E-09	8.1178E-07	9.9689E-07
5.7312E-09	-4.6600E-09	1.7891E-06	-3.9238E-07
5.6921E-09	-4.6801E-09	8.3045E-07	-1.2093E-06
5.6530E-09	-4.6998E-09	1.0309E-06	-7.0843E-07
5.6138E-09	-4.7193E-09	7.2688E-07	-1.5825E-06
5.5746E-09	-4.7385E-09	7.1961E-07	-5.7799E-07
5.5354E-09	-4.7575E-09	1.5172E-06	-2.0701E-06
5.4962E-09	-4.7762E-09	-1.9545E-07	-2.0659E-06
5.4570E-09	-4.7946E-09	3.3153E-08	-1.5572E-06
5.4178E-09	-4.8128E-09	-4.0599E-07	-1.0737E-06
5.3786E-09	-4.8307E-09	9.4872E-07	-8.9483E-07
5.3394E-09	-4.8484E-09	4.6739E-07	-2.6393E-06
5.3002E-09	-4.8658E-09	-1.2353E-06	-2.0239E-06
5.2610E-09	-4.8830E-09	-8.6322E-07	-6.8486E-07
5.2218E-09	-4.8999E-09	-1.4305E-07	-8.7397E-07
5.1825E-09	-4.9165E-09	-2.5930E-07	-1.2167E-06
5.1433E-09	-4.9329E-09	-8.7599E-07	-9.2115E-07
5.1041E-09	-4.9491E-09	4.1173E-08	3.1553E-08
5.0649E-09	-4.9650E-09	5.9462E-07	-1.3470E-06
5.0257E-09	-4.9806E-09	-1.9061E-07	-1.3159E-06
4.9865E-09	-4.9960E-09	-5.6152E-07	-1.6903E-06
4.9474E-09	-5.0112E-09	-1.1027E-06	-3.8161E-07
4.9082E-09	-5.0260E-09	-3.2759E-08	-8.2014E-07
4.8691E-09	-5.0407E-09	-8.9918E-07	-4.6443E-07
4.8299E-09	-5.0551E-09	-8.9890E-08	-4.2940E-07
4.7908E-09	-5.0692E-09	-4.7043E-07	1.7766E-07
4.7517E-09	-5.0831E-09	1.3260E-06	-6.8354E-07
4.7126E-09	-5.0968E-09	-8.3646E-07	-1.6188E-06
4.6736E-09	-5.1102E-09	-3.7780E-07	-1.7805E-07
4.6345E-09	-5.1234E-09	-8.6681E-07	-7.2066E-08
4.5955E-09	-5.1363E-09	1.2153E-06	1.0814E-06
4.5565E-09	-5.1490E-09	1.3839E-06	-1.7042E-06
4.5175E-09	-5.1614E-09	-1.7451E-07	-1.0939E-06
4.4786E-09	-5.1736E-09	8.8893E-08	-6.4942E-07
4.4396E-09	-5.1855E-09	9.1495E-07	-4.7138E-07
4.4008E-09	-5.1972E-09	7.9335E-07	-2.2000E-06
4.3619E-09	-5.2087E-09	-1.0004E-06	-1.4823E-06
4.3231E-09	-5.2199E-09	1.4842E-07	-4.7012E-07
4.2843E-09	-5.2309E-09	1.9758E-07	-1.9709E-06
4.2455E-09	-5.2417E-09	-1.3462E-06	-1.3591E-06
4.2068E-09	-5.2522E-09	-8.0267E-07	-4.0894E-07
4.1681E-09	-5.2625E-09	-4.0898E-07	-1.6198E-07
4.1294E-09	-5.2725E-09	3.4223E-07	-8.9926E-07
4.0908E-09	-5.2824E-09	-8.8883E-07	-1.0392E-06
4.0522E-09	-5.2919E-09	-2.0765E-07	-5.7761E-07
4.0137E-09	-5.3013E-09	-1.1929E-06	-9.0575E-07
3.9752E-09	-5.3104E-09	-6.1834E-07	1.6954E-07
3.9367E-09	-5.3193E-09	-9.1466E-07	-9.2059E-08
3.8983E-09	-5.3279E-09	4.4865E-08	8.8235E-07
3.8599E-09	-5.3363E-09	1.5136E-07	-5.7433E-09
3.8216E-09	-5.3445E-09	9.8830E-07	5.7080E-07
3.7833E-09	-5.3525E-09	9.6488E-07	-1.2900E-06
3.7451E-09	-5.3602E-09	1.3377E-07	-8.0031E-07
3.7069E-09	-5.3677E-09	-2.3280E-07	-1.3945E-06
3.6688E-09	-5.3750E-09	-9.3997E-07	-1.1921E-07
3.6308E-09	-5.3821E-09	-1.6165E-07	1.5735E-07
3.5927E-09	-5.3889E-09	3.7417E-07	4.7034E-07
3.5548E-09	-5.3955E-09	9.7512E-07	-4.1162E-07
3.5169E-09	-5.4019E-09	5.3313E-07	-8.5959E-07
3.4790E-09	-5.4081E-09	-1.9850E-07	-8.7414E-07
3.4412E-09	-5.4140E-09	1.0511E-07	4.1830E-08
3.4035E-09	-5.4198E-09	4.5363E-07	-3.9824E-07
3.3658E-09	-5.4253E-09	8.7322E-07	-3.3346E-07
3.3282E-09	-5.4306E-09	4.1283E-07	-1.3185E-06
3.2906E-09	-5.4356E-09	3.8266E-07	-5.9285E-07
3.2531E-09	-5.4405E-09	-3.4960E-08	-1.6300E-06
3.2157E-09	-5.4451E-09	-3.0997E-07	-3.4418E-08
3.1783E-09	-5.4496E-09	6.2782E-07	-1.4489E-06
3.1410E-09	-5.4538E-09	-1.0600E-06	-8.1394E-07
3.1038E-09	-5.4578E-09	-2.2753E-07	-2.3769E-07
3.0666E-09	-5.4615E-09	-1.0956E-07	-3.8199E-08
3.0295E-09	-5.4651E-09	2.2012E-07	-8.2526E-07
2.9925E-09	-5.4685E-09	-8.6677E-07	-6.8575E-09
2.9556E-09	-5.4716E-09	5.5540E-07	4.7521E-07
2.9187E-09	-5.4746E-09	6.4023E-07	-1.7431E-07
2.8819E-09	-5.4773E-09	9.9385E-07	-5.2947E-07
2.8451E-09	-5.4798E-09	4.8917E-07	-1.3085E-06
2.8085E-09	-5.4822E-09	-5.3332E-07	-9.8119E-07
2.7719E-09	-5.4843E-09	-9.6756E-08	7.9977E-08
2.7354E-09	-5.4862E-09	2.1465E-07	-5.5395E-07
2.6989E-09	-5.4879E-09	4.9999E-10	9.9394E-08
2.6626E-09	-5.4894E-09	5.2464E-07	-6.4784E-08
2.6263E-09	-5.4907E-09	1.2401E-06	2.9288E-07
2.5901E-09	-5.4918E-09	1.5817E-06	-1.6739E-06
2.5540E-09	-5.4927E-09	1.8659E-07	-1.1064E-06
2.5180E-09	-5.4934E-09	7.8690E-07	-1.8960E-06
2.4820E-09	-5.4940E-09	-1.0944E-06	-1.4026E-06
2.4461E-09	-5.4943E-09	-3.0650E-07	-4.8462E-07
2.4103E-09	-5.4944E-09	-2.2917E-07	-1.4507E-07
2.3747E-09	-5.4943E-09	6.1199E-07	-9.0650E-07
2.3390E-09	-5.4940E-09	-6.3625E-07	-3.7501E-07
2.3035E-09	-5.4936E-09	1.3065E-06	-4.0381E-07
2.2681E-09	-5.4929E-09	-1.9773E-07	-1.8486E-06
2.2327E-09	-5.4921E-09	-2.4852E-07	-8.0149E-07
2.1975E-09	-5.4910E-09	-7.7846E-07	-1.0173E-06
2.1623E-09	-5.4898E-09	-3.5393E-07	-3.6120E-08
2.1272E-09	-5.4884E-09	-1.6955E-07	-4.4792E-07
2.0922E-09	-5.4868E-09	1.4153E-07	-1.8322E-07
2.0573E-09	-5.4850E-09	1.7128E-07	-7.5837E-07
2.0225E-09	-5.4830E-09	-6.9614E-08	-9.8491E-07
1.9878E-09	-5.4808E-09	-1.1853E-06	-8.5448E-07
1.9532E-09	-5.4785E-09	-9.2694E-07	8.3279E-07
1.9187E-09	-5.4760E-09	4.8227E-07	8.8946E-07
1.8843E-09	-5.4733E-09	1.1712E-06	1.5029E-07
1.8500E-09	-5.4704E-09	1.1590E-06	-7.5400E-07
1.8158E-09	-5.4673E-09	3.9460E-07	-1.5333E-06
1.7816E-09	-5.4640E-09	-8.4637E-07	-6.0565E-07
1.7476E-09	-5.4606E-09	4.8600E-07	2.6035E-07
1.7137E-09	-5.4570E-09	4.3830E-07	-1.0933E-06
1.6799E-09	-5.4532E-09	-5.3489E-07	-3.2180E-07
1.6462E-09	-5.4493E-09	5.9611E-07	2.8767E-07
1.6125E-09	-5.4451E-09	7.4581E-07	-9.0898E-07
1.5790E-09	-5.4408E-09	1.6689E-07	-2.4903E-07
1.5456E-09	-5.4364E-09	1.4237E-06	-1.0360E-06
1.5123E-09	-5.4317E-09	-2.8701E-07	-1.9913E-06
1.4791E-09	-5.4269E-09	-5.5718E-07	-9.8928E-07
1.4460E-09	-5.4219E-09	-1.2201E-06	-7.1041E-07
1.4130E-09	-5.4168E-09	-2.7503E-07	7.7932E-07
1.3801E-09	-5.4114E-09	6.8494E-07	-5.7067E-07
1.3474E-09	-5.4060E-09	-6.5105E-07	-7.2106E-07
1.3147E-09	-5.4003E-09	-5.0479E-07	8.2640E-07
1.2822E-09	-5.3945E-09	1.4504E-06	6.3154E-07
1.2497E-09	-5.3885E-09	1.2223E-06	-1.1058E-06
1.2174E-09	-5.3824E-09	5.2412E-07	-1.1132E-06
1.1852E-09	-5.3761E-09	9.2283E-08	-1.5683E-06
1.1530E-09	-5.3696E-09	-1.2195E-06	-9.7002E-07
1.1210E-09	-5.3630E-09	-5.5947E-07	1.0026E-06
1.0892E-09	-5.3562E-09	1.4775E-06	-1.8446E-07
1.0574E-09	-5.3493E-09	-3.9069E-07	-1.0062E-06
1.0257E-09	-5.3422E-09	7.1567E-07	6.7231E-07
9.9419E-10	-5.3349E-09	1.3366E-06	-1.3722E-06
9.6276E-10	-5.3275E-09	-1.9671E-08	-1.3444E-06
9.3145E-10	-5.3200E-09	-3.3931E-07	-1.0294E-06
9.0025E-10	-5.3123E-09	-2.0702E-07	-3.7278E-07
8.6917E-10	-5.3044E-09	-8.5914E-08	-7.5330E-07
8.3821E-10	-5.2964E-09	-2.9358E-07	-1.7459E-07
8.0737E-10	-5.2882E-09	1.2388E-07	-2.0700E-07
7.7664E-10	-5.2799E-09	5.8920E-07	3.8840E-08
7.4603E-10	-5.2715E-09	9.1309E-07	-1.3014E-06
7.1555E-10	-5.2629E-09	-5.5965E-07	-1.0031E-06
6.8518E-10	-5.2541E-09	2.7740E-07	-3.2007E-07
6.5493E-10	-5.2452E-09	1.9855E-07	-1.3202E-06
6.2481E-10	-5.2362E-09	-1.0170E-06	-1.1545E-06
5.9481E-10	-5.2270E-09	-1.0998E-06	4.1643E-07
5.6493E-10	-5.2177E-09	4.1686E-07	6.0232E-07
5.3517E-10	-5.2082E-09	6.5793E-07	-2.2782E-07
5.0553E-10	-5.1986E-09	5.2021E-07	-6.9648E-07
4.7602E-10	-5.1889E-09	-6.1431E-08	-6.1132E-07
4.4663E-10	-5.1790E-09	3.5104E-07	-5.0565E-07
4.1736E-10	-5.1690E-09	-4.6507E-07	-8.2798E-07
3.8823E-10	-5.1589E-09	-1.3747E-07	5.3655E-07
3.5921E-10	-5.1486E-09	8.4445E-07	-1.2650E-07
3.3032E-10	-5.1382E-09	9.2356E-07	-2.8339E-07
3.0156E-10	-5.1276E-09	1.0383E-06	-1.6001E-06
2.7292E-10	-5.1169E-09	-6.0246E-07	-1.2690E-06
2.4441E-10	-5.1061E-09	-3.6445E-08	-5.6793E-07
2.1603E-10	-5.0952E-09	-2.2056E-07	-5.1540E-07
1.8778E-10	-5.0841E-09	6.4182E-07	-6.4811E-07
1.5965E-10	-5.0730E-09	-2.5947E-07	-1.5851E-06
1.3166E-10	-5.0616E-09	-8.6851E-07	-9.9320E-07
1.0379E-10	-5.0502E-09	-1.6138E-06	-9.1085E-08
7.6047E-11	-5.0386E-09	8.7138E-08	1.4841E-06
4.8438E-11	-5.0269E-09	1.3080E-06	-3.1331E-07
2.0958E-11	-5.0151E-09	4.0547E-07	-9.2781E-07
-6.3919E-12	-5.0032E-09	-3.2651E-08	-6.8144E-07
-3.3611E-11	-4.9911E-09	6.0906E-07	-6.1819E-07
-6.0699E-11	-4.9790E-09	-3.3161E-07	-1.8148E-06
-8.7655E-11	-4.9667E-09	-1.1227E-06	-1.6278E-07
-1.1448E-10	-4.9543E-09	8.6751E-08	-3.5826E-07
-1.4117E-10	-4.9417E-09	-5.1783E-07	-6.3714E-07
-1.6773E-10	-4.9291E-09	-5.0570E-07	-5.1044E-07
-1.9416E-10	-4.9163E-09	-1.2541E-06	-1.6612E-07
-2.2046E-10	-4.9035E-09	-4.0681E-07	1.4578E-06
-2.4662E-10	-4.8905E-09	1.6270E-06	-1.9105E-07
-2.7265E-10	-4.8774E-09	-1.0864E-06	-1.4235E-06
-2.9854E-10	-4.8642E-09	-4.6850E-07	1.3789E-06
-3.2430E-10	-4.8509E-09	6.1242E-07	-4.2693E-07
-3.4993E-10	-4.8375E-09	-4.5452E-07	4.9976E-07
-3.7542E-10	-4.8240E-09	5.2738E-07	1.1237E-07
-4.0078E-10	-4.8103E-09	6.2901E-08	6.9505E-07
-4.2600E-10	-4.7966E-09	1.3744E-06	3.0998E-08
-4.5109E-10	-4.7827E-09	4.5263E-07	-3.0767E-07
-4.7604E-10	-4.7688E-09	1.0401E-06	-6.3760E-07
-5.0085E-10	-4.7548E-09	-3.9576E-07	-8.5627E-07
-5.2553E-10	-4.7406E-09	-7.8931E-08	3.9980E-07
-5.5007E-10	-4.7264E-09	6.4460E-07	6.5745E-07
-5.7448E-10	-4.7120E-09	1.8684E-06	-1.6500E-07
-5.9875E-10	-4.6976E-09	9.3154E-07	-1.4734E-06
-6.2288E-10	-4.6830E-09	1.9634E-07	-1.1291E-06
-6.4688E-10	-4.6684E-09	-8.4693E-08	-7.2296E-07
-6.7073E-10	-4.6536E-09	1.8085E-07	-5.4846E-07
-6.9445E-10	-4.6388E-09	1.1953E-07	-4.5719E-07
-7.1804E-10	-4.6239E-09	3.4997E-07	-7.7907E-07
-7.4148E-10	-4.6089E-09	-3.6360E-07	-5.1770E-07
-7.6479E-10	-4.5938E-09	2.7383E-07	-2.2748E-07
-7.8796E-10	-4.5786E-09	-7.6205E-08	-3.6007E-07
-8.1099E-10	-4.5633E-09	5.0807E-07	-1.8766E-07
-8.3388E-10	-4.5479E-09	-3.8508E-08	-7.2468E-07
-8.5663E-10	-4.5324E-09	-2.4141E-07	2.0151E-07
-8.7924E-10	-4.5169E-09	8.6861E-07	7.6822E-07
-9.0172E-10	-4.5013E-09	2.0001E-06	-8.6795E-07
-9.2406E-10	-4.4855E-09	5.3925E-08	-1.4998E-06
-9.4625E-10	-4.4697E-09	7.8102E-07	-2.7504E-07
-9.6831E-10	-4.4538E-09	9.1196E-07	-1.7877E-06
-9.9023E-10	-4.4379E-09	-3.6841E-07	-1.7154E-06
-1.0120E-09	-4.4218E-09	-7.1252E-07	-8.7801E-07
-1.0336E-09	-4.4057E-09	-2.1786E-07	-7.5686E-07
-1.0551E-09	-4.3895E-09	-8.9244E-07	-5.8202E-07
-1.0765E-09	-4.3732E-09	-5.5668E-09	2.1992E-07
-1.0977E-09	-4.3568E-09	9.9548E-08	-5.2663E-07
-1.1188E-09	-4.3404E-09	1.8259E-07	-1.6304E-07
-1.1397E-09	-4.3239E-09	6.0167E-07	-6.7869E-07
-1.1605E-09	-4.3073E-09	1.4085E-07	-1.5512E-06
-1.1812E-09	-4.2906E-09	-1.3533E-06	-7.2052E-07
-1.2017E-09	-4.2739E-09	1.2577E-07	3.3473E-07
-1.2221E-09	-4.2571E-09	-1.0309E-07	-8.0054E-07
-1.2423E-09	-4.2402E-09	7.3994E-08	-2.4500E-07
-1.2624E-09	-4.2232E-09	-4.4553E-07	-9.8479E-07
-1.2824E-09	-4.2062E-09	-3.4695E-07	2.5749E-07
-1.3022E-09	-4.1891E-09	3.1940E-07	-5.5060E-07
-1.3219E-09	-4.1720E-09	-2.2351E-08	-7.6175E-07
-1.3414E-09	-4.1548E-09	-9.5364E-07	-8.6187E-07
-1.3608E-09	-4.1375E-09	-3.0226E-07	5.8647E-07
-1.3801E-09	-4.1201E-09	7.6744E-08	-9.4354E-07
-1.3992E-09	-4.1027E-09	-9.6213E-07	1.0133E-07
-1.4181E-09	-4.0853E-09	-9.6075E-08	-1.1172E-07
-1.4370E-09	-4.0677E-09	-7.4875E-07	3.8599E-07
-1.4557E-09	-4.0501E-09	4.3265E-07	6.7675E-07
-1.4742E-09	-4.0325E-09	6.4935E-07	-1.5408E-07
-1.4926E-09	-4.0148E-09	1.7149E-07	-5.5383E-07
-1.5109E-09	-3.9970E-09	2.2293E-07	-2.9551E-07
-1.5290E-09	-3.9792E-09	-2.9349E-07	-1.2371E-06
-1.5470E-09	-3.9613E-09	-1.4498E-06	1.7733E-07
-1.5648E-09	-3.9434E-09	-2.8320E-07	7.3999E-07
-1.5826E-09	-3.9254E-09	-1.5735E-07	8.4201E-07
-1.6001E-09	-3.9073E-09	6.1732E-07	6.0471E-07
-1.6175E-09	-3.8892E-09	2.5460E-07	5.4747E-07
-1.6348E-09	-3.8711E-09	1.3994E-06	8.1950E-07
-1.6520E-09	-3.8529E-09	1.6865E-06	-9.9617E-07
-1.6690E-09	-3.8346E-09	-2.0856E-07	-1.3521E-06
-1.6858E-09	-3.8163E-09	-3.1318E-07	2.4817E-07
-1.7026E-09	-3.7980E-09	6.8385E-07	-1.3850E-08
-1.7191E-09	-3.7796E-09	4.1707E-07	-4.8348E-07
-1.7356E-09	-3.7612E-09	-6.4516E-08	-2.7672E-07
-1.7519E-09	-3.7427E-09	6.1559E-07	4.4281E-07
-1.7681E-09	-3.7242E-09	1.1332E-06	-7.9128E-07
-1.7841E-09	-3.7056E-09	2.9924E-07	-9.2777E-07
-1.8000E-09	-3.6870E-09	-1.6580E-07	-1.2565E-06
-1.8157E-09	-3.6683E-09	-1.0335E-06	1.5765E-07
-1.8313E-09	-3.6496E-09	8.2322E-07	3.8946E-07
-1.8468E-09	-3.6309E-09	2.7417E-07	-9.7910E-07
-1.8621E-09	-3.6121E-09	-5.7908E-07	-5.2854E-07
-1.8773E-09	-3.5933E-09	-8.8185E-07	5.9366E-07
-1.8924E-09	-3.5744E-09	9.8928E-07	1.4924E-06
-1.9073E-09	-3.5556E-09	1.8961E-06	-8.6024E-07
-1.9220E-09	-3.5366E-09	-2.6184E-07	-1.2089E-06
-1.9367E-09	-3.5177E-09	8.1309E-08	-3.2209E-08
-1.9512E-09	-3.4987E-09	-1.7198E-07	-3.6739E-07
-1.9655E-09	-3.4797E-09	5.4855E-07	6.8419E-07
-1.9797E-09	-3.4606E-09	8.9278E-07	-1.0949E-06
-1.9938E-09	-3.4415E-09	-5.4025E-07	4.9052E-09
-2.0078E-09	-3.4224E-09	9.7389E-07	-6.9328E-08
-2.0216E-09	-3.4032E-09	-4.1164E-08	-5.6005E-07
-2.0352E-09	-3.3841E-09	4.3821E-07	-2.9594E-08
-2.0488E-09	-3.3649E-09	2.0543E-08	-2.3972E-07
-2.0622E-09	-3.3456E-09	6.6334E-07	5.2535E-07
-2.0754E-09	-3.3264E-09	1.3915E-06	-3.2228E-07
-2.0886E-09	-3.3071E-09	1.0962E-06	-1.2279E-06
-2.1015E-09	-3.2878E-09	-8.1083E-08	-1.5597E-06
-2.1144E-09	-3.2684E-09	-7.7350E-07	-3.1432E-07
-2.1271E-09	-3.2491E-09	5.3084E-07	4.7930E-07
-2.1397E-09	-3.2297E-09	1.1097E-06	-9.2557E-07
-2.1521E-09	-3.2103E-09	1.1418E-07	-1.1680E-06
-2.1644E-09	-3.1908E-09	-2.2475E-07	-1.2868E-06
-2.1766E-09	-3.1714E-09	-1.3277E-06	-3.5565E-07
-2.1886E-09	-3.1519E-09	-8.7050E-08	8.0533E-07
-2.2005E-09	-3.1324E-09	5.5100E-07	3.0453E-08
-2.2123E-09	-3.1129E-09	4.0174E-07	-2.7864E-07
-2.2239E-09	-3.0934E-09	1.8790E-07	-1.9529E-07
-2.2354E-09	-3.0739E-09	4.1880E-07	-1.6579E-07
-2.2468E-09	-3.0543E-09	4.2840E-07	-4.5368E-08
-2.2580E-09	-3.0348E-09	1.1307E-06	-5.9267E-07
-2.2691E-09	-3.0152E-09	-4.1018E-09	-1.2374E-06
-2.2801E-09	-2.9956E-09	1.4123E-08	-4.5584E-07
-2.2909E-09	-2.9760E-09	-5.1923E-07	-6.9104E-07
-2.3016E-09	-2.9564E-09	1.7049E-08	9.4255E-07
-2.3122E-09	-2.9367E-09	1.5566E-06	-5.2543E-07
-2.3226E-09	-2.9171E-09	1.9271E-07	-1.0917E-06
-2.3329E-09	-2.8974E-09	3.1646E-07	-9.9784E-07
-2.3431E-09	-2.8778E-09	-9.9291E-07	-7.3949E-07
-2.3531E-09	-2.8581E-09	4.3650E-07	1.0833E-06
-2.3630E-09	-2.8384E-09	1.8792E-06	-1.2596E-06
-2.3728E-09	-2.8188E-09	-2.9229E-07	-2.2241E-06
-2.3824E-09	-2.7991E-09	-1.1960E-06	-1.1454E-06
-2.3919E-09	-2.7794E-09	-1.2390E-06	-1.8644E-07
-2.4013E-09	-2.7597E-09	-5.2665E-07	3.7462E-07
-2.4106E-09	-2.7400E-09	3.0041E-08	-8.4527E-08
-2.4197E-09	-2.7203E-09	-7.4367E-07	-4.0069E-07
-2.4287E-09	-2.7006E-09	-6.1568E-07	1.0359E-06
-2.4375E-09	-2.6809E-09	9.2281E-07	3.1632E-07
-2.4463E-09	-2.6612E-09	-1.6430E-07	-4.3183E-07
-2.4549E-09	-2.6414E-09	5.8962E-08	4.6989E-07
-2.4634E-09	-2.6217E-09	3.4608E-07	-1.7420E-07
-2.4717E-09	-2.6020E-09	-2.2570E-07	1.8809E-07
-2.4800E-09	-2.5823E-09	4.7425E-07	5.2997E-07
-2.4881E-09	-2.5626E-09	4.3915E-07	1.0381E-07
-2.4960E-09	-2.5429E-09	9.9362E-07	5.8349E-07
-2.5039E-09	-2.5232E-09	1.4986E-06	-1.0705E-06
-2.5116E-09	-2.5035E-09	-2.8236E-07	-1.0240E-06
-2.5192E-09	-2.4839E-09	1.2556E-07	-4.6240E-07
-2.5267E-09	-2.4642E-09	-7.9208E-07	-2.8542E-07
-2.5340E-09	-2.4445E-09	3.9357E-07	9.2795E-07
-2.5412E-09	-2.4248E-09	6.7312E-07	-3.8485E-07
-2.5483E-09	-2.4052E-09	4.3943E-07	8.8263E-08
-2.5553E-09	-2.3855E-09	3.9440E-07	-7.9645E-07
-2.5621E-09	-2.3659E-09	-4.7759E-07	4.9166E-07
-2.5689E-09	-2.3463E-09	1.3499E-06	4.6038E-07
-2.5755E-09	-2.3266E-09	6.8930E-07	-6.3391E-07
-2.5819E-09	-2.3070E-09	7.4100E-07	-1.5302E-07
-2.5883E-09	-2.2874E-09	8.5282E-07	-6.2159E-07
-2.5945E-09	-2.2678E-09	8.1054E-07	-9.0863E-07
-2.6006E-09	-2.2483E-09	4.3010E-08	-1.3419E-06
-2.6066E-09	-2.2287E-09	-4.2972E-07	-6.6152E-07
-2.6125E-09	-2.2092E-09	-6.2511E-07	-1.8581E-07
-2.6182E-09	-2.1896E-09	2.9194E-07	7.9115E-07
-2.6239E-09	-2.1701E-09	1.0353E-06	-6.3704E-07
-2.6294E-09	-2.1506E-09	-1.4458E-07	-3.6124E-07
-2.6348E-09	-2.1312E-09	8.1725E-07	-3.2854E-07
-2.6400E-09	-2.1117E-09	-3.5384E-07	-9.4435E-07
-2.6452E-09	-2.0923E-09	2.5184E-08	5.7136E-07
-2.6502E-09	-2.0728E-09	9.3123E-07	-5.9130E-07
-2.6552E-09	-2.0534E-09	-3.5808E-07	-6.1750E-07
-2.6600E-09	-2.0340E-09	-8.9435E-09	3.3144E-07
-2.6646E-09	-2.0147E-09	5.8759E-07	3.3239E-07
-2.6692E-09	-1.9953E-09	1.1723E-06	-1.6733E-07
-2.6736E-09	-1.9760E-09	6.2154E-07	-8.7305E-07
-2.6780E-09	-1.9567E-09	3.8866E-07	-3.6596E-07
-2.6822E-09	-1.9374E-09	7.9046E-07	-6.8482E-07
-2.6863E-09	-1.9182E-09	2.1196E-07	-1.1587E-06
-2.6903E-09	-1.8989E-09	-4.0166E-07	-3.8794E-07
-2.6942E-09	-1.8797E-09	6.7530E-07	-5.4703E-08
-2.6979E-09	-1.8606E-09	2.9261E-07	-1.1470E-06
-2.7016E-09	-1.8414E-09	-2.5456E-07	-4.3309E-07
-2.7051E-09	-1.8223E-09	-1.5852E-07	-3.2909E-07
-2.7085E-09	-1.8032E-09	3.8529E-07	4.2569E-07
-2.7118E-09	-1.7841E-09	1.1275E-06	-9.8121E-07
-2.7150E-09	-1.7651E-09	-3.5630E-07	-1.0332E-06
-2.7181E-09	-1.7460E-09	-2.5460E-07	-3.6821E-07
-2.7211E-09	-1.7270E-09	-5.5139E-08	2.4939E-07
-2.7240E-09	-1.7081E-09	1.0804E-06	-5.6498E-07
-2.7267E-09	-1.6891E-09	-5.4522E-07	-1.2432E-06
-2.7294E-09	-1.6702E-09	-5.1380E-07	2.5709E-07
-2.7319E-09	-1.6514E-09	1.2763E-07	3.0066E-07
-2.7343E-09	-1.6325E-09	7.9879E-07	2.5172E-07
-2.7366E-09	-1.6137E-09	7.7725E-07	-5.5273E-07
-2.7388E-09	-1.5950E-09	6.3382E-07	-4.9369E-07
-2.7409E-09	-1.5762E-09	5.4427E-07	-1.1202E-06
-2.7429E-09	-1.5575E-09	-4.0663E-07	-9.7932E-07
-2.7448E-09	-1.5388E-09	-4.3515E-07	-2.7770E-08
-2.7466E-09	-1.5202E-09	4.0804E-07	1.0136E-07
-2.7483E-09	-1.5016E-09	4.2649E-07	-4.2496E-07
-2.7499E-09	-1.4830E-09	4.0692E-07	-3.9421E-07
-2.7513E-09	-1.4645E-09	2.4977E-07	-6.0097E-07
-2.7527E-09	-1.4460E-09	5.1114E-07	-3.4547E-07
-2.7540E-09	-1.4276E-09	3.4707E-07	-1.4781E-06
-2.7551E-09	-1.4091E-09	-1.2746E-06	-4.9367E-07
-2.7562E-09	-1.3908E-09	2.7393E-07	8.2951E-07
-2.7571E-09	-1.3724E-09	9.3018E-07	-4.9076E-07
-2.7580E-09	-1.3541E-09	5.1479E-07	-8.5418E-07
-2.7587E-09	-1.3358E-09	-2.0843E-07	-1.3943E-06
-2.7593E-09	-1.3176E-09	-1.1737E-06	-2.8693E-08
-2.7599E-09	-1.2994E-09	5.4453E-07	6.8371E-07
-2.7603E-09	-1.2813E-09	6.4454E-07	-7.8413E-07
-2.7607E-09	-1.2632E-09	-8.7352E-08	-5.2016E-07
-2.7609E-09	-1.2451E-09	-2.1023E-07	-4.8873E-07
-2.7611E-09	-1.2271E-09	-2.4554E-07	6.2116E-07
-2.7611E-09	-1.2091E-09	1.5880E-06	3.8924E-08
-2.7611E-09	-1.1912E-09	3.6721E-07	-1.5426E-06
-2.7609E-09	-1.1733E-09	-2.7116E-07	-2.0022E-07
-2.7607E-09	-1.1554E-09	1.0124E-06	-3.7513E-07
-2.7603E-09	-1.1376E-09	3.8703E-07	-1.8977E-06
-2.7599E-09	-1.1199E-09	-1.1065E-06	-9.0248E-07
-2.7594E-09	-1.1022E-09	-1.1450E-07	-6.5103E-07
-2.7587E-09	-1.0845E-09	-1.7444E-06	-5.3796E-07
-2.7580E-09	-1.0669E-09	1.7634E-07	1.7083E-06
-2.7572E-09	-1.0493E-09	1.2243E-06	-1.0403E-06
-2.7563E-09	-1.0318E-09	-6.4310E-07	-9.7953E-07
-2.7553E-09	-1.0143E-09	-1.2594E-06	-1.9959E-07
-2.7542E-09	-9.9686E-10	-1.3555E-07	1.8233E-06
-2.7530E-09	-9.7947E-10	1.8086E-06	-4.0918E-07
-2.7517E-09	-9.6214E-10	-4.0872E-07	-6.7648E-07
-2.7503E-09	-9.4485E-10	6.7844E-07	1.4693E-07
-2.7489E-09	-9.2761E-10	2.4999E-07	-9.0125E-07
-2.7473E-09	-9.1041E-10	-1.7944E-07	-2.4102E-07
-2.7457E-09	-8.9327E-10	3.5997E-07	-9.5999E-08
-2.7439E-09	-8.7618E-10	4.2603E-07	-8.0657E-07
-2.7421E-09	-8.5914E-10	-4.3167E-07	-7.1180E-07
-2.7402E-09	-8.4215E-10	-2.4023E-07	-5.5657E-08
-2.7382E-09	-8.2521E-10	1.6424E-07	-3.5546E-07
-2.7361E-09	-8.0832E-10	-6.1352E-07	-6.9216E-07
-2.7339E-09	-7.9149E-10	-9.1274E-07	6.8825E-07
-2.7317E-09	-7.7470E-10	4.7551E-07	9.8722E-07
-2.7293E-09	-7.5797E-10	9.0784E-07	2.0762E-07
-2.7269E-09	-7.4130E-10	7.0892E-07	-1.0002E-07
-2.7244E-09	-7.2467E-10	1.0845E-06	-3.3993E-07
-2.7218E-09	-7.0810E-10	2.2325E-07	-1.2074E-06
-2.7191E-09	-6.9158E-10	-1.3426E-07	9.3999E-09
-2.7163E-09	-6.7512E-10	4.0170E-07	-2.9579E-07
-2.7135E-09	-6.5871E-10	7.5372E-07	2.5109E-07
-2.7106E-09	-6.4236E-10	1.2879E-06	-1.4773E-06
-2.7075E-09	-6.2606E-10	-3.7474E-07	-1.1064E-06
-2.7044E-09	-6.0982E-10	-8.9901E-08	-1.1077E-06
-2.7013E-09	-5.9364E-10	-9.0912E-07	3.0374E-08
-2.6980E-09	-5.7751E-10	8.3583E-07	-3.0279E-07
-2.6947E-09	-5.6143E-10	-4.3037E-07	-6.2360E-07
-2.6913E-09	-5.4541E-10	7.7057E-07	-5.6426E-07
-2.6878E-09	-5.2945E-10	-8.8257E-07	-1.2897E-06
-2.6842E-09	-5.1355E-10	-2.0260E-07	1.6275E-08
-2.6805E-09	-4.9771E-10	-6.2739E-07	-6.4881E-07
-2.6768E-09	-4.8192E-10	-2.7085E-08	1.8193E-07
-2.6730E-09	-4.6619E-10	-4.9352E-07	-8.3047E-07
-2.6691E-09	-4.5052E-10	-6.0680E-07	4.1488E-07
-2.6652E-09	-4.3491E-10	-1.2044E-07	-8.3035E-08
-2.6611E-09	-4.1936E-10	-2.4389E-07	2.2468E-07
-2.6570E-09	-4.0387E-10	-3.0051E-07	1.3205E-07
-2.6528E-09	-3.8843E-10	2.2295E-07	8.2522E-07
-2.6486E-09	-3.7306E-10	7.2666E-07	-2.0157E-07
-2.6442E-09	-3.5775E-10	8.9778E-08	-1.4334E-07
-2.6398E-09	-3.4249E-10	1.8614E-07	-1.7748E-07
-2.6354E-09	-3.2730E-10	-7.3933E-08	5.0104E-08
-2.6308E-09	-3.1217E-10	2.0728E-07	3.5459E-07
-2.6262E-09	-2.9710E-10	7.0420E-07	3.0241E-07
-2.6215E-09	-2.8209E-10	8.8858E-07	-1.0867E-07
-2.6167E-09	-2.6714E-10	1.1028E-06	-6.0143E-07
-2.6119E-09	-2.5226E-10	2.5232E-07	-1.3079E-06
-2.6070E-09	-2.3743E-10	-2.0337E-07	-5.3240E-07
-2.6020E-09	-2.2267E-10	-1.4938E-07	-5.8388E-07
-2.5970E-09	-2.0797E-10	-1.3375E-07	1.0885E-07
-2.5919E-09	-1.9334E-10	6.2842E-07	-4.8836E-07
-2.5867E-09	-1.7876E-10	-3.6394E-07	-7.6120E-07
-2.5815E-09	-1.6425E-10	-1.9804E-07	1.8031E-07
-2.5762E-09	-1.4981E-10	5.7669E-07	-1.1560E-07
-2.5708E-09	-1.3542E-10	3.0474E-07	-8.1694E-07
-2.5654E-09	-1.2111E-10	-2.4388E-07	-6.1139E-07
-2.5598E-09	-1.0685E-10	-1.5050E-07	-4.3055E-07
-2.5543E-09	-9.2660E-11	-3.7385E-07	-4.5666E-07
-2.5486E-09	-7.8533E-11	-5.0358E-07	-7.1543E-08
-2.5430E-09	-6.4471E-11	-2.5510E-07	2.8692E-07
-2.5372E-09	-5.0474E-11	2.5080E-07	2.4561E-07
-2.5314E-09	-3.6542E-11	2.2979E-07	-1.2798E-07
-2.5255E-09	-2.2675E-11	3.0080E-07	2.4711E-08
-2.5196E-09	-8.8731E-12	4.5311E-07	-5.6859E-07
-2.5135E-09	4.8631E-12	-3.8190E-07	-4.8715E-07
-2.5075E-09	1.8534E-11	-9.0777E-08	2.3143E-07
-2.5014E-09	3.2138E-11	4.5756E-07	-4.1902E-08
-2.4952E-09	4.5677E-11	2.6484E-07	-5.5380E-07
-2.4889E-09	5.9149E-11	-8.8125E-08	-3.1300E-07
-2.4826E-09	7.2555E-11	2.0856E-07	-4.5335E-07
-2.4763E-09	8.5895E-11	-4.2758E-07	-7.1092E-07
-2.4699E-09	9.9168E-11	-7.8861E-07	-4.9079E-09
-2.4634E-09	1.1237E-10	-2.9060E-07	7.3509E-07
-2.4569E-09	1.2551E-10	6.9900E-07	3.0830E-07
-2.4503E-09	1.3859E-10	2.6863E-07	-3.9705E-07
-2.4436E-09	1.5159E-10	1.0473E-07	-2.5206E-07
-2.4369E-09	1.6453E-10	-2.4844E-07	-3.5160E-07
-2.4302E-09	1.7740E-10	-3.5366E-07	2.6432E-07
-2.4234E-09	1.9020E-10	1.4953E-07	4.5785E-07
-2.4165E-09	2.0293E-10	4.2957E-07	2.7822E-07
-2.4096E-09	2.1560E-10	8.0525E-07	1.9033E-07
-2.4027E-09	2.2820E-10	9.5006E-07	-9.4889E-07
-2.3956E-09	2.4073E-10	-5.8743E-07	-9.9230E-07
-2.3886E-09	2.5319E-10	-5.4036E-07	7.7031E-08
-2.3815E-09	2.6559E-10	-2.2763E-07	4.8605E-07
-2.3743E-09	2.7791E-10	6.7416E-07	2.2138E-07
-2.3671E-09	2.9017E-10	-3.2608E-09	-1.7820E-07
-2.3598E-09	3.0236E-10	8.0383E-07	1.1800E-07
-2.3525E-09	3.1447E-10	-1.9305E-07	-1.0714E-06
-2.3451E-09	3.2652E-10	-5.4095E-07	6.3049E-07
-2.3377E-09	3.3851E-10	5.1637E-07	4.3940E-07
-2.3303E-09	3.5042E-10	1.0449E-06	-2.8326E-08
-2.3228E-09	3.6226E-10	-2.8865E-07	-1.0300E-06
-2.3152E-09	3.7403E-10	2.8846E-07	1.5196E-06
-2.3076E-09	3.8574E-10	2.1713E-06	-1.6127E-06
-2.3000E-09	3.9737E-10	-1.4521E-06	-9.9913E-07
-2.2923E-09	4.0894E-10	9.3031E-07	8.6395E-08
-2.2845E-09	4.2043E-10	-1.0823E-06	-1.6567E-06
-2.2768E-09	4.3186E-10	-9.8470E-07	1.2884E-06
-2.2689E-09	4.4321E-10	8.1977E-07	2.8617E-07
-2.2611E-09	4.5450E-10	2.8524E-07	-2.6723E-07
-2.2532E-09	4.6572E-10	1.0916E-07	-5.5110E-07
-2.2452E-09	4.7686E-10	-7.1770E-07	-5.1797E-07
-2.2372E-09	4.8794E-10	-1.2402E-06	7.3720E-07
-2.2292E-09	4.9894E-10	3.2002E-07	1.9396E-06
-2.2211E-09	5.0988E-10	1.7940E-06	5.1857E-07
-2.2130E-09	5.2075E-10	8.5397E-07	-7.2351E-07
-2.2049E-09	5.3154E-10	2.0522E-07	-1.5406E-07
-2.1967E-09	5.4227E-10	4.7442E-07	-2.8791E-07
-2.1885E-09	5.5292E-10	-2.8239E-07	1.3403E-07
-2.1802E-09	5.6351E-10	1.1161E-06	1.0453E-06
-2.1719E-09	5.7402E-10	1.9175E-06	-8.6455E-07
-2.1635E-09	5.8446E-10	2.6468E-07	-1.7112E-06
-2.1552E-09	5.9484E-10	-6.2300E-07	-5.8334E-07
-2.1468E-09	6.0514E-10	3.8737E-08	-1.7788E-07
-2.1383E-09	6.1537E-10	-3.2460E-07	-1.4250E-07
-2.1298E-09	6.2553E-10	5.9225E-07	2.9599E-07
-2.1213E-09	6.3562E-10	1.9057E-07	-8.5225E-07
-2.1127E-09	6.4564E-10	-1.4560E-07	2.0379E-07
-2.1041E-09	6.5559E-10	5.2647E-07	-3.7239E-07
-2.0955E-09	6.6547E-10	-2.5898E-08	-3.0479E-07
-2.0869E-09	6.7528E-10	4.2990E-08	-2.9034E-07
-2.0782E-09	6.8502E-10	2.0820E-07	2.3371E-07
-2.0695E-09	6.9468E-10	1.0612E-06	-9.6599E-07
-2.0607E-09	7.0428E-10	-1.1805E-06	-1.8523E-06
-2.0519E-09	7.1381E-10	-2.3248E-06	8.9049E-07
-2.0431E-09	7.2326E-10	4.9005E-07	2.1582E-06
-2.0343E-09	7.3264E-10	8.2777E-07	-1.9296E-07
-2.0254E-09	7.4196E-10	-2.3671E-07	1.1668E-06
-2.0165E-09	7.5120E-10	2.0621E-06	6.5447E-07
-2.0076E-09	7.6037E-10	8.2041E-07	-1.0884E-06
-1.9986E-09	7.6947E-10	2.2723E-07	-2.1288E-07
-1.9896E-09	7.7850E-10	5.5996E-07	-3.6233E-07
-1.9806E-09	7.8746E-10	-1.3820E-08	-5.9725E-07
-1.9715E-09	7.9635E-10	-1.8755E-07	3.9303E-07
-1.9625E-09	8.0517E-10	8.2368E-07	1.3114E-07
-1.9534E-09	8.1392E-10	6.9127E-08	-1.2373E-07
-1.9442E-09	8.2260E-10	9.0820E-07	8.2016E-07
-1.9351E-09	8.3121E-10	1.7889E-06	-7.2420E-07
-1.9259E-09	8.3974E-10	2.3955E-07	-1.1830E-06
-1.9167E-09	8.4821E-10	7.7956E-07	-4.1940E-07
-1.9075E-09	8.5660E-10	9.4956E-08	-1.8917E-06
-1.8983E-09	8.6493E-10	-1.0851E-06	-1.3175E-08
-1.8890E-09	8.7319E-10	5.8463E-07	-1.1164E-07
-1.8797E-09	8.8137E-10	3.8834E-08	-5.2216E-07
-1.8704E-09	8.8948E-10	1.1806E-07	-1.1480E-06
-1.8611E-09	8.9753E-10	-1.6656E-06	-2.3304E-07
-1.8517E-09	9.0550E-10	1.0277E-07	1.0823E-06
-1.8423E-09	9.1341E-10	2.2381E-07	9.1297E-08
-1.8329E-09	9.2124E-10	6.1834E-07	6.7183E-08
-1.8235E-09	9.2901E-10	-1.6862E-07	-4.9951E-07
-1.8141E-09	9.3670E-10	-7.3664E-08	2.7286E-07
-1.8046E-09	9.4433E-10	-9.8608E-08	4.6321E-07
-1.7951E-09	9.5188E-10	1.2665E-06	3.7888E-07
-1.7856E-09	9.5937E-10	-1.8174E-07	-1.0500E-06
-1.7761E-09	9.6678E-10	7.9386E-08	1.1387E-06
-1.7666E-09	9.7413E-10	1.1320E-06	-6.3229E-07
-1.7571E-09	9.8140E-10	-3.1803E-07	2.1016E-08
-1.7475E-09	9.8861E-10	7.1247E-07	2.7116E-07
-1.7379E-09	9.9575E-10	7.7986E-07	1.2097E-07
-1.7283E-09	1.0028E-09	1.3200E-06	-9.4819E-07
-1.7187E-09	1.0098E-09	-6.4365E-07	-1.3650E-06
-1.7091E-09	1.0167E-09	-6.5674E-07	7.1988E-07
-1.6994E-09	1.0236E-09	1.2035E-06	4.2012E-07
-1.6898E-09	1.0304E-09	5.0991E-07	-1.1576E-06
-1.6801E-09	1.0371E-09	-4.3571E-07	-1.3124E-07
-1.6704E-09	1.0438E-09	2.3939E-07	-1.5087E-07
-1.6607E-09	1.0504E-09	-3.6697E-07	3.1321E-07
-1.6510E-09	1.0569E-09	1.1057E-06	6.1301E-07
-1.6413E-09	1.0633E-09	6.7921E-07	-7.4326E-07
-1.6316E-09	1.0697E-09	4.3455E-07	-1.3647E-07
-1.6218E-09	1.0760E-09	3.3718E-07	-8.5536E-07
-1.6121E-09	1.0823E-09	-3.4351E-07	2.1079E-07
-1.6023E-09	1.0884E-09	1.1699E-06	2.1025E-07
-1.5926E-09	1.0945E-09	8.4558E-07	-1.1578E-06
-1.5828E-09	1.1006E-09	-3.1204E-07	-1.1711E-06
-1.5730E-09	1.1066E-09	-5.7791E-07	-3.8954E-08
-1.5632E-09	1.1125E-09	3.3734E-07	-2.7574E-07
-1.5534E-09	1.1183E-09	-7.1429E-07	-4.7452E-07
-1.5435E-09	1.1241E-09	-1.1078E-07	6.9793E-07
-1.5337E-09	1.1298E-09	2.9288E-07	-1.1577E-07
-1.5239E-09	1.1354E-09	-1.2743E-07	2.6827E-07
-1.5140E-09	1.1410E-09	2.8619E-07	3.7011E-07
-1.5042E-09	1.1465E-09	6.1768E-07	4.5623E-07
-1.4943E-09	1.1519E-09	9.8110E-07	-3.6817E-07
-1.4845E-09	1.1573E-09	3.1637E-08	-5.6827E-07
-1.4746E-09	1.1626E-09	-9.5091E-08	-1.1568E-07
-1.4647E-09	1.1678E-09	-3.8661E-07	5.2363E-07
-1.4549E-09	1.1730E-09	1.1009E-06	1.1449E-06
-1.4450E-09	1.1781E-09	1.3133E-06	-7.7531E-07
-1.4351E-09	1.1831E-09	-2.6147E-07	-2.3883E-07
-1.4252E-09	1.1881E-09	5.8122E-07	6.3929E-07
-1.4153E-09	1.1930E-09	1.0255E-06	2.8269E-07
-1.4054E-09	1.1978E-09	1.5371E-06	-6.5599E-08
-1.3955E-09	1.2026E-09	1.2144E-06	-1.2029E-06
-1.3856E-09	1.2073E-09	-5.1375E-08	-7.8387E-07
-1.3757E-09	1.2119E-09	8.2216E-07	1.5124E-07
-1.3658E-09	1.2165E-09	1.0615E-06	-1.2069E-06
-1.3559E-09	1.2210E-09	-4.3167E-08	-6.9494E-07
-1.3460E-09	1.2255E-09	7.0343E-07	-6.6428E-07
-1.3361E-09	1.2299E-09	-2.0962E-07	-8.4986E-07
-1.3262E-09	1.2342E-09	5.1993E-07	7.8964E-08
-1.3163E-09	1.2384E-09	8.7394E-07	-1.2283E-06
-1.3064E-09	1.2426E-09	-4.6219E-07	-1.2040E-06
-1.2965E-09	1.2468E-09	-3.3241E-07	-1.4838E-07
-1.2866E-09	1.2508E-09	3.1262E-07	-5.9703E-07
-1.2767E-09	1.2548E-09	-7.4523E-07	-7.3465E-07
-1.2668E-09	1.2588E-09	-4.4220E-07	7.5421E-07
-1.2569E-09	1.2626E-09	1.0340E-06	3.2899E-07
-1.2470E-09	1.2664E-09	8.2374E-07	-9.5957E-07
-1.2371E-09	1.2702E-09	-4.3144E-07	-1.0439E-06
-1.2273E-09	1.2739E-09	-6.3895E-07	2.7903E-07
-1.2174E-09	1.2775E-09	5.5786E-07	4.2755E-07
-1.2075E-09	1.2810E-09	6.9106E-07	-3.5672E-07
-1.1976E-09	1.2845E-09	2.7946E-07	-7.0975E-07
-1.1878E-09	1.2880E-09	-3.1768E-07	-2.3294E-07
-1.1779E-09	1.2913E-09	4.9912E-07	1.5058E-07
-1.1680E-09	1.2946E-09	2.3891E-07	-6.1671E-07
-1.1582E-09	1.2979E-09	4.5769E-08	-7.3534E-08
-1.1483E-09	1.3011E-09	6.9540E-08	-1.2463E-07
-1.1385E-09	1.3042E-09	6.4761E-07	3.7160E-07
-1.1287E-09	1.3073E-09	8.2197E-07	-7.2847E-07
-1.1188E-09	1.3103E-09	4.8536E-07	-5.3692E-07
-1.1090E-09	1.3132E-09	-3.4366E-07	-1.4195E-06
-1.0992E-09	1.3161E-09	-8.9201E-07	1.2525E-06
-1.0894E-09	1.3189E-09	2.1222E-06	-1.0320E-07
-1.0796E-09	1.3217E-09	-3.4164E-07	-1.2588E-06
-1.0698E-09	1.3244E-09	3.8815E-07	2.4221E-07
-1.0600E-09	1.3270E-09	5.4820E-07	-4.9076E-07
-1.0503E-09	1.3296E-09	7.6405E-07	-7.8271E-07
-1.0405E-09	1.3321E-09	-3.4298E-07	-1.1303E-06
-1.0307E-09	1.3346E-09	-2.6853E-07	-1.9465E-07
-1.0210E-09	1.3370E-09	-7.1381E-08	-2.7768E-08
-1.0113E-09	1.3393E-09	5.5270E-07	-4.3880E-07
-1.0016E-09	1.3416E-09	-7.6022E-07	-4.1553E-07
-9.9184E-10	1.3439E-09	5.4468E-07	9.1104E-07
-9.8215E-10	1.3460E-09	9.0301E-07	-5.2600E-07
-9.7246E-10	1.3481E-09	7.1727E-07	-3.6537E-07
-9.6278E-10	1.3502E-09	5.0663E-07	-1.2671E-06
-9.5312E-10	1.3522E-09	-5.3637E-07	-7.5209E-07
-9.4347E-10	1.3541E-09	-9.5330E-08	1.8943E-07
-9.3383E-10	1.3560E-09	8.2779E-07	-4.9027E-07
-9.2421E-10	1.3578E-09	-3.0200E-07	-9.0391E-07
-9.1460E-10	1.3596E-09	1.5049E-07	-1.1509E-07
-9.0500E-10	1.3613E-09	-1.1946E-07	-7.6904E-07
-8.9542E-10	1.3630E-09	-2.5163E-07	-3.7629E-08
-8.8585E-10	1.3646E-09	-3.9699E-08	-2.0164E-08
-8.7629E-10	1.3661E-09	5.3853E-07	2.3126E-07
-8.6675E-10	1.3676E-09	7.9215E-07	-5.0317E-07
-8.5722E-10	1.3691E-09	6.8611E-07	-1.1390E-06
-8.4771E-10	1.3704E-09	-8.5245E-07	-1.4037E-06
-8.3821E-10	1.3718E-09	-6.8883E-07	3.9135E-07
-8.2873E-10	1.3730E-09	2.6830E-07	-1.7972E-07
-8.1927E-10	1.3742E-09	-2.1811E-07	-2.2862E-07
-8.0982E-10	1.3754E-09	1.9827E-07	2.9907E-07
-8.0039E-10	1.3765E-09	9.1729E-07	-8.8243E-07
-7.9097E-10	1.3775E-09	-1.2352E-06	-9.2857E-07
-7.8157E-10	1.3785E-09	1.2827E-07	8.2011E-07
-7.7219E-10	1.3795E-09	-2.2938E-07	-8.6222E-07
-7.6283E-10	1.3804E-09	-4.9326E-07	1.0749E-06
-7.5348E-10	1.3812E-09	8.0329E-07	1.1998E-07
-7.4415E-10	1.3820E-09	3.1938E-07	2.9411E-07
-7.3484E-10	1.3827E-09	7.1887E-07	-4.7210E-09
-7.2555E-10	1.3834E-09	1.0214E-06	1.7355E-07
-7.1628E-10	1.3840E-09	1.0027E-06	-1.0549E-06
-7.0702E-10	1.3846E-09	3.9901E-07	-4.3577E-07
-6.9779E-10	1.3851E-09	5.7494E-07	-1.1730E-06
-6.8857E-10	1.3856E-09	5.4929E-08	-3.2133E-07
-6.7938E-10	1.3860E-09	7.5894E-07	-1.3619E-06
-6.7020E-10	1.3864E-09	-7.9292E-07	-8.5396E-07
-6.6104E-10	1.3867E-09	5.4614E-08	-4.1986E-07
-6.5191E-10	1.3870E-09	-2.3793E-07	-1.9888E-07
-6.4279E-10	1.3872E-09	8.4419E-07	-6.8137E-07
-6.3370E-10	1.3874E-09	-4.7381E-07	-1.4517E-06
-6.2462E-10	1.3875E-09	-7.4754E-07	-5.9242E-07
-6.1557E-10	1.3875E-09	-9.0677E-07	-1.6466E-07
-6.0654E-10	1.3876E-09	-3.6238E-07	4.2777E-07
-5.9753E-10	1.3875E-09	2.9885E-07	4.0475E-07
-5.8854E-10	1.3874E-09	7.2133E-07	-4.5812E-07
-5.7957E-10	1.3873E-09	1.9720E-08	-6.6125E-07
-5.7063E-10	1.3871E-09	-6.6710E-08	-8.3667E-07
-5.6171E-10	1.3869E-09	-8.9089E-07	1.8453E-08
-5.5281E-10	1.3866E-09	9.7186E-07	3.5006E-07
-5.4393E-10	1.3863E-09	3.4264E-07	-1.6969E-06
-5.3508E-10	1.3859E-09	-1.1614E-06	-8.5855E-07
-5.2625E-10	1.3855E-09	-7.7076E-07	1.5735E-07
-5.1744E-10	1.3851E-09	-1.5120E-08	-1.2412E-07
-5.0866E-10	1.3846E-09	-6.9200E-07	-6.0554E-07
-4.9990E-10	1.3840E-09	-1.0851E-06	2.2999E-07
-4.9117E-10	1.3834E-09	-6.1153E-07	9.8405E-07
-4.8246E-10	1.3827E-09	4.7566E-07	8.9723E-07
-4.7377E-10	1.3820E-09	4.7499E-07	1.7694E-07
-4.6511E-10	1.3813E-09	6.1807E-07	2.2846E-07
-4.5648E-10	1.3805E-09	8.2779E-07	-5.1942E-07
-4.4786E-10	1.3797E-09	-1.0430E-07	-1.1866E-06
-4.3928E-10	1.3788E-09	-1.3206E-06	-7.2579E-08
-4.3072E-10	1.3779E-09	1.6846E-08	1.2148E-06
-4.2218E-10	1.3769E-09	7.8811E-07	-2.8873E-09
-4.1367E-10	1.3759E-09	-1.0544E-08	-2.0576E-07
-4.0519E-10	1.3749E-09	1.6215E-08	3.9927E-07
-3.9673E-10	1.3738E-09	7.4240E-07	3.2854E-07
-3.8830E-10	1.3726E-09	6.6472E-07	-3.1867E-07
-3.7990E-10	1.3714E-09	4.3868E-07	-4.5936E-07
-3.7152E-10	1.3702E-09	-1.3489E-07	-3.9143E-07
-3.6317E-10	1.3689E-09	3.5859E-07	3.1344E-07
-3.5484E-10	1.3676E-09	6.1314E-07	-4.8497E-07
-3.4655E-10	1.3663E-09	4.0920E-07	-3.2573E-07
-3.3828E-10	1.3649E-09	1.3739E-07	-1.1902E-06
-3.3004E-10	1.3634E-09	-1.0925E-06	1.4731E-07
-3.2182E-10	1.3620E-09	8.9269E-07	7.4599E-07
-3.1363E-10	1.3604E-09	8.6634E-07	-1.0401E-06
-3.0547E-10	1.3589E-09	-6.8867E-07	-1.2779E-06
-2.9734E-10	1.3573E-09	-1.6701E-06	8.5136E-07
-2.8924E-10	1.3556E-09	1.3732E-06	2.0508E-06
-2.8117E-10	1.3540E-09	2.0876E-06	-1.0103E-06
-2.7312E-10	1.3522E-09	2.4469E-07	-1.2846E-06
-2.6511E-10	1.3505E-09	-1.2763E-07	-8.6547E-07
-2.5712E-10	1.3487E-09	-2.2028E-07	-2.4308E-07
-2.4916E-10	1.3468E-09	2.4732E-07	-5.5898E-07
-2.4123E-10	1.3450E-09	-6.2449E-07	-5.6604E-07
-2.3333E-10	1.3430E-09	-3.9675E-07	4.9915E-07
-2.2546E-10	1.3411E-09	5.4833E-07	4.4609E-07
-2.1761E-10	1.3391E-09	7.1269E-07	-2.1182E-07
-2.0980E-10	1.3371E-09	5.1436E-07	-2.2416E-07
-2.0202E-10	1.3350E-09	1.0091E-06	-5.9875E-07
-1.9427E-10	1.3329E-09	2.0077E-07	-1.5395E-06
-1.8655E-10	1.3307E-09	-6.9198E-07	-6.9520E-07
-1.7885E-10	1.3286E-09	-2.8225E-07	-3.7804E-07
-1.7119E-10	1.3263E-09	-5.9780E-07	-3.4588E-08
-1.6356E-10	1.3241E-09	4.5078E-07	4.0791E-07
-1.5596E-10	1.3218E-09	4.6264E-07	-8.2542E-07
-1.4839E-10	1.3195E-09	-1.7003E-07	-3.9290E-07
-1.4085E-10	1.3171E-09	1.8611E-07	-9.1649E-07
-1.3335E-10	1.3147E-09	-1.3951E-06	-7.2571E-07
-1.2587E-10	1.3123E-09	-7.1124E-07	1.1334E-06
-1.1842E-10	1.3098E-09	3.8969E-07	4.5165E-07
-1.1101E-10	1.3073E-09	1.9525E-07	6.9826E-07
-1.0363E-10	1.3048E-09	1.3920E-06	3.4580E-07
-9.6275E-11	1.3022E-09	9.6081E-07	-6.4196E-07
-8.8955E-11	1.2996E-09	1.0715E-06	-7.6541E-07
-8.1667E-11	1.2970E-09	2.4486E-07	-1.7452E-06
-7.4411E-11	1.2943E-09	-6.1904E-07	-8.3744E-07
-6.7187E-11	1.2916E-09	-4.7491E-07	-6.5299E-07
-5.9995E-11	1.2888E-09	-5.8169E-07	1.8165E-07
-5.2835E-11	1.2861E-09	6.8242E-07	-1.0187E-07
-4.5708E-11	1.2833E-09	-1.7589E-07	-1.1757E-06
-3.8613E-11	1.2804E-09	-9.2008E-07	3.6899E-09
-3.1550E-11	1.2776E-09	3.4144E-07	5.5677E-07
-2.4520E-11	1.2747E-09	7.3743E-07	-5.5726E-07
-1.7522E-11	1.2717E-09	1.9395E-07	-8.3989E-07
-1.0558E-11	1.2688E-09	-2.7247E-07	-1.1354E-06
-3.6259E-12	1.2658E-09	-9.7351E-07	-2.3859E-07
3.2730E-12	1.2628E-09	6.3975E-08	3.6414E-08
1.0139E-11	1.2597E-09	-3.1686E-07	-5.9832E-07
1.6972E-11	1.2566E-09	-6.2176E-07	-1.9495E-07
2.3771E-11	1.2535E-09	-7.3668E-07	5.6805E-07
3.0538E-11	1.2504E-09	8.7851E-07	9.0996E-07
3.7271E-11	1.2472E-09	9.6507E-07	-7.4458E-07
4.3970E-11	1.2440E-09	4.4254E-07	-8.6289E-07
5.0636E-11	1.2408E-09	-3.9005E-07	-1.5200E-06
5.7269E-11	1.2375E-09	-1.1484E-06	-6.8681E-08
6.3868E-11	1.2343E-09	4.6387E-08	4.6085E-08
7.0433E-11	1.2309E-09	-1.7232E-07	-5.0844E-07
7.6964E-11	1.2276E-09	-6.4679E-07	-3.7370E-07
8.3462E-11	1.2242E-09	-2.9688E-07	3.7117E-07
8.9925E-11	1.2208E-09	1.0845E-07	-4.5974E-07
9.6355E-11	1.2174E-09	-5.1809E-07	-5.4514E-08
1.0275E-10	1.2140E-09	-1.3008E-07	-5.2734E-07
1.0911E-10	1.2105E-09	-1.4701E-06	2.9038E-07
1.1544E-10	1.2070E-09	3.6109E-07	1.4738E-06
1.2173E-10	1.2035E-09	1.0781E-06	-7.4300E-08
1.2799E-10	1.1999E-09	3.0628E-07	-8.7448E-07
1.3421E-10	1.1963E-09	-5.8841E-07	-9.4780E-08
1.4040E-10	1.1927E-09	6.3487E-07	-3.5196E-08
1.4656E-10	1.1891E-09	-5.8538E-07	-8.4588E-07
1.5268E-10	1.1854E-09	-8.6163E-08	7.2272E-07
1.5877E-10	1.1818E-09	6.5409E-07	-7.0478E-07
1.6482E-10	1.1781E-09	-6.2573E-07	-5.0282E-07
1.7083E-10	1.1743E-09	-7.2863E-08	7.1727E-08
1.7682E-10	1.1706E-09	-2.5218E-07	-4.1903E-07
1.8276E-10	1.1668E-09	-2.5998E-07	5.7625E-07
1.8867E-10	1.1630E-09	1.3105E-06	-6.4324E-07
1.9455E-10	1.1592E-09	-1.3101E-06	-1.9128E-06
2.0040E-10	1.1553E-09	-1.6584E-06	8.8520E-07
2.0620E-10	1.1515E-09	-2.4671E-07	9.1388E-07
2.1198E-10	1.1476E-09	5.7818E-07	1.0197E-06
2.1771E-10	1.1437E-09	9.4372E-07	-7.5030E-07
2.2342E-10	1.1397E-09	-9.0523E-07	-3.8689E-07
2.2908E-10	1.1358E-09	5.7691E-08	9.0727E-07
2.3471E-10	1.1318E-09	9.3635E-07	-9.5652E-08
2.4031E-10	1.1278E-09	1.6308E-07	-8.4371E-07
2.4587E-10	1.1238E-09	-4.2426E-07	-3.2494E-07
2.5140E-10	1.1198E-09	-8.3632E-08	-5.6162E-08
2.5689E-10	1.1157E-09	-2.9645E-07	-3.6402E-07
2.6235E-10	1.1116E-09	-4.6752E-07	4.6044E-07
2.6777E-10	1.1075E-09	6.5153E-07	3.4272E-08
2.7315E-10	1.1034E-09	-4.4031E-07	-5.0342E-07
2.7850E-10	1.0993E-09	8.3264E-08	3.7063E-07
2.8382E-10	1.0951E-09	-1.5677E-07	-4.9206E-07
2.8910E-10	1.0909E-09	-3.2751E-07	4.8038E-07
2.9434E-10	1.0868E-09	1.8955E-07	4.4085E-08
2.9955E-10	1.0825E-09	7.1074E-09	3.7606E-07
3.0472E-10	1.0783E-09	5.4978E-07	1.5272E-07
3.0986E-10	1.0741E-09	5.1980E-07	-1.3161E-07
3.1496E-10	1.0698E-09	4.1349E-07	-3.1824E-07
3.2003E-10	1.0655E-09	6.9054E-07	-5.3453E-07
3.2506E-10	1.0612E-09	-1.7132E-07	-1.3624E-06
3.3006E-10	1.0569E-09	-8.9059E-07	-3.1640E-07
3.3502E-10	1.0526E-09	-5.6755E-07	2.5157E-07
3.3994E-10	1.0482E-09	5.5193E-07	4.2000E-07
3.4483E-10	1.0438E-09	-3.6770E-08	-1.0404E-06
3.4969E-10	1.0394E-09	-4.5257E-07	3.6988E-07
3.5450E-10	1.0350E-09	9.4268E-08	-6.2085E-07
3.5929E-10	1.0306E-09	-6.8195E-07	5.7252E-07
3.6403E-10	1.0262E-09	6.4954E-07	-2.7801E-08
3.6874E-10	1.0218E-09	4.2052E-08	3.1173E-07
3.7342E-10	1.0173E-09	1.2753E-06	-1.0184E-06
3.7806E-10	1.0128E-09	-1.4809E-06	-9.7255E-07
3.8267E-10	1.0083E-09	1.6040E-07	1.0221E-06
3.8724E-10	1.0038E-09	7.6042E-07	-5.0674E-07
3.9177E-10	9.9930E-10	2.5860E-07	-1.0684E-06
3.9627E-10	9.9476E-10	-9.3023E-07	-6.8139E-07
4.0073E-10	9.9022E-10	4.5472E-08	7.1806E-08
4.0516E-10	9.8566E-10	-3.1106E-07	-7.3811E-07
4.0955E-10	9.8108E-10	-2.7944E-07	-2.8686E-07
4.1391E-10	9.7650E-10	-6.7520E-07	-4.3970E-07
4.1823E-10	9.7190E-10	-1.2920E-07	5.4356E-08
4.2251E-10	9.6729E-10	-6.3052E-07	-5.1295E-07
4.2676E-10	9.6266E-10	3.6799E-08	4.8151E-07
4.3098E-10	9.5803E-10	1.5032E-07	-1.2495E-06
4.3516E-10	9.5338E-10	-1.0617E-06	-3.2321E-07
4.3930E-10	9.4872E-10	-2.5417E-07	-7.5218E-07
4.4341E-10	9.4405E-10	-1.9541E-06	-7.2164E-07
4.4749E-10	9.3937E-10	-1.5497E-06	1.1579E-06
4.5152E-10	9.3468E-10	-2.4954E-07	9.9194E-07
4.5553E-10	9.2998E-10	-2.4256E-07	5.1381E-07
4.5949E-10	9.2526E-10	7.3698E-08	6.2051E-07
