jMRUI Data Textfile

Filename: Export_to_jmrui.txt

PointsInDataset: 2048
DatasetsInFile: 1
SamplingInterval: 0.250000
ZeroOrderPhase: 0E0
BeginTime: 0E0
TransmitterFrequency: 1.2326E8
MagneticField: 2.8936E0
TypeOfNucleus:  
NameOfPatient:  
DateOfExperiment:  
Spectrometer:  
AdditionalInfo: 
SignalNames:  


Signal and FFT
sig(real)	sig(imag)	fft(real)	fft(imag)
Signal 1 out of 1 in file
3.7645E-06	1.0877E-06	-3.8085E-06	2.5291E-06
7.1558E-06	-5.0918E-07	-2.6844E-06	1.2256E-06
4.7464E-06	-2.8371E-06	-3.4575E-06	1.3928E-06
3.0004E-06	-3.9180E-06	-2.2228E-06	1.5896E-06
-8.0925E-08	-4.0409E-06	-2.9897E-06	4.7006E-07
-1.6717E-06	-2.9779E-06	-3.0587E-06	1.6340E-06
-2.9607E-06	-1.3543E-06	-2.8385E-06	1.1453E-06
-2.3506E-06	2.7532E-07	-2.7287E-06	1.9981E-06
-1.3564E-06	1.3053E-06	-2.1052E-06	1.3505E-06
3.0049E-07	1.4504E-06	-2.0573E-06	1.3762E-06
1.1961E-06	8.4667E-07	-2.6566E-06	3.3126E-07
1.7479E-06	7.6563E-08	-3.4042E-06	2.2372E-06
1.4320E-06	-7.8065E-07	-1.4537E-06	1.8042E-06
8.5679E-07	-1.1962E-06	-2.2609E-06	1.0109E-06
-9.8306E-08	-1.2769E-06	-2.4578E-06	1.2893E-06
-5.1710E-07	-1.0130E-06	-2.1769E-06	1.6188E-06
-8.7960E-07	-6.5838E-07	-2.5342E-06	6.2473E-07
-8.2345E-07	-2.4967E-07	-3.4837E-06	2.5031E-06
-7.9028E-07	-2.8244E-08	-1.2861E-06	2.2574E-06
-6.6515E-07	1.5701E-07	-2.2767E-06	1.7169E-06
-7.5461E-07	1.8209E-07	-9.8971E-07	1.9080E-06
-7.0846E-07	3.6650E-07	-2.1764E-06	2.5010E-07
-7.3930E-07	5.3142E-07	-3.1870E-06	2.0856E-06
-5.1676E-07	6.7105E-07	-1.4605E-06	2.3392E-06
-3.0770E-07	6.6208E-07	-2.0502E-06	1.0604E-06
3.5767E-08	5.2192E-07	-2.5563E-06	2.3898E-06
2.3895E-07	2.6952E-07	-1.3423E-06	2.1470E-06
2.6573E-07	-3.7691E-08	-1.5452E-06	1.6773E-06
5.9938E-09	-1.6179E-07	-1.9439E-06	1.2850E-06
-3.1161E-07	-1.2742E-07	-2.2306E-06	2.4338E-06
-7.0234E-07	9.2567E-08	-9.7784E-07	1.7262E-06
-7.9690E-07	3.7520E-07	-2.1530E-06	1.5322E-06
-7.5267E-07	7.4102E-07	-1.6007E-06	1.9556E-06
-4.5348E-07	9.7683E-07	-1.9374E-06	1.9338E-06
-1.6208E-07	1.0082E-06	-1.2816E-06	2.0316E-06
1.8464E-07	8.4926E-07	-1.6138E-06	1.6776E-06
3.1352E-07	6.3916E-07	-1.3943E-06	1.6815E-06
3.8216E-07	4.2828E-07	-1.8588E-06	1.5634E-06
2.9364E-07	3.2698E-07	-1.7520E-06	1.7549E-06
2.9734E-07	2.7014E-07	-2.0828E-06	2.0649E-06
2.4251E-07	2.5292E-07	-1.2887E-06	2.3416E-06
3.3250E-07	1.4216E-07	-1.3347E-06	1.7963E-06
2.7732E-07	-2.9510E-08	-1.2517E-06	1.8304E-06
2.5197E-07	-1.8655E-07	-1.3457E-06	1.3224E-06
8.4280E-08	-3.5142E-07	-2.2232E-06	1.4999E-06
-1.3938E-07	-3.7190E-07	-1.4708E-06	2.5628E-06
-4.3042E-07	-2.9744E-07	-1.1729E-06	9.4029E-07
-4.7150E-07	-1.0303E-08	-2.5740E-06	1.9590E-06
-5.0352E-07	2.4384E-07	-1.5581E-06	1.8853E-06
-3.0623E-07	4.4329E-07	-2.2218E-06	2.5727E-06
-4.4844E-08	4.2198E-07	-5.3537E-07	1.7456E-06
1.5729E-07	2.9580E-07	-2.6773E-06	1.4092E-06
1.8799E-07	-1.7514E-08	-1.3194E-06	2.1951E-06
2.7383E-08	-2.7784E-07	-3.0834E-06	1.3966E-06
-2.7121E-07	-3.5106E-07	-2.1195E-06	3.4750E-06
-5.2366E-07	-2.5646E-07	-2.0657E-06	2.5236E-06
-6.8655E-07	-1.5828E-08	-1.1246E-06	3.6797E-06
-6.3598E-07	2.3406E-07	-8.8516E-07	1.6236E-06
-4.9403E-07	4.3152E-07	-2.2665E-06	2.2682E-06
-2.2641E-07	4.8937E-07	-2.3886E-06	2.9127E-06
4.1153E-08	3.9904E-07	-1.5313E-06	4.0487E-06
7.8216E-08	1.9107E-07	-7.6400E-07	3.2632E-06
8.0609E-09	2.7441E-08	-3.7838E-07	3.3790E-06
-1.5276E-07	-5.3184E-08	-5.0938E-07	1.9675E-06
-3.1870E-07	-6.1344E-08	-1.6150E-06	3.2533E-06
-4.9744E-07	9.2668E-08	3.3262E-07	3.3748E-06
-5.0619E-07	2.5309E-07	-1.1901E-07	1.7657E-06
-3.6356E-07	3.1988E-07	-8.3036E-07	2.4192E-06
-2.8293E-07	3.2786E-07	1.0736E-08	2.0728E-06
-1.2834E-07	2.6016E-07	-1.1054E-06	1.3121E-06
-1.6455E-07	1.6899E-07	-1.4927E-06	2.2298E-06
-2.1733E-07	1.0061E-07	-1.7264E-06	2.6782E-06
-3.5234E-07	5.4221E-08	-5.0243E-07	3.9170E-06
-4.0316E-07	1.3582E-07	6.9598E-07	2.0143E-06
-4.2799E-07	2.9819E-07	-1.1391E-06	1.6714E-06
-2.5857E-07	4.0567E-07	-3.5885E-07	3.0059E-06
-1.7963E-07	3.9923E-07	3.2525E-07	1.0673E-06
1.0141E-08	3.8173E-07	-2.1717E-06	1.3790E-06
3.6851E-08	2.1688E-07	-1.0314E-06	2.8928E-06
1.7178E-08	4.3605E-08	-1.5250E-06	2.3370E-06
-1.3587E-07	1.5762E-08	-3.1141E-07	3.6706E-06
-1.9318E-07	4.1076E-08	-2.8138E-07	1.7955E-06
-3.5188E-07	1.6049E-07	-5.0864E-07	3.1981E-06
-3.0811E-07	2.9773E-07	2.5672E-07	1.6648E-06
-1.5950E-07	3.5940E-07	-4.3356E-07	2.5589E-06
-8.5336E-09	2.9299E-07	3.9981E-07	7.3998E-07
1.1410E-07	1.4711E-07	-2.1384E-06	1.7909E-06
1.2310E-07	-4.2011E-08	-1.6852E-07	2.2697E-06
-3.1676E-08	-1.6407E-07	-1.7691E-06	1.7786E-06
-1.7814E-07	-2.0554E-07	-3.7001E-07	3.1605E-06
-3.8500E-07	-1.3616E-07	-3.0266E-07	1.7520E-06
-4.2838E-07	8.4655E-08	-4.0436E-07	1.7392E-06
-3.7446E-07	2.2519E-07	-1.5519E-06	1.2424E-06
-2.2719E-07	4.1424E-07	-1.5655E-06	2.8355E-06
-8.5534E-08	4.0886E-07	-7.5777E-07	2.5078E-06
7.5599E-08	2.8013E-07	-8.4482E-07	2.3872E-06
1.4088E-07	1.1772E-07	-1.2123E-06	2.4852E-06
8.3818E-08	-5.4598E-08	-5.5001E-07	3.2377E-06
-8.2305E-08	-1.8890E-07	-1.4344E-07	2.4059E-06
-1.7916E-07	-2.4404E-07	-6.7280E-08	2.6591E-06
-3.0894E-07	-1.7758E-07	2.9854E-07	1.3347E-06
-3.4947E-07	-1.0994E-07	-1.3942E-06	1.3771E-06
-3.9114E-07	8.8724E-09	-1.1324E-06	2.3180E-06
-3.3603E-07	-7.4844E-09	-1.2520E-06	2.3432E-06
-3.5707E-07	1.1065E-07	-8.3080E-07	2.9499E-06
-2.9865E-07	7.7147E-08	-5.2123E-07	2.5846E-06
-3.1517E-07	1.3470E-07	-2.6431E-07	2.8433E-06
-3.2922E-07	1.4612E-07	1.3174E-07	1.9298E-06
-3.1812E-07	1.8073E-07	-7.4862E-07	1.9107E-06
-1.5903E-07	1.7828E-07	-5.5140E-07	2.1088E-06
-1.1521E-07	2.0142E-07	-6.6369E-07	2.2401E-06
-6.9839E-08	1.7941E-07	-3.5883E-07	1.6764E-06
-5.5960E-08	6.8318E-08	-1.5603E-06	2.0545E-06
-1.1150E-07	-2.2245E-08	-4.4304E-07	2.4824E-06
-2.2028E-07	-9.2186E-08	-1.5976E-06	1.9452E-06
-2.9650E-07	-3.0458E-08	-6.8013E-07	3.5032E-06
-3.6870E-07	7.9648E-08	-1.0998E-07	2.2567E-06
-3.7625E-07	1.5514E-07	-1.5265E-07	1.9320E-06
-3.0306E-07	2.6088E-07	-1.9438E-06	1.3474E-06
-1.4781E-07	3.0572E-07	-1.3204E-06	4.1934E-06
-1.3718E-08	2.2865E-07	3.0434E-07	2.4074E-06
6.0430E-08	6.3205E-08	-5.8645E-07	2.5478E-06
2.2717E-08	-3.0719E-08	-8.4079E-07	1.8902E-06
-2.2123E-09	-7.9330E-08	-1.0600E-06	3.7795E-06
-1.8658E-07	-1.0640E-07	4.4985E-07	2.3076E-06
-2.6294E-07	9.4825E-09	-7.4309E-07	3.3888E-06
-2.4283E-07	1.1152E-07	1.7237E-06	1.9105E-06
-3.0546E-07	1.8042E-07	-1.5382E-06	9.8115E-07
-2.3175E-07	2.2105E-07	-4.3571E-07	3.2454E-06
-1.4328E-07	1.7555E-07	1.5769E-07	2.0615E-06
-4.7267E-08	1.4802E-07	-1.4929E-07	1.6394E-06
-1.3753E-08	3.4721E-08	-7.4221E-07	1.9567E-06
-7.7969E-08	3.6608E-08	-1.2607E-07	1.3781E-06
-1.1005E-07	4.2297E-08	-1.9076E-06	1.4302E-06
-1.6368E-07	2.6490E-08	-1.2455E-06	2.3826E-06
-1.4091E-07	7.3584E-08	-2.0511E-06	2.7253E-06
-1.1480E-07	8.8596E-08	-2.5573E-07	3.5154E-06
-9.7047E-09	7.0727E-08	-1.0984E-06	2.2176E-06
2.8340E-09	6.5451E-08	-2.7120E-07	3.6047E-06
-2.4401E-08	1.9383E-09	-3.0839E-07	1.6504E-06
-7.7814E-08	-5.2499E-08	-1.4954E-06	3.1136E-06
-1.9010E-07	-1.0717E-07	4.3499E-08	3.3337E-06
-2.8275E-07	-7.2988E-08	1.9040E-07	2.1465E-06
-2.7888E-07	-3.1318E-09	-1.0526E-06	2.0836E-06
-2.7547E-07	6.3860E-08	-4.0019E-07	3.0455E-06
-2.1621E-07	1.6507E-07	-5.6279E-07	2.0208E-06
-8.8081E-08	1.3591E-07	-8.6864E-07	3.1357E-06
-4.1271E-08	1.5571E-07	5.2461E-08	2.4131E-06
-2.5196E-08	6.0435E-08	-1.0161E-06	2.4555E-06
-4.8056E-08	-6.0532E-08	2.9542E-08	3.1317E-06
-1.1775E-07	-3.0055E-08	-2.0936E-07	1.2983E-06
-1.4009E-07	-7.8121E-08	-2.1390E-06	2.7591E-06
-1.9372E-07	-2.9842E-08	-1.1742E-07	3.5520E-06
-2.0426E-07	7.7298E-08	-8.5342E-07	2.6099E-06
-1.8522E-07	1.2824E-07	-2.3626E-08	3.5488E-06
-1.0345E-07	1.7954E-07	-1.5918E-07	2.3842E-06
-1.2295E-07	1.2251E-07	-1.7357E-07	2.8893E-06
-6.4076E-08	1.5147E-07	-5.8451E-07	2.5848E-06
-2.8248E-08	6.4209E-08	4.0370E-07	3.1919E-06
-5.2007E-08	4.3330E-08	-5.3539E-07	1.6826E-06
-8.5234E-08	5.7419E-08	-1.9450E-07	3.6245E-06
-8.3709E-08	-9.4963E-09	9.6974E-08	1.3334E-06
-7.9627E-08	-1.7380E-08	-1.4725E-06	3.5175E-06
-1.0736E-07	2.1643E-08	8.3968E-07	2.9087E-06
-1.8551E-07	2.0754E-08	-1.8982E-07	2.3895E-06
-1.5076E-07	2.8962E-08	-1.0568E-07	2.0752E-06
-1.7707E-07	2.3611E-08	-6.2195E-07	3.2136E-06
-1.2417E-07	6.6420E-08	9.8993E-07	2.0590E-06
-1.0318E-07	9.4251E-08	-1.1366E-06	1.9077E-06
-6.4793E-08	1.5472E-07	-3.0577E-09	2.9746E-06
-6.0830E-08	1.5070E-07	1.2537E-07	2.3796E-06
-8.1327E-09	9.6397E-08	4.1420E-07	1.2019E-06
-4.3259E-09	8.7165E-08	-2.1886E-06	1.4880E-06
1.6833E-08	5.3230E-08	-8.1982E-07	3.4424E-06
-2.2204E-08	3.9541E-08	-1.0892E-06	2.3827E-06
-9.9755E-09	-3.0416E-08	-7.6180E-07	4.0866E-06
-9.4010E-08	2.3095E-08	7.9479E-07	2.9968E-06
-4.7501E-08	-1.1873E-08	-1.3508E-07	2.2047E-06
-1.4420E-08	1.3163E-08	-8.1438E-08	2.9885E-06
-2.6938E-08	2.6447E-08	5.9687E-07	1.9673E-06
1.9550E-09	-2.4846E-08	-7.7439E-07	2.0762E-06
2.5438E-09	4.2432E-08	4.0652E-07	2.3874E-06
-6.3969E-08	1.5559E-08	-7.8833E-07	1.0424E-06
-6.1586E-08	4.8831E-09	-1.4416E-06	2.4541E-06
-8.0041E-08	-4.4283E-09	-9.0783E-07	2.7007E-06
-4.5490E-08	2.9664E-08	-6.7980E-07	2.3640E-06
-1.0083E-07	5.6543E-08	-1.7440E-06	2.7146E-06
-6.3213E-08	3.3744E-08	-5.0992E-07	3.6529E-06
-8.8050E-08	6.1131E-08	-1.1560E-06	2.8140E-06
-8.7062E-08	2.6485E-08	-1.9427E-07	4.5230E-06
-5.4351E-08	3.4980E-08	4.8257E-07	2.5450E-06
-1.2768E-07	1.4374E-08	-3.1010E-07	3.6319E-06
-7.8253E-08	2.7669E-09	1.0313E-06	2.6238E-06
-9.6372E-08	3.0532E-09	-1.4309E-07	2.4475E-06
-7.4800E-08	4.7844E-08	4.5265E-07	2.4350E-06
-6.6236E-08	7.9680E-08	-1.6653E-07	2.1299E-06
-8.4087E-08	9.0810E-08	-3.9598E-08	2.2811E-06
-3.3109E-08	6.6729E-08	-2.0385E-07	2.1972E-06
-4.4739E-08	7.7294E-08	-7.3837E-08	1.9238E-06
-3.7300E-08	7.3266E-08	-7.6692E-07	1.5371E-06
-2.9982E-08	4.2023E-08	-1.6669E-06	2.1044E-06
-3.9367E-09	2.1125E-08	-1.3205E-06	3.3927E-06
-1.1819E-07	2.7349E-08	-4.6333E-07	3.0479E-06
-5.2674E-08	4.1494E-08	-7.4759E-07	3.1349E-06
-7.6155E-08	9.7137E-08	-2.5449E-07	3.3789E-06
-6.6481E-08	7.4718E-08	4.8728E-07	3.1163E-06
-2.2843E-08	6.3114E-08	1.3316E-07	1.6323E-06
-2.0267E-08	4.9895E-08	-1.2320E-06	2.5802E-06
7.8123E-09	5.8007E-08	-2.8260E-07	2.8885E-06
-7.5229E-10	-1.7270E-08	-4.6195E-07	2.9816E-06
-5.0279E-08	2.7634E-08	4.7996E-07	2.1341E-06
-2.9129E-08	3.3293E-08	-1.7097E-06	1.6586E-06
-5.6349E-10	5.8895E-08	-1.1656E-06	3.8257E-06
-1.7441E-09	4.9222E-08	-1.7322E-07	3.1842E-06
3.9039E-08	8.4463E-08	3.9140E-08	2.9858E-06
2.6272E-08	7.5149E-08	-2.3225E-07	2.1320E-06
1.9311E-08	3.9080E-08	-1.0968E-06	2.4415E-06
6.8371E-09	7.8541E-08	-1.1889E-06	3.3533E-06
6.4688E-09	2.4420E-08	2.1052E-08	3.4421E-06
1.9523E-09	5.1901E-08	-8.3926E-07	2.4994E-06
5.8123E-08	5.3791E-08	-5.0000E-07	4.3346E-06
4.2627E-08	5.3453E-08	1.1264E-06	2.6455E-06
7.2246E-09	3.8313E-08	-7.1796E-07	2.2344E-06
5.1231E-08	2.4227E-08	-1.6501E-07	3.0855E-06
3.2423E-08	3.1152E-08	-2.5846E-07	2.4597E-06
2.6998E-08	-2.4852E-08	-6.7896E-07	2.7059E-06
7.7869E-09	-1.4147E-08	-5.8255E-07	3.4271E-06
-6.1712E-09	3.0136E-09	8.3044E-07	3.0249E-06
-5.7098E-09	8.1219E-09	-1.9115E-07	1.2161E-06
-1.1054E-08	-9.9089E-09	-1.8228E-06	2.4078E-06
-2.4357E-08	7.2184E-08	-1.0901E-06	3.5814E-06
-2.9102E-08	4.8209E-08	-4.8616E-07	3.2534E-06
-1.0296E-09	5.6615E-08	-9.3077E-07	3.5489E-06
2.8755E-08	6.3149E-08	5.4110E-07	4.1003E-06
4.5736E-09	-7.7477E-09	4.6896E-07	1.9459E-06
5.4520E-08	3.9774E-08	-1.1508E-06	3.0114E-06
-1.4914E-08	6.1116E-09	8.1268E-08	3.2917E-06
1.8523E-08	-2.3434E-08	-4.7791E-07	3.1545E-06
-5.0861E-08	3.7598E-09	6.7139E-07	3.3513E-06
1.3039E-08	5.3905E-08	4.0817E-08	2.0536E-06
3.5690E-09	3.0166E-08	-3.2958E-07	2.7585E-06
-1.0977E-08	8.7238E-09	-4.6346E-07	2.4749E-06
-1.8484E-08	3.3450E-08	-2.5185E-07	3.2918E-06
-9.8757E-09	8.2272E-08	1.8314E-07	2.1988E-06
-2.7438E-08	5.0915E-08	-7.5168E-07	2.7509E-06
-1.0062E-08	3.3095E-08	5.8987E-08	2.3556E-06
2.6004E-09	3.9858E-08	-1.3217E-06	2.5585E-06
-1.5000E-08	3.5867E-08	1.4366E-07	3.3098E-06
-1.7716E-08	6.2507E-08	-6.5371E-07	1.7402E-06
-3.8951E-08	4.4542E-08	-1.0879E-06	3.2125E-06
-1.5038E-08	9.1718E-08	-3.8884E-07	2.5272E-06
-1.3751E-08	4.9981E-08	-1.2060E-06	2.8822E-06
3.6833E-08	1.2775E-07	-5.9285E-07	3.1175E-06
4.6135E-08	8.4925E-08	-9.3526E-07	2.7493E-06
2.9405E-08	7.5962E-08	-1.2301E-06	3.4867E-06
9.7161E-08	2.9716E-08	-1.9784E-07	3.7150E-06
6.3352E-08	3.6324E-08	-4.4585E-07	2.6692E-06
7.4639E-08	3.1468E-08	-1.2440E-06	3.4927E-06
6.9852E-08	8.3733E-08	-1.7343E-07	4.3827E-06
6.5601E-08	8.8889E-08	1.3681E-06	3.0022E-06
3.8471E-08	1.0120E-08	-7.6793E-07	1.2232E-06
8.3450E-08	6.6983E-08	-1.4723E-06	3.6921E-06
3.4939E-08	1.1646E-08	-2.2196E-07	2.9421E-06
3.4726E-08	3.8584E-08	-9.0889E-07	3.7822E-06
1.8576E-08	7.9954E-09	8.1237E-07	2.7165E-06
6.3794E-08	4.0789E-08	-1.6711E-06	2.0731E-06
1.5844E-08	2.7845E-08	-8.8523E-07	4.0704E-06
7.4111E-08	1.4915E-08	-4.5096E-07	3.2717E-06
5.5840E-08	9.2034E-09	-4.6392E-08	3.6471E-06
2.8122E-08	3.0821E-08	-8.3558E-08	2.2865E-06
4.8766E-08	4.3136E-08	-1.3749E-06	2.9757E-06
7.0251E-08	2.0422E-08	-6.0815E-07	3.5740E-06
3.2545E-08	6.5282E-09	-6.0809E-07	3.1838E-06
6.3944E-08	1.6299E-08	-6.4016E-07	3.3005E-06
3.5213E-08	2.1014E-08	-8.3295E-07	3.2300E-06
6.1959E-08	1.1487E-08	-7.8765E-07	3.7148E-06
9.8524E-09	1.7085E-09	-4.6976E-07	3.5467E-06
1.9304E-08	-4.6980E-09	-5.6434E-07	3.7091E-06
6.9725E-08	4.8303E-08	-2.0731E-07	3.6361E-06
2.6893E-08	2.9504E-08	-2.1308E-07	3.5573E-06
1.9515E-08	2.9725E-08	-4.0791E-08	3.2468E-06
4.5497E-08	2.3904E-08	-4.4528E-07	3.2743E-06
4.2346E-08	2.3632E-08	4.2731E-08	3.1601E-06
3.2240E-08	4.1203E-08	-1.0480E-06	2.3215E-06
-1.0792E-08	2.0765E-09	-2.0211E-06	4.3605E-06
2.3182E-08	3.1580E-08	4.5401E-07	5.1814E-06
2.6967E-08	-1.1802E-10	6.7749E-07	3.1801E-06
2.3646E-08	4.1284E-08	8.7015E-08	3.7971E-06
-4.3467E-10	5.1228E-08	1.1125E-06	2.7934E-06
4.5412E-08	2.0553E-08	-5.3220E-07	2.2019E-06
3.1052E-08	6.6001E-08	-2.6370E-07	3.1625E-06
1.0357E-08	8.4741E-08	-5.0433E-07	2.3902E-06
4.7918E-08	4.4637E-08	-1.1057E-06	3.3028E-06
1.0325E-07	1.7739E-08	-3.1936E-07	3.4221E-06
4.3710E-08	8.0567E-08	-3.9407E-07	3.1056E-06
6.6136E-08	3.2242E-08	-4.3227E-07	2.9053E-06
5.7927E-08	5.3434E-08	-8.1871E-07	3.0731E-06
4.6306E-08	5.8007E-08	-3.0747E-07	2.8477E-06
5.9401E-08	1.3412E-08	-1.6836E-06	2.1983E-06
6.2809E-08	-2.3716E-08	-2.1436E-06	4.0333E-06
7.5638E-08	7.6215E-08	-1.1355E-06	4.3721E-06
8.3262E-08	7.2467E-09	-5.6171E-07	4.4886E-06
6.9827E-08	2.7266E-08	-1.3533E-07	3.6464E-06
7.1006E-08	1.9048E-08	-1.0033E-06	3.3105E-06
3.7974E-08	3.4666E-08	-1.7955E-06	4.3660E-06
6.1543E-08	4.0938E-08	-2.0047E-07	5.7174E-06
6.6272E-08	7.2562E-08	7.1385E-07	4.1636E-06
6.7923E-08	2.4624E-08	4.9841E-07	4.2267E-06
4.8085E-08	5.4118E-08	6.0419E-07	3.0682E-06
5.7352E-08	4.8312E-08	-1.1009E-07	3.6873E-06
4.4887E-08	5.6047E-08	3.2566E-07	2.6973E-06
6.1840E-08	5.4711E-08	-1.1980E-06	3.4235E-06
1.0073E-07	3.3934E-08	-3.5536E-07	3.8393E-06
1.0051E-07	2.5967E-08	-3.5071E-07	4.5325E-06
5.4035E-08	3.7748E-08	1.2526E-06	2.9969E-06
8.8699E-08	-1.2496E-08	-1.6780E-06	2.6923E-06
1.1104E-07	3.5720E-08	-3.0738E-07	4.7982E-06
7.8210E-08	1.8545E-08	-4.9279E-08	3.6976E-06
4.8124E-08	-2.1351E-08	2.2872E-07	4.0764E-06
1.0408E-07	-5.0645E-09	3.8583E-07	3.5046E-06
6.6535E-08	1.1318E-08	3.1858E-07	2.8149E-06
8.3557E-08	-1.4575E-08	-1.0370E-06	3.3880E-06
1.0722E-07	1.9906E-08	6.0203E-07	3.7312E-06
7.3846E-08	1.4505E-08	-9.1538E-07	2.6510E-06
7.3690E-08	1.3028E-08	-2.6326E-08	4.0569E-06
4.2761E-08	-1.3925E-08	-8.6262E-07	2.6621E-06
8.4498E-08	-3.0734E-08	-3.2514E-07	4.6726E-06
6.5733E-08	-1.7593E-08	1.2057E-07	2.4931E-06
3.3241E-08	4.1024E-08	-1.0848E-06	3.9019E-06
4.6469E-08	1.8851E-08	-2.1549E-07	2.9929E-06
8.3606E-08	3.1569E-08	-1.6371E-06	3.9844E-06
1.1094E-07	1.9647E-08	-2.4238E-07	4.3389E-06
9.6054E-08	-6.5749E-10	-4.1947E-07	4.2093E-06
6.0535E-08	-1.5822E-08	2.8494E-07	3.6718E-06
8.7453E-08	2.1191E-08	-9.6897E-07	3.3491E-06
8.9395E-08	-3.6733E-08	-1.1082E-06	4.6471E-06
5.0877E-08	2.7418E-08	4.2908E-07	5.6948E-06
8.9620E-08	5.8286E-08	2.3490E-06	3.1610E-06
4.9162E-08	3.8029E-08	-9.7779E-07	1.6940E-06
9.3929E-08	2.9593E-08	-1.1406E-06	4.4665E-06
1.0801E-07	3.0546E-08	-6.5632E-09	3.8595E-06
7.6883E-08	3.6394E-08	-4.9656E-07	4.2587E-06
8.2608E-08	5.3971E-08	7.1856E-07	4.5768E-06
1.0823E-07	4.6808E-08	1.3798E-06	2.9808E-06
6.0351E-08	3.3883E-08	-4.2438E-07	1.8550E-06
9.4165E-08	2.7844E-08	-1.6470E-06	3.4515E-06
8.7015E-08	2.3372E-08	-8.2486E-07	4.6725E-06
9.6390E-08	2.8664E-08	7.7692E-07	4.6955E-06
6.8637E-08	3.8625E-08	1.0793E-06	2.6744E-06
1.3162E-07	6.0446E-08	-5.1825E-07	2.5647E-06
7.6884E-08	1.0757E-08	-6.4001E-07	2.8819E-06
8.3789E-08	4.4766E-08	-1.2743E-06	3.4484E-06
1.0025E-07	4.5226E-08	-3.7126E-07	3.8379E-06
1.1258E-07	-8.0186E-09	-7.7422E-07	3.0740E-06
7.3097E-08	-5.5112E-09	-1.4014E-06	3.6675E-06
1.2799E-07	4.0723E-08	-1.1690E-06	4.6942E-06
1.1382E-07	6.5929E-09	3.5338E-07	4.3825E-06
1.4734E-07	2.2839E-08	-6.6694E-07	3.2127E-06
9.8437E-08	-4.3026E-09	-5.4587E-07	4.5339E-06
6.1628E-08	-2.4144E-08	-6.9301E-08	3.1729E-06
6.3061E-08	3.5613E-08	-1.7122E-06	4.0232E-06
6.8105E-08	-2.3090E-08	-2.9158E-07	5.0370E-06
6.0583E-08	-9.6042E-09	-1.2642E-07	4.2255E-06
8.9201E-08	-2.9024E-08	2.1004E-07	4.4889E-06
6.6273E-08	2.0073E-08	2.4967E-07	3.4342E-06
7.7826E-08	2.9811E-09	-5.6038E-07	3.9636E-06
2.5763E-08	1.7084E-08	1.9341E-07	3.8834E-06
8.9803E-08	-1.8065E-08	-4.4347E-07	3.6274E-06
6.5463E-08	3.8486E-08	4.6227E-08	3.8136E-06
4.9173E-08	7.8333E-09	-7.3280E-07	3.0751E-06
1.2105E-07	2.7861E-08	-1.2509E-06	4.2010E-06
7.5516E-08	2.9247E-08	-7.4855E-07	4.6992E-06
1.2336E-07	7.2767E-08	7.5107E-08	5.0129E-06
6.7999E-08	1.8344E-08	6.5527E-07	4.1766E-06
2.9908E-08	1.0821E-08	4.4788E-07	3.7337E-06
5.5868E-08	1.5458E-08	1.0222E-07	3.3256E-06
4.5961E-08	-1.5637E-08	-2.5958E-07	3.5854E-06
9.2581E-08	3.9237E-08	-2.4329E-07	3.6436E-06
6.7041E-08	4.1636E-09	8.1678E-08	3.7521E-06
9.0890E-08	2.3690E-08	-1.3216E-07	2.6441E-06
7.6367E-08	-1.7435E-08	-1.7007E-06	3.3077E-06
1.4387E-07	3.0761E-08	-1.0747E-06	4.6684E-06
9.5780E-08	-1.6435E-08	-5.0911E-08	4.5120E-06
1.0964E-07	-2.5338E-08	-1.8563E-08	3.5486E-06
1.3373E-07	-1.0437E-08	-7.8887E-07	3.8938E-06
8.6878E-08	3.1391E-08	-1.6096E-07	3.8964E-06
7.9858E-08	-2.0368E-08	-1.0068E-06	3.7850E-06
5.3615E-08	4.6344E-09	-1.4745E-07	4.5898E-06
1.2014E-07	4.1763E-08	-3.9093E-07	3.4245E-06
1.0119E-07	2.9937E-08	-6.7939E-07	4.6691E-06
1.0967E-07	5.0478E-08	4.5261E-07	3.7326E-06
1.3067E-07	3.2504E-08	-7.0575E-07	3.7412E-06
1.1761E-07	-4.2018E-09	3.8534E-07	3.7296E-06
9.8942E-08	1.0917E-10	-1.1680E-06	2.5812E-06
1.3625E-07	2.4309E-09	-1.3505E-06	4.6835E-06
1.0402E-07	-2.1218E-08	-1.3760E-08	3.7298E-06
1.1739E-07	2.9178E-08	-1.4430E-06	3.5406E-06
9.2594E-08	5.0557E-08	-1.1297E-06	4.7701E-06
7.2301E-08	1.1412E-09	-1.3753E-07	4.5449E-06
9.1089E-08	4.1436E-08	-5.5713E-07	3.5679E-06
1.2776E-07	-4.0133E-09	-1.1570E-06	4.7286E-06
1.1599E-07	1.4852E-08	3.2832E-07	4.2051E-06
8.4883E-08	1.5720E-08	-1.1476E-06	3.6797E-06
1.1476E-07	-1.4525E-08	-1.9878E-07	4.6479E-06
1.0265E-07	-7.2828E-09	-8.5090E-07	3.3782E-06
7.8754E-08	2.0597E-08	-1.0328E-06	4.9032E-06
1.2553E-07	1.1600E-08	-2.2649E-07	4.1775E-06
7.7113E-08	-4.3148E-08	-5.6696E-07	4.3633E-06
4.6331E-08	6.6427E-09	-4.4902E-07	3.9209E-06
1.1862E-07	1.1944E-08	-8.7191E-07	4.2916E-06
8.8716E-08	-2.5365E-08	-7.6961E-07	4.4106E-06
6.6677E-08	-3.5770E-08	-1.9107E-07	4.7980E-06
1.0812E-07	1.1129E-08	-3.3126E-07	3.7076E-06
1.3915E-07	2.9930E-09	-4.5770E-07	4.8079E-06
4.3661E-08	-1.5617E-09	3.0629E-07	3.0441E-06
1.2667E-07	-2.6626E-08	-1.9690E-06	3.7334E-06
6.2040E-08	-8.0445E-09	-8.5139E-07	4.6038E-06
1.0103E-07	2.4558E-09	-1.1190E-06	4.7551E-06
1.3532E-07	1.6109E-08	-2.3067E-08	4.3891E-06
6.9211E-08	2.1521E-08	-1.3853E-06	4.1836E-06
9.9729E-08	3.0418E-08	-2.6454E-07	5.0942E-06
1.1045E-07	-1.4227E-08	-5.4562E-07	4.2214E-06
1.2220E-07	-3.6490E-08	-7.6438E-08	4.5848E-06
8.8483E-08	-1.1714E-08	-7.6909E-07	3.6483E-06
1.1089E-07	4.7248E-08	-8.7860E-07	5.0970E-06
6.9246E-08	3.8364E-08	5.4108E-07	4.3851E-06
1.0454E-07	-2.5693E-08	-2.3544E-07	3.1667E-06
1.0249E-07	4.0827E-08	-1.1183E-06	3.7256E-06
1.0187E-07	1.2825E-08	-7.0657E-07	3.7310E-06
8.9081E-08	4.3302E-08	-1.4798E-06	3.5990E-06
6.7512E-08	3.5317E-08	-1.3597E-06	3.9212E-06
1.4905E-07	-3.9088E-09	-2.2632E-06	4.0774E-06
1.2977E-07	4.0294E-08	-1.5562E-06	5.2388E-06
1.0971E-07	-1.4101E-08	-1.4869E-06	4.5968E-06
1.1262E-07	-1.5350E-08	-1.3573E-06	5.3292E-06
1.1724E-07	-1.9366E-08	-1.2476E-06	4.7014E-06
1.4031E-07	8.4713E-09	-1.5038E-06	5.5894E-06
1.1369E-07	-1.7634E-08	-7.9961E-07	5.1757E-06
1.1061E-07	7.2334E-09	-1.4615E-06	5.7269E-06
1.0174E-07	-6.3722E-09	1.2021E-07	6.2962E-06
1.1664E-07	4.4141E-09	5.7928E-07	4.5397E-06
8.3560E-08	-1.2843E-08	-9.1628E-07	4.4230E-06
9.7963E-08	-8.6228E-09	-1.7279E-07	5.6772E-06
6.7222E-08	-2.6025E-08	8.6461E-07	4.0500E-06
7.5170E-08	5.7682E-09	-7.5109E-07	3.2173E-06
1.3877E-07	-2.1497E-08	-1.5786E-06	3.8047E-06
8.1524E-08	-4.9370E-08	-2.0436E-06	4.8328E-06
5.0772E-08	-2.2277E-08	-9.8563E-07	5.4490E-06
1.0351E-07	-2.9986E-08	-8.2252E-07	4.8345E-06
6.9327E-08	-2.0276E-08	-8.1077E-07	4.7254E-06
1.1836E-07	-4.3100E-08	-1.4184E-06	4.5144E-06
1.1054E-07	2.5451E-08	-1.3858E-06	5.1994E-06
5.3026E-08	8.4297E-09	-1.5182E-06	5.2825E-06
8.6942E-08	2.9675E-09	-5.0965E-07	6.0450E-06
7.0011E-08	-1.7450E-08	-4.2934E-07	4.2493E-06
7.7815E-08	2.1780E-08	-1.5587E-06	5.3293E-06
1.0188E-07	2.5955E-08	-7.4873E-07	4.7324E-06
1.4114E-07	-6.8284E-09	-2.1133E-06	5.7688E-06
6.2388E-08	6.0117E-08	2.4455E-07	5.9226E-06
6.6402E-08	-4.3593E-08	-1.3068E-06	4.3334E-06
1.2181E-07	2.5549E-08	-1.0033E-06	6.0024E-06
7.5257E-08	2.8640E-08	-8.7241E-07	4.7071E-06
7.9515E-08	2.6585E-09	-1.5922E-06	6.0238E-06
1.1421E-07	1.1387E-08	-2.4552E-07	5.4986E-06
8.1191E-08	-4.4668E-09	-1.5297E-06	5.2905E-06
5.6826E-08	1.9134E-08	-6.0487E-07	6.2201E-06
7.4826E-08	1.4348E-08	-9.3287E-07	5.2111E-06
7.9268E-08	-9.3699E-09	-8.7142E-07	6.4752E-06
6.3385E-08	-3.7915E-08	-1.9878E-07	5.3402E-06
1.3109E-07	-2.4025E-09	-1.0620E-06	6.1662E-06
1.3713E-07	2.0244E-08	8.2063E-08	5.7472E-06
1.2594E-07	2.2978E-08	-7.1519E-07	6.0947E-06
1.0212E-07	-7.4905E-09	9.1664E-07	5.5857E-06
9.5597E-08	3.0232E-09	-8.1411E-07	4.6130E-06
9.8174E-08	8.8376E-09	-4.1652E-07	5.6912E-06
9.5764E-08	-3.1464E-08	-8.7829E-07	5.4109E-06
1.1942E-07	2.0584E-08	3.3923E-08	6.0284E-06
1.0538E-07	-9.6185E-09	-6.2521E-07	5.1798E-06
1.1830E-07	1.7506E-08	2.6857E-07	6.4661E-06
1.2308E-07	-3.5924E-09	7.2286E-07	4.3798E-06
1.0033E-07	-2.1897E-08	-5.3179E-07	4.6168E-06
7.4774E-08	-5.5662E-08	-1.0589E-06	4.3512E-06
5.8623E-08	-3.4366E-08	-1.6039E-06	6.1659E-06
1.0774E-07	-2.6310E-08	4.4343E-07	5.9115E-06
3.4971E-08	-1.8820E-08	-1.3378E-07	4.7286E-06
5.5882E-08	-1.7095E-08	-4.2683E-07	4.5974E-06
1.0029E-07	-5.9409E-08	-1.3806E-06	4.5023E-06
7.3163E-08	-2.9364E-08	-1.6084E-06	5.5403E-06
1.1957E-07	2.3215E-08	-1.0121E-06	5.7881E-06
7.1241E-08	-2.4569E-09	-9.9119E-07	5.4633E-06
1.1797E-07	8.4663E-09	-1.4771E-06	5.7693E-06
1.2011E-07	-6.0757E-09	-1.2093E-06	6.6311E-06
1.0081E-07	-1.7842E-08	5.6766E-08	6.8618E-06
1.0009E-07	6.7805E-09	6.0314E-07	5.2633E-06
1.1941E-07	-5.2087E-08	-8.0860E-07	5.2682E-06
1.1278E-07	-6.3610E-08	2.4034E-07	5.4051E-06
1.2163E-07	-2.0325E-08	-1.5077E-06	4.1703E-06
1.0400E-07	-7.6510E-09	-1.4239E-06	6.6424E-06
1.1161E-07	-1.9123E-08	-4.6535E-07	4.9861E-06
1.2611E-07	-4.4108E-08	-2.2022E-06	6.3115E-06
9.5879E-08	-5.2343E-08	-3.3492E-07	6.7752E-06
7.2667E-08	-1.0705E-09	-7.3422E-07	6.4170E-06
5.6741E-08	-2.7334E-08	3.7984E-07	6.5218E-06
1.1322E-07	3.0481E-09	1.2390E-07	5.3140E-06
1.2658E-07	3.3291E-08	-6.5147E-07	5.2313E-06
9.8622E-08	-2.4581E-08	-1.0306E-06	5.9298E-06
9.7128E-08	-5.3485E-09	-6.1262E-07	6.0782E-06
6.5806E-08	-2.7008E-08	-3.8785E-07	6.4069E-06
9.7158E-08	3.2966E-09	2.7336E-08	5.5205E-06
8.6291E-08	-7.2356E-09	-7.9375E-07	6.0310E-06
3.0245E-08	-2.2751E-08	-6.0575E-08	5.5570E-06
8.9709E-08	-3.9535E-08	-1.2213E-06	6.3301E-06
1.1029E-07	2.3617E-08	8.9956E-07	6.2654E-06
7.9093E-08	3.0310E-08	-4.5620E-07	4.9608E-06
1.0921E-07	-1.1158E-08	-6.3425E-08	5.4104E-06
1.1502E-07	1.7581E-10	-1.5678E-06	4.9648E-06
1.1006E-07	-2.7675E-08	-8.1828E-07	6.7092E-06
1.2522E-07	-1.6746E-08	-4.1785E-07	5.9352E-06
7.6329E-08	4.8208E-09	1.0421E-07	5.9471E-06
9.5498E-08	-5.1285E-10	-8.8087E-07	5.0842E-06
1.0211E-07	-3.1405E-10	-4.5664E-07	6.3545E-06
1.0060E-07	-1.5558E-08	-4.4312E-07	5.0355E-06
1.2146E-07	-3.1101E-08	-9.3636E-07	6.1136E-06
1.0286E-07	1.7397E-09	-3.9997E-08	5.2070E-06
8.4086E-08	-5.9617E-09	-1.5666E-06	4.7839E-06
1.1226E-07	-1.3603E-08	-1.9400E-06	6.2817E-06
6.7167E-08	-1.3026E-08	-7.8329E-07	6.2784E-06
6.4027E-08	-3.1260E-08	-1.6779E-06	6.0470E-06
1.1402E-07	-4.9913E-09	-7.6421E-07	7.1578E-06
6.3604E-08	-3.6087E-08	-5.0123E-07	6.0108E-06
7.8819E-08	7.6682E-09	-9.2981E-07	6.4087E-06
8.4704E-08	-3.2573E-08	-7.0251E-07	6.4697E-06
5.4594E-08	-4.5965E-08	-2.1321E-07	6.2405E-06
8.5387E-08	-3.3572E-09	-1.1795E-06	5.6385E-06
1.3226E-07	-7.1896E-10	-9.8057E-07	7.0563E-06
1.0524E-07	-5.2497E-08	-1.0245E-07	6.0652E-06
1.3410E-07	7.3402E-09	-1.1100E-06	5.8794E-06
1.0359E-07	-6.0647E-08	-1.2869E-06	6.5445E-06
1.0632E-07	-1.6934E-08	-8.9321E-07	7.0992E-06
7.7533E-08	-3.1317E-08	5.8498E-08	7.0423E-06
1.0699E-07	-1.8161E-08	1.3846E-07	5.6197E-06
1.0568E-07	-1.6042E-08	-1.2911E-06	6.0931E-06
9.6323E-08	-2.4001E-08	-2.7040E-07	6.3432E-06
9.7674E-08	-1.4218E-08	-1.4757E-06	5.9891E-06
6.6644E-08	-3.6168E-08	-5.3904E-07	7.1069E-06
1.2042E-07	-1.5508E-08	-8.1519E-07	6.1051E-06
7.8769E-08	1.8217E-08	-6.8598E-07	6.9389E-06
8.0854E-08	-2.1586E-08	-5.7529E-07	6.4923E-06
1.0736E-07	-2.8470E-08	-8.4684E-08	6.4264E-06
7.1137E-08	1.7014E-09	-1.4204E-06	5.7264E-06
6.2210E-08	-4.7502E-08	-8.4273E-07	7.5295E-06
1.1129E-07	2.4699E-08	-5.6956E-07	6.2416E-06
8.9352E-08	-2.4716E-08	-6.6087E-07	7.5601E-06
1.3809E-07	2.9134E-08	4.9144E-07	6.2881E-06
1.1147E-07	2.0003E-08	-5.0091E-07	5.9880E-06
1.1495E-07	-1.6697E-09	-7.6980E-07	6.0322E-06
7.4841E-08	-2.9527E-08	-8.2585E-07	6.3679E-06
7.0224E-08	2.0708E-08	-1.2166E-06	6.3694E-06
9.3363E-08	-2.9918E-08	-3.6736E-07	7.0102E-06
9.9558E-08	-3.9148E-08	-1.0592E-06	5.4917E-06
7.1431E-08	-4.0302E-09	-1.7997E-06	7.4352E-06
6.6904E-08	-3.1851E-09	-6.2815E-07	7.2037E-06
6.6691E-08	-3.1938E-08	-2.3866E-07	7.6200E-06
8.7169E-08	-2.9020E-08	1.2005E-07	6.0347E-06
1.1220E-07	-1.1764E-08	-8.6545E-07	7.0548E-06
1.1038E-07	-1.6398E-08	4.1513E-07	5.8078E-06
9.1985E-08	-2.8744E-08	-2.2183E-06	6.0863E-06
9.0973E-08	-1.0659E-08	-2.1188E-07	8.0364E-06
4.1787E-08	-2.2701E-08	6.9982E-08	5.4604E-06
1.2412E-07	-3.2432E-09	-2.0288E-06	6.5227E-06
9.2902E-08	-2.3469E-08	-3.6350E-07	7.6208E-06
1.3319E-07	-1.4315E-08	-1.5681E-07	6.1726E-06
9.8156E-08	-6.6525E-08	-9.1229E-07	5.9301E-06
7.0120E-08	-5.0057E-08	-1.9626E-06	6.4255E-06
4.5813E-08	-2.3212E-08	-1.1700E-06	7.6591E-06
6.1599E-08	-8.3788E-09	-7.5725E-07	7.2065E-06
1.0143E-07	-2.0758E-08	6.8354E-08	7.0019E-06
6.9796E-08	-4.9991E-08	-1.2302E-06	5.7541E-06
6.4976E-08	-4.2957E-08	-1.0685E-06	7.3522E-06
1.0323E-07	6.2074E-09	-1.4245E-06	6.0972E-06
6.1796E-08	-1.2748E-08	-1.4199E-06	8.2971E-06
8.9181E-08	1.4860E-08	-2.8477E-07	6.5879E-06
9.3783E-08	-6.0503E-08	-1.0530E-06	7.8254E-06
9.5892E-08	-3.2473E-08	1.9561E-07	6.0898E-06
7.4555E-08	-4.9035E-08	-1.7250E-06	6.8743E-06
7.8330E-08	-1.0779E-08	-6.5734E-07	6.2898E-06
5.3173E-08	-1.3041E-08	-2.5884E-06	7.6055E-06
9.9679E-08	-5.1489E-08	2.7936E-07	7.8115E-06
8.1230E-08	-8.7055E-09	-1.4722E-06	6.5130E-06
7.6938E-08	-5.7272E-08	-2.8532E-07	7.6465E-06
6.9611E-08	-3.9386E-08	-1.0353E-06	5.8951E-06
9.6982E-08	-4.2243E-08	-1.9204E-06	7.1478E-06
7.3471E-08	-8.0889E-09	-1.4063E-06	7.6951E-06
9.9399E-08	-2.9289E-08	-6.0862E-07	7.3061E-06
8.9461E-08	7.1162E-09	-1.7435E-06	6.8859E-06
5.8582E-08	-6.5896E-08	-1.0771E-06	8.3914E-06
9.7175E-08	-4.5474E-09	-4.7989E-08	6.8920E-06
9.3968E-08	-1.5261E-08	-1.6603E-06	6.6049E-06
1.1885E-07	-3.1007E-08	-1.3241E-06	7.7558E-06
9.3383E-08	-2.2645E-08	-1.0773E-06	7.0377E-06
1.1574E-07	-3.7183E-08	-1.5445E-06	7.7577E-06
6.8393E-08	-1.9171E-08	-5.7355E-07	7.2981E-06
7.7586E-08	-9.0386E-09	-1.7587E-06	7.0365E-06
9.3122E-08	-3.1005E-08	-1.1421E-06	7.9924E-06
6.8118E-08	-7.2078E-08	-8.8663E-07	7.1976E-06
8.5338E-08	-2.3577E-08	-1.1302E-06	7.1129E-06
4.4798E-08	-3.9094E-08	-1.7473E-06	6.6123E-06
6.2601E-08	-2.0127E-08	-2.6432E-06	7.7984E-06
9.4263E-08	-1.1200E-08	-1.4847E-06	8.4372E-06
8.1396E-08	-2.6290E-08	-1.4285E-06	8.0095E-06
1.0453E-07	-2.5966E-08	-9.4741E-07	7.9023E-06
8.0719E-08	-1.3776E-08	-2.0872E-06	7.2481E-06
9.4454E-08	3.0040E-09	-1.8851E-06	9.2121E-06
9.2891E-08	9.1720E-11	-6.0611E-07	8.1871E-06
8.7338E-08	-1.2872E-08	-1.1762E-06	8.4803E-06
9.2244E-08	-6.5374E-08	-2.3198E-07	7.7477E-06
7.9101E-08	-1.0387E-08	-1.4742E-06	7.5140E-06
8.3691E-08	-3.4176E-08	-9.0445E-07	7.9503E-06
9.0998E-08	-2.1964E-08	-1.4430E-06	7.3318E-06
8.9362E-08	-2.7931E-08	-1.8407E-06	8.1070E-06
9.2668E-08	-7.6861E-09	-1.2034E-06	8.5059E-06
6.4845E-08	-3.9619E-08	-8.2645E-07	7.9223E-06
4.8204E-08	-4.1963E-08	-1.2279E-06	7.7567E-06
7.2125E-08	-1.7584E-08	-1.1699E-06	7.7917E-06
4.9211E-08	-1.7545E-08	-1.3226E-06	7.3862E-06
8.5864E-08	-3.4512E-08	-2.2317E-06	7.6744E-06
8.1462E-08	-2.2012E-08	-1.4562E-06	8.3660E-06
3.9410E-08	-4.7533E-08	-2.3892E-06	7.3878E-06
5.3126E-08	-1.6098E-08	-2.1972E-06	1.0088E-05
8.7296E-08	-5.8919E-09	4.1399E-07	8.0243E-06
8.4379E-08	-2.4265E-08	-2.1531E-06	7.0816E-06
5.1411E-08	-4.1327E-08	-2.1404E-06	8.4868E-06
7.3505E-08	-2.2882E-08	-1.4277E-06	9.0128E-06
8.1435E-08	-2.3239E-08	-6.0844E-07	7.4169E-06
2.6618E-08	-2.9294E-08	-2.8851E-06	7.6359E-06
1.0665E-07	-1.2488E-08	-1.7330E-06	8.7708E-06
4.5891E-08	-5.0123E-08	-2.2676E-06	8.2520E-06
4.4893E-08	-6.2704E-08	-1.4758E-06	8.9672E-06
4.7067E-08	-1.2248E-09	-1.6319E-06	7.8151E-06
3.8057E-08	-4.0353E-08	-2.2298E-06	8.1811E-06
2.6278E-08	-2.8176E-08	-2.3442E-06	8.2666E-06
7.3447E-08	1.5367E-08	-2.6805E-06	8.4004E-06
8.3743E-08	-2.8595E-09	-2.8590E-06	9.4327E-06
7.8452E-08	1.1163E-08	-1.3879E-06	9.1878E-06
8.6867E-08	-3.3333E-08	-2.5982E-06	8.2483E-06
2.5852E-08	-8.5957E-09	-2.4712E-06	9.7700E-06
8.2285E-08	-3.0817E-08	-1.3981E-06	8.9660E-06
7.6937E-08	-2.5655E-08	-2.4547E-06	8.1697E-06
7.8385E-08	9.4335E-09	-3.2852E-06	9.5510E-06
3.6875E-08	-7.3503E-08	-1.5428E-06	1.0057E-05
5.6797E-08	-2.3855E-08	-1.6696E-06	8.1819E-06
9.1899E-08	-4.5595E-08	-3.6311E-06	8.5798E-06
9.1479E-08	-4.0658E-08	-3.2457E-06	1.0655E-05
9.5704E-08	-4.6785E-08	-1.5231E-06	1.0021E-05
8.3832E-08	-4.4833E-08	-2.4353E-06	9.1485E-06
6.8650E-08	-2.1907E-08	-2.9232E-06	9.9557E-06
6.3292E-08	-3.4242E-08	-1.9332E-06	1.0899E-05
7.2692E-08	-2.8834E-08	-9.5885E-07	8.7934E-06
6.9599E-08	-7.3455E-09	-3.9427E-06	9.1974E-06
5.9680E-08	-1.2262E-08	-2.0123E-06	1.1258E-05
8.2271E-08	-4.8006E-08	-1.8339E-06	9.4601E-06
7.5098E-08	-2.4257E-08	-2.3800E-06	9.8386E-06
6.2579E-08	-9.9730E-09	-2.8863E-06	1.0052E-05
5.3909E-08	-1.5461E-08	-1.8922E-06	1.0754E-05
5.7649E-08	1.8527E-08	-2.3262E-06	9.7166E-06
1.9720E-08	-1.9119E-08	-2.0631E-06	1.0692E-05
8.2496E-08	-5.0916E-08	-2.2245E-06	9.5846E-06
9.0700E-08	-4.7658E-08	-2.4504E-06	1.0937E-05
6.8624E-08	-3.4641E-08	-1.3439E-06	9.8620E-06
9.3797E-08	-2.0485E-08	-2.4785E-06	9.4664E-06
8.2256E-08	-1.0147E-08	-2.9965E-06	9.9856E-06
7.5661E-08	-7.1900E-09	-2.2987E-06	1.0651E-05
7.9591E-08	-5.7363E-08	-2.6467E-06	9.3371E-06
2.4406E-08	-3.7374E-08	-3.4741E-06	1.0832E-05
3.0302E-08	-6.6163E-09	-2.5082E-06	1.0202E-05
6.4486E-08	-4.2813E-08	-3.6686E-06	1.0941E-05
2.0195E-08	-2.6617E-08	-2.3106E-06	1.0984E-05
1.4567E-08	-5.8602E-08	-3.3906E-06	1.0844E-05
1.8847E-08	-3.7603E-08	-2.0029E-06	1.1504E-05
4.6048E-08	-3.6509E-08	-2.6459E-06	9.6169E-06
6.1262E-08	2.4182E-08	-4.3692E-06	1.0932E-05
3.9752E-08	-5.0662E-09	-3.0845E-06	1.2652E-05
6.2486E-08	-3.3510E-08	-1.2901E-06	1.1124E-05
8.3654E-08	-1.8073E-08	-3.4094E-06	9.7011E-06
6.2649E-08	-2.5608E-11	-4.0030E-06	1.1844E-05
6.8880E-08	-4.1385E-08	-2.6746E-06	1.1622E-05
3.2115E-08	-4.2167E-08	-3.2723E-06	1.1160E-05
7.4128E-08	-1.5551E-08	-3.3623E-06	1.1534E-05
3.5263E-10	9.0329E-09	-3.6598E-06	1.1499E-05
6.8193E-08	-5.4176E-08	-3.7059E-06	1.2475E-05
9.0778E-08	-3.5557E-09	-2.5075E-06	1.2085E-05
5.0902E-08	3.0288E-09	-3.6261E-06	1.1246E-05
6.1917E-08	-5.8240E-08	-3.7680E-06	1.2481E-05
5.7005E-08	-4.6982E-08	-3.3969E-06	1.2014E-05
6.3340E-08	-6.4830E-09	-3.9972E-06	1.2581E-05
3.5242E-08	4.2171E-09	-3.4019E-06	1.2817E-05
8.8477E-08	2.4506E-08	-3.5275E-06	1.2881E-05
7.6766E-08	-2.3428E-10	-2.9689E-06	1.2832E-05
5.0968E-08	-3.5857E-08	-3.6236E-06	1.2189E-05
8.6634E-08	-5.4235E-08	-4.2414E-06	1.3317E-05
1.9855E-08	-2.7817E-08	-3.0116E-06	1.3831E-05
5.0571E-08	-9.3172E-09	-2.8308E-06	1.2729E-05
2.0542E-08	9.4940E-10	-3.5098E-06	1.2840E-05
4.7014E-08	-3.0991E-08	-3.5556E-06	1.2655E-05
3.3590E-08	4.2962E-09	-4.6319E-06	1.3071E-05
1.1126E-07	4.1066E-09	-4.2411E-06	1.4456E-05
5.6591E-08	3.6669E-09	-2.9724E-06	1.4411E-05
2.5272E-08	-8.8704E-09	-3.1371E-06	1.3199E-05
4.1121E-08	-2.8474E-08	-3.8915E-06	1.4153E-05
4.2076E-08	-5.3828E-08	-2.5084E-06	1.3328E-05
9.6772E-08	1.7954E-08	-4.9279E-06	1.2854E-05
4.4462E-08	-4.6946E-08	-3.8867E-06	1.4540E-05
6.4706E-08	1.2316E-08	-5.3097E-06	1.3297E-05
7.8392E-08	-5.1890E-09	-4.8742E-06	1.6979E-05
6.4756E-08	-5.2449E-08	-2.2457E-06	1.4963E-05
5.3665E-08	1.5229E-08	-3.5738E-06	1.5031E-05
3.8674E-08	-3.9068E-08	-2.4501E-06	1.4129E-05
5.3743E-08	2.1533E-08	-4.2649E-06	1.3992E-05
5.2384E-08	2.7852E-08	-3.5983E-06	1.4399E-05
3.2724E-08	-8.1218E-10	-4.6708E-06	1.4162E-05
6.9461E-08	-2.7998E-09	-4.3468E-06	1.4724E-05
5.1845E-08	4.9861E-09	-5.1815E-06	1.4393E-05
6.5084E-08	-2.0651E-08	-5.7285E-06	1.5363E-05
6.4724E-08	-9.8910E-10	-5.5882E-06	1.6612E-05
5.2894E-08	-1.5648E-08	-4.1506E-06	1.6502E-05
6.0290E-08	-9.2773E-09	-4.9335E-06	1.5777E-05
4.0884E-08	-2.9401E-08	-5.1097E-06	1.6412E-05
7.7480E-08	3.2100E-08	-5.1939E-06	1.6786E-05
8.4187E-08	-2.3084E-08	-4.9380E-06	1.6427E-05
6.9232E-08	2.9810E-09	-6.5741E-06	1.7401E-05
5.1568E-09	-3.3633E-08	-4.5270E-06	1.8707E-05
4.2652E-08	-4.0186E-08	-5.4756E-06	1.7532E-05
7.1533E-08	-2.1322E-08	-4.1894E-06	1.9669E-05
1.0019E-07	1.4206E-08	-3.8408E-06	1.6615E-05
7.1429E-08	-7.6267E-08	-6.4521E-06	1.9001E-05
2.6810E-08	-1.6560E-08	-3.2024E-06	1.9705E-05
1.8700E-08	2.1179E-08	-4.0758E-06	1.7424E-05
3.9943E-08	3.0682E-08	-5.1734E-06	1.8617E-05
2.8010E-08	-6.0603E-08	-4.5321E-06	1.8793E-05
6.3770E-08	-2.1110E-08	-5.1475E-06	1.8835E-05
6.7533E-08	-3.9714E-08	-4.5589E-06	1.9459E-05
8.7909E-08	1.3856E-09	-4.9352E-06	1.8411E-05
5.8489E-08	-3.8365E-08	-6.2159E-06	1.9483E-05
6.5627E-08	-2.9912E-08	-5.6751E-06	2.0600E-05
4.6182E-08	-6.3442E-08	-4.8706E-06	2.0708E-05
4.8912E-08	-5.5701E-08	-5.1839E-06	2.0021E-05
1.5829E-08	-1.5162E-08	-5.6807E-06	2.1060E-05
3.6208E-08	-2.3953E-08	-4.7556E-06	2.0830E-05
5.6941E-08	1.7302E-11	-5.8048E-06	2.0366E-05
3.6837E-08	5.9490E-09	-6.2292E-06	2.1370E-05
8.5248E-08	-2.8741E-08	-5.9660E-06	2.1510E-05
5.6214E-08	-7.1088E-08	-6.9172E-06	2.1469E-05
8.6499E-08	-8.0366E-09	-7.3579E-06	2.3144E-05
4.1667E-08	1.4903E-08	-6.4155E-06	2.3168E-05
3.2991E-08	-3.1879E-08	-8.0447E-06	2.3472E-05
9.4487E-08	-1.8294E-08	-7.2071E-06	2.6163E-05
4.4459E-08	-4.0361E-08	-5.4703E-06	2.5025E-05
8.7600E-08	-3.6668E-08	-7.2272E-06	2.5093E-05
5.2551E-08	-3.4716E-08	-6.1933E-06	2.6707E-05
5.8847E-08	-3.3348E-08	-6.1537E-06	2.5243E-05
6.3114E-08	2.4084E-09	-8.2415E-06	2.6614E-05
6.3287E-08	-3.2792E-09	-7.0493E-06	2.8458E-05
2.8748E-08	-1.8162E-08	-7.1843E-06	2.7972E-05
4.4294E-08	-3.9157E-08	-7.7151E-06	2.9875E-05
3.9612E-08	-3.0860E-08	-6.4538E-06	3.0368E-05
3.7589E-08	-2.3045E-08	-6.7064E-06	3.0663E-05
4.2315E-08	2.6643E-08	-6.9548E-06	3.0858E-05
7.1125E-08	-1.4029E-08	-8.0978E-06	3.3090E-05
5.2192E-08	-1.2856E-09	-5.7846E-06	3.4233E-05
5.5981E-08	-2.8239E-08	-7.1821E-06	3.4019E-05
6.2941E-08	-3.4944E-08	-6.2249E-06	3.7049E-05
3.0477E-08	-1.0911E-08	-5.0984E-06	3.6790E-05
2.1094E-08	-4.4772E-08	-5.1815E-06	3.7701E-05
4.3944E-08	-7.5137E-09	-5.9863E-06	3.8780E-05
9.3693E-08	-9.2125E-09	-5.0987E-06	4.2079E-05
2.5422E-08	-3.4080E-08	-3.5028E-06	4.2796E-05
1.0384E-07	1.4588E-08	-2.7579E-06	4.4665E-05
8.2755E-09	-5.1255E-08	-1.9549E-06	4.5592E-05
-4.2675E-09	-5.2799E-09	-1.8145E-06	4.9034E-05
5.7009E-08	-3.4238E-08	1.4172E-06	5.2704E-05
7.0226E-08	-2.4396E-10	5.7206E-06	5.4730E-05
3.6853E-08	-3.6169E-08	9.5038E-06	5.6126E-05
7.3330E-08	4.3996E-09	1.5809E-05	5.7656E-05
5.7317E-08	1.7932E-08	2.1565E-05	5.4865E-05
-4.8223E-09	-6.8947E-08	2.6102E-05	5.3054E-05
1.8080E-08	-5.8564E-09	3.0820E-05	4.8277E-05
3.6299E-08	-3.2225E-08	3.3262E-05	4.4117E-05
3.9509E-08	-2.1131E-08	3.5827E-05	3.8123E-05
6.1523E-08	5.1314E-09	3.5554E-05	3.2072E-05
3.3339E-08	-1.5624E-08	3.3083E-05	2.5707E-05
3.8198E-08	-1.8152E-08	2.8591E-05	2.3405E-05
6.6131E-08	-1.5905E-08	2.6179E-05	2.0693E-05
1.8771E-08	-2.0688E-08	2.0952E-05	2.0099E-05
2.3755E-08	-1.4081E-08	1.9294E-05	2.0963E-05
2.4255E-08	-2.0018E-08	1.6058E-05	2.0303E-05
2.6954E-08	-2.8567E-08	1.2833E-05	2.2417E-05
6.5587E-08	-2.2994E-08	1.1880E-05	2.5206E-05
4.8269E-08	1.0134E-08	1.1786E-05	2.6125E-05
1.2584E-08	-2.9062E-08	1.0089E-05	2.7919E-05
6.0617E-08	-1.1848E-08	1.0326E-05	3.0665E-05
2.9639E-08	-1.4246E-08	1.1193E-05	3.2794E-05
5.2154E-08	-1.3354E-08	1.2885E-05	3.3988E-05
4.0487E-08	-1.4363E-09	1.3784E-05	3.4899E-05
1.2395E-08	9.2484E-09	1.5609E-05	3.5860E-05
4.0372E-08	-2.3631E-08	1.7679E-05	3.5735E-05
2.7945E-08	-1.5541E-08	1.8712E-05	3.3938E-05
1.6707E-08	-2.8130E-08	1.7503E-05	3.3866E-05
1.0254E-08	-4.4513E-08	1.8225E-05	3.4643E-05
2.4169E-08	7.8907E-09	1.8204E-05	3.4628E-05
2.7902E-08	-1.5796E-08	1.8323E-05	3.5351E-05
3.1593E-08	-2.3802E-10	1.8089E-05	3.6481E-05
4.7580E-08	-1.7265E-08	1.8953E-05	3.9120E-05
5.0911E-08	-1.9274E-08	2.2540E-05	4.1257E-05
6.0195E-08	-2.2673E-08	2.6576E-05	3.9891E-05
6.1068E-08	-1.1449E-08	2.8012E-05	3.8093E-05
6.7858E-08	-2.2410E-08	2.9521E-05	3.6854E-05
2.9324E-08	-7.1389E-08	3.0697E-05	3.5178E-05
6.0320E-08	-1.4514E-08	3.0661E-05	3.3531E-05
3.7934E-08	-7.5278E-09	3.1885E-05	3.3896E-05
8.2175E-08	-2.4987E-08	3.3952E-05	2.9930E-05
2.7191E-08	-5.5504E-08	3.0940E-05	2.8116E-05
6.4328E-08	-3.2826E-08	3.1059E-05	2.7339E-05
2.4765E-08	1.5838E-08	2.7531E-05	2.6755E-05
4.5434E-08	-1.3735E-08	2.8196E-05	2.9558E-05
1.3684E-08	-1.6762E-08	2.7925E-05	2.8561E-05
3.1868E-08	-1.5430E-08	2.7942E-05	3.0907E-05
5.6714E-08	-1.0724E-08	2.9001E-05	3.0595E-05
8.5124E-08	-1.2740E-08	2.9316E-05	3.2895E-05
4.4672E-08	-3.3640E-08	3.2999E-05	3.2911E-05
5.3250E-08	2.2740E-08	3.4271E-05	3.1781E-05
2.3563E-08	-3.5195E-08	3.6454E-05	3.0453E-05
1.6363E-08	-2.6181E-09	3.6572E-05	2.8614E-05
1.2693E-08	-1.1691E-08	3.8210E-05	2.7523E-05
9.9911E-09	-3.2537E-08	3.7303E-05	2.4127E-05
3.8170E-08	-1.8624E-08	3.6220E-05	2.4989E-05
-2.3300E-09	3.1832E-09	3.7555E-05	2.2821E-05
-1.2507E-08	-1.4870E-08	3.5002E-05	2.1576E-05
-9.7593E-09	-2.0915E-08	3.4522E-05	2.2110E-05
3.4407E-08	3.8535E-10	3.3727E-05	2.2288E-05
1.4561E-08	-1.1895E-08	3.4405E-05	2.2530E-05
1.7766E-08	-1.6822E-08	3.3795E-05	2.1175E-05
4.1338E-08	-1.0746E-08	3.1899E-05	2.1351E-05
4.8940E-08	-4.5513E-08	3.0801E-05	2.3207E-05
4.2743E-08	-7.3249E-09	3.1233E-05	2.4688E-05
1.1153E-08	9.2112E-09	3.1501E-05	2.6073E-05
4.9613E-08	7.2182E-09	3.2325E-05	2.7041E-05
-1.2159E-08	-1.4020E-09	3.2625E-05	2.8991E-05
5.2981E-08	-3.4245E-08	3.5047E-05	3.0268E-05
4.9064E-08	-9.6224E-09	3.5768E-05	3.1594E-05
3.7115E-08	3.9741E-09	3.9850E-05	3.3413E-05
7.9582E-08	-1.6629E-08	4.1690E-05	3.2259E-05
2.1393E-08	-2.3792E-08	4.4913E-05	3.4736E-05
2.4277E-08	2.2709E-10	5.0477E-05	3.2572E-05
2.1636E-08	-3.8028E-08	5.2578E-05	3.0643E-05
4.2808E-08	-6.9458E-08	5.6907E-05	2.9148E-05
3.1063E-08	-3.3017E-08	6.0846E-05	2.4764E-05
3.0305E-08	-6.1191E-08	6.2755E-05	1.9562E-05
1.3707E-08	-2.8482E-08	6.3801E-05	1.4085E-05
3.8235E-08	-4.3442E-09	6.1899E-05	7.4463E-06
7.7124E-09	-1.0308E-08	5.7371E-05	4.9352E-06
3.0873E-08	-1.8043E-08	5.5748E-05	3.9335E-06
6.2088E-08	-6.3365E-08	5.3638E-05	2.3722E-06
2.0836E-08	-4.1977E-08	5.1927E-05	1.2092E-06
5.3322E-08	-5.1473E-08	4.8646E-05	1.2632E-06
2.3899E-08	-3.8002E-08	4.8875E-05	3.5091E-06
-3.8880E-09	-4.3763E-08	4.9135E-05	2.5412E-06
4.2985E-08	1.5951E-08	4.9470E-05	3.8487E-06
5.3942E-08	-5.5124E-08	5.1732E-05	2.4755E-06
7.7425E-08	-1.2030E-08	5.2369E-05	9.9550E-07
4.4528E-08	7.1614E-09	5.3324E-05	-1.3530E-06
4.5647E-08	-4.3236E-08	5.3630E-05	-3.2711E-06
3.1378E-08	7.2550E-09	5.3907E-05	-6.8687E-06
2.2850E-08	3.6382E-08	5.2540E-05	-9.0650E-06
5.3321E-08	7.2363E-11	5.2182E-05	-1.2823E-05
7.3038E-08	-4.8608E-08	4.8333E-05	-1.5542E-05
3.6769E-09	-3.2599E-08	4.5951E-05	-1.6427E-05
-7.1264E-11	-4.0431E-08	4.3746E-05	-1.7011E-05
4.4329E-08	-4.0736E-08	4.2105E-05	-1.9113E-05
2.4557E-08	-6.6224E-08	3.7607E-05	-1.8918E-05
1.4635E-08	-1.3999E-09	3.7486E-05	-1.8281E-05
4.8326E-08	-2.3583E-08	3.3907E-05	-1.9878E-05
3.2024E-08	1.3294E-08	3.1934E-05	-1.7480E-05
5.3033E-08	-2.6897E-08	3.1228E-05	-1.7989E-05
1.8541E-08	-2.3632E-08	2.8415E-05	-1.7775E-05
2.9929E-08	1.5103E-08	2.6447E-05	-1.5375E-05
9.7642E-09	-4.9326E-08	2.7322E-05	-1.4334E-05
1.8849E-09	-4.1749E-08	2.5683E-05	-1.4945E-05
-1.5801E-08	-6.1266E-09	2.4627E-05	-1.3815E-05
3.0309E-08	-7.2313E-09	2.2154E-05	-1.3119E-05
4.1719E-09	-3.7218E-08	2.2288E-05	-8.6827E-06
2.8138E-08	-6.2725E-08	2.5122E-05	-9.4374E-06
5.7583E-08	-1.4273E-08	2.3137E-05	-9.6584E-06
2.3794E-08	4.3228E-08	2.4231E-05	-7.4588E-06
2.3318E-08	-3.0701E-08	2.5684E-05	-8.5086E-06
1.6392E-08	-4.6047E-08	2.5626E-05	-9.7396E-06
-3.7555E-09	-4.1234E-08	2.3804E-05	-1.0831E-05
-2.7901E-08	-4.7089E-08	2.3141E-05	-9.0106E-06
-8.8712E-09	-2.7666E-08	2.3661E-05	-1.0517E-05
1.4861E-08	-3.4537E-08	2.1142E-05	-9.8055E-06
1.3340E-08	3.3579E-09	2.1518E-05	-9.1684E-06
-8.2483E-09	-3.8412E-08	2.0284E-05	-8.4054E-06
5.1332E-09	5.3855E-10	2.0937E-05	-8.3803E-06
2.0109E-09	1.8869E-09	1.8940E-05	-7.4621E-06
3.4284E-08	-3.7005E-08	2.0840E-05	-6.5849E-06
1.6740E-08	-3.5973E-08	1.8884E-05	-7.7620E-06
-8.1258E-09	-1.2453E-08	1.8574E-05	-5.8701E-06
8.2591E-09	-1.9333E-08	1.7838E-05	-5.1197E-06
4.4366E-08	-1.3349E-08	1.9026E-05	-4.1864E-06
1.0655E-08	-4.2646E-08	1.6680E-05	-4.1365E-06
4.1514E-08	4.9001E-10	1.8252E-05	-4.9667E-08
1.1250E-08	-1.0417E-08	1.9556E-05	-1.0265E-06
9.5035E-09	2.7858E-08	2.0305E-05	1.2976E-06
-2.5712E-09	-2.5246E-08	2.2865E-05	6.3253E-07
2.8189E-09	-1.9730E-08	2.3611E-05	-8.0843E-08
2.4175E-08	-2.6077E-08	2.3306E-05	-2.1775E-07
1.4013E-08	-3.7118E-08	2.5670E-05	1.0510E-06
3.2626E-08	-2.1057E-09	2.6819E-05	-1.4826E-06
1.5925E-08	2.9825E-08	2.7321E-05	-1.1864E-06
-9.2137E-09	-1.5612E-08	2.8546E-05	-2.7441E-06
1.3680E-08	-6.4429E-09	3.1027E-05	-3.7501E-06
-1.2505E-08	-1.3794E-08	3.0565E-05	-1.0395E-05
3.7450E-08	3.6649E-08	2.5723E-05	-1.0616E-05
2.5807E-08	-2.7033E-08	2.4389E-05	-1.1419E-05
-6.3434E-09	5.8349E-09	2.1155E-05	-9.2804E-06
1.1897E-08	-1.8377E-08	2.2822E-05	-8.4342E-06
3.0141E-08	3.3179E-10	2.1338E-05	-8.9995E-06
1.9633E-08	-3.6232E-08	2.0992E-05	-8.1507E-06
-1.6545E-08	-5.6395E-08	2.0731E-05	-6.9800E-06
4.3258E-08	-4.3302E-08	2.2506E-05	-7.4203E-06
4.2147E-08	-9.4919E-09	2.1056E-05	-8.7217E-06
4.9257E-09	-1.5912E-08	2.0957E-05	-7.5511E-06
7.0409E-10	8.0479E-09	2.1737E-05	-8.4437E-06
2.4835E-08	-4.3159E-08	2.0877E-05	-9.7319E-06
7.3370E-09	-2.0450E-08	1.9625E-05	-9.9248E-06
2.4460E-08	-2.5300E-08	1.8565E-05	-1.0220E-05
2.7756E-08	-5.6282E-08	1.7076E-05	-9.6032E-06
2.8939E-08	-3.7304E-08	1.6762E-05	-9.0352E-06
-1.3158E-08	-2.8532E-08	1.5678E-05	-9.1072E-06
9.8322E-09	-7.0571E-09	1.4195E-05	-7.9749E-06
4.0314E-08	-1.9484E-08	1.4018E-05	-6.3087E-06
6.1248E-09	-2.9131E-08	1.4331E-05	-5.4213E-06
5.3356E-08	-6.9589E-08	1.4745E-05	-5.4010E-06
2.3221E-09	-1.0681E-08	1.3153E-05	-5.0972E-06
2.5573E-08	-1.1210E-09	1.3957E-05	-2.8843E-06
-1.1047E-09	1.4168E-08	1.3831E-05	-4.1915E-06
5.1087E-08	-5.3103E-08	1.2344E-05	-1.7624E-06
-1.1362E-08	-4.8416E-08	1.3551E-05	-9.5987E-07
2.4624E-08	-1.6138E-10	1.3433E-05	5.7560E-07
-1.2983E-09	-6.2586E-08	1.4776E-05	5.4615E-07
1.9737E-08	2.2318E-09	1.3548E-05	1.8358E-06
6.3052E-08	-2.6260E-09	1.5296E-05	3.7000E-06
-2.1227E-09	1.2916E-08	1.6116E-05	4.7004E-06
5.0972E-08	1.6504E-08	1.9104E-05	5.7317E-06
1.7226E-08	1.3031E-08	2.1090E-05	3.6344E-06
5.7380E-08	-2.7490E-08	2.0148E-05	2.0263E-06
4.8618E-08	-1.6640E-08	1.9184E-05	3.3581E-06
3.1732E-08	-3.1740E-08	2.0243E-05	4.3159E-06
3.6918E-08	-2.6156E-08	2.1551E-05	5.5162E-06
3.5500E-08	-1.0167E-08	2.4035E-05	4.0951E-06
1.9863E-08	-5.5482E-08	2.2652E-05	3.6184E-06
-8.4252E-09	-2.9945E-08	2.4757E-05	4.9597E-06
1.8749E-08	3.0588E-08	2.5534E-05	3.0796E-06
-1.1982E-08	-1.6102E-09	2.5341E-05	3.4852E-06
4.5643E-09	-2.5535E-08	2.6189E-05	3.5330E-06
-3.3596E-09	1.3057E-08	2.6881E-05	4.0132E-06
-7.8166E-09	1.1596E-08	2.8868E-05	4.1756E-06
2.9162E-10	9.9448E-09	3.0224E-05	2.9284E-06
2.1744E-08	-9.8819E-09	3.1270E-05	2.3367E-06
3.9980E-08	-1.3437E-08	3.1682E-05	6.4038E-07
-2.7439E-08	-1.7137E-08	3.1714E-05	1.9731E-06
1.2829E-08	2.1753E-08	3.5418E-05	6.8617E-07
8.8014E-09	-1.2642E-08	3.4941E-05	-1.4766E-06
-8.0421E-09	-3.8791E-08	3.6786E-05	-1.8611E-06
2.9971E-08	-3.6320E-08	3.6653E-05	-4.0574E-06
2.5914E-08	-3.8519E-08	3.8142E-05	-2.8138E-06
-8.3425E-09	-6.1950E-08	4.3020E-05	-4.9887E-06
9.9162E-09	-3.9575E-08	4.6224E-05	-1.1823E-05
1.0126E-08	-2.1557E-08	4.3063E-05	-1.9659E-05
2.8574E-08	4.4316E-09	3.7916E-05	-2.2406E-05
1.9905E-08	-2.0752E-08	3.3821E-05	-2.3483E-05
-9.0399E-10	-3.2218E-08	3.1033E-05	-2.3147E-05
-9.4779E-09	-1.2409E-08	2.8287E-05	-2.3468E-05
4.7447E-09	-6.7763E-08	2.6429E-05	-2.1398E-05
5.8630E-09	-5.1770E-08	2.6921E-05	-2.1815E-05
-4.4884E-08	-1.2458E-08	2.4904E-05	-2.2239E-05
3.3728E-08	-4.7886E-09	2.4760E-05	-2.2204E-05
1.2259E-08	-2.0576E-08	2.2359E-05	-2.3786E-05
-1.2095E-08	-4.4314E-08	1.9929E-05	-2.2028E-05
3.9582E-08	-4.1851E-08	1.9312E-05	-2.1167E-05
1.3698E-08	-4.3059E-08	1.8654E-05	-1.9780E-05
-1.2792E-09	3.6464E-09	1.8740E-05	-1.9968E-05
2.3613E-08	-5.4184E-08	1.7133E-05	-1.8584E-05
3.6052E-08	-2.4601E-08	1.9020E-05	-1.7612E-05
4.7221E-08	-2.5132E-08	1.8181E-05	-1.9136E-05
9.7108E-09	-2.7330E-08	1.7706E-05	-1.7786E-05
5.0206E-08	-3.2713E-09	1.8104E-05	-1.8592E-05
2.4537E-08	1.4901E-08	1.6832E-05	-1.7979E-05
-2.3419E-08	6.2529E-09	1.8107E-05	-1.7388E-05
1.3452E-08	-4.8563E-08	1.8083E-05	-1.9038E-05
-4.0441E-08	-1.7652E-08	1.6856E-05	-1.9558E-05
1.7805E-08	-2.2352E-08	1.5446E-05	-1.9171E-05
-2.8797E-08	-6.8165E-09	1.6047E-05	-1.8202E-05
2.6702E-08	-2.6342E-09	1.5190E-05	-1.9637E-05
7.1311E-09	-2.4311E-08	1.4862E-05	-1.7520E-05
1.0068E-08	3.9804E-08	1.6047E-05	-2.0144E-05
1.3195E-08	-7.3645E-09	1.2661E-05	-1.9007E-05
3.2189E-08	-4.2708E-10	1.5004E-05	-1.8788E-05
1.3692E-08	5.0206E-09	1.2270E-05	-1.9948E-05
-5.2731E-09	5.9630E-09	1.3101E-05	-1.8145E-05
1.7870E-08	-1.0495E-08	1.2742E-05	-1.9427E-05
-1.7511E-08	-2.4715E-08	1.2371E-05	-1.9559E-05
2.0804E-08	-3.7548E-08	1.0896E-05	-1.9157E-05
-4.9335E-09	-1.1565E-09	1.2841E-05	-1.8983E-05
1.4482E-08	-1.4762E-08	1.0987E-05	-2.1608E-05
2.9664E-08	-3.6138E-09	9.9811E-06	-2.0402E-05
1.0396E-08	-6.3705E-08	1.0566E-05	-2.1026E-05
-1.9085E-08	-2.0073E-08	1.0738E-05	-2.4616E-05
-3.6589E-08	-1.2062E-08	5.9876E-06	-2.5991E-05
-2.4148E-08	-1.7960E-08	7.1776E-06	-2.9116E-05
1.2958E-08	-3.0262E-08	-4.0754E-06	-3.6909E-05
-6.3128E-09	-2.3404E-08	-1.9106E-05	-3.7493E-05
-2.3649E-09	5.6147E-09	-5.3579E-05	-1.5027E-05
-8.3492E-09	1.9010E-08	-1.9569E-05	4.6271E-05
2.5875E-08	-1.6288E-08	3.1004E-05	-8.2594E-07
2.3659E-10	-6.4334E-09	-1.5869E-05	-1.6432E-05
2.4540E-10	-6.3951E-09	-1.5163E-05	1.8712E-05
2.5410E-10	-6.3569E-09	6.3130E-06	2.3101E-05
2.6269E-10	-6.3190E-09	1.6653E-05	1.7764E-05
2.7117E-10	-6.2813E-09	2.2486E-05	1.2501E-05
2.7954E-10	-6.2438E-09	2.7013E-05	6.2472E-06
2.8780E-10	-6.2065E-09	2.6825E-05	1.7082E-07
2.9595E-10	-6.1694E-09	2.7380E-05	-3.3977E-06
3.0399E-10	-6.1325E-09	2.5814E-05	-7.7527E-06
3.1193E-10	-6.0958E-09	2.4959E-05	-9.6160E-06
3.1976E-10	-6.0593E-09	2.3287E-05	-1.2818E-05
3.2749E-10	-6.0230E-09	2.1156E-05	-1.4025E-05
3.3511E-10	-5.9869E-09	1.8893E-05	-1.5033E-05
3.4264E-10	-5.9511E-09	1.7617E-05	-1.4627E-05
3.5006E-10	-5.9154E-09	1.6558E-05	-1.5103E-05
3.5738E-10	-5.8799E-09	1.5861E-05	-1.5019E-05
3.6460E-10	-5.8446E-09	1.4536E-05	-1.5589E-05
3.7173E-10	-5.8095E-09	1.3846E-05	-1.4588E-05
3.7875E-10	-5.7747E-09	1.3840E-05	-1.5186E-05
3.8568E-10	-5.7400E-09	1.2772E-05	-1.5333E-05
3.9251E-10	-5.7055E-09	1.1848E-05	-1.5474E-05
3.9925E-10	-5.6712E-09	1.0320E-05	-1.4521E-05
4.0589E-10	-5.6371E-09	1.1065E-05	-1.2700E-05
4.1244E-10	-5.6031E-09	1.2338E-05	-1.4066E-05
4.1890E-10	-5.5694E-09	1.0445E-05	-1.4568E-05
4.2527E-10	-5.5359E-09	1.0610E-05	-1.3704E-05
4.3154E-10	-5.5025E-09	9.9028E-06	-1.4012E-05
4.3773E-10	-5.4693E-09	9.9615E-06	-1.3414E-05
4.4382E-10	-5.4363E-09	9.1723E-06	-1.3336E-05
4.4983E-10	-5.4035E-09	1.0402E-05	-1.2555E-05
4.5575E-10	-5.3709E-09	9.2611E-06	-1.4440E-05
4.6158E-10	-5.3385E-09	8.7757E-06	-1.2291E-05
4.6733E-10	-5.3062E-09	9.1440E-06	-1.3824E-05
4.7299E-10	-5.2742E-09	7.8841E-06	-1.1808E-05
4.7857E-10	-5.2423E-09	9.6815E-06	-1.2889E-05
4.8406E-10	-5.2106E-09	7.6748E-06	-1.2117E-05
4.8948E-10	-5.1791E-09	1.0397E-05	-1.2095E-05
4.9481E-10	-5.1477E-09	8.2878E-06	-1.4794E-05
5.0005E-10	-5.1165E-09	6.1615E-06	-1.2882E-05
5.0522E-10	-5.0855E-09	7.0811E-06	-1.0825E-05
5.1031E-10	-5.0547E-09	8.5154E-06	-1.2193E-05
5.1532E-10	-5.0241E-09	6.5472E-06	-1.1817E-05
5.2025E-10	-4.9936E-09	8.0411E-06	-1.1319E-05
5.2510E-10	-4.9633E-09	6.5656E-06	-1.1486E-05
5.2988E-10	-4.9331E-09	8.3653E-06	-1.0776E-05
5.3458E-10	-4.9032E-09	6.5145E-06	-1.1867E-05
5.3921E-10	-4.8734E-09	8.3703E-06	-9.8537E-06
5.4376E-10	-4.8438E-09	7.6539E-06	-1.2668E-05
5.4824E-10	-4.8143E-09	7.7287E-06	-1.0780E-05
5.5264E-10	-4.7850E-09	6.9215E-06	-1.3978E-05
5.5697E-10	-4.7559E-09	4.2863E-06	-1.0334E-05
5.6123E-10	-4.7269E-09	6.9233E-06	-1.0473E-05
5.6542E-10	-4.6981E-09	6.0826E-06	-1.0019E-05
5.6954E-10	-4.6695E-09	7.4165E-06	-1.1084E-05
5.7359E-10	-4.6410E-09	5.2298E-06	-1.0782E-05
5.7757E-10	-4.6127E-09	6.5622E-06	-9.7903E-06
5.8148E-10	-4.5846E-09	6.3489E-06	-1.0479E-05
5.8532E-10	-4.5566E-09	6.1111E-06	-1.0773E-05
5.8909E-10	-4.5287E-09	5.1927E-06	-1.0057E-05
5.9280E-10	-4.5011E-09	5.7529E-06	-1.0072E-05
5.9645E-10	-4.4736E-09	4.4789E-06	-9.2667E-06
6.0003E-10	-4.4462E-09	6.1819E-06	-8.2730E-06
6.0354E-10	-4.4190E-09	5.9237E-06	-9.3679E-06
6.0699E-10	-4.3920E-09	5.7473E-06	-8.5788E-06
6.1038E-10	-4.3651E-09	6.1938E-06	-8.5420E-06
6.1370E-10	-4.3383E-09	6.1257E-06	-8.5632E-06
6.1696E-10	-4.3117E-09	6.6832E-06	-7.6506E-06
6.2016E-10	-4.2853E-09	8.3203E-06	-9.1313E-06
6.2330E-10	-4.2590E-09	6.5641E-06	-1.0402E-05
6.2638E-10	-4.2329E-09	6.0836E-06	-9.7790E-06
6.2940E-10	-4.2069E-09	5.3751E-06	-9.3816E-06
6.3236E-10	-4.1811E-09	6.1324E-06	-8.7453E-06
6.3527E-10	-4.1554E-09	5.7950E-06	-9.2766E-06
6.3811E-10	-4.1298E-09	6.1388E-06	-8.7543E-06
6.4090E-10	-4.1045E-09	5.8721E-06	-9.8168E-06
6.4363E-10	-4.0792E-09	4.6266E-06	-9.0181E-06
6.4630E-10	-4.0541E-09	5.2747E-06	-7.9018E-06
6.4892E-10	-4.0291E-09	6.0652E-06	-8.3484E-06
6.5148E-10	-4.0043E-09	5.7917E-06	-8.6374E-06
6.5399E-10	-3.9797E-09	5.8169E-06	-9.0137E-06
6.5645E-10	-3.9551E-09	4.6562E-06	-8.7978E-06
6.5885E-10	-3.9307E-09	5.4483E-06	-7.6821E-06
6.6120E-10	-3.9065E-09	5.7611E-06	-8.8409E-06
6.6349E-10	-3.8824E-09	4.6846E-06	-8.6621E-06
6.6574E-10	-3.8584E-09	4.6482E-06	-8.0219E-06
6.6793E-10	-3.8346E-09	4.7514E-06	-7.6393E-06
6.7007E-10	-3.8109E-09	5.2994E-06	-7.6297E-06
6.7217E-10	-3.7873E-09	4.5337E-06	-8.2667E-06
6.7421E-10	-3.7639E-09	4.2532E-06	-6.3581E-06
6.7620E-10	-3.7406E-09	6.2795E-06	-7.2228E-06
6.7815E-10	-3.7174E-09	4.4704E-06	-7.8547E-06
6.8004E-10	-3.6944E-09	5.2568E-06	-6.7547E-06
6.8189E-10	-3.6715E-09	4.4299E-06	-7.1884E-06
6.8369E-10	-3.6488E-09	5.8094E-06	-5.3623E-06
6.8545E-10	-3.6261E-09	6.7851E-06	-7.8777E-06
6.8716E-10	-3.6036E-09	5.1125E-06	-7.6319E-06
6.8882E-10	-3.5813E-09	5.4192E-06	-7.8040E-06
6.9043E-10	-3.5590E-09	4.2057E-06	-7.4348E-06
6.9201E-10	-3.5369E-09	4.8313E-06	-6.5262E-06
6.9353E-10	-3.5150E-09	4.9620E-06	-7.0287E-06
6.9502E-10	-3.4931E-09	4.1959E-06	-6.7935E-06
6.9646E-10	-3.4714E-09	4.3635E-06	-5.4220E-06
6.9786E-10	-3.4498E-09	5.9707E-06	-5.4823E-06
6.9921E-10	-3.4283E-09	5.9415E-06	-6.8264E-06
7.0053E-10	-3.4070E-09	4.8495E-06	-6.8303E-06
7.0180E-10	-3.3857E-09	4.9556E-06	-5.8486E-06
7.0303E-10	-3.3646E-09	5.5549E-06	-6.3622E-06
7.0422E-10	-3.3437E-09	4.7264E-06	-6.2598E-06
7.0537E-10	-3.3228E-09	5.1950E-06	-5.8208E-06
7.0647E-10	-3.3021E-09	4.7624E-06	-5.8648E-06
7.0754E-10	-3.2814E-09	5.3882E-06	-5.1228E-06
7.0857E-10	-3.2609E-09	5.5283E-06	-5.6992E-06
7.0957E-10	-3.2406E-09	5.8045E-06	-5.3771E-06
7.1052E-10	-3.2203E-09	5.5813E-06	-6.2858E-06
7.1144E-10	-3.2002E-09	5.0648E-06	-5.3244E-06
7.1232E-10	-3.1802E-09	5.6941E-06	-5.6671E-06
7.1316E-10	-3.1602E-09	5.2138E-06	-5.2798E-06
7.1396E-10	-3.1405E-09	5.8964E-06	-5.5737E-06
7.1473E-10	-3.1208E-09	4.8402E-06	-5.7548E-06
7.1547E-10	-3.1012E-09	4.7377E-06	-4.5289E-06
7.1616E-10	-3.0818E-09	5.9017E-06	-3.8719E-06
7.1683E-10	-3.0625E-09	6.6637E-06	-4.9838E-06
7.1745E-10	-3.0432E-09	6.0031E-06	-5.3342E-06
7.1805E-10	-3.0241E-09	5.2279E-06	-5.5067E-06
7.1861E-10	-3.0051E-09	4.7694E-06	-3.3700E-06
7.1914E-10	-2.9863E-09	7.2329E-06	-3.5663E-06
7.1963E-10	-2.9675E-09	6.5104E-06	-4.4483E-06
7.2009E-10	-2.9488E-09	7.0739E-06	-4.2829E-06
7.2052E-10	-2.9303E-09	6.3623E-06	-4.3657E-06
7.2092E-10	-2.9118E-09	7.2381E-06	-3.7341E-06
7.2128E-10	-2.8935E-09	7.0543E-06	-3.9385E-06
7.2162E-10	-2.8753E-09	8.0537E-06	-3.3250E-06
7.2192E-10	-2.8572E-09	8.6116E-06	-3.4895E-06
7.2219E-10	-2.8391E-09	1.0787E-05	-4.1652E-06
7.2243E-10	-2.8212E-09	1.0033E-05	-7.0682E-06
7.2265E-10	-2.8034E-09	8.7927E-06	-6.9017E-06
7.2283E-10	-2.7857E-09	8.4230E-06	-7.0988E-06
7.2298E-10	-2.7681E-09	8.6450E-06	-7.5613E-06
7.2311E-10	-2.7507E-09	6.6019E-06	-8.4247E-06
7.2320E-10	-2.7333E-09	6.5328E-06	-6.2564E-06
7.2327E-10	-2.7160E-09	6.9183E-06	-7.4174E-06
7.2331E-10	-2.6988E-09	5.5528E-06	-6.2666E-06
7.2333E-10	-2.6817E-09	6.5164E-06	-5.1529E-06
7.2331E-10	-2.6647E-09	7.8764E-06	-5.4520E-06
7.2327E-10	-2.6479E-09	7.2439E-06	-6.7424E-06
7.2320E-10	-2.6311E-09	7.2376E-06	-5.6372E-06
7.2311E-10	-2.6144E-09	7.5311E-06	-6.8343E-06
7.2299E-10	-2.5978E-09	6.9061E-06	-5.8607E-06
7.2284E-10	-2.5813E-09	7.7171E-06	-6.6660E-06
7.2267E-10	-2.5649E-09	6.9311E-06	-6.1401E-06
7.2248E-10	-2.5487E-09	7.8776E-06	-6.8889E-06
7.2226E-10	-2.5325E-09	6.2695E-06	-6.7113E-06
7.2201E-10	-2.5164E-09	7.4198E-06	-5.9394E-06
7.2174E-10	-2.5004E-09	6.9714E-06	-6.5822E-06
7.2145E-10	-2.4845E-09	7.6075E-06	-5.7385E-06
7.2113E-10	-2.4686E-09	8.3763E-06	-7.2586E-06
7.2079E-10	-2.4529E-09	6.4159E-06	-7.9555E-06
7.2043E-10	-2.4373E-09	6.1333E-06	-5.7723E-06
7.2005E-10	-2.4218E-09	7.8852E-06	-6.1344E-06
7.1964E-10	-2.4063E-09	7.6688E-06	-6.7615E-06
7.1921E-10	-2.3910E-09	7.6759E-06	-7.5653E-06
7.1876E-10	-2.3757E-09	6.5826E-06	-6.9317E-06
7.1829E-10	-2.3606E-09	7.9044E-06	-7.2111E-06
7.1779E-10	-2.3455E-09	6.1627E-06	-7.6303E-06
7.1728E-10	-2.3305E-09	7.5419E-06	-6.3534E-06
7.1674E-10	-2.3156E-09	6.9541E-06	-8.0492E-06
7.1618E-10	-2.3008E-09	7.0038E-06	-6.5040E-06
7.1561E-10	-2.2861E-09	7.8086E-06	-8.1157E-06
7.1501E-10	-2.2714E-09	6.7415E-06	-8.0050E-06
7.1440E-10	-2.2569E-09	6.6306E-06	-8.5432E-06
7.1376E-10	-2.2424E-09	5.7574E-06	-7.6810E-06
7.1310E-10	-2.2281E-09	6.6844E-06	-8.0966E-06
7.1243E-10	-2.2138E-09	5.1283E-06	-8.3259E-06
7.1174E-10	-2.1996E-09	5.5905E-06	-7.0928E-06
7.1103E-10	-2.1855E-09	5.5238E-06	-7.8044E-06
7.1030E-10	-2.1714E-09	4.9559E-06	-6.6506E-06
7.0955E-10	-2.1575E-09	6.3558E-06	-6.4805E-06
7.0879E-10	-2.1436E-09	6.1995E-06	-7.3535E-06
7.0800E-10	-2.1299E-09	6.0253E-06	-7.4123E-06
7.0720E-10	-2.1162E-09	5.3222E-06	-7.2564E-06
7.0639E-10	-2.1025E-09	6.2566E-06	-6.3172E-06
7.0555E-10	-2.0890E-09	6.6373E-06	-7.6369E-06
7.0470E-10	-2.0756E-09	6.4105E-06	-7.4298E-06
7.0384E-10	-2.0622E-09	6.5033E-06	-8.9447E-06
7.0296E-10	-2.0489E-09	4.4899E-06	-8.7220E-06
7.0206E-10	-2.0357E-09	4.4422E-06	-7.7839E-06
7.0114E-10	-2.0225E-09	4.3063E-06	-7.2802E-06
7.0021E-10	-2.0095E-09	4.6137E-06	-7.0953E-06
6.9927E-10	-1.9965E-09	4.5555E-06	-6.9982E-06
6.9831E-10	-1.9836E-09	4.1477E-06	-7.1477E-06
6.9734E-10	-1.9708E-09	3.9018E-06	-5.6600E-06
6.9635E-10	-1.9581E-09	5.5378E-06	-5.9802E-06
6.9534E-10	-1.9454E-09	4.6257E-06	-6.7080E-06
6.9433E-10	-1.9328E-09	4.2886E-06	-5.7855E-06
6.9329E-10	-1.9203E-09	5.1749E-06	-4.8438E-06
6.9225E-10	-1.9079E-09	6.0576E-06	-6.0537E-06
6.9119E-10	-1.8955E-09	5.0306E-06	-5.3195E-06
6.9012E-10	-1.8832E-09	7.0882E-06	-5.6100E-06
6.8903E-10	-1.8710E-09	5.5300E-06	-6.7700E-06
6.8793E-10	-1.8589E-09	6.3538E-06	-5.4776E-06
6.8682E-10	-1.8468E-09	6.3761E-06	-6.7993E-06
6.8570E-10	-1.8348E-09	6.2685E-06	-6.3154E-06
6.8456E-10	-1.8229E-09	6.0284E-06	-7.0300E-06
6.8341E-10	-1.8110E-09	6.0240E-06	-5.9823E-06
6.8225E-10	-1.7993E-09	7.0034E-06	-7.1731E-06
6.8108E-10	-1.7876E-09	5.4611E-06	-7.2591E-06
6.7990E-10	-1.7759E-09	6.5522E-06	-6.4483E-06
6.7870E-10	-1.7644E-09	5.9811E-06	-8.1517E-06
6.7749E-10	-1.7529E-09	5.0664E-06	-6.4253E-06
6.7628E-10	-1.7414E-09	6.5216E-06	-7.1899E-06
6.7505E-10	-1.7301E-09	5.1665E-06	-6.9287E-06
6.7381E-10	-1.7188E-09	6.5352E-06	-6.9120E-06
6.7256E-10	-1.7076E-09	5.2218E-06	-7.1264E-06
6.7130E-10	-1.6964E-09	6.9114E-06	-6.4544E-06
6.7003E-10	-1.6854E-09	6.1663E-06	-8.1366E-06
6.6875E-10	-1.6743E-09	5.9728E-06	-7.6060E-06
6.6746E-10	-1.6634E-09	5.1611E-06	-7.5604E-06
6.6616E-10	-1.6525E-09	6.7763E-06	-6.8635E-06
6.6485E-10	-1.6417E-09	5.7663E-06	-8.9925E-06
6.6353E-10	-1.6310E-09	5.2663E-06	-7.3514E-06
6.6220E-10	-1.6203E-09	5.4823E-06	-8.0444E-06
6.6086E-10	-1.6097E-09	5.8843E-06	-6.9860E-06
6.5951E-10	-1.5991E-09	6.5794E-06	-8.8566E-06
6.5816E-10	-1.5886E-09	5.0245E-06	-8.9871E-06
6.5679E-10	-1.5782E-09	4.4409E-06	-8.3679E-06
6.5542E-10	-1.5678E-09	5.3583E-06	-7.6373E-06
6.5404E-10	-1.5575E-09	4.8412E-06	-9.0696E-06
6.5265E-10	-1.5473E-09	4.3567E-06	-7.4910E-06
6.5125E-10	-1.5371E-09	5.2612E-06	-8.1778E-06
6.4985E-10	-1.5270E-09	5.1929E-06	-8.0236E-06
6.4843E-10	-1.5170E-09	4.9962E-06	-9.1025E-06
6.4701E-10	-1.5070E-09	4.8482E-06	-8.3016E-06
6.4559E-10	-1.4971E-09	4.4495E-06	-1.0241E-05
6.4415E-10	-1.4872E-09	2.5705E-06	-7.8825E-06
6.4271E-10	-1.4774E-09	4.8572E-06	-8.2882E-06
6.4126E-10	-1.4677E-09	3.3722E-06	-8.5738E-06
6.3980E-10	-1.4580E-09	4.0577E-06	-8.4616E-06
6.3834E-10	-1.4484E-09	3.1400E-06	-7.9764E-06
6.3687E-10	-1.4388E-09	4.6607E-06	-8.2266E-06
6.3539E-10	-1.4293E-09	3.1593E-06	-8.8395E-06
6.3391E-10	-1.4199E-09	4.0451E-06	-8.2026E-06
6.3242E-10	-1.4105E-09	3.1461E-06	-9.0810E-06
6.3092E-10	-1.4011E-09	3.5413E-06	-8.4097E-06
6.2942E-10	-1.3919E-09	2.8328E-06	-9.5856E-06
6.2792E-10	-1.3826E-09	2.0590E-06	-8.7190E-06
6.2640E-10	-1.3735E-09	1.5257E-06	-8.7480E-06
6.2489E-10	-1.3644E-09	1.1428E-06	-6.9651E-06
6.2336E-10	-1.3553E-09	3.1286E-06	-6.8804E-06
6.2183E-10	-1.3463E-09	2.4781E-06	-8.5829E-06
6.2030E-10	-1.3374E-09	1.1884E-06	-7.2524E-06
6.1876E-10	-1.3285E-09	2.5667E-06	-6.7063E-06
6.1721E-10	-1.3197E-09	2.3497E-06	-7.3996E-06
6.1567E-10	-1.3109E-09	2.5401E-06	-7.0408E-06
6.1411E-10	-1.3022E-09	2.6165E-06	-7.7683E-06
6.1255E-10	-1.2936E-09	1.7756E-06	-7.8703E-06
6.1099E-10	-1.2849E-09	1.4395E-06	-7.1857E-06
6.0942E-10	-1.2764E-09	1.7733E-06	-7.2242E-06
6.0785E-10	-1.2679E-09	7.0155E-07	-7.0582E-06
6.0627E-10	-1.2594E-09	1.4653E-06	-5.3471E-06
6.0469E-10	-1.2510E-09	2.5977E-06	-6.7599E-06
6.0311E-10	-1.2427E-09	7.7146E-07	-6.4927E-06
6.0152E-10	-1.2344E-09	2.1012E-06	-5.0404E-06
5.9993E-10	-1.2262E-09	2.2955E-06	-6.2286E-06
5.9833E-10	-1.2180E-09	2.3458E-06	-5.1519E-06
5.9673E-10	-1.2098E-09	3.6950E-06	-6.4905E-06
5.9513E-10	-1.2017E-09	2.1092E-06	-7.1586E-06
5.9352E-10	-1.1937E-09	2.1857E-06	-6.3992E-06
5.9191E-10	-1.1857E-09	1.9877E-06	-6.7308E-06
5.9030E-10	-1.1778E-09	1.8083E-06	-6.0794E-06
5.8869E-10	-1.1699E-09	2.6763E-06	-6.3540E-06
5.8707E-10	-1.1620E-09	1.7422E-06	-7.4456E-06
5.8545E-10	-1.1543E-09	8.8386E-07	-6.2118E-06
5.8382E-10	-1.1465E-09	1.4447E-06	-6.3434E-06
5.8219E-10	-1.1388E-09	3.4222E-07	-5.6121E-06
5.8056E-10	-1.1312E-09	1.8447E-06	-4.6258E-06
5.7893E-10	-1.1236E-09	1.6873E-06	-5.7914E-06
5.7730E-10	-1.1160E-09	1.4400E-06	-4.6461E-06
5.7566E-10	-1.1085E-09	2.4365E-06	-5.0401E-06
5.7402E-10	-1.1011E-09	2.1105E-06	-4.9525E-06
5.7238E-10	-1.0936E-09	3.0437E-06	-5.2962E-06
5.7074E-10	-1.0863E-09	2.1018E-06	-5.7901E-06
5.6909E-10	-1.0790E-09	3.0413E-06	-5.2404E-06
5.6744E-10	-1.0717E-09	2.2053E-06	-6.9659E-06
5.6579E-10	-1.0645E-09	1.4919E-06	-5.2112E-06
5.6414E-10	-1.0573E-09	2.4256E-06	-6.2338E-06
5.6249E-10	-1.0501E-09	1.0993E-06	-5.4637E-06
5.6084E-10	-1.0430E-09	2.4715E-06	-5.5229E-06
5.5918E-10	-1.0360E-09	1.4735E-06	-6.1256E-06
5.5752E-10	-1.0290E-09	1.2878E-06	-6.1210E-06
5.5587E-10	-1.0220E-09	-3.0775E-07	-5.1071E-06
5.5421E-10	-1.0151E-09	1.4220E-06	-3.5046E-06
5.5255E-10	-1.0082E-09	1.3768E-06	-4.4243E-06
5.5088E-10	-1.0014E-09	2.1019E-06	-2.9171E-06
5.4922E-10	-9.9463E-10	3.6972E-06	-4.5012E-06
5.4756E-10	-9.8789E-10	2.3155E-06	-5.2417E-06
5.4589E-10	-9.8119E-10	2.5311E-06	-4.2284E-06
5.4423E-10	-9.7453E-10	3.3255E-06	-5.1150E-06
5.4256E-10	-9.6791E-10	2.2954E-06	-5.3341E-06
5.4089E-10	-9.6134E-10	3.0264E-06	-4.8571E-06
5.3923E-10	-9.5480E-10	2.6758E-06	-5.9985E-06
5.3756E-10	-9.4831E-10	2.4103E-06	-5.4930E-06
5.3589E-10	-9.4186E-10	1.8181E-06	-6.9182E-06
5.3422E-10	-9.3545E-10	-6.6203E-07	-4.4595E-06
5.3255E-10	-9.2908E-10	3.0427E-06	-2.6585E-06
5.3088E-10	-9.2275E-10	3.0001E-06	-5.7025E-06
5.2921E-10	-9.1646E-10	2.3013E-06	-4.6373E-06
5.2754E-10	-9.1021E-10	2.3827E-06	-5.9270E-06
5.2587E-10	-9.0400E-10	1.2889E-06	-4.3418E-06
5.2420E-10	-8.9782E-10	2.9917E-06	-4.8378E-06
5.2253E-10	-8.9169E-10	2.0181E-06	-5.1462E-06
5.2086E-10	-8.8560E-10	2.3520E-06	-5.4555E-06
5.1919E-10	-8.7954E-10	1.1415E-06	-4.7465E-06
5.1752E-10	-8.7353E-10	2.6282E-06	-4.4718E-06
5.1586E-10	-8.6755E-10	1.8072E-06	-4.7659E-06
5.1419E-10	-8.6161E-10	3.2974E-06	-4.7831E-06
5.1252E-10	-8.5571E-10	1.4905E-06	-6.3087E-06
5.1085E-10	-8.4984E-10	1.3534E-06	-4.2574E-06
5.0918E-10	-8.4401E-10	2.1168E-06	-4.6644E-06
5.0752E-10	-8.3822E-10	2.5782E-06	-4.9417E-06
5.0585E-10	-8.3247E-10	1.2164E-06	-5.9670E-06
5.0419E-10	-8.2675E-10	9.5748E-07	-3.8028E-06
5.0252E-10	-8.2107E-10	2.3400E-06	-4.5820E-06
5.0086E-10	-8.1543E-10	1.4091E-06	-4.7473E-06
4.9920E-10	-8.0982E-10	1.3629E-06	-4.2332E-06
4.9753E-10	-8.0424E-10	1.6521E-06	-3.4210E-06
4.9587E-10	-7.9871E-10	3.0023E-06	-3.7002E-06
4.9421E-10	-7.9320E-10	2.7310E-06	-4.9229E-06
4.9255E-10	-7.8774E-10	2.1361E-06	-4.5794E-06
4.9090E-10	-7.8230E-10	2.4983E-06	-4.8431E-06
4.8924E-10	-7.7691E-10	1.6911E-06	-4.8228E-06
4.8759E-10	-7.7154E-10	2.2001E-06	-4.2164E-06
4.8593E-10	-7.6622E-10	2.4740E-06	-4.6241E-06
4.8428E-10	-7.6092E-10	2.4820E-06	-5.3885E-06
4.8263E-10	-7.5566E-10	9.6174E-07	-5.0833E-06
4.8098E-10	-7.5043E-10	2.1253E-06	-4.1585E-06
4.7933E-10	-7.4524E-10	1.2258E-06	-5.0767E-06
4.7768E-10	-7.4008E-10	2.1890E-06	-3.4767E-06
4.7604E-10	-7.3495E-10	2.0991E-06	-6.0562E-06
4.7439E-10	-7.2986E-10	9.3429E-09	-3.7925E-06
4.7275E-10	-7.2480E-10	2.4770E-06	-3.4786E-06
4.7111E-10	-7.1977E-10	1.8722E-06	-4.4684E-06
4.6947E-10	-7.1477E-10	1.9760E-06	-4.2399E-06
4.6783E-10	-7.0981E-10	1.8902E-06	-4.3203E-06
4.6620E-10	-7.0487E-10	2.0292E-06	-4.7224E-06
4.6456E-10	-6.9997E-10	1.0901E-06	-4.7763E-06
4.6293E-10	-6.9510E-10	9.7398E-07	-4.0472E-06
4.6130E-10	-6.9026E-10	8.8675E-07	-3.5694E-06
4.5967E-10	-6.8546E-10	1.7208E-06	-2.5974E-06
4.5805E-10	-6.8068E-10	3.1412E-06	-3.9741E-06
4.5643E-10	-6.7593E-10	7.4882E-07	-4.8477E-06
4.5480E-10	-6.7122E-10	1.4245E-06	-1.8514E-06
4.5318E-10	-6.6654E-10	3.3094E-06	-3.8063E-06
4.5157E-10	-6.6188E-10	1.8207E-06	-3.3673E-06
4.4995E-10	-6.5726E-10	3.5710E-06	-3.7275E-06
4.4834E-10	-6.5266E-10	1.9919E-06	-4.6742E-06
4.4673E-10	-6.4810E-10	2.5338E-06	-3.5695E-06
4.4512E-10	-6.4356E-10	2.6047E-06	-4.4613E-06
4.4351E-10	-6.3906E-10	2.3927E-06	-4.3382E-06
4.4191E-10	-6.3458E-10	2.2036E-06	-4.5764E-06
4.4031E-10	-6.3013E-10	2.0409E-06	-4.6951E-06
4.3871E-10	-6.2571E-10	1.1148E-06	-4.4247E-06
4.3711E-10	-6.2132E-10	1.8144E-06	-3.3173E-06
4.3551E-10	-6.1696E-10	2.2578E-06	-4.0515E-06
4.3392E-10	-6.1263E-10	2.1479E-06	-3.9906E-06
4.3233E-10	-6.0832E-10	1.9881E-06	-4.4991E-06
4.3075E-10	-6.0405E-10	1.3482E-06	-4.0402E-06
4.2916E-10	-5.9980E-10	1.6055E-06	-3.3583E-06
4.2758E-10	-5.9558E-10	2.6498E-06	-3.4002E-06
4.2600E-10	-5.9138E-10	2.2569E-06	-4.7331E-06
4.2442E-10	-5.8721E-10	1.2328E-06	-3.9120E-06
4.2285E-10	-5.8307E-10	1.7339E-06	-3.5179E-06
4.2128E-10	-5.7896E-10	1.7650E-06	-3.2004E-06
4.1971E-10	-5.7487E-10	2.4204E-06	-3.0307E-06
4.1815E-10	-5.7081E-10	3.0655E-06	-3.3872E-06
4.1658E-10	-5.6678E-10	2.8236E-06	-4.4537E-06
4.1502E-10	-5.6277E-10	2.1525E-06	-3.7850E-06
4.1347E-10	-5.5879E-10	3.1648E-06	-4.0818E-06
4.1191E-10	-5.5484E-10	2.5012E-06	-4.9667E-06
4.1036E-10	-5.5091E-10	1.7294E-06	-4.8020E-06
4.0881E-10	-5.4700E-10	1.6948E-06	-3.9300E-06
4.0727E-10	-5.4313E-10	2.0659E-06	-4.6091E-06
4.0573E-10	-5.3927E-10	9.6305E-07	-3.4317E-06
4.0419E-10	-5.3545E-10	3.5676E-06	-3.3876E-06
4.0265E-10	-5.3164E-10	1.9774E-06	-5.8626E-06
4.0112E-10	-5.2787E-10	8.4101E-07	-3.8964E-06
3.9959E-10	-5.2411E-10	1.7758E-06	-3.7826E-06
3.9806E-10	-5.2038E-10	1.6114E-06	-3.6997E-06
3.9654E-10	-5.1668E-10	2.0336E-06	-3.1554E-06
3.9501E-10	-5.1300E-10	3.1907E-06	-3.8453E-06
3.9350E-10	-5.0935E-10	2.1373E-06	-4.8005E-06
3.9198E-10	-5.0571E-10	2.4698E-06	-3.9707E-06
3.9047E-10	-5.0211E-10	2.5901E-06	-5.3195E-06
3.8896E-10	-4.9852E-10	1.5318E-06	-5.4579E-06
3.8746E-10	-4.9496E-10	3.1309E-07	-5.1320E-06
3.8595E-10	-4.9142E-10	8.4386E-07	-3.1677E-06
3.8446E-10	-4.8791E-10	2.0866E-06	-4.6977E-06
3.8296E-10	-4.8442E-10	1.8906E-08	-4.4991E-06
3.8147E-10	-4.8095E-10	1.0287E-06	-2.9439E-06
3.7998E-10	-4.7751E-10	1.4692E-06	-3.9451E-06
3.7849E-10	-4.7409E-10	8.0153E-07	-3.2835E-06
3.7701E-10	-4.7069E-10	2.0547E-06	-3.2524E-06
3.7553E-10	-4.6731E-10	1.1742E-06	-4.0954E-06
3.7406E-10	-4.6396E-10	1.6274E-06	-2.8307E-06
3.7259E-10	-4.6062E-10	2.1509E-06	-4.3540E-06
3.7112E-10	-4.5731E-10	7.4732E-07	-3.7909E-06
3.6965E-10	-4.5402E-10	1.5536E-06	-3.2345E-06
3.6819E-10	-4.5076E-10	1.6929E-06	-3.5185E-06
3.6673E-10	-4.4751E-10	1.7512E-06	-3.8353E-06
3.6528E-10	-4.4429E-10	1.4464E-06	-3.8791E-06
3.6383E-10	-4.4108E-10	1.1649E-06	-3.9923E-06
3.6238E-10	-4.3790E-10	8.8745E-07	-3.2083E-06
3.6093E-10	-4.3474E-10	1.6955E-06	-3.2625E-06
3.5949E-10	-4.3160E-10	1.4829E-06	-3.4043E-06
3.5806E-10	-4.2848E-10	1.9787E-06	-3.6138E-06
3.5662E-10	-4.2539E-10	1.3764E-06	-4.1775E-06
3.5519E-10	-4.2231E-10	1.0028E-06	-3.8594E-06
3.5377E-10	-4.1925E-10	7.5905E-07	-3.4810E-06
3.5234E-10	-4.1622E-10	1.1989E-06	-3.2846E-06
3.5092E-10	-4.1320E-10	6.8588E-07	-3.4538E-06
3.4951E-10	-4.1020E-10	1.0638E-06	-2.4602E-06
3.4809E-10	-4.0723E-10	1.7021E-06	-3.1372E-06
3.4669E-10	-4.0427E-10	1.3542E-06	-3.1102E-06
3.4528E-10	-4.0133E-10	1.3980E-06	-3.4089E-06
3.4388E-10	-3.9842E-10	9.4800E-07	-2.8006E-06
3.4248E-10	-3.9552E-10	1.7834E-06	-3.0461E-06
3.4109E-10	-3.9264E-10	7.4911E-07	-2.9245E-06
3.3970E-10	-3.8978E-10	2.2532E-06	-2.0451E-06
3.3831E-10	-3.8694E-10	2.1426E-06	-3.9620E-06
3.3693E-10	-3.8412E-10	9.7227E-07	-3.1824E-06
3.3555E-10	-3.8132E-10	1.5063E-06	-2.7660E-06
3.3417E-10	-3.7853E-10	1.9402E-06	-2.7458E-06
3.3280E-10	-3.7577E-10	2.2384E-06	-3.4769E-06
3.3143E-10	-3.7302E-10	1.6103E-06	-4.0419E-06
3.3007E-10	-3.7029E-10	5.5359E-07	-3.7867E-06
3.2871E-10	-3.6758E-10	5.4116E-07	-2.4580E-06
3.2735E-10	-3.6489E-10	1.7234E-06	-2.2708E-06
3.2600E-10	-3.6222E-10	1.8701E-06	-3.4816E-06
3.2465E-10	-3.5956E-10	2.8292E-07	-2.9343E-06
3.2330E-10	-3.5692E-10	1.8518E-06	-1.5447E-06
3.2196E-10	-3.5430E-10	2.0467E-06	-3.1501E-06
3.2062E-10	-3.5170E-10	1.8454E-06	-2.4095E-06
3.1928E-10	-3.4912E-10	2.1020E-06	-3.5823E-06
3.1795E-10	-3.4655E-10	9.8663E-07	-2.8823E-06
3.1663E-10	-3.4400E-10	1.4458E-06	-2.4657E-06
3.1530E-10	-3.4147E-10	2.1151E-06	-1.7636E-06
3.1398E-10	-3.3895E-10	3.2420E-06	-3.3212E-06
3.1267E-10	-3.3645E-10	1.8221E-06	-3.9242E-06
3.1136E-10	-3.3397E-10	1.2163E-06	-3.7759E-06
3.1005E-10	-3.3150E-10	6.9293E-07	-2.1309E-06
3.0874E-10	-3.2905E-10	3.0128E-06	-2.3318E-06
3.0744E-10	-3.2662E-10	1.9905E-06	-3.8946E-06
3.0615E-10	-3.2420E-10	1.7666E-06	-3.1569E-06
3.0485E-10	-3.2180E-10	1.7244E-06	-3.5231E-06
3.0356E-10	-3.1942E-10	1.5180E-06	-3.3060E-06
3.0228E-10	-3.1705E-10	1.4724E-06	-3.1427E-06
3.0100E-10	-3.1470E-10	2.0069E-06	-3.2509E-06
2.9972E-10	-3.1237E-10	1.3022E-06	-4.0885E-06
2.9845E-10	-3.1005E-10	7.2068E-07	-3.1173E-06
2.9718E-10	-3.0774E-10	1.2310E-06	-3.3207E-06
2.9591E-10	-3.0545E-10	2.9088E-07	-3.1369E-06
2.9465E-10	-3.0318E-10	5.6143E-07	-2.1840E-06
2.9339E-10	-3.0092E-10	8.3084E-07	-1.6427E-06
2.9214E-10	-2.9868E-10	2.3239E-06	-1.3872E-06
2.9089E-10	-2.9645E-10	2.4090E-06	-2.7927E-06
2.8964E-10	-2.9424E-10	2.2258E-06	-2.5853E-06
2.8840E-10	-2.9205E-10	2.2188E-06	-3.3861E-06
2.8716E-10	-2.8986E-10	1.7389E-06	-3.1445E-06
2.8592E-10	-2.8770E-10	1.5867E-06	-3.5653E-06
2.8469E-10	-2.8554E-10	8.9108E-07	-2.9908E-06
2.8346E-10	-2.8341E-10	1.0870E-06	-2.3299E-06
2.8224E-10	-2.8128E-10	2.3566E-06	-2.1255E-06
2.8102E-10	-2.7918E-10	1.6662E-06	-3.9649E-06
2.7980E-10	-2.7708E-10	8.5586E-07	-1.8686E-06
2.7859E-10	-2.7500E-10	2.6215E-06	-3.1177E-06
2.7738E-10	-2.7294E-10	8.9378E-07	-2.6454E-06
2.7618E-10	-2.7088E-10	2.9275E-06	-2.9403E-06
2.7498E-10	-2.6885E-10	4.1487E-07	-4.1556E-06
2.7378E-10	-2.6682E-10	9.2002E-07	-1.5289E-06
2.7259E-10	-2.6481E-10	2.1966E-06	-2.4342E-06
2.7140E-10	-2.6282E-10	2.1926E-06	-2.8825E-06
2.7021E-10	-2.6084E-10	1.6641E-06	-3.6407E-06
2.6903E-10	-2.5887E-10	7.4805E-07	-3.1375E-06
2.6786E-10	-2.5691E-10	7.4686E-07	-2.1081E-06
2.6668E-10	-2.5497E-10	2.0092E-06	-1.6922E-06
2.6551E-10	-2.5304E-10	2.3684E-06	-2.9912E-06
2.6435E-10	-2.5113E-10	1.2369E-06	-2.9090E-06
2.6318E-10	-2.4922E-10	1.9309E-06	-1.9658E-06
2.6203E-10	-2.4734E-10	2.6559E-06	-2.9716E-06
2.6087E-10	-2.4546E-10	2.1101E-06	-3.6144E-06
2.5972E-10	-2.4360E-10	1.0918E-06	-3.7863E-06
2.5857E-10	-2.4175E-10	1.1609E-06	-2.3661E-06
2.5743E-10	-2.3991E-10	2.0094E-06	-3.6087E-06
2.5629E-10	-2.3808E-10	3.1797E-07	-3.0991E-06
2.5516E-10	-2.3627E-10	1.3034E-06	-2.4711E-06
2.5403E-10	-2.3447E-10	9.3725E-07	-2.3006E-06
2.5290E-10	-2.3268E-10	2.3285E-06	-2.6309E-06
2.5177E-10	-2.3091E-10	5.5141E-07	-3.6417E-06
2.5065E-10	-2.2915E-10	8.4348E-07	-1.8148E-06
2.4954E-10	-2.2740E-10	1.0510E-06	-2.4908E-06
2.4843E-10	-2.2566E-10	1.2475E-06	-1.0923E-06
2.4732E-10	-2.2393E-10	3.0169E-06	-2.2574E-06
2.4621E-10	-2.2222E-10	1.5333E-06	-3.3698E-06
2.4511E-10	-2.2051E-10	1.4648E-06	-2.1175E-06
2.4402E-10	-2.1882E-10	2.0156E-06	-2.9419E-06
2.4292E-10	-2.1714E-10	1.0036E-06	-2.5152E-06
2.4183E-10	-2.1548E-10	1.8657E-06	-2.0083E-06
2.4075E-10	-2.1382E-10	2.0942E-06	-2.2677E-06
2.3966E-10	-2.1218E-10	2.6744E-06	-2.9791E-06
2.3859E-10	-2.1054E-10	1.5834E-06	-3.7146E-06
2.3751E-10	-2.0892E-10	9.1070E-07	-3.2028E-06
2.3644E-10	-2.0731E-10	6.4911E-07	-1.9401E-06
2.3538E-10	-2.0571E-10	2.6794E-06	-1.8921E-06
2.3431E-10	-2.0412E-10	1.9566E-06	-3.8279E-06
2.3325E-10	-2.0255E-10	6.9203E-07	-3.0231E-06
2.3220E-10	-2.0098E-10	9.5220E-07	-1.9854E-06
2.3115E-10	-1.9943E-10	2.0359E-06	-2.0002E-06
2.3010E-10	-1.9788E-10	2.1150E-06	-2.5468E-06
2.2905E-10	-1.9635E-10	2.2485E-06	-3.2784E-06
2.2801E-10	-1.9483E-10	1.0034E-06	-3.1007E-06
2.2698E-10	-1.9331E-10	1.9506E-06	-2.7783E-06
2.2594E-10	-1.9181E-10	6.3952E-07	-3.2448E-06
2.2491E-10	-1.9032E-10	1.8058E-06	-1.7529E-06
2.2389E-10	-1.8884E-10	1.8355E-06	-3.6267E-06
2.2286E-10	-1.8737E-10	9.4218E-07	-2.7292E-06
2.2185E-10	-1.8591E-10	1.2460E-06	-2.7854E-06
2.2083E-10	-1.8446E-10	1.4824E-06	-2.6580E-06
2.1982E-10	-1.8302E-10	6.5129E-07	-3.2063E-06
2.1881E-10	-1.8159E-10	1.0439E-06	-1.5159E-06
2.1781E-10	-1.8017E-10	1.7479E-06	-3.0642E-06
2.1681E-10	-1.7876E-10	4.3953E-07	-1.8225E-06
2.1581E-10	-1.7736E-10	2.4664E-06	-1.7002E-06
2.1482E-10	-1.7597E-10	2.0340E-06	-2.9809E-06
2.1383E-10	-1.7459E-10	1.8474E-06	-2.8136E-06
2.1285E-10	-1.7322E-10	1.8984E-06	-3.5011E-06
2.1187E-10	-1.7186E-10	3.4002E-07	-3.6957E-06
2.1089E-10	-1.7051E-10	4.4301E-07	-1.5917E-06
2.0991E-10	-1.6917E-10	2.1788E-06	-2.2892E-06
2.0894E-10	-1.6784E-10	1.4555E-06	-3.1773E-06
2.0798E-10	-1.6652E-10	9.4747E-07	-2.9244E-06
2.0701E-10	-1.6520E-10	1.1611E-06	-2.4598E-06
2.0605E-10	-1.6390E-10	1.0665E-06	-3.0406E-06
2.0510E-10	-1.6261E-10	8.2409E-07	-2.1154E-06
2.0414E-10	-1.6132E-10	1.5817E-06	-3.0851E-06
2.0319E-10	-1.6004E-10	-3.2887E-08	-2.4780E-06
2.0225E-10	-1.5878E-10	1.6728E-06	-1.7345E-06
2.0131E-10	-1.5752E-10	1.1280E-06	-3.1948E-06
2.0037E-10	-1.5627E-10	4.9455E-07	-2.5390E-06
1.9943E-10	-1.5503E-10	2.6833E-07	-2.0597E-06
1.9850E-10	-1.5380E-10	1.1170E-06	-1.4980E-06
1.9757E-10	-1.5257E-10	8.6254E-07	-2.1178E-06
1.9665E-10	-1.5136E-10	1.3293E-06	-9.3220E-07
1.9573E-10	-1.5015E-10	2.4985E-06	-2.3393E-06
1.9481E-10	-1.4896E-10	1.1740E-06	-2.8123E-06
1.9390E-10	-1.4777E-10	1.1042E-06	-2.3251E-06
1.9299E-10	-1.4659E-10	8.6629E-07	-2.0211E-06
1.9208E-10	-1.4542E-10	1.5406E-06	-1.6245E-06
1.9118E-10	-1.4425E-10	1.6980E-06	-2.2429E-06
1.9028E-10	-1.4310E-10	1.5852E-06	-2.1414E-06
1.8938E-10	-1.4195E-10	1.7166E-06	-2.4978E-06
1.8849E-10	-1.4081E-10	1.5225E-06	-2.4753E-06
1.8760E-10	-1.3968E-10	1.5221E-06	-3.1892E-06
1.8671E-10	-1.3856E-10	-1.2472E-07	-2.7219E-06
1.8583E-10	-1.3745E-10	8.6059E-07	-1.0723E-06
1.8495E-10	-1.3634E-10	1.5962E-06	-1.8656E-06
1.8408E-10	-1.3524E-10	1.6865E-06	-1.8596E-06
1.8320E-10	-1.3415E-10	1.6045E-06	-2.4693E-06
1.8234E-10	-1.3307E-10	1.4609E-06	-2.2126E-06
1.8147E-10	-1.3199E-10	1.1297E-06	-2.6049E-06
1.8061E-10	-1.3093E-10	1.2584E-06	-1.5750E-06
1.7975E-10	-1.2987E-10	1.8699E-06	-2.7110E-06
1.7890E-10	-1.2881E-10	7.3444E-07	-2.1426E-06
1.7804E-10	-1.2777E-10	1.6505E-06	-1.9765E-06
1.7720E-10	-1.2673E-10	1.4492E-06	-2.1431E-06
1.7635E-10	-1.2570E-10	1.5999E-06	-2.5951E-06
1.7551E-10	-1.2468E-10	1.0044E-06	-1.9319E-06
1.7467E-10	-1.2367E-10	2.2227E-06	-2.5180E-06
1.7384E-10	-1.2266E-10	6.0819E-07	-2.9658E-06
1.7300E-10	-1.2166E-10	1.0749E-06	-1.8236E-06
1.7218E-10	-1.2067E-10	1.3268E-06	-1.9797E-06
1.7135E-10	-1.1968E-10	1.7704E-06	-2.4804E-06
1.7053E-10	-1.1870E-10	6.9025E-07	-2.1887E-06
1.6971E-10	-1.1773E-10	2.3300E-06	-1.9530E-06
1.6890E-10	-1.1677E-10	9.0747E-07	-3.4817E-06
1.6808E-10	-1.1581E-10	8.5845E-07	-1.8144E-06
1.6728E-10	-1.1486E-10	1.2453E-06	-2.4186E-06
1.6647E-10	-1.1392E-10	1.4731E-06	-2.2506E-06
1.6567E-10	-1.1298E-10	6.2868E-07	-2.9120E-06
1.6487E-10	-1.1205E-10	1.0523E-06	-1.4041E-06
1.6407E-10	-1.1113E-10	1.5046E-06	-2.8652E-06
1.6328E-10	-1.1021E-10	6.8724E-07	-1.9717E-06
1.6249E-10	-1.0930E-10	1.4251E-06	-2.5808E-06
1.6171E-10	-1.0840E-10	4.5291E-07	-2.2599E-06
1.6092E-10	-1.0750E-10	1.0956E-06	-2.0318E-06
1.6015E-10	-1.0661E-10	7.3403E-07	-2.2369E-06
1.5937E-10	-1.0573E-10	5.7917E-07	-1.7530E-06
1.5860E-10	-1.0485E-10	1.4433E-06	-1.1061E-06
1.5783E-10	-1.0398E-10	2.2557E-06	-2.7278E-06
1.5706E-10	-1.0311E-10	2.7058E-07	-3.0976E-06
1.5630E-10	-1.0226E-10	3.7606E-07	-1.6405E-06
1.5554E-10	-1.0140E-10	6.4249E-07	-1.8269E-06
1.5478E-10	-1.0056E-10	7.9227E-07	-7.6580E-07
1.5402E-10	-9.9720E-11	2.6032E-06	-1.5915E-06
1.5327E-10	-9.8887E-11	1.2611E-06	-2.8837E-06
1.5252E-10	-9.8060E-11	1.4316E-06	-2.0761E-06
1.5178E-10	-9.7239E-11	7.2762E-07	-3.1276E-06
1.5104E-10	-9.6424E-11	2.7444E-07	-1.5769E-06
1.5030E-10	-9.5615E-11	7.8687E-07	-2.0333E-06
1.4956E-10	-9.4812E-11	7.6945E-07	-8.0190E-07
1.4883E-10	-9.4015E-11	2.2877E-06	-2.2180E-06
1.4810E-10	-9.3224E-11	3.4617E-07	-2.3906E-06
1.4738E-10	-9.2438E-11	1.3054E-06	-1.5539E-06
1.4665E-10	-9.1659E-11	6.6695E-07	-2.3152E-06
1.4593E-10	-9.0885E-11	6.1666E-07	-1.1019E-06
1.4521E-10	-9.0117E-11	1.6016E-06	-1.2182E-06
1.4450E-10	-8.9354E-11	1.7752E-06	-1.7964E-06
1.4379E-10	-8.8597E-11	1.5338E-06	-2.2247E-06
1.4308E-10	-8.7846E-11	9.5319E-07	-2.0193E-06
1.4238E-10	-8.7100E-11	1.6877E-06	-1.5278E-06
1.4167E-10	-8.6360E-11	1.4515E-06	-2.7902E-06
1.4097E-10	-8.5626E-11	8.2432E-07	-1.5441E-06
1.4028E-10	-8.4896E-11	2.0544E-06	-2.6440E-06
1.3958E-10	-8.4173E-11	-3.1849E-08	-2.2585E-06
1.3889E-10	-8.3454E-11	2.2602E-06	-1.2515E-06
1.3821E-10	-8.2741E-11	1.2630E-06	-3.9946E-06
1.3752E-10	-8.2033E-11	-3.8100E-07	-2.2400E-06
1.3684E-10	-8.1331E-11	4.8355E-07	-1.8802E-06
1.3616E-10	-8.0633E-11	3.4207E-07	-1.7215E-06
1.3549E-10	-7.9941E-11	5.6560E-07	-1.6539E-06
1.3481E-10	-7.9254E-11	5.5357E-07	-1.4942E-06
1.3414E-10	-7.8572E-11	6.4691E-07	-1.6534E-06
1.3348E-10	-7.7896E-11	4.4835E-08	-1.1548E-06
1.3281E-10	-7.7224E-11	1.2569E-06	-1.2346E-07
1.3215E-10	-7.6557E-11	1.9628E-06	-1.8796E-06
1.3149E-10	-7.5896E-11	1.7808E-07	-1.0771E-06
1.3083E-10	-7.5239E-11	2.7599E-06	-7.5435E-08
1.3018E-10	-7.4587E-11	2.7046E-06	-3.1100E-06
1.2953E-10	-7.3940E-11	8.2918E-07	-2.9206E-06
1.2888E-10	-7.3298E-11	3.0174E-08	-2.3812E-06
1.2824E-10	-7.2661E-11	1.1597E-07	-9.3082E-07
1.2760E-10	-7.2028E-11	7.2292E-07	-6.8503E-07
1.2696E-10	-7.1401E-11	2.1236E-06	-1.1829E-08
1.2632E-10	-7.0778E-11	2.6197E-06	-2.4173E-06
1.2569E-10	-7.0159E-11	1.0451E-06	-1.4486E-06
1.2506E-10	-6.9546E-11	2.6769E-06	-1.9556E-06
1.2443E-10	-6.8937E-11	1.4849E-06	-2.6207E-06
1.2381E-10	-6.8332E-11	1.7451E-06	-3.1527E-06
1.2318E-10	-6.7732E-11	-6.3018E-07	-2.8639E-06
1.2256E-10	-6.7137E-11	5.6955E-07	-9.4159E-07
1.2195E-10	-6.6546E-11	5.3789E-07	-1.6444E-06
1.2133E-10	-6.5960E-11	1.2224E-06	-6.4882E-07
1.2072E-10	-6.5378E-11	1.7876E-06	-1.7078E-06
1.2011E-10	-6.4800E-11	1.4373E-06	-2.2302E-06
1.1951E-10	-6.4227E-11	-4.6959E-08	-1.8295E-06
1.1890E-10	-6.3658E-11	1.6648E-06	-1.1029E-08
1.1830E-10	-6.3094E-11	2.1503E-06	-2.3637E-06
1.1770E-10	-6.2533E-11	1.1423E-06	-1.2845E-06
1.1711E-10	-6.1977E-11	2.2599E-06	-2.0549E-06
1.1651E-10	-6.1426E-11	1.4544E-06	-2.1375E-06
1.1592E-10	-6.0878E-11	1.8823E-06	-2.7079E-06
1.1534E-10	-6.0335E-11	5.2902E-07	-2.8905E-06
1.1475E-10	-5.9796E-11	4.0555E-07	-1.9219E-06
1.1417E-10	-5.9260E-11	1.0099E-06	-1.5938E-06
1.1359E-10	-5.8729E-11	9.6871E-07	-2.3630E-06
1.1301E-10	-5.8202E-11	4.5750E-07	-1.4741E-06
1.1244E-10	-5.7679E-11	1.4554E-06	-2.0914E-06
1.1186E-10	-5.7161E-11	-1.0631E-07	-2.0985E-06
1.1129E-10	-5.6646E-11	7.9936E-07	-6.3460E-07
1.1073E-10	-5.6135E-11	1.7419E-06	-1.5258E-06
1.1016E-10	-5.5627E-11	1.0950E-06	-2.2829E-06
1.0960E-10	-5.5124E-11	6.5367E-07	-1.3479E-06
1.0904E-10	-5.4625E-11	1.7410E-06	-1.8609E-06
1.0848E-10	-5.4129E-11	6.1691E-07	-2.0794E-06
1.0793E-10	-5.3638E-11	1.5511E-06	-1.9187E-06
1.0738E-10	-5.3150E-11	-6.5877E-08	-2.8332E-06
1.0683E-10	-5.2665E-11	1.7626E-08	-6.3769E-07
1.0628E-10	-5.2185E-11	1.2807E-06	-1.0167E-06
1.0574E-10	-5.1708E-11	1.8240E-06	-1.7033E-06
1.0519E-10	-5.1235E-11	2.4848E-07	-2.8724E-06
1.0465E-10	-5.0766E-11	-1.3816E-07	-3.3158E-07
1.0412E-10	-5.0300E-11	1.7833E-06	-9.9699E-07
1.0358E-10	-4.9838E-11	1.4312E-06	-1.4041E-06
1.0305E-10	-4.9379E-11	1.5019E-06	-2.2864E-06
1.0252E-10	-4.8924E-11	3.0480E-07	-1.5796E-06
1.0199E-10	-4.8473E-11	1.3966E-06	-1.4317E-06
1.0147E-10	-4.8025E-11	6.2624E-07	-1.6325E-06
1.0094E-10	-4.7580E-11	1.5212E-06	-1.2087E-06
1.0042E-10	-4.7139E-11	1.0062E-06	-2.1347E-06
9.9906E-11	-4.6701E-11	9.2496E-07	-1.3123E-06
9.9390E-11	-4.6267E-11	1.2084E-06	-1.9530E-06
9.8877E-11	-4.5836E-11	4.7404E-07	-1.3955E-06
9.8366E-11	-4.5409E-11	1.7374E-06	-1.1631E-06
9.7857E-11	-4.4984E-11	1.0146E-06	-2.6425E-06
9.7351E-11	-4.4564E-11	1.8579E-07	-9.6011E-07
9.6847E-11	-4.4146E-11	2.1079E-06	-1.4216E-06
9.6345E-11	-4.3732E-11	6.7458E-07	-2.7367E-06
9.5846E-11	-4.3321E-11	5.6779E-08	-1.2277E-06
9.5349E-11	-4.2913E-11	1.1961E-06	-8.8715E-07
9.4854E-11	-4.2508E-11	1.1954E-06	-1.6851E-06
9.4361E-11	-4.2107E-11	1.0710E-06	-8.4082E-07
9.3871E-11	-4.1708E-11	2.5961E-06	-1.9663E-06
9.3383E-11	-4.1313E-11	5.5664E-07	-3.1660E-06
9.2897E-11	-4.0921E-11	2.5883E-07	-1.5934E-06
9.2414E-11	-4.0532E-11	4.2236E-07	-1.6019E-06
9.1933E-11	-4.0146E-11	9.1928E-07	-8.4059E-07
9.1454E-11	-3.9763E-11	1.5318E-06	-1.7635E-06
9.0977E-11	-3.9383E-11	8.8352E-07	-1.7099E-06
9.0502E-11	-3.9006E-11	1.6004E-06	-1.8261E-06
9.0030E-11	-3.8632E-11	6.0993E-07	-3.0421E-06
8.9560E-11	-3.8261E-11	-4.9560E-07	-1.4138E-06
8.9092E-11	-3.7893E-11	8.6842E-07	-1.3934E-06
8.8626E-11	-3.7528E-11	-3.8508E-07	-1.2366E-06
8.8162E-11	-3.7166E-11	1.4863E-06	1.2662E-07
8.7701E-11	-3.6807E-11	1.7737E-06	-1.9126E-06
8.7241E-11	-3.6450E-11	1.2996E-06	-1.3733E-06
8.6784E-11	-3.6097E-11	1.6000E-06	-2.4078E-06
8.6329E-11	-3.5746E-11	5.8914E-07	-2.1698E-06
8.5876E-11	-3.5398E-11	8.6023E-07	-2.1865E-06
8.5425E-11	-3.5053E-11	1.7058E-07	-2.3472E-06
8.4977E-11	-3.4710E-11	-2.1222E-07	-1.7064E-06
8.4530E-11	-3.4370E-11	1.0427E-07	-1.2067E-06
8.4086E-11	-3.4033E-11	2.8877E-07	-1.0963E-06
8.3643E-11	-3.3699E-11	8.7921E-07	-1.3425E-06
8.3203E-11	-3.3367E-11	-5.3590E-07	-1.9271E-06
8.2765E-11	-3.3038E-11	-2.6235E-07	9.1075E-07
8.2328E-11	-3.2712E-11	2.8226E-06	-3.5291E-07
8.1894E-11	-3.2388E-11	1.4364E-06	-2.5457E-06
8.1462E-11	-3.2067E-11	4.9082E-08	-1.6934E-06
8.1032E-11	-3.1748E-11	7.4139E-07	-6.4718E-07
8.0604E-11	-3.1432E-11	1.1164E-06	-1.6440E-06
8.0178E-11	-3.1119E-11	3.6595E-07	-8.6331E-07
7.9754E-11	-3.0808E-11	1.5988E-06	-1.2217E-06
7.9332E-11	-3.0499E-11	4.7458E-07	-1.4256E-06
7.8912E-11	-3.0193E-11	1.7023E-06	-9.7443E-07
7.8495E-11	-2.9890E-11	6.7911E-07	-2.2909E-06
7.8079E-11	-2.9589E-11	8.7459E-07	-5.6678E-07
7.7665E-11	-2.9290E-11	1.9946E-06	-2.4320E-06
7.7253E-11	-2.8994E-11	-2.9638E-07	-2.5799E-06
7.6843E-11	-2.8700E-11	-1.3804E-07	-1.1226E-06
7.6434E-11	-2.8409E-11	2.1601E-07	-8.8871E-07
7.6028E-11	-2.8120E-11	9.3671E-07	-6.4956E-07
7.5624E-11	-2.7833E-11	1.2878E-06	-1.6337E-06
7.5222E-11	-2.7549E-11	7.7990E-08	-2.0429E-06
7.4821E-11	-2.7267E-11	-4.7873E-07	-4.9183E-07
7.4423E-11	-2.6987E-11	1.2296E-06	8.9315E-08
7.4026E-11	-2.6710E-11	1.6772E-06	-1.1584E-06
7.3632E-11	-2.6435E-11	1.3598E-06	-1.6760E-06
7.3239E-11	-2.6162E-11	4.0765E-07	-1.9274E-06
7.2848E-11	-2.5891E-11	5.4158E-07	-7.2398E-07
7.2459E-11	-2.5622E-11	1.1860E-06	-1.6796E-06
7.2072E-11	-2.5356E-11	6.4419E-08	-1.3019E-06
7.1687E-11	-2.5092E-11	8.3760E-07	-8.9905E-07
7.1304E-11	-2.4830E-11	5.8005E-07	-1.0485E-06
7.0922E-11	-2.4570E-11	1.2303E-06	-9.3730E-07
7.0542E-11	-2.4313E-11	8.3125E-07	-1.7430E-06
7.0164E-11	-2.4057E-11	2.1694E-07	-1.1958E-06
6.9788E-11	-2.3804E-11	7.7185E-07	-5.2365E-07
6.9414E-11	-2.3553E-11	1.3737E-06	-1.4982E-06
6.9042E-11	-2.3304E-11	8.1536E-08	-1.1671E-06
6.8671E-11	-2.3056E-11	1.6930E-06	-7.0779E-07
6.8302E-11	-2.2811E-11	5.4768E-07	-2.4936E-06
6.7935E-11	-2.2568E-11	-4.9087E-08	-7.8456E-07
6.7570E-11	-2.2327E-11	4.5363E-07	-1.2385E-06
6.7207E-11	-2.2088E-11	1.7381E-07	-3.5723E-07
6.6845E-11	-2.1851E-11	9.4158E-07	-5.5993E-07
6.6485E-11	-2.1616E-11	1.3073E-06	-3.6592E-07
6.6127E-11	-2.1383E-11	1.4839E-06	-1.9340E-06
6.5770E-11	-2.1152E-11	-3.8608E-07	-9.3714E-07
6.5416E-11	-2.0922E-11	1.3469E-06	5.3700E-08
6.5063E-11	-2.0695E-11	1.5374E-06	-1.0897E-06
6.4711E-11	-2.0470E-11	1.4459E-06	-1.3743E-06
6.4362E-11	-2.0246E-11	7.2579E-07	-1.7732E-06
6.4014E-11	-2.0024E-11	3.1651E-07	-9.5012E-07
6.3668E-11	-1.9805E-11	1.0877E-06	-5.7391E-07
6.3323E-11	-1.9587E-11	1.3051E-06	-1.4786E-06
6.2981E-11	-1.9371E-11	2.7548E-07	-1.2681E-06
6.2640E-11	-1.9156E-11	8.8994E-07	-3.8306E-07
6.2300E-11	-1.8944E-11	1.4924E-06	-1.1170E-06
6.1962E-11	-1.8733E-11	8.1001E-07	-1.4719E-06
6.1626E-11	-1.8524E-11	6.5305E-07	-9.2045E-07
6.1292E-11	-1.8317E-11	9.9647E-07	-7.7276E-07
6.0959E-11	-1.8112E-11	1.3831E-06	-1.1641E-06
6.0628E-11	-1.7908E-11	3.8849E-07	-1.5612E-06
6.0299E-11	-1.7706E-11	5.8571E-07	2.2008E-08
5.9971E-11	-1.7506E-11	1.8895E-06	-6.6394E-07
5.9644E-11	-1.7307E-11	1.7697E-06	-1.1860E-06
5.9320E-11	-1.7110E-11	1.3178E-06	-2.0775E-06
5.8997E-11	-1.6915E-11	5.6758E-07	-9.7068E-07
5.8675E-11	-1.6722E-11	1.7461E-06	-1.5202E-06
5.8355E-11	-1.6530E-11	5.7960E-07	-1.9079E-06
5.8037E-11	-1.6340E-11	4.0704E-07	-1.6250E-06
5.7720E-11	-1.6151E-11	-2.2527E-07	-4.1284E-07
5.7405E-11	-1.5964E-11	1.8679E-06	-9.4265E-08
5.7092E-11	-1.5779E-11	1.4496E-06	-1.7415E-06
5.6780E-11	-1.5595E-11	5.9180E-07	-1.1866E-06
5.6469E-11	-1.5413E-11	1.2200E-06	-2.5451E-07
5.6160E-11	-1.5232E-11	2.4052E-06	-1.3302E-06
5.5853E-11	-1.5053E-11	1.6822E-06	-2.0113E-06
5.5547E-11	-1.4876E-11	1.3384E-06	-3.0067E-06
5.5243E-11	-1.4700E-11	-6.9681E-07	-1.8389E-06
5.4940E-11	-1.4525E-11	1.0388E-06	-1.3129E-06
5.4639E-11	-1.4352E-11	-7.5139E-07	-1.5421E-06
5.4339E-11	-1.4181E-11	1.3102E-06	2.5478E-07
5.4041E-11	-1.4011E-11	1.0923E-06	-1.9683E-06
5.3744E-11	-1.3842E-11	8.3286E-07	-8.1959E-07
5.3449E-11	-1.3675E-11	8.6839E-07	-1.7438E-06
5.3155E-11	-1.3510E-11	7.6480E-07	-8.8472E-07
5.2862E-11	-1.3346E-11	9.2370E-07	-1.6677E-06
5.2571E-11	-1.3183E-11	6.4720E-07	-1.0086E-06
5.2282E-11	-1.3022E-11	8.9038E-07	-1.4529E-06
5.1994E-11	-1.2862E-11	7.9703E-07	-9.0200E-07
5.1708E-11	-1.2704E-11	1.5174E-06	-1.5422E-06
5.1422E-11	-1.2546E-11	6.7164E-07	-2.3056E-06
5.1139E-11	-1.2391E-11	-3.1288E-07	-1.3359E-06
5.0857E-11	-1.2236E-11	9.6678E-07	-8.7554E-07
5.0576E-11	-1.2084E-11	1.0018E-07	-1.7307E-06
5.0296E-11	-1.1932E-11	5.0921E-07	-5.1700E-07
5.0018E-11	-1.1782E-11	2.2444E-07	-1.3095E-06
4.9742E-11	-1.1633E-11	7.9785E-07	4.7513E-07
4.9467E-11	-1.1485E-11	2.2962E-06	-1.3908E-06
4.9193E-11	-1.1339E-11	9.7522E-07	-1.8766E-06
4.8920E-11	-1.1194E-11	3.4222E-07	-1.6875E-06
4.8649E-11	-1.1050E-11	1.0762E-06	-3.4660E-07
4.8380E-11	-1.0908E-11	1.6925E-06	-2.8548E-06
4.8111E-11	-1.0766E-11	-1.3420E-06	-1.4326E-06
4.7844E-11	-1.0627E-11	1.1910E-06	1.4038E-07
4.7579E-11	-1.0488E-11	1.1047E-06	-1.4799E-06
4.7315E-11	-1.0350E-11	1.1086E-06	-1.0167E-06
4.7052E-11	-1.0214E-11	1.1564E-06	-1.7630E-06
4.6790E-11	-1.0079E-11	6.3166E-07	-1.6780E-06
4.6530E-11	-9.9455E-12	3.7678E-07	-1.5405E-06
4.6271E-11	-9.8130E-12	4.2997E-07	-8.5234E-07
4.6013E-11	-9.6816E-12	1.3825E-06	-1.0845E-06
4.5757E-11	-9.5514E-12	9.4070E-07	-2.0008E-06
4.5502E-11	-9.4224E-12	3.5468E-07	-1.5091E-06
4.5248E-11	-9.2946E-12	8.0907E-07	-1.2912E-06
4.4996E-11	-9.1679E-12	7.8674E-07	-1.8198E-06
4.4745E-11	-9.0424E-12	2.6552E-07	-1.5083E-06
4.4495E-11	-8.9180E-12	9.2706E-07	-1.5246E-06
4.4247E-11	-8.7947E-12	6.0853E-08	-2.1441E-06
4.3999E-11	-8.6726E-12	2.6509E-08	-1.0400E-06
4.3753E-11	-8.5515E-12	4.5327E-07	-1.4411E-06
4.3509E-11	-8.4316E-12	4.2938E-07	-1.1584E-06
4.3265E-11	-8.3128E-12	6.7440E-07	-2.0155E-06
4.3023E-11	-8.1950E-12	-7.9433E-07	-1.8032E-06
4.2782E-11	-8.0784E-12	-2.7113E-07	-3.2893E-07
4.2542E-11	-7.9628E-12	5.9738E-07	-1.1158E-06
4.2304E-11	-7.8483E-12	-4.8934E-07	-8.4167E-07
4.2066E-11	-7.7348E-12	8.6370E-07	7.4356E-08
4.1830E-11	-7.6224E-12	1.0221E-06	-1.3462E-06
4.1596E-11	-7.5110E-12	4.9239E-07	-1.0272E-06
4.1362E-11	-7.4006E-12	4.7834E-07	-1.0525E-06
4.1129E-11	-7.2913E-12	8.7743E-07	-6.5756E-07
4.0898E-11	-7.1830E-12	9.7654E-07	-1.4026E-06
4.0668E-11	-7.0757E-12	9.1584E-07	-1.0813E-06
4.0439E-11	-6.9694E-12	1.1417E-06	-1.9230E-06
4.0212E-11	-6.8640E-12	3.2446E-07	-2.1093E-06
3.9985E-11	-6.7597E-12	-4.3396E-07	-1.7914E-06
3.9760E-11	-6.6563E-12	-1.1028E-07	-7.1775E-07
3.9536E-11	-6.5539E-12	1.7930E-07	-1.1063E-06
3.9313E-11	-6.4525E-12	5.7751E-07	-5.8939E-07
3.9091E-11	-6.3520E-12	3.8313E-07	-1.9110E-06
3.8870E-11	-6.2525E-12	-6.2273E-07	-1.5879E-07
3.8651E-11	-6.1539E-12	1.4607E-06	-1.6311E-07
3.8432E-11	-6.0562E-12	1.6434E-06	-1.0099E-06
3.8215E-11	-5.9595E-12	1.9050E-06	-2.7557E-06
3.7999E-11	-5.8636E-12	-8.8235E-07	-2.9916E-06
3.7784E-11	-5.7687E-12	-6.8251E-07	-7.6498E-07
3.7570E-11	-5.6747E-12	3.8044E-07	-1.1702E-06
3.7357E-11	-5.5816E-12	-3.2835E-07	-1.5246E-06
3.7145E-11	-5.4893E-12	-1.7521E-07	-4.6673E-07
3.6935E-11	-5.3980E-12	4.2685E-07	-1.2147E-06
3.6725E-11	-5.3075E-12	-4.3536E-07	-5.1991E-07
3.6517E-11	-5.2179E-12	1.1332E-06	-1.8445E-07
3.6310E-11	-5.1291E-12	1.2342E-06	-1.5182E-06
3.6103E-11	-5.0412E-12	3.2780E-07	-2.1741E-06
3.5898E-11	-4.9542E-12	-7.2107E-07	-1.0135E-06
3.5694E-11	-4.8679E-12	7.5195E-07	-6.5571E-07
3.5491E-11	-4.7825E-12	-3.7241E-08	-1.4728E-06
3.5289E-11	-4.6980E-12	5.8083E-07	-3.9695E-07
3.5088E-11	-4.6143E-12	7.2652E-07	-2.1584E-06
3.4889E-11	-4.5313E-12	-1.2024E-06	-8.3636E-07
3.4690E-11	-4.4492E-12	1.2871E-06	2.6986E-07
3.4492E-11	-4.3679E-12	9.4506E-07	-2.4404E-06
3.4295E-11	-4.2874E-12	-7.8216E-07	-8.3018E-07
3.4100E-11	-4.2076E-12	9.4332E-07	-6.6315E-07
3.3905E-11	-4.1287E-12	2.1681E-07	-1.2083E-06
3.3711E-11	-4.0505E-12	1.1212E-06	-8.2908E-07
3.3519E-11	-3.9731E-12	5.7696E-07	-2.3276E-06
3.3327E-11	-3.8964E-12	-4.7848E-07	-1.2200E-06
3.3137E-11	-3.8205E-12	5.4609E-07	-1.0718E-06
3.2947E-11	-3.7454E-12	5.0634E-09	-1.5255E-06
3.2759E-11	-3.6710E-12	3.1564E-07	-1.0020E-06
3.2571E-11	-3.5973E-12	1.7486E-07	-1.7035E-06
3.2384E-11	-3.5244E-12	-1.3785E-07	-1.1160E-06
3.2199E-11	-3.4522E-12	-1.4765E-07	-1.3790E-06
3.2014E-11	-3.3807E-12	-1.3662E-07	-2.2056E-07
3.1831E-11	-3.3099E-12	1.3315E-06	-1.1585E-06
3.1648E-11	-3.2399E-12	2.1115E-07	-1.7433E-06
3.1466E-11	-3.1705E-12	5.2751E-07	-1.5956E-06
3.1286E-11	-3.1019E-12	-4.8119E-09	-1.9784E-06
3.1106E-11	-3.0339E-12	-3.1254E-07	-2.2141E-06
3.0927E-11	-2.9666E-12	-1.7759E-06	-1.2348E-06
3.0749E-11	-2.9000E-12	1.5650E-07	2.1105E-07
3.0572E-11	-2.8341E-12	3.1986E-07	-1.9343E-06
3.0396E-11	-2.7689E-12	-1.3209E-06	-9.7623E-07
3.0221E-11	-2.7043E-12	-2.4839E-07	2.3509E-07
3.0047E-11	-2.6404E-12	7.9363E-07	-2.6480E-07
2.9874E-11	-2.5771E-12	1.0786E-06	-9.4381E-07
2.9701E-11	-2.5145E-12	9.7200E-07	-1.9949E-06
2.9530E-11	-2.4525E-12	-4.1208E-07	-2.1464E-06
2.9360E-11	-2.3911E-12	-3.6977E-07	-1.2137E-06
2.9190E-11	-2.3304E-12	-2.6852E-07	-1.4435E-06
2.9022E-11	-2.2703E-12	-3.7613E-07	-1.1285E-06
2.8854E-11	-2.2109E-12	-1.9111E-07	-1.2748E-06
2.8687E-11	-2.1520E-12	-5.1460E-07	-1.3708E-06
2.8521E-11	-2.0938E-12	-9.6191E-07	-8.9998E-07
2.8356E-11	-2.0362E-12	-2.2937E-07	1.5064E-07
2.8192E-11	-1.9792E-12	1.2208E-06	-1.0722E-06
2.8029E-11	-1.9227E-12	-6.2737E-07	-2.2234E-06
2.7866E-11	-1.8669E-12	-5.4873E-07	-2.2027E-07
2.7705E-11	-1.8117E-12	4.4177E-07	-1.7540E-06
2.7544E-11	-1.7570E-12	-1.3053E-06	-1.0142E-06
2.7384E-11	-1.7029E-12	1.7251E-07	-7.7952E-07
2.7225E-11	-1.6494E-12	-1.2610E-06	-1.0951E-06
2.7067E-11	-1.5964E-12	1.3637E-08	3.1754E-07
2.6910E-11	-1.5441E-12	5.3940E-08	-8.7575E-07
2.6753E-11	-1.4922E-12	3.8539E-07	-7.7482E-08
2.6598E-11	-1.4410E-12	8.7825E-07	-1.1984E-06
2.6443E-11	-1.3903E-12	5.1424E-07	-1.4512E-06
2.6289E-11	-1.3401E-12	-2.0066E-07	-1.7356E-06
2.6136E-11	-1.2904E-12	3.1293E-07	-8.7501E-07
2.5984E-11	-1.2414E-12	3.4811E-07	-2.6240E-06
2.5832E-11	-1.1928E-12	-1.6489E-06	-1.9505E-06
2.5682E-11	-1.1447E-12	-1.3786E-06	-1.9006E-07
2.5532E-11	-1.0972E-12	7.8567E-07	1.7968E-07
2.5383E-11	-1.0502E-12	8.7403E-07	-2.3398E-06
2.5235E-11	-1.0038E-12	-4.8380E-07	-1.9808E-06
2.5087E-11	-9.5778E-13	-9.0419E-07	-2.6727E-06
2.4941E-11	-9.1231E-13	-2.3202E-06	-9.2584E-07
2.4795E-11	-8.6734E-13	-6.8468E-07	-4.7343E-07
2.4650E-11	-8.2287E-13	-7.8560E-07	-5.6920E-07
2.4506E-11	-7.7889E-13	-1.4987E-07	-1.4779E-06
2.4362E-11	-7.3540E-13	-2.0581E-06	-1.0627E-06
2.4220E-11	-6.9240E-13	-5.9555E-07	2.9252E-07
2.4078E-11	-6.4987E-13	-3.2377E-07	-6.5131E-07
2.3937E-11	-6.0782E-13	-2.9438E-07	-9.9522E-07
2.3796E-11	-5.6625E-13	-1.3385E-06	-7.6817E-07
2.3657E-11	-5.2514E-13	-2.8652E-07	-5.7152E-08
2.3518E-11	-4.8449E-13	-7.6715E-07	-7.4003E-07
2.3380E-11	-4.4431E-13	-1.8532E-07	9.9526E-08
2.3243E-11	-4.0458E-13	-1.3237E-07	-6.2850E-07
2.3106E-11	-3.6531E-13	6.3844E-07	-2.6587E-07
2.2970E-11	-3.2648E-13	2.2077E-07	-2.4793E-06
2.2835E-11	-2.8810E-13	-2.0693E-06	-1.0445E-06
2.2701E-11	-2.5016E-13	-3.4998E-07	5.0635E-07
2.2567E-11	-2.1265E-13	4.7918E-07	-9.9827E-07
2.2434E-11	-1.7558E-13	-6.9872E-07	-9.6151E-07
2.2302E-11	-1.3894E-13	4.3605E-07	-4.4342E-07
2.2171E-11	-1.0273E-13	7.3320E-08	-2.0650E-06
2.2040E-11	-6.6937E-14	-8.8506E-07	-1.4409E-06
2.1910E-11	-3.1564E-14	-8.9226E-07	-1.4953E-06
2.1781E-11	3.3942E-15	-1.3059E-06	-8.6606E-07
2.1652E-11	3.7941E-14	-7.5081E-07	-6.4615E-07
2.1524E-11	7.2079E-14	-7.1645E-07	-9.4151E-07
2.1397E-11	1.0581E-13	-1.1725E-06	-7.6057E-07
2.1270E-11	1.3915E-13	-5.9074E-07	-9.8697E-08
2.1145E-11	1.7208E-13	-2.1029E-07	-8.0602E-07
2.1020E-11	2.0462E-13	-4.2585E-07	-7.2126E-07
2.0895E-11	2.3677E-13	-1.4923E-07	-1.0140E-06
2.0771E-11	2.6854E-13	-2.9525E-07	-1.4613E-06
2.0648E-11	2.9992E-13	-1.1575E-06	-1.7378E-06
2.0526E-11	3.3092E-13	-1.4087E-06	-7.4135E-07
2.0404E-11	3.6154E-13	-1.0267E-06	-7.5734E-07
2.0283E-11	3.9179E-13	-8.9501E-07	-3.8782E-07
2.0163E-11	4.2166E-13	-5.0279E-07	-8.8602E-07
2.0043E-11	4.5117E-13	-8.4818E-07	-8.1308E-07
1.9924E-11	4.8032E-13	-7.1763E-07	-1.0570E-06
1.9806E-11	5.0910E-13	-1.1403E-06	-7.4617E-07
1.9688E-11	5.3753E-13	-6.3233E-07	-8.0504E-07
1.9571E-11	5.6560E-13	-1.1626E-06	-9.2166E-07
1.9454E-11	5.9332E-13	-7.3973E-07	-4.4053E-07
1.9339E-11	6.2069E-13	-6.1673E-07	-1.1040E-06
1.9224E-11	6.4772E-13	-1.1979E-06	-9.2896E-07
1.9109E-11	6.7441E-13	-9.4477E-07	-6.6591E-07
1.8995E-11	7.0075E-13	-1.1558E-06	-5.7418E-07
1.8882E-11	7.2676E-13	-1.4390E-07	-3.0496E-09
1.8769E-11	7.5244E-13	3.7907E-07	-2.1470E-06
1.8657E-11	7.7778E-13	-2.4142E-06	-2.2592E-06
1.8546E-11	8.0280E-13	-2.0322E-06	3.8595E-07
1.8435E-11	8.2749E-13	-1.6015E-07	-3.9600E-07
1.8325E-11	8.5186E-13	-1.1430E-06	-1.0873E-06
1.8215E-11	8.7592E-13	-5.2000E-07	-2.4747E-07
1.8107E-11	8.9966E-13	-1.3770E-07	-1.7134E-06
1.7998E-11	9.2308E-13	-1.4668E-06	-1.6139E-06
1.7890E-11	9.4619E-13	-1.0728E-06	-1.1331E-06
1.7783E-11	9.6900E-13	-1.4169E-06	-1.6113E-06
1.7677E-11	9.9150E-13	-1.5811E-06	-7.7336E-07
1.7571E-11	1.0137E-12	-4.6413E-07	-1.5858E-06
1.7466E-11	1.0356E-12	-2.5132E-06	-2.5868E-06
1.7361E-11	1.0572E-12	-2.6251E-06	-1.6471E-07
1.7257E-11	1.0785E-12	-1.3089E-06	-1.3852E-06
1.7153E-11	1.0995E-12	-3.2221E-06	-9.3941E-07
1.7050E-11	1.1203E-12	-1.8522E-06	4.0636E-07
1.6948E-11	1.1407E-12	-1.6703E-06	-4.0256E-07
1.6846E-11	1.1609E-12	-1.1679E-06	-4.8555E-08
1.6744E-11	1.1808E-12	-1.3314E-06	-1.2501E-06
1.6644E-11	1.2004E-12	-1.8771E-06	-3.0901E-07
1.6544E-11	1.2197E-12	-9.5293E-07	-1.0843E-06
1.6444E-11	1.2387E-12	-2.1829E-06	-1.2124E-06
1.6345E-11	1.2575E-12	-1.9315E-06	-8.8968E-07
1.6246E-11	1.2760E-12	-2.4584E-06	-2.9288E-07
1.6149E-11	1.2943E-12	-7.2792E-07	-4.2731E-07
1.6051E-11	1.3123E-12	-2.2478E-06	-1.9237E-06
1.5954E-11	1.3300E-12	-2.1531E-06	-2.8434E-07
1.5858E-11	1.3475E-12	-1.7784E-06	-1.4892E-06
1.5762E-11	1.3647E-12	-2.5523E-06	-1.1510E-06
1.5667E-11	1.3816E-12	-2.9283E-06	-1.1646E-06
1.5572E-11	1.3984E-12	-2.6676E-06	-7.3222E-08
1.5478E-11	1.4148E-12	-1.9928E-06	-1.0549E-06
1.5385E-11	1.4310E-12	-2.5980E-06	-1.1152E-06
1.5291E-11	1.4470E-12	-2.8337E-06	-1.8822E-06
1.5199E-11	1.4627E-12	-4.2987E-06	-1.5374E-06
1.5107E-11	1.4782E-12	-4.9256E-06	-9.1505E-07
1.5015E-11	1.4935E-12	-5.7781E-06	9.2371E-07
