jMRUI Data Textfile

Filename: Export_to_jmrui.txt

PointsInDataset: 2048
DatasetsInFile: 1
SamplingInterval: 0.250000
ZeroOrderPhase: 0E0
BeginTime: 0E0
TransmitterFrequency: 1.2326E8
MagneticField: 2.8936E0
TypeOfNucleus:  
NameOfPatient:  
DateOfExperiment:  
Spectrometer:  
AdditionalInfo: 
SignalNames:  


Signal and FFT
sig(real)	sig(imag)	fft(real)	fft(imag)
Signal 1 out of 1 in file
6.4477E-07	2.6838E-08	1.0742E-06	1.5127E-06
8.6605E-07	-1.4656E-07	8.0945E-07	6.1120E-07
6.3368E-07	-3.7397E-07	-1.6074E-06	9.6282E-07
3.5217E-07	-4.6855E-07	2.4807E-07	-4.0933E-07
4.0893E-08	-4.2753E-07	4.2380E-07	-1.4601E-06
-8.8634E-08	-2.2130E-07	4.5877E-08	1.1977E-06
-2.0515E-07	-1.0329E-07	-2.0763E-07	-1.5801E-06
-5.4254E-08	5.6526E-08	2.1721E-07	-6.1101E-07
9.0582E-08	4.6686E-08	-5.6288E-07	-1.4190E-06
2.2674E-07	2.4514E-08	7.8310E-07	1.1871E-06
2.7681E-07	-1.3182E-07	1.3203E-07	1.3513E-06
2.1765E-07	-2.1314E-07	1.3520E-06	1.5773E-06
1.2342E-07	-2.7631E-07	3.7423E-07	6.8746E-07
-5.7073E-09	-2.0436E-07	1.1544E-06	-2.0064E-06
-9.1058E-08	-1.2278E-07	-2.9455E-07	-1.3742E-06
-8.2424E-08	-6.2473E-08	1.3622E-06	7.8474E-07
-4.3475E-08	5.2715E-08	3.7771E-07	-4.7857E-07
2.9505E-08	6.5140E-08	-2.7526E-07	2.4183E-06
1.0847E-07	3.6709E-08	-6.3165E-09	-1.2984E-06
8.9469E-08	-1.1611E-07	-7.4532E-07	5.4191E-07
1.5634E-08	-1.1519E-07	2.4819E-06	1.9924E-07
-7.1313E-08	-1.1661E-07	3.1837E-07	7.9453E-07
-1.5836E-07	-5.5934E-08	4.5924E-07	5.7021E-07
-1.5090E-07	3.0078E-08	2.2430E-08	1.4908E-07
-1.1461E-07	6.5394E-08	-1.8227E-06	-1.3053E-07
4.0076E-09	1.4467E-07	1.4003E-06	-5.9832E-07
1.0851E-07	7.1528E-08	2.2285E-07	-5.8539E-07
1.0517E-07	-1.5945E-08	-7.6180E-07	3.2865E-07
1.0869E-07	-2.4667E-08	-8.1433E-07	9.3108E-07
2.1974E-08	-7.1919E-08	8.9931E-07	-9.2044E-07
-5.3190E-08	-3.7767E-08	-4.5031E-07	-7.0137E-07
-1.1578E-07	1.5612E-08	-4.4011E-07	-5.0982E-07
-7.8680E-08	1.2078E-07	-4.3196E-07	-3.5259E-07
-2.7561E-09	1.9430E-07	7.0041E-07	-1.0975E-06
3.5315E-08	1.8821E-07	5.9771E-07	7.1446E-07
1.0958E-07	1.2737E-07	4.0230E-07	1.6499E-06
1.3565E-07	9.1121E-08	-5.9271E-07	-1.2902E-06
1.3167E-07	3.6853E-08	-1.1118E-06	-6.1510E-07
7.5937E-08	3.0420E-08	-1.2576E-06	2.2641E-06
7.5722E-08	1.4441E-08	1.0350E-07	-5.0206E-07
2.9785E-08	2.1425E-08	7.1961E-07	-6.2446E-07
6.2817E-08	4.0185E-08	-6.9316E-07	-6.3673E-07
1.1011E-07	5.8889E-08	-1.9868E-06	9.3239E-07
1.2439E-07	1.5506E-09	1.7001E-06	3.5770E-07
1.2743E-07	-3.2085E-08	-1.0325E-06	1.8780E-06
9.8105E-08	-6.2523E-08	4.3952E-07	-1.2269E-06
3.9471E-08	-1.0460E-07	5.1302E-07	-3.0142E-07
-8.9028E-09	-7.7721E-08	-3.4914E-07	2.0868E-07
-1.1326E-08	-5.7771E-08	1.0163E-06	-1.2475E-07
8.2202E-09	-1.1861E-09	1.3516E-06	-2.0038E-06
-1.1100E-08	2.5641E-08	-9.7217E-07	-1.1853E-06
1.6206E-08	1.9141E-08	3.6154E-07	6.4162E-07
5.0476E-08	-1.4759E-08	-5.6587E-08	-2.1223E-06
2.3884E-08	-2.2469E-08	5.8748E-07	-1.7971E-07
-4.2378E-09	-5.9112E-08	3.9236E-07	9.4772E-07
-2.8322E-08	-6.4364E-08	-1.6481E-06	-3.5604E-07
-8.8874E-08	-4.9931E-08	-9.1220E-07	1.0125E-06
-3.9391E-08	-6.1614E-08	1.5711E-06	7.1129E-07
-7.1375E-08	1.8364E-08	6.0963E-07	3.4492E-07
-3.7802E-08	9.4459E-09	1.3875E-06	2.0737E-06
4.9767E-08	3.6263E-08	-1.0358E-06	2.1327E-06
5.7212E-08	-2.5517E-08	3.1316E-07	2.1038E-06
-1.2592E-08	-5.7651E-08	-8.1408E-07	-4.0443E-07
-2.1994E-08	-4.8322E-08	-9.2167E-07	-3.6034E-08
-4.5588E-08	-8.4175E-08	-5.4264E-07	3.0548E-07
-9.0711E-08	-3.9799E-08	-4.9251E-07	-8.5068E-07
-1.0292E-07	-2.9395E-08	1.9202E-07	1.9191E-08
-1.0121E-07	1.2265E-09	1.4058E-07	-4.1530E-07
-7.9232E-08	3.9673E-08	1.6470E-07	8.6824E-08
-5.1484E-08	6.8062E-08	-5.6249E-08	-1.2644E-06
-6.2392E-08	6.5708E-08	-1.2237E-06	1.9800E-06
5.7862E-09	7.4724E-08	-2.2723E-07	1.8498E-06
-2.7075E-08	8.6889E-08	-2.0451E-07	1.1676E-06
-3.7966E-08	9.0778E-08	1.3601E-06	-1.0091E-06
2.3743E-08	9.1152E-08	-3.3828E-07	-3.9869E-07
1.6818E-08	7.8177E-08	-4.3372E-08	-5.1613E-07
2.0483E-08	4.1890E-08	-5.6169E-07	1.5370E-06
-2.0359E-08	2.1538E-08	4.3593E-08	-2.9279E-07
-1.2561E-08	-2.3323E-12	-1.3278E-06	-1.4643E-07
-1.9043E-08	4.0619E-08	-7.0052E-07	5.4136E-07
-9.1088E-08	3.4519E-08	5.1431E-07	1.3896E-07
-5.8692E-08	3.2166E-08	-1.6054E-06	-4.0672E-07
-8.0281E-09	8.7234E-08	1.6425E-06	3.2300E-07
-1.9434E-09	1.0041E-07	-6.6489E-07	2.9790E-07
1.0608E-08	8.1858E-08	7.2450E-07	4.3281E-08
5.5601E-08	1.1131E-07	1.2501E-06	6.7580E-08
5.9332E-08	8.4813E-09	1.7517E-07	-2.1363E-07
6.2834E-08	-5.1568E-08	2.1485E-07	7.9590E-07
4.3268E-08	-3.3754E-08	-5.6381E-07	2.4722E-07
-2.3721E-08	-1.6708E-08	3.7091E-07	5.6082E-08
-6.3434E-08	-2.0305E-08	-4.4893E-07	1.4698E-07
-6.5620E-08	5.4359E-08	-6.1945E-09	-1.3228E-06
-9.9847E-09	9.9469E-08	-7.8773E-07	-8.5655E-07
-1.5103E-08	6.4884E-08	-7.5195E-07	1.9324E-07
6.2938E-08	9.2394E-08	-6.7721E-07	1.2108E-07
7.9993E-09	1.8134E-08	4.8986E-07	1.1896E-06
4.8234E-08	-5.6506E-08	-4.1265E-07	2.4192E-07
4.6412E-08	-1.8685E-08	-1.3704E-06	9.2179E-07
5.9188E-09	2.5125E-08	5.2777E-07	-1.2613E-07
-1.9443E-08	2.9033E-08	5.8006E-07	5.5391E-07
-4.2623E-08	-7.2107E-09	-6.4108E-07	1.5166E-06
3.5426E-08	3.7520E-08	-3.6350E-07	-1.1821E-06
1.2829E-09	9.2004E-09	-7.3646E-07	7.2755E-07
-3.4830E-08	1.2724E-08	-4.3332E-07	-3.7141E-07
-3.6835E-08	3.4433E-08	-1.4682E-06	-3.3302E-07
-6.2795E-09	-6.6795E-08	-1.3408E-06	4.6407E-07
-7.1962E-08	-8.4039E-10	4.8536E-07	-3.6379E-07
-3.7389E-08	2.4539E-08	1.3910E-07	1.0757E-06
-6.1981E-08	4.2843E-08	-2.6660E-07	1.1386E-06
-6.7529E-08	5.3006E-08	-8.2584E-08	1.1399E-06
-2.3887E-08	4.8703E-08	2.3519E-06	1.4125E-06
1.5348E-08	7.7126E-08	-4.9325E-07	-4.1215E-07
-2.5910E-09	5.1291E-08	-1.0311E-06	1.0623E-06
-8.7018E-09	2.5167E-09	-1.3147E-07	2.3128E-07
-1.2067E-08	1.2528E-08	1.6012E-06	7.5755E-08
-4.1835E-08	3.6403E-08	-2.9606E-07	6.6439E-07
-6.4853E-08	6.7115E-08	7.7749E-07	1.4191E-08
-3.8217E-08	7.6696E-08	-1.1324E-06	-1.3084E-06
-4.3427E-08	6.0097E-08	1.2723E-07	-1.5092E-07
-1.6555E-08	7.6674E-08	2.6764E-07	5.9229E-07
-8.7452E-09	3.9207E-08	5.2616E-07	1.8824E-07
2.3532E-08	6.4061E-08	-7.5330E-07	8.8905E-07
3.4950E-08	5.9945E-08	-2.9049E-07	2.3664E-06
-2.1292E-08	7.1781E-08	7.3056E-07	-4.0618E-07
2.5508E-08	4.1503E-08	2.4516E-07	-3.6035E-07
-2.6077E-08	3.6445E-08	9.5097E-08	2.3374E-06
-2.4527E-08	3.8359E-08	1.1118E-06	2.5133E-08
1.0698E-08	6.9548E-08	-2.3419E-07	-6.8469E-08
-9.0151E-10	2.6178E-08	3.9588E-07	1.1991E-06
-3.0744E-08	7.5781E-08	5.7391E-07	8.4585E-07
-2.0994E-08	8.7820E-08	2.2067E-07	-8.9372E-07
-2.3947E-08	6.9078E-08	-7.0081E-07	9.4074E-07
-4.4011E-10	5.5104E-08	1.0563E-06	4.1891E-07
3.8293E-08	1.5942E-08	6.9194E-07	-1.1290E-06
1.2855E-08	6.8955E-08	-1.7120E-07	6.0152E-07
2.7257E-08	5.8891E-08	1.5651E-06	1.3316E-06
4.0875E-08	3.0247E-08	9.4411E-07	6.3687E-07
1.9923E-08	1.2810E-08	-3.7432E-07	-5.7613E-07
-4.4878E-09	1.7712E-08	1.7623E-06	2.7909E-06
1.3166E-08	2.5287E-08	-2.2815E-08	2.1473E-07
3.6094E-08	2.4186E-08	8.8063E-07	9.7043E-07
-5.3269E-08	-1.6314E-08	-7.0289E-07	1.1136E-06
5.9169E-09	2.1388E-08	-1.5183E-06	-6.2130E-07
5.5338E-09	5.8254E-08	1.1610E-06	1.2648E-06
-2.0021E-08	3.0877E-08	1.4973E-06	-1.0819E-06
3.0028E-09	3.2227E-08	-8.9112E-07	9.1809E-07
-1.7503E-08	4.1764E-08	3.7294E-07	-1.2629E-06
-4.5357E-08	2.1047E-08	-2.5274E-07	5.9857E-07
-2.9067E-08	3.9515E-08	2.4053E-07	8.0596E-07
-5.3844E-08	5.9188E-08	3.7934E-07	1.8876E-06
-6.1756E-08	1.7104E-08	9.7018E-07	7.4813E-07
1.4266E-08	4.8540E-08	1.1244E-06	2.1343E-07
-1.2797E-08	4.2195E-08	-1.1794E-08	-4.2209E-07
1.0912E-08	1.4751E-08	1.4066E-06	-4.1914E-07
-5.8008E-08	4.9186E-08	-1.1742E-06	-3.5451E-08
6.0278E-09	8.2512E-08	-5.9589E-07	1.4030E-06
-2.5935E-08	3.1314E-08	1.3359E-06	-1.0841E-06
-2.7846E-08	8.6557E-08	6.5387E-07	-8.9437E-07
-2.8052E-08	6.5950E-08	1.6042E-07	7.3575E-07
-1.7497E-08	6.7515E-08	1.2326E-07	-5.8925E-07
-1.3011E-08	-6.1337E-09	-3.3594E-07	4.6759E-07
1.9253E-08	7.7583E-08	-1.7513E-07	2.9853E-07
2.0727E-08	2.5626E-08	2.5147E-06	-1.8904E-06
-1.1453E-08	2.6042E-08	2.1218E-07	-7.6948E-08
1.4992E-08	2.9351E-08	1.6832E-06	1.4726E-07
-2.5111E-12	-2.8991E-08	3.0462E-07	-1.9317E-06
-3.1178E-08	7.7586E-08	1.1175E-06	-3.5728E-07
-7.5802E-08	7.0748E-08	5.2167E-07	-1.6929E-08
-3.1699E-08	7.6763E-08	-8.6218E-08	-1.0953E-06
1.0185E-08	6.6702E-08	-6.7128E-07	2.7084E-07
-4.7473E-10	7.6326E-08	-8.5353E-08	7.1553E-07
2.7612E-08	8.3100E-08	2.5362E-07	-4.9773E-07
4.5772E-08	5.8199E-08	1.2672E-07	1.0129E-06
6.7567E-08	2.9665E-08	1.3105E-06	6.1609E-07
3.4400E-08	1.6017E-08	8.4398E-07	1.0418E-06
3.0661E-09	3.6612E-09	-2.4737E-07	5.7624E-07
1.0477E-08	5.0182E-08	8.6669E-07	2.1126E-06
3.0444E-08	-1.5362E-08	1.0146E-06	-1.6994E-06
-4.8458E-08	2.3866E-08	-3.3159E-07	8.9306E-07
1.1270E-08	5.2101E-08	-6.0048E-07	8.0456E-07
1.9899E-08	4.7420E-08	6.3545E-07	3.9984E-07
1.9558E-08	-3.2547E-08	1.8512E-06	1.0228E-06
3.0139E-10	3.6073E-08	-2.0423E-06	-2.8793E-07
-1.8772E-08	1.8362E-08	1.7069E-06	9.8865E-07
-1.0033E-08	1.0770E-08	-1.6606E-06	8.5997E-07
-7.7625E-09	-8.4451E-09	2.0452E-08	1.5904E-07
-4.1701E-09	7.1440E-09	-3.8204E-07	8.3903E-07
-3.9155E-08	3.4588E-08	9.9879E-08	2.2056E-07
-7.8140E-09	4.5896E-08	3.9184E-07	-6.8894E-07
-4.5180E-08	2.3491E-08	-2.1240E-07	-1.8373E-06
-5.2837E-08	7.0633E-08	-4.8255E-07	2.2593E-06
-2.1980E-08	6.0071E-08	4.9966E-07	-2.4441E-06
-2.4206E-08	5.7209E-08	4.4567E-07	8.9746E-07
-3.6149E-08	6.3003E-08	2.8691E-07	5.9794E-07
-4.0098E-08	2.3231E-08	-1.6327E-07	3.5465E-07
2.8636E-08	2.9081E-08	3.5303E-07	1.1145E-06
1.6297E-08	2.1360E-08	-1.1666E-06	1.3578E-06
-2.9596E-08	6.4435E-08	-9.7612E-07	-1.9424E-06
-3.0247E-08	8.3444E-08	-1.9248E-07	1.4742E-06
2.3497E-08	6.0084E-08	1.4899E-08	4.9445E-07
-3.5329E-08	7.6888E-08	7.6432E-07	-2.2060E-07
1.4489E-08	3.3527E-08	-8.4639E-07	2.3306E-07
2.8674E-08	5.3725E-08	2.0225E-06	-7.5991E-07
1.7502E-08	2.4483E-08	4.5455E-07	-7.0944E-07
1.9475E-08	3.2132E-08	4.1386E-07	-8.9501E-07
-2.9369E-08	1.0336E-08	4.1964E-07	-1.9578E-06
-2.6776E-08	5.5777E-08	-5.0439E-07	-1.1502E-06
-2.6399E-08	3.8950E-08	-6.6366E-07	1.5138E-06
-4.2501E-08	8.8208E-08	4.8763E-07	2.5373E-06
-2.9781E-10	8.7881E-08	1.4760E-06	1.3291E-06
2.8000E-08	8.2079E-08	4.6073E-07	-2.3592E-07
4.9198E-08	1.1669E-07	1.7251E-07	-7.5094E-08
1.6298E-08	9.8385E-08	1.0938E-06	3.1185E-07
2.4314E-08	5.7200E-08	1.3133E-06	-4.5932E-07
2.4588E-08	2.4210E-08	-3.5554E-07	2.6491E-06
-1.1700E-08	-1.2112E-09	-4.7328E-07	2.1072E-06
4.6247E-08	4.1489E-08	1.1336E-06	5.7719E-07
6.3686E-08	2.9744E-08	1.1384E-06	1.0027E-06
2.4941E-08	4.6444E-08	1.2466E-06	2.8398E-06
7.3036E-08	6.2049E-08	1.6493E-06	9.1926E-07
1.3901E-08	-4.0536E-09	5.6600E-07	3.9143E-08
4.3797E-08	2.2329E-08	1.0773E-06	-2.1059E-07
2.8023E-08	-1.1112E-08	-1.6971E-06	-1.2631E-06
4.7855E-09	-9.6457E-09	-6.7532E-07	-3.3573E-07
5.3077E-09	4.0798E-08	1.4818E-06	7.5617E-07
-1.5820E-08	-1.7652E-09	-1.6245E-06	2.1949E-07
-7.2641E-08	4.3393E-08	-4.0991E-07	9.7436E-09
-2.8929E-08	5.4882E-08	-9.3366E-07	6.6316E-07
-2.7022E-09	8.1886E-08	7.1655E-07	-3.0783E-07
2.2659E-08	7.5631E-08	4.0216E-07	-3.5190E-07
-2.5751E-08	1.4449E-08	3.0731E-07	4.0519E-07
9.1354E-09	3.1092E-08	-2.5227E-08	-3.3731E-07
-2.1139E-08	3.7674E-08	-1.5579E-07	2.1291E-07
1.6660E-08	2.3547E-08	-7.8950E-07	-5.5556E-07
5.5675E-09	3.0328E-08	5.7868E-07	1.3946E-06
-8.9386E-10	-1.1333E-08	9.3839E-07	-1.2142E-08
-7.1751E-08	1.9435E-08	6.2729E-07	1.8100E-06
2.8561E-08	8.8906E-09	1.8237E-06	-1.8924E-07
-3.0547E-08	5.7221E-09	1.9743E-06	-1.0134E-06
2.4336E-08	8.3327E-08	-1.2489E-07	2.0739E-06
-8.8807E-10	4.0085E-08	-3.3696E-08	-1.9735E-06
2.0393E-08	4.3710E-08	-1.2927E-06	-1.5090E-06
-5.0544E-09	6.4515E-08	7.8854E-07	-2.0765E-07
-7.5495E-09	2.1020E-08	1.4672E-06	-3.3259E-08
-8.6370E-09	5.8376E-08	-8.3274E-07	1.3577E-07
4.6517E-09	4.9622E-08	1.9890E-07	8.2221E-07
-4.0295E-09	3.5792E-08	1.4879E-06	8.1045E-07
7.3909E-11	3.9238E-08	2.7161E-07	1.0847E-07
-1.2725E-08	4.2808E-08	1.0217E-06	1.1740E-06
2.8671E-08	5.6035E-08	1.8625E-06	-5.9755E-07
-6.5890E-09	7.7200E-08	-6.9802E-09	-1.4998E-06
3.7273E-09	4.8203E-08	1.8042E-07	1.5355E-06
1.8269E-09	6.7528E-08	1.0357E-06	-5.4728E-07
4.3101E-08	4.7428E-08	-2.1461E-06	2.8901E-07
3.7023E-08	6.7213E-08	8.1527E-07	2.6211E-07
5.5655E-08	-1.3187E-08	-1.8588E-07	-3.7228E-07
5.8360E-08	4.1529E-08	-3.5247E-07	9.3218E-07
1.9423E-08	3.1884E-08	-5.2752E-07	5.0748E-07
6.3576E-09	3.2839E-08	1.1977E-06	7.6146E-07
1.1030E-08	5.5117E-08	-2.7079E-06	-5.2478E-07
4.2930E-09	-1.1012E-09	9.0730E-07	6.4397E-07
-2.9891E-09	-9.3656E-12	1.2380E-06	-1.4922E-06
3.0729E-08	1.3952E-09	-1.8145E-06	-4.8738E-07
2.0815E-08	1.9336E-08	-1.9029E-08	-1.3849E-07
-8.2735E-10	6.2243E-08	-1.1653E-07	-6.6616E-07
2.2034E-08	1.2447E-08	2.9897E-07	6.0797E-07
2.0933E-09	-3.3704E-08	2.1805E-06	-2.6194E-07
-2.2964E-08	1.4565E-08	-1.4461E-06	1.0171E-07
-2.4144E-08	-2.0959E-08	-8.4539E-07	-3.3913E-07
2.9552E-08	3.7925E-08	5.9965E-07	6.3707E-07
-1.8807E-08	3.4706E-08	-1.2659E-06	3.0541E-06
-6.6265E-09	-3.5120E-09	-4.4358E-07	-8.3524E-08
1.3207E-08	4.2660E-08	-2.3268E-07	-1.1380E-06
-2.0142E-08	3.0036E-09	1.5318E-07	1.5775E-07
1.9148E-08	8.9078E-09	-3.4085E-07	1.1152E-06
-1.0195E-09	8.8165E-09	-3.1218E-07	-7.9004E-08
-5.5871E-08	3.6044E-08	-1.2680E-06	-6.1421E-07
-4.7235E-08	2.6506E-08	9.5641E-07	-1.2073E-06
2.7157E-08	3.7353E-08	-6.7885E-07	3.8448E-07
-1.6138E-10	6.3340E-08	1.1717E-06	1.6619E-06
-1.1213E-08	1.3895E-08	1.3912E-06	-2.5426E-07
-2.0651E-08	3.2872E-08	7.9973E-07	-1.2360E-06
4.6264E-09	2.3236E-09	9.6356E-07	1.0644E-06
1.5144E-08	1.3663E-08	1.4047E-06	-4.3774E-07
9.5355E-09	1.4273E-08	1.2293E-06	6.2590E-07
2.4267E-09	-4.2656E-09	-2.3000E-06	-6.8248E-07
-1.8439E-08	7.5409E-08	-1.0549E-07	1.1154E-06
1.2127E-08	3.2287E-08	2.1248E-06	-3.4940E-08
2.5492E-08	7.7394E-08	-2.8215E-08	1.5707E-07
3.7766E-08	8.7314E-08	2.6708E-07	1.1749E-06
2.2476E-08	2.9247E-08	-1.5847E-06	-1.8223E-08
2.0778E-08	8.0271E-09	-5.9209E-08	9.6222E-07
6.4079E-08	-3.8767E-09	8.7308E-07	1.9258E-06
-1.3663E-08	2.9285E-08	-1.2030E-06	1.6379E-06
-3.2805E-08	-8.7374E-10	-1.1313E-06	3.3301E-07
2.5680E-08	1.8610E-08	-6.8232E-07	1.4404E-07
4.5125E-09	-3.0307E-09	6.2657E-07	8.2698E-07
4.6556E-09	2.7447E-08	3.6202E-07	7.7643E-07
3.2989E-08	3.0360E-08	9.4015E-07	-6.9121E-07
2.5448E-08	4.8341E-09	-2.3258E-07	-3.1419E-07
1.0856E-08	1.6213E-08	8.0182E-07	2.1803E-06
-3.1931E-08	-4.5208E-09	-1.4076E-06	2.1606E-06
-9.2839E-09	3.2278E-08	-3.9323E-07	6.6917E-07
-1.8350E-08	2.5868E-08	3.1419E-07	-1.0840E-06
2.3639E-08	4.2390E-08	-8.4210E-07	-7.9591E-07
-1.9180E-08	1.1615E-08	1.2065E-06	-7.2130E-07
-2.7604E-08	7.6291E-09	-3.4938E-07	2.2326E-07
-7.3196E-09	2.4603E-08	1.9004E-07	-6.2255E-07
1.4579E-08	2.6131E-08	-1.2966E-07	7.0157E-08
7.6348E-10	2.6807E-08	1.1141E-06	3.7564E-07
4.9747E-08	3.2287E-09	-1.3287E-06	2.4809E-07
1.8642E-08	2.1205E-08	7.1121E-07	1.2633E-06
3.0864E-08	1.1429E-08	9.1054E-08	-1.5882E-07
-2.3592E-08	2.7749E-08	7.5163E-07	7.5784E-07
1.4984E-08	1.9350E-08	3.9359E-07	-1.6229E-06
4.1054E-08	6.8018E-09	2.6002E-06	1.5015E-06
7.9449E-09	9.1286E-09	4.4168E-07	-4.8758E-07
5.4822E-09	7.0190E-09	1.7179E-07	-1.8538E-07
-1.7179E-09	1.0760E-08	-2.5705E-06	1.7777E-07
3.2319E-08	3.0282E-08	5.8668E-07	-8.5131E-07
2.6754E-08	5.2056E-08	-1.0097E-06	-3.7477E-07
3.6029E-08	5.0246E-08	1.0020E-06	1.6993E-07
-1.6952E-08	-1.1014E-08	-3.1019E-07	9.2870E-07
2.6878E-08	-1.8490E-08	3.0586E-08	-1.4067E-06
2.4588E-09	1.1991E-08	3.3309E-07	-1.1144E-06
1.1525E-08	-5.5050E-09	5.4056E-07	4.8204E-07
-7.6882E-09	5.7479E-08	-2.4652E-06	-7.9390E-08
8.9519E-09	1.4739E-08	9.2779E-07	2.1255E-06
8.1138E-09	3.9490E-08	6.1472E-07	-6.1044E-07
-2.9304E-08	4.6072E-08	-1.0154E-06	4.3338E-07
1.8135E-08	3.1916E-08	1.0923E-06	9.7700E-07
-1.5217E-09	7.7676E-09	1.1172E-06	-1.8261E-07
2.9679E-09	3.0825E-08	-7.0194E-07	-7.7170E-07
1.4570E-09	4.9162E-08	1.0397E-06	8.5710E-07
-4.8762E-09	-3.8540E-09	6.7327E-07	-2.0515E-07
-9.1506E-09	2.8658E-08	-6.3149E-07	1.7454E-06
2.6744E-08	2.1184E-08	1.4222E-06	1.0605E-06
3.2458E-09	1.2314E-08	3.6905E-07	-4.1920E-07
2.4101E-08	2.1650E-08	7.8147E-08	-7.9069E-07
2.9810E-08	1.0526E-08	1.9794E-06	8.6981E-07
1.5326E-08	5.2891E-08	2.7651E-07	3.7673E-07
-9.8210E-09	-1.1117E-08	6.9753E-07	-2.1151E-07
2.2691E-08	3.3103E-08	1.2078E-06	3.3507E-07
2.2403E-08	2.1653E-09	-9.9030E-07	-2.1561E-06
-1.2147E-10	4.7400E-08	2.5191E-07	1.2233E-07
-8.8878E-09	1.6209E-08	-1.2741E-06	1.4399E-06
-1.3093E-08	4.6771E-09	7.7754E-07	1.1466E-06
-9.4719E-10	4.9063E-09	-1.1080E-06	4.7868E-07
3.9782E-08	4.3515E-08	-1.5087E-07	2.4173E-07
3.5963E-08	3.8865E-08	2.9505E-07	4.2841E-07
4.2536E-08	7.1280E-09	6.4877E-07	-6.3440E-07
-9.7083E-09	-4.1377E-09	3.2561E-06	8.0629E-07
2.6431E-08	-1.8664E-08	-1.1052E-07	-1.8088E-06
-5.7562E-09	1.8250E-09	5.7228E-07	2.3138E-07
1.3583E-08	-1.0912E-08	2.7286E-07	3.8657E-08
-1.9323E-08	-3.3404E-08	-2.3410E-07	-1.0764E-06
-2.7412E-08	-1.4281E-08	-2.2942E-07	-5.8338E-07
-1.2948E-08	3.9444E-09	5.1014E-07	3.2292E-07
-4.0931E-08	-3.0477E-09	8.0130E-09	1.8641E-06
-3.8637E-08	7.0480E-09	1.3146E-06	2.1265E-06
-9.2383E-09	-2.2775E-09	8.9416E-07	-1.3762E-06
1.4278E-08	-1.9935E-08	7.1069E-07	-5.7468E-07
1.9502E-08	1.3271E-08	-1.4760E-06	5.9088E-07
-2.7745E-08	-7.9393E-09	-8.8440E-07	-3.2947E-07
2.0658E-08	3.2501E-08	2.6428E-06	1.6626E-06
-1.8280E-08	3.3428E-08	1.2203E-06	-2.8618E-07
-9.0347E-09	4.8448E-08	-2.2070E-06	-8.3708E-07
1.1213E-08	3.2450E-08	-9.5937E-07	-1.1433E-07
-3.1713E-08	-1.4682E-08	-8.3171E-07	-2.9644E-07
-1.4797E-08	5.0253E-09	2.8778E-07	9.8263E-07
-2.7218E-09	3.9916E-08	-3.3989E-07	4.6227E-07
2.1445E-08	-3.3803E-08	-4.8979E-08	1.9541E-06
8.4090E-09	6.1107E-08	2.9466E-07	1.9408E-06
1.9284E-08	3.8839E-08	-1.3690E-06	1.5756E-06
-1.6487E-08	4.0007E-08	1.0136E-06	2.4429E-06
4.3878E-08	7.4824E-09	5.1226E-07	2.5396E-08
1.9470E-08	2.5307E-08	1.0162E-06	1.0163E-06
-5.5957E-09	3.9857E-08	8.7902E-07	8.8368E-07
2.0596E-08	-1.0227E-08	1.5327E-06	1.8055E-07
2.4687E-08	-1.3947E-08	1.2044E-06	8.6042E-07
6.3427E-09	-1.1887E-08	-5.6716E-09	-6.8636E-07
1.7984E-08	1.5054E-08	2.8451E-07	1.1718E-06
2.3550E-08	-2.2238E-09	3.9098E-07	4.6098E-07
2.8577E-08	3.0059E-08	-1.1344E-06	1.0641E-06
-1.0584E-08	3.9639E-08	-6.3951E-07	-7.6645E-07
3.1844E-09	1.9120E-08	7.5620E-07	5.7355E-07
-2.9707E-08	-3.7417E-10	-4.1056E-07	2.8985E-07
3.0209E-08	3.0290E-08	-1.6433E-06	1.1570E-06
1.2261E-08	3.7196E-08	-9.8701E-07	-2.6931E-07
2.3481E-08	-1.6591E-08	-3.3667E-07	1.8417E-06
-1.0547E-08	-4.0285E-09	-4.5064E-07	3.4386E-07
-3.0300E-08	9.0414E-09	1.8922E-06	-5.3534E-08
1.1424E-08	1.5995E-08	-7.6233E-07	1.7165E-06
-1.2552E-08	-6.8385E-08	5.8942E-07	-3.0282E-07
3.0493E-08	-1.3183E-09	-8.9714E-07	9.9945E-07
1.3672E-08	-4.5557E-08	-1.8341E-06	2.5185E-07
-1.4776E-08	-2.1840E-08	1.1833E-06	3.7265E-07
-2.4973E-08	2.4971E-08	3.0511E-07	-1.1932E-06
2.6889E-08	1.1171E-08	-4.0344E-07	-4.6914E-08
8.9471E-09	3.0607E-08	1.0578E-06	-6.3326E-07
-2.1961E-08	1.5280E-08	2.4052E-07	8.8127E-07
3.1653E-09	1.2016E-08	-1.2400E-07	3.3227E-07
-9.4498E-09	-1.0967E-08	-2.4386E-07	-1.1930E-07
-4.3020E-09	5.0652E-09	-1.6415E-06	-3.5515E-07
-9.3088E-09	2.1125E-09	8.5863E-07	-6.1765E-07
1.3300E-08	-4.5413E-09	7.5636E-07	-5.0636E-08
-5.8740E-09	2.4234E-08	9.3393E-07	-8.4012E-07
-4.3951E-08	9.8856E-09	3.6745E-07	-9.0747E-08
2.0150E-08	2.5194E-08	7.0512E-07	1.3159E-06
-2.3996E-08	-7.4638E-09	-2.0194E-06	-2.9111E-08
-1.8174E-08	-5.2976E-09	6.6649E-07	9.2167E-07
-2.2194E-08	4.4087E-08	2.2145E-07	-2.4144E-07
-4.1160E-08	1.5923E-08	3.6236E-08	1.2512E-06
1.2783E-09	3.0482E-08	-7.1414E-07	-2.4902E-07
-3.7160E-10	3.2469E-08	-2.6589E-07	2.2210E-06
1.6934E-08	2.5568E-08	-4.2106E-07	-7.5202E-08
-3.2729E-08	1.3945E-08	2.5944E-07	-6.6515E-09
-1.6163E-09	3.7180E-09	7.3218E-07	-4.3271E-07
-3.5132E-09	3.8522E-08	6.3189E-08	1.6561E-06
-1.0169E-08	-4.4485E-09	2.2750E-07	-1.4066E-06
4.3016E-08	2.2274E-08	-1.6711E-06	7.9683E-07
-2.2049E-08	-1.4894E-09	2.1799E-06	-5.7598E-08
-2.9387E-08	6.5620E-09	5.5560E-08	-4.3140E-07
2.2103E-08	2.8710E-08	4.3115E-08	-4.6739E-07
-8.4180E-09	2.0771E-08	-8.7481E-07	1.1437E-06
2.1766E-09	2.1501E-09	-1.2739E-06	6.7078E-07
4.8040E-09	3.8465E-08	1.6253E-07	1.2548E-07
-2.1579E-08	1.7020E-09	1.1511E-06	1.2726E-06
1.9116E-08	4.8140E-08	-2.7126E-07	-2.0347E-06
2.5726E-08	1.6290E-08	-1.4166E-06	9.0117E-07
-7.6570E-09	4.6500E-09	9.6750E-07	1.5527E-07
-1.5644E-08	-1.9325E-09	1.9902E-07	1.5190E-06
-1.9412E-08	3.5838E-08	3.8996E-07	-5.9477E-07
2.6629E-08	-2.1261E-08	1.5521E-06	1.8955E-07
-1.1412E-08	2.9691E-08	-7.7713E-07	8.7925E-07
3.5168E-08	3.9191E-08	1.6308E-07	1.1719E-06
7.1853E-10	-2.1195E-09	7.7169E-08	9.9059E-07
-2.2250E-08	3.5110E-08	1.5406E-06	-1.0870E-06
3.5426E-08	8.0042E-09	-5.7432E-07	2.0053E-06
2.6945E-08	2.9553E-08	1.4121E-06	-1.3913E-07
2.4644E-09	1.4772E-08	-6.7075E-07	1.6341E-06
-2.4307E-08	3.0121E-08	1.3405E-06	1.1732E-06
-1.1136E-08	-6.0080E-08	7.0162E-07	1.5873E-06
-6.3582E-09	2.4749E-08	6.2066E-07	2.8378E-06
-2.7742E-08	-3.2433E-08	-6.5546E-08	1.0797E-06
-1.6070E-09	3.0682E-08	1.5029E-06	4.9340E-08
-2.3925E-08	-2.7080E-08	-7.4529E-07	1.9924E-06
-5.2472E-09	-1.2058E-09	2.7857E-07	9.0216E-07
-4.3134E-09	-7.2581E-09	-9.4562E-08	1.4382E-07
-3.1646E-08	2.2517E-08	3.5640E-07	6.1197E-08
-3.0330E-08	2.8361E-08	1.2466E-06	9.6230E-07
-3.6854E-09	2.4972E-08	-1.7205E-06	2.2210E-08
3.3188E-08	5.8529E-09	1.0997E-06	1.2631E-06
2.2245E-08	4.3624E-08	1.3208E-06	-3.2300E-08
4.0717E-08	-1.4742E-09	1.1884E-06	2.7731E-06
-1.2324E-08	-7.4734E-09	1.4368E-08	-2.7210E-07
-1.2441E-08	3.6244E-08	3.8438E-07	-3.5012E-07
7.4480E-09	5.0689E-09	3.3936E-07	4.2446E-07
-1.9258E-08	-3.7589E-08	8.7294E-08	9.1677E-07
-2.8927E-08	5.3273E-08	1.4565E-06	-1.0514E-06
-1.6963E-08	9.3922E-09	-2.4311E-06	7.5174E-07
-1.8950E-08	-4.2955E-08	-4.9069E-08	2.9377E-07
-2.8524E-08	1.8912E-08	-6.4580E-07	1.0058E-06
6.6818E-09	-3.2266E-09	-3.9313E-07	1.4862E-07
8.6299E-09	1.9883E-08	-3.0332E-07	2.0727E-06
2.6748E-08	1.8061E-08	6.5839E-07	4.3593E-07
-3.1252E-09	3.2996E-08	1.0522E-06	7.4026E-07
-5.9097E-09	-1.7819E-08	4.4310E-07	1.1438E-06
2.9999E-08	2.8004E-08	1.3793E-07	5.0010E-07
-9.7702E-09	-9.6095E-09	4.9256E-07	-2.1321E-07
1.9046E-08	-1.7510E-09	-1.8174E-06	-5.7598E-07
3.5422E-08	-1.6350E-08	8.6732E-07	4.5896E-07
1.1233E-08	9.0420E-09	6.7116E-07	-1.2545E-06
-2.1075E-08	-8.1898E-09	7.9927E-07	2.0966E-06
-1.8841E-08	-5.2628E-09	-9.9487E-07	1.2717E-06
-3.5987E-08	-1.1306E-08	1.1872E-06	1.9149E-06
-9.2440E-09	-1.3903E-08	1.6057E-06	4.7018E-07
1.7491E-08	-1.4707E-09	2.2310E-06	6.2930E-08
1.0540E-08	9.7791E-09	2.4737E-06	1.9623E-07
-3.4683E-08	-1.5148E-09	1.0298E-07	1.7787E-06
-3.1325E-08	1.7551E-08	8.9182E-07	-4.3803E-07
-2.1182E-08	2.9443E-08	-3.9270E-07	-6.1303E-07
3.8713E-08	2.2516E-08	4.0131E-07	9.0608E-07
5.1130E-09	2.0328E-08	-9.9822E-07	-1.2762E-06
-1.2599E-08	-2.3666E-09	2.9997E-07	2.5373E-08
-1.9580E-10	-1.9449E-08	5.3347E-07	-4.3397E-07
-6.5708E-08	-2.6609E-08	1.2021E-07	1.6424E-06
-2.0954E-09	-7.1505E-09	2.8175E-07	5.5937E-07
-1.4624E-08	-7.1175E-09	-1.0546E-06	1.0782E-06
4.4417E-09	1.8298E-08	4.7440E-07	-5.4932E-07
-9.5446E-09	1.0629E-08	5.1964E-07	-3.6309E-08
-1.3564E-08	2.0007E-08	-5.3089E-07	-3.0820E-07
-5.8579E-09	-2.4669E-10	1.1576E-06	8.7803E-07
2.5217E-08	3.3071E-08	-1.5763E-07	3.6605E-07
2.6298E-08	3.4871E-08	-6.2674E-07	1.1507E-06
-8.5951E-09	4.2434E-08	-6.9121E-07	1.0627E-06
-8.0785E-10	2.5950E-08	2.0233E-06	8.0995E-08
1.1364E-09	6.9898E-08	2.3121E-06	1.1447E-06
-3.3422E-08	2.8328E-08	-1.4106E-06	8.9986E-07
-2.5796E-08	-1.5501E-08	6.8476E-07	1.6735E-06
-2.7324E-08	6.8825E-08	-6.7437E-07	-4.4537E-07
-2.8677E-08	-8.7869E-09	-8.8012E-07	1.0818E-06
-2.6622E-08	6.5574E-08	2.9919E-07	2.3324E-07
-5.5669E-08	-1.1809E-08	-2.3351E-06	1.7111E-06
-1.0769E-08	2.3766E-08	-4.8398E-07	-1.7847E-06
-3.7156E-08	2.5914E-08	-1.1297E-06	2.0512E-07
-2.8261E-08	2.0664E-08	-3.6374E-07	1.4968E-06
-1.5936E-08	1.0673E-08	-1.2066E-06	-3.5747E-07
1.4821E-08	2.3062E-08	2.8041E-06	9.8710E-07
-5.5116E-09	3.8015E-09	2.8428E-07	1.5378E-06
1.5727E-08	3.7196E-09	8.1605E-07	6.8544E-07
-2.0554E-08	1.7813E-08	1.2384E-06	2.5172E-06
2.5498E-09	5.6488E-08	7.7001E-07	8.8035E-07
1.2858E-08	-1.6470E-08	5.7971E-07	4.4170E-07
-1.7090E-08	2.6383E-08	-6.2357E-07	-9.3315E-09
-1.5894E-08	1.5576E-08	-3.2866E-07	6.1660E-07
-6.8539E-09	3.0874E-09	1.0004E-06	-6.3046E-07
7.0129E-09	2.9178E-08	-1.7444E-06	1.7358E-06
6.3422E-09	-2.9802E-09	-1.8695E-06	-1.1543E-07
-1.5597E-08	1.0756E-08	-3.9505E-07	1.4121E-06
-4.1650E-08	2.5682E-08	2.8481E-07	1.7029E-06
-1.6759E-08	-9.2421E-09	9.4398E-07	2.5859E-06
-3.6606E-08	9.0560E-09	-1.0337E-06	1.5973E-06
-2.0597E-08	2.3673E-10	1.1079E-06	8.3626E-07
-3.6608E-08	-3.8892E-09	7.2164E-07	2.5029E-07
-1.8422E-08	-2.2163E-08	4.7042E-07	1.3677E-06
-1.7919E-08	2.7568E-09	-4.3317E-07	-1.9103E-07
-3.9032E-08	2.1337E-08	-2.2326E-07	1.0805E-07
-1.2194E-08	3.7821E-09	-1.2767E-06	1.8621E-06
-1.4726E-08	2.8032E-08	-3.8700E-07	6.0695E-07
-1.4209E-08	3.1893E-09	1.3208E-06	1.6210E-06
-1.8790E-08	2.2006E-08	-1.5503E-06	1.6710E-06
-2.0424E-08	2.2814E-08	1.3484E-07	-1.4705E-07
-1.6573E-08	-2.4175E-08	-1.4799E-06	-6.5195E-07
-1.1874E-08	-1.1884E-08	8.3102E-07	1.8118E-06
-4.0133E-08	-2.6015E-08	3.3262E-08	1.5453E-06
9.2685E-09	-1.6709E-08	1.6568E-07	2.0558E-06
-1.9600E-08	-2.6893E-09	1.0016E-08	1.6016E-06
-7.8162E-09	-9.6557E-09	2.6775E-07	8.8499E-07
-2.1214E-08	-6.9133E-09	-1.2395E-07	-1.4040E-07
-1.3861E-08	-1.0486E-08	8.5205E-07	2.3515E-07
-4.2328E-08	1.3087E-09	-8.2118E-07	2.0387E-06
-3.0961E-08	1.8533E-08	1.2537E-07	8.6675E-07
-7.6178E-09	4.4255E-08	5.0485E-08	6.9127E-07
-1.0854E-08	7.3704E-09	-1.1620E-06	1.2583E-06
-8.4008E-09	1.1633E-08	-3.5534E-07	8.8078E-07
-3.8960E-08	-3.1225E-08	8.7064E-07	3.5939E-07
-1.4707E-08	3.1197E-08	-2.7469E-07	1.4143E-06
-3.9035E-08	2.0864E-08	6.8406E-07	1.2869E-06
-4.5963E-08	1.4680E-08	1.0940E-06	1.0765E-06
-5.3369E-08	-5.4127E-09	-8.0341E-07	5.8912E-07
8.2182E-10	-6.5529E-09	3.9454E-07	7.2783E-07
8.1750E-09	3.2750E-08	8.0887E-07	-2.4336E-07
-3.1952E-08	1.9447E-08	3.4490E-07	3.4178E-07
8.3533E-09	-6.2276E-09	1.3204E-06	4.3134E-08
-7.6054E-08	1.3950E-08	-1.7273E-07	1.4896E-07
3.8785E-08	1.0747E-08	1.4258E-06	2.4129E-06
-9.4456E-09	1.5425E-08	1.2716E-06	1.6390E-07
-2.7378E-08	1.8020E-08	-5.7261E-07	2.0402E-06
1.5270E-08	1.2593E-08	2.0434E-06	8.7168E-07
-4.3130E-08	3.6914E-08	7.9810E-07	8.9785E-07
-3.6053E-08	2.0191E-08	-1.0865E-07	-1.0603E-06
8.9062E-09	4.2801E-09	-1.3043E-06	1.3662E-06
-1.7944E-08	3.4793E-08	-1.0442E-06	2.3213E-06
-4.3429E-08	6.3735E-08	-3.1817E-07	8.6971E-07
7.1854E-09	6.3716E-09	-8.6725E-07	1.7470E-07
4.3234E-08	1.5525E-08	-3.5000E-07	1.3732E-06
-2.9339E-08	-6.9127E-09	1.0085E-06	1.4515E-06
-2.1165E-08	2.2771E-08	-1.2267E-06	1.2380E-06
4.7314E-09	-9.3611E-10	-7.7510E-07	4.0647E-07
7.1067E-09	2.9016E-08	9.8915E-07	1.4972E-06
-2.7646E-08	-9.3632E-09	1.3394E-06	1.1808E-06
-3.7070E-08	-1.3818E-08	-1.8516E-06	1.1953E-06
-3.8927E-08	3.5936E-08	-9.9087E-07	1.5904E-06
-6.1527E-08	4.9157E-08	1.2497E-06	-4.7946E-08
-1.1121E-08	3.7470E-08	2.8713E-07	2.0867E-07
9.0212E-09	9.6741E-09	-1.1545E-06	-8.2427E-07
-2.9864E-08	-7.0939E-09	1.0812E-06	1.5833E-06
-2.9565E-08	3.7476E-08	-4.9292E-07	7.3977E-08
1.4562E-08	1.0588E-08	3.2306E-08	1.1949E-06
-2.0507E-08	1.1807E-08	6.4183E-07	2.0935E-06
-3.5204E-08	-2.2278E-08	-3.6488E-08	1.7391E-06
-9.5666E-09	-9.2521E-09	-6.7679E-07	1.6876E-06
-9.8664E-09	3.2966E-08	1.8353E-06	1.0455E-07
4.0290E-08	1.7626E-08	-4.1867E-07	1.7182E-06
-1.1908E-09	2.3824E-08	3.6302E-07	6.6321E-07
-2.0253E-08	-3.9311E-08	5.8604E-08	1.9494E-07
6.6433E-09	-2.0917E-08	-3.0263E-07	1.1767E-06
-1.7144E-09	-2.8598E-09	1.0858E-06	1.3011E-06
-3.6561E-08	1.3328E-09	4.1580E-07	2.8844E-07
-2.5064E-08	-1.0124E-09	-2.0048E-07	1.0561E-06
3.9762E-08	1.2154E-08	1.0127E-06	2.5482E-07
-1.4605E-08	-1.4877E-09	-5.9832E-08	1.2337E-08
-1.0365E-08	5.8987E-10	1.1810E-06	1.1664E-07
2.0639E-09	-6.1349E-10	3.2612E-08	1.4825E-06
-2.3272E-08	4.9555E-08	-8.4824E-07	4.1676E-07
-2.0017E-08	1.7273E-09	1.0423E-06	1.0863E-06
-9.2934E-09	1.5597E-08	6.5648E-07	1.9500E-06
7.7146E-09	5.3660E-09	-9.0427E-07	3.0000E-07
-1.2905E-08	-3.5522E-09	-4.5761E-07	1.8436E-06
-1.5908E-08	1.1526E-08	-8.3121E-07	2.7701E-07
1.5971E-08	4.3586E-09	9.3602E-07	-1.5388E-07
-3.1129E-08	2.4499E-08	-1.3087E-06	2.0052E-06
-5.2572E-09	-3.4360E-08	1.6178E-06	5.2300E-07
3.4080E-09	1.9090E-08	1.7836E-07	-3.5507E-07
1.5223E-08	4.0010E-08	-1.6257E-08	1.7493E-07
3.6542E-08	-5.6722E-09	1.4684E-06	1.5727E-06
-6.1685E-09	7.9659E-09	1.1903E-06	1.8421E-06
-6.4746E-08	-7.5260E-09	-1.2554E-06	-2.5965E-07
-2.9864E-08	2.3485E-08	-4.9845E-07	1.1424E-06
8.6400E-09	-5.3425E-09	-4.5881E-07	2.4663E-06
-1.8604E-08	4.2093E-09	-5.0255E-07	1.4438E-06
1.4261E-08	1.2613E-08	1.6422E-06	8.3100E-07
-4.9865E-08	6.1891E-09	1.5470E-06	-5.9946E-08
1.1467E-08	-7.4190E-09	1.6173E-07	-2.5973E-07
-1.7007E-08	1.2193E-08	4.9672E-07	-4.7628E-07
6.8897E-09	1.5233E-08	4.3468E-07	2.7731E-06
-2.3788E-08	3.5301E-09	-2.0148E-07	8.6119E-07
-2.7988E-08	-1.7497E-08	5.7429E-07	1.7454E-06
-1.9074E-09	5.2521E-09	9.1347E-07	8.3705E-07
-2.3671E-08	4.6491E-10	8.6505E-07	2.4929E-06
8.1215E-09	-1.5832E-08	1.6566E-06	1.1159E-06
-1.3071E-08	1.4908E-08	-1.1543E-06	1.2167E-07
-3.8030E-08	1.5959E-08	-5.6072E-07	1.2475E-06
-6.9624E-09	2.2626E-08	1.3936E-07	5.0516E-07
-2.6977E-08	5.2209E-08	-1.0702E-06	2.4742E-07
1.2171E-08	1.1388E-08	-1.0740E-06	2.1081E-06
-1.0922E-08	1.4832E-08	5.8691E-07	1.7853E-06
1.6120E-08	3.2426E-08	1.3471E-06	9.2449E-07
-1.2770E-08	1.3550E-08	-1.4333E-06	3.3794E-07
-1.7931E-08	-1.8623E-08	-2.5722E-06	2.1172E-06
-1.4259E-08	-2.4581E-08	-3.1876E-07	1.2117E-06
-2.2665E-08	2.4075E-08	4.4109E-07	8.1858E-07
-2.3494E-08	7.4530E-09	-4.5854E-07	1.2038E-06
-1.6420E-10	5.2181E-08	-1.4818E-06	7.1418E-07
-8.6008E-09	-1.2174E-09	3.1398E-07	1.2979E-06
-2.6690E-08	5.2031E-08	-2.7747E-07	3.3306E-06
2.6755E-08	2.6294E-08	-1.6424E-06	8.7382E-07
-4.1540E-08	4.4171E-08	1.2895E-06	1.9712E-06
2.1093E-08	8.8728E-11	-7.7010E-07	9.7822E-08
-2.3967E-08	1.2528E-08	-1.2235E-06	1.5213E-06
-1.4508E-08	2.3218E-08	1.1390E-06	7.8271E-07
2.2774E-08	1.4924E-08	-8.8420E-07	2.7799E-06
-1.1628E-08	3.0511E-08	-9.5562E-07	5.4246E-07
-3.9631E-08	6.7543E-09	-9.5066E-07	5.3914E-07
-4.6587E-08	-3.2067E-08	7.6786E-07	2.3048E-06
2.4802E-09	-1.3690E-08	1.5654E-07	2.7349E-06
-1.9868E-08	2.8524E-09	-3.4820E-07	1.4395E-07
-4.1533E-08	2.8348E-08	9.2801E-07	9.1757E-07
-3.8490E-08	-2.6709E-09	1.1653E-07	-6.4799E-07
-1.2620E-08	2.9745E-08	-1.0324E-06	1.9945E-06
-1.9542E-08	2.5066E-08	-1.1197E-06	9.4663E-07
-3.7042E-08	-1.4306E-09	-7.2775E-07	-1.0927E-07
1.7761E-08	7.7409E-08	2.3415E-06	2.7172E-06
-3.5306E-08	-3.8303E-08	7.1922E-07	1.1643E-06
-2.9130E-08	1.6753E-08	7.3375E-08	2.2458E-06
-2.2581E-08	1.8533E-09	-1.3281E-06	9.3677E-07
1.6243E-08	-2.9732E-08	-4.1037E-07	1.5240E-06
-2.4122E-08	2.1956E-08	8.5646E-09	2.7467E-07
2.2701E-09	4.5303E-08	5.4874E-07	1.7389E-06
-8.5168E-09	1.3585E-08	1.1166E-06	3.1499E-07
-2.3920E-08	3.3485E-08	-1.7487E-06	6.0237E-07
-1.8768E-08	1.9727E-08	1.6469E-08	1.1920E-06
-4.3868E-08	2.9346E-08	-9.8035E-07	1.0017E-06
1.9668E-08	2.0904E-08	-1.5880E-06	2.6160E-06
-4.3114E-08	4.6468E-10	5.0102E-07	1.2491E-06
-1.5384E-08	4.0146E-08	-1.9020E-07	2.0729E-06
-3.5534E-08	1.5048E-08	-1.1442E-06	1.3044E-06
-2.3350E-08	3.2128E-08	-4.3258E-07	6.6290E-07
-1.2147E-08	9.2688E-10	-1.1707E-06	2.2280E-06
-4.7891E-08	5.3137E-09	-1.5981E-07	2.3936E-06
-3.1018E-08	1.1934E-08	9.9977E-07	1.7446E-06
-2.0409E-08	-1.1558E-08	-9.0731E-07	5.0984E-07
1.2715E-08	2.0647E-08	5.7928E-07	1.7712E-06
-1.5818E-08	3.7509E-08	-4.5376E-07	1.9106E-06
-9.2637E-09	-7.1205E-09	-8.5187E-07	-4.2326E-07
-1.5245E-08	2.3288E-08	1.2653E-06	6.0086E-07
1.1056E-08	4.1796E-08	-3.7293E-07	8.1845E-07
-1.5584E-08	1.4124E-08	-3.1072E-08	1.0949E-06
-2.3743E-08	3.1769E-08	3.6064E-08	1.7746E-06
4.3104E-08	1.0473E-08	-8.7191E-09	2.4382E-06
-2.3702E-08	6.3538E-09	-2.2694E-06	1.0560E-06
1.7357E-08	4.0024E-08	-8.2909E-07	1.9326E-06
1.4344E-08	1.0078E-08	3.3172E-07	1.2922E-06
-2.8591E-08	9.1638E-09	7.5897E-07	2.0814E-06
-1.8612E-08	1.8676E-08	5.9478E-07	2.4049E-07
-4.4642E-08	1.5965E-08	-7.7497E-07	8.5070E-07
2.9250E-08	2.8390E-08	-7.5444E-07	2.0112E-06
-1.6644E-08	5.0683E-08	-3.3665E-07	1.3876E-06
-3.1458E-08	5.6268E-08	9.7166E-09	1.1757E-06
-3.2837E-08	-1.6647E-08	-1.4856E-06	2.6936E-06
-2.7631E-08	2.2763E-08	4.2337E-07	1.8164E-06
1.9688E-08	4.1793E-08	2.4613E-06	1.5384E-06
-1.8345E-08	5.2592E-08	4.3716E-07	3.4945E-06
-4.4208E-08	3.5272E-08	-1.1993E-07	-8.4450E-07
-4.3111E-08	2.2228E-08	-3.8477E-07	2.0101E-06
-3.9693E-08	2.4571E-08	1.4454E-06	1.3403E-06
-4.5089E-08	4.8440E-08	3.5764E-07	2.4477E-06
-8.3147E-09	-1.7969E-08	1.3551E-06	1.3948E-06
1.6529E-08	-3.0205E-08	-2.9397E-07	2.7055E-06
-5.0865E-08	4.2344E-08	2.6001E-07	1.0327E-06
1.1414E-08	2.8151E-08	4.7404E-07	2.7614E-07
-5.0431E-08	-1.8814E-08	-7.7591E-07	-8.3580E-08
-7.5355E-09	7.5100E-08	-1.2905E-06	1.6193E-06
-3.4049E-08	-1.0677E-08	-1.0156E-06	1.0255E-06
-5.5882E-08	-1.2447E-09	3.1059E-08	4.0452E-06
4.2531E-09	3.2193E-08	-5.5117E-07	5.2527E-07
-8.3464E-09	2.8252E-08	-7.0681E-07	1.2258E-06
-1.0963E-08	3.1277E-08	1.2757E-06	6.7081E-07
1.3908E-08	-3.7836E-08	-7.8851E-07	2.2114E-06
-3.5221E-08	5.2698E-09	1.3857E-07	3.7040E-06
-2.0099E-08	7.7912E-09	1.7760E-06	2.1585E-06
-5.6878E-08	-4.3096E-10	2.1006E-07	1.6210E-06
-2.3533E-08	-2.0475E-08	-2.7778E-07	3.0240E-06
-1.5705E-10	4.0800E-08	7.3598E-08	2.3877E-06
1.2199E-08	2.4461E-08	1.3726E-07	6.5546E-07
3.8141E-08	1.6217E-08	1.1397E-06	2.6077E-06
-2.2834E-08	-9.5136E-09	-8.9046E-08	1.6340E-06
-2.2002E-08	-3.6253E-09	-1.1232E-07	4.8261E-07
-3.8608E-10	2.2917E-08	2.6904E-06	1.6318E-06
-4.9595E-08	1.7831E-08	-1.0091E-06	2.2743E-06
2.5243E-09	2.7194E-08	-8.0747E-07	3.6716E-06
1.7131E-08	3.2708E-08	9.7196E-07	7.6585E-07
-4.4994E-08	-1.5758E-08	-2.0920E-07	1.3009E-06
-6.7589E-08	2.5623E-08	-1.0372E-07	2.5465E-06
4.7772E-08	3.1658E-08	-8.5808E-08	3.2110E-06
-4.5438E-08	-1.5393E-08	1.5659E-06	7.4670E-07
-1.1492E-08	2.1239E-08	-3.7286E-07	2.0817E-06
1.3989E-08	-9.8404E-09	-8.1315E-08	2.2703E-06
3.2383E-09	6.8285E-09	-1.1604E-06	1.7149E-06
-3.5624E-08	9.8499E-09	-5.7262E-07	5.2911E-07
-2.5002E-08	3.6665E-09	6.3626E-07	1.3283E-06
-3.9579E-08	4.1990E-08	2.8860E-07	2.7324E-06
-1.6014E-08	3.9142E-08	-7.3948E-07	2.3633E-06
-2.7857E-08	-7.2243E-09	-1.0434E-07	1.9546E-06
3.2695E-09	4.5980E-08	-1.3732E-06	2.8006E-06
-1.0609E-08	6.9102E-09	5.3693E-07	1.4652E-06
-3.6956E-08	3.8541E-08	1.3513E-07	2.8953E-06
1.3534E-08	2.8799E-08	-1.1328E-06	3.4267E-06
1.0290E-08	1.1403E-08	-7.8596E-07	8.2323E-07
9.0406E-09	2.2927E-09	9.1785E-07	2.5812E-06
-7.0926E-10	3.7105E-08	-1.6941E-06	2.4906E-06
-2.1281E-08	3.3630E-08	-2.7353E-08	1.5550E-06
-1.7661E-08	5.9083E-09	5.1631E-07	1.3231E-06
-2.3897E-08	-2.2507E-08	-9.5952E-07	1.5943E-06
1.9148E-09	3.7565E-08	-2.8515E-07	3.0685E-06
-3.0715E-10	3.9272E-08	-1.5949E-06	2.5938E-06
-3.8807E-08	1.8420E-08	-3.3138E-07	1.0071E-06
6.9931E-09	1.9465E-08	2.1427E-07	2.4691E-06
2.5666E-08	1.5376E-08	7.6219E-07	1.9505E-06
4.6896E-09	2.6419E-08	-9.0547E-07	2.7353E-06
-1.0946E-08	9.8473E-10	-9.7132E-07	2.5201E-06
-6.0674E-08	-1.1829E-08	-6.1639E-07	2.1622E-06
-3.4797E-08	4.2879E-08	1.1491E-06	1.8743E-06
-1.2581E-08	2.3169E-08	-1.3802E-06	3.8507E-06
-2.4128E-08	1.6679E-08	-1.8319E-06	3.1101E-06
-2.6726E-08	-6.2495E-09	1.2759E-06	3.7758E-06
7.6423E-09	2.2327E-08	-9.6512E-07	3.1637E-06
-4.2990E-08	2.8995E-08	-1.8869E-06	4.0096E-06
-1.3035E-08	-3.1583E-08	-3.9972E-07	5.2010E-06
-5.5200E-09	7.4380E-09	2.6197E-07	4.5031E-06
-3.8030E-08	-1.8191E-08	1.0747E-06	4.3231E-06
6.3501E-09	-1.2551E-08	7.5260E-07	3.7854E-06
-9.7930E-09	5.8518E-08	-2.7959E-07	2.9311E-06
-6.2055E-08	-1.6253E-09	3.0194E-07	4.8075E-06
6.8489E-09	3.4059E-08	-1.5692E-06	4.3374E-06
-6.2491E-09	1.5893E-08	5.2996E-07	6.5969E-06
-6.3758E-09	2.5342E-08	-2.5394E-06	5.7414E-06
1.9799E-08	2.5483E-08	-1.2796E-06	4.9440E-06
-4.5157E-08	-3.8014E-08	2.8272E-07	4.7622E-06
-4.3242E-08	1.6352E-08	-2.5010E-06	5.8615E-06
-2.4155E-08	1.7674E-08	-2.0179E-06	5.4037E-06
-3.3818E-08	2.2173E-08	-1.1267E-06	5.1621E-06
-3.5740E-08	5.1421E-08	-2.1617E-06	5.7915E-06
-3.4515E-08	4.2413E-08	9.0872E-07	6.7752E-06
-3.0826E-08	5.5999E-08	1.5322E-07	6.6483E-06
-2.4140E-08	1.7448E-08	-8.2250E-07	7.8827E-06
1.3368E-08	1.8202E-08	1.0719E-06	9.1914E-06
-1.0450E-08	1.5658E-08	5.9210E-07	8.9873E-06
-2.5518E-08	5.6056E-08	1.0074E-06	9.9507E-06
-2.6497E-08	3.3388E-08	4.3650E-06	8.8098E-06
-1.6877E-08	3.0177E-08	3.9028E-06	1.1611E-05
2.3795E-08	1.2086E-08	7.3627E-06	7.7549E-06
6.1674E-10	3.1497E-08	6.7731E-06	8.6345E-06
1.2048E-08	4.5072E-08	5.2015E-06	5.4845E-06
-3.1198E-08	3.1794E-08	8.0695E-06	6.8477E-06
-6.1350E-09	5.7153E-08	4.2503E-06	5.1781E-06
1.1861E-08	3.7384E-08	4.2353E-06	6.3041E-06
-2.0874E-08	3.3229E-08	6.9324E-06	4.0495E-06
-1.1169E-08	4.0527E-08	8.9950E-06	4.4869E-06
1.1045E-08	2.7418E-08	5.6927E-06	4.1598E-06
-4.6306E-08	-3.6688E-08	6.0053E-06	2.0239E-06
1.9599E-08	3.1448E-08	6.3993E-06	1.5119E-06
-8.6489E-09	8.7607E-09	4.3575E-06	2.3102E-06
-3.6979E-09	5.4823E-09	6.0023E-06	2.1572E-06
2.6148E-08	1.3132E-08	5.2867E-06	2.2871E-06
1.3267E-08	1.9323E-08	5.1726E-06	4.1314E-06
1.5654E-08	8.9133E-09	6.1138E-06	2.9286E-06
-4.3933E-09	7.8668E-08	5.3869E-06	3.6466E-06
3.3148E-08	4.7742E-08	6.3696E-06	1.2831E-06
-3.0830E-08	3.7867E-08	6.1700E-06	2.2911E-06
1.1772E-08	3.0247E-08	7.1808E-06	2.3632E-06
-3.2625E-08	5.6333E-08	5.2720E-06	2.8541E-06
-1.9869E-09	5.1046E-08	5.1970E-06	2.6013E-06
-3.2330E-08	5.0534E-08	5.6453E-06	5.7266E-07
9.1012E-09	5.0982E-08	5.7686E-06	3.2846E-06
-1.9661E-09	2.0499E-09	5.2026E-06	2.7943E-06
3.8904E-08	2.8193E-08	5.1133E-06	5.2332E-07
6.6026E-09	2.4519E-08	5.1357E-06	7.9009E-07
6.8047E-09	-1.5081E-08	3.2574E-06	1.8021E-06
3.7136E-09	3.4462E-08	5.2469E-06	-2.3587E-06
-5.8936E-08	-1.2082E-09	5.8466E-06	-1.4581E-06
-3.5980E-10	2.0381E-08	5.6829E-06	-4.5619E-07
-2.9010E-09	3.4475E-08	3.0029E-06	-2.7673E-06
4.9804E-09	2.0787E-08	4.5670E-07	2.0880E-07
2.3720E-08	1.2257E-08	-1.3976E-07	-9.5913E-07
-4.6580E-08	-3.7278E-09	-2.6280E-07	1.1091E-06
2.6042E-08	1.3596E-08	2.5728E-06	3.8075E-06
-9.5364E-09	7.9873E-09	3.3622E-06	1.8768E-06
-8.8429E-09	5.1659E-08	3.2995E-06	3.2352E-06
-7.2974E-09	4.9530E-09	5.8712E-06	2.1801E-06
3.6027E-08	1.1602E-08	3.1030E-06	-5.1562E-07
-1.3668E-08	2.1890E-08	2.5674E-06	8.0699E-07
-4.2084E-09	6.3133E-08	4.2711E-06	6.1398E-07
-2.1728E-08	6.7994E-08	4.1086E-06	6.1640E-07
-1.0830E-08	-1.5420E-09	3.5715E-06	1.5870E-06
1.6258E-08	7.6396E-09	2.7260E-06	8.1217E-07
1.0401E-09	6.3250E-09	4.2361E-06	1.7446E-06
3.2744E-09	1.9589E-08	4.5301E-06	2.0527E-06
2.2861E-08	2.7398E-08	3.3651E-06	6.8556E-07
1.3427E-08	8.7456E-09	3.8677E-06	1.4405E-06
1.9125E-08	4.0706E-08	5.3276E-06	-1.1100E-06
-3.2004E-08	3.4770E-08	5.2227E-06	2.0204E-07
4.6367E-09	3.5151E-08	2.5480E-06	-1.6975E-06
-1.9493E-08	1.1331E-08	4.0211E-06	3.9335E-07
1.0847E-08	3.1205E-08	1.7670E-06	-6.7827E-07
1.0021E-08	2.6795E-08	6.9872E-07	-1.7065E-07
4.6249E-08	1.0437E-08	2.9231E-06	-8.3283E-07
2.6415E-08	4.0854E-08	1.9894E-06	-1.7155E-06
3.3939E-08	7.2192E-08	2.3312E-06	-1.3758E-06
-2.3617E-09	3.8129E-08	2.4842E-06	-5.1876E-07
-5.7070E-10	4.3131E-08	5.3798E-07	1.1743E-06
-2.5027E-08	1.4462E-09	1.1472E-06	-4.8943E-07
6.5961E-09	1.0649E-08	1.3013E-06	-1.9800E-07
-1.1404E-08	6.8839E-09	3.1221E-06	1.8987E-06
-2.3816E-08	4.5792E-08	5.6312E-07	1.6743E-06
8.4502E-09	2.9719E-08	4.1130E-06	8.0249E-07
-9.6261E-10	1.6693E-08	1.9296E-06	1.0147E-06
-1.6263E-08	-5.4062E-09	2.9110E-06	1.4320E-06
-3.0763E-09	-1.4234E-09	1.6651E-06	3.1529E-06
-2.1422E-08	-1.3131E-09	3.0014E-06	2.4183E-06
2.5549E-08	4.6149E-08	2.6300E-06	2.9200E-06
2.6416E-08	4.4042E-08	2.6814E-06	4.4890E-06
-3.1831E-08	2.9745E-09	4.6002E-06	3.9198E-06
-4.7605E-09	2.0948E-08	6.7227E-06	2.5977E-06
3.5170E-09	6.8796E-08	5.1888E-06	1.5043E-06
2.0489E-08	4.3816E-08	6.8790E-06	1.5016E-06
4.0742E-08	1.0077E-08	5.4425E-06	7.2395E-07
7.7228E-10	1.1859E-08	5.4871E-06	-2.4749E-06
4.0158E-09	1.0675E-08	4.1165E-06	8.1799E-07
5.3888E-08	1.8007E-08	6.3610E-06	-1.1656E-06
-1.2144E-08	4.2497E-08	4.8155E-06	-2.5392E-06
9.7698E-10	2.8372E-08	3.5453E-06	-1.8726E-06
2.0537E-08	8.5554E-08	2.9725E-06	-1.9239E-06
-1.5072E-08	2.8151E-08	3.3340E-06	2.9143E-08
1.9619E-08	4.6011E-08	3.4579E-06	6.1334E-07
1.1166E-08	4.7084E-08	2.2382E-06	2.3411E-07
-1.0572E-08	8.0492E-08	2.4618E-07	-1.5536E-06
5.6381E-08	6.0051E-08	1.3438E-06	-1.0185E-08
4.1942E-08	1.8154E-09	3.7372E-06	2.3560E-06
-5.0367E-09	5.9038E-08	4.8381E-06	1.9939E-06
3.5079E-08	-1.7086E-09	3.4933E-06	-1.5625E-06
7.7630E-09	1.1102E-08	2.3877E-06	-6.0082E-07
1.8003E-08	2.4537E-08	3.8705E-06	-8.7237E-07
-3.4400E-09	1.0633E-08	2.7599E-06	1.4534E-07
-1.0875E-09	6.2930E-08	3.6111E-06	1.7912E-06
3.1797E-08	-1.3030E-08	2.7454E-06	-7.9501E-08
6.2491E-09	4.8063E-08	2.5408E-06	7.4239E-07
-1.6918E-08	3.5801E-08	3.2829E-06	4.1295E-07
-8.7544E-09	5.7201E-10	4.7313E-06	5.2819E-07
-1.8720E-08	3.0808E-08	3.2714E-06	-1.9723E-07
-8.8958E-09	2.7224E-08	1.8963E-06	1.0631E-06
-1.3085E-08	5.2115E-08	5.3514E-06	-1.2271E-06
-2.4327E-08	5.3427E-08	2.9609E-06	-1.7410E-06
4.4688E-08	-6.7803E-10	3.0724E-06	-2.6091E-06
-4.4775E-08	3.8013E-08	1.2539E-06	-2.4618E-06
1.0616E-08	5.8461E-09	2.0304E-06	-5.1930E-08
3.8971E-08	2.8998E-08	2.6465E-06	-2.0597E-06
-1.2183E-08	1.6889E-08	3.0224E-06	3.5170E-07
1.9994E-09	2.6998E-08	3.1141E-06	-1.9623E-06
6.1487E-08	5.3756E-08	2.1068E-06	-1.2584E-06
-1.3790E-08	3.4972E-08	3.0778E-06	-7.7030E-07
1.6600E-08	4.0389E-08	3.0762E-06	-1.7842E-06
-9.8832E-09	-3.7858E-09	2.3362E-06	-1.2202E-06
7.5286E-09	5.6611E-08	-7.7160E-08	-1.1368E-06
-1.4677E-08	6.0989E-09	-4.4957E-07	-5.5130E-07
5.0310E-08	8.8404E-10	3.6485E-06	-6.9392E-07
4.3718E-08	2.8479E-08	1.1307E-06	-1.3313E-06
1.8809E-09	2.8367E-09	1.2020E-06	8.3538E-07
1.8054E-08	1.7173E-08	3.4565E-07	6.5244E-07
-2.0746E-08	5.0146E-08	2.2857E-06	5.4236E-07
4.9548E-08	2.6363E-08	2.0005E-06	-1.8485E-07
1.7607E-08	3.4644E-08	1.1025E-06	-6.6454E-07
2.5759E-08	3.7785E-09	8.0741E-07	9.8018E-08
-1.8600E-09	9.3443E-09	1.7692E-06	-1.1763E-07
-4.6124E-09	-2.5866E-08	1.9332E-06	1.3828E-06
-3.4403E-09	2.1279E-09	1.5092E-06	1.3897E-06
-1.2177E-08	2.4894E-08	2.4191E-06	1.3526E-06
3.0374E-09	3.1021E-08	2.6825E-06	7.8789E-07
-2.5422E-08	1.1663E-08	2.5163E-06	1.2306E-06
-3.9089E-09	3.9926E-09	2.6803E-06	1.7958E-06
-2.3159E-09	4.5053E-08	3.4847E-06	1.2348E-06
5.2858E-08	5.6175E-08	2.1049E-06	-8.1482E-07
2.4182E-08	3.2925E-08	1.4470E-06	2.3528E-06
1.3518E-09	6.0594E-08	1.5214E-06	1.4687E-06
5.3458E-08	2.5286E-08	2.7546E-06	3.2484E-06
3.3801E-09	-1.5226E-08	2.5101E-06	1.7211E-06
2.8728E-08	2.0812E-08	5.1653E-06	3.6328E-06
4.3579E-09	3.1098E-08	5.8461E-06	1.5999E-06
2.4375E-08	-6.0851E-10	6.4736E-06	-6.8771E-07
-8.5993E-09	4.1284E-08	5.7732E-06	-7.5307E-07
-9.4304E-09	2.0294E-08	3.1657E-06	-1.3140E-06
2.9426E-08	2.2983E-08	2.2131E-06	-2.1224E-06
-7.7771E-09	2.0339E-08	1.7849E-06	-5.3152E-08
-4.4604E-09	3.9912E-08	2.6120E-06	-5.1312E-07
1.1748E-08	1.4424E-08	1.3709E-06	-1.5834E-06
1.6220E-08	7.4891E-09	2.0819E-06	1.1675E-06
1.5111E-08	-1.1637E-08	2.3230E-06	-7.7354E-07
3.9738E-09	-8.3754E-09	2.4244E-06	1.2297E-06
4.4652E-08	3.1205E-08	1.8047E-06	-7.1442E-07
1.7067E-08	1.0829E-08	3.7373E-06	-1.8783E-06
2.0484E-08	4.4974E-08	1.9346E-06	2.4044E-07
4.2736E-08	1.8270E-09	2.6613E-06	-2.5626E-06
1.4465E-08	-1.3559E-08	9.6389E-07	-1.0100E-07
-3.0309E-08	1.1105E-08	1.6277E-06	4.7345E-07
4.7625E-08	2.2865E-08	1.0492E-06	2.0173E-07
9.9382E-09	6.4217E-09	2.4276E-06	-8.1059E-07
-2.6328E-08	6.2623E-09	9.2226E-07	9.4173E-07
1.0062E-08	4.5987E-09	7.7666E-07	9.5924E-07
4.0073E-08	7.4113E-09	1.8234E-06	-7.1112E-07
9.5936E-09	6.6007E-09	1.9970E-06	-1.1225E-06
1.1161E-09	1.2015E-08	8.2654E-07	-1.5127E-06
7.6913E-08	7.2036E-08	2.7769E-06	5.9538E-07
3.3115E-08	1.8099E-08	2.1760E-06	-2.5594E-07
1.2788E-08	1.4341E-09	2.0591E-06	1.0723E-06
-3.0939E-08	4.0596E-08	2.3915E-06	1.1660E-06
3.8961E-08	4.9593E-08	2.7339E-06	1.3630E-07
1.0690E-08	6.2378E-08	2.0325E-06	8.9141E-07
-5.8468E-09	2.6564E-08	1.8969E-06	6.1120E-07
-3.1207E-09	3.9327E-08	-8.2788E-07	2.5963E-06
8.6675E-09	1.6619E-08	1.4758E-06	1.2285E-06
3.9414E-08	1.6571E-08	6.2393E-07	1.1934E-06
-3.7146E-09	5.7157E-09	3.9272E-06	1.8493E-06
2.5646E-08	2.6321E-08	1.9215E-06	-1.0428E-06
1.2765E-08	4.2859E-08	1.6027E-06	2.0228E-06
-2.3135E-09	4.4867E-08	-5.0227E-07	-1.0043E-06
2.8824E-08	2.9895E-08	1.8373E-06	2.4507E-06
3.2475E-08	3.2948E-08	2.7409E-06	2.5727E-06
4.1035E-08	1.4052E-08	3.0806E-06	2.6463E-06
1.1153E-08	-1.2940E-08	3.1611E-06	2.0294E-06
4.0606E-09	3.2992E-09	1.6571E-06	5.7353E-07
1.3105E-08	4.9285E-08	1.9222E-06	8.9001E-07
-8.6431E-09	2.1545E-08	2.7740E-06	2.0913E-06
2.6675E-08	2.9914E-08	3.0435E-06	1.9296E-06
-1.0464E-08	1.4068E-08	4.6922E-06	2.2564E-06
1.5635E-08	5.5542E-08	5.2898E-06	4.0877E-06
1.3320E-08	2.9301E-08	4.2295E-06	1.6658E-06
-1.2948E-08	1.6833E-08	2.9450E-06	8.5711E-07
-6.6144E-09	6.1115E-08	3.6573E-06	1.1105E-06
3.9312E-08	3.3226E-08	4.7824E-06	1.5927E-06
1.8537E-08	8.2588E-09	2.0458E-06	2.7668E-06
-1.5401E-08	-5.1586E-09	4.5981E-06	2.4395E-06
4.3750E-08	2.2583E-08	4.2771E-06	3.8714E-06
-3.5985E-09	2.8904E-08	5.4023E-06	5.3600E-06
9.4258E-09	1.9421E-08	1.0098E-05	5.2561E-06
1.1562E-08	2.9874E-08	1.0641E-05	1.5642E-06
1.7541E-08	-5.9943E-09	1.1250E-05	-2.4248E-06
1.8601E-08	2.9224E-08	8.7228E-06	-4.2190E-06
7.3743E-11	1.8852E-08	5.3775E-06	-2.8779E-06
-1.0139E-08	1.5211E-08	6.8888E-06	-3.9688E-06
1.0419E-07	4.1574E-08	7.1365E-06	-3.8367E-06
-1.0031E-08	3.6480E-08	5.6428E-06	-3.6744E-06
2.0299E-08	2.5204E-08	6.1226E-06	-4.1705E-06
3.2800E-08	3.3535E-08	4.2505E-06	-2.4625E-06
2.8646E-08	2.3885E-08	5.1894E-06	-3.4499E-06
2.1325E-08	1.6388E-08	4.8375E-06	-3.5331E-06
5.4100E-08	4.7577E-08	2.4269E-06	-3.4030E-06
2.1468E-08	2.8643E-08	2.7699E-06	-3.6065E-06
8.6834E-09	1.3496E-08	2.5449E-06	-6.0760E-06
1.2623E-08	3.6574E-08	6.9409E-07	-2.0954E-06
2.8668E-08	2.0526E-08	1.7083E-06	-2.4440E-06
-1.1754E-08	3.2884E-08	2.7121E-06	-1.8656E-06
4.2946E-08	5.0871E-09	2.0028E-06	-2.7431E-06
1.2090E-08	1.0539E-08	5.6836E-07	-3.0914E-06
-4.9043E-09	-2.0841E-08	9.1403E-07	-1.6251E-06
1.0791E-08	4.2710E-09	4.2817E-06	-8.1055E-07
1.5142E-08	2.3671E-08	2.3796E-06	-2.1153E-06
1.7534E-09	-3.2265E-09	1.5859E-06	-1.3302E-06
4.6930E-09	2.8081E-08	1.7176E-06	-1.6471E-06
-7.3887E-09	1.0661E-08	2.3241E-06	-2.2402E-06
-5.0504E-10	6.3187E-09	3.4334E-06	-1.5318E-06
3.5855E-08	2.5888E-08	2.1223E-06	-1.1925E-06
3.3152E-09	5.3333E-09	3.2250E-07	1.4407E-06
-1.0829E-08	2.0262E-08	2.2762E-06	-2.4844E-06
-1.0102E-08	3.9985E-08	1.9939E-06	4.1302E-07
1.9210E-10	9.6674E-09	3.5127E-06	-4.3714E-07
4.4826E-08	3.8033E-08	4.4915E-06	-1.8476E-06
3.6970E-08	-1.5309E-08	3.3100E-06	-2.0789E-06
-1.1893E-08	2.0354E-08	3.0174E-06	3.0814E-07
4.2236E-08	1.5910E-08	4.4790E-06	-2.2283E-06
1.9896E-08	-2.2016E-08	4.0057E-06	-1.2121E-06
-1.7176E-09	-2.0131E-08	3.5155E-06	-1.9839E-06
4.4520E-08	3.2404E-08	4.0681E-06	-2.7478E-06
6.0006E-08	1.9093E-08	5.2860E-06	-7.3510E-07
2.7349E-08	-1.2920E-08	4.1791E-06	-3.2350E-06
2.3344E-08	1.0355E-08	4.6313E-06	-3.3146E-06
3.0011E-08	2.0155E-08	5.7819E-06	-4.2825E-06
1.1525E-08	-3.7683E-09	5.3665E-06	-7.8951E-06
7.9633E-08	3.5387E-08	1.8481E-06	-6.4946E-06
1.2405E-08	1.6583E-08	1.6764E-06	-9.0515E-06
1.6333E-08	1.5439E-08	-1.2609E-05	-6.5427E-06
-3.0728E-09	-9.6225E-09	1.0767E-05	7.4674E-06
-1.2363E-08	-8.4298E-09	-1.6886E-05	-3.1322E-06
3.6538E-09	2.2462E-08	2.7210E-06	1.3943E-05
-3.3308E-09	3.0793E-09	1.2871E-05	2.8931E-06
-2.2307E-08	-1.0022E-08	1.0186E-05	-3.7769E-06
3.2307E-08	2.6251E-08	8.3714E-06	-5.3729E-06
1.1655E-08	3.6523E-08	5.5269E-06	-3.5642E-06
2.5130E-08	1.8413E-08	7.1062E-06	-5.5637E-06
-4.3181E-09	-1.5545E-08	4.0207E-06	-4.5813E-06
6.0134E-08	2.5508E-08	4.8266E-06	-5.6337E-06
9.9609E-09	1.3373E-09	3.1583E-06	-3.5276E-06
1.4550E-08	5.0242E-08	2.2061E-06	-2.6550E-06
1.5099E-08	7.2980E-09	3.8844E-06	-4.8764E-06
4.8397E-08	-4.9071E-09	1.7652E-06	-4.8979E-06
-4.8569E-08	-3.8417E-08	2.1598E-06	-3.9170E-06
3.1021E-08	-3.0911E-09	3.9560E-06	-3.4033E-06
-2.6172E-10	8.2199E-09	1.9265E-06	-5.0386E-06
5.1224E-08	7.1418E-09	1.5048E-06	-3.2637E-06
5.2496E-08	-1.2269E-08	1.5152E-06	-4.0654E-06
-9.6364E-09	3.6224E-08	3.2049E-06	-2.3845E-06
2.9202E-08	9.1497E-10	6.6830E-07	-4.8505E-06
1.4691E-08	9.6341E-09	3.2940E-06	-3.0068E-06
1.9498E-08	3.8966E-09	1.6917E-06	-3.7242E-06
4.0662E-08	-1.5578E-08	3.1327E-06	-4.1191E-06
2.1698E-08	2.2787E-08	2.9819E-06	-3.3131E-06
-1.2515E-09	-4.2790E-08	-1.0184E-06	-4.1512E-06
-2.7893E-10	-1.4363E-08	2.0795E-06	-3.9133E-06
1.6529E-08	4.8832E-09	1.5263E-06	-2.1237E-06
3.2808E-09	9.6292E-09	1.6373E-06	-3.2296E-06
1.4134E-08	-1.9499E-08	1.2225E-06	-4.4289E-06
7.6429E-08	7.9256E-09	5.4364E-07	-2.7577E-06
1.8664E-08	5.1123E-08	1.0287E-06	-3.2766E-06
4.7721E-08	-3.1458E-09	2.1580E-06	-1.8756E-06
-1.1989E-08	-8.7151E-09	5.5399E-07	-3.7568E-06
-1.1984E-08	-5.0706E-09	1.0344E-06	-3.8032E-06
-5.3598E-09	1.2457E-09	3.2926E-06	-1.2133E-06
5.5451E-09	-1.1709E-08	2.6995E-06	-3.0103E-06
1.1692E-08	1.1796E-08	-2.8272E-07	-1.7613E-06
2.8604E-08	2.2285E-08	-6.6517E-07	-1.3479E-06
1.5557E-08	1.3581E-08	1.1535E-06	-2.6171E-06
1.0036E-08	1.2968E-08	-2.9888E-07	-2.2902E-06
2.1640E-08	3.1086E-08	7.0879E-07	-4.1569E-06
1.5263E-08	-1.3298E-08	1.6499E-06	-3.4787E-06
1.3192E-08	3.1122E-08	8.2246E-07	-1.5183E-06
6.7414E-09	-1.1760E-08	9.9794E-07	-1.5954E-06
3.5950E-08	-8.9651E-09	2.8588E-07	-3.0475E-06
-1.7285E-08	1.2786E-08	1.1530E-06	-2.2620E-06
3.0683E-08	-2.5863E-08	2.0553E-06	-1.4818E-06
3.2025E-08	2.6675E-08	9.5589E-07	-2.8184E-06
1.0967E-08	-1.5924E-08	2.7348E-07	-1.0380E-06
-3.3130E-09	-3.5225E-08	1.7418E-06	-1.5344E-06
-2.6797E-08	1.8661E-08	1.3002E-06	-1.6571E-06
3.3338E-08	5.6897E-09	1.7332E-06	-9.7176E-07
-8.0425E-09	2.4668E-09	8.5423E-07	-1.6009E-06
-3.1705E-09	4.5499E-08	1.5910E-06	-2.0194E-06
5.2414E-08	1.1963E-08	-1.5381E-07	-2.1071E-06
5.9001E-08	-1.4444E-08	5.9560E-07	4.1660E-09
1.8600E-08	-2.1908E-08	2.1384E-06	-2.5349E-06
1.7857E-08	2.6553E-08	1.2813E-06	5.7055E-07
2.5248E-08	7.6866E-09	2.1148E-06	-1.4636E-06
-1.0260E-08	2.2826E-08	3.9265E-07	-4.2638E-07
3.5154E-08	1.2018E-08	1.9294E-06	-2.3592E-06
7.4415E-09	2.6632E-08	8.0539E-07	-2.1182E-06
2.0064E-08	5.7670E-09	4.0083E-07	-2.2157E-06
3.1082E-08	2.1675E-08	1.6105E-06	-1.5961E-06
9.7678E-09	-2.0354E-08	1.0104E-06	-2.1808E-06
1.4342E-08	1.7059E-08	6.5982E-07	-2.0564E-06
2.1558E-08	6.1290E-09	1.9464E-06	-1.8159E-06
1.3755E-09	-9.3811E-09	1.3052E-06	-4.4691E-07
2.7254E-08	1.5754E-09	1.2462E-06	-3.8854E-06
-1.6158E-08	-1.4182E-08	8.7033E-08	-1.4239E-06
4.3958E-08	4.9221E-08	1.1731E-06	-2.1675E-06
1.5279E-08	5.1624E-09	2.4654E-07	-2.7328E-06
3.7210E-08	3.1045E-08	1.3439E-06	-8.1184E-07
4.1751E-08	1.5675E-08	2.6976E-06	-2.5122E-06
-1.6678E-08	9.8918E-09	6.5972E-07	-2.8345E-06
2.8817E-08	2.5325E-08	3.8321E-07	-6.9506E-08
6.5704E-08	-1.7740E-08	7.4654E-07	-7.7901E-07
3.2416E-08	2.6450E-08	-1.8126E-07	-1.0233E-06
-4.6083E-09	4.7487E-09	2.3022E-07	-1.9869E-06
2.1518E-08	4.2673E-08	2.4374E-07	-2.1291E-06
2.2299E-08	-4.4873E-08	9.0451E-07	-1.6870E-06
6.1554E-08	-3.8975E-08	-1.7706E-07	-4.6350E-07
2.8640E-08	3.5398E-09	7.0673E-07	-1.8267E-06
3.6774E-08	-2.0888E-08	2.1112E-07	-1.4163E-07
1.4934E-08	2.2703E-08	1.5240E-06	2.9211E-07
4.2545E-09	1.2819E-08	9.8066E-07	-1.3791E-06
9.6223E-09	-9.1494E-09	3.2432E-07	-1.2928E-06
-1.0674E-08	-2.4520E-08	4.4463E-08	-1.6912E-06
1.2734E-08	-3.3463E-09	1.5792E-06	-7.5855E-07
2.5982E-08	9.2966E-09	1.4252E-06	-2.6195E-06
5.9952E-09	-3.2193E-08	-5.4627E-07	-1.1510E-06
8.7685E-10	-3.3864E-12	1.3678E-06	-1.0570E-06
3.6061E-08	-5.9492E-09	2.5538E-06	-4.2227E-07
1.5594E-08	-9.1580E-09	1.1149E-06	-1.4055E-06
-1.1551E-08	-1.5941E-08	-3.9150E-07	-9.9151E-07
2.2319E-08	-1.0993E-10	-1.2144E-06	-2.0229E-06
4.4493E-08	1.2107E-08	2.3286E-07	-1.1989E-06
2.0892E-08	1.7809E-08	7.4835E-07	-1.9236E-06
6.4159E-09	8.6174E-09	-2.7553E-07	-2.2569E-06
4.3585E-09	4.7403E-09	-1.0775E-06	-1.3069E-06
2.8880E-08	-3.6328E-09	-9.7787E-08	-1.8559E-06
-1.6771E-08	-3.3800E-08	1.8019E-06	-9.1749E-07
-1.9843E-08	-1.9832E-08	4.0371E-07	-2.0256E-06
6.1067E-08	1.3704E-08	3.2984E-07	-5.8806E-07
5.7556E-09	8.4548E-09	1.7836E-06	-1.5750E-06
2.2412E-08	2.2929E-08	-6.7922E-07	-2.0735E-06
-5.4129E-09	6.0108E-09	2.1585E-06	-2.1849E-06
1.0482E-08	-6.2867E-09	-3.3915E-07	9.2672E-08
1.7649E-08	-1.0054E-08	-5.3492E-07	6.0923E-07
-1.1507E-08	-3.9876E-09	7.5544E-07	9.2972E-08
-6.1993E-10	-3.0855E-08	-2.7870E-07	-2.0590E-06
-2.2929E-08	-8.0653E-10	6.0629E-07	-1.0468E-06
4.1687E-09	2.1112E-08	4.0170E-07	-4.3929E-07
5.5971E-09	-2.4104E-08	1.4864E-06	2.0814E-07
5.5479E-09	4.4984E-09	2.6443E-06	-1.0803E-06
2.8075E-08	5.7306E-09	-4.7909E-07	-1.1045E-06
-1.5165E-08	-2.1651E-08	1.5816E-06	-2.6889E-07
3.2657E-08	-1.5259E-08	-7.0596E-07	-6.9119E-07
3.2056E-08	-1.8081E-09	7.5616E-07	-4.6370E-07
2.0044E-08	-9.6423E-10	2.7474E-06	-5.6218E-07
3.8959E-09	1.9028E-09	1.0284E-06	3.2348E-07
1.9870E-08	1.1290E-08	1.0315E-06	-1.4610E-06
5.6169E-09	-1.1984E-08	3.9347E-06	-8.6762E-07
-5.1965E-09	-1.9372E-09	1.4530E-06	3.9730E-07
-6.1700E-09	4.6585E-10	1.5032E-06	4.9256E-07
1.5348E-09	-6.4058E-08	3.5975E-07	-2.6883E-07
1.6109E-08	-2.9551E-08	2.0255E-07	1.9466E-07
9.3928E-09	-6.1051E-09	2.6519E-07	-4.2980E-07
1.7687E-08	-4.3342E-08	-1.5026E-06	3.6249E-07
1.4715E-08	6.6161E-09	2.0484E-06	1.9392E-07
-1.1837E-08	-2.0511E-08	1.7004E-06	-6.8332E-07
1.7696E-08	-4.6474E-09	2.7354E-07	-2.4171E-06
-2.8897E-09	-4.8072E-08	1.5922E-06	-5.0632E-07
1.9670E-08	3.1165E-08	9.0099E-07	-1.6082E-06
-1.8076E-08	-3.5722E-08	1.8106E-06	-1.5890E-06
8.8274E-09	-9.8769E-09	1.3338E-06	-1.2822E-06
3.0671E-08	1.5555E-08	1.5165E-06	5.1605E-07
5.1676E-09	5.1855E-09	7.8976E-07	6.2196E-07
1.2029E-10	-1.0519E-08	2.3902E-06	-2.5984E-06
-8.7471E-09	-1.1390E-08	6.8159E-08	-1.2812E-06
2.0906E-08	-7.0882E-09	7.9635E-07	-8.1766E-07
6.0950E-09	6.5233E-09	1.5031E-06	-1.6673E-06
3.1893E-08	-4.3113E-08	1.3034E-06	-9.2175E-07
1.8484E-08	-8.2737E-09	3.3379E-07	-1.9789E-06
2.9124E-08	-2.7149E-08	1.4812E-06	-6.3523E-07
1.0346E-08	-1.8067E-08	2.6269E-06	-4.3339E-08
2.1156E-08	-1.4574E-08	1.9359E-06	3.1094E-07
4.0441E-08	1.3478E-08	1.6320E-06	-2.7783E-06
4.6265E-08	-1.6867E-08	4.9547E-07	-2.2039E-06
2.1490E-08	1.6930E-08	1.6526E-06	-1.5118E-06
-2.9238E-08	-4.0944E-09	2.3974E-06	-3.8282E-07
2.1916E-08	-3.1399E-08	1.9047E-06	-1.5984E-06
6.2630E-09	-2.4027E-08	3.1375E-07	-7.1636E-07
-2.3667E-08	1.9123E-09	1.7381E-06	-2.1767E-06
1.1223E-08	-1.4834E-08	-1.1027E-06	-2.1766E-06
2.6498E-08	-1.5496E-09	1.3208E-06	-4.3981E-07
1.1135E-08	-3.0330E-08	1.9196E-06	-2.1159E-06
2.0251E-08	2.7214E-08	1.7250E-07	1.2512E-07
5.0647E-08	3.9186E-08	7.1112E-08	-8.8061E-07
-1.4056E-08	-2.6514E-08	2.2372E-06	-8.6401E-07
-2.0879E-08	-5.8920E-08	1.3481E-06	6.1691E-07
8.0830E-09	-1.3912E-08	-4.1574E-07	-2.1784E-06
8.1290E-09	-1.9635E-08	5.0379E-07	-1.8476E-07
-8.9620E-09	-4.7157E-09	1.2486E-06	-2.6093E-07
-6.9180E-09	-6.2743E-09	-2.4272E-07	1.1852E-06
4.5382E-08	-1.5332E-09	8.7027E-07	-1.9272E-06
3.9682E-08	1.6929E-09	1.3798E-06	-1.0529E-06
1.3150E-08	-5.8290E-09	1.2930E-06	-1.9996E-06
5.1016E-08	-1.4213E-08	1.5089E-06	-1.0159E-06
-3.1643E-08	1.3163E-08	-8.2144E-07	-1.7766E-06
4.6395E-08	-2.8859E-08	1.3024E-06	-5.5904E-07
8.1201E-09	-9.6413E-09	1.0853E-06	-7.4706E-07
-8.4476E-09	1.2301E-08	1.0938E-06	-2.0819E-06
6.3947E-08	-2.7516E-08	7.4814E-07	-2.0412E-06
-4.3832E-08	-5.2360E-09	4.1290E-07	-1.8570E-06
9.4609E-09	-3.0587E-08	8.5564E-07	-4.5991E-07
3.6676E-08	-2.9628E-08	3.0218E-07	-1.3368E-06
2.6769E-08	-1.6566E-09	2.1625E-06	-2.5684E-06
3.9081E-08	-6.6650E-09	7.0076E-07	1.4877E-07
1.3146E-08	1.9518E-08	2.7039E-07	-2.2184E-06
-2.9017E-09	5.6653E-09	-7.3551E-07	-1.7751E-06
-3.5810E-09	1.1122E-08	1.5729E-06	-1.1016E-06
2.1830E-08	-4.5866E-08	1.7915E-07	-2.5905E-06
2.5343E-08	-1.3352E-08	7.7069E-08	-6.1134E-07
8.2611E-09	-2.4990E-08	6.9508E-07	-3.6590E-07
3.1002E-09	2.3365E-08	-1.7851E-06	-1.6520E-06
-2.9745E-09	-1.8791E-08	7.6315E-07	6.1071E-07
1.2044E-08	-8.6867E-09	-3.5142E-07	-1.1039E-06
2.5579E-08	-6.8229E-09	1.7980E-06	-2.6462E-06
-1.9152E-08	9.8870E-09	1.9619E-06	-3.5936E-06
4.9382E-08	1.7475E-08	-1.6489E-07	-1.2947E-06
5.5643E-08	6.9270E-09	8.4569E-08	-3.6892E-06
1.1983E-08	-2.5894E-08	2.3909E-06	-4.4865E-07
4.4506E-08	-1.7435E-08	-1.3134E-06	-5.4378E-07
1.4916E-08	-7.3767E-09	9.8226E-07	-3.9640E-07
1.7755E-08	-9.2693E-09	-8.3125E-07	-1.9887E-06
2.0299E-08	2.1867E-09	-1.6961E-09	-8.8749E-07
3.1905E-08	-4.0054E-08	1.9783E-07	-6.6723E-08
-3.2115E-09	-1.3951E-08	6.0088E-07	-3.0815E-07
-1.4743E-08	2.4724E-09	2.8361E-06	-7.1443E-07
2.6069E-08	-2.6947E-08	6.2820E-07	-1.2095E-06
3.2321E-08	7.5225E-10	1.9791E-06	-1.0364E-06
1.7446E-08	2.3292E-08	6.0569E-07	-1.2613E-06
-4.1219E-09	-6.7742E-09	8.0739E-07	-1.3121E-06
-9.4824E-09	-2.7753E-08	1.5529E-06	-1.2679E-06
1.4130E-08	-1.1336E-08	-6.8066E-07	-1.5122E-06
4.2916E-08	-2.1233E-08	2.7216E-06	-1.3259E-06
2.1810E-08	-2.0641E-09	3.1056E-07	-5.0918E-07
-1.5177E-08	-3.6374E-09	1.4316E-06	-9.0387E-07
4.2225E-08	-3.3979E-09	1.3609E-06	-2.1852E-06
1.4737E-08	-5.4393E-09	1.3351E-06	-1.6024E-06
1.5431E-08	3.3044E-08	1.1367E-06	-1.0362E-06
1.9491E-08	-4.4165E-09	1.4940E-06	-1.6037E-06
3.4900E-08	-6.7516E-09	4.9147E-07	-5.0877E-07
-6.8901E-09	3.5865E-08	1.4261E-06	-1.0518E-06
3.5581E-09	8.9458E-10	1.3112E-06	-8.9293E-07
-3.5758E-08	1.1264E-08	4.0870E-07	-1.5832E-06
1.0621E-08	-3.7904E-08	3.9588E-07	-1.3359E-06
4.6607E-09	3.2779E-09	1.4838E-06	-1.5630E-06
2.0749E-08	-4.6160E-09	3.3869E-08	-2.1137E-06
-1.3553E-08	-1.7575E-08	2.7715E-07	-1.0324E-06
-4.0367E-09	1.2006E-08	-3.1830E-07	-8.2100E-07
-1.1626E-08	2.2500E-08	1.2505E-06	-1.4730E-06
-3.6314E-08	-1.0702E-08	3.2271E-07	-5.7903E-08
1.2241E-08	-1.7904E-08	-8.4304E-07	-1.2849E-06
3.1547E-08	-9.4783E-09	8.0697E-07	8.8744E-07
1.8401E-08	-2.2955E-08	6.9523E-07	-5.7177E-07
1.8455E-08	1.6838E-08	1.3930E-06	-1.4809E-06
2.8894E-08	9.4638E-09	9.4668E-07	-1.3319E-06
1.6891E-08	-2.5179E-08	1.5848E-06	-7.9895E-07
3.8814E-08	-3.7410E-09	-1.1252E-06	-1.7110E-07
6.8473E-09	-1.3729E-08	1.2334E-06	-1.2598E-06
7.8931E-09	-1.5014E-08	1.0924E-06	-1.4701E-06
-1.9768E-08	-2.7617E-09	4.6080E-07	-1.3701E-06
-4.7575E-09	-9.0301E-09	1.4176E-07	-9.1423E-07
1.4287E-08	-3.1530E-08	-6.4415E-07	-2.0398E-06
2.4072E-08	-2.7941E-08	4.0373E-07	-2.5550E-06
1.5376E-09	-3.4983E-08	7.2705E-07	6.8200E-07
5.0008E-09	-1.2000E-08	3.8947E-07	-4.2791E-07
-5.5393E-09	-9.6835E-09	2.3366E-07	-2.6379E-06
-4.8365E-09	-6.3649E-08	9.8970E-07	-8.6862E-07
2.4070E-08	-3.2401E-08	8.9365E-07	-8.1725E-07
9.3053E-09	-1.0033E-08	-8.9382E-07	-1.7578E-06
2.2459E-08	-7.2465E-09	5.6065E-07	-1.4915E-06
-8.4615E-09	2.5709E-08	1.2499E-06	-2.5324E-06
9.2727E-09	-5.2169E-08	6.9017E-07	-1.8055E-06
1.2276E-08	-1.2062E-08	-3.2814E-07	-1.7813E-06
2.8575E-09	-4.2365E-08	-4.8529E-07	-1.0291E-06
-7.4100E-09	-1.3983E-08	2.6105E-07	-9.1976E-07
4.7439E-09	-1.5003E-08	4.7612E-07	-1.9922E-06
2.5617E-08	1.3178E-08	2.3525E-06	-1.0972E-06
2.1328E-08	4.4439E-08	1.0756E-07	-3.0086E-06
-3.8191E-09	3.7601E-08	8.5677E-07	4.6435E-07
4.5518E-08	-1.4605E-08	8.5077E-07	-7.4169E-09
2.5978E-08	-2.5653E-09	9.9236E-07	-2.8176E-06
7.0523E-09	-4.3015E-08	5.6950E-07	-1.8223E-06
-3.1855E-08	-5.0027E-08	3.1599E-07	-1.2803E-06
1.8522E-08	1.8888E-08	-5.7270E-07	-1.2318E-06
1.3257E-08	1.6999E-08	5.6024E-07	-1.2295E-06
1.3504E-08	-3.5788E-08	9.1199E-07	-1.8087E-06
1.0289E-08	-4.1198E-08	-8.9075E-07	-1.5903E-06
1.2030E-08	-6.0240E-08	-9.1395E-07	-2.6239E-06
5.4162E-08	1.6269E-08	2.6844E-07	-2.0888E-06
-1.7779E-09	2.7734E-08	4.4737E-07	-3.4048E-07
1.6398E-08	-1.1821E-08	9.2049E-08	3.7258E-07
2.7742E-08	1.1489E-08	1.2496E-06	4.2109E-09
2.9823E-09	2.9324E-09	8.4144E-07	-2.0672E-06
6.6187E-08	5.9496E-09	2.8687E-07	-1.0999E-06
2.3333E-08	-4.0333E-08	-2.0977E-07	-3.7528E-07
2.1013E-08	-1.2172E-08	-2.7976E-06	-8.5172E-07
2.5808E-08	4.0573E-09	8.4483E-07	-8.8967E-07
3.4596E-08	-4.9891E-09	1.6030E-06	-1.3842E-06
-5.7425E-09	2.0474E-09	1.8186E-06	1.5961E-06
-1.0465E-08	-3.7526E-08	1.8152E-07	-8.2457E-07
6.7226E-08	2.8422E-08	6.5486E-07	-1.2904E-06
4.8310E-08	-3.9355E-08	2.8008E-06	-4.6578E-07
2.5074E-08	-1.6503E-08	-1.7976E-07	-2.6814E-06
-3.0268E-09	4.9174E-09	-4.5001E-07	-9.1632E-07
1.7986E-09	-3.1713E-08	8.0196E-08	-2.5390E-06
8.8240E-09	-3.5901E-08	6.8967E-07	-3.8135E-07
-6.5749E-09	3.4116E-09	2.3914E-07	-1.1641E-06
-3.8874E-09	2.3294E-08	-3.1812E-07	1.6584E-06
2.8173E-08	7.5014E-09	-6.1421E-07	-6.2506E-07
1.7014E-08	9.4399E-09	2.3408E-06	-1.4818E-06
8.6295E-09	-1.7250E-08	-4.3115E-07	1.5463E-06
-1.2504E-08	-4.2447E-08	4.7497E-07	-2.3620E-06
1.6559E-08	-1.9653E-09	-4.5347E-07	-1.5794E-06
5.7300E-08	1.6488E-08	-5.5961E-07	-3.1642E-07
-3.0741E-08	-3.5499E-09	5.0175E-07	-9.1757E-07
3.7272E-09	6.6461E-09	-4.8379E-07	-7.8169E-08
-2.6301E-08	3.0063E-08	9.1983E-07	-1.1240E-06
-1.7345E-09	-5.8065E-08	1.5663E-06	-5.0560E-07
1.6875E-08	2.5318E-08	-4.3934E-08	-1.1808E-06
1.2061E-08	-4.8806E-08	3.2064E-07	-7.7312E-07
1.2995E-08	-7.1684E-09	7.8927E-07	-1.2440E-06
1.2632E-08	-6.5162E-09	9.7280E-07	-1.9305E-07
-1.0538E-08	-1.5418E-08	3.2885E-07	-8.8612E-07
2.3468E-08	-1.2559E-08	5.6859E-07	-1.6012E-06
-2.5475E-09	6.8229E-09	3.1086E-07	-5.3896E-07
3.5843E-09	-2.0660E-08	-3.4524E-07	6.6950E-07
1.1466E-08	-5.5834E-09	-9.6346E-07	-2.1844E-06
1.3918E-08	9.0888E-09	-2.2348E-07	4.2774E-07
9.6903E-09	-1.1070E-08	5.2611E-07	-5.1293E-07
-2.4621E-08	-3.7038E-09	1.5895E-06	-2.0137E-06
7.7320E-09	-5.2123E-08	6.3469E-07	1.1557E-07
-3.4557E-08	-2.3486E-08	2.2019E-06	-6.2132E-07
-1.4860E-08	-1.1700E-09	2.1105E-07	-1.3250E-06
3.8089E-08	-5.2631E-09	2.1930E-07	-1.7926E-06
-2.2630E-08	3.9894E-08	-1.1038E-06	-8.9134E-07
-1.3592E-08	5.6588E-09	8.1460E-07	-1.8546E-06
-1.5809E-08	1.5871E-08	-1.8604E-07	3.6812E-07
1.3986E-08	-6.9410E-10	1.1717E-06	-1.3472E-06
1.3178E-08	-4.0102E-08	7.7989E-07	1.6622E-07
-1.7447E-08	3.3766E-09	1.8873E-07	-1.5392E-06
2.9636E-08	-2.5087E-08	9.5233E-07	2.0896E-07
-1.6956E-08	-2.9886E-08	-2.8721E-07	-1.1170E-06
-6.2838E-09	1.6900E-08	-1.0973E-06	-1.5026E-07
2.3768E-08	7.8980E-09	1.0333E-06	-1.2035E-06
7.9271E-09	-3.3968E-10	1.6784E-07	3.0659E-07
1.0129E-08	-1.1046E-08	-3.8495E-07	-8.1458E-07
-1.5831E-10	-6.8804E-08	9.1451E-07	-9.6626E-08
3.7785E-09	-1.9153E-08	4.4471E-07	1.2364E-07
-8.9874E-09	1.1427E-08	1.2837E-06	-3.4312E-07
-1.6486E-08	-2.7180E-08	2.0288E-06	3.8648E-07
8.1744E-09	-5.8668E-08	-3.0154E-07	-1.7698E-06
-1.8945E-08	-3.9127E-08	-2.4754E-08	-2.3867E-06
4.2137E-08	-1.0569E-08	-8.5338E-07	-1.3681E-06
-7.9308E-09	-2.1583E-08	9.9743E-07	-1.3921E-06
-2.2645E-09	-2.5039E-08	2.1563E-06	-7.5273E-08
3.2013E-09	-4.6582E-08	-7.4527E-07	8.9019E-07
2.5911E-08	2.2945E-09	-1.9108E-06	-1.4382E-06
-2.7900E-09	1.8478E-08	1.4645E-06	-5.1951E-07
-1.5664E-08	1.2115E-08	-1.4503E-06	9.6393E-07
-1.6295E-08	-6.5730E-09	-5.0376E-07	-2.6173E-06
5.6433E-09	-4.2397E-08	9.1836E-07	-4.3994E-07
-1.8564E-08	-3.4975E-08	-1.1379E-07	-1.3369E-07
-3.0386E-08	-2.3759E-08	1.4741E-06	-1.2876E-07
-4.5122E-08	-2.7259E-08	-1.5149E-07	-1.2634E-06
2.1117E-08	1.5094E-08	9.7572E-07	-1.0757E-06
1.2871E-10	-1.8099E-08	2.5180E-07	-4.9498E-07
-8.3508E-09	-6.0514E-09	-2.2232E-07	6.5425E-07
-7.0150E-09	-2.2362E-08	1.1753E-06	-2.1455E-06
1.4564E-08	4.0434E-09	-5.7771E-07	2.5230E-07
-9.4091E-09	9.5076E-09	1.0781E-07	-1.8672E-06
-1.4555E-08	-2.1507E-08	8.0659E-07	-7.7224E-07
7.7906E-10	1.3460E-08	2.9391E-07	-1.1085E-06
-2.6049E-08	-9.1102E-09	1.1137E-06	-2.0448E-06
-2.7110E-08	-7.2685E-08	-4.7506E-08	-1.4565E-06
-2.8324E-08	-1.5105E-08	-1.7475E-07	-6.7381E-07
-1.6460E-08	3.9951E-09	9.1578E-07	9.0567E-07
2.4108E-08	-2.2843E-08	1.9291E-07	-7.6654E-07
3.5566E-08	1.1662E-08	8.7189E-08	-6.9775E-07
3.1853E-10	2.1934E-08	-6.6336E-07	7.0357E-07
3.7655E-08	-2.4577E-08	2.4027E-06	-6.4984E-07
-4.8022E-08	1.0716E-10	1.0523E-06	-1.8667E-06
2.2904E-09	-2.8361E-08	-1.1605E-06	-6.0415E-07
-4.6627E-09	-1.6128E-08	1.2003E-07	-1.4519E-06
4.2829E-09	3.1603E-08	-7.0382E-07	-8.6746E-07
-7.8300E-09	-1.5754E-08	8.7096E-07	5.5292E-07
-8.6325E-09	-1.2177E-08	-2.7026E-08	8.4378E-07
4.9242E-09	2.9923E-08	-5.4439E-07	-1.3231E-06
9.7655E-09	-1.9242E-08	1.6238E-06	-1.5905E-06
-7.2466E-09	-2.0679E-08	2.5818E-07	-6.8441E-07
-4.7033E-09	-8.7068E-09	-2.4127E-07	-1.3926E-06
3.2580E-09	-6.8943E-09	-1.3332E-06	1.8613E-06
3.8924E-08	-1.4408E-08	1.3858E-07	-3.2493E-07
1.1203E-08	-9.9586E-09	-5.6372E-07	2.3886E-08
6.5694E-09	-1.0771E-08	8.1092E-07	-3.8018E-07
1.7213E-08	-4.4299E-09	-1.2851E-06	-1.5129E-06
1.6001E-08	1.8332E-08	4.9050E-07	-2.5697E-08
2.4425E-09	3.4414E-09	1.3357E-06	-8.3291E-07
5.4596E-09	-1.5774E-08	1.4264E-06	-4.7715E-07
-1.0181E-08	7.6659E-10	6.7436E-07	-1.0163E-06
1.8888E-08	6.7937E-09	4.3823E-08	-5.1083E-07
1.5180E-09	-7.8582E-09	4.0205E-07	-6.3150E-07
-2.2311E-08	6.0703E-09	6.6289E-07	-1.7941E-07
-1.1660E-08	1.4222E-08	3.3390E-07	-7.1762E-07
1.3310E-08	4.3875E-09	1.7137E-06	-2.0335E-07
2.4475E-09	1.3968E-08	1.1610E-06	-1.2158E-06
-2.8774E-08	-4.2056E-08	3.8219E-07	3.4781E-07
-1.8119E-08	-1.5805E-09	1.9911E-06	-3.0338E-07
1.0710E-08	-1.3112E-08	-6.5562E-07	-3.0966E-07
1.9033E-08	-1.2701E-08	-5.6567E-07	-7.8984E-07
2.2735E-08	3.0530E-09	2.2347E-06	2.5490E-07
-2.1746E-08	-2.8208E-08	9.2942E-07	-8.2929E-07
-2.9861E-08	-4.8227E-09	8.3700E-07	1.4299E-07
-4.5788E-09	4.5148E-08	-1.2243E-07	4.5726E-07
3.0830E-08	1.1097E-09	2.2836E-06	-6.1645E-07
4.2629E-08	1.5261E-08	4.3839E-07	-4.3753E-07
-3.1007E-09	-4.3749E-08	-1.9566E-07	-1.2769E-06
3.4811E-08	9.1042E-09	1.0325E-07	3.3730E-07
-3.2210E-08	-6.0493E-08	5.5807E-07	-5.3307E-07
-1.6882E-08	-3.5067E-09	-6.3899E-08	-2.0960E-06
-1.2719E-08	-2.1985E-08	-2.0180E-06	9.7546E-07
-5.7614E-09	5.3883E-09	1.2502E-06	-9.0535E-07
6.6415E-09	-1.8715E-08	-9.6259E-07	-1.2862E-06
-3.0812E-08	-4.3341E-09	5.5882E-07	1.0168E-06
3.3222E-08	-1.2628E-08	8.4857E-07	-7.6727E-07
2.6206E-08	-2.3857E-08	1.1109E-06	-1.2013E-06
-4.3045E-09	-4.5671E-08	1.5488E-06	-1.7075E-06
-1.5228E-08	-1.3253E-08	1.8284E-06	-1.2108E-06
6.1175E-10	8.2149E-09	1.2134E-07	-2.3339E-07
2.3363E-09	-2.6909E-08	1.2263E-06	-2.8629E-07
-2.6890E-08	-1.1374E-08	-4.2243E-07	4.5413E-07
1.9268E-08	-2.3732E-08	4.1970E-07	-4.9775E-07
3.7676E-09	1.1917E-08	-2.1705E-07	6.5313E-07
2.1814E-09	8.2815E-09	8.1856E-07	-4.2700E-07
3.9513E-08	3.5605E-08	9.7364E-07	-6.7937E-07
-1.3804E-08	-1.9233E-08	1.0443E-06	-1.2489E-06
-3.8431E-08	-2.9028E-08	-8.3964E-07	8.6239E-07
-1.3087E-08	-2.1872E-08	-1.0355E-06	-2.4811E-06
6.7714E-09	1.4328E-08	-1.3415E-06	4.0218E-07
2.8111E-10	-1.5353E-08	-7.3161E-07	1.0336E-06
-2.3576E-09	-6.7121E-09	6.4991E-07	-2.3568E-06
-1.4748E-09	-4.8821E-08	-9.9631E-07	5.7860E-07
-1.0172E-08	-1.8035E-08	-1.5866E-06	-9.2699E-07
1.2991E-09	-2.3677E-08	4.7022E-07	6.5930E-07
9.7965E-10	-2.4935E-08	-1.8565E-07	-8.3361E-07
2.5349E-08	1.2783E-08	-1.3283E-07	-1.0078E-06
9.7858E-09	7.7175E-09	9.1963E-07	7.9159E-07
1.5838E-08	-8.6720E-09	7.1487E-07	-2.4839E-07
-3.4608E-08	-2.8312E-08	1.2726E-06	-3.4343E-07
-2.2250E-08	-8.1520E-09	2.0517E-06	-1.4415E-06
-1.9926E-08	3.0197E-09	2.9763E-08	-1.2756E-06
1.0941E-08	-9.1504E-09	-2.7332E-07	-1.2442E-07
1.1450E-08	9.8567E-09	1.8160E-06	-7.7545E-07
8.4742E-09	2.9897E-10	1.7525E-07	-4.6376E-07
-2.9635E-08	-9.0168E-09	5.0858E-07	-2.9521E-07
-1.0926E-09	-5.0843E-09	-1.1540E-07	-1.2435E-06
2.0691E-08	-9.6223E-09	-1.0076E-06	-4.6431E-07
1.5945E-08	-1.0830E-08	1.7965E-06	-2.1333E-07
-5.2982E-09	4.0777E-09	6.2692E-07	-1.5076E-06
2.4876E-08	-2.9684E-08	-7.4381E-08	-1.5905E-06
8.1309E-09	2.9858E-10	-2.8237E-07	-1.2551E-06
-2.5518E-09	-1.6544E-09	-4.3132E-07	3.2174E-07
2.0105E-09	-3.0745E-08	-9.4222E-07	3.4959E-07
9.0966E-10	-4.5585E-09	5.0592E-07	-2.0376E-06
-1.7505E-08	-1.9959E-08	1.1424E-06	-8.8037E-07
-6.1299E-09	9.6698E-09	-3.6381E-07	2.6031E-07
-8.6339E-09	1.0237E-08	1.0817E-07	-4.7756E-07
-2.6122E-08	-2.1088E-09	7.5996E-07	-6.1366E-07
-2.3063E-09	-2.9546E-08	9.5753E-07	5.1986E-07
1.0915E-08	-4.4457E-08	2.2331E-06	5.4771E-07
-1.0598E-08	-4.4817E-09	1.3375E-06	1.2834E-06
-1.8705E-08	8.9134E-09	5.8359E-07	-5.0965E-08
1.4573E-08	-3.2518E-08	7.8403E-07	-1.8859E-06
-2.3393E-09	-7.9545E-09	7.2483E-07	1.3017E-07
5.0925E-09	1.1261E-08	5.7290E-07	-7.9988E-08
-3.1649E-09	-3.8455E-08	2.3053E-06	-4.3645E-07
-2.0279E-08	4.2959E-09	1.2948E-06	-9.2857E-07
-3.5704E-08	-8.0088E-09	9.8756E-07	-1.0478E-06
-1.3031E-08	2.6966E-08	1.1689E-08	-1.2016E-06
2.2426E-08	-1.4883E-08	-1.2428E-06	-2.0938E-06
-1.0731E-08	-3.8642E-09	-3.6630E-07	-7.6453E-07
-3.3111E-09	-1.8057E-08	9.2261E-07	1.7439E-06
1.4654E-08	-1.9064E-08	-1.3425E-06	-1.1729E-07
-1.6464E-08	-1.8479E-09	-1.2441E-06	5.8512E-09
3.2440E-08	-4.6448E-09	3.8185E-07	1.0679E-06
-3.9814E-09	-2.9466E-08	-2.5650E-07	-9.6001E-08
9.4950E-09	-1.2598E-08	-1.1551E-06	9.4349E-08
4.7905E-09	1.6022E-09	1.0563E-06	-9.5010E-08
1.2483E-08	-7.9150E-09	1.0732E-06	-1.2010E-07
-2.9114E-08	-4.8853E-09	1.8732E-07	-1.0156E-06
-1.6155E-08	-1.2390E-08	1.5598E-06	-2.8930E-07
-3.1034E-08	8.2559E-09	1.0692E-06	-7.6281E-07
-2.0746E-08	-7.5190E-09	1.3382E-06	-1.4921E-06
-2.4553E-09	-3.5128E-08	5.2386E-07	1.9555E-07
4.5410E-08	-3.5662E-08	4.7907E-07	-1.6499E-06
-4.0566E-10	-1.2266E-08	1.6840E-06	1.3026E-06
9.7297E-09	4.9713E-09	2.5036E-07	1.9879E-08
3.1279E-08	-3.2396E-08	-2.1064E-07	5.9320E-07
-2.2255E-08	4.7133E-08	-1.0314E-07	-2.0751E-07
-5.8969E-10	1.9619E-08	1.9650E-06	-9.5226E-07
1.3484E-08	-5.4335E-09	-4.0015E-07	-5.7830E-07
1.2082E-08	-3.5576E-09	3.9896E-08	-9.1756E-07
-2.7635E-08	2.0228E-09	6.7539E-07	-9.3227E-08
-4.2531E-08	-1.3381E-08	-1.1448E-06	4.4401E-07
1.7802E-08	-5.0816E-09	8.5170E-07	-8.8763E-07
-2.1523E-08	-3.9561E-08	-4.7737E-07	-3.6569E-07
1.8238E-09	3.9535E-10	-1.7812E-06	2.7099E-07
-3.3018E-09	-1.3304E-09	8.8393E-07	-1.9284E-06
2.6555E-08	-5.7350E-09	-6.1345E-07	4.7829E-07
-1.1043E-08	2.2700E-08	9.0491E-07	8.9519E-07
3.1357E-09	1.7246E-08	2.4643E-07	-7.6395E-08
-4.9159E-08	-1.0871E-08	1.1536E-06	1.7073E-06
8.5035E-09	-2.9725E-08	-7.5113E-07	1.9017E-07
1.3222E-09	-6.1074E-09	4.7565E-07	-1.4603E-06
-6.2061E-09	1.6783E-08	1.2514E-06	1.2729E-08
2.8595E-08	2.4217E-08	1.0091E-06	-1.7632E-06
-3.8325E-08	1.6274E-08	-3.6444E-07	2.9074E-07
-3.0248E-08	2.0929E-08	-3.0702E-07	-9.4800E-07
-1.8113E-09	-7.3249E-11	-9.6965E-07	-7.8800E-07
7.8608E-09	1.4350E-08	1.2203E-06	-1.3470E-06
5.9117E-09	1.8028E-08	1.9417E-08	2.1094E-07
1.4083E-08	-5.2815E-08	1.4454E-06	-3.7315E-07
-1.1893E-08	-3.8746E-08	1.5155E-06	-7.1864E-08
-2.5224E-09	1.3080E-08	2.5174E-06	9.4368E-08
-8.1129E-09	2.8820E-09	6.4000E-08	-8.7138E-07
-5.1089E-08	1.4257E-08	-2.9280E-07	9.9489E-07
-4.4176E-08	-5.1120E-09	6.6820E-07	9.1229E-08
1.0582E-08	2.8699E-09	1.9787E-06	3.8238E-07
1.2783E-08	-1.7959E-08	3.8642E-07	3.8473E-07
2.6888E-08	-5.8132E-08	1.0103E-06	-1.6300E-06
-7.5699E-09	-2.2252E-08	6.1192E-07	7.1412E-07
7.9241E-09	6.8707E-09	1.0798E-06	-3.6790E-07
2.5909E-08	-2.0668E-08	1.3468E-06	-3.7533E-07
-1.6829E-09	-8.1040E-09	6.4713E-07	1.5906E-06
-3.7257E-08	9.8008E-09	2.1727E-06	-6.0619E-07
-2.3849E-08	-4.9861E-08	1.2903E-06	-2.6673E-07
1.4109E-08	-2.7695E-08	5.5189E-07	-1.5540E-06
1.5501E-08	4.2136E-09	2.1844E-06	-1.3431E-06
7.0779E-09	2.0205E-09	-2.0173E-07	-1.5941E-08
2.1258E-08	1.0808E-08	1.3508E-06	-5.5892E-07
6.6915E-09	-7.5446E-08	9.2069E-07	1.9472E-06
-3.2893E-08	-2.5170E-08	4.9100E-07	3.0121E-07
-4.5272E-08	-3.0509E-08	4.8284E-07	-1.9391E-06
-2.4079E-08	-2.1760E-08	1.9280E-07	1.3023E-07
-7.7567E-09	-3.5708E-08	-1.7976E-07	7.8364E-07
-2.0768E-09	2.9604E-08	-3.1962E-07	-6.1804E-08
1.2385E-08	1.0015E-08	1.9586E-08	1.0249E-06
-7.9439E-09	-2.4863E-08	1.2321E-06	-8.9954E-07
-4.6545E-09	-1.5970E-08	1.6311E-06	4.2102E-07
8.3191E-10	1.2732E-08	-5.4141E-07	-1.0967E-06
-1.0289E-08	-1.0518E-08	-7.5226E-09	-3.0860E-07
-9.4393E-09	-9.2589E-09	4.7008E-07	-1.3057E-07
1.5364E-08	2.9062E-08	8.1221E-07	-2.5017E-08
2.2007E-09	-5.2026E-09	-2.7748E-07	-8.3629E-07
-2.2534E-09	1.9899E-08	-7.2486E-08	-1.2537E-06
1.8791E-08	-3.8687E-08	4.1588E-07	-4.9208E-07
-1.3618E-08	-2.4398E-10	-2.6469E-07	-2.3664E-07
-3.2185E-08	-4.2799E-09	-1.7790E-06	-5.8126E-07
-3.2431E-08	9.0751E-09	-5.6661E-07	-3.9361E-07
1.3136E-08	6.9310E-10	1.0413E-08	-1.6771E-06
3.0997E-08	2.5727E-08	-4.1018E-08	1.9384E-07
2.5419E-08	6.5077E-09	5.3780E-07	2.7683E-07
-2.1443E-08	9.7710E-09	-1.0169E-06	-1.6109E-06
-1.1273E-08	-1.3242E-08	1.2485E-06	-5.9082E-07
1.3843E-08	-2.0474E-08	7.5170E-07	-2.2264E-07
-6.9687E-09	1.3964E-08	1.8151E-07	-5.4065E-07
-5.1213E-09	1.2011E-09	-1.8187E-06	8.6905E-07
6.1353E-09	3.2618E-09	1.6520E-06	5.8402E-07
-1.3977E-09	7.7827E-09	-5.9916E-07	-1.0103E-06
5.1148E-09	4.3424E-09	2.9920E-08	-1.3884E-07
-2.4293E-08	8.8993E-09	5.0566E-07	-1.2713E-07
-4.4485E-09	1.5630E-10	-6.4923E-07	-7.6512E-07
-3.4092E-08	1.8255E-09	1.0582E-06	9.7099E-07
-1.7550E-08	-2.9122E-08	1.8604E-06	3.2787E-07
-1.5764E-08	1.0373E-09	1.1546E-06	-1.9892E-06
1.6832E-08	-1.4656E-08	-5.6866E-07	1.7275E-08
1.4240E-09	1.6062E-08	5.3106E-07	-5.0137E-07
-4.2633E-09	2.0410E-08	-9.6359E-07	1.0738E-07
-2.9345E-08	-4.2828E-08	-6.7360E-07	4.5548E-07
-6.2190E-08	-1.7731E-08	-3.8998E-07	-1.1654E-06
-3.6280E-08	7.6052E-09	-8.8799E-08	-2.6363E-06
1.9086E-08	-4.5868E-10	-4.4568E-07	3.1608E-07
8.0215E-09	9.0081E-09	1.2557E-06	-1.4871E-06
5.9490E-08	5.0844E-09	-1.0500E-09	-1.1147E-06
-1.4237E-08	1.5351E-08	1.0877E-06	-1.1056E-06
-3.2361E-08	1.9370E-08	2.5551E-06	3.2400E-07
3.5744E-09	3.0743E-08	-1.6504E-06	-7.2104E-07
-4.2298E-09	-6.1275E-09	-7.4505E-08	-1.1090E-06
8.9338E-09	3.6591E-08	-8.3452E-07	1.8194E-06
-2.4711E-08	-2.4042E-08	1.0993E-06	-1.8275E-06
-1.7576E-08	-3.2823E-09	-2.1935E-07	-9.8891E-07
-1.0454E-08	2.8497E-08	-2.1578E-07	-1.3026E-06
-1.4696E-08	-3.5107E-08	-8.4310E-07	7.3840E-07
-9.6589E-09	6.5470E-09	4.1272E-07	1.6037E-06
-2.8704E-08	7.4989E-09	-3.2952E-07	1.2497E-07
-4.8504E-08	2.0283E-08	7.8364E-08	-5.8347E-08
-7.1425E-09	3.0590E-08	1.4395E-06	8.7734E-07
1.2993E-08	-2.3079E-08	9.7944E-07	-3.4042E-07
-1.7102E-08	-1.6544E-08	-1.6362E-06	-8.9337E-07
2.0843E-08	1.5217E-08	2.6037E-07	6.3037E-07
1.4919E-09	-1.8519E-08	-3.7887E-07	-3.1332E-08
1.8860E-08	1.9828E-08	1.0011E-06	1.2536E-07
-5.6525E-09	-1.2232E-08	-5.4845E-07	-3.2796E-07
-3.0906E-09	-1.0743E-08	1.5590E-06	-1.3435E-06
-1.6199E-08	8.0774E-09	3.7942E-08	4.9486E-07
3.4926E-09	-1.9891E-08	-5.2528E-08	-1.6935E-06
-6.7357E-09	-6.6338E-09	-4.3556E-07	-2.6467E-06
-1.0225E-08	-5.9311E-09	6.4683E-07	-7.8648E-07
-1.0602E-08	1.6940E-08	7.3316E-07	-9.9261E-07
-3.4994E-08	-7.7778E-09	-1.1830E-06	-8.5518E-07
3.8803E-08	3.4668E-09	9.7547E-07	4.9778E-07
-4.5435E-09	-6.7154E-09	1.9920E-06	-1.0397E-06
-3.0479E-08	1.7005E-08	-1.6390E-07	7.4652E-07
2.3230E-08	4.3786E-08	-6.1742E-08	-9.3406E-07
4.6297E-10	-5.0608E-09	1.5540E-06	-4.0263E-07
5.8011E-09	1.1228E-08	1.7322E-06	-6.4036E-07
-6.7352E-09	6.3376E-09	-8.2968E-07	4.1218E-07
-2.7998E-08	-1.0102E-08	9.0245E-07	4.2794E-07
1.4718E-09	-1.2588E-08	1.2908E-08	2.3391E-07
-1.7540E-08	-2.0497E-08	-1.5197E-06	-6.8359E-07
-1.8600E-08	-5.2349E-09	-1.0619E-06	-7.6240E-07
-4.9568E-09	-2.0375E-08	1.5436E-06	9.0801E-07
1.6211E-08	-1.4184E-10	7.6602E-07	-3.3518E-07
-4.5873E-08	-2.9670E-08	-3.7703E-07	-6.3051E-07
-3.6256E-09	1.1667E-08	1.0956E-06	5.0565E-07
2.9074E-08	8.7763E-09	-1.5968E-07	-6.8848E-07
5.2445E-09	-1.6663E-08	-2.8734E-07	-1.4973E-07
1.6175E-08	-2.4888E-08	-8.4045E-07	1.2583E-07
4.5443E-09	1.0855E-08	8.8246E-08	-4.0806E-07
-1.6113E-08	2.0983E-08	-1.5857E-07	-4.3243E-08
-1.0581E-08	-1.9998E-08	9.4323E-08	1.0219E-06
1.4201E-08	-1.0842E-08	-1.1833E-07	8.2858E-07
-2.5157E-08	-1.3554E-08	5.0913E-07	-1.2170E-08
5.4052E-09	-1.4280E-08	5.3543E-08	-8.7785E-07
-2.3344E-08	-3.7790E-08	-1.4224E-08	-1.5970E-07
-1.6202E-08	-1.2414E-08	6.1304E-07	1.8069E-07
-2.3469E-08	4.9464E-08	7.4104E-08	5.1029E-07
-6.4996E-10	-4.5371E-08	-3.9621E-07	-7.7185E-07
-6.7779E-09	3.2565E-08	1.8301E-06	-7.3202E-07
-3.2701E-08	-2.9375E-08	7.1245E-07	-5.3771E-07
-1.0861E-09	2.1779E-08	2.9280E-07	-2.9789E-07
2.9393E-08	1.7500E-08	-1.0977E-06	-9.9104E-07
-2.2823E-08	-6.9005E-09	-2.6454E-06	-2.5405E-07
5.0850E-09	-1.7798E-08	-4.8322E-07	-1.2679E-06
9.0567E-10	-3.2447E-08	-3.5488E-07	-3.8199E-07
1.9287E-08	9.4793E-09	5.2760E-07	-9.2833E-08
-9.3770E-09	-3.6797E-09	6.0276E-07	-3.6723E-07
-2.5896E-08	8.8178E-09	-2.1354E-08	-3.4783E-07
-2.0109E-09	1.2796E-08	-1.4145E-06	-7.2345E-07
-3.3437E-10	-1.7134E-09	5.0204E-07	6.4193E-07
-2.2271E-08	3.1647E-09	-1.1099E-06	-1.0375E-06
2.7560E-08	7.3452E-09	-3.7790E-07	9.7048E-07
-2.2954E-08	-2.1138E-08	-1.7818E-07	-5.4973E-07
-8.9108E-09	1.2156E-08	1.3746E-07	-8.6808E-08
4.3386E-09	2.9862E-08	1.1256E-06	9.6471E-07
-1.3498E-08	-1.3873E-08	7.9637E-07	-7.0748E-07
-1.7572E-08	-1.5193E-08	1.5556E-07	2.8531E-07
-9.2418E-10	8.9875E-09	-2.8105E-07	1.0782E-06
-1.8195E-08	-9.9477E-09	1.5140E-06	3.0366E-07
-2.7977E-09	-1.6279E-08	1.2198E-06	-1.0350E-06
-5.5847E-08	1.4451E-08	1.8405E-08	-3.8932E-07
-2.9788E-08	-1.7294E-08	1.6493E-06	7.2963E-08
-5.0402E-08	2.3054E-08	4.2927E-07	-2.1361E-06
-8.4978E-09	2.0168E-09	5.7767E-07	-8.6799E-07
-6.2898E-09	2.2109E-08	-6.3985E-07	-1.4189E-06
-8.0506E-09	8.8603E-09	1.1003E-07	8.2574E-07
-1.1895E-08	-1.1893E-08	3.8914E-07	4.1854E-07
2.7862E-08	-8.8031E-09	5.1191E-07	2.2325E-07
3.7201E-09	4.5622E-09	2.6581E-07	-6.9310E-07
6.5748E-09	-4.4427E-09	2.2616E-07	-7.4321E-07
-5.2151E-08	2.0379E-08	1.8252E-07	-1.2106E-07
2.4711E-08	9.6198E-09	-2.7865E-06	1.3407E-06
-2.1059E-08	2.6621E-08	3.7937E-07	-8.5802E-07
-2.5362E-08	1.8033E-08	-9.4959E-07	-9.1605E-07
1.0402E-08	1.5682E-08	-3.9485E-07	1.1619E-06
2.7013E-08	7.3794E-09	4.3747E-08	1.3082E-06
-2.0948E-08	1.3953E-09	4.0679E-07	-1.2000E-06
2.2645E-08	-2.4141E-08	4.4099E-07	-1.4426E-06
-2.5879E-08	-2.0139E-08	-6.1967E-07	-8.5383E-07
2.2753E-09	-1.4371E-09	-2.9885E-07	-1.1520E-06
-7.5922E-09	-3.3419E-08	7.8582E-07	-2.5035E-07
1.8496E-08	7.7259E-10	1.3136E-06	-2.0130E-06
8.9217E-09	-4.3852E-08	-2.2293E-07	-5.7080E-07
3.6739E-08	-1.0948E-08	2.1884E-06	-1.1439E-06
9.1601E-09	-6.0233E-09	1.2683E-06	1.2422E-07
4.0437E-09	-1.1328E-09	-1.0302E-06	8.3042E-08
-1.9577E-09	-8.2604E-09	3.1486E-07	3.7478E-07
5.0977E-09	2.1912E-08	-1.9237E-07	-9.7941E-07
-1.0575E-08	-1.9941E-08	-5.6396E-07	-1.7966E-07
-5.4736E-09	-1.5035E-08	4.3876E-09	3.6726E-07
-2.8827E-08	-1.6948E-09	6.6835E-07	-4.0641E-08
2.5271E-09	8.1919E-09	9.4321E-07	-1.4868E-06
-1.8863E-10	3.2261E-08	-3.4911E-07	-2.4028E-07
-2.5480E-08	1.4862E-08	8.8032E-07	2.0399E-07
2.4411E-08	6.3502E-09	2.2974E-07	-7.1011E-07
3.1174E-08	6.5004E-09	5.6305E-09	-1.0896E-06
2.5917E-08	7.0825E-09	-1.9845E-06	1.3219E-06
-6.0173E-09	-1.4291E-08	4.1258E-07	-2.0922E-07
-2.4915E-08	-1.4852E-08	1.3919E-06	8.3490E-07
-1.2813E-09	-1.7623E-09	-2.2111E-06	1.9848E-06
2.5350E-09	-2.2084E-08	3.6586E-07	1.2694E-06
-6.7503E-09	2.9430E-08	-1.0279E-06	-1.3049E-06
-1.9640E-09	1.0707E-08	2.7902E-07	-5.1624E-07
8.5610E-09	8.8580E-09	6.9418E-07	-8.1492E-07
-1.3009E-08	-2.5787E-08	6.9622E-07	4.2500E-07
1.8909E-08	1.6793E-08	5.1407E-07	-4.4560E-07
-4.0019E-08	-1.4141E-08	8.9855E-07	2.9441E-07
8.2547E-09	-1.8344E-08	1.6657E-06	-1.1117E-06
1.2643E-08	1.1263E-08	9.2947E-08	-1.8644E-06
1.7787E-08	-4.9503E-09	1.2726E-06	-7.8989E-07
-1.4393E-08	-2.1041E-08	1.3079E-06	-5.2203E-08
7.0989E-09	1.5235E-08	-2.6167E-07	1.3955E-07
-1.3362E-08	-1.4935E-08	-1.6506E-06	-1.4122E-06
-3.1420E-08	-2.5218E-08	-8.9767E-07	7.7021E-08
1.9587E-08	3.5877E-09	-2.4886E-07	-8.6134E-07
1.5781E-08	-2.9732E-08	-1.2298E-06	7.2727E-07
-2.8537E-08	-2.7050E-08	2.1691E-06	-7.6898E-07
-2.5622E-08	1.5702E-08	1.0796E-07	-7.0665E-08
-1.7497E-08	-3.1127E-08	-4.9169E-07	1.5601E-06
-2.1752E-08	-1.4138E-08	-3.3556E-07	-7.2810E-07
2.3146E-09	5.4276E-09	1.0996E-06	1.3094E-06
-1.1082E-08	1.0747E-08	-5.9256E-07	-5.2361E-07
4.5925E-08	4.5923E-09	1.3490E-06	-1.3847E-06
-3.4396E-08	-3.2456E-08	-1.7781E-06	9.3905E-07
-2.0835E-08	-1.3878E-08	-1.0462E-06	-2.1367E-06
-1.1191E-08	-1.0089E-08	-6.2835E-07	6.9781E-07
5.9109E-09	1.4775E-08	1.2085E-06	6.9959E-07
-2.9926E-08	-1.8142E-08	-2.0771E-06	-5.7418E-07
-1.1871E-08	-2.9033E-08	7.5091E-07	-1.2917E-07
-3.4574E-08	4.9511E-08	-7.0995E-07	9.5874E-07
-1.1075E-08	-2.5982E-09	2.8236E-07	-1.2012E-06
-1.6116E-08	-1.7164E-08	7.6765E-07	-7.6889E-07
1.4734E-10	-5.7952E-09	5.6027E-07	-1.2823E-06
1.7736E-08	-1.6834E-08	-8.7550E-07	-3.9258E-07
-1.1892E-08	-2.7679E-08	9.8720E-07	3.5382E-07
-1.6013E-08	-8.4537E-09	3.1487E-08	-1.9864E-06
-1.5883E-08	5.3297E-09	1.5837E-07	7.8611E-07
-7.8541E-09	2.8795E-08	5.6423E-07	-4.2140E-07
2.3016E-08	8.8037E-09	-3.5367E-07	-1.2325E-06
-6.6994E-11	-1.8866E-08	-1.5123E-06	-1.1913E-06
-5.0417E-09	-1.5208E-08	-2.2573E-07	-6.8508E-07
1.5820E-08	7.7614E-09	-3.4399E-07	1.0348E-06
2.8171E-09	2.1475E-08	-5.0741E-07	7.0987E-07
2.1467E-08	-1.3288E-08	-3.2334E-07	-1.7368E-06
-1.3110E-08	2.9067E-08	-8.5406E-07	1.0040E-07
2.2338E-08	-4.0980E-08	6.1372E-07	3.2745E-07
-1.3779E-08	-1.3934E-08	1.1483E-06	-2.3902E-07
-3.2261E-09	4.8719E-09	8.5061E-07	-7.3464E-07
2.9473E-09	1.7592E-09	-3.9766E-07	9.1255E-08
2.9474E-09	-2.8683E-08	1.5970E-06	1.0790E-06
-1.1505E-09	9.2619E-09	8.5406E-07	-7.8165E-09
2.1506E-08	4.5661E-08	1.2200E-07	-1.7338E-06
-5.6786E-09	-4.9771E-10	-1.0753E-07	-1.3108E-06
1.8261E-10	-2.4862E-09	6.6990E-08	-9.8963E-07
-1.7154E-08	1.1583E-08	-6.5763E-08	1.1626E-06
6.0157E-09	2.3748E-10	-1.0729E-06	-1.3802E-06
-1.9035E-08	1.0548E-09	-1.2135E-06	7.9242E-07
-1.2190E-08	-1.3569E-09	-4.8010E-07	-3.9443E-07
-2.1132E-09	-1.4105E-08	-6.4063E-07	-1.0360E-06
2.6244E-08	6.2916E-09	1.3589E-06	5.4492E-07
-1.5908E-08	1.2977E-08	-1.4319E-07	-2.2702E-06
6.9523E-10	8.0170E-09	-1.1276E-07	-3.0655E-07
-1.8231E-08	-1.5256E-09	-8.5974E-07	-2.3966E-06
1.9493E-08	1.4173E-08	3.9746E-07	6.8795E-07
3.4310E-08	7.0383E-09	7.0097E-07	8.8889E-07
1.8581E-08	-2.2920E-08	4.2406E-07	-8.7022E-07
-6.1078E-08	2.9288E-08	1.7291E-07	1.7941E-06
-4.2808E-09	6.9385E-09	-1.2665E-07	-1.0761E-06
-3.6222E-08	1.4990E-08	-2.2757E-07	-2.8259E-07
-1.7839E-08	1.8984E-08	1.3742E-07	5.5425E-07
-2.9998E-08	1.8542E-08	1.0349E-07	-1.0970E-06
2.4888E-08	-3.7128E-09	1.1173E-06	8.6696E-07
-6.9369E-09	4.1497E-08	4.9282E-07	-7.3989E-07
-8.1826E-09	-6.6003E-09	2.9692E-07	-7.9052E-08
1.7904E-08	-1.2192E-09	7.4840E-07	6.5168E-07
-6.0850E-09	-1.5797E-08	2.3046E-06	-1.5256E-06
-5.9253E-09	7.8912E-10	1.2465E-06	-9.0547E-07
1.0338E-08	5.7756E-09	9.2401E-07	1.7271E-07
-3.1084E-08	1.1896E-08	1.4572E-06	6.8147E-07
-2.9528E-08	-2.0045E-08	3.3823E-08	-8.1154E-07
-2.5351E-09	-1.2692E-08	8.5298E-07	6.8030E-07
1.5663E-08	2.5493E-10	1.1317E-06	-3.6177E-07
9.3323E-09	8.3102E-09	2.4499E-07	7.6363E-07
3.2086E-09	7.1244E-09	1.7852E-06	-1.5287E-07
-7.0080E-09	6.4634E-09	-7.5153E-07	-1.0121E-06
4.5940E-09	6.8020E-09	-3.6337E-07	-4.1552E-07
-4.4774E-08	-5.1036E-10	-1.3051E-06	-1.7898E-06
-9.7648E-09	-2.9273E-08	1.4362E-06	1.1893E-06
-1.6257E-08	-1.4413E-08	7.5041E-08	-4.1440E-07
-5.2442E-08	1.6583E-08	1.8797E-06	-1.5537E-06
-4.2335E-09	-8.5890E-09	-7.2005E-07	-1.2271E-07
-8.4931E-10	-1.7901E-08	1.0478E-06	-1.9499E-06
-3.6353E-09	-1.0190E-10	1.5428E-06	2.4504E-07
7.6872E-09	5.3622E-09	-3.7565E-07	6.8918E-07
-7.0769E-09	-2.9002E-08	2.6339E-09	4.9252E-08
1.2249E-08	-5.9183E-09	5.0264E-07	-2.2846E-07
9.8588E-09	2.0877E-09	-1.6471E-06	1.2908E-06
1.7064E-08	1.2381E-08	1.5416E-06	-1.0686E-06
1.9124E-08	3.1393E-08	-6.1676E-07	9.2085E-07
-4.0394E-09	-9.2899E-10	-3.5837E-07	1.2045E-06
-1.6607E-08	-2.3145E-08	-5.3707E-07	3.1683E-07
7.2874E-09	-1.8121E-08	-6.7845E-07	4.7674E-07
-3.4599E-09	3.1556E-09	2.3914E-07	1.2670E-06
2.2064E-08	1.4610E-08	1.1742E-07	7.8453E-08
3.3093E-09	4.7007E-08	1.0192E-06	9.9957E-07
3.2901E-08	-2.0366E-08	5.8924E-08	-5.5183E-07
-2.5129E-08	5.1834E-08	1.0636E-06	2.6139E-07
2.6245E-11	-7.2363E-09	1.4391E-06	4.8237E-07
-1.8449E-08	1.5546E-09	9.3037E-07	2.7218E-07
1.4595E-08	2.3450E-08	-1.0691E-06	1.1895E-06
9.0621E-10	1.4480E-08	-7.8123E-07	-1.3232E-06
8.3626E-09	-1.0960E-08	-1.5564E-06	4.1615E-07
-5.3852E-08	1.3143E-08	8.1746E-07	-1.1090E-06
9.0680E-09	-5.7820E-09	-9.0410E-07	-4.1912E-07
-4.2766E-08	-1.2349E-08	-5.4981E-07	1.3253E-07
1.7220E-08	-2.6267E-08	1.1897E-06	-2.2739E-07
-1.3041E-08	-4.4996E-09	8.4738E-07	2.2172E-08
1.2089E-08	1.6417E-09	4.0246E-07	-6.7991E-09
-1.4412E-08	-6.5265E-09	9.4327E-07	6.4005E-07
9.4815E-09	-6.4813E-09	6.0189E-07	-4.9257E-07
-3.0158E-08	-6.5599E-09	1.5076E-06	-8.2317E-07
3.9378E-08	1.8501E-08	8.6730E-10	-4.7699E-07
-1.2737E-08	1.4125E-09	1.6678E-06	-2.5700E-07
-2.6705E-08	-2.1809E-08	1.8025E-06	-6.3367E-07
7.9581E-09	-5.3947E-09	-1.9150E-06	1.3193E-06
-1.6536E-08	-2.5372E-08	-2.0693E-07	3.0562E-07
-3.5185E-08	1.7921E-08	4.6956E-07	1.2190E-06
2.4140E-08	-3.1295E-08	7.4696E-07	-4.1294E-07
-8.2106E-09	7.2977E-09	8.1467E-07	3.2959E-07
-2.5969E-08	8.5037E-09	1.7412E-06	3.1971E-07
-2.5419E-08	1.7686E-08	-1.7630E-06	7.9235E-07
-1.2802E-08	-1.7176E-08	8.9768E-08	7.0890E-07
-1.5397E-08	1.4469E-08	1.1335E-06	1.0877E-06
-3.3342E-09	-1.7422E-08	-2.8799E-07	-3.1087E-07
-2.0344E-08	4.3153E-09	5.9365E-07	1.3516E-06
-3.3811E-08	-4.5092E-09	3.6349E-07	-9.4762E-07
-4.0829E-09	5.0382E-08	-1.2006E-06	-1.3233E-08
-2.1756E-08	3.8812E-09	1.6134E-06	-5.2487E-07
9.5689E-09	3.2230E-08	-7.4738E-07	1.9375E-07
-8.8278E-09	-5.9770E-09	6.2969E-07	-1.2549E-06
-1.5496E-08	1.4083E-08	-6.0316E-07	2.5396E-06
-9.9629E-09	-1.9081E-09	-4.4409E-07	5.3611E-07
-1.6172E-08	1.1817E-08	1.8441E-06	-5.4943E-07
-8.0677E-09	-2.4380E-08	9.7265E-08	1.8712E-07
-4.5183E-08	-5.6086E-09	-9.3835E-07	4.6761E-08
-2.0849E-08	-2.2804E-09	1.1258E-06	-7.2690E-07
5.4260E-09	-5.4106E-09	2.2664E-07	-2.2135E-06
2.0767E-08	-1.8601E-08	-2.3174E-07	6.4647E-07
1.4509E-08	-1.5630E-08	1.0247E-06	-2.3457E-07
-6.8152E-09	-1.0065E-08	2.7925E-09	4.7522E-07
3.5889E-08	-1.5090E-08	-6.8674E-07	1.6346E-06
-2.7287E-09	7.7436E-09	-5.2225E-08	-2.7288E-07
-7.8495E-09	-1.1996E-08	1.2028E-06	2.1331E-06
9.0838E-09	-2.5721E-08	1.0546E-06	-1.3510E-06
-9.8895E-09	2.1412E-08	-2.9085E-07	7.9269E-08
-1.4108E-08	1.2690E-08	4.7426E-07	-1.2006E-07
3.2690E-09	-1.1330E-08	2.4226E-06	-4.5537E-07
-1.0603E-09	-2.2986E-08	-3.8492E-07	1.2120E-06
2.9856E-08	3.0930E-08	-5.3649E-07	-1.0894E-06
-1.7283E-08	-3.9229E-09	-3.3934E-08	8.1908E-07
-2.6658E-08	8.7597E-09	1.3973E-06	-3.2999E-07
-2.6125E-08	-6.0624E-09	1.9473E-06	-6.9580E-07
-1.0867E-08	9.1349E-09	1.2793E-06	-1.6801E-06
3.1891E-09	1.0239E-09	-2.3283E-06	-9.7736E-07
-1.4464E-08	-2.6907E-08	-1.4460E-07	-1.9829E-06
-1.4878E-08	8.4049E-09	2.4118E-07	5.9619E-07
1.8707E-08	-1.5407E-09	1.7751E-06	-3.1500E-07
-2.0794E-08	-8.2768E-09	-1.2211E-06	-1.4426E-06
-1.0404E-08	-2.4478E-09	5.1415E-08	3.4454E-07
2.7271E-08	2.6595E-08	1.1319E-06	-3.7173E-07
4.1643E-09	9.1324E-09	-6.8573E-07	-1.0233E-06
3.0880E-08	-3.3849E-09	8.3536E-07	1.2326E-06
5.3232E-09	2.7772E-08	1.1082E-07	-1.2207E-06
9.8785E-09	1.5278E-08	3.1690E-07	-7.9447E-07
-2.1421E-08	6.4391E-09	2.9065E-07	-8.0313E-07
-1.4002E-08	-7.1714E-10	-7.7234E-08	5.7097E-07
-1.5201E-08	1.7814E-08	8.8959E-07	1.0433E-06
2.1484E-08	3.7250E-09	-2.7105E-07	-4.0315E-07
5.7311E-09	-1.6202E-08	8.4523E-07	6.8106E-08
-4.2030E-08	-3.0016E-08	-9.3334E-07	3.0577E-07
-2.3406E-08	2.2224E-09	-8.3605E-08	8.7086E-07
9.0387E-09	-4.8910E-09	1.6509E-06	1.2643E-06
-1.2002E-08	1.3726E-08	3.5321E-07	6.1695E-07
-1.6666E-08	-2.3800E-08	1.3537E-06	-4.9691E-07
-1.3220E-08	2.3145E-08	-1.6340E-06	-7.5129E-07
-2.7704E-08	4.6411E-08	1.3787E-06	-1.0815E-08
-1.0878E-08	-2.1897E-09	7.7437E-09	-2.2167E-06
-3.5176E-09	7.0485E-09	-3.8549E-07	-6.0429E-08
5.9169E-09	-4.3271E-09	-2.9099E-07	3.6525E-07
-3.3509E-08	1.8474E-08	-2.4032E-07	2.1206E-06
1.1885E-08	6.0920E-09	6.3275E-08	-2.0953E-06
-2.7422E-08	1.0672E-08	4.8259E-07	-8.2303E-07
-2.9979E-09	-7.7087E-09	-3.9793E-08	-4.6548E-07
-3.3274E-08	1.2071E-08	-2.6235E-07	1.2073E-07
1.4321E-08	-8.7310E-09	3.8429E-07	-6.9104E-07
-1.2456E-08	1.8630E-08	2.3254E-07	1.6813E-07
2.0791E-08	7.1932E-09	4.1337E-07	3.4269E-07
-2.1372E-09	-6.9576E-09	1.4067E-06	3.5247E-07
1.7821E-08	-1.7287E-08	-6.2122E-07	4.5404E-07
9.2926E-09	-2.6211E-08	6.3785E-08	-2.0590E-06
1.3449E-08	4.5473E-08	-1.7702E-07	2.9467E-06
-2.2120E-08	-1.1044E-08	7.0217E-07	4.2161E-07
-5.1889E-09	-1.2856E-08	2.4199E-07	3.1491E-07
1.8320E-08	-8.5327E-09	-1.0700E-06	5.8400E-07
-2.2924E-08	-1.2891E-08	1.5595E-06	-3.6870E-07
1.6954E-08	-1.7028E-08	-1.2203E-06	-3.7815E-08
1.7763E-10	-2.2218E-09	7.5491E-08	-1.7420E-07
-5.3186E-08	-2.5975E-08	4.1219E-07	8.8186E-07
-6.1922E-09	-2.3494E-08	-1.6643E-07	2.2333E-07
-2.7139E-08	5.0788E-08	-1.7877E-06	1.7825E-07
1.7128E-09	-3.5635E-08	-6.1359E-07	8.9622E-07
-7.0312E-09	-2.3519E-08	1.2159E-06	3.3267E-07
2.1937E-08	-8.1151E-09	-1.7970E-07	-1.3692E-06
1.5985E-08	-4.8761E-09	-1.1520E-06	-4.1993E-07
6.1520E-09	3.5246E-09	-3.1504E-06	-5.4086E-07
1.0839E-08	7.8060E-09	6.8796E-07	1.2881E-06
2.1807E-08	-1.5860E-08	6.9939E-07	5.6175E-07
1.8921E-08	4.3542E-08	1.9538E-06	4.0193E-07
-2.3681E-09	-3.6469E-08	4.2389E-07	1.0614E-07
-1.1600E-08	-6.5202E-09	3.9390E-07	-6.7465E-07
-6.1021E-09	-4.2386E-09	5.2415E-07	-1.3891E-06
1.5483E-08	-6.2754E-10	1.5037E-06	1.3456E-06
-1.7426E-08	1.1712E-08	9.3860E-07	-1.6738E-06
-3.3399E-08	5.7558E-09	2.3822E-06	-5.3159E-07
-6.8183E-09	-1.2724E-08	-1.4400E-06	-1.4497E-06
-3.1569E-09	1.2223E-08	4.1040E-07	6.8285E-07
1.3830E-08	8.6445E-09	2.5800E-06	-2.6081E-07
4.6867E-09	-3.5390E-08	-5.9433E-07	-8.4574E-07
-5.9323E-09	3.9147E-09	3.4069E-07	-1.0061E-06
-1.6631E-09	-2.6665E-08	-1.9710E-07	-1.7427E-06
2.1874E-09	-2.1637E-08	2.0104E-07	1.8914E-06
-1.4598E-08	-2.4677E-08	4.7450E-07	4.7030E-07
-3.1325E-08	-4.0371E-09	-8.0138E-07	2.4600E-06
1.2837E-09	1.0984E-09	-5.0003E-07	-8.6930E-07
2.1899E-08	5.6559E-09	1.4502E-06	6.6506E-07
4.7519E-09	-8.7884E-09	6.8470E-07	-4.9144E-07
-7.8005E-09	2.4108E-08	-2.2705E-06	-1.5910E-08
2.4116E-08	1.3127E-08	-1.8242E-06	7.1592E-07
-2.8533E-08	6.0159E-09	2.0237E-07	2.6744E-07
-2.7654E-08	1.9558E-08	1.2407E-08	2.7631E-07
-8.3905E-09	1.1936E-08	6.0308E-07	8.1170E-07
-1.2846E-08	3.1305E-08	3.1177E-07	7.5280E-07
-5.1809E-09	1.4855E-08	-8.4628E-07	-1.5045E-06
-2.3216E-08	2.0513E-09	2.6368E-07	1.2078E-06
-2.5399E-09	-5.2546E-10	1.7520E-07	-1.6679E-06
9.3767E-09	-2.4379E-09	7.9735E-07	-6.7045E-07
-8.8538E-09	-2.8155E-08	3.9055E-07	5.0809E-07
1.6294E-08	3.6150E-08	7.3640E-08	-1.9937E-07
8.4200E-09	-1.5873E-08	1.0880E-06	3.9807E-07
-1.6787E-08	1.1777E-08	-4.0794E-07	-7.2017E-07
-9.0741E-10	-3.4388E-08	3.7661E-08	4.1653E-07
-3.6897E-09	3.9955E-08	1.3211E-07	1.2942E-06
2.1374E-08	6.6118E-09	-3.1399E-08	5.7748E-08
-4.4256E-09	-1.9634E-08	1.3902E-06	4.1676E-07
-9.8975E-09	-4.3089E-08	8.1202E-07	-1.4665E-07
-5.4177E-09	1.5656E-09	-7.6806E-07	-1.0476E-06
-5.3652E-09	-1.6269E-08	-4.9753E-07	-4.3403E-07
1.0702E-11	1.2033E-08	3.6613E-07	1.3476E-07
-1.9330E-08	2.1324E-09	-5.8821E-07	-2.5618E-07
-9.7122E-09	-8.9720E-10	6.5535E-07	-7.4958E-07
2.2468E-08	-1.0414E-08	6.1344E-07	-1.3091E-07
3.2843E-08	-1.1332E-08	1.3612E-07	-8.6820E-10
2.3759E-08	-1.8736E-08	-1.6774E-07	3.8437E-07
-2.8407E-08	-5.9971E-09	1.1273E-06	2.3107E-06
-1.2915E-08	-2.4778E-08	1.9172E-06	-6.1517E-07
-4.6124E-09	-4.8809E-08	4.2263E-07	6.9409E-07
1.2273E-08	3.1020E-08	2.5473E-07	-1.6669E-06
-2.7930E-08	2.2972E-08	1.0611E-06	-2.1844E-06
-9.8323E-09	-2.1264E-08	-3.4112E-07	-8.3716E-07
1.6644E-08	3.2378E-08	-3.5200E-07	-8.9513E-07
3.8164E-08	-2.0279E-08	3.2503E-07	-1.1455E-06
8.1106E-10	1.3163E-08	1.2966E-06	9.9847E-07
7.7088E-10	3.1263E-09	2.2198E-07	-1.2175E-06
3.4681E-08	1.6607E-08	1.6133E-07	-9.4389E-07
-4.4342E-08	6.4544E-09	2.6273E-07	-1.4926E-07
1.7125E-08	-3.1745E-08	2.5926E-06	1.5882E-06
1.1683E-09	2.7100E-08	-1.4358E-06	1.2573E-06
-3.4005E-09	-6.5650E-09	-1.5790E-06	-5.5245E-07
1.2233E-08	-1.7434E-09	-2.9355E-07	2.8980E-07
4.1938E-09	1.0680E-08	1.0634E-06	-8.0824E-07
-5.1617E-09	-1.3131E-08	5.4837E-07	-1.4729E-07
1.4109E-08	-3.4905E-09	5.4952E-07	-1.6397E-07
-3.8558E-09	2.4078E-09	-4.2864E-07	2.2727E-07
2.5034E-08	5.1754E-09	1.1508E-06	-7.0301E-07
1.6951E-09	-1.5460E-08	-2.6075E-07	2.7867E-07
-1.4506E-08	1.6032E-08	9.0745E-07	-4.1831E-07
-2.8440E-08	-1.5016E-08	6.1471E-07	-8.9172E-07
2.8626E-08	-2.9332E-09	2.0863E-06	-7.9813E-07
-1.0055E-08	4.5133E-09	1.7121E-07	-2.1496E-07
-3.2654E-08	2.1233E-08	-1.9710E-07	-5.2626E-07
-2.0382E-08	8.0804E-09	-3.0068E-07	3.2962E-07
-6.5257E-09	-2.2691E-08	4.2386E-08	1.7404E-06
1.6674E-09	2.5079E-08	8.5031E-07	-1.3889E-06
1.4227E-08	-5.1739E-08	-1.1042E-08	-5.4399E-07
-1.2376E-08	-1.2287E-08	-4.5786E-07	1.8793E-06
-2.6789E-08	-6.2406E-09	9.5885E-07	1.0430E-06
1.0674E-08	1.7697E-09	1.0300E-06	-1.2233E-07
1.1710E-08	2.4490E-08	-5.9085E-07	-7.1652E-07
3.6413E-08	-7.6422E-09	1.8318E-07	1.7991E-07
-2.5008E-08	-4.0912E-09	-3.2216E-07	-2.3792E-07
5.6865E-08	2.3863E-08	2.7459E-07	-2.0482E-07
2.0012E-08	-3.8500E-08	-6.2400E-07	-5.0644E-07
-2.1009E-08	5.2698E-08	-7.6907E-07	-4.8637E-07
8.4076E-10	-2.5866E-08	-1.4622E-06	-1.1220E-07
6.4173E-09	3.3736E-09	1.5169E-06	1.3992E-06
7.4109E-09	1.4599E-08	2.7419E-07	-9.9667E-07
-9.8867E-09	4.0197E-09	1.1155E-06	-7.2475E-07
3.5137E-09	-7.3383E-09	-1.1162E-06	-9.6078E-07
1.0175E-08	1.1583E-08	-4.6800E-07	1.9654E-07
-2.0910E-08	-3.5880E-08	-1.4886E-07	-2.4682E-07
-1.3336E-08	-1.9943E-08	1.0384E-06	1.4098E-07
-3.7356E-08	-2.9349E-08	-7.8224E-07	-3.6305E-07
2.8138E-08	1.2688E-08	-7.3743E-07	7.6209E-07
-5.4507E-09	1.6899E-08	-8.4193E-07	-1.3997E-06
2.5741E-08	8.4512E-09	-1.2337E-06	-7.8620E-07
3.3355E-08	3.5057E-09	-1.8239E-06	-2.1183E-06
9.6782E-09	-6.2514E-09	5.2665E-07	-1.0602E-06
1.5335E-08	2.6398E-08	2.6693E-07	-1.0173E-06
-1.5748E-08	-2.2640E-09	9.9450E-07	-1.3485E-07
2.8327E-09	-2.9600E-08	4.2422E-07	-4.3916E-07
1.0321E-09	-4.6680E-08	7.0592E-07	6.1122E-07
7.9697E-09	9.9003E-09	1.6509E-07	5.7247E-07
1.2194E-08	-5.4943E-11	6.0864E-07	-9.9152E-07
2.2496E-09	-2.0531E-08	8.7507E-07	-1.0904E-06
-1.9889E-08	-2.4037E-08	9.5013E-07	-1.1777E-06
1.7335E-08	2.1301E-08	1.7763E-07	-1.9983E-06
-8.2648E-09	1.0258E-08	1.4926E-07	3.9648E-09
-3.8850E-08	1.0517E-08	-5.0550E-07	7.7050E-07
2.5226E-10	-2.0120E-09	7.4982E-07	2.8553E-07
2.0381E-08	-1.3294E-08	6.1099E-07	6.4957E-07
-4.1375E-08	-3.1615E-08	-4.8520E-07	2.9576E-07
5.1688E-09	-2.4948E-08	7.0819E-07	-9.0554E-07
9.0207E-09	8.2783E-09	1.0268E-06	6.6658E-07
-1.7359E-08	-2.0527E-08	1.2522E-07	3.0913E-10
-5.0667E-10	-3.3490E-09	-6.0542E-07	-1.1645E-06
2.2906E-09	-2.2160E-08	4.0631E-07	-7.0427E-07
-9.8856E-09	-1.6333E-08	8.3737E-07	1.7363E-06
1.5992E-08	1.6716E-08	-2.6130E-07	5.8582E-08
1.0907E-08	4.9688E-09	1.1638E-07	-5.8512E-08
2.5110E-08	-5.1771E-08	-8.6538E-07	4.3784E-07
-3.1160E-11	-1.6619E-08	-1.3268E-06	-1.4233E-07
-8.7517E-09	-2.8675E-08	-1.2422E-06	-1.0125E-06
-2.6744E-08	-3.3216E-08	-8.9937E-07	-1.7936E-06
-6.7418E-09	-1.4147E-08	4.1827E-08	-1.1964E-06
-1.4286E-08	-2.9826E-08	2.5813E-07	5.1314E-07
3.1606E-08	-1.0797E-08	1.3692E-06	-7.3177E-07
3.6599E-09	-1.5710E-08	2.7683E-06	6.3988E-07
8.0486E-09	-6.0627E-08	-5.8832E-07	8.2455E-07
1.7951E-08	-1.0590E-08	2.2384E-06	1.5544E-07
1.0290E-08	-8.6437E-11	-1.9698E-06	-6.9446E-07
-7.3720E-09	-3.2718E-08	-1.9277E-06	-1.6017E-06
-2.1611E-08	-5.0047E-08	-5.8323E-07	-1.1122E-06
1.2127E-08	-1.8794E-08	3.0177E-07	-2.5387E-07
