jMRUI Data Textfile

Filename: Export_to_jmrui.txt

PointsInDataset: 2048
DatasetsInFile: 1
SamplingInterval: 0.250000
ZeroOrderPhase: 0E0
BeginTime: 0E0
TransmitterFrequency: 1.2326E8
MagneticField: 2.8936E0
TypeOfNucleus:  
NameOfPatient:  
DateOfExperiment:  
Spectrometer:  
AdditionalInfo: 
SignalNames:  


Signal and FFT
sig(real)	sig(imag)	fft(real)	fft(imag)
Signal 1 out of 1 in file
3.5661E-06	1.7091E-07	1.8452E-08	8.4308E-07
4.5997E-06	-1.0433E-06	-1.7100E-07	1.5536E-06
3.0106E-06	-2.3904E-06	1.8929E-06	-4.2251E-07
1.6937E-06	-2.9660E-06	-1.4668E-06	-1.4246E-06
-3.3662E-07	-2.8629E-06	-9.9738E-07	9.5268E-07
-1.5595E-06	-1.9387E-06	-2.0713E-07	4.5449E-07
-2.2169E-06	-6.6625E-07	-3.5253E-07	-2.1029E-07
-1.6254E-06	3.0301E-07	-1.4721E-06	5.0380E-07
-8.1158E-07	7.9948E-07	-4.5821E-07	8.8791E-07
1.8888E-07	7.8714E-07	-1.2426E-06	1.2492E-06
7.2721E-07	3.0270E-07	8.2933E-07	1.6838E-06
9.2348E-07	-2.7384E-07	-2.2962E-07	-2.4353E-07
6.1216E-07	-7.1024E-07	-6.0262E-07	1.3179E-06
2.5558E-07	-8.5498E-07	7.5334E-08	9.3125E-07
-2.0931E-07	-8.8527E-07	2.2406E-07	7.7687E-07
-5.2829E-07	-5.8660E-07	-6.7136E-07	2.9110E-07
-6.3018E-07	-3.9984E-07	-4.6066E-07	2.0364E-06
-5.6583E-07	-2.0643E-07	9.9152E-07	8.5232E-07
-5.1842E-07	-1.0747E-07	-5.6518E-07	6.4532E-07
-4.8058E-07	-3.6237E-08	4.3071E-07	1.8042E-06
-6.0841E-07	2.9859E-08	5.9680E-07	4.5443E-07
-6.1143E-07	1.9040E-07	-2.7008E-08	1.2733E-06
-5.9041E-07	3.4362E-07	7.6039E-07	7.9819E-07
-3.7128E-07	4.8331E-07	1.0825E-07	1.1999E-06
-2.0684E-07	4.7108E-07	1.4960E-06	8.3158E-07
6.9118E-08	3.6555E-07	2.8789E-07	-2.4585E-07
1.8164E-07	9.3147E-08	3.9151E-08	5.5357E-07
1.8218E-07	-8.7136E-08	1.4063E-07	7.1833E-07
-3.2480E-08	-1.8738E-07	6.6121E-07	1.5267E-07
-2.4410E-07	-1.5186E-07	-1.1231E-06	-7.0773E-08
-4.6598E-07	6.0146E-08	-4.8846E-07	2.1436E-06
-4.7749E-07	3.5479E-07	1.0029E-06	9.9724E-07
-3.3334E-07	5.6451E-07	-1.9098E-07	5.8997E-07
-9.0817E-08	6.9846E-07	5.1121E-07	1.7336E-06
1.4016E-07	6.0157E-07	1.1912E-06	-6.6469E-08
4.1603E-07	4.6445E-07	-8.2052E-07	3.9257E-07
3.7642E-07	2.2004E-07	4.9984E-07	9.4737E-07
4.1791E-07	1.1321E-07	-1.0626E-06	-4.1671E-08
2.5536E-07	-5.4574E-09	-1.3652E-06	2.5247E-06
2.2397E-07	1.4543E-09	9.5826E-07	3.1030E-06
1.2470E-07	3.2297E-08	2.3031E-06	1.0846E-06
2.2787E-07	2.3353E-08	4.1805E-07	-1.4482E-07
2.5813E-07	-4.8327E-08	-2.1293E-08	1.0257E-06
2.9667E-07	-1.9879E-07	8.1307E-09	1.3085E-06
2.0861E-07	-3.3308E-07	7.1916E-07	1.8704E-06
9.5939E-08	-4.2225E-07	1.3540E-06	1.3412E-06
-1.4282E-07	-3.4045E-07	1.5869E-06	3.1922E-07
-2.2980E-07	-2.2556E-07	1.0859E-07	-6.0286E-08
-2.0639E-07	-2.9003E-08	2.5488E-07	9.7229E-07
-1.4104E-07	1.0010E-07	3.5179E-07	7.5520E-07
-2.2644E-08	1.4486E-07	5.7949E-07	6.9397E-07
8.0731E-08	4.0953E-08	-1.7035E-07	5.7066E-07
1.1078E-07	-7.6095E-08	2.2586E-07	1.1273E-06
2.1566E-08	-2.1549E-07	-4.1973E-07	1.2079E-06
-1.6807E-07	-2.0899E-07	1.1826E-06	2.2847E-06
-2.6467E-07	-1.5349E-07	1.2416E-06	-8.9651E-08
-3.5585E-07	-2.5006E-08	-3.1820E-07	7.2838E-07
-2.1781E-07	8.6920E-08	3.7360E-08	1.2464E-06
-1.3157E-07	1.6957E-07	5.0361E-07	1.7262E-06
6.4404E-08	1.2769E-07	9.3590E-07	9.6516E-07
1.5618E-07	-2.7791E-08	5.3597E-07	1.1159E-06
1.3143E-07	-1.3899E-07	8.7848E-07	7.6257E-07
-2.9022E-10	-1.8815E-07	1.4602E-07	6.1906E-07
-1.4606E-07	-1.5435E-07	7.1671E-08	1.2263E-06
-2.4614E-07	-4.9575E-08	2.9413E-07	1.5908E-06
-2.7069E-07	1.0449E-07	1.3280E-06	1.7256E-06
-2.2997E-07	2.2008E-07	1.2936E-06	-1.0991E-08
-8.4223E-08	2.6893E-07	-2.4358E-07	8.0524E-07
9.4944E-09	1.9202E-07	9.8526E-07	9.9375E-07
7.0087E-08	9.5728E-08	2.6263E-07	4.3392E-07
5.1382E-08	-4.4510E-08	3.6193E-07	1.9807E-07
-3.6635E-08	-8.1013E-08	-1.3024E-06	7.1793E-07
-1.5847E-07	-2.0736E-08	4.1512E-08	1.8131E-06
-1.9964E-07	8.8292E-08	-8.3851E-07	1.2772E-06
-1.5066E-07	1.6886E-07	9.8029E-08	2.5690E-06
-4.4241E-08	2.1982E-07	-2.0683E-07	2.1007E-06
9.5417E-08	2.2539E-07	1.3182E-06	3.2333E-06
1.8215E-07	1.7729E-07	1.4166E-06	1.4362E-06
1.7393E-07	5.5370E-08	1.6997E-06	1.8455E-06
7.6139E-08	-5.0839E-08	7.9438E-07	4.0497E-07
3.7005E-09	-9.6681E-08	7.6846E-07	2.0843E-06
-1.2129E-07	-5.7760E-09	9.0221E-07	9.0885E-07
-8.7005E-08	1.2579E-07	1.0451E-06	2.5104E-06
4.2599E-08	1.8703E-07	2.2275E-06	6.4686E-07
8.0425E-08	1.9407E-07	8.9500E-07	6.5439E-07
2.2293E-07	1.5918E-07	6.2481E-07	5.3185E-07
2.5880E-07	-3.5969E-08	6.2490E-07	1.5593E-06
2.5597E-07	-1.2820E-07	9.3923E-07	7.4489E-07
8.7031E-08	-2.1784E-07	8.5384E-07	1.5123E-06
-3.0064E-08	-2.1001E-07	9.3617E-07	1.6583E-07
-1.7984E-07	-1.1001E-07	-2.1973E-07	1.5098E-06
-2.1552E-07	3.8363E-09	8.3267E-07	1.4491E-06
-1.0300E-07	1.4495E-07	8.5524E-07	1.7533E-06
3.6296E-08	2.2860E-07	9.8253E-07	7.5132E-07
1.9366E-07	2.1795E-07	4.7845E-07	2.1136E-06
2.8593E-07	1.0932E-07	2.0479E-06	8.2737E-07
2.8814E-07	-3.3559E-08	1.9636E-07	5.5553E-07
2.2657E-07	-1.7640E-07	2.7825E-07	1.4124E-06
5.9244E-08	-2.0440E-07	8.2511E-07	2.5380E-06
-2.8376E-08	-2.9135E-07	2.5099E-06	1.1009E-06
-1.2269E-07	-1.6894E-07	1.1558E-06	5.4752E-07
-2.0195E-07	-1.2659E-07	1.7731E-06	-2.1957E-08
-1.0458E-07	-3.4648E-08	-5.6953E-07	-6.9553E-07
-1.1000E-07	-6.0539E-08	-1.1018E-06	1.8040E-06
-8.6819E-08	1.8139E-09	9.2581E-07	2.5368E-06
-8.3737E-08	2.8975E-08	1.2954E-06	6.4059E-07
-5.2304E-08	4.2448E-08	-1.4517E-07	1.1942E-06
-1.1285E-07	1.9374E-08	3.0220E-07	1.5677E-06
-5.3160E-08	1.0962E-07	2.0008E-07	2.6365E-06
2.0541E-08	8.8278E-08	2.3611E-06	2.0853E-06
2.7105E-08	7.9737E-08	1.2568E-06	3.9001E-07
8.0173E-08	5.2679E-08	3.6823E-07	1.1498E-06
7.9852E-08	-8.1630E-09	8.0660E-07	2.1107E-06
6.1523E-08	-1.0211E-07	2.1244E-06	1.2929E-06
-8.0751E-08	-8.4577E-08	1.0566E-06	7.1758E-08
-9.8857E-08	-8.0175E-08	-1.4571E-07	7.2050E-07
-1.7740E-07	-1.2417E-08	3.2530E-07	2.2836E-06
-1.3936E-07	6.4639E-08	1.6673E-06	1.2184E-06
-7.6364E-08	1.3904E-07	3.4118E-07	1.1601E-06
4.1251E-08	1.4818E-07	1.4649E-06	1.4829E-06
1.1880E-07	9.0332E-08	3.4837E-07	3.6135E-07
1.4460E-07	1.5224E-09	-2.4468E-08	2.1094E-06
1.4548E-07	-4.7350E-08	1.4812E-06	1.7613E-06
3.2177E-08	-4.5303E-08	5.0052E-07	9.1122E-07
-5.1193E-08	-7.9664E-08	5.7335E-07	2.1177E-06
-7.9650E-08	-4.8844E-08	7.6335E-07	1.3616E-06
-9.0100E-08	-2.3649E-08	4.7627E-07	2.9909E-06
-4.8728E-08	5.7924E-08	2.6540E-06	1.9304E-06
2.3806E-08	6.9477E-08	1.0767E-06	1.4614E-06
1.3689E-08	3.1987E-08	2.7891E-06	1.9056E-06
1.0012E-07	7.1432E-08	1.8239E-06	-2.0767E-07
6.8556E-08	-3.3323E-08	1.0116E-06	8.3531E-07
2.1852E-08	5.9853E-09	1.0246E-06	4.3043E-07
1.5310E-08	-3.0850E-08	6.2547E-07	1.2523E-06
3.7561E-08	1.2543E-08	1.4056E-06	6.3934E-07
2.8461E-08	8.3793E-09	-3.5132E-07	6.4107E-07
4.2783E-08	2.3294E-08	6.4363E-07	2.7033E-06
1.5482E-07	-3.0560E-08	1.8085E-06	1.3888E-06
1.1728E-07	-4.0041E-08	1.3714E-06	1.4135E-06
1.1291E-07	-1.0339E-07	1.6379E-06	6.8026E-07
4.7032E-08	-1.3706E-07	8.8014E-07	9.0266E-07
-6.9071E-08	-9.7572E-08	1.0547E-06	7.0708E-07
-4.8723E-08	-1.3078E-07	3.9666E-07	1.2403E-06
-9.6861E-08	-4.8239E-08	1.2073E-06	1.6383E-06
-1.0198E-07	1.6068E-08	1.8504E-06	1.0613E-06
-5.0432E-08	4.4196E-08	9.1395E-07	-4.1093E-07
1.7432E-08	4.8148E-08	-4.5065E-07	1.3584E-06
-7.6863E-09	6.6837E-09	1.0835E-06	1.4187E-06
2.9242E-08	-1.7742E-08	4.5757E-07	1.2527E-06
3.7326E-08	-8.2670E-08	8.5103E-07	1.1691E-06
-1.9295E-08	-1.1213E-07	3.3234E-07	1.5715E-06
-8.1155E-09	-1.0743E-07	8.1857E-07	1.2095E-06
-9.2940E-08	-1.7996E-09	-2.0565E-07	2.3587E-06
-8.4976E-08	-2.8821E-08	2.0823E-06	2.5811E-06
-3.1491E-08	2.1987E-09	1.4399E-06	1.5612E-06
-4.6545E-08	5.5110E-08	2.5037E-06	1.6650E-06
2.0197E-08	6.1966E-08	1.7738E-06	8.1633E-08
1.3534E-08	6.8122E-08	7.2943E-07	5.4002E-07
2.6372E-08	3.6393E-08	8.7512E-07	1.6808E-06
2.4942E-08	-2.5540E-08	2.2721E-06	5.3419E-07
3.4547E-08	-4.1102E-08	1.0655E-07	3.7248E-08
3.4466E-08	-3.0488E-08	7.6733E-07	1.5134E-06
2.0546E-08	-2.7431E-08	1.1338E-06	1.0663E-06
3.4203E-08	-4.9288E-08	1.3293E-06	3.0868E-08
-1.1571E-08	4.7731E-08	-1.0509E-06	7.4018E-07
-2.2224E-08	-1.2177E-08	1.1481E-06	2.3120E-06
-5.7944E-08	-2.2279E-08	2.7421E-07	7.9637E-07
-4.1844E-08	4.6813E-08	1.3101E-06	2.2464E-06
-4.1398E-08	5.4148E-08	4.7435E-07	2.6810E-07
-2.1340E-08	7.2029E-08	5.8145E-07	3.1981E-06
7.7820E-08	7.1974E-08	3.0083E-06	7.2827E-07
4.4392E-08	5.2614E-08	7.0706E-07	9.7936E-08
6.7057E-08	2.7132E-08	8.9319E-07	3.5814E-07
1.1848E-07	-7.1802E-09	-4.3813E-07	4.5556E-07
8.3299E-08	-1.9101E-08	3.1368E-09	2.0536E-06
8.9067E-08	-1.0501E-08	1.0676E-06	1.3940E-06
6.5845E-08	-2.7592E-08	5.5058E-08	1.1893E-06
5.0068E-08	-1.0122E-07	6.7731E-07	2.4660E-06
3.5248E-08	-6.6736E-08	2.0235E-06	1.5403E-06
-2.6518E-09	-4.1661E-08	1.2732E-06	-5.5222E-08
4.8534E-08	-2.0990E-08	-6.5179E-07	6.7349E-07
3.1959E-08	-6.4070E-08	3.1346E-07	2.3148E-06
7.3371E-08	-4.6612E-08	1.1245E-06	1.4728E-06
4.8240E-09	-6.1970E-08	8.7820E-07	1.0212E-06
2.8467E-08	-8.6181E-08	-1.4571E-08	8.7870E-07
-4.3380E-08	-6.6121E-08	-9.7838E-08	2.1358E-06
-3.6191E-08	-4.6372E-08	9.1616E-07	2.2423E-06
-2.7491E-08	-7.3880E-08	1.2630E-06	1.5476E-06
-6.8535E-09	-4.6831E-08	6.4544E-07	1.2738E-06
-3.0708E-08	-6.5847E-08	7.8716E-07	1.5854E-06
-3.1206E-08	4.6773E-09	4.9407E-07	1.3200E-06
-7.7466E-08	-2.1082E-08	4.2984E-07	1.8496E-06
-2.6967E-08	1.1087E-08	8.1330E-07	2.0334E-06
-2.3598E-08	-1.5532E-08	1.3059E-06	1.2749E-06
-3.2313E-08	1.0740E-08	-4.4419E-07	1.2323E-06
-8.0248E-09	1.9438E-09	6.6308E-07	3.3877E-06
-3.8912E-08	-9.0798E-09	2.1011E-06	1.7834E-06
-7.0442E-09	-4.8892E-09	1.1587E-06	1.1111E-06
-4.4899E-08	2.8653E-08	4.9435E-07	1.4155E-06
-2.9318E-08	-1.2590E-08	9.8942E-07	2.0900E-06
4.5603E-09	-4.9024E-10	1.1006E-06	1.4285E-06
1.3576E-08	-1.7078E-11	9.6054E-07	1.4549E-06
-9.4067E-09	3.2257E-08	-1.6235E-07	1.4426E-06
-1.0908E-08	1.7701E-08	1.0012E-06	3.7711E-06
4.9047E-09	-1.5903E-08	2.7904E-06	1.3460E-06
-3.7336E-08	8.0224E-09	9.3983E-07	1.4495E-06
5.4912E-08	-1.4193E-08	2.1620E-06	1.2298E-06
2.0972E-08	7.0691E-09	6.2772E-07	6.2083E-07
4.8532E-08	1.6014E-08	1.2162E-06	1.6248E-06
1.2724E-08	-1.2512E-08	1.0619E-06	5.9478E-07
6.6944E-09	-2.0615E-08	3.9564E-07	1.0391E-06
1.5435E-08	-2.9548E-08	2.7440E-07	1.1328E-06
-1.7370E-09	-1.5263E-08	-1.7255E-07	1.8213E-06
2.7934E-08	2.9553E-08	7.7827E-07	2.7616E-06
-7.9489E-09	-2.2582E-08	1.9366E-06	1.5829E-06
4.3161E-08	1.7934E-08	5.1929E-07	7.1782E-07
-4.2693E-10	9.7882E-09	2.9870E-07	2.0498E-06
2.5568E-08	2.4562E-08	1.0711E-06	1.7800E-06
3.3164E-08	-7.9186E-09	9.0648E-07	1.6699E-06
5.8395E-08	-4.0587E-08	1.0243E-06	1.1707E-06
5.9085E-08	-3.6664E-08	-8.8191E-08	1.3345E-06
6.0219E-08	-3.3644E-08	3.3135E-07	2.3521E-06
1.4091E-09	-2.6647E-08	6.3372E-07	2.2510E-06
6.4076E-08	-5.5831E-08	1.2821E-06	2.4198E-06
2.5732E-08	-4.8146E-08	1.0454E-06	1.3274E-06
1.4244E-08	-3.7272E-08	3.1243E-07	2.4305E-06
-6.9840E-09	-5.4205E-08	1.7611E-06	2.2825E-06
-4.0109E-09	-7.4993E-08	9.2738E-07	1.4064E-06
-5.6456E-08	-6.3955E-08	9.6724E-07	2.2982E-06
-1.7039E-08	-3.4162E-08	1.4886E-06	1.8377E-06
-3.4773E-08	1.2231E-08	1.3196E-06	1.5216E-06
2.0564E-08	-1.8783E-08	6.6415E-07	1.2292E-06
-4.2170E-08	-2.7249E-08	3.3445E-07	2.4726E-06
-3.9778E-09	-2.9925E-08	1.7748E-06	2.5291E-06
-1.8023E-08	-3.1704E-08	1.8913E-06	1.3326E-06
1.5684E-08	-6.6389E-08	6.1834E-07	6.6819E-07
1.3543E-08	-5.1406E-08	-3.3003E-07	2.7973E-06
1.1590E-08	-3.8289E-08	2.6614E-06	3.1259E-06
3.7640E-08	-2.7771E-08	2.0000E-06	4.0154E-07
-3.3810E-08	-4.3882E-08	5.7836E-07	1.3477E-06
3.2425E-08	-2.0352E-08	9.8323E-07	1.6693E-06
-3.5335E-08	-4.0228E-08	1.1203E-06	1.7310E-06
-2.7271E-08	-1.4489E-08	1.0689E-06	1.4299E-06
9.8559E-10	-5.4468E-08	1.0175E-06	1.6705E-06
-1.2435E-08	9.4416E-10	1.0206E-06	1.1255E-06
-5.3786E-09	-7.6483E-10	1.7135E-08	1.5143E-06
-4.4268E-08	-3.2798E-08	5.4449E-07	2.6651E-06
-6.5844E-08	-2.9440E-08	1.5252E-06	2.1353E-06
9.6907E-09	-3.4461E-09	1.0061E-06	1.7469E-06
1.9378E-08	1.2686E-08	1.4100E-06	1.8669E-06
4.8760E-09	1.5298E-08	5.9893E-07	1.1998E-06
1.0645E-08	2.7329E-08	5.4036E-07	2.6505E-06
3.8363E-09	1.9762E-08	1.4226E-06	1.9950E-06
4.2249E-08	7.5251E-09	9.4294E-07	2.4702E-06
2.7810E-08	4.7823E-08	2.1099E-06	2.0799E-06
3.9654E-08	3.8033E-08	1.3381E-06	1.5462E-06
1.7313E-08	3.0146E-08	1.8222E-06	1.7152E-06
7.4201E-08	-2.9188E-09	1.3279E-06	1.0435E-06
1.0938E-08	5.0691E-09	1.2436E-06	1.2026E-06
2.5391E-08	-7.4141E-08	3.4889E-07	9.4598E-07
1.7314E-09	-1.5683E-08	4.6975E-07	2.3675E-06
1.6842E-08	1.5604E-09	1.2943E-06	1.7871E-06
4.2607E-08	-3.3127E-09	9.1885E-07	1.9870E-06
7.7814E-09	2.1136E-08	1.5810E-06	1.6219E-06
1.8264E-08	2.2623E-09	6.3705E-07	1.2478E-06
1.2393E-08	-4.8282E-08	8.2164E-07	2.2508E-06
-2.0481E-08	1.0140E-08	1.5234E-06	1.6293E-06
-3.2322E-08	-2.2999E-08	7.0416E-07	1.4139E-06
5.8214E-09	-2.0541E-09	1.1607E-06	2.0730E-06
5.4808E-08	-4.3066E-08	1.2389E-06	8.7249E-07
4.7565E-09	1.0310E-08	-4.8637E-07	1.5314E-06
4.4383E-09	-1.9062E-08	6.5177E-07	3.3814E-06
2.4179E-08	8.9404E-09	2.2556E-06	2.1740E-06
7.7758E-08	-3.4910E-08	1.3177E-06	1.0643E-06
-2.4729E-08	4.8871E-09	6.6371E-07	1.4535E-06
-5.6838E-09	-4.7871E-08	4.6232E-07	2.1110E-06
-2.9147E-08	-6.2830E-09	1.5785E-06	2.4057E-06
-5.6187E-08	-2.5055E-09	1.2848E-06	1.1126E-06
-3.2167E-08	1.2642E-08	6.8997E-07	1.9560E-06
-1.7179E-08	-3.0885E-08	1.2217E-06	1.5502E-06
-1.6750E-08	8.9079E-09	6.3875E-07	1.9218E-06
-4.7840E-10	6.4893E-09	1.5125E-06	1.7481E-06
3.2739E-08	-2.8027E-08	6.8501E-07	1.0884E-06
4.8634E-08	-7.6218E-09	4.3446E-07	1.7021E-06
-6.1040E-09	-4.4382E-08	1.4668E-07	1.6263E-06
-3.3333E-08	8.2698E-10	-2.9882E-07	3.0685E-06
-6.8588E-08	8.2827E-09	2.1410E-06	3.5992E-06
-5.6244E-08	-2.1274E-08	1.9413E-06	1.1121E-06
-1.3685E-08	1.1831E-08	8.6367E-07	2.3455E-06
-3.5703E-08	3.6277E-08	2.2402E-06	1.6801E-06
3.8667E-09	3.9991E-08	1.4411E-06	1.0290E-06
-9.4024E-09	3.4701E-08	1.0574E-06	2.6677E-07
5.2297E-08	2.2196E-08	-8.2726E-07	1.2276E-06
1.7128E-08	1.5268E-08	2.7340E-07	2.4571E-06
-1.4685E-08	2.2111E-08	3.0027E-07	2.3917E-06
-7.3729E-09	5.1328E-08	1.3728E-06	2.5252E-06
3.8147E-09	-3.4070E-08	9.8386E-07	1.1687E-06
-7.4460E-09	2.7757E-09	-4.5576E-07	1.7009E-06
-1.3198E-08	-1.2792E-08	6.5057E-08	3.5718E-06
-2.2244E-08	-1.4030E-08	1.6611E-06	2.6582E-06
1.8499E-08	1.5960E-08	6.6319E-07	2.7712E-06
1.4990E-08	-1.1003E-08	2.3619E-06	2.8194E-06
3.6319E-08	-2.0191E-08	1.5067E-06	1.5001E-06
2.0011E-08	-2.1416E-09	1.7867E-06	1.7504E-06
1.1957E-08	-4.2814E-09	5.0952E-07	7.8573E-07
-3.5383E-08	-2.4410E-08	1.1446E-07	2.8170E-06
-1.0069E-08	5.5843E-09	1.9192E-06	2.7163E-06
-5.3397E-09	-1.5010E-08	1.8303E-06	1.1675E-06
2.1461E-08	-1.0507E-08	6.0008E-07	1.3938E-06
1.4431E-08	1.4017E-08	1.0234E-06	1.6483E-06
3.2100E-08	1.7408E-08	4.2127E-07	1.5729E-06
4.7665E-08	-8.9822E-09	6.6445E-07	1.6845E-06
4.4369E-08	-7.0120E-09	-2.9457E-07	2.0855E-06
-6.2382E-09	-8.3219E-09	8.1807E-07	2.9129E-06
2.8599E-08	3.3580E-08	6.5631E-07	2.6752E-06
3.9494E-08	-3.1242E-08	2.2265E-06	2.7568E-06
1.8600E-08	1.9001E-08	1.2412E-06	7.3995E-07
5.8655E-08	9.1984E-09	2.6950E-07	1.6535E-06
2.5219E-08	-4.2502E-08	-2.8304E-07	2.3855E-06
-3.5169E-08	-3.4008E-08	1.7228E-06	3.3979E-06
4.8602E-09	-5.1996E-09	1.1901E-06	7.8686E-07
-3.5986E-09	-8.4238E-09	-1.4696E-08	2.6588E-06
-4.7823E-08	-2.4302E-08	1.2360E-06	2.1290E-06
3.4024E-09	-2.3398E-08	3.5942E-07	2.0711E-06
-8.3571E-10	-4.9275E-08	2.7490E-07	2.7392E-06
-4.3412E-08	1.2796E-08	1.3829E-06	3.3606E-06
-4.6850E-08	2.3289E-08	1.7477E-06	1.9729E-06
-3.2778E-08	1.4028E-08	1.1792E-06	1.9748E-06
-5.8517E-08	1.5184E-08	6.4995E-07	1.7620E-06
7.7355E-09	1.9858E-08	8.8924E-07	2.6713E-06
-1.1655E-08	1.8140E-08	7.2349E-07	1.9805E-06
1.2008E-08	1.6225E-08	1.1676E-06	3.5474E-06
-1.2022E-08	6.0919E-08	2.6417E-06	1.5956E-06
-2.7828E-08	3.1779E-10	1.0840E-06	9.6187E-07
-3.0976E-08	-1.7641E-08	-7.9773E-10	8.3832E-07
-8.0952E-09	2.8944E-08	-3.9497E-07	3.2306E-06
5.1859E-09	7.5158E-09	1.7234E-06	2.1504E-06
1.7936E-08	2.3305E-08	4.9588E-08	2.2113E-06
-4.6388E-08	5.9914E-09	1.6305E-06	2.2891E-06
-2.8028E-08	3.9524E-08	2.1475E-08	1.4253E-06
3.7944E-08	2.1663E-08	5.3556E-07	2.6155E-06
2.2109E-08	3.1694E-08	9.7382E-08	2.0879E-06
-1.3235E-08	2.9002E-08	5.2691E-07	3.0684E-06
2.7443E-08	4.2992E-08	6.6350E-07	2.3453E-06
4.7791E-10	3.0923E-08	5.4081E-07	2.7843E-06
-1.0162E-07	2.8398E-08	3.7316E-07	2.5609E-06
-2.3215E-08	5.8222E-08	6.2656E-07	3.6484E-06
-8.1989E-09	2.1274E-08	1.8520E-06	2.7190E-06
-9.2437E-09	6.9143E-08	6.9021E-07	2.0883E-06
3.4052E-08	2.1332E-08	6.7387E-07	3.1968E-06
4.9943E-08	2.6472E-08	1.8914E-06	2.9013E-06
-6.8774E-09	-3.5883E-09	1.4141E-06	1.4305E-06
5.9018E-08	1.4956E-08	-4.0231E-08	2.0662E-06
2.1884E-08	-2.2550E-08	6.0562E-07	3.0790E-06
3.3930E-08	-2.4321E-08	1.1515E-06	2.5952E-06
5.4754E-08	-1.3856E-08	8.1540E-07	2.0648E-06
1.5065E-08	-2.9379E-08	-8.9707E-08	2.3368E-06
-3.6000E-08	-1.2683E-08	3.9368E-08	3.5191E-06
-8.6517E-09	9.3376E-09	1.1128E-06	3.6226E-06
-5.6751E-09	4.5259E-08	1.2753E-06	2.9506E-06
-5.8880E-09	2.6657E-08	1.1658E-06	2.8598E-06
3.8417E-10	5.6114E-08	6.5941E-07	2.3797E-06
-9.1449E-09	1.3253E-08	-3.0856E-08	4.0761E-06
2.8233E-09	3.6162E-08	2.7406E-06	4.2375E-06
-3.1497E-08	5.4177E-09	1.9990E-06	1.6938E-06
-1.0189E-08	2.6707E-08	8.5427E-07	2.9320E-06
-3.0886E-08	4.0531E-08	2.1069E-06	2.8239E-06
-5.4358E-08	3.4928E-08	1.6062E-06	1.3756E-06
1.4562E-08	2.9076E-08	-2.9850E-07	2.0044E-06
-5.7709E-08	9.2070E-09	7.7365E-07	3.6967E-06
-1.4917E-08	1.4907E-08	1.1092E-06	2.3464E-06
-1.0518E-08	5.0823E-08	3.2067E-07	3.4569E-06
-4.2561E-08	3.3386E-08	1.5712E-06	3.1998E-06
1.2881E-08	-7.3863E-09	8.6555E-07	3.0510E-06
-1.1063E-07	9.0509E-09	1.6646E-06	3.0394E-06
2.1116E-08	8.8396E-09	2.8531E-07	2.4795E-06
-5.0081E-08	8.9527E-08	8.0240E-07	4.7110E-06
-2.7088E-09	3.2782E-09	2.5062E-06	3.4823E-06
-1.1687E-08	6.9451E-08	1.7627E-06	3.3276E-06
3.5775E-08	2.8996E-08	2.7114E-06	2.7675E-06
3.8937E-08	-4.4611E-09	1.3085E-06	2.1390E-06
7.0339E-09	1.3918E-08	1.6330E-06	3.1258E-06
4.1201E-08	-1.5263E-08	1.5295E-06	2.6712E-06
4.1703E-08	-1.7194E-08	1.7922E-06	3.5147E-06
-7.6791E-09	1.7739E-09	2.9999E-06	2.9208E-06
1.5885E-08	2.3048E-10	2.8599E-06	1.1687E-06
-3.5844E-08	1.9903E-08	6.9652E-07	9.2751E-07
2.2386E-09	3.0357E-08	4.7235E-07	2.5781E-06
-7.4641E-09	4.5683E-08	1.1573E-06	3.0898E-06
-1.9354E-09	-7.9587E-09	2.2368E-06	2.4828E-06
3.7683E-08	5.5210E-08	1.0003E-06	1.7341E-06
-2.0587E-08	7.3998E-08	1.6310E-06	2.5815E-06
3.0633E-08	-2.1575E-08	8.6754E-07	1.2034E-06
1.9266E-09	3.8981E-08	2.8029E-07	2.5312E-06
1.0034E-08	-1.1472E-08	-1.5984E-07	2.3418E-06
7.2967E-09	-9.7508E-09	3.8169E-07	4.7874E-06
9.1445E-09	2.6327E-08	2.5826E-06	3.1983E-06
1.0356E-08	1.6628E-08	1.5745E-06	2.6173E-06
9.2742E-09	2.8417E-08	1.3575E-06	2.0687E-06
-1.7710E-08	3.0411E-08	5.6800E-07	3.3160E-06
1.4399E-08	1.3052E-08	1.9435E-06	2.7774E-06
2.1435E-08	4.2324E-08	5.5678E-07	2.9772E-06
1.9477E-08	1.5649E-08	2.1538E-06	3.7364E-06
1.5481E-08	-1.4021E-08	2.1663E-06	2.3662E-06
2.8901E-08	-1.4336E-08	1.6285E-06	2.0136E-06
2.0720E-08	1.7424E-08	5.9198E-07	2.6520E-06
1.4580E-08	-1.8880E-08	2.0570E-06	3.5519E-06
9.9971E-09	-1.3889E-08	2.2197E-06	1.7705E-06
-9.3610E-09	3.3621E-09	1.0346E-06	2.0179E-06
-2.5217E-08	2.2866E-08	1.1590E-06	2.3428E-06
2.7638E-08	-9.3436E-09	1.0969E-06	2.4679E-06
6.6281E-09	1.6517E-08	1.3805E-06	2.1498E-06
2.6445E-08	-5.6586E-09	1.2125E-07	1.8619E-06
1.9129E-08	-3.1834E-09	2.3741E-07	3.9695E-06
-3.8423E-08	4.0758E-09	2.4486E-06	2.8693E-06
6.5643E-08	-6.0873E-08	1.0683E-07	1.3844E-06
-3.2244E-09	8.2064E-08	-1.8102E-07	4.5128E-06
4.2525E-08	-1.6037E-08	2.5957E-06	3.4904E-06
-1.2658E-08	6.8522E-09	6.2235E-07	2.3120E-06
-1.2182E-08	7.5397E-09	1.3372E-06	4.2054E-06
-9.2721E-09	2.5377E-08	2.0880E-06	2.8346E-06
8.0756E-10	2.2089E-08	1.7722E-06	3.1460E-06
2.8794E-08	2.9070E-08	2.0141E-06	2.0705E-06
5.1778E-08	1.6348E-08	7.9065E-07	2.5119E-06
-3.4251E-08	5.6048E-09	1.2919E-06	2.8691E-06
1.9816E-08	4.2253E-08	1.1756E-06	2.8724E-06
1.8612E-08	1.1730E-08	1.0396E-06	2.7312E-06
1.5622E-08	7.9615E-08	9.1300E-07	3.9288E-06
-5.1988E-09	6.6315E-08	2.9087E-06	3.3122E-06
-2.7937E-08	-5.5902E-10	1.6492E-06	1.6638E-06
-1.3566E-10	1.3489E-08	1.0124E-06	2.7710E-06
2.6380E-08	2.7774E-08	1.5349E-06	2.5588E-06
-2.0765E-08	9.7954E-09	8.7958E-07	2.4994E-06
4.1557E-08	4.8449E-09	1.1157E-06	3.1262E-06
-4.1646E-08	-2.9579E-10	1.1553E-06	2.8229E-06
1.7227E-08	-6.2385E-09	1.2497E-06	3.4342E-06
6.5768E-08	8.4208E-09	1.7667E-06	2.8080E-06
3.0191E-08	9.9995E-09	1.2273E-06	2.9916E-06
3.5243E-08	2.6261E-08	1.7027E-06	2.9051E-06
2.4234E-08	-7.6250E-09	1.3885E-06	2.7719E-06
4.8930E-08	5.9925E-09	1.3085E-06	2.6980E-06
1.3478E-08	3.7217E-08	1.0837E-06	3.3294E-06
2.5493E-08	-4.7723E-09	1.8824E-06	3.2286E-06
-2.3344E-08	4.3109E-08	1.9155E-06	3.1244E-06
7.9887E-09	-3.3435E-08	2.2700E-06	2.2825E-06
-1.2939E-08	1.8393E-08	1.3211E-06	2.5226E-06
-1.1564E-08	-7.3628E-09	2.1684E-06	2.1777E-06
3.3387E-08	4.0956E-08	7.7855E-07	1.8742E-06
1.2039E-09	1.1165E-08	1.2652E-06	2.3842E-06
2.4613E-09	-6.0144E-08	1.3279E-07	2.4843E-06
1.0284E-08	5.3422E-08	1.7249E-06	3.5748E-06
1.2486E-08	-6.7198E-09	1.1286E-06	1.6056E-06
-3.7008E-08	3.8769E-08	3.5657E-07	3.0943E-06
-1.8519E-08	3.9987E-09	8.7087E-07	2.7136E-06
-2.4754E-08	1.8051E-08	3.2393E-07	3.4272E-06
-2.7191E-09	-6.1467E-09	1.1500E-06	4.0897E-06
-6.3233E-09	-3.0239E-08	2.4825E-06	3.4419E-06
4.1491E-09	-1.0763E-08	1.3758E-06	2.0094E-06
-1.5609E-08	-8.4097E-09	1.1826E-06	3.2395E-06
1.1023E-08	1.8143E-08	1.1468E-06	2.2825E-06
-6.1836E-08	9.9124E-10	7.6206E-07	3.7512E-06
2.9774E-08	-3.2998E-09	1.8993E-06	2.7341E-06
-6.9152E-09	2.4092E-08	7.9384E-07	3.2074E-06
-3.4829E-08	3.3391E-08	1.8923E-06	3.1295E-06
-4.0780E-08	-1.1149E-08	1.5410E-06	2.9201E-06
1.8979E-08	7.3837E-08	1.8669E-06	1.8520E-06
-1.9117E-08	3.3181E-08	-4.2427E-07	2.4350E-06
-2.5946E-08	-1.2871E-08	1.1519E-06	4.2098E-06
-1.2531E-08	4.9011E-08	1.7914E-06	2.9233E-06
4.4024E-08	2.6309E-08	1.2079E-06	2.2970E-06
-8.0162E-09	6.1392E-08	-6.8812E-08	3.1902E-06
1.3234E-08	-3.7332E-08	1.6116E-06	4.1142E-06
4.1154E-09	1.1942E-08	1.1460E-06	2.6712E-06
1.9989E-08	1.4405E-09	7.8641E-07	4.0578E-06
-3.7349E-08	3.8344E-08	2.1006E-06	4.0113E-06
4.5813E-08	-1.6914E-09	2.5538E-06	2.8050E-06
-2.7892E-08	3.6355E-09	1.0722E-06	2.2823E-06
1.1430E-08	3.5382E-08	1.3017E-06	3.6456E-06
4.6235E-08	-2.0528E-08	1.9444E-06	3.1837E-06
6.3208E-09	4.9515E-08	2.4725E-06	2.8167E-06
-2.5819E-08	6.1120E-08	1.4500E-06	1.3723E-06
8.5861E-09	9.0790E-09	3.4504E-07	2.9443E-06
-4.5058E-08	2.1395E-08	1.6587E-06	3.3619E-06
3.2836E-08	1.8020E-09	2.4399E-06	2.0552E-06
8.6609E-10	1.3751E-08	-1.2056E-07	4.4822E-07
1.4971E-08	-2.2537E-08	-1.3382E-06	4.3037E-06
5.7348E-08	1.0608E-08	1.7695E-06	4.0074E-06
-3.6138E-08	1.2405E-08	7.8232E-07	3.4972E-06
1.6889E-08	7.5094E-09	2.1426E-06	3.4736E-06
-1.4355E-08	2.3601E-08	9.9277E-07	2.7109E-06
3.5855E-08	5.5388E-08	2.1575E-06	3.2679E-06
-2.7148E-08	2.3113E-08	8.2479E-07	1.2487E-06
-1.8232E-09	7.2148E-09	-6.4594E-08	3.7130E-06
-6.6283E-09	1.4372E-08	1.6625E-06	2.6798E-06
-2.9003E-09	-2.4983E-08	-3.6600E-07	2.6197E-06
3.5354E-08	2.5052E-08	5.2075E-07	4.1176E-06
-3.4112E-08	-1.3565E-08	7.8229E-07	3.5626E-06
2.9663E-08	2.2680E-08	9.8959E-07	3.9822E-06
-2.2162E-08	1.6499E-08	1.0833E-06	3.6862E-06
-1.9041E-08	2.2425E-08	1.5434E-06	4.2384E-06
6.7314E-08	-4.9083E-09	2.1321E-06	2.9808E-06
3.5030E-08	-1.2712E-08	8.5612E-07	3.0739E-06
-1.1400E-08	2.8404E-11	1.6003E-06	3.5482E-06
-1.6753E-08	1.9044E-08	1.0647E-06	2.9264E-06
2.3649E-09	2.5490E-08	1.3550E-06	4.0719E-06
3.5897E-08	3.1807E-09	2.5122E-06	2.7613E-06
3.3815E-08	1.5285E-08	8.4602E-07	2.0034E-06
-5.9665E-09	1.5301E-09	5.4346E-07	3.1783E-06
-2.4293E-08	5.0820E-08	9.3531E-07	3.2216E-06
2.2572E-08	-1.7740E-08	9.0544E-07	3.2470E-06
-9.9763E-09	-3.2306E-08	9.1553E-07	3.2856E-06
2.8509E-08	-1.8121E-08	8.9990E-07	3.3855E-06
2.8179E-08	5.0792E-10	1.1442E-06	3.5192E-06
-1.9344E-08	-1.3557E-09	1.2354E-06	2.8944E-06
1.4641E-08	-2.5025E-08	1.5052E-07	3.1928E-06
2.8788E-08	-8.9369E-09	8.8479E-07	4.3510E-06
-1.5473E-09	6.0919E-09	1.7067E-06	3.6523E-06
-2.6378E-08	-1.0501E-08	1.5125E-06	3.0885E-06
-1.2440E-08	-1.1250E-08	9.2740E-07	2.8213E-06
3.7305E-08	2.3998E-08	5.0953E-07	3.4332E-06
4.7905E-09	2.8655E-08	1.1080E-06	3.8222E-06
2.7182E-08	-2.1175E-08	1.2195E-06	3.0250E-06
-4.3398E-09	-2.6016E-09	2.6994E-07	3.6697E-06
-2.9656E-08	3.0038E-08	1.7360E-06	4.0551E-06
7.7705E-09	8.8428E-09	1.0310E-06	2.5977E-06
-2.2453E-08	-7.2007E-09	4.2174E-07	3.7491E-06
1.8015E-08	-7.3682E-09	9.5534E-07	3.8106E-06
3.9458E-08	-6.2916E-08	1.3355E-06	3.8434E-06
3.9918E-08	2.3390E-08	1.0067E-06	3.3273E-06
1.5988E-08	4.3991E-08	1.5911E-06	4.0249E-06
2.0761E-08	4.6551E-09	1.2967E-06	1.9510E-06
1.6196E-08	1.9741E-08	-7.9233E-07	4.1962E-06
-3.8126E-09	-6.5270E-09	2.5516E-06	4.4143E-06
1.1935E-08	2.6025E-08	5.6428E-07	1.7893E-06
4.0737E-09	-2.5474E-08	-2.6740E-07	4.6818E-06
5.3344E-09	-2.4493E-09	2.0374E-06	3.9370E-06
-5.8298E-08	-9.9070E-09	6.4099E-07	2.7972E-06
1.6702E-08	4.4836E-08	3.1795E-07	3.9436E-06
3.1496E-09	2.6365E-08	8.8180E-07	4.1055E-06
2.7629E-08	-1.4183E-08	1.2262E-06	3.7513E-06
-1.6424E-08	1.9806E-08	5.9758E-07	3.2852E-06
-2.7960E-08	-2.3069E-08	-2.9313E-08	4.1178E-06
1.3801E-08	1.4290E-09	6.9129E-07	5.2605E-06
3.1921E-08	-8.9491E-08	2.2919E-06	4.5172E-06
-1.3633E-09	3.8041E-08	1.3142E-06	3.4583E-06
-1.7004E-08	5.3202E-08	1.6634E-06	4.0740E-06
1.4146E-08	-3.3330E-08	1.0624E-06	3.0399E-06
-4.3631E-08	4.2758E-08	9.7621E-07	4.4304E-06
-6.9290E-09	-3.5879E-08	1.6311E-06	3.2922E-06
-1.9578E-08	1.6288E-09	7.8835E-07	3.8334E-06
-1.2282E-08	-1.6501E-08	1.0456E-06	3.3311E-06
-6.4982E-08	8.9282E-09	1.9979E-07	4.7649E-06
1.4248E-08	-9.9788E-09	2.6516E-06	4.3959E-06
-1.9743E-08	1.4352E-08	1.1673E-06	2.7801E-06
5.5117E-09	-2.8351E-09	1.1053E-06	3.9278E-06
1.5250E-08	2.8149E-09	1.1695E-06	3.3637E-06
-2.1557E-08	1.8338E-08	1.0547E-06	3.6572E-06
-1.6805E-08	7.4793E-08	6.8971E-07	3.2872E-06
2.5658E-09	-6.8353E-09	5.2864E-07	4.3945E-06
-4.5224E-08	1.4055E-08	1.5595E-06	3.9317E-06
-1.7152E-08	4.3865E-08	9.3005E-07	3.8088E-06
-1.1225E-08	1.5743E-08	1.6813E-06	3.6628E-06
3.1256E-08	7.5678E-09	4.9068E-07	3.0199E-06
-3.2882E-08	1.9001E-08	8.3467E-07	4.2478E-06
-2.3849E-09	6.0186E-08	9.0500E-07	3.2690E-06
1.7048E-08	-3.1399E-08	4.1158E-07	4.1866E-06
-1.1244E-09	1.8773E-08	1.1383E-06	3.9280E-06
-1.7580E-08	5.4142E-08	1.0521E-06	3.6922E-06
4.8029E-08	-1.2302E-08	3.0167E-07	3.0458E-06
4.2594E-08	-4.4449E-08	-3.2186E-07	4.8457E-06
2.2226E-08	-2.0078E-08	1.5593E-06	4.5512E-06
8.2513E-09	-5.1482E-09	5.7575E-07	3.6438E-06
3.0814E-08	-4.9466E-08	3.3241E-07	4.6466E-06
1.0666E-08	-3.0854E-08	1.4766E-06	5.0948E-06
1.1431E-08	-3.9909E-08	2.1152E-06	3.2411E-06
1.3916E-08	-3.5138E-09	-3.6378E-07	3.0375E-06
5.1802E-09	-3.7207E-08	3.3016E-08	5.4542E-06
-6.0557E-08	3.5255E-08	1.8444E-06	4.6570E-06
3.8404E-08	8.3529E-09	6.0013E-07	3.8102E-06
8.3880E-09	2.5086E-08	1.0486E-06	5.4253E-06
-2.2748E-08	-5.6654E-09	2.3146E-06	3.9847E-06
-4.1098E-09	5.2699E-09	1.0958E-06	3.7108E-06
-1.9385E-09	4.1453E-09	1.4721E-06	3.7594E-06
-1.2147E-08	-7.7636E-09	7.6954E-07	3.5391E-06
1.9501E-08	1.7474E-08	9.3948E-07	3.9623E-06
-3.7097E-08	1.1116E-08	7.8489E-07	3.6173E-06
-1.5364E-08	3.6482E-08	2.9657E-07	4.0687E-06
1.2550E-08	4.5334E-08	1.0235E-06	4.6350E-06
-5.2316E-09	-2.8533E-08	1.2487E-06	3.6917E-06
-6.3760E-08	-3.5304E-09	7.6421E-07	3.9291E-06
-5.4721E-08	-6.2608E-08	8.8998E-07	3.4799E-06
-1.0532E-08	4.4088E-08	1.9625E-07	3.6825E-06
1.8047E-08	7.0870E-09	-1.9697E-07	3.7197E-06
-5.6982E-09	2.0380E-08	-4.1668E-07	5.4974E-06
-1.3641E-08	1.2537E-08	1.8999E-06	4.8618E-06
-1.3674E-08	-3.8487E-08	3.1850E-07	3.6357E-06
1.5535E-08	2.5436E-08	7.1827E-07	5.2850E-06
-4.8961E-09	1.5369E-08	2.0366E-06	3.8249E-06
-2.0869E-08	-2.7803E-08	-5.8580E-08	2.6334E-06
2.3580E-08	4.4598E-08	-9.4027E-07	5.0246E-06
-5.1385E-08	2.0620E-08	7.3189E-07	5.3374E-06
1.1878E-08	1.1491E-08	1.2282E-06	5.2112E-06
1.1176E-08	5.7330E-09	1.8223E-06	3.5089E-06
-1.8988E-08	-4.4212E-08	-6.2380E-07	3.8151E-06
-7.9991E-08	3.0178E-08	7.6654E-07	5.5926E-06
8.3709E-10	1.0335E-08	1.7827E-06	4.2819E-06
-8.4765E-09	-8.7328E-09	8.3740E-07	2.7670E-06
5.7684E-09	-5.8569E-09	-1.3942E-06	4.3487E-06
-2.6831E-09	2.3298E-08	1.0231E-06	5.8696E-06
4.4094E-08	6.0104E-09	1.0227E-06	4.0209E-06
2.3767E-08	3.3806E-08	8.3493E-07	4.6230E-06
1.6598E-08	-9.5472E-09	1.1851E-06	3.6699E-06
2.6856E-08	-5.5512E-08	-2.7208E-08	3.1707E-06
-1.0850E-08	-3.4177E-08	-8.8016E-07	4.5630E-06
2.7426E-08	1.6975E-08	5.5145E-07	4.8297E-06
-1.8326E-09	1.1899E-08	-2.1285E-07	4.2460E-06
-1.4476E-08	2.0680E-08	4.4656E-07	4.8731E-06
2.8754E-08	3.8763E-08	-4.9020E-08	3.9846E-06
-1.6950E-08	-5.7206E-09	-8.0187E-08	4.7508E-06
5.9583E-09	3.7858E-09	-2.9044E-07	4.1848E-06
-4.5455E-08	1.1688E-08	-6.6760E-07	5.0771E-06
-8.3273E-09	-1.4052E-08	-3.2350E-08	5.3091E-06
-1.5889E-08	2.7243E-08	4.4149E-07	4.7387E-06
-1.6755E-08	-3.4991E-08	-7.3466E-07	4.3308E-06
-3.6391E-08	9.2911E-09	-6.6178E-07	5.6955E-06
-5.6008E-09	-2.9517E-08	8.3616E-08	5.5975E-06
1.6587E-08	-1.0840E-08	4.9173E-07	5.0646E-06
-2.8170E-08	-1.5198E-08	-7.0445E-07	4.7886E-06
-3.7396E-10	3.2517E-08	1.1011E-07	6.0881E-06
-4.3499E-08	4.5118E-08	5.9854E-08	4.7324E-06
-2.9004E-08	2.6144E-08	-9.3855E-08	6.1458E-06
1.6256E-08	-3.4519E-08	1.0028E-06	4.3539E-06
2.0298E-08	-2.8032E-08	-1.6370E-06	4.7693E-06
1.2407E-08	1.5262E-08	-1.6275E-07	6.7703E-06
-2.2969E-08	-4.7224E-08	7.3411E-07	5.2461E-06
-3.7862E-08	-3.3128E-08	-3.4834E-07	5.0309E-06
-3.6737E-08	-5.1962E-08	-4.9472E-07	5.5531E-06
1.0268E-10	-1.3304E-08	-4.0949E-07	6.0546E-06
-2.4355E-09	-8.8667E-09	3.1883E-07	5.8426E-06
-3.1668E-08	-2.5355E-08	-4.6752E-07	5.6782E-06
1.5060E-08	-1.5293E-08	5.2761E-07	6.5660E-06
-3.0254E-08	4.8426E-08	7.3137E-07	4.9953E-06
2.4402E-08	3.3539E-08	-1.9331E-07	5.2719E-06
3.9322E-08	1.5036E-08	-3.0252E-07	5.2205E-06
3.1064E-08	-7.7457E-09	-5.3643E-07	5.6952E-06
1.2278E-09	4.5251E-08	-6.2399E-07	5.5254E-06
2.1363E-08	-3.3588E-09	-9.1150E-07	6.3422E-06
7.2031E-09	4.4201E-08	-4.4894E-07	6.4840E-06
-2.9187E-08	2.4724E-08	-6.7218E-08	7.1600E-06
1.1899E-08	-1.8089E-08	1.2261E-06	6.2941E-06
2.2050E-08	-2.5817E-09	4.6011E-07	5.2229E-06
-9.5041E-09	5.5620E-08	-3.2451E-07	5.2241E-06
1.3382E-08	-3.2818E-08	-8.7396E-07	6.0539E-06
-3.7282E-09	-4.6032E-08	1.6792E-08	6.4302E-06
5.0295E-09	-3.9942E-09	-2.7050E-08	5.6349E-06
1.4848E-09	3.1138E-08	-6.5768E-07	5.7511E-06
-2.3721E-08	2.0931E-08	-8.3033E-07	6.0234E-06
-3.9028E-09	1.0187E-08	-1.1054E-06	6.5867E-06
-2.8377E-08	1.3935E-08	-2.7530E-07	7.0305E-06
-4.7692E-08	-1.0481E-08	-3.5217E-07	6.3299E-06
1.5878E-08	2.7859E-09	-5.0192E-07	6.8976E-06
-3.6117E-11	-1.6663E-09	-1.8952E-07	6.6608E-06
-3.2375E-09	-6.9844E-09	-1.5255E-07	6.8090E-06
-2.5805E-08	-1.0868E-08	-2.1276E-07	6.4292E-06
6.6532E-08	-2.1144E-09	-2.3162E-08	6.9465E-06
-3.5057E-10	-3.9093E-08	1.6407E-07	5.6400E-06
1.1521E-08	-1.3406E-08	-1.2817E-06	6.3009E-06
1.5339E-08	1.1315E-08	-4.9706E-07	6.4767E-06
1.4407E-08	-5.8686E-10	-1.5809E-06	6.3833E-06
3.0121E-08	-3.5699E-08	-1.3567E-06	7.5792E-06
-4.6663E-09	2.8639E-08	-5.0423E-07	7.7047E-06
-5.0783E-09	1.3524E-08	-5.1700E-07	6.7267E-06
-2.0338E-08	3.4121E-08	-1.4374E-06	7.7391E-06
5.3763E-10	9.7727E-09	-7.4382E-08	7.5443E-06
-1.3316E-08	-1.7267E-08	-1.3794E-06	7.5666E-06
9.8679E-09	-2.2803E-09	2.9483E-07	8.2291E-06
3.8248E-08	-5.0609E-08	-8.0707E-07	6.8831E-06
-1.3807E-08	-9.2257E-09	-1.3400E-07	8.2735E-06
-3.3107E-09	-3.4462E-08	-6.5407E-07	6.5523E-06
1.9033E-08	1.2333E-08	-1.0197E-06	8.6800E-06
-4.0277E-08	-2.0267E-08	1.8744E-07	7.0446E-06
-1.2174E-08	-4.0228E-08	-1.5154E-06	8.0723E-06
-1.4142E-08	4.4020E-08	2.1593E-07	7.8468E-06
-3.5368E-08	2.5361E-08	-1.6219E-06	7.5734E-06
-1.7236E-09	-1.1807E-08	-2.3620E-07	9.0949E-06
8.0081E-09	3.5053E-09	-1.7323E-07	7.4740E-06
-3.4065E-09	1.4309E-08	-9.9542E-07	8.3809E-06
-1.0083E-08	-3.1994E-08	-3.9576E-10	8.5688E-06
-1.3423E-08	-1.1738E-08	2.3843E-07	7.7398E-06
-2.6622E-08	-2.7830E-08	-3.7607E-07	6.8978E-06
1.1478E-08	1.8809E-09	-2.0191E-06	6.9622E-06
-7.8132E-08	2.7497E-08	-2.5890E-06	8.9826E-06
-1.2620E-08	-3.5682E-08	-1.1840E-06	9.5695E-06
-4.7962E-09	-2.6775E-09	-1.1924E-06	9.4401E-06
-1.1907E-08	-5.2262E-08	-5.3653E-07	9.9203E-06
-1.6856E-08	4.0742E-08	8.0318E-08	9.5204E-06
3.2044E-08	-3.3543E-08	9.3649E-08	8.5689E-06
-4.7775E-09	1.6404E-08	-1.3854E-06	9.1646E-06
-1.6900E-08	-4.3783E-08	6.6585E-07	1.0470E-05
-4.2156E-08	1.3457E-08	7.9254E-07	7.5574E-06
-2.5085E-08	-2.3820E-08	-1.3544E-06	8.5162E-06
9.1954E-10	-1.3275E-08	-4.9918E-07	8.7644E-06
-2.8860E-09	-6.7559E-08	-1.8704E-06	8.8606E-06
-2.3164E-08	-1.0013E-08	-1.1099E-06	1.0613E-05
-2.3127E-08	-1.0557E-08	-3.7205E-08	1.0014E-05
-1.6860E-08	-1.8001E-09	1.2959E-07	9.7624E-06
2.7605E-08	8.1787E-09	6.5146E-08	8.7198E-06
-7.4025E-09	-3.9838E-08	-1.2650E-06	9.2155E-06
-1.5070E-08	6.7076E-09	-4.0837E-07	9.7205E-06
2.5469E-08	-3.7169E-08	-1.2778E-06	9.0942E-06
7.8580E-09	-9.8895E-10	-1.4400E-06	1.0555E-05
-1.8120E-08	-3.3629E-08	-4.4920E-07	1.0845E-05
2.0296E-08	3.9017E-09	6.5640E-07	1.0157E-05
-4.3896E-08	1.2717E-09	-5.6295E-07	8.5137E-06
-2.0494E-08	-1.0463E-08	-1.6865E-06	9.9766E-06
-6.4379E-10	8.8164E-09	-1.2175E-06	1.0063E-05
1.2399E-08	-2.7418E-09	-1.6081E-06	1.0763E-05
1.1787E-08	2.2720E-08	-1.0017E-06	1.1025E-05
-4.9059E-08	-8.3553E-10	-6.4732E-07	1.1237E-05
-1.1858E-08	-2.7628E-08	-3.1146E-07	1.0499E-05
1.2585E-08	1.6340E-08	-8.3471E-07	1.0495E-05
-1.7986E-08	-7.5915E-08	-1.3337E-06	1.0094E-05
1.6676E-08	2.5591E-08	-2.1205E-06	1.1642E-05
-3.2584E-08	-2.5512E-08	-5.0431E-07	1.1625E-05
-2.8202E-08	3.4556E-09	-1.3215E-06	1.0964E-05
-1.9432E-08	-5.8845E-09	-1.6430E-06	1.1401E-05
8.5481E-09	-4.1601E-08	-1.9540E-06	1.2521E-05
3.1065E-08	-4.1286E-08	-3.1918E-07	1.2540E-05
-3.5755E-08	-6.4450E-09	-1.2163E-06	1.1485E-05
-4.3119E-08	2.2976E-08	-1.7359E-06	1.2517E-05
2.5460E-08	-2.5252E-08	-1.1647E-06	1.3489E-05
5.7933E-09	-6.0265E-08	3.1449E-07	1.2596E-05
-5.5593E-09	-1.8594E-08	-1.5393E-06	1.1688E-05
-9.9087E-09	-5.7545E-08	-1.3797E-06	1.3504E-05
-2.1440E-09	-5.6422E-09	-8.2278E-07	1.2984E-05
-1.0308E-08	1.0710E-08	-1.1107E-06	1.3203E-05
-3.2910E-08	2.1569E-09	-1.2846E-06	1.3558E-05
-9.9914E-09	-1.2759E-08	-6.3710E-07	1.3872E-05
-4.5778E-08	1.1585E-08	-1.1840E-06	1.3527E-05
1.3351E-08	-1.4494E-08	-6.7973E-07	1.4527E-05
7.0148E-09	-8.1936E-09	-5.1882E-07	1.3656E-05
-8.9758E-09	-1.5930E-08	-8.7046E-07	1.4055E-05
2.7737E-08	3.5202E-08	-1.5743E-06	1.3938E-05
1.1029E-08	2.7798E-08	-1.1685E-06	1.5925E-05
-3.4677E-08	9.8457E-09	1.6311E-07	1.4485E-05
-2.2341E-08	-3.0016E-08	-1.4497E-06	1.5002E-05
-1.7083E-08	2.5701E-08	-3.5632E-07	1.5555E-05
-3.2215E-08	-2.6345E-08	-7.9909E-07	1.5555E-05
-2.2084E-08	-2.3289E-08	5.5255E-08	1.5657E-05
4.3931E-09	8.2555E-09	-9.3454E-07	1.5232E-05
1.7276E-08	4.2509E-08	-6.4372E-07	1.6487E-05
2.6011E-08	1.2796E-08	-9.4349E-08	1.6193E-05
1.4424E-08	-1.0237E-08	-4.6065E-08	1.5933E-05
-1.3326E-08	2.7864E-08	-7.3227E-07	1.5919E-05
1.4521E-09	1.4334E-08	-3.3660E-07	1.6152E-05
-1.1327E-08	-3.8563E-08	-2.1285E-06	1.5468E-05
-3.2246E-08	-1.3290E-08	-2.5062E-06	1.8871E-05
-2.9671E-08	-2.6419E-08	1.8469E-07	1.8314E-05
-4.0856E-09	-4.2231E-08	-1.1533E-06	1.7494E-05
-1.2312E-08	-2.0384E-08	-1.3074E-06	1.8508E-05
2.6190E-08	1.5508E-10	-1.3049E-06	1.9196E-05
-1.4342E-08	2.9806E-09	-5.2255E-07	1.9304E-05
-2.3169E-09	-1.6143E-08	-1.5181E-06	1.8913E-05
7.2478E-09	-1.1128E-08	-2.2417E-06	2.0521E-05
8.6671E-09	-5.6026E-08	-1.4316E-06	2.1905E-05
3.7056E-09	-2.3751E-08	-5.2824E-07	2.1724E-05
5.0170E-10	9.4766E-09	-1.6033E-06	2.1955E-05
-1.8032E-08	1.4985E-08	-1.3520E-06	2.4077E-05
-8.5478E-10	2.2718E-09	2.5819E-07	2.4474E-05
-1.5099E-08	3.1798E-08	-7.0758E-09	2.3991E-05
6.2099E-10	8.7345E-09	-3.3520E-07	2.5603E-05
1.8904E-08	3.8257E-09	6.5234E-07	2.5859E-05
-3.9969E-08	1.2280E-08	-3.6875E-07	2.6954E-05
-1.8409E-08	-2.2003E-08	5.5877E-07	2.8791E-05
-1.5606E-08	8.5582E-09	8.1140E-07	3.0698E-05
-2.4960E-08	-7.3483E-09	3.7700E-06	3.2133E-05
-8.4014E-10	9.0937E-09	3.5116E-06	3.1932E-05
1.0224E-08	-1.7594E-08	5.6537E-06	3.5257E-05
-2.6082E-08	-1.6613E-09	8.0328E-06	3.4594E-05
-5.1520E-08	4.1659E-10	9.2179E-06	3.6839E-05
-5.5594E-09	-1.0263E-08	1.3109E-05	3.7635E-05
-4.3605E-08	-4.0984E-08	1.6622E-05	3.7595E-05
-7.9295E-09	5.5278E-09	1.9699E-05	3.6288E-05
-2.0902E-08	-4.1273E-09	2.3505E-05	3.6105E-05
8.6378E-09	1.3074E-08	2.7873E-05	3.1862E-05
-4.1462E-08	-2.2167E-08	2.8957E-05	2.8566E-05
-2.5364E-08	-2.2229E-08	3.1097E-05	2.4048E-05
-2.7736E-08	-2.7669E-09	2.9723E-05	1.9849E-05
-4.5921E-08	-3.3242E-08	2.9209E-05	1.6865E-05
2.0994E-09	-4.7145E-08	2.7484E-05	1.3954E-05
-2.3147E-08	-3.2682E-08	2.6248E-05	1.0857E-05
-1.0769E-08	-1.9978E-08	2.2122E-05	8.2778E-06
2.6505E-09	1.4386E-08	1.9034E-05	8.0362E-06
2.1178E-09	-2.9958E-08	1.4985E-05	8.1960E-06
3.0596E-08	2.0817E-09	1.3079E-05	1.0776E-05
2.6792E-08	-2.1795E-08	1.1386E-05	1.1685E-05
-1.3948E-08	-1.3935E-08	1.0455E-05	1.4984E-05
-3.7755E-08	3.7193E-08	1.1326E-05	1.5879E-05
1.0201E-08	-5.7716E-08	1.0799E-05	1.7942E-05
9.1535E-09	3.5340E-08	1.2974E-05	1.8773E-05
-1.3986E-08	-6.8683E-09	1.2246E-05	1.8615E-05
3.4886E-09	-2.5829E-08	1.3194E-05	2.0713E-05
1.7793E-08	1.0621E-08	1.4593E-05	2.0757E-05
-4.2947E-08	1.1561E-08	1.5877E-05	2.1085E-05
-3.1403E-08	5.8627E-09	1.6566E-05	2.0201E-05
-1.9174E-08	-4.3247E-08	1.7028E-05	2.0701E-05
-1.5556E-08	-2.0589E-08	1.8162E-05	1.9849E-05
6.4531E-09	-2.3259E-08	1.8127E-05	1.9560E-05
-3.6783E-08	-1.9084E-08	1.8639E-05	1.8842E-05
-1.0755E-08	-3.7448E-08	1.7685E-05	1.8678E-05
-2.1153E-08	-2.1578E-08	1.7872E-05	1.9982E-05
-2.8288E-08	-7.0922E-09	1.9466E-05	2.0519E-05
-2.0406E-09	-5.0016E-08	2.0666E-05	1.9832E-05
-3.3873E-08	9.0044E-09	2.1988E-05	1.9408E-05
-2.2285E-08	-3.1553E-08	2.2922E-05	1.6824E-05
1.2670E-08	-2.3862E-08	2.0995E-05	1.5590E-05
-2.6948E-08	1.2399E-08	2.0240E-05	1.6026E-05
-1.0687E-08	2.2836E-08	1.9945E-05	1.7006E-05
-9.0523E-09	1.3269E-08	2.2011E-05	1.7314E-05
-1.2888E-08	1.3877E-08	2.2665E-05	1.4504E-05
1.1514E-08	3.3661E-08	2.0201E-05	1.3067E-05
-1.6024E-08	-2.3467E-08	1.8587E-05	1.4235E-05
2.8627E-08	4.8388E-08	1.8010E-05	1.4777E-05
-4.8903E-09	-2.2103E-09	1.6991E-05	1.6476E-05
-3.2181E-08	-3.2669E-08	1.7998E-05	1.8108E-05
-1.8241E-08	-1.8227E-08	1.8842E-05	1.8955E-05
1.9573E-08	-3.2888E-08	2.0203E-05	1.9000E-05
1.8886E-08	7.3675E-09	1.9591E-05	1.9343E-05
-3.2666E-08	-3.2748E-08	2.1399E-05	2.1821E-05
-2.4002E-08	-9.8844E-10	2.4621E-05	2.0878E-05
2.0388E-08	2.1594E-08	2.5138E-05	1.9351E-05
2.9662E-08	1.0441E-08	2.6108E-05	1.9496E-05
-5.6125E-08	-1.6405E-08	2.8104E-05	1.7599E-05
-4.4822E-08	-1.0608E-08	2.6738E-05	1.5736E-05
1.6188E-08	-9.9113E-09	2.7395E-05	1.7053E-05
6.3628E-09	-3.1615E-08	2.9672E-05	1.4188E-05
4.8850E-09	-1.3399E-08	2.6531E-05	1.1491E-05
-1.5511E-08	-3.9928E-08	2.5045E-05	1.3820E-05
-1.9537E-08	-1.7261E-08	2.6289E-05	1.3299E-05
-1.7751E-08	-5.6204E-10	2.4426E-05	1.3500E-05
-5.7095E-09	9.0602E-09	2.5846E-05	1.5453E-05
-1.7237E-08	2.4161E-09	2.6967E-05	1.3963E-05
-2.1667E-08	-3.4492E-08	2.5909E-05	1.3756E-05
2.3718E-08	-8.9346E-09	2.5926E-05	1.5120E-05
-5.9397E-08	1.2745E-08	2.7617E-05	1.5300E-05
9.5853E-09	-4.5943E-10	2.7337E-05	1.4721E-05
-2.2324E-08	-2.4582E-08	2.8300E-05	1.5924E-05
2.0748E-08	-5.6295E-09	2.9020E-05	1.5243E-05
-2.4252E-08	-2.9244E-08	2.9876E-05	1.6760E-05
-2.9765E-08	-3.6687E-09	3.2478E-05	1.5684E-05
-3.4111E-08	3.3289E-09	3.2432E-05	1.5204E-05
-3.7570E-09	-5.0762E-08	3.4415E-05	1.5344E-05
1.8624E-08	8.7950E-09	3.5380E-05	1.4573E-05
-2.0011E-08	-3.4157E-08	3.7935E-05	1.5077E-05
-2.3070E-08	-1.3588E-08	4.1654E-05	1.2537E-05
1.1776E-08	8.1708E-09	4.3316E-05	8.6994E-06
-7.6428E-08	9.9388E-09	4.3821E-05	4.2077E-06
-1.3113E-08	-2.3250E-08	4.1681E-05	4.0714E-07
-7.6902E-09	-1.0091E-08	4.0078E-05	-1.7017E-06
4.6025E-08	-1.6881E-08	3.6859E-05	-4.2550E-06
1.5903E-08	-1.8882E-08	3.4258E-05	-2.9676E-06
2.4478E-08	1.2008E-08	3.4197E-05	-4.0644E-06
-3.1444E-08	-1.9714E-08	3.0962E-05	-4.7199E-06
-1.3717E-08	-5.5251E-08	2.9001E-05	-2.9432E-06
-9.2048E-09	5.8883E-08	2.8602E-05	-5.0039E-07
-9.8796E-09	-2.2574E-08	3.0467E-05	4.1333E-07
-9.0473E-10	-8.1358E-09	3.0723E-05	-1.3323E-07
-5.5399E-08	-8.0531E-09	3.1179E-05	6.7232E-07
4.6041E-09	1.3297E-08	3.3175E-05	6.0666E-07
-1.0821E-08	2.2388E-08	3.3799E-05	-1.3044E-06
-1.0861E-08	8.9869E-09	3.4309E-05	-5.1899E-07
6.4059E-09	1.8471E-08	3.7933E-05	-3.4675E-06
-1.9818E-08	-2.2941E-08	3.5869E-05	-7.3675E-06
8.1926E-09	-9.6799E-09	3.5368E-05	-8.4181E-06
1.2498E-08	-4.0312E-08	3.3477E-05	-1.0486E-05
-2.2363E-08	2.9665E-08	3.3145E-05	-1.0998E-05
-1.2859E-08	-9.7780E-09	3.1069E-05	-1.3417E-05
1.5103E-08	-1.7290E-08	2.9677E-05	-1.2991E-05
2.6874E-08	-2.4167E-08	2.8353E-05	-1.4874E-05
-7.1763E-09	-3.3526E-08	2.6055E-05	-1.4856E-05
-1.8703E-08	-1.1391E-08	2.3780E-05	-1.5259E-05
2.5799E-09	1.9476E-08	2.1914E-05	-1.3289E-05
-2.5001E-08	-1.0426E-08	2.1904E-05	-1.2458E-05
-1.3519E-08	-1.1464E-08	2.2391E-05	-1.2380E-05
3.7804E-08	5.2953E-09	2.0574E-05	-1.4326E-05
-1.0138E-08	1.0386E-08	1.8278E-05	-1.2076E-05
-3.3892E-08	-1.8657E-08	1.8494E-05	-1.1670E-05
-2.0956E-08	2.3900E-08	1.7765E-05	-1.0509E-05
-6.2411E-09	3.3666E-09	1.7515E-05	-1.1046E-05
3.0518E-09	-2.1258E-08	1.6039E-05	-8.8558E-06
-2.6903E-08	1.6252E-08	1.7599E-05	-8.9125E-06
-2.8680E-08	1.0846E-08	1.5691E-05	-7.9265E-06
9.8360E-09	-8.9496E-09	1.7970E-05	-6.1863E-06
-2.5008E-08	1.0539E-08	1.9049E-05	-7.3406E-06
1.3146E-09	-2.5157E-09	1.9523E-05	-9.2791E-06
-2.7426E-08	1.7278E-09	1.6907E-05	-9.9538E-06
1.0802E-08	-2.9284E-08	1.7197E-05	-9.3099E-06
7.8961E-09	1.1929E-08	1.4776E-05	-1.0341E-05
-4.2457E-08	-1.6597E-08	1.3851E-05	-7.2794E-06
-4.8300E-08	6.4777E-09	1.5027E-05	-6.8922E-06
1.3702E-08	-5.6817E-09	1.5121E-05	-6.6390E-06
-1.9201E-08	-1.3168E-08	1.5109E-05	-7.0537E-06
-4.9203E-08	2.0065E-08	1.4027E-05	-6.6142E-06
-6.5761E-09	-2.7376E-08	1.4134E-05	-5.4277E-06
-2.7951E-08	2.4404E-09	1.4265E-05	-5.2866E-06
-2.1367E-09	-1.6662E-08	1.4337E-05	-4.0115E-06
-2.6079E-08	-2.0340E-08	1.5879E-05	-4.7258E-06
-8.9665E-10	-6.4273E-11	1.3840E-05	-5.3386E-06
-3.3686E-09	-2.7637E-09	1.3709E-05	-2.9918E-06
1.5728E-08	-3.7078E-10	1.4572E-05	-2.0461E-06
-4.8537E-08	-3.2418E-08	1.6187E-05	-1.1733E-06
-3.7086E-08	-3.8571E-08	1.7348E-05	-1.8292E-06
-1.7856E-08	1.4417E-08	1.8240E-05	-2.1312E-06
-1.9799E-08	-7.4112E-09	1.8507E-05	-3.1545E-06
-1.0100E-08	2.4626E-08	1.8435E-05	-3.1617E-06
-1.0360E-09	-2.1757E-08	1.8838E-05	-3.1446E-06
-1.2575E-08	1.5980E-08	1.9554E-05	-3.3933E-06
-3.0836E-08	8.9908E-09	1.9868E-05	-3.1354E-06
-3.7573E-09	-2.0179E-08	2.3087E-05	-3.5279E-06
-1.2986E-08	-5.5502E-09	2.3730E-05	-8.3190E-06
-1.9300E-08	-1.5689E-08	2.1120E-05	-1.0364E-05
-1.4398E-08	1.0133E-08	1.9070E-05	-1.1170E-05
-7.5835E-09	1.7302E-08	1.7608E-05	-1.1172E-05
1.5961E-09	-2.2748E-09	1.5215E-05	-1.1698E-05
5.5217E-09	1.6012E-08	1.3474E-05	-8.8178E-06
-1.2381E-08	-1.5464E-08	1.5026E-05	-8.0122E-06
1.8031E-08	7.6424E-09	1.4660E-05	-8.5572E-06
-1.2624E-08	-2.0114E-08	1.3650E-05	-8.1159E-06
-2.4972E-08	-1.9839E-08	1.4084E-05	-6.3530E-06
-3.0849E-08	8.8261E-09	1.5406E-05	-7.3182E-06
1.2929E-08	1.3757E-08	1.4567E-05	-7.2770E-06
2.5279E-08	-1.5407E-08	1.5606E-05	-7.5812E-06
-1.5193E-08	3.8586E-09	1.4981E-05	-8.7006E-06
-4.9889E-09	-3.0695E-09	1.4373E-05	-9.5816E-06
-2.8032E-08	1.7235E-08	1.2124E-05	-9.6879E-06
-4.3284E-09	-3.8351E-09	1.1532E-05	-8.1201E-06
-4.7224E-08	1.1728E-09	1.1707E-05	-7.8794E-06
1.0638E-08	-3.2595E-08	1.0827E-05	-8.1930E-06
-1.8214E-08	2.3353E-08	9.6181E-06	-6.7413E-06
-1.1065E-09	-5.7610E-09	9.9581E-06	-6.1747E-06
1.0432E-08	3.7604E-08	8.9546E-06	-4.5686E-06
-1.7770E-08	-2.0979E-08	1.1242E-05	-3.9410E-06
-4.0076E-10	-3.0408E-09	9.5107E-06	-4.8763E-06
3.4798E-08	-2.0600E-08	1.0587E-05	-2.3593E-06
1.2139E-08	-9.2583E-09	1.0649E-05	-4.4735E-06
-3.7814E-08	2.3201E-09	8.7185E-06	-1.9375E-06
-1.6525E-08	-3.4480E-09	1.0855E-05	-7.8455E-07
-4.1397E-09	2.7078E-08	1.1125E-05	-1.0951E-06
-8.1377E-09	-9.7110E-09	1.0687E-05	-8.1588E-07
2.1928E-10	-8.0239E-09	1.0694E-05	1.2733E-06
4.4658E-09	2.2675E-08	1.2655E-05	2.1313E-06
-5.3775E-09	-1.6301E-08	1.3899E-05	2.5573E-06
-2.3495E-09	-7.4426E-09	1.5757E-05	1.9694E-06
1.9554E-08	2.5642E-08	1.6170E-05	1.3586E-06
1.9963E-08	-1.6050E-08	1.7254E-05	3.5706E-07
2.2899E-09	-1.9409E-08	1.5893E-05	-6.8223E-07
1.8223E-08	-2.8374E-09	1.5447E-05	1.0060E-06
9.8813E-10	1.1766E-08	1.6883E-05	2.2014E-06
-1.1770E-08	-2.2165E-08	1.9306E-05	1.5906E-06
3.4752E-09	-1.7057E-08	1.8800E-05	-6.8731E-07
2.4313E-08	1.6176E-09	1.7497E-05	9.6065E-07
3.2594E-09	-3.3721E-08	1.9760E-05	2.2038E-06
-2.2874E-09	-7.8431E-09	2.1502E-05	1.4049E-06
-2.3441E-09	-1.6086E-08	2.2686E-05	2.5041E-07
-8.0025E-08	4.4397E-09	2.2778E-05	-8.3427E-07
4.1475E-09	-1.8723E-08	2.3470E-05	-8.5067E-07
-4.0657E-09	2.4616E-08	2.4735E-05	-2.4889E-06
1.1648E-08	1.1183E-08	2.3339E-05	-3.9767E-06
-3.4368E-08	2.3352E-08	2.3283E-05	-2.2779E-06
1.1303E-08	-1.7964E-08	2.5592E-05	-3.3868E-06
-5.2107E-09	-2.8720E-08	2.4531E-05	-4.5069E-06
-1.9384E-08	-2.9290E-09	2.5729E-05	-3.4830E-06
-8.1628E-09	1.7125E-08	2.6929E-05	-4.6842E-06
-1.0399E-08	-3.4087E-08	2.8083E-05	-4.6049E-06
-2.1553E-08	-5.8834E-09	3.0379E-05	-5.7944E-06
7.2356E-09	1.7744E-08	3.3270E-05	-7.3092E-06
-6.4971E-09	6.1439E-09	3.7022E-05	-1.3074E-05
7.4514E-09	-1.8518E-08	3.4395E-05	-2.1582E-05
-9.4386E-09	-2.4158E-08	2.7259E-05	-2.4441E-05
-1.0408E-08	1.7208E-09	2.3577E-05	-2.3086E-05
8.9647E-09	-7.9833E-09	2.1466E-05	-2.3240E-05
-1.1002E-08	2.9851E-08	1.8957E-05	-2.2377E-05
-2.9042E-08	2.6640E-08	1.7993E-05	-2.1356E-05
-1.1146E-08	-4.4214E-09	1.7596E-05	-2.1394E-05
2.8526E-08	-3.2390E-08	1.5634E-05	-2.2125E-05
-1.5058E-08	-4.5523E-08	1.4088E-05	-2.0222E-05
1.9123E-10	-7.5623E-09	1.4763E-05	-2.0568E-05
3.8556E-09	-2.1152E-08	1.2335E-05	-2.1056E-05
-2.7503E-08	-2.6583E-08	1.1366E-05	-1.9409E-05
3.2692E-09	-3.7860E-08	1.0779E-05	-1.8849E-05
1.1914E-08	2.2614E-08	1.0603E-05	-1.7834E-05
-1.4734E-08	-1.4579E-08	1.0124E-05	-1.8134E-05
-3.0654E-08	-1.6401E-10	8.7303E-06	-1.6666E-05
9.7889E-10	-6.6717E-09	9.5976E-06	-1.5333E-05
-3.3196E-08	1.7844E-08	9.9733E-06	-1.5024E-05
-1.6521E-08	4.2525E-08	1.0939E-05	-1.5311E-05
-4.1687E-09	-1.7794E-08	9.8205E-06	-1.6142E-05
-1.7027E-09	1.8674E-08	9.6368E-06	-1.4898E-05
3.1554E-10	4.2891E-09	1.0140E-05	-1.5110E-05
3.7920E-09	-1.5225E-08	1.0290E-05	-1.5707E-05
-3.6756E-08	-1.8532E-09	8.3600E-06	-1.6094E-05
1.0497E-08	-2.3868E-08	9.0012E-06	-1.3461E-05
4.2564E-08	-1.1242E-08	1.0598E-05	-1.5343E-05
-1.6209E-08	-2.0270E-08	9.5187E-06	-1.5634E-05
7.7274E-09	1.4962E-09	9.2274E-06	-1.7007E-05
-2.5858E-08	2.0179E-08	6.7986E-06	-1.6137E-05
-4.0071E-08	1.3000E-08	7.3469E-06	-1.4960E-05
-4.2760E-08	7.6077E-09	7.7723E-06	-1.4586E-05
-5.3748E-09	-2.6983E-08	8.3016E-06	-1.6460E-05
-1.8838E-08	-6.2660E-09	5.2545E-06	-1.6249E-05
-1.2926E-08	1.3656E-09	5.9969E-06	-1.4725E-05
-1.7537E-08	-1.3131E-08	5.1825E-06	-1.5286E-05
5.4795E-09	1.4762E-08	5.0041E-06	-1.4288E-05
8.4913E-09	-1.8284E-08	4.9756E-06	-1.4251E-05
-5.4645E-08	7.1553E-09	5.1939E-06	-1.4914E-05
-1.6651E-09	1.7378E-08	2.4933E-06	-1.5854E-05
-5.4042E-08	-1.0826E-09	3.7811E-07	-1.2886E-05
2.7488E-08	-1.4356E-08	9.8625E-07	-1.0268E-05
-3.9499E-08	-1.0431E-08	2.3236E-06	-8.0500E-06
8.0605E-09	-2.3863E-08	6.5598E-06	-7.2301E-06
-3.0995E-08	-2.9211E-08	7.7064E-06	-1.3285E-05
2.7919E-08	8.2325E-09	9.9914E-07	-1.1148E-05
2.0855E-09	1.1140E-08	7.5967E-06	-9.2281E-06
-3.4365E-08	-6.2035E-09	6.1267E-07	-1.1433E-05
-5.8029E-09	-2.1353E-09	8.5827E-06	-7.9981E-06
-5.7742E-09	-2.1230E-09	3.6433E-06	-1.5526E-05
-5.7456E-09	-2.1108E-09	-9.2612E-07	-9.6190E-06
-5.7171E-09	-2.0986E-09	2.1600E-06	-6.0254E-06
-5.6888E-09	-2.0866E-09	4.6582E-06	-6.3693E-06
-5.6607E-09	-2.0746E-09	5.4531E-06	-6.7723E-06
-5.6327E-09	-2.0626E-09	6.7010E-06	-7.5093E-06
-5.6048E-09	-2.0508E-09	6.4466E-06	-8.7551E-06
-5.5771E-09	-2.0389E-09	6.0977E-06	-9.1233E-06
-5.5496E-09	-2.0272E-09	5.3201E-06	-9.2216E-06
-5.5222E-09	-2.0155E-09	5.3021E-06	-8.6924E-06
-5.4949E-09	-2.0039E-09	5.1767E-06	-8.6116E-06
-5.4678E-09	-1.9924E-09	5.4677E-06	-8.0922E-06
-5.4408E-09	-1.9809E-09	6.1057E-06	-8.3399E-06
-5.4139E-09	-1.9694E-09	5.9759E-06	-9.1592E-06
-5.3872E-09	-1.9581E-09	5.2816E-06	-8.9337E-06
-5.3606E-09	-1.9468E-09	5.2930E-06	-9.1057E-06
-5.3342E-09	-1.9355E-09	4.4089E-06	-8.0598E-06
-5.3079E-09	-1.9244E-09	6.5752E-06	-7.9088E-06
-5.2817E-09	-1.9132E-09	5.1120E-06	-9.9892E-06
-5.2557E-09	-1.9022E-09	4.1219E-06	-8.0060E-06
-5.2298E-09	-1.8912E-09	4.9561E-06	-7.6885E-06
-5.2041E-09	-1.8802E-09	5.4397E-06	-7.1680E-06
-5.1784E-09	-1.8694E-09	6.4198E-06	-7.5393E-06
-5.1529E-09	-1.8585E-09	7.0907E-06	-8.6232E-06
-5.1276E-09	-1.8478E-09	5.6415E-06	-1.0255E-05
-5.1024E-09	-1.8371E-09	4.3470E-06	-8.6506E-06
-5.0773E-09	-1.8264E-09	5.3917E-06	-8.7424E-06
-5.0523E-09	-1.8158E-09	4.1060E-06	-8.8734E-06
-5.0275E-09	-1.8053E-09	4.7441E-06	-7.3801E-06
-5.0027E-09	-1.7948E-09	5.5654E-06	-8.4856E-06
-4.9782E-09	-1.7844E-09	4.6115E-06	-8.4057E-06
-4.9537E-09	-1.7741E-09	5.0110E-06	-8.3978E-06
-4.9294E-09	-1.7637E-09	4.2363E-06	-8.1936E-06
-4.9052E-09	-1.7535E-09	5.2634E-06	-8.0801E-06
-4.8811E-09	-1.7433E-09	3.7619E-06	-9.0794E-06
-4.8571E-09	-1.7332E-09	3.6008E-06	-6.9747E-06
-4.8333E-09	-1.7231E-09	4.6345E-06	-7.3017E-06
-4.8096E-09	-1.7131E-09	4.7532E-06	-7.0758E-06
-4.7860E-09	-1.7031E-09	5.2069E-06	-7.8250E-06
-4.7625E-09	-1.6932E-09	4.4039E-06	-8.0213E-06
-4.7392E-09	-1.6833E-09	4.2342E-06	-7.4769E-06
-4.7159E-09	-1.6735E-09	4.6630E-06	-7.5285E-06
-4.6928E-09	-1.6637E-09	3.8902E-06	-7.7931E-06
-4.6698E-09	-1.6540E-09	3.9675E-06	-6.5705E-06
-4.6470E-09	-1.6443E-09	4.9065E-06	-6.6709E-06
-4.6242E-09	-1.6347E-09	5.2708E-06	-7.3375E-06
-4.6016E-09	-1.6252E-09	4.4306E-06	-7.9264E-06
-4.5790E-09	-1.6157E-09	4.2256E-06	-7.2482E-06
-4.5566E-09	-1.6062E-09	4.1166E-06	-7.2159E-06
-4.5343E-09	-1.5968E-09	4.7370E-06	-6.8935E-06
-4.5122E-09	-1.5875E-09	4.0968E-06	-7.8861E-06
-4.4901E-09	-1.5782E-09	3.9487E-06	-6.5906E-06
-4.4681E-09	-1.5689E-09	4.3060E-06	-7.6929E-06
-4.4463E-09	-1.5597E-09	2.9629E-06	-6.7765E-06
-4.4245E-09	-1.5506E-09	3.5909E-06	-5.9194E-06
-4.4029E-09	-1.5415E-09	4.5724E-06	-5.2600E-06
-4.3814E-09	-1.5324E-09	5.4815E-06	-6.9072E-06
-4.3600E-09	-1.5234E-09	3.9957E-06	-6.8201E-06
-4.3387E-09	-1.5145E-09	4.7136E-06	-6.5330E-06
-4.3175E-09	-1.5056E-09	4.1283E-06	-7.0448E-06
-4.2964E-09	-1.4967E-09	3.3717E-06	-6.5356E-06
-4.2755E-09	-1.4879E-09	3.9159E-06	-4.5631E-06
-4.2546E-09	-1.4791E-09	6.7328E-06	-6.0627E-06
-4.2338E-09	-1.4704E-09	4.1268E-06	-8.1506E-06
-4.2132E-09	-1.4617E-09	3.8514E-06	-5.3327E-06
-4.1926E-09	-1.4531E-09	5.9924E-06	-6.7577E-06
-4.1722E-09	-1.4445E-09	3.6272E-06	-7.7365E-06
-4.1518E-09	-1.4360E-09	4.2308E-06	-5.4624E-06
-4.1316E-09	-1.4275E-09	5.3250E-06	-7.6483E-06
-4.1114E-09	-1.4191E-09	2.6146E-06	-7.2211E-06
-4.0914E-09	-1.4107E-09	3.6076E-06	-5.4038E-06
-4.0714E-09	-1.4023E-09	4.2041E-06	-5.5935E-06
-4.0516E-09	-1.3940E-09	5.2594E-06	-5.7848E-06
-4.0319E-09	-1.3858E-09	4.8190E-06	-7.5435E-06
-4.0122E-09	-1.3775E-09	2.9795E-06	-6.9173E-06
-3.9927E-09	-1.3694E-09	3.6650E-06	-5.3659E-06
-3.9732E-09	-1.3612E-09	4.5361E-06	-6.1582E-06
-3.9539E-09	-1.3532E-09	4.0128E-06	-6.0473E-06
-3.9346E-09	-1.3451E-09	4.9187E-06	-6.5653E-06
-3.9155E-09	-1.3371E-09	3.1861E-06	-7.7068E-06
-3.8964E-09	-1.3292E-09	2.3356E-06	-5.6153E-06
-3.8775E-09	-1.3213E-09	3.6853E-06	-5.4923E-06
-3.8586E-09	-1.3134E-09	2.8271E-06	-5.5248E-06
-3.8398E-09	-1.3056E-09	4.1457E-06	-4.1348E-06
-3.8211E-09	-1.2978E-09	4.9149E-06	-6.3539E-06
-3.8026E-09	-1.2900E-09	2.8000E-06	-5.8428E-06
-3.7841E-09	-1.2823E-09	3.8030E-06	-4.8014E-06
-3.7657E-09	-1.2747E-09	3.8408E-06	-4.9771E-06
-3.7474E-09	-1.2670E-09	4.6043E-06	-5.0595E-06
-3.7291E-09	-1.2595E-09	3.7461E-06	-5.4753E-06
-3.7110E-09	-1.2519E-09	4.8653E-06	-4.2211E-06
-3.6930E-09	-1.2444E-09	5.6705E-06	-6.8130E-06
-3.6750E-09	-1.2370E-09	2.6511E-06	-6.7918E-06
-3.6572E-09	-1.2296E-09	3.2898E-06	-4.5206E-06
-3.6394E-09	-1.2222E-09	4.1257E-06	-5.2591E-06
-3.6217E-09	-1.2149E-09	3.9446E-06	-4.8208E-06
-3.6041E-09	-1.2076E-09	4.7559E-06	-5.5836E-06
-3.5866E-09	-1.2003E-09	3.4808E-06	-5.9503E-06
-3.5692E-09	-1.1931E-09	3.5162E-06	-5.1530E-06
-3.5519E-09	-1.1859E-09	3.3379E-06	-4.9676E-06
-3.5347E-09	-1.1788E-09	4.0435E-06	-4.2379E-06
-3.5175E-09	-1.1717E-09	4.7377E-06	-5.1856E-06
-3.5004E-09	-1.1646E-09	3.9020E-06	-5.7965E-06
-3.4834E-09	-1.1576E-09	3.1610E-06	-5.1861E-06
-3.4665E-09	-1.1506E-09	3.5742E-06	-4.3117E-06
-3.4497E-09	-1.1436E-09	4.5182E-06	-4.6827E-06
-3.4330E-09	-1.1367E-09	3.9154E-06	-5.7730E-06
-3.4163E-09	-1.1298E-09	2.7471E-06	-4.9004E-06
-3.3997E-09	-1.1230E-09	3.4997E-06	-4.0480E-06
-3.3832E-09	-1.1162E-09	3.7269E-06	-4.3914E-06
-3.3668E-09	-1.1094E-09	3.5175E-06	-4.1106E-06
-3.3505E-09	-1.1027E-09	4.0286E-06	-3.7061E-06
-3.3343E-09	-1.0960E-09	4.3722E-06	-4.3087E-06
-3.3181E-09	-1.0894E-09	3.8178E-06	-4.2284E-06
-3.3020E-09	-1.0827E-09	4.0028E-06	-3.9221E-06
-3.2860E-09	-1.0762E-09	4.1295E-06	-3.6830E-06
-3.2701E-09	-1.0696E-09	4.4818E-06	-4.0362E-06
-3.2542E-09	-1.0631E-09	3.6496E-06	-3.6252E-06
-3.2384E-09	-1.0566E-09	5.0430E-06	-2.5174E-06
-3.2227E-09	-1.0502E-09	6.0548E-06	-4.3402E-06
-3.2071E-09	-1.0438E-09	4.2050E-06	-4.9448E-06
-3.1916E-09	-1.0374E-09	4.3456E-06	-3.3231E-06
-3.1761E-09	-1.0311E-09	4.8678E-06	-4.3123E-06
-3.1607E-09	-1.0248E-09	3.6896E-06	-2.9218E-06
-3.1454E-09	-1.0185E-09	6.0268E-06	-2.5824E-06
-3.1302E-09	-1.0123E-09	5.4304E-06	-3.5638E-06
-3.1150E-09	-1.0061E-09	6.5706E-06	-3.1780E-06
-3.0999E-09	-9.9990E-10	5.7947E-06	-4.5386E-06
-3.0849E-09	-9.9376E-10	6.1388E-06	-3.0344E-06
-3.0700E-09	-9.8766E-10	7.3238E-06	-4.5222E-06
-3.0551E-09	-9.8160E-10	6.3911E-06	-5.1039E-06
-3.0403E-09	-9.7557E-10	6.0303E-06	-4.8638E-06
-3.0256E-09	-9.6956E-10	6.6597E-06	-4.6669E-06
-3.0109E-09	-9.6360E-10	6.4155E-06	-5.6420E-06
-2.9963E-09	-9.5766E-10	6.3016E-06	-5.1194E-06
-2.9818E-09	-9.5176E-10	6.5628E-06	-5.9500E-06
-2.9674E-09	-9.4589E-10	6.3300E-06	-5.8497E-06
-2.9530E-09	-9.4005E-10	6.4151E-06	-7.0936E-06
-2.9387E-09	-9.3425E-10	4.8341E-06	-7.0833E-06
-2.9245E-09	-9.2847E-10	4.6233E-06	-6.6916E-06
-2.9103E-09	-9.2273E-10	3.7538E-06	-6.2560E-06
-2.8962E-09	-9.1702E-10	4.0647E-06	-4.9412E-06
-2.8822E-09	-9.1134E-10	5.5133E-06	-5.2850E-06
-2.8683E-09	-9.0569E-10	4.3503E-06	-6.8556E-06
-2.8544E-09	-9.0007E-10	3.2988E-06	-4.6163E-06
-2.8406E-09	-8.9449E-10	5.6905E-06	-4.9458E-06
-2.8268E-09	-8.8893E-10	4.0264E-06	-6.4282E-06
-2.8131E-09	-8.8341E-10	3.4318E-06	-4.2271E-06
-2.7995E-09	-8.7791E-10	5.7794E-06	-3.8393E-06
-2.7860E-09	-8.7245E-10	6.0603E-06	-6.5182E-06
-2.7725E-09	-8.6701E-10	3.2549E-06	-6.2139E-06
-2.7591E-09	-8.6161E-10	4.0537E-06	-4.1208E-06
-2.7457E-09	-8.5623E-10	4.9748E-06	-4.4893E-06
-2.7324E-09	-8.5089E-10	5.6286E-06	-4.7453E-06
-2.7192E-09	-8.4557E-10	5.3705E-06	-5.9182E-06
-2.7060E-09	-8.4029E-10	4.4471E-06	-5.6799E-06
-2.6929E-09	-8.3503E-10	4.3633E-06	-5.0088E-06
-2.6799E-09	-8.2980E-10	5.1958E-06	-4.7897E-06
-2.6669E-09	-8.2460E-10	5.1387E-06	-5.7496E-06
-2.6540E-09	-8.1943E-10	4.2631E-06	-5.5037E-06
-2.6412E-09	-8.1429E-10	4.3668E-06	-4.3182E-06
-2.6284E-09	-8.0918E-10	6.3452E-06	-4.5295E-06
-2.6157E-09	-8.0410E-10	5.4503E-06	-6.6218E-06
-2.6030E-09	-7.9904E-10	4.6934E-06	-5.2835E-06
-2.5904E-09	-7.9401E-10	5.4028E-06	-6.1651E-06
-2.5779E-09	-7.8901E-10	4.1689E-06	-5.7752E-06
-2.5654E-09	-7.8404E-10	4.9181E-06	-5.1670E-06
-2.5530E-09	-7.7909E-10	5.3860E-06	-5.6183E-06
-2.5406E-09	-7.7418E-10	4.7997E-06	-6.4648E-06
-2.5283E-09	-7.6929E-10	4.2762E-06	-5.2662E-06
-2.5161E-09	-7.6443E-10	5.4080E-06	-5.6041E-06
-2.5039E-09	-7.5959E-10	5.2852E-06	-5.7907E-06
-2.4918E-09	-7.5478E-10	5.5921E-06	-6.9630E-06
-2.4797E-09	-7.5000E-10	4.2450E-06	-6.7452E-06
-2.4677E-09	-7.4525E-10	4.6701E-06	-7.1077E-06
-2.4558E-09	-7.4052E-10	3.1581E-06	-6.4960E-06
-2.4439E-09	-7.3582E-10	4.7285E-06	-6.3466E-06
-2.4321E-09	-7.3114E-10	2.8393E-06	-7.2861E-06
-2.4203E-09	-7.2649E-10	3.2441E-06	-5.5031E-06
-2.4086E-09	-7.2187E-10	3.3470E-06	-6.0692E-06
-2.3969E-09	-7.1727E-10	3.7720E-06	-5.6342E-06
-2.3853E-09	-7.1270E-10	3.1876E-06	-6.6948E-06
-2.3738E-09	-7.0816E-10	2.2021E-06	-5.5562E-06
-2.3623E-09	-7.0364E-10	2.7134E-06	-4.5705E-06
-2.3509E-09	-6.9914E-10	3.5815E-06	-4.6404E-06
-2.3395E-09	-6.9467E-10	3.2770E-06	-4.3913E-06
-2.3282E-09	-6.9023E-10	4.9487E-06	-4.3334E-06
-2.3169E-09	-6.8581E-10	4.0981E-06	-5.9332E-06
-2.3057E-09	-6.8142E-10	4.0161E-06	-4.9673E-06
-2.2945E-09	-6.7705E-10	3.9023E-06	-5.7905E-06
-2.2834E-09	-6.7271E-10	3.6812E-06	-4.9336E-06
-2.2723E-09	-6.6839E-10	4.1341E-06	-5.5226E-06
-2.2613E-09	-6.6409E-10	3.3744E-06	-5.5652E-06
-2.2504E-09	-6.5982E-10	2.9908E-06	-4.4281E-06
-2.2395E-09	-6.5557E-10	5.0310E-06	-3.8740E-06
-2.2286E-09	-6.5135E-10	5.0652E-06	-6.0984E-06
-2.2178E-09	-6.4715E-10	3.8616E-06	-5.9666E-06
-2.2071E-09	-6.4298E-10	3.3397E-06	-5.6198E-06
-2.1964E-09	-6.3883E-10	3.7153E-06	-4.9051E-06
-2.1858E-09	-6.3470E-10	3.4794E-06	-4.9244E-06
-2.1752E-09	-6.3060E-10	4.8306E-06	-3.9718E-06
-2.1646E-09	-6.2652E-10	5.2252E-06	-6.0008E-06
-2.1541E-09	-6.2246E-10	4.4415E-06	-5.7303E-06
-2.1437E-09	-6.1843E-10	4.3204E-06	-6.4320E-06
-2.1333E-09	-6.1442E-10	3.9659E-06	-5.8710E-06
-2.1230E-09	-6.1043E-10	3.8002E-06	-6.9804E-06
-2.1127E-09	-6.0646E-10	2.0307E-06	-5.8737E-06
-2.1025E-09	-6.0252E-10	2.8953E-06	-4.2411E-06
-2.0923E-09	-5.9860E-10	4.6568E-06	-4.4059E-06
-2.0821E-09	-5.9470E-10	4.2382E-06	-6.1200E-06
-2.0720E-09	-5.9083E-10	3.7382E-06	-5.1171E-06
-2.0620E-09	-5.8698E-10	4.1257E-06	-6.0637E-06
-2.0520E-09	-5.8315E-10	3.2310E-06	-5.0968E-06
-2.0421E-09	-5.7934E-10	4.4863E-06	-5.3971E-06
-2.0322E-09	-5.7555E-10	3.5890E-06	-5.6519E-06
-2.0223E-09	-5.7179E-10	4.2246E-06	-4.9521E-06
-2.0125E-09	-5.6804E-10	5.0784E-06	-5.7784E-06
-2.0027E-09	-5.6432E-10	4.1741E-06	-7.0909E-06
-1.9930E-09	-5.6062E-10	3.1669E-06	-6.1507E-06
-1.9834E-09	-5.5694E-10	3.6057E-06	-6.0018E-06
-1.9737E-09	-5.5329E-10	3.5261E-06	-5.7285E-06
-1.9642E-09	-5.4965E-10	3.9526E-06	-5.9244E-06
-1.9546E-09	-5.4604E-10	4.0101E-06	-6.1931E-06
-1.9452E-09	-5.4244E-10	3.5353E-06	-6.6595E-06
-1.9357E-09	-5.3887E-10	3.7035E-06	-6.0452E-06
-1.9263E-09	-5.3532E-10	3.6856E-06	-7.3199E-06
-1.9170E-09	-5.3179E-10	2.5798E-06	-6.6276E-06
-1.9077E-09	-5.2827E-10	2.9336E-06	-6.8596E-06
-1.8984E-09	-5.2478E-10	1.9176E-06	-6.6311E-06
-1.8892E-09	-5.2131E-10	1.6005E-06	-5.5622E-06
-1.8800E-09	-5.1786E-10	3.4233E-06	-4.3968E-06
-1.8709E-09	-5.1443E-10	3.7194E-06	-7.5076E-06
-1.8618E-09	-5.1102E-10	7.8375E-07	-5.5823E-06
-1.8528E-09	-5.0763E-10	3.6544E-06	-4.6171E-06
-1.8438E-09	-5.0426E-10	3.0099E-06	-6.1519E-06
-1.8348E-09	-5.0091E-10	3.2654E-06	-5.5198E-06
-1.8259E-09	-4.9758E-10	3.3254E-06	-6.3955E-06
-1.8171E-09	-4.9427E-10	2.6547E-06	-6.0596E-06
-1.8082E-09	-4.9098E-10	3.9180E-06	-5.8268E-06
-1.7995E-09	-4.8771E-10	3.3284E-06	-8.2247E-06
-1.7907E-09	-4.8445E-10	1.4525E-06	-6.9433E-06
-1.7820E-09	-4.8122E-10	2.1151E-06	-7.2862E-06
-1.7734E-09	-4.7800E-10	5.9004E-07	-6.4129E-06
-1.7647E-09	-4.7481E-10	1.9760E-06	-6.1902E-06
-1.7562E-09	-4.7163E-10	5.0776E-07	-6.6255E-06
-1.7476E-09	-4.6847E-10	7.5570E-07	-5.1353E-06
-1.7391E-09	-4.6533E-10	1.6456E-06	-5.0979E-06
-1.7307E-09	-4.6221E-10	1.3750E-06	-6.2875E-06
-1.7223E-09	-4.5911E-10	-3.1487E-08	-4.4840E-06
-1.7139E-09	-4.5602E-10	2.5243E-06	-4.1774E-06
-1.7056E-09	-4.5296E-10	1.8257E-06	-5.3361E-06
-1.6973E-09	-4.4991E-10	2.4201E-06	-5.5084E-06
-1.6890E-09	-4.4688E-10	6.6455E-07	-6.1419E-06
-1.6808E-09	-4.4387E-10	8.0298E-07	-4.2585E-06
-1.6726E-09	-4.4087E-10	1.9138E-06	-4.1657E-06
-1.6645E-09	-4.3790E-10	2.5071E-06	-5.5821E-06
-1.6564E-09	-4.3494E-10	1.4857E-07	-5.0606E-06
-1.6483E-09	-4.3200E-10	2.8086E-06	-3.2886E-06
-1.6403E-09	-4.2907E-10	2.4985E-06	-6.6597E-06
-1.6323E-09	-4.2617E-10	4.9122E-07	-5.1275E-06
-1.6244E-09	-4.2328E-10	1.3775E-06	-4.8388E-06
-1.6165E-09	-4.2041E-10	9.0824E-07	-4.6256E-06
-1.6086E-09	-4.1755E-10	1.4702E-06	-4.1471E-06
-1.6008E-09	-4.1472E-10	1.5499E-06	-4.5717E-06
-1.5930E-09	-4.1190E-10	1.4848E-06	-3.9146E-06
-1.5852E-09	-4.0909E-10	2.4914E-06	-4.5892E-06
-1.5775E-09	-4.0631E-10	1.3479E-06	-4.8164E-06
-1.5698E-09	-4.0354E-10	2.1990E-06	-4.4153E-06
-1.5622E-09	-4.0078E-10	1.3977E-06	-5.1165E-06
-1.5546E-09	-3.9805E-10	1.8131E-06	-4.4554E-06
-1.5470E-09	-3.9533E-10	1.0470E-06	-5.1486E-06
-1.5394E-09	-3.9262E-10	1.3921E-06	-3.7379E-06
-1.5319E-09	-3.8994E-10	1.7696E-06	-4.8678E-06
-1.5245E-09	-3.8727E-10	1.1616E-06	-4.0625E-06
-1.5170E-09	-3.8461E-10	1.9468E-06	-4.3663E-06
-1.5097E-09	-3.8197E-10	1.4192E-06	-4.5815E-06
-1.5023E-09	-3.7935E-10	1.3743E-06	-4.1484E-06
-1.4950E-09	-3.7674E-10	2.0560E-06	-4.3061E-06
-1.4877E-09	-3.7415E-10	1.1359E-06	-5.1399E-06
-1.4804E-09	-3.7158E-10	8.4762E-07	-3.7424E-06
-1.4732E-09	-3.6902E-10	1.4971E-06	-4.1043E-06
-1.4660E-09	-3.6647E-10	1.3644E-06	-3.4896E-06
-1.4589E-09	-3.6394E-10	2.3143E-06	-4.2467E-06
-1.4517E-09	-3.6143E-10	1.1143E-06	-4.4746E-06
-1.4447E-09	-3.5893E-10	1.5383E-06	-3.6348E-06
-1.4376E-09	-3.5645E-10	1.9813E-06	-4.0004E-06
-1.4306E-09	-3.5398E-10	1.9078E-06	-4.6509E-06
-1.4236E-09	-3.5153E-10	7.7451E-07	-4.5000E-06
-1.4167E-09	-3.4909E-10	1.3346E-06	-3.2960E-06
-1.4097E-09	-3.4667E-10	2.1029E-06	-4.2278E-06
-1.4029E-09	-3.4426E-10	1.0055E-06	-4.5635E-06
-1.3960E-09	-3.4187E-10	7.2921E-07	-3.4171E-06
-1.3892E-09	-3.3949E-10	1.9235E-06	-3.0325E-06
-1.3824E-09	-3.3713E-10	2.1774E-06	-4.2390E-06
-1.3757E-09	-3.3478E-10	1.1268E-06	-4.1093E-06
-1.3689E-09	-3.3244E-10	1.5378E-06	-3.3725E-06
-1.3622E-09	-3.3012E-10	2.0220E-06	-3.7831E-06
-1.3556E-09	-3.2782E-10	1.7176E-06	-4.1850E-06
-1.3490E-09	-3.2552E-10	1.4415E-06	-3.9932E-06
-1.3424E-09	-3.2325E-10	1.3170E-06	-4.0815E-06
-1.3358E-09	-3.2098E-10	7.9267E-07	-3.3857E-06
-1.3293E-09	-3.1873E-10	1.9019E-06	-2.5900E-06
-1.3228E-09	-3.1650E-10	2.8736E-06	-3.5463E-06
-1.3163E-09	-3.1428E-10	2.4825E-06	-4.6428E-06
-1.3099E-09	-3.1207E-10	1.7061E-06	-4.7720E-06
-1.3035E-09	-3.0987E-10	1.2217E-06	-5.0577E-06
-1.2971E-09	-3.0769E-10	-2.3645E-07	-4.1658E-06
-1.2907E-09	-3.0552E-10	1.1030E-06	-2.5796E-06
-1.2844E-09	-3.0337E-10	1.5057E-06	-3.9774E-06
-1.2781E-09	-3.0123E-10	7.7527E-07	-3.0004E-06
-1.2719E-09	-2.9910E-10	2.0249E-06	-3.3707E-06
-1.2656E-09	-2.9699E-10	9.1395E-07	-3.6962E-06
-1.2595E-09	-2.9489E-10	1.6167E-06	-2.7625E-06
-1.2533E-09	-2.9280E-10	1.7361E-06	-3.5959E-06
-1.2471E-09	-2.9073E-10	1.5714E-06	-3.0941E-06
-1.2410E-09	-2.8866E-10	2.0849E-06	-3.4904E-06
-1.2350E-09	-2.8662E-10	1.8101E-06	-3.8205E-06
-1.2289E-09	-2.8458E-10	1.3395E-06	-3.9925E-06
-1.2229E-09	-2.8256E-10	1.0863E-06	-3.2043E-06
-1.2169E-09	-2.8055E-10	1.8886E-06	-3.3966E-06
-1.2109E-09	-2.7855E-10	1.0840E-06	-3.8302E-06
-1.2050E-09	-2.7656E-10	1.1965E-06	-2.5993E-06
-1.1991E-09	-2.7459E-10	2.3828E-06	-3.4363E-06
-1.1932E-09	-2.7263E-10	7.2882E-07	-3.7940E-06
-1.1874E-09	-2.7068E-10	1.7884E-06	-1.8522E-06
-1.1815E-09	-2.6875E-10	2.9887E-06	-3.8566E-06
-1.1757E-09	-2.6682E-10	1.4042E-06	-3.7910E-06
-1.1700E-09	-2.6491E-10	2.3247E-06	-3.4605E-06
-1.1642E-09	-2.6301E-10	1.8696E-06	-4.6326E-06
-1.1585E-09	-2.6112E-10	7.6537E-07	-4.2144E-06
-1.1528E-09	-2.5925E-10	9.7280E-07	-3.6944E-06
-1.1472E-09	-2.5739E-10	2.5725E-07	-3.7547E-06
-1.1416E-09	-2.5553E-10	5.7147E-07	-2.1539E-06
-1.1359E-09	-2.5369E-10	1.6236E-06	-2.7001E-06
-1.1304E-09	-2.5187E-10	1.7045E-06	-2.5313E-06
-1.1248E-09	-2.5005E-10	2.0737E-06	-3.5333E-06
-1.1193E-09	-2.4824E-10	1.2029E-06	-3.2213E-06
-1.1138E-09	-2.4645E-10	1.3983E-06	-3.2131E-06
-1.1083E-09	-2.4467E-10	1.6409E-06	-2.5218E-06
-1.1029E-09	-2.4290E-10	1.9030E-06	-4.1335E-06
-1.0975E-09	-2.4114E-10	2.7491E-07	-2.3006E-06
-1.0921E-09	-2.3939E-10	3.0859E-06	-3.0895E-06
-1.0867E-09	-2.3765E-10	6.8725E-08	-4.0008E-06
-1.0814E-09	-2.3593E-10	1.5383E-06	-1.5577E-06
-1.0761E-09	-2.3421E-10	2.0030E-06	-2.7559E-06
-1.0708E-09	-2.3251E-10	2.9201E-06	-2.9446E-06
-1.0655E-09	-2.3081E-10	1.3037E-06	-4.6184E-06
-1.0603E-09	-2.2913E-10	8.9388E-07	-2.5117E-06
-1.0550E-09	-2.2746E-10	1.7344E-06	-3.1922E-06
-1.0499E-09	-2.2580E-10	1.1506E-06	-2.9255E-06
-1.0447E-09	-2.2415E-10	1.1921E-06	-2.2473E-06
-1.0395E-09	-2.2251E-10	2.8736E-06	-1.8381E-06
-1.0344E-09	-2.2088E-10	2.9807E-06	-4.0400E-06
-1.0293E-09	-2.1926E-10	1.7674E-06	-3.7523E-06
-1.0243E-09	-2.1765E-10	1.9096E-06	-3.9335E-06
-1.0192E-09	-2.1606E-10	1.3690E-06	-3.9643E-06
-1.0142E-09	-2.1447E-10	9.5753E-07	-3.8847E-06
-1.0092E-09	-2.1289E-10	8.4666E-07	-3.1369E-06
-1.0043E-09	-2.1133E-10	1.5602E-06	-3.4725E-06
-9.9931E-10	-2.0977E-10	5.0682E-07	-4.3109E-06
-9.9439E-10	-2.0822E-10	-7.6531E-07	-2.6921E-06
-9.8949E-10	-2.0669E-10	8.7111E-07	-1.4481E-06
-9.8461E-10	-2.0516E-10	1.3011E-06	-2.3874E-06
-9.7976E-10	-2.0364E-10	1.2374E-06	-2.0279E-06
-9.7493E-10	-2.0214E-10	1.7229E-06	-2.2908E-06
-9.7013E-10	-2.0064E-10	1.4682E-06	-2.6082E-06
-9.6534E-10	-1.9915E-10	1.2710E-06	-1.8783E-06
-9.6059E-10	-1.9768E-10	2.8229E-06	-2.1333E-06
-9.5585E-10	-1.9621E-10	1.6607E-06	-3.7281E-06
-9.5114E-10	-1.9475E-10	1.1373E-06	-1.9073E-06
-9.4644E-10	-1.9330E-10	2.9197E-06	-2.5240E-06
-9.4178E-10	-1.9186E-10	1.9333E-06	-4.0376E-06
-9.3713E-10	-1.9043E-10	5.5213E-07	-3.1350E-06
-9.3251E-10	-1.8901E-10	1.2539E-06	-2.1060E-06
-9.2791E-10	-1.8760E-10	1.6669E-06	-2.0808E-06
-9.2333E-10	-1.8620E-10	2.9143E-06	-2.4313E-06
-9.1877E-10	-1.8481E-10	1.7414E-06	-4.1827E-06
-9.1423E-10	-1.8342E-10	1.0052E-06	-2.3602E-06
-9.0972E-10	-1.8205E-10	2.3336E-06	-3.0388E-06
-9.0523E-10	-1.8068E-10	1.5477E-06	-3.4623E-06
-9.0076E-10	-1.7933E-10	9.9489E-07	-3.7971E-06
-8.9631E-10	-1.7798E-10	-1.9550E-09	-2.0725E-06
-8.9188E-10	-1.7664E-10	2.4805E-06	-1.7294E-06
-8.8748E-10	-1.7531E-10	1.9447E-06	-3.6546E-06
-8.8309E-10	-1.7399E-10	1.1189E-06	-3.4335E-06
-8.7873E-10	-1.7268E-10	2.5559E-08	-2.8902E-06
-8.7439E-10	-1.7137E-10	1.4185E-06	-1.0291E-06
-8.7007E-10	-1.7008E-10	2.5134E-06	-3.4025E-06
-8.6577E-10	-1.6879E-10	2.1215E-07	-2.8906E-06
-8.6149E-10	-1.6751E-10	1.6914E-06	-1.8585E-06
-8.5723E-10	-1.6625E-10	1.2121E-06	-3.0557E-06
-8.5299E-10	-1.6498E-10	8.8648E-07	-1.7963E-06
-8.4877E-10	-1.6373E-10	2.1016E-06	-2.0970E-06
-8.4457E-10	-1.6249E-10	1.5434E-06	-2.9476E-06
-8.4039E-10	-1.6125E-10	1.0297E-06	-2.2984E-06
-8.3624E-10	-1.6002E-10	1.5295E-06	-1.9689E-06
-8.3210E-10	-1.5881E-10	2.0030E-06	-2.0530E-06
-8.2798E-10	-1.5759E-10	2.1651E-06	-2.9177E-06
-8.2388E-10	-1.5639E-10	1.2870E-06	-2.8847E-06
-8.1980E-10	-1.5520E-10	1.3824E-06	-2.7706E-06
-8.1575E-10	-1.5401E-10	6.2607E-07	-2.1405E-06
-8.1171E-10	-1.5283E-10	2.2825E-06	-1.3689E-06
-8.0769E-10	-1.5166E-10	2.4411E-06	-3.1851E-06
-8.0369E-10	-1.5049E-10	1.5298E-06	-3.2197E-06
-7.9971E-10	-1.4934E-10	9.0246E-07	-3.2583E-06
-7.9575E-10	-1.4819E-10	5.6556E-07	-2.3321E-06
-7.9181E-10	-1.4705E-10	9.5882E-07	-1.8832E-06
-7.8788E-10	-1.4592E-10	1.8869E-06	-1.7738E-06
-7.8398E-10	-1.4479E-10	1.5998E-06	-3.1318E-06
-7.8009E-10	-1.4368E-10	5.8901E-07	-2.0682E-06
-7.7623E-10	-1.4257E-10	1.6993E-06	-2.0376E-06
-7.7238E-10	-1.4146E-10	9.9716E-07	-2.3221E-06
-7.6855E-10	-1.4037E-10	1.6444E-06	-1.6813E-06
-7.6474E-10	-1.3928E-10	1.6390E-06	-2.8673E-06
-7.6095E-10	-1.3820E-10	2.4832E-07	-2.1377E-06
-7.5717E-10	-1.3713E-10	1.3609E-06	-8.8165E-07
-7.5342E-10	-1.3606E-10	2.0452E-06	-1.7350E-06
-7.4968E-10	-1.3500E-10	2.0614E-06	-1.8313E-06
-7.4596E-10	-1.3395E-10	1.8286E-06	-2.6342E-06
-7.4226E-10	-1.3291E-10	1.2739E-06	-1.6103E-06
-7.3858E-10	-1.3187E-10	2.6121E-06	-2.3844E-06
-7.3491E-10	-1.3084E-10	7.3983E-07	-2.8360E-06
-7.3127E-10	-1.2982E-10	1.4372E-06	-1.4055E-06
-7.2764E-10	-1.2880E-10	1.3312E-06	-1.9935E-06
-7.2402E-10	-1.2780E-10	1.9880E-06	-1.0457E-06
-7.2043E-10	-1.2679E-10	2.3449E-06	-2.2373E-06
-7.1685E-10	-1.2580E-10	2.3720E-06	-1.9033E-06
-7.1329E-10	-1.2481E-10	2.1364E-06	-3.6073E-06
-7.0975E-10	-1.2383E-10	1.1552E-07	-2.2187E-06
-7.0622E-10	-1.2285E-10	1.6815E-06	-1.1767E-06
-7.0272E-10	-1.2188E-10	1.7586E-06	-1.9247E-06
-6.9922E-10	-1.2092E-10	1.6480E-06	-1.3970E-06
-6.9575E-10	-1.1997E-10	2.8889E-06	-1.6195E-06
-6.9229E-10	-1.1902E-10	1.7867E-06	-3.1262E-06
-6.8885E-10	-1.1808E-10	1.5151E-06	-9.8313E-07
-6.8543E-10	-1.1714E-10	3.3927E-06	-2.5582E-06
-6.8202E-10	-1.1621E-10	1.6811E-06	-3.0814E-06
-6.7863E-10	-1.1529E-10	1.4911E-06	-3.0809E-06
-6.7526E-10	-1.1437E-10	6.2308E-07	-1.6570E-06
-6.7190E-10	-1.1346E-10	2.6371E-06	-2.1208E-06
-6.6856E-10	-1.1256E-10	9.1026E-07	-2.8136E-06
-6.6523E-10	-1.1166E-10	1.3825E-06	-2.0815E-06
-6.6192E-10	-1.1077E-10	3.7941E-07	-1.5954E-06
-6.5863E-10	-1.0989E-10	2.2456E-06	-6.8536E-07
-6.5535E-10	-1.0901E-10	1.9714E-06	-1.6886E-06
-6.5209E-10	-1.0813E-10	3.1194E-06	-1.6955E-06
-6.4884E-10	-1.0727E-10	1.6153E-06	-3.1606E-06
-6.4562E-10	-1.0641E-10	1.8655E-06	-1.5905E-06
-6.4240E-10	-1.0555E-10	1.7161E-06	-2.7517E-06
-6.3920E-10	-1.0470E-10	1.5056E-06	-1.7822E-06
-6.3602E-10	-1.0386E-10	1.1003E-06	-2.2189E-06
-6.3285E-10	-1.0302E-10	1.7452E-06	-3.3569E-07
-6.2970E-10	-1.0219E-10	3.2237E-06	-2.2322E-06
-6.2657E-10	-1.0136E-10	1.5408E-06	-2.3337E-06
-6.2345E-10	-1.0054E-10	2.0794E-06	-1.5266E-06
-6.2034E-10	-9.9730E-11	2.6910E-06	-2.1085E-06
-6.1725E-10	-9.8921E-11	1.7507E-06	-2.7945E-06
-6.1417E-10	-9.8118E-11	1.6167E-06	-1.4873E-06
-6.1111E-10	-9.7321E-11	2.5888E-06	-1.9869E-06
-6.0807E-10	-9.6529E-11	2.3113E-06	-2.4255E-06
-6.0504E-10	-9.5743E-11	1.6765E-06	-2.7086E-06
-6.0202E-10	-9.4963E-11	1.6912E-06	-1.4738E-06
-5.9902E-10	-9.4187E-11	2.7891E-06	-2.5896E-06
-5.9603E-10	-9.3418E-11	9.6050E-07	-2.5400E-06
-5.9306E-10	-9.2653E-11	2.2914E-06	-1.1124E-06
-5.9010E-10	-9.1895E-11	2.5339E-06	-2.9221E-06
-5.8716E-10	-9.1141E-11	1.2743E-06	-1.9846E-06
-5.8423E-10	-9.0393E-11	2.6717E-06	-1.7771E-06
-5.8132E-10	-8.9650E-11	2.2675E-06	-2.6714E-06
-5.7842E-10	-8.8912E-11	2.2381E-06	-2.6411E-06
-5.7553E-10	-8.8179E-11	1.4426E-06	-2.8801E-06
-5.7266E-10	-8.7452E-11	1.6758E-06	-1.7966E-06
-5.6980E-10	-8.6730E-11	2.3650E-06	-2.4427E-06
-5.6696E-10	-8.6012E-11	1.8855E-06	-2.7429E-06
-5.6413E-10	-8.5300E-11	1.6548E-06	-2.6277E-06
-5.6131E-10	-8.4593E-11	1.6803E-06	-2.4480E-06
-5.5851E-10	-8.3891E-11	1.8362E-06	-2.5936E-06
-5.5572E-10	-8.3194E-11	1.5132E-06	-3.1186E-06
-5.5295E-10	-8.2502E-11	5.0451E-07	-2.4978E-06
-5.5019E-10	-8.1815E-11	1.4130E-06	-1.7231E-06
-5.4744E-10	-8.1132E-11	1.2009E-06	-2.5999E-06
-5.4470E-10	-8.0455E-11	5.5223E-07	-1.6326E-06
-5.4198E-10	-7.9782E-11	1.4273E-06	-9.6531E-07
-5.3928E-10	-7.9114E-11	2.3379E-06	-1.3173E-06
-5.3658E-10	-7.8451E-11	2.3632E-06	-2.2854E-06
-5.3390E-10	-7.7793E-11	1.5168E-06	-2.3797E-06
-5.3123E-10	-7.7139E-11	1.7516E-06	-1.5368E-06
-5.2858E-10	-7.6490E-11	2.5341E-06	-2.3975E-06
-5.2594E-10	-7.5846E-11	1.4587E-06	-2.8044E-06
-5.2331E-10	-7.5206E-11	1.1669E-06	-2.3781E-06
-5.2069E-10	-7.4571E-11	1.0255E-06	-1.2845E-06
-5.1809E-10	-7.3940E-11	3.0476E-06	-1.8880E-06
-5.1550E-10	-7.3314E-11	1.0482E-06	-3.4440E-06
-5.1292E-10	-7.2692E-11	1.2701E-06	-1.3914E-06
-5.1035E-10	-7.2075E-11	1.6003E-06	-2.8772E-06
-5.0780E-10	-7.1463E-11	5.1268E-07	-1.5148E-06
-5.0526E-10	-7.0854E-11	2.0408E-06	-1.7789E-06
-5.0274E-10	-7.0250E-11	6.4197E-07	-2.3927E-06
-5.0022E-10	-6.9651E-11	8.8543E-07	-5.8614E-07
-4.9772E-10	-6.9055E-11	2.1531E-06	-1.0936E-06
-4.9523E-10	-6.8464E-11	2.2197E-06	-1.0796E-06
-4.9275E-10	-6.7878E-11	2.9424E-06	-2.4360E-06
-4.9028E-10	-6.7295E-11	8.5647E-07	-2.0628E-06
-4.8783E-10	-6.6717E-11	3.1041E-06	-1.1889E-06
-4.8539E-10	-6.6143E-11	1.6572E-06	-3.6673E-06
-4.8296E-10	-6.5573E-11	1.0020E-06	-1.3062E-06
-4.8054E-10	-6.5007E-11	2.0543E-06	-2.3411E-06
-4.7813E-10	-6.4445E-11	9.6020E-07	-1.7114E-06
-4.7574E-10	-6.3888E-11	2.0781E-06	-1.2843E-06
-4.7336E-10	-6.3334E-11	2.1597E-06	-2.1992E-06
-4.7099E-10	-6.2784E-11	1.4661E-06	-1.8061E-06
-4.6863E-10	-6.2239E-11	2.7111E-06	-1.8548E-06
-4.6628E-10	-6.1697E-11	1.4504E-06	-3.2864E-06
-4.6394E-10	-6.1160E-11	8.3841E-07	-1.7866E-06
-4.6162E-10	-6.0626E-11	1.1137E-06	-1.6158E-06
-4.5931E-10	-6.0096E-11	1.9101E-06	-8.3839E-07
-4.5701E-10	-5.9570E-11	2.4126E-06	-1.9046E-06
-4.5472E-10	-5.9048E-11	2.4048E-06	-1.8587E-06
-4.5244E-10	-5.8530E-11	2.3746E-06	-2.8867E-06
-4.5017E-10	-5.8015E-11	1.5240E-06	-3.2036E-06
-4.4791E-10	-5.7504E-11	-9.0698E-08	-2.5701E-06
-4.4567E-10	-5.6997E-11	1.3941E-06	-5.7068E-07
-4.4343E-10	-5.6494E-11	1.6683E-06	-2.4956E-06
-4.4121E-10	-5.5994E-11	1.2287E-06	-1.1808E-06
-4.3900E-10	-5.5498E-11	1.5371E-06	-2.4593E-06
-4.3680E-10	-5.5006E-11	8.2088E-07	-7.3227E-07
-4.3461E-10	-5.4517E-11	2.3536E-06	-1.9073E-06
-4.3243E-10	-5.4032E-11	9.4214E-07	-1.3852E-06
-4.3026E-10	-5.3551E-11	2.0459E-06	-1.5058E-06
-4.2810E-10	-5.3073E-11	1.3808E-06	-8.5882E-07
-4.2595E-10	-5.2598E-11	3.4192E-06	-1.5401E-06
-4.2382E-10	-5.2127E-11	1.7496E-06	-2.9454E-06
-4.2169E-10	-5.1660E-11	1.4324E-06	-2.1276E-06
-4.1957E-10	-5.1196E-11	9.8778E-07	-1.7628E-06
-4.1747E-10	-5.0735E-11	1.7118E-06	-1.2289E-06
-4.1537E-10	-5.0278E-11	1.7679E-06	-1.4535E-06
-4.1329E-10	-4.9824E-11	2.2902E-06	-1.6348E-06
-4.1121E-10	-4.9374E-11	1.5559E-06	-2.1397E-06
-4.0915E-10	-4.8926E-11	1.5346E-06	-1.0185E-06
-4.0710E-10	-4.8483E-11	2.9858E-06	-1.3106E-06
-4.0505E-10	-4.8042E-11	2.3447E-06	-2.9031E-06
-4.0302E-10	-4.7605E-11	1.6824E-06	-1.8069E-06
-4.0100E-10	-4.7171E-11	2.4843E-06	-3.1382E-06
-3.9898E-10	-4.6740E-11	-1.8430E-07	-2.5599E-06
-3.9698E-10	-4.6313E-11	1.5653E-06	-5.1912E-07
-3.9498E-10	-4.5888E-11	2.0433E-06	-1.9394E-06
-3.9300E-10	-4.5467E-11	1.8039E-06	-1.8455E-06
-3.9103E-10	-4.5049E-11	1.2560E-06	-2.0019E-06
-3.8906E-10	-4.4634E-11	1.7545E-06	-9.8224E-07
-3.8711E-10	-4.4223E-11	2.3088E-06	-1.8905E-06
-3.8516E-10	-4.3814E-11	2.0756E-06	-1.7976E-06
-3.8323E-10	-4.3408E-11	2.0343E-06	-2.5315E-06
-3.8130E-10	-4.3006E-11	1.3534E-06	-1.7473E-06
-3.7939E-10	-4.2606E-11	2.4468E-06	-2.2378E-06
-3.7748E-10	-4.2210E-11	9.8299E-07	-2.5576E-06
-3.7558E-10	-4.1816E-11	2.0238E-06	-1.5350E-06
-3.7369E-10	-4.1425E-11	1.5326E-06	-3.4313E-06
-3.7182E-10	-4.1038E-11	-2.5397E-07	-1.8542E-06
-3.6995E-10	-4.0653E-11	1.1742E-06	-5.7730E-07
-3.6809E-10	-4.0271E-11	2.1544E-06	-1.3970E-06
-3.6624E-10	-3.9892E-11	1.3210E-06	-2.0642E-06
-3.6440E-10	-3.9516E-11	1.4732E-06	-7.2067E-07
-3.6256E-10	-3.9143E-11	2.9394E-06	-1.9031E-06
-3.6074E-10	-3.8772E-11	1.3036E-06	-2.9297E-06
-3.5893E-10	-3.8404E-11	6.3976E-07	-1.5480E-06
-3.5712E-10	-3.8040E-11	1.6664E-06	-8.6501E-07
-3.5532E-10	-3.7677E-11	2.4002E-06	-1.7637E-06
-3.5354E-10	-3.7318E-11	1.6812E-06	-2.4151E-06
-3.5176E-10	-3.6961E-11	9.0236E-07	-2.0683E-06
-3.4999E-10	-3.6608E-11	1.0249E-06	-8.0895E-07
-3.4823E-10	-3.6256E-11	2.6750E-06	-1.0476E-06
-3.4648E-10	-3.5908E-11	2.3609E-06	-2.5484E-06
-3.4473E-10	-3.5562E-11	1.4385E-06	-2.6825E-06
-3.4300E-10	-3.5219E-11	3.3533E-07	-2.2624E-06
-3.4127E-10	-3.4878E-11	7.4682E-07	-1.4922E-07
-3.3956E-10	-3.4540E-11	3.3221E-06	-1.0622E-06
-3.3785E-10	-3.4204E-11	1.8414E-06	-3.2254E-06
-3.3615E-10	-3.3871E-11	7.6912E-07	-1.7015E-06
-3.3445E-10	-3.3541E-11	1.6209E-06	-1.7728E-06
-3.3277E-10	-3.3213E-11	9.5102E-07	-1.5764E-06
-3.3110E-10	-3.2888E-11	2.1308E-06	-1.1011E-06
-3.2943E-10	-3.2565E-11	1.7013E-06	-2.9079E-06
-3.2777E-10	-3.2245E-11	-1.0262E-07	-1.3215E-06
-3.2612E-10	-3.1927E-11	2.0772E-06	-2.1076E-07
-3.2448E-10	-3.1612E-11	2.3599E-06	-1.9386E-06
-3.2284E-10	-3.1299E-11	1.5256E-06	-1.9531E-06
-3.2122E-10	-3.0988E-11	1.3858E-06	-1.4100E-06
-3.1960E-10	-3.0680E-11	2.2529E-06	-1.4983E-06
-3.1799E-10	-3.0374E-11	1.6383E-06	-2.3673E-06
-3.1639E-10	-3.0070E-11	1.3183E-06	-1.7902E-06
-3.1479E-10	-2.9769E-11	1.2596E-06	-1.7553E-06
-3.1321E-10	-2.9471E-11	1.4337E-06	-1.5237E-06
-3.1163E-10	-2.9174E-11	1.1723E-06	-1.2444E-06
-3.1006E-10	-2.8880E-11	2.6898E-06	-1.1528E-06
-3.0850E-10	-2.8588E-11	1.3994E-06	-3.1070E-06
-3.0694E-10	-2.8298E-11	7.9681E-07	-9.0331E-07
-3.0540E-10	-2.8011E-11	1.9150E-06	-1.8772E-06
-3.0386E-10	-2.7726E-11	1.1043E-06	-1.1066E-06
-3.0233E-10	-2.7443E-11	2.2897E-06	-1.5363E-06
-3.0080E-10	-2.7162E-11	1.7231E-06	-1.6347E-06
-2.9929E-10	-2.6884E-11	2.2839E-06	-2.3003E-06
-2.9778E-10	-2.6607E-11	8.4314E-07	-2.2878E-06
-2.9628E-10	-2.6333E-11	1.6041E-06	-1.4293E-06
-2.9478E-10	-2.6061E-11	1.6019E-06	-2.3777E-06
-2.9330E-10	-2.5791E-11	5.3565E-07	-2.1452E-06
-2.9182E-10	-2.5523E-11	8.7083E-07	-8.1404E-07
-2.9035E-10	-2.5258E-11	1.9614E-06	-1.5838E-06
-2.8888E-10	-2.4994E-11	1.0331E-06	-1.8495E-06
-2.8743E-10	-2.4732E-11	1.1351E-06	-1.4798E-06
-2.8598E-10	-2.4473E-11	9.5884E-07	-9.1691E-07
-2.8454E-10	-2.4215E-11	2.3173E-06	-1.0332E-06
-2.8310E-10	-2.3960E-11	1.3644E-06	-2.2011E-06
-2.8167E-10	-2.3707E-11	1.2328E-06	-7.2483E-07
-2.8025E-10	-2.3455E-11	2.6496E-06	-1.4418E-06
-2.7884E-10	-2.3206E-11	1.9079E-06	-2.5685E-06
-2.7743E-10	-2.2958E-11	1.0160E-06	-2.3596E-06
-2.7603E-10	-2.2713E-11	8.2651E-07	-1.7351E-06
-2.7464E-10	-2.2469E-11	9.0969E-07	-1.5916E-06
-2.7326E-10	-2.2227E-11	1.0470E-06	-9.3920E-07
-2.7188E-10	-2.1988E-11	1.9411E-06	-1.7100E-06
-2.7051E-10	-2.1750E-11	3.6971E-07	-1.7069E-06
-2.6914E-10	-2.1514E-11	1.7807E-06	-4.2135E-07
-2.6778E-10	-2.1280E-11	1.6190E-06	-2.0706E-06
-2.6643E-10	-2.1047E-11	1.4717E-06	-1.0022E-06
-2.6509E-10	-2.0817E-11	1.7629E-06	-2.4597E-06
-2.6375E-10	-2.0589E-11	3.2974E-07	-1.5908E-06
-2.6242E-10	-2.0362E-11	8.4916E-07	-1.2167E-06
-2.6109E-10	-2.0137E-11	1.0104E-06	-2.7716E-07
-2.5978E-10	-1.9914E-11	2.5093E-06	-1.4170E-06
-2.5846E-10	-1.9693E-11	5.6030E-07	-1.9808E-06
-2.5716E-10	-1.9473E-11	1.1265E-06	-1.6061E-07
-2.5586E-10	-1.9255E-11	2.4760E-06	-1.1634E-06
-2.5457E-10	-1.9039E-11	1.3209E-06	-2.2058E-06
-2.5328E-10	-1.8825E-11	6.0367E-07	-9.5937E-07
-2.5201E-10	-1.8612E-11	1.3982E-06	-4.8747E-07
-2.5073E-10	-1.8401E-11	2.1079E-06	-4.3101E-07
-2.4947E-10	-1.8192E-11	2.4232E-06	-1.4368E-06
-2.4821E-10	-1.7985E-11	2.0084E-06	-1.2018E-06
-2.4695E-10	-1.7779E-11	2.5811E-06	-2.0344E-06
-2.4571E-10	-1.7575E-11	1.2351E-06	-2.1211E-06
-2.4447E-10	-1.7372E-11	1.7679E-06	-1.5200E-06
-2.4323E-10	-1.7171E-11	1.3892E-06	-2.0322E-06
-2.4200E-10	-1.6972E-11	1.3697E-06	-1.3619E-06
-2.4078E-10	-1.6774E-11	1.8848E-06	-1.7794E-06
-2.3957E-10	-1.6578E-11	1.2952E-06	-2.2044E-06
-2.3836E-10	-1.6384E-11	8.7253E-07	-1.7044E-06
-2.3715E-10	-1.6191E-11	1.2881E-06	-1.2837E-06
-2.3595E-10	-1.6000E-11	1.5636E-06	-2.1800E-06
-2.3476E-10	-1.5810E-11	-2.5392E-07	-1.6710E-06
-2.3357E-10	-1.5622E-11	1.6454E-06	1.9221E-07
-2.3239E-10	-1.5435E-11	2.0393E-06	-2.2816E-06
-2.3122E-10	-1.5250E-11	8.8390E-07	-1.4600E-06
-2.3005E-10	-1.5067E-11	6.3880E-07	-1.9347E-06
-2.2889E-10	-1.4884E-11	8.0937E-07	4.8570E-07
-2.2773E-10	-1.4704E-11	3.3647E-06	-2.1563E-06
-2.2658E-10	-1.4525E-11	-2.7986E-07	-2.4290E-06
-2.2544E-10	-1.4347E-11	1.1135E-06	-5.9178E-07
-2.2430E-10	-1.4171E-11	7.8625E-07	-1.3548E-06
-2.2316E-10	-1.3996E-11	9.3945E-07	-6.6644E-07
-2.2204E-10	-1.3823E-11	1.3636E-06	-1.7328E-07
-2.2091E-10	-1.3651E-11	2.5558E-06	-1.3051E-06
-2.1980E-10	-1.3480E-11	1.0149E-06	-1.3305E-06
-2.1869E-10	-1.3311E-11	2.6467E-06	-1.4631E-06
-2.1758E-10	-1.3144E-11	1.5258E-07	-2.7207E-06
-2.1648E-10	-1.2977E-11	7.4918E-07	3.3199E-08
-2.1539E-10	-1.2812E-11	1.8472E-06	-1.2639E-06
-2.1430E-10	-1.2649E-11	1.4312E-06	-1.4395E-06
-2.1321E-10	-1.2487E-11	7.0091E-07	-1.4526E-06
-2.1214E-10	-1.2326E-11	1.4824E-06	-6.3657E-07
-2.1106E-10	-1.2166E-11	9.8415E-07	-1.8895E-06
-2.1000E-10	-1.2008E-11	4.6933E-07	-3.6136E-07
-2.0893E-10	-1.1851E-11	1.3368E-06	-5.7328E-07
-2.0788E-10	-1.1696E-11	1.4238E-06	-9.1263E-08
-2.0683E-10	-1.1542E-11	2.4209E-06	-6.8866E-07
-2.0578E-10	-1.1389E-11	2.0131E-06	-1.4923E-06
-2.0474E-10	-1.1237E-11	1.2880E-06	-1.3520E-06
-2.0370E-10	-1.1087E-11	1.9143E-06	-7.2153E-07
-2.0267E-10	-1.0938E-11	2.0187E-06	-1.9682E-06
-2.0165E-10	-1.0790E-11	1.1013E-06	-1.6944E-06
-2.0063E-10	-1.0643E-11	8.3176E-07	-1.7842E-06
-1.9961E-10	-1.0498E-11	2.6449E-07	-5.9024E-07
-1.9860E-10	-1.0354E-11	1.4778E-06	-4.0970E-07
-1.9760E-10	-1.0211E-11	1.2585E-06	-5.7715E-07
-1.9660E-10	-1.0069E-11	1.9674E-06	-6.3072E-07
-1.9561E-10	-9.9284E-12	1.2588E-06	-1.0387E-06
-1.9462E-10	-9.7891E-12	2.0051E-06	-7.3416E-10
-1.9363E-10	-9.6509E-12	2.6648E-06	-1.7293E-06
-1.9265E-10	-9.5139E-12	7.5001E-07	-1.3785E-06
-1.9168E-10	-9.3781E-12	2.2847E-06	-1.6170E-08
-1.9071E-10	-9.2435E-12	2.7962E-06	-2.1527E-06
-1.8974E-10	-9.1099E-12	1.1695E-06	-2.0991E-06
-1.8878E-10	-8.9776E-12	1.0629E-06	-1.6556E-06
-1.8783E-10	-8.8463E-12	9.1560E-07	-8.5597E-07
-1.8688E-10	-8.7162E-12	2.0385E-06	-1.4637E-06
-1.8593E-10	-8.5872E-12	1.5585E-07	-1.7793E-06
-1.8499E-10	-8.4593E-12	1.3937E-06	2.6704E-07
-1.8405E-10	-8.3325E-12	1.9688E-06	-1.9690E-06
-1.8312E-10	-8.2068E-12	1.1113E-07	-6.6828E-07
-1.8220E-10	-8.0822E-12	2.1935E-06	-8.6575E-08
-1.8127E-10	-7.9586E-12	1.6101E-06	-1.7200E-06
-1.8036E-10	-7.8361E-12	6.7956E-07	-4.9782E-07
-1.7944E-10	-7.7147E-12	2.1323E-06	1.8378E-07
-1.7853E-10	-7.5943E-12	2.9651E-06	-1.0529E-06
-1.7763E-10	-7.4750E-12	2.4843E-06	-2.1594E-06
-1.7673E-10	-7.3567E-12	1.2416E-06	-2.5783E-06
-1.7584E-10	-7.2394E-12	3.0236E-07	-1.7032E-06
-1.7495E-10	-7.1232E-12	3.0186E-07	-4.6350E-07
-1.7406E-10	-7.0080E-12	2.0726E-06	5.4311E-08
-1.7318E-10	-6.8937E-12	1.9256E-06	-2.0605E-06
-1.7230E-10	-6.7805E-12	6.5103E-07	-7.7102E-07
-1.7143E-10	-6.6682E-12	1.8485E-06	-1.3930E-06
-1.7056E-10	-6.5570E-12	-1.3439E-07	-9.2017E-07
-1.6970E-10	-6.4467E-12	1.7870E-06	8.1393E-07
-1.6884E-10	-6.3374E-12	2.5573E-06	-6.9559E-07
-1.6798E-10	-6.2290E-12	2.5955E-06	-1.3361E-06
-1.6713E-10	-6.1216E-12	1.1611E-06	-2.0175E-06
-1.6629E-10	-6.0152E-12	1.4001E-06	-1.2693E-07
-1.6544E-10	-5.9097E-12	2.6614E-06	-1.4974E-06
-1.6461E-10	-5.8051E-12	1.4132E-06	-1.6900E-06
-1.6377E-10	-5.7014E-12	1.6348E-06	-1.7288E-06
-1.6294E-10	-5.5987E-12	4.3570E-07	-1.3919E-06
-1.6212E-10	-5.4969E-12	1.6082E-06	-1.7523E-07
-1.6130E-10	-5.3959E-12	1.9199E-06	-1.4106E-06
-1.6048E-10	-5.2959E-12	1.7926E-06	-1.0587E-06
-1.5967E-10	-5.1968E-12	1.7014E-06	-2.3830E-06
-1.5886E-10	-5.0985E-12	-4.5016E-08	-1.1673E-06
-1.5805E-10	-5.0012E-12	1.7338E-06	-4.4043E-07
-1.5725E-10	-4.9047E-12	1.0580E-06	-1.6579E-06
-1.5646E-10	-4.8091E-12	8.2396E-07	-4.9347E-07
-1.5566E-10	-4.7143E-12	1.3527E-06	-7.4628E-07
-1.5488E-10	-4.6204E-12	1.2005E-06	-2.0454E-07
-1.5409E-10	-4.5273E-12	2.5868E-06	-3.5147E-07
-1.5331E-10	-4.4351E-12	2.0534E-06	-1.9490E-06
-1.5253E-10	-4.3437E-12	1.1747E-06	-9.6410E-07
-1.5176E-10	-4.2531E-12	2.2727E-06	-1.5018E-06
-1.5099E-10	-4.1634E-12	6.7220E-07	-2.0546E-06
-1.5023E-10	-4.0744E-12	8.6324E-07	-7.0453E-07
-1.4946E-10	-3.9863E-12	9.4608E-07	-1.0610E-06
-1.4871E-10	-3.8990E-12	1.0242E-06	-7.6715E-08
-1.4795E-10	-3.8125E-12	2.1903E-06	-4.5335E-07
-1.4720E-10	-3.7267E-12	2.1008E-06	-1.3329E-06
-1.4646E-10	-3.6418E-12	1.2821E-06	-1.7854E-06
-1.4572E-10	-3.5576E-12	5.5070E-07	-6.3501E-07
-1.4498E-10	-3.4742E-12	2.1623E-06	3.9540E-09
-1.4424E-10	-3.3916E-12	2.5323E-06	-1.8956E-06
-1.4351E-10	-3.3097E-12	7.2554E-07	-2.0008E-06
-1.4278E-10	-3.2286E-12	7.7304E-07	-6.7535E-07
-1.4206E-10	-3.1483E-12	1.5286E-06	-7.1199E-07
-1.4134E-10	-3.0686E-12	1.6319E-06	-1.1663E-06
-1.4062E-10	-2.9898E-12	1.1991E-06	-1.4851E-06
-1.3991E-10	-2.9116E-12	6.1347E-07	-1.0507E-06
-1.3920E-10	-2.8342E-12	1.0052E-06	-2.7932E-07
-1.3850E-10	-2.7575E-12	1.6237E-06	-7.9391E-07
-1.3779E-10	-2.6815E-12	7.1882E-07	-8.8209E-07
-1.3710E-10	-2.6062E-12	1.1739E-06	4.5778E-07
-1.3640E-10	-2.5317E-12	2.6463E-06	-2.1205E-07
-1.3571E-10	-2.4578E-12	1.9842E-06	-1.2932E-06
-1.3502E-10	-2.3846E-12	1.7669E-06	-6.3021E-07
-1.3434E-10	-2.3122E-12	2.2827E-06	-1.3009E-06
-1.3365E-10	-2.2404E-12	1.3591E-06	-1.2616E-06
-1.3298E-10	-2.1692E-12	2.0678E-06	-9.0457E-07
-1.3230E-10	-2.0988E-12	1.7252E-06	-1.7824E-06
-1.3163E-10	-2.0290E-12	1.1784E-06	-1.4223E-06
-1.3096E-10	-1.9599E-12	1.0430E-06	-9.9924E-07
-1.3030E-10	-1.8915E-12	1.8901E-06	-8.3726E-07
-1.2964E-10	-1.8237E-12	1.2237E-06	-2.0182E-06
-1.2898E-10	-1.7565E-12	5.4765E-07	-5.3605E-07
-1.2833E-10	-1.6900E-12	1.8197E-06	-9.8359E-07
-1.2768E-10	-1.6241E-12	5.5074E-07	-1.1647E-06
-1.2703E-10	-1.5589E-12	1.3248E-06	9.1669E-08
-1.2639E-10	-1.4943E-12	1.9539E-06	-8.8361E-07
-1.2574E-10	-1.4303E-12	1.3156E-06	-7.3905E-07
-1.2511E-10	-1.3669E-12	1.9952E-06	-5.3187E-07
-1.2447E-10	-1.3042E-12	1.9503E-06	-1.2044E-06
-1.2384E-10	-1.2420E-12	1.7540E-06	-1.3123E-06
-1.2321E-10	-1.1805E-12	1.0915E-06	-1.3815E-06
-1.2259E-10	-1.1196E-12	1.4851E-06	-3.6384E-07
-1.2197E-10	-1.0592E-12	2.0234E-06	-1.2970E-06
-1.2135E-10	-9.9947E-13	1.6502E-06	-9.7937E-07
-1.2073E-10	-9.4031E-13	1.9381E-06	-2.1084E-06
-1.2012E-10	-8.8173E-13	6.3378E-09	-1.2455E-06
-1.1951E-10	-8.2372E-13	1.7441E-06	-6.9402E-08
-1.1890E-10	-7.6629E-13	1.8401E-06	-1.3410E-06
-1.1830E-10	-7.0943E-13	1.4669E-06	-1.4258E-06
-1.1770E-10	-6.5313E-13	9.7429E-07	-9.7847E-07
-1.1710E-10	-5.9740E-13	2.0053E-06	-1.1387E-06
-1.1651E-10	-5.4221E-13	5.1855E-07	-1.6471E-06
-1.1592E-10	-4.8758E-13	1.6228E-06	2.7565E-09
-1.1533E-10	-4.3350E-13	1.9617E-06	-1.8984E-06
-1.1474E-10	-3.7995E-13	1.0670E-06	-1.2540E-06
-1.1416E-10	-3.2695E-13	1.2206E-06	-1.8495E-06
-1.1358E-10	-2.7448E-13	2.4667E-07	-1.0505E-06
-1.1301E-10	-2.2254E-13	1.2573E-06	-7.6815E-07
-1.1243E-10	-1.7112E-13	5.4865E-07	-1.5721E-06
-1.1186E-10	-1.2023E-13	-1.9155E-07	2.5703E-07
-1.1129E-10	-6.9856E-14	2.6267E-06	5.0195E-07
-1.1073E-10	-1.9994E-14	1.5616E-06	-2.1221E-06
-1.1017E-10	2.9357E-14	7.3065E-07	-1.5190E-07
-1.0961E-10	7.8204E-14	1.9109E-06	-1.2724E-06
-1.0905E-10	1.2655E-13	3.6045E-07	-6.9346E-07
-1.0850E-10	1.7440E-13	1.8759E-06	1.6740E-08
-1.0795E-10	2.2175E-13	1.9574E-06	-1.1169E-06
-1.0740E-10	2.6861E-13	1.6880E-06	-1.3272E-06
-1.0685E-10	3.1499E-13	1.1172E-06	-1.8609E-06
-1.0631E-10	3.6088E-13	-1.0654E-07	-9.3481E-07
-1.0577E-10	4.0630E-13	1.2529E-06	4.8387E-07
-1.0524E-10	4.5124E-13	2.1360E-06	-9.6303E-07
-1.0470E-10	4.9571E-13	1.2976E-06	-1.2998E-06
-1.0417E-10	5.3972E-13	9.0535E-07	-1.0741E-06
-1.0364E-10	5.8325E-13	1.2307E-06	-7.8042E-07
-1.0311E-10	6.2633E-13	4.6166E-07	-1.2027E-06
-1.0259E-10	6.6896E-13	9.7691E-07	6.2821E-07
-1.0207E-10	7.1113E-13	2.4771E-06	-1.1859E-06
-1.0155E-10	7.5285E-13	4.8254E-07	-1.6908E-06
-1.0104E-10	7.9413E-13	-1.9519E-07	-4.2211E-07
-1.0052E-10	8.3496E-13	8.9980E-07	1.2976E-06
-1.0001E-10	8.7536E-13	2.3558E-06	-1.3322E-07
-9.9505E-11	9.1532E-13	1.6584E-06	3.9358E-07
-9.9000E-11	9.5485E-13	3.6751E-06	-9.0996E-07
-9.8497E-11	9.9395E-13	9.6622E-07	-2.4807E-06
-9.7997E-11	1.0326E-12	5.2029E-07	-8.3673E-08
-9.7499E-11	1.0709E-12	1.9004E-06	1.3511E-07
-9.7004E-11	1.1087E-12	2.5137E-06	-5.5276E-07
-9.6512E-11	1.1461E-12	2.5811E-06	-1.4099E-06
-9.6022E-11	1.1831E-12	1.3204E-06	-2.4960E-06
-9.5534E-11	1.2198E-12	-5.5375E-08	-4.2255E-07
-9.5049E-11	1.2560E-12	2.3627E-06	1.5542E-07
-9.4566E-11	1.2917E-12	2.3574E-06	-1.6273E-06
-9.4086E-11	1.3271E-12	1.2230E-06	-2.0698E-06
-9.3608E-11	1.3621E-12	4.6608E-07	-9.0077E-07
-9.3132E-11	1.3968E-12	1.3551E-06	-9.9044E-07
-9.2659E-11	1.4310E-12	3.5336E-07	-4.3179E-07
-9.2189E-11	1.4648E-12	2.3429E-06	2.0733E-07
-9.1720E-11	1.4983E-12	2.2233E-06	-1.6827E-06
-9.1254E-11	1.5313E-12	1.3223E-06	-2.0769E-06
-9.0791E-11	1.5640E-12	-4.4191E-07	-1.3837E-06
-9.0330E-11	1.5964E-12	7.5191E-07	7.6873E-07
-8.9871E-11	1.6283E-12	2.0030E-06	-1.8703E-07
-8.9414E-11	1.6599E-12	2.1529E-06	-7.1246E-07
-8.8960E-11	1.6911E-12	1.4393E-06	-1.3428E-06
-8.8508E-11	1.7220E-12	1.6472E-06	-3.8842E-07
-8.8058E-11	1.7525E-12	2.1755E-06	-1.6451E-06
-8.7611E-11	1.7826E-12	8.4344E-07	-1.5395E-06
-8.7166E-11	1.8124E-12	1.1601E-06	-9.6282E-07
-8.6723E-11	1.8419E-12	9.6117E-07	-1.0944E-06
-8.6282E-11	1.8710E-12	1.1872E-06	-5.6181E-07
-8.5844E-11	1.8997E-12	1.5797E-06	-1.2552E-06
-8.5408E-11	1.9281E-12	4.7022E-07	-1.3264E-06
-8.4974E-11	1.9562E-12	3.3594E-07	4.5199E-08
-8.4542E-11	1.9839E-12	2.1181E-06	7.7669E-07
-8.4112E-11	2.0113E-12	3.1370E-06	-1.6385E-06
-8.3685E-11	2.0384E-12	7.7517E-07	-1.8042E-06
-8.3259E-11	2.0652E-12	1.8666E-06	-1.0793E-06
-8.2836E-11	2.0916E-12	2.1766E-07	-2.0669E-06
-8.2415E-11	2.1177E-12	1.1185E-06	6.1090E-07
-8.1996E-11	2.1434E-12	2.7647E-06	-2.2236E-06
-8.1580E-11	2.1689E-12	-2.5121E-07	-2.4369E-06
-8.1165E-11	2.1940E-12	-4.3881E-07	-6.9854E-07
-8.0752E-11	2.2189E-12	2.4998E-07	4.6058E-07
-8.0342E-11	2.2434E-12	1.5298E-06	-1.3988E-07
-7.9934E-11	2.2676E-12	9.7161E-07	-1.1944E-07
-7.9527E-11	2.2915E-12	2.1745E-06	-4.2847E-07
-7.9123E-11	2.3151E-12	8.3288E-07	-1.2037E-06
-7.8721E-11	2.3384E-12	1.4043E-06	3.6569E-08
-7.8321E-11	2.3615E-12	1.4632E-06	-8.1245E-07
-7.7923E-11	2.3842E-12	1.8871E-06	-1.4620E-07
-7.7526E-11	2.4066E-12	1.9119E-06	-1.5502E-06
-7.7132E-11	2.4287E-12	1.5080E-06	-6.1205E-07
-7.6740E-11	2.4506E-12	2.2293E-06	-2.3340E-06
-7.6350E-11	2.4722E-12	-4.6205E-07	-1.8538E-06
-7.5962E-11	2.4934E-12	7.0007E-07	-7.9408E-08
-7.5576E-11	2.5144E-12	1.1189E-06	-7.6574E-07
-7.5191E-11	2.5352E-12	1.2366E-06	-8.3271E-07
-7.4809E-11	2.5556E-12	5.5094E-07	-1.2621E-06
-7.4429E-11	2.5758E-12	2.7225E-07	3.5288E-07
-7.4050E-11	2.5957E-12	2.7685E-06	1.3886E-07
-7.3674E-11	2.6153E-12	1.6132E-06	-2.6949E-06
-7.3299E-11	2.6347E-12	-2.6162E-07	-6.6439E-07
-7.2926E-11	2.6538E-12	1.4739E-06	-8.7964E-07
-7.2555E-11	2.6726E-12	-4.0683E-07	-1.0151E-06
-7.2186E-11	2.6912E-12	8.8514E-07	7.0986E-07
-7.1819E-11	2.7096E-12	9.9278E-07	-3.2955E-07
-7.1454E-11	2.7276E-12	1.7769E-06	9.6304E-07
-7.1091E-11	2.7454E-12	2.9278E-06	-1.7780E-06
-7.0729E-11	2.7630E-12	-4.4608E-07	-1.3762E-06
-7.0369E-11	2.7803E-12	1.3650E-06	7.5316E-07
-7.0011E-11	2.7974E-12	1.2276E-06	-5.7273E-07
-6.9655E-11	2.8142E-12	2.2465E-06	9.1936E-07
-6.9301E-11	2.8308E-12	3.0455E-06	-1.9780E-06
-6.8948E-11	2.8472E-12	7.4158E-07	-1.3073E-06
-6.8598E-11	2.8633E-12	1.4796E-06	-9.6242E-07
-6.8249E-11	2.8791E-12	1.2978E-06	-3.5646E-07
-6.7901E-11	2.8948E-12	2.5689E-06	-1.5704E-06
-6.7556E-11	2.9102E-12	2.9990E-07	-1.9373E-06
-6.7212E-11	2.9253E-12	9.4436E-07	-2.2376E-07
-6.6870E-11	2.9403E-12	1.8708E-06	-9.1886E-07
-6.6530E-11	2.9550E-12	1.1444E-06	-1.9078E-06
-6.6192E-11	2.9695E-12	4.3871E-07	-5.2227E-07
-6.5855E-11	2.9837E-12	1.7921E-06	-1.3959E-06
-6.5520E-11	2.9978E-12	-5.0513E-07	-1.1005E-06
-6.5186E-11	3.0116E-12	1.4918E-06	9.8215E-07
-6.4855E-11	3.0252E-12	2.7752E-06	-1.0362E-06
-6.4525E-11	3.0386E-12	1.5069E-06	-2.5110E-06
-6.4196E-11	3.0518E-12	-3.9499E-07	-9.6373E-07
-6.3870E-11	3.0648E-12	1.9300E-06	1.3295E-07
-6.3545E-11	3.0775E-12	1.8545E-06	-1.5931E-06
-6.3221E-11	3.0901E-12	2.0284E-06	-1.9204E-06
-6.2900E-11	3.1024E-12	4.6589E-08	-3.4244E-06
-6.2579E-11	3.1146E-12	-1.4747E-06	-5.8066E-07
-6.2261E-11	3.1265E-12	9.0669E-07	5.2765E-07
-6.1944E-11	3.1382E-12	1.6454E-06	-1.2331E-06
-6.1629E-11	3.1498E-12	3.0811E-07	-1.3685E-06
-6.1315E-11	3.1611E-12	6.0582E-07	-8.7187E-07
-6.1003E-11	3.1723E-12	2.7796E-07	-6.7920E-07
-6.0692E-11	3.1832E-12	1.3614E-06	-6.8487E-07
-6.0384E-11	3.1940E-12	2.8047E-07	-1.8943E-06
-6.0076E-11	3.2046E-12	-5.2574E-07	-5.4676E-07
-5.9770E-11	3.2149E-12	2.5883E-07	4.2348E-07
-5.9466E-11	3.2251E-12	1.6277E-06	-4.2312E-07
-5.9163E-11	3.2351E-12	-1.1387E-07	-1.0687E-06
-5.8862E-11	3.2450E-12	8.7870E-07	1.0314E-06
-5.8562E-11	3.2546E-12	2.4021E-06	-7.9904E-07
-5.8264E-11	3.2641E-12	9.8293E-07	-1.9410E-06
-5.7968E-11	3.2734E-12	-3.3946E-07	-8.1021E-07
-5.7672E-11	3.2825E-12	1.3307E-06	2.6041E-07
-5.7379E-11	3.2914E-12	1.4863E-06	-1.8656E-06
-5.7087E-11	3.3001E-12	-4.0244E-07	-1.5275E-06
-5.6796E-11	3.3087E-12	-3.2015E-07	-2.3207E-08
-5.6507E-11	3.3171E-12	8.4611E-07	-6.3308E-08
-5.6219E-11	3.3254E-12	4.4575E-07	-3.8095E-07
-5.5933E-11	3.3334E-12	1.1717E-06	-2.9422E-07
-5.5648E-11	3.3414E-12	1.5810E-07	-9.7108E-07
-5.5364E-11	3.3491E-12	7.3459E-07	4.2498E-07
-5.5082E-11	3.3567E-12	1.0745E-06	-1.0721E-06
-5.4802E-11	3.3641E-12	-1.0527E-07	-1.6623E-07
-5.4523E-11	3.3713E-12	1.0585E-06	2.6589E-07
-5.4245E-11	3.3784E-12	1.1379E-06	-5.7016E-07
-5.3969E-11	3.3854E-12	5.0289E-07	-4.7055E-07
-5.3694E-11	3.3922E-12	7.9947E-07	1.1910E-08
-5.3420E-11	3.3988E-12	1.1334E-06	-2.7516E-07
-5.3148E-11	3.4052E-12	6.5903E-07	-7.2794E-07
-5.2878E-11	3.4116E-12	2.7686E-07	6.9737E-07
-5.2608E-11	3.4177E-12	2.4003E-06	1.3230E-07
-5.2340E-11	3.4238E-12	9.2361E-07	-8.2318E-07
-5.2074E-11	3.4296E-12	2.1063E-06	-1.3105E-07
-5.1808E-11	3.4353E-12	1.0069E-06	-1.5876E-06
-5.1544E-11	3.4409E-12	1.4501E-06	-3.4027E-07
-5.1282E-11	3.4464E-12	9.1287E-07	-1.7096E-06
-5.1020E-11	3.4517E-12	1.2591E-06	-5.4680E-07
-5.0760E-11	3.4568E-12	2.1144E-07	-2.5737E-06
-5.0502E-11	3.4618E-12	-6.5119E-07	8.3811E-07
-5.0244E-11	3.4667E-12	2.2454E-06	-8.4131E-07
-4.9988E-11	3.4714E-12	-1.6569E-07	-1.4254E-06
-4.9734E-11	3.4760E-12	3.3723E-07	-8.8952E-08
-4.9480E-11	3.4805E-12	1.2490E-06	-1.5514E-07
-4.9228E-11	3.4848E-12	1.1758E-06	-1.8606E-06
-4.8977E-11	3.4890E-12	-7.6728E-07	-9.3084E-07
-4.8728E-11	3.4931E-12	3.4787E-07	-6.2402E-08
-4.8479E-11	3.4970E-12	1.2108E-07	-1.7037E-07
-4.8232E-11	3.5008E-12	1.0533E-06	1.5085E-07
-4.7986E-11	3.5045E-12	8.5076E-07	-1.1430E-06
-4.7742E-11	3.5080E-12	-5.7462E-07	-3.1253E-07
-4.7498E-11	3.5115E-12	9.2005E-07	1.2184E-06
-4.7256E-11	3.5148E-12	2.1015E-06	-5.6898E-07
-4.7015E-11	3.5179E-12	9.6821E-07	-9.2937E-07
-4.6776E-11	3.5210E-12	1.3858E-06	-1.0829E-06
-4.6537E-11	3.5239E-12	2.5849E-07	-1.9808E-06
-4.6300E-11	3.5268E-12	-7.4977E-07	-6.2668E-07
-4.6064E-11	3.5295E-12	1.2343E-07	-1.1763E-07
-4.5829E-11	3.5320E-12	-1.7923E-07	2.5103E-07
-4.5595E-11	3.5345E-12	1.7311E-06	6.2372E-07
-4.5363E-11	3.5369E-12	1.2350E-06	-1.7641E-06
-4.5132E-11	3.5391E-12	8.0045E-08	-9.2915E-07
-4.4901E-11	3.5412E-12	-2.5688E-07	-1.3243E-06
-4.4672E-11	3.5432E-12	-8.3015E-07	3.5634E-07
-4.4445E-11	3.5451E-12	6.6615E-07	1.1808E-07
-4.4218E-11	3.5469E-12	2.0812E-07	-2.9297E-07
-4.3993E-11	3.5486E-12	-1.1062E-09	-5.2268E-07
-4.3768E-11	3.5502E-12	-9.7156E-07	4.2574E-07
-4.3545E-11	3.5517E-12	3.8826E-07	1.9766E-06
-4.3323E-11	3.5530E-12	2.6015E-06	6.5547E-07
-4.3102E-11	3.5543E-12	9.8999E-07	-1.6123E-06
-4.2882E-11	3.5554E-12	3.2807E-08	1.5807E-07
-4.2663E-11	3.5565E-12	7.2769E-07	-5.2455E-07
-4.2446E-11	3.5575E-12	-2.1727E-07	3.3584E-07
-4.2229E-11	3.5583E-12	7.2485E-07	5.3796E-07
-4.2014E-11	3.5591E-12	1.0671E-06	8.4532E-07
-4.1799E-11	3.5597E-12	1.5919E-06	-6.6874E-07
-4.1586E-11	3.5603E-12	-1.6872E-07	5.1796E-07
-4.1374E-11	3.5607E-12	2.6116E-06	7.5389E-07
-4.1163E-11	3.5611E-12	1.1738E-06	-1.5933E-06
-4.0953E-11	3.5614E-12	4.8488E-07	1.1020E-07
-4.0744E-11	3.5616E-12	1.5262E-06	-1.4079E-07
-4.0536E-11	3.5617E-12	1.5859E-06	-7.5538E-07
-4.0329E-11	3.5616E-12	9.8704E-07	-1.5751E-06
-4.0123E-11	3.5616E-12	-2.9023E-07	-8.7911E-07
-3.9919E-11	3.5614E-12	6.2197E-07	2.0085E-07
-3.9715E-11	3.5611E-12	8.4046E-07	-8.6627E-07
-3.9512E-11	3.5607E-12	1.0648E-07	-2.3027E-07
-3.9311E-11	3.5603E-12	6.8900E-07	1.2329E-08
-3.9110E-11	3.5597E-12	1.2146E-06	2.2298E-07
-3.8910E-11	3.5591E-12	1.7385E-06	-1.2478E-06
-3.8712E-11	3.5584E-12	3.9342E-08	-1.0278E-06
-3.8514E-11	3.5576E-12	1.2586E-06	-5.0143E-07
-3.8318E-11	3.5568E-12	1.9460E-07	-2.0921E-06
-3.8122E-11	3.5558E-12	-1.2186E-06	-1.7728E-07
-3.7928E-11	3.5548E-12	7.5532E-07	9.0089E-07
-3.7734E-11	3.5537E-12	1.3211E-06	-7.1074E-07
-3.7541E-11	3.5525E-12	4.1538E-07	-5.7343E-07
-3.7350E-11	3.5512E-12	1.0650E-06	-3.9842E-07
-3.7159E-11	3.5499E-12	1.1656E-06	-1.0395E-06
-3.6969E-11	3.5484E-12	9.9093E-07	-1.7859E-06
-3.6781E-11	3.5469E-12	-3.9213E-07	-2.2515E-06
-3.6593E-11	3.5453E-12	-1.2105E-06	-6.6427E-07
-3.6406E-11	3.5437E-12	3.2785E-07	-2.2691E-07
-3.6220E-11	3.5420E-12	2.7352E-08	-1.4090E-06
-3.6035E-11	3.5402E-12	-3.2680E-07	-1.2028E-06
-3.5851E-11	3.5383E-12	-1.2655E-06	-1.4676E-06
-3.5668E-11	3.5364E-12	-1.0913E-06	3.0431E-08
-3.5486E-11	3.5344E-12	-7.5920E-07	-9.8908E-07
-3.5305E-11	3.5323E-12	-1.6116E-06	-4.0137E-08
-3.5124E-11	3.5301E-12	-1.4253E-06	-9.3049E-08
-3.4945E-11	3.5279E-12	-1.5017E-06	1.5298E-06
