jMRUI Data Textfile

Filename: Export_to_jmrui.txt

PointsInDataset: 2048
DatasetsInFile: 1
SamplingInterval: 0.250000
ZeroOrderPhase: 0E0
BeginTime: 0E0
TransmitterFrequency: 1.2326E8
MagneticField: 2.8936E0
TypeOfNucleus:  
NameOfPatient:  
DateOfExperiment:  
Spectrometer:  
AdditionalInfo: 
SignalNames:  


Signal and FFT
sig(real)	sig(imag)	fft(real)	fft(imag)
Signal 1 out of 1 in file
2.5861E-06	7.1457E-08	-5.6762E-07	1.7779E-06
2.3033E-06	-4.7323E-07	1.7101E-06	7.8927E-07
1.4671E-06	-1.0989E-06	-1.8100E-08	1.4199E-07
8.0448E-07	-1.3872E-06	1.3345E-06	8.7149E-07
-2.1113E-07	-1.3029E-06	2.0778E-07	-5.4586E-07
-6.8690E-07	-8.9796E-07	7.3689E-08	9.8080E-07
-9.4354E-07	-3.3413E-07	2.2847E-07	9.6797E-07
-6.4554E-07	1.0992E-07	1.7969E-06	1.8615E-06
-3.1632E-07	2.5067E-07	2.1152E-06	-9.8885E-07
1.0807E-07	1.3460E-07	-2.0872E-07	-2.6162E-07
2.9710E-07	-9.6724E-08	6.2435E-07	6.0858E-07
2.9508E-07	-3.3516E-07	5.3667E-07	2.1948E-07
1.4612E-07	-4.6541E-07	1.5559E-07	7.4356E-07
-8.0711E-08	-4.4320E-07	1.0663E-06	1.3234E-06
-2.9613E-07	-3.0618E-07	1.3041E-06	5.1811E-07
-3.2454E-07	-1.5702E-07	1.6744E-06	9.0942E-07
-2.9941E-07	-8.1540E-08	2.1622E-06	-1.0770E-06
-1.8115E-07	-7.4081E-08	-6.3406E-07	-1.0780E-06
-1.5991E-07	-1.0905E-07	-1.7052E-07	1.3438E-06
-1.9339E-07	-1.3386E-07	1.3070E-06	7.5705E-07
-2.8579E-07	-1.7973E-07	9.3364E-07	8.8153E-08
-3.6705E-07	-2.9266E-08	5.7516E-07	-1.2444E-07
-3.9394E-07	1.4366E-07	-3.6535E-07	4.1836E-07
-3.6381E-07	2.2142E-07	4.2394E-07	1.5917E-06
-2.3835E-07	2.6350E-07	1.0670E-06	9.2907E-07
-1.0354E-08	2.1860E-07	6.4072E-07	1.0654E-06
4.2320E-08	6.5932E-08	1.2606E-06	1.7124E-06
8.2156E-08	-4.4426E-08	2.3138E-06	9.8213E-07
-2.1607E-09	-1.0389E-07	1.9328E-06	1.5611E-07
-1.8568E-07	-7.2576E-08	1.7895E-06	-3.6087E-07
-3.0010E-07	5.1143E-08	5.0732E-07	-2.6255E-07
-2.6516E-07	2.7186E-07	1.2925E-06	6.5124E-07
-2.2626E-07	4.2345E-07	1.0116E-06	-3.7319E-07
-4.3761E-08	4.1971E-07	5.1532E-07	5.2069E-07
1.2190E-07	3.6648E-07	1.2083E-06	8.8480E-07
2.8241E-07	2.1770E-07	2.1962E-06	-6.9941E-08
2.6180E-07	3.9287E-08	3.4487E-07	-1.0805E-06
1.7787E-07	-4.6934E-08	4.0659E-07	5.8085E-07
7.3390E-08	-7.6448E-08	2.6378E-07	1.1613E-07
4.7655E-08	4.0129E-08	1.1545E-06	1.4154E-06
3.2772E-08	6.9377E-08	1.3517E-06	-6.7161E-07
1.3268E-07	7.5600E-08	2.6875E-07	5.0444E-07
1.6340E-07	4.8454E-08	5.2731E-07	-2.6834E-07
2.3886E-07	-3.5109E-08	-2.9761E-07	1.5767E-06
2.1227E-07	-1.4819E-07	1.8508E-06	9.9369E-07
1.6235E-07	-2.5951E-07	9.1898E-07	4.0102E-07
-5.8178E-09	-2.3200E-07	1.1686E-06	2.6781E-07
-1.2701E-07	-2.1281E-07	6.1907E-07	6.0210E-07
-1.7900E-07	-1.1835E-07	1.0776E-06	3.5415E-07
-7.8547E-08	-4.5512E-08	6.6195E-07	9.1550E-07
-6.7106E-08	1.8934E-08	1.6785E-06	6.5863E-08
1.8918E-08	1.4149E-08	-2.4114E-07	1.9791E-08
3.6509E-08	2.4847E-09	6.8047E-07	1.6353E-06
9.0044E-09	-5.6096E-08	1.5484E-06	7.4550E-07
-2.8915E-08	-9.5206E-08	7.7508E-07	1.7701E-07
-1.0496E-07	-6.7591E-08	5.5558E-07	1.3034E-06
-1.4392E-07	-7.7124E-08	1.5230E-06	1.0747E-06
-1.1035E-07	2.9420E-08	1.8982E-06	9.7933E-07
-3.1704E-08	1.8800E-08	1.8072E-06	-1.0015E-06
3.2422E-08	1.0761E-08	-6.6953E-07	5.0853E-07
6.2133E-08	-7.5024E-08	1.7282E-06	1.3253E-06
8.4826E-08	-1.2582E-07	6.8239E-07	-2.6864E-08
-1.1975E-08	-1.4255E-07	7.3443E-07	1.0462E-06
-1.1327E-07	-1.3996E-07	8.0318E-07	1.1626E-06
-1.6297E-07	-7.1416E-08	1.8340E-06	1.3928E-06
-2.1515E-07	2.8010E-08	1.9877E-06	5.0221E-07
-2.2671E-07	1.2060E-07	1.7950E-06	-3.5529E-07
-9.2147E-08	1.7617E-07	2.4112E-07	2.5735E-07
-8.9785E-09	1.5283E-07	1.9785E-06	9.3051E-07
2.7866E-08	6.8898E-08	9.2070E-07	-7.5182E-07
-1.5728E-08	3.4237E-08	4.8252E-07	6.6493E-07
-4.1923E-08	-3.3581E-08	7.3472E-07	5.5023E-07
-5.5953E-08	5.6441E-08	1.2101E-06	9.1923E-07
-1.2643E-07	7.9284E-08	9.1715E-07	4.2286E-07
-8.2827E-08	1.2558E-07	1.7280E-06	9.4089E-07
3.8042E-08	1.5552E-07	9.8734E-07	-7.8577E-07
4.7317E-08	1.0227E-07	2.4516E-07	1.0710E-06
1.0211E-07	4.8083E-08	1.2406E-06	8.5001E-08
7.2438E-08	5.1765E-08	-3.2714E-08	1.0859E-06
-6.2880E-10	-4.5340E-08	1.7107E-06	1.0103E-06
-4.5805E-08	7.3822E-09	4.4026E-07	5.4554E-07
-6.6070E-08	3.0107E-08	1.7758E-06	1.5903E-06
-4.3290E-08	1.1240E-07	1.7575E-06	-4.5431E-07
3.3662E-08	1.7465E-07	1.8434E-07	1.3928E-07
1.0689E-07	1.2899E-07	3.6811E-07	1.0004E-06
1.8908E-07	7.7539E-08	1.0185E-06	1.6109E-06
2.0823E-07	2.5670E-08	1.9203E-06	5.9883E-07
1.5911E-07	-9.0551E-08	3.5932E-07	2.7712E-07
1.0498E-07	-1.4969E-07	1.1746E-06	2.0317E-06
2.7942E-09	-1.4581E-07	2.3225E-06	1.5909E-07
-1.3915E-07	-9.0702E-08	3.7273E-08	4.3839E-07
-1.0697E-07	1.0043E-08	1.8950E-06	2.2033E-06
-7.7928E-08	9.9936E-08	2.4362E-06	-2.5869E-07
1.4611E-08	1.0936E-07	9.7959E-07	2.0635E-07
1.2271E-07	1.1158E-07	1.1775E-06	-1.7896E-07
2.0565E-07	2.9559E-08	-1.2463E-07	1.1501E-06
2.0154E-07	-7.0450E-08	2.5712E-06	1.5008E-06
1.2495E-07	-1.1529E-07	1.1705E-06	-1.0458E-06
4.8099E-08	-1.1640E-07	-9.3426E-08	9.6517E-07
6.3318E-09	-1.2273E-07	8.3049E-07	1.4751E-06
-9.4694E-08	-9.5270E-08	1.9208E-06	1.9984E-06
-5.9940E-08	-3.5455E-08	2.8385E-06	-5.2861E-08
-6.7199E-08	-3.9793E-08	6.5215E-07	-4.1740E-07
-6.8179E-08	3.0301E-09	8.0276E-07	1.2301E-06
-6.2713E-08	-2.2943E-08	2.1444E-06	9.0131E-07
-1.9499E-08	-3.8622E-08	1.5109E-06	-3.5845E-07
-7.8910E-08	-1.4089E-08	1.0146E-06	6.8508E-07
-1.7608E-08	2.1327E-09	1.8050E-06	-3.3155E-07
-7.6224E-08	1.1763E-08	-9.4248E-08	-4.3178E-08
-2.3687E-08	3.8398E-08	8.9648E-07	1.0647E-06
-1.2808E-08	1.0277E-07	4.8989E-07	8.8403E-07
2.7941E-08	6.4857E-08	1.9275E-06	1.6932E-06
2.5375E-08	-1.0526E-08	1.7716E-06	-2.7644E-07
2.9922E-08	4.6087E-09	9.9536E-07	6.4568E-07
-1.9337E-08	-1.0148E-08	1.4248E-06	-5.3624E-08
-4.4103E-08	-3.1329E-08	5.1315E-07	3.8970E-07
-5.9148E-08	-6.0201E-09	8.6991E-07	5.3936E-07
-8.1647E-08	4.7254E-08	6.6082E-07	1.0435E-06
-2.5893E-08	8.5792E-08	1.5354E-06	7.9199E-07
1.6782E-08	1.0594E-07	9.0204E-07	4.5408E-07
4.6329E-08	9.8326E-08	1.1187E-06	6.6427E-07
1.0300E-07	9.5722E-08	4.7996E-07	7.0951E-07
6.7986E-08	2.1280E-08	1.4222E-06	1.7970E-06
4.4950E-08	-3.3369E-08	2.2117E-06	6.4150E-08
1.9786E-08	-4.5845E-08	3.5864E-07	7.6948E-08
2.2187E-08	-2.8762E-08	1.1399E-06	1.2182E-06
-1.6595E-08	1.4006E-08	1.0966E-06	2.6653E-07
-2.9776E-08	1.8214E-08	7.0830E-07	1.1090E-06
-2.6546E-09	4.5019E-08	1.3437E-06	8.1399E-07
1.5775E-08	5.0398E-08	1.0251E-06	9.5992E-07
5.8847E-08	5.6234E-08	1.5403E-06	7.1826E-07
5.1051E-08	3.4821E-08	1.0376E-06	3.9315E-07
4.5755E-08	6.3367E-08	5.7852E-07	4.0815E-07
8.1072E-09	1.5473E-08	2.4355E-09	1.7898E-06
3.0823E-08	-1.7249E-08	2.2266E-06	2.2361E-06
8.9413E-08	3.3080E-08	1.9554E-06	3.6664E-07
8.0004E-08	-1.5165E-08	1.4774E-06	1.0983E-06
3.1276E-08	-3.4878E-08	1.9855E-06	4.0525E-07
9.9281E-08	-3.5916E-08	1.2062E-06	4.1146E-07
2.9003E-08	-1.0654E-07	1.4437E-06	4.7493E-07
2.5434E-09	-1.1657E-07	7.8243E-07	4.5009E-07
-2.1411E-08	-9.9003E-08	1.2538E-06	1.3571E-06
-5.5678E-08	-5.1716E-08	1.8306E-06	3.3038E-07
-3.0315E-08	-3.9723E-08	5.3376E-07	5.4180E-07
-3.6968E-08	5.5717E-09	1.5408E-06	1.4021E-06
-8.6924E-09	3.3672E-08	1.3022E-06	3.0507E-07
4.1774E-08	3.1856E-09	1.0344E-06	1.4464E-06
3.0836E-08	-2.0609E-08	1.9699E-06	8.3968E-07
1.2245E-08	-2.8401E-08	1.5667E-06	9.8404E-07
8.5360E-09	-6.8004E-08	2.4349E-06	2.8016E-07
-2.3804E-08	-6.7981E-08	1.1416E-06	-3.2778E-07
-6.3295E-08	-3.7242E-08	1.0727E-06	3.5773E-07
-3.9898E-08	-9.7339E-09	1.0654E-06	2.7127E-07
-4.0100E-08	1.6174E-09	5.9510E-07	-7.5727E-08
-4.2330E-08	2.4367E-08	-3.4747E-07	1.6888E-06
-3.3986E-08	3.4607E-09	2.6376E-06	1.9412E-06
-7.0022E-09	3.4937E-08	1.3312E-06	-5.9402E-07
1.2073E-08	-2.1261E-09	5.4220E-07	1.1480E-06
3.4761E-10	-2.7467E-08	1.1051E-06	9.7647E-07
2.3365E-08	-2.2490E-08	1.4536E-06	1.4419E-06
3.8614E-08	-2.4113E-08	1.6346E-06	7.2961E-07
1.0554E-08	-5.2085E-08	1.8252E-06	1.0580E-06
2.4815E-08	-1.8233E-08	1.7972E-06	-1.4361E-08
5.3794E-08	-1.5220E-09	1.2912E-06	3.2403E-07
-1.5443E-08	-8.0000E-09	7.6773E-07	-3.1181E-07
-3.9653E-08	4.7073E-09	7.2344E-08	1.3714E-06
-4.7179E-08	3.9672E-08	1.7860E-06	1.2323E-06
-3.2324E-08	3.6449E-08	1.1939E-06	1.6323E-07
-4.6284E-08	3.7183E-08	1.5051E-07	7.9385E-07
-1.6663E-08	-2.8405E-09	1.1285E-06	2.0883E-06
1.2214E-08	4.3672E-08	1.7913E-06	9.7804E-07
8.6293E-08	4.2818E-08	1.7727E-06	1.2288E-06
1.7573E-08	5.5580E-08	1.5864E-06	-2.1688E-07
9.0268E-08	2.8462E-08	2.3942E-07	1.3813E-06
1.0838E-07	-7.6374E-09	2.0721E-06	1.1439E-06
4.8431E-08	-2.6670E-08	8.9647E-07	7.2473E-07
3.8398E-08	-4.3687E-08	1.5519E-06	1.3191E-06
1.4813E-08	6.8360E-09	1.5432E-06	1.1357E-06
5.1613E-08	-2.8004E-08	2.0870E-06	6.6541E-07
7.1793E-08	-2.9343E-08	1.0702E-06	5.0267E-07
7.3604E-08	-4.2145E-08	1.7082E-06	9.9504E-07
2.0213E-08	-3.7311E-08	1.2362E-06	4.0427E-07
4.0201E-08	-2.5880E-08	1.3911E-06	1.1219E-06
5.6396E-08	-5.3159E-08	1.6771E-06	4.4200E-07
-4.1898E-09	-4.2674E-08	9.9372E-07	5.8061E-07
4.4430E-08	-1.1031E-07	1.3264E-06	8.5200E-07
-1.4447E-08	-1.1488E-07	8.5143E-07	6.1502E-07
-1.5109E-08	-4.7069E-08	1.1552E-06	1.5966E-06
-5.6936E-08	-3.2312E-08	1.6571E-06	7.6817E-07
-2.8050E-08	-1.1919E-08	1.0996E-06	1.1685E-06
-6.5278E-08	1.2872E-08	1.3079E-06	1.1588E-06
-7.2923E-08	5.4279E-09	1.9398E-06	2.1324E-06
-8.8062E-08	1.5304E-08	2.9574E-06	-2.0249E-07
-1.7736E-08	6.2763E-10	2.0986E-07	7.1179E-07
-1.9487E-08	-3.2765E-08	2.7642E-06	1.4028E-06
6.8233E-09	-1.4240E-08	1.0837E-06	-3.0305E-07
1.6871E-08	7.8461E-09	1.4909E-06	1.5209E-06
1.8092E-08	3.7095E-08	1.9040E-06	4.6261E-07
-1.1162E-09	2.6678E-08	1.8507E-06	5.4459E-07
1.5502E-08	6.0603E-09	1.1521E-06	3.5035E-08
-2.3524E-08	-2.2978E-08	1.3495E-06	9.3326E-07
4.5952E-08	-6.6005E-09	1.0735E-06	9.3078E-08
1.9658E-08	2.6035E-08	6.0936E-07	1.6337E-06
5.3704E-08	-5.2706E-10	2.4762E-06	1.3296E-06
-2.0847E-08	-2.9937E-09	1.6252E-06	-4.1181E-07
-2.7116E-08	-1.5556E-08	-7.6701E-08	1.0051E-06
1.8198E-08	-1.4467E-08	1.7747E-06	2.4142E-06
2.2168E-09	-2.9918E-08	2.5837E-06	1.1286E-06
3.1268E-09	3.9156E-08	2.7843E-06	4.3566E-07
-5.9991E-09	3.1624E-09	1.4973E-06	-6.3478E-07
-1.1504E-08	5.1379E-08	1.0606E-06	8.8427E-07
-5.0254E-09	4.4874E-08	1.7009E-06	3.8326E-07
3.8088E-08	-1.7699E-09	1.4894E-06	7.5598E-07
-2.6798E-09	3.5204E-08	1.6089E-06	-9.7225E-08
4.6195E-08	1.7978E-08	6.6579E-07	9.9188E-07
1.4739E-08	2.6027E-08	2.1941E-06	5.7798E-07
1.0550E-07	-4.3157E-08	4.1178E-07	1.6889E-07
2.6114E-08	7.2769E-09	1.4526E-06	2.0277E-06
6.3902E-08	-9.8332E-09	2.5393E-06	8.4297E-07
6.7454E-08	1.3337E-08	2.5115E-06	1.4945E-07
3.8649E-08	-5.9262E-09	1.6950E-06	-8.0961E-07
6.8397E-08	-3.2326E-08	8.6847E-07	-3.1432E-07
4.6713E-08	-3.6952E-08	2.8149E-07	-1.3639E-07
-3.5309E-08	-3.3162E-08	2.4990E-07	1.2169E-06
1.8243E-09	-7.9433E-08	1.0739E-06	1.1673E-06
-9.6126E-09	-5.8364E-08	1.3804E-06	1.5447E-06
-3.3583E-08	-1.7532E-08	2.2666E-06	6.3100E-07
5.6134E-09	-4.8085E-08	1.4176E-06	8.3245E-08
-2.6868E-08	1.3996E-08	1.0242E-06	1.8954E-07
-4.7653E-09	1.2494E-08	8.5569E-07	9.4877E-07
-3.6626E-09	1.5195E-09	1.5993E-06	4.4180E-07
5.5252E-08	-4.5541E-08	5.3042E-07	5.1652E-07
3.1833E-08	-3.7609E-08	1.2141E-06	1.0988E-06
4.2224E-09	-1.8464E-08	9.8946E-07	8.1627E-07
1.1820E-08	-1.3778E-08	1.1503E-06	9.6321E-07
2.2797E-09	-2.9008E-08	6.2191E-07	1.6993E-06
1.3730E-08	8.7408E-10	3.0431E-06	2.2120E-06
-3.6721E-09	-7.7184E-09	2.6772E-06	-5.9120E-07
-4.2143E-08	-4.1337E-08	1.6742E-06	2.3777E-07
-2.4687E-08	-6.3632E-08	1.6995E-06	-1.2253E-06
-9.6333E-09	1.5037E-08	-8.9147E-07	1.0999E-07
-6.5174E-08	5.5015E-08	1.1943E-06	2.2209E-06
-2.5400E-08	-1.9764E-08	2.4584E-06	1.6907E-07
-4.1942E-08	1.3101E-08	5.6240E-07	-7.7288E-07
-8.6804E-08	8.8706E-09	-2.5121E-07	1.2244E-06
-4.4804E-08	-2.2562E-09	1.8187E-06	1.4859E-06
-2.7948E-08	3.2595E-08	1.3143E-06	-3.2531E-07
-4.0571E-08	2.5041E-08	-1.4398E-07	4.3650E-07
-1.3088E-08	1.8715E-08	3.0871E-07	1.8739E-06
-1.8290E-08	3.9120E-08	1.9380E-06	1.5415E-06
-5.6695E-09	-1.2549E-08	1.2023E-06	1.2783E-07
4.6302E-10	2.1803E-08	5.9029E-07	1.0289E-06
3.0204E-08	2.6954E-08	7.1692E-07	9.7712E-07
4.6590E-09	7.1845E-09	8.4166E-07	1.9276E-06
4.1004E-08	1.6511E-08	1.9506E-06	1.1466E-06
6.7567E-08	-1.4999E-08	9.4382E-07	8.6966E-07
2.4350E-08	2.9658E-08	1.4047E-06	1.5364E-06
4.1122E-08	-2.1461E-08	1.8565E-06	1.0569E-06
6.5053E-08	-2.6069E-08	1.6195E-06	3.5776E-07
-1.3110E-08	6.9408E-09	6.4869E-07	6.0850E-07
-2.3064E-09	-8.8092E-09	1.0728E-06	1.4373E-06
5.5941E-08	-9.8919E-09	1.3563E-06	9.3141E-07
2.7610E-10	-1.9027E-08	1.0266E-06	1.4134E-06
1.8387E-08	3.4197E-09	2.0659E-06	1.0138E-06
2.7590E-09	1.3897E-08	5.0318E-07	4.3398E-07
3.0338E-08	6.0066E-09	1.5692E-06	2.4111E-06
-2.3962E-10	-4.2337E-08	2.1581E-06	-4.7053E-08
1.4920E-08	-6.1413E-08	1.8567E-07	1.6212E-06
-2.0790E-08	-1.3448E-08	2.8600E-06	1.8007E-06
-2.9768E-08	4.3817E-09	2.0807E-06	-1.2899E-07
4.5306E-08	-4.8247E-09	1.1549E-06	1.7288E-07
1.0875E-08	1.1037E-08	1.0763E-06	6.7610E-07
6.6728E-09	-5.8357E-08	9.4703E-07	2.7859E-07
4.9630E-08	-2.2596E-08	5.1953E-07	1.4267E-06
7.1883E-09	-6.3263E-09	1.7164E-06	6.6422E-07
-1.9183E-08	7.8580E-09	-5.6167E-08	7.4029E-07
-3.2737E-08	2.2768E-08	7.3366E-07	2.2309E-06
-1.7919E-08	3.3786E-09	1.8855E-06	2.3939E-06
-2.7292E-08	1.2592E-08	2.8302E-06	3.9643E-07
-3.4955E-08	-2.6240E-09	1.3687E-07	6.4370E-07
-1.6880E-08	2.6287E-08	1.9894E-06	2.0942E-06
-9.6275E-09	-2.2009E-08	1.2921E-06	8.5403E-07
-3.3725E-09	-4.0686E-08	2.2850E-06	2.2255E-06
3.5545E-09	-1.5725E-08	2.9168E-06	2.9095E-07
-5.0253E-08	2.3553E-08	2.0839E-06	-2.3443E-07
-4.7260E-08	-7.0306E-09	6.7431E-07	-5.2091E-07
-3.7608E-08	3.7353E-08	4.3141E-07	1.0404E-06
-8.4252E-08	3.8976E-08	8.3488E-07	1.1100E-06
-4.8851E-08	5.2231E-08	1.3735E-06	1.6957E-06
-4.2667E-08	2.5906E-08	1.9064E-06	7.2649E-07
-9.0337E-09	1.1818E-07	8.3781E-07	4.3312E-07
1.0271E-08	1.8161E-08	4.6451E-07	2.0244E-06
4.8161E-08	7.1953E-09	2.8814E-06	2.0384E-06
1.6654E-08	-2.1587E-10	2.0000E-06	-9.4499E-08
1.5183E-08	-1.6180E-10	1.5383E-06	8.9009E-07
2.8265E-08	-1.8236E-09	1.2209E-06	1.0136E-07
-1.8935E-08	-1.0305E-08	9.9472E-07	1.8255E-06
-1.9314E-08	-1.0602E-08	2.9007E-06	5.6911E-07
3.4279E-08	3.3982E-08	8.5641E-07	-5.5061E-07
3.4549E-09	-1.0527E-08	6.7774E-07	1.2336E-06
2.6078E-08	-2.8711E-08	1.6188E-06	5.1263E-07
-1.6646E-08	1.4453E-08	2.2943E-07	7.3217E-07
-1.7621E-08	1.8880E-08	1.5261E-06	2.0449E-06
-5.9068E-09	-1.2671E-08	2.2451E-06	3.9257E-07
4.0355E-08	3.1006E-08	7.9675E-07	-2.0628E-07
8.7364E-09	2.1465E-09	-1.7859E-07	1.3951E-06
7.1977E-09	2.3728E-08	1.9177E-06	2.0274E-06
2.4232E-08	1.9865E-08	1.2068E-06	2.9228E-07
-1.0757E-08	-7.1988E-09	9.7310E-07	1.8765E-06
-1.1261E-08	3.9343E-09	2.0233E-06	8.8371E-07
2.8563E-08	3.1054E-08	1.0381E-06	7.2314E-07
3.0667E-08	1.7180E-08	1.0136E-06	1.2900E-06
2.2628E-08	-2.9982E-08	1.5289E-06	1.3433E-06
3.6356E-08	-5.1168E-08	9.9850E-07	1.2011E-06
-3.6088E-08	-2.9674E-09	1.9608E-06	2.2055E-06
-2.2342E-08	3.3499E-08	2.5373E-06	7.1892E-07
-9.2267E-08	3.1172E-08	2.0791E-06	5.9848E-07
-3.0248E-08	-8.5210E-09	1.4062E-06	-1.0571E-07
-3.8465E-08	3.6882E-08	1.1623E-06	1.2470E-06
-1.7544E-08	-5.8208E-08	1.9312E-06	2.8753E-07
-2.7210E-09	-1.0337E-08	1.1891E-06	6.6485E-07
8.1846E-09	-7.1761E-09	1.4476E-06	-8.6786E-08
-7.3447E-08	5.3752E-08	1.7103E-07	9.1111E-07
-3.1295E-08	2.7242E-08	1.5580E-06	1.0352E-06
-1.9962E-08	-3.0266E-08	7.3540E-07	8.6792E-07
-6.3407E-08	1.0196E-08	1.8268E-06	9.5428E-07
-1.8103E-08	5.4168E-09	4.5891E-07	-1.2829E-08
-2.5142E-08	1.0516E-08	4.5434E-07	1.8768E-06
-3.2119E-08	5.2564E-09	1.8508E-06	1.3592E-06
6.5804E-09	5.2016E-09	1.5209E-06	4.4241E-07
-1.6540E-08	9.3918E-09	6.1149E-07	4.5598E-07
-2.8812E-08	-1.5658E-08	6.0775E-07	1.3975E-06
3.4196E-09	-2.9779E-08	1.1060E-06	1.1505E-06
-8.0353E-09	3.8655E-08	7.0205E-07	1.6009E-06
-1.0178E-07	3.5670E-08	2.0541E-06	1.6008E-06
3.8784E-08	4.8528E-08	1.1544E-06	2.1184E-07
3.9415E-09	4.0308E-08	8.0162E-07	1.5643E-06
5.2426E-09	2.0544E-08	1.3356E-06	7.3439E-07
-4.1736E-08	4.6649E-08	2.7565E-07	1.7780E-06
2.4450E-08	4.1005E-08	2.3863E-06	2.2328E-06
-3.2265E-08	-1.2703E-09	2.4061E-06	-2.5294E-08
4.0739E-08	4.2013E-08	3.8267E-07	-9.9976E-08
-1.0545E-09	-6.2610E-08	3.7793E-07	1.4633E-06
-4.0929E-09	-4.8303E-08	8.6299E-07	1.0484E-06
4.9931E-09	2.4141E-08	2.6045E-07	1.9654E-06
-1.4594E-08	3.9837E-08	1.8444E-06	2.3267E-06
-6.7395E-09	3.0978E-08	2.1904E-06	1.0695E-06
8.8304E-09	-7.2458E-09	1.2443E-06	2.6237E-07
-1.0228E-08	3.4473E-08	3.4288E-07	1.5361E-06
3.9239E-08	3.7829E-08	1.7815E-06	1.5693E-06
3.1023E-08	3.8383E-08	8.6720E-07	9.8329E-07
2.2286E-08	3.5756E-08	1.5476E-06	1.5976E-06
4.6905E-08	2.4793E-09	6.7740E-07	5.3337E-07
9.1359E-09	-1.6106E-09	3.9358E-07	2.6398E-06
-3.2776E-09	-6.9113E-08	2.3397E-06	1.8315E-06
-2.1771E-08	-2.9062E-08	9.3284E-07	1.2550E-06
-4.5304E-08	-1.3444E-08	1.8135E-06	2.5914E-06
5.1793E-09	-4.4674E-08	2.5989E-06	1.2773E-06
-4.5488E-08	7.3305E-09	2.2316E-06	1.1133E-06
-1.8679E-08	5.1203E-08	2.2006E-06	-1.4270E-07
-5.8655E-10	-1.1059E-08	-1.0380E-07	4.1632E-07
-1.8376E-08	1.5658E-08	1.0686E-06	2.5447E-06
-2.5908E-08	1.9428E-08	2.3012E-06	1.3812E-06
-6.4953E-09	-1.3823E-09	1.7425E-06	8.5118E-07
-7.2476E-08	1.6842E-08	1.3847E-06	8.8752E-07
-1.9573E-08	-2.6083E-08	1.5509E-06	1.3403E-06
-4.9451E-10	1.7110E-08	2.0196E-06	3.4942E-07
1.0877E-08	-2.2478E-08	-1.1888E-08	2.0666E-07
-8.5991E-09	1.0214E-08	5.9900E-07	2.6176E-06
4.1314E-08	-5.3477E-09	2.0650E-06	1.3184E-06
2.6982E-08	-3.0839E-08	1.0568E-06	1.5810E-06
1.1228E-08	-1.8469E-08	2.2314E-06	1.1833E-06
4.9246E-09	8.2971E-10	5.6691E-07	7.2600E-07
1.1386E-08	2.5439E-08	1.2405E-06	2.2898E-06
-7.1771E-08	3.7493E-08	1.8457E-06	1.7653E-06
1.0301E-08	1.2143E-08	2.4882E-06	1.4596E-06
7.1074E-09	2.5495E-08	1.6018E-06	4.6522E-07
2.9465E-08	4.9854E-08	1.6657E-06	1.4500E-06
-7.7273E-09	4.5250E-08	1.5973E-06	4.9261E-07
1.5988E-08	-3.7126E-08	1.2167E-06	1.5499E-06
5.8395E-08	3.3493E-08	1.9934E-06	8.1330E-07
-2.7410E-08	2.9522E-08	1.2050E-06	8.6745E-07
5.4720E-08	4.4652E-08	1.1909E-06	7.7831E-07
-2.1845E-08	7.9952E-10	5.6695E-07	1.6773E-06
-5.2962E-09	-2.5515E-09	1.9988E-06	2.3721E-06
3.8079E-09	-2.2329E-08	3.2102E-06	8.0125E-07
1.1240E-08	2.7759E-08	8.5313E-07	-1.1333E-06
-1.8126E-08	1.0647E-08	-5.7850E-07	2.4882E-06
-9.4840E-09	1.2974E-09	3.1185E-06	2.1471E-06
-9.2617E-09	9.2280E-08	1.7691E-06	1.7093E-08
4.8858E-08	-2.6792E-08	9.1254E-07	4.5220E-07
2.8511E-08	4.1268E-08	1.9575E-07	1.8156E-06
1.2608E-09	2.6164E-08	2.4048E-06	1.9410E-06
5.0318E-08	1.3238E-09	1.1044E-06	7.0244E-07
1.6782E-08	-3.6428E-08	1.8797E-06	1.8820E-06
5.3492E-09	-2.4704E-08	1.3880E-06	8.3448E-07
1.2282E-08	-3.6021E-08	2.3185E-06	2.1286E-06
8.9616E-09	-2.0569E-08	2.5199E-06	-3.4271E-07
3.4740E-08	-1.2270E-09	9.1456E-07	5.6921E-07
6.5085E-09	-9.7664E-09	1.2259E-06	2.8754E-07
-7.2973E-09	-2.1774E-09	3.4238E-07	1.3653E-06
-2.0279E-08	-1.9994E-08	1.7787E-06	1.6142E-06
3.6117E-08	-5.6502E-08	1.7728E-06	8.4627E-07
-3.2600E-08	2.7155E-08	1.4499E-06	3.6693E-07
3.7815E-08	-2.7375E-08	7.9640E-07	7.5217E-07
-1.6173E-08	1.3140E-08	1.0491E-06	9.1712E-07
-8.8502E-08	6.8272E-08	9.0926E-07	1.0919E-06
-2.0784E-08	-3.1800E-08	1.2044E-06	8.9020E-07
-1.3736E-09	3.2935E-09	6.1297E-07	8.7435E-07
-4.1747E-08	3.5932E-08	8.0309E-07	1.3204E-06
-5.0736E-08	2.5753E-08	7.0232E-07	1.0796E-06
-6.0986E-08	-2.2760E-08	3.4612E-07	1.7719E-06
-1.5009E-08	-2.8944E-08	1.4150E-06	2.0409E-06
-3.5473E-08	6.6249E-08	1.0667E-06	1.1531E-06
-6.4305E-08	4.6236E-08	9.8690E-07	2.0675E-06
1.8233E-09	3.8941E-08	1.6060E-06	1.3935E-06
5.8748E-09	1.1204E-08	9.0146E-07	1.4830E-06
2.3502E-08	2.7928E-08	8.9360E-07	1.9197E-06
-5.5034E-08	4.2628E-08	1.5790E-06	2.9126E-06
-6.4027E-08	3.6740E-08	3.3462E-06	1.8169E-06
7.4226E-09	5.0722E-09	2.7111E-06	-1.3721E-07
1.9588E-08	-2.7014E-08	4.2206E-07	-5.2751E-07
-1.5713E-08	-2.0800E-08	-3.4859E-08	2.2837E-06
-1.1718E-08	-1.1307E-08	2.3155E-06	1.6499E-06
-3.0931E-08	1.7151E-08	1.2695E-06	1.0602E-06
2.1638E-08	9.2542E-09	2.1315E-06	7.0943E-07
6.4050E-09	2.7287E-08	1.0458E-07	1.3927E-07
2.9337E-08	-4.0614E-08	8.0130E-07	1.9977E-06
4.6300E-09	6.2426E-08	8.3396E-07	7.9096E-07
-6.0658E-11	2.0085E-08	2.4428E-07	2.3112E-06
1.9144E-08	-5.2456E-09	2.0252E-06	2.0081E-06
1.5078E-08	4.5120E-08	9.7576E-07	7.5444E-07
1.1570E-08	2.9164E-08	4.8640E-07	2.5194E-06
1.2542E-08	2.1965E-08	2.5491E-06	2.0752E-06
-1.9932E-08	3.4072E-08	1.3755E-06	7.3385E-07
-3.5823E-08	1.3347E-08	1.3659E-06	1.8340E-06
-3.8665E-08	3.5225E-09	1.7642E-06	1.0759E-06
6.2937E-08	2.5279E-10	1.2524E-06	1.1944E-06
3.1966E-08	-4.8067E-08	1.4418E-06	1.0535E-06
-2.6282E-09	1.7377E-08	8.4289E-07	8.1550E-07
2.3707E-08	-2.1730E-08	4.8884E-07	1.5977E-06
1.4956E-08	-1.8042E-08	1.1852E-06	1.7237E-06
1.5895E-08	-1.4045E-08	7.2560E-07	1.3570E-06
1.2865E-08	-3.0345E-08	6.2053E-07	2.2201E-06
2.4075E-08	5.7537E-09	1.3987E-06	2.2635E-06
1.3526E-08	2.7470E-08	1.0635E-06	1.9933E-06
-1.6434E-08	2.4866E-08	1.7830E-06	3.2767E-06
-7.5906E-08	2.5067E-08	3.5896E-06	1.2484E-06
2.7284E-09	2.0843E-08	9.3770E-07	3.9333E-07
-9.8329E-09	-1.4120E-08	1.7002E-06	2.1463E-06
-2.2848E-08	-2.1747E-08	1.9623E-06	9.7081E-07
4.5377E-09	1.5423E-08	1.7835E-06	9.3683E-07
1.0512E-09	-3.2083E-08	5.6311E-07	4.4703E-07
-1.1846E-08	-5.2368E-09	6.6827E-07	2.4630E-06
2.6377E-08	7.0440E-09	2.0716E-06	1.6243E-06
1.0294E-08	7.1604E-09	1.3941E-06	1.1772E-06
7.8461E-09	-5.9748E-08	1.2889E-06	1.4674E-06
-6.3646E-10	8.7337E-09	1.6638E-06	1.0179E-06
-4.3118E-09	-2.7372E-08	-3.2978E-07	9.9316E-07
1.5487E-08	3.9419E-08	1.2826E-06	4.2649E-06
-7.7210E-08	4.6238E-08	3.9222E-06	9.9292E-07
-2.6514E-08	1.8183E-08	8.5803E-07	2.8372E-07
2.7761E-08	-1.0896E-08	1.3662E-06	1.6029E-06
-2.6379E-08	7.7152E-09	1.4255E-06	1.0900E-06
2.3633E-08	-1.1516E-08	9.1654E-07	1.0971E-06
2.9970E-08	-1.4146E-08	9.8868E-07	2.0725E-06
-5.8619E-10	-4.5933E-08	1.9703E-06	1.2590E-06
-2.1800E-08	-3.6440E-09	7.1280E-07	1.1185E-06
4.1268E-09	9.0508E-09	1.1886E-06	1.6802E-06
1.7128E-08	-4.9796E-08	6.3974E-07	1.6972E-06
6.8685E-09	2.5385E-08	1.6341E-06	2.5674E-06
1.2869E-08	4.2382E-08	1.8784E-06	1.2884E-06
3.1338E-08	-4.0505E-08	1.3423E-06	1.8914E-06
-1.4370E-08	3.1167E-08	2.3100E-06	1.1812E-06
-7.4195E-08	2.9351E-08	6.4445E-07	6.7631E-07
8.4656E-09	-1.8894E-08	1.2105E-06	2.2911E-06
1.6806E-08	-1.9762E-08	1.7588E-06	1.0230E-06
7.0866E-08	2.2754E-08	1.0558E-06	1.3517E-06
-8.4587E-09	-1.7275E-08	7.3055E-07	7.5252E-07
-1.0232E-08	2.0984E-08	-3.0416E-07	2.8536E-06
6.5595E-09	4.3185E-09	2.7243E-06	2.8453E-06
-5.9711E-09	1.0871E-08	1.3753E-06	7.9130E-07
3.9764E-08	-2.1998E-08	1.0486E-06	2.4879E-06
6.6615E-09	4.6891E-08	2.2201E-06	2.0118E-06
3.0325E-09	-2.0224E-08	2.1424E-06	1.4129E-06
2.0646E-08	1.9212E-08	1.8827E-06	6.3671E-07
-2.8247E-08	1.1436E-08	2.7769E-07	7.3053E-07
1.6509E-08	6.0016E-09	5.8080E-07	2.9480E-06
-1.0002E-08	-1.2484E-08	2.8056E-06	2.0406E-06
-1.3059E-09	1.6933E-08	1.4576E-06	5.7134E-07
4.0426E-08	2.8418E-09	9.8506E-07	1.8525E-06
-2.4346E-08	2.5817E-08	2.1200E-06	1.6452E-06
-3.2853E-09	-3.9651E-08	1.5714E-06	4.2061E-07
4.8192E-08	-2.8451E-08	4.6980E-07	9.5239E-07
-4.3065E-09	8.9609E-09	3.4581E-07	1.5008E-06
-3.1187E-08	1.4347E-08	6.4859E-07	2.5423E-06
-3.3904E-08	2.2593E-08	1.6581E-06	1.7581E-06
-1.0687E-08	3.8391E-08	6.5223E-07	2.0715E-06
6.1625E-08	-2.6440E-08	2.1139E-06	2.1176E-06
-2.9813E-08	1.3425E-08	9.6056E-07	1.0287E-06
-2.4492E-09	-3.9349E-09	1.0066E-06	1.9819E-06
-3.7890E-08	-1.7324E-08	4.6249E-07	1.6199E-06
2.1765E-08	-2.3447E-08	5.9876E-07	3.4033E-06
-6.6198E-09	2.6707E-08	2.6955E-06	3.0283E-06
-4.0768E-08	6.0396E-08	2.2805E-06	9.3924E-07
6.8028E-09	6.5106E-09	3.3469E-07	2.0636E-06
1.8044E-08	1.4936E-09	2.3372E-06	3.2889E-06
1.4682E-08	4.3338E-09	2.7189E-06	1.7247E-06
-2.6915E-08	9.3623E-09	2.6904E-06	1.1611E-06
2.2236E-08	-4.4579E-08	1.1514E-06	5.6600E-07
6.4392E-09	1.1269E-08	1.5381E-06	2.2723E-06
1.7192E-08	-2.7548E-09	2.2502E-06	9.5154E-07
-1.7550E-08	6.0747E-08	1.1752E-06	8.2302E-07
-3.0979E-08	2.4305E-08	4.4648E-07	1.5839E-06
-5.5688E-09	5.2998E-09	1.8214E-06	2.6702E-06
-2.9765E-09	1.1266E-08	1.9151E-06	8.7660E-07
5.6422E-09	5.2326E-08	1.0784E-06	1.9020E-06
2.7289E-08	2.3116E-08	1.9132E-06	1.5144E-06
-6.3934E-08	6.9676E-08	1.6931E-06	1.3403E-06
-2.3346E-08	3.7062E-08	1.1011E-06	5.6675E-07
-3.2508E-08	-2.4471E-08	1.8096E-07	2.1662E-06
-9.3392E-09	-6.2682E-09	1.8291E-06	2.5108E-06
-2.5729E-08	-1.0085E-08	2.3026E-06	1.5679E-06
-3.9808E-08	1.4622E-08	1.2828E-06	3.2139E-07
-5.9766E-09	1.1668E-08	1.2266E-07	2.3685E-06
-2.7504E-08	-4.0129E-09	2.8750E-06	2.2234E-06
8.4823E-09	5.6438E-08	1.3321E-06	-5.0965E-07
6.0702E-08	-2.3029E-08	-1.3071E-06	2.0386E-06
2.1064E-08	1.0268E-08	2.2170E-06	4.2627E-06
-3.1331E-09	-4.5859E-09	2.8289E-06	5.1128E-07
1.0418E-08	-3.2276E-09	9.6790E-07	1.8293E-06
-1.0133E-08	-2.0688E-08	2.3182E-06	5.8129E-07
4.5879E-08	4.6199E-08	-1.6030E-07	1.1486E-06
4.5064E-08	-1.0036E-07	1.4927E-06	1.8024E-06
4.6205E-09	4.0195E-08	-1.7721E-07	1.5417E-06
-3.9331E-09	8.9337E-09	1.4981E-06	3.4530E-06
1.6787E-08	7.4838E-09	2.3968E-06	1.7680E-06
-1.2670E-09	-2.9267E-09	2.0749E-06	9.5503E-07
5.4025E-09	4.5380E-08	5.3057E-07	7.0944E-07
-4.5468E-10	6.0693E-09	8.1543E-07	2.1289E-06
1.3008E-08	-1.0519E-07	1.1857E-06	1.6429E-06
8.4450E-09	-4.2868E-08	1.2437E-06	1.7525E-06
1.8305E-08	1.2017E-08	9.3277E-07	1.3816E-06
2.7693E-08	-3.3415E-08	7.7449E-07	1.7912E-06
-1.6566E-08	-8.4717E-08	5.0182E-07	2.0740E-06
8.7684E-09	-2.5105E-08	1.5543E-06	2.7934E-06
2.6227E-08	3.5127E-09	1.8904E-06	1.1313E-06
1.5865E-08	5.3069E-08	2.4753E-07	1.2725E-06
9.5028E-10	-4.6728E-08	3.7342E-07	2.8053E-06
-3.4275E-09	-2.7777E-08	2.0718E-06	2.6527E-06
-5.7596E-08	7.9576E-08	1.3573E-06	1.0712E-06
-1.4563E-08	4.7955E-08	7.1992E-07	2.2800E-06
2.8378E-08	2.5522E-08	1.5023E-06	1.5706E-06
-5.0940E-09	-4.0457E-08	5.5306E-09	1.9857E-06
-3.7248E-08	-1.2913E-09	1.3930E-06	3.1991E-06
4.7348E-08	-2.3635E-08	1.5900E-06	1.8419E-06
1.1485E-08	-4.2705E-08	1.1712E-06	2.4841E-06
2.0260E-08	-2.4359E-08	1.7264E-06	1.8952E-06
2.1088E-08	-7.2989E-08	9.0066E-07	2.1631E-06
2.0869E-08	4.1495E-08	1.7617E-06	2.4827E-06
-6.7678E-11	-2.8516E-08	1.6945E-06	1.7819E-06
6.2903E-09	3.6280E-08	1.3897E-06	1.5613E-06
-1.1992E-08	-2.8694E-09	6.3494E-07	1.8098E-06
-2.1423E-08	3.8139E-08	9.4082E-07	2.7448E-06
-4.1655E-08	-2.5353E-08	1.7377E-06	2.5469E-06
-2.1964E-08	1.0284E-08	1.4009E-06	2.1003E-06
6.7772E-09	3.0346E-08	1.8233E-06	2.9843E-06
2.3160E-08	-2.9212E-08	2.7750E-06	1.4282E-06
-2.8321E-08	-4.1564E-08	1.0889E-06	1.4199E-06
1.5744E-08	-5.3158E-08	1.8336E-06	1.7921E-06
2.8942E-09	2.0732E-08	1.2118E-06	1.7821E-06
7.6483E-09	-9.9794E-09	2.4661E-06	1.3212E-06
-1.6723E-08	-1.9109E-08	-1.3526E-08	2.5921E-07
-4.9705E-08	-4.1141E-08	3.8809E-07	3.0601E-06
-1.6610E-08	2.7789E-08	1.6052E-06	2.0261E-06
9.4266E-09	-3.9757E-08	1.3229E-06	1.9425E-06
3.1032E-08	-1.7501E-08	8.2131E-07	1.8456E-06
6.2905E-09	-1.5419E-08	1.5365E-06	2.8259E-06
-4.4443E-08	-7.7210E-09	2.0679E-06	1.7047E-06
1.0488E-08	-2.3593E-08	1.9888E-06	1.2789E-06
2.7460E-08	-4.9380E-09	4.6795E-07	5.1655E-07
4.4740E-08	-5.7887E-08	7.8113E-07	2.7177E-06
-1.2784E-08	-7.4235E-09	1.6679E-06	5.5861E-07
1.7004E-09	4.1456E-08	-9.0413E-07	1.7587E-06
1.6162E-08	-4.4426E-09	9.7177E-07	3.4683E-06
2.4638E-08	8.3973E-10	2.4026E-06	2.1954E-06
-2.7716E-08	-7.1153E-08	1.2897E-06	1.4451E-07
-2.2373E-09	-2.4118E-08	-8.1390E-07	1.8130E-06
-2.2666E-08	-5.2720E-08	8.8799E-07	2.8795E-06
-5.8036E-09	-4.2763E-08	1.0018E-06	1.9537E-06
2.2487E-08	3.3211E-08	6.4732E-07	1.9809E-06
-3.5261E-08	1.6847E-08	7.0405E-07	2.2967E-06
-1.5721E-08	-1.6091E-08	7.9095E-07	1.8060E-06
6.2877E-08	-1.5562E-08	8.0145E-08	2.1794E-06
-8.3666E-09	-5.1677E-09	2.4134E-07	2.4265E-06
2.1781E-08	-1.1968E-08	-9.9082E-08	3.2003E-06
1.4720E-08	4.4762E-08	1.1606E-06	3.7377E-06
3.5096E-08	-3.8471E-09	1.8082E-06	2.8603E-06
-3.5726E-08	-1.0900E-08	1.0583E-06	2.0842E-06
-5.1367E-08	-3.9939E-08	8.7945E-07	3.6493E-06
1.2583E-08	3.6438E-08	3.0633E-06	2.2571E-06
-2.6205E-08	-5.4945E-08	4.5644E-07	9.0485E-07
-1.1223E-08	-2.6685E-08	6.4771E-07	2.9649E-06
1.0518E-08	1.9509E-08	1.0566E-06	2.2987E-06
8.0730E-09	1.5307E-08	1.2258E-06	2.5465E-06
-3.6302E-08	-2.8142E-08	3.3999E-07	1.7964E-06
1.7160E-09	-9.9388E-09	2.8660E-07	4.1050E-06
1.9088E-08	4.6646E-08	2.5911E-06	3.0850E-06
1.7115E-08	3.5474E-08	1.4469E-06	2.0309E-06
-6.7000E-09	-1.1166E-08	1.4813E-06	2.5473E-06
3.1650E-08	-1.6284E-08	1.8231E-06	2.1563E-06
4.5318E-08	4.0089E-08	1.2191E-06	1.3018E-06
-5.3154E-08	-4.7024E-08	1.3448E-07	2.2061E-06
2.6011E-08	-3.8633E-08	7.4998E-07	2.8917E-06
3.3900E-09	-1.5451E-08	1.4179E-06	3.3548E-06
8.8252E-09	-1.6057E-08	2.6723E-06	1.7392E-06
-5.0204E-09	1.8462E-08	3.2266E-07	8.6269E-07
-2.6102E-08	-2.8100E-08	2.2653E-07	2.4526E-06
-2.5712E-08	-5.7559E-08	3.5410E-07	2.6165E-06
-2.4352E-09	-2.6600E-08	1.1292E-06	2.8367E-06
-2.0713E-08	-1.3130E-08	5.0896E-07	2.2234E-06
1.2319E-08	-1.0157E-08	8.2872E-07	3.2361E-06
8.1927E-09	2.2258E-08	1.1847E-06	2.6969E-06
2.0893E-08	-3.6183E-08	1.7127E-06	2.7994E-06
-3.2634E-08	2.1848E-08	1.3065E-06	1.2538E-06
-8.5572E-09	-5.9288E-09	3.1304E-08	2.1394E-06
9.9480E-09	2.5178E-09	4.6689E-07	2.3810E-06
-3.7911E-08	-2.6307E-08	8.4489E-08	2.6066E-06
-5.5511E-09	4.1155E-08	2.5680E-07	2.9952E-06
-1.7906E-08	3.4482E-08	4.2858E-07	3.1538E-06
9.3082E-09	7.7339E-10	3.9490E-07	3.3436E-06
-6.2139E-08	5.3597E-08	9.5700E-07	3.8327E-06
-1.1746E-08	6.6102E-09	1.5630E-06	3.4411E-06
1.4800E-08	2.7843E-08	1.9106E-06	2.8772E-06
-1.7172E-08	5.0869E-08	1.2703E-06	2.1783E-06
3.2174E-09	2.1672E-08	1.1540E-06	2.5815E-06
-1.3590E-08	1.6301E-08	8.0507E-07	2.0053E-06
-1.2681E-08	5.9330E-08	2.7920E-07	2.8819E-06
-3.8540E-08	1.6318E-08	1.0795E-06	3.0505E-06
1.3327E-08	1.9878E-08	1.2520E-06	2.0774E-06
5.6005E-08	8.9112E-09	-6.1187E-07	1.9582E-06
-1.1646E-08	-7.3515E-09	-1.0124E-07	4.2567E-06
6.0527E-10	1.6172E-08	1.1343E-06	3.2110E-06
-1.2207E-08	3.4881E-09	3.8264E-07	3.6061E-06
-2.1094E-08	6.3388E-09	1.5975E-06	3.9356E-06
2.1164E-09	-2.0804E-09	2.2964E-06	2.3526E-06
-1.6340E-08	-3.3918E-08	-1.2532E-07	1.2295E-06
3.5147E-08	-1.6968E-08	-4.8972E-07	4.1852E-06
5.6530E-08	2.3623E-08	1.3481E-06	3.2628E-06
1.0362E-08	6.6212E-09	4.1566E-07	3.4199E-06
-1.5171E-08	3.9985E-08	1.2711E-06	2.9767E-06
1.5407E-09	-2.7571E-08	-1.8363E-07	3.1264E-06
-4.2537E-08	-2.3675E-08	9.5696E-07	4.2878E-06
-2.6408E-08	4.5246E-09	1.4458E-06	3.3002E-06
6.2561E-09	1.0854E-08	1.1272E-06	2.7969E-06
8.8763E-09	-9.3521E-09	-4.9694E-08	2.7997E-06
-3.1037E-08	-2.0793E-08	1.4040E-07	4.7643E-06
2.1117E-08	-9.9562E-09	2.3925E-06	3.9637E-06
2.0890E-08	2.4689E-08	9.9067E-07	2.5946E-06
-3.8184E-10	3.0883E-08	1.4096E-06	3.4979E-06
-9.2644E-09	-8.8035E-09	4.4631E-07	2.1931E-06
-1.4779E-08	5.6055E-09	4.1702E-07	4.5687E-06
2.7098E-09	5.1001E-11	2.0209E-06	2.7402E-06
-7.4504E-09	-1.7663E-08	3.4309E-07	2.8261E-06
5.3550E-08	-2.8479E-08	4.1177E-07	2.5495E-06
6.1171E-08	3.5206E-08	-9.9910E-07	4.0349E-06
2.9795E-08	-3.8597E-08	8.5020E-07	4.8179E-06
1.8042E-08	-1.3119E-08	1.0073E-06	4.6513E-06
-1.5045E-08	1.1423E-08	2.3192E-06	4.0954E-06
1.2973E-09	-1.2248E-08	1.6724E-06	3.1063E-06
4.3466E-09	-2.4617E-08	1.6313E-06	2.6370E-06
1.7587E-08	-1.6278E-08	1.0332E-07	2.4437E-06
1.4975E-08	-2.9493E-08	-1.0932E-07	3.9293E-06
-1.6746E-08	-6.1820E-10	1.1003E-06	4.3884E-06
1.2275E-08	-5.0245E-08	1.0991E-06	3.0803E-06
8.7808E-10	2.8022E-08	4.4445E-07	4.3800E-06
-6.0253E-08	-1.8944E-08	2.0460E-06	3.2590E-06
4.8827E-08	2.3369E-09	1.2209E-07	3.2632E-06
5.5131E-09	-5.0840E-08	1.5822E-06	3.4572E-06
4.8891E-08	-2.5523E-08	-6.5062E-07	2.8324E-06
-4.3480E-09	-2.7987E-08	8.1875E-07	5.4712E-06
-1.5742E-08	-6.0603E-09	2.1248E-06	3.1365E-06
2.1430E-08	7.5078E-09	5.1731E-07	2.7007E-06
7.1176E-09	-1.6076E-08	7.9072E-08	3.4626E-06
2.2920E-08	3.8520E-09	4.3475E-07	3.4156E-06
-2.4225E-08	5.4848E-09	-7.6234E-07	3.6526E-06
4.2125E-09	4.9706E-08	2.5678E-07	5.3613E-06
6.3005E-08	-8.3755E-09	1.4720E-06	4.0611E-06
1.3501E-08	-3.4405E-08	4.1067E-07	3.3333E-06
3.9732E-09	2.0285E-09	-2.9379E-07	4.1181E-06
-2.9737E-08	-2.5218E-08	6.2490E-08	4.7319E-06
-1.3059E-08	-5.5304E-09	4.1312E-07	5.1538E-06
-7.5704E-09	1.8541E-08	1.2131E-06	4.8606E-06
-4.7751E-08	-2.4315E-08	1.1337E-06	4.7711E-06
-1.7219E-09	2.6207E-08	1.9690E-06	3.8715E-06
2.4983E-08	-2.5383E-08	5.5285E-08	3.2492E-06
2.3015E-09	2.7404E-08	4.8605E-07	4.8620E-06
-5.7941E-09	4.1587E-08	7.5368E-07	3.9107E-06
3.2932E-08	-5.4833E-08	-3.4842E-08	4.4398E-06
2.0775E-08	1.0380E-08	3.3910E-07	5.4021E-06
1.3833E-08	-7.4743E-09	1.8428E-06	5.0721E-06
1.9732E-08	-1.9476E-08	1.2342E-06	3.8053E-06
6.0077E-09	-7.9206E-09	1.0955E-06	3.9325E-06
1.4380E-08	1.3858E-08	-2.2098E-08	3.5516E-06
-2.4671E-08	-7.0078E-09	4.8213E-07	4.9318E-06
3.9464E-09	1.4073E-08	3.5110E-07	3.4406E-06
-5.8912E-08	-2.1277E-09	-7.2697E-07	5.1388E-06
-2.7550E-08	-1.0102E-08	8.1505E-07	4.9345E-06
3.1011E-08	5.3179E-09	2.0284E-07	4.5361E-06
-1.1730E-08	-7.9550E-09	3.6419E-08	4.2203E-06
-1.5245E-08	-2.8862E-09	-1.1917E-06	5.2006E-06
2.0765E-09	-1.5592E-08	4.2819E-08	6.1227E-06
2.3184E-08	-2.2236E-09	-2.3991E-08	5.9831E-06
1.0001E-08	-3.5473E-08	1.1350E-06	6.2966E-06
5.8433E-08	-8.9883E-09	6.5223E-07	5.1403E-06
-2.9899E-08	5.8661E-09	8.6593E-07	6.1836E-06
6.1953E-09	1.6913E-08	1.1027E-06	4.5324E-06
1.8332E-08	-3.0244E-08	-8.2658E-07	5.8602E-06
-7.4775E-08	5.0978E-09	1.2043E-06	6.8789E-06
-8.7564E-09	-5.6719E-09	1.1071E-06	5.6001E-06
6.5849E-08	-6.2155E-08	1.0493E-06	6.1560E-06
-3.2285E-08	-5.6288E-09	1.4212E-06	5.6507E-06
9.5317E-10	-3.1797E-08	1.1185E-06	5.6336E-06
-4.2144E-08	-7.1446E-09	1.4637E-06	5.4131E-06
-4.1202E-08	-1.0549E-08	6.1645E-07	4.6036E-06
1.4260E-08	1.8415E-08	-6.3540E-07	6.0434E-06
-3.0936E-08	-3.1333E-08	1.0154E-06	7.5119E-06
-4.8922E-08	-6.6254E-09	2.5881E-06	6.1818E-06
-1.3173E-08	-1.1420E-08	1.7518E-06	4.5005E-06
-2.9264E-09	-1.5104E-08	2.9023E-07	5.0506E-06
-1.5770E-08	-4.4651E-08	7.2533E-07	5.7341E-06
2.6203E-08	-3.1229E-09	7.0102E-07	5.3615E-06
1.2286E-08	-2.6263E-08	1.9144E-07	5.1853E-06
-1.8833E-08	-5.8263E-08	-8.2985E-07	6.1200E-06
5.0265E-08	-3.0757E-08	5.0686E-07	7.5061E-06
-1.9099E-08	3.9368E-09	1.3875E-06	6.2178E-06
-2.3274E-08	-2.9272E-08	7.1532E-07	5.8944E-06
-5.7643E-09	-5.1723E-08	2.4924E-07	5.6437E-06
-3.4171E-09	-2.0191E-08	-6.9132E-07	6.7224E-06
2.3934E-08	-1.3193E-08	8.4886E-07	7.5668E-06
-2.8129E-09	3.3155E-08	8.3630E-07	5.9842E-06
-1.8324E-08	2.8590E-08	-3.3462E-07	6.7871E-06
7.5777E-09	1.1475E-08	4.0913E-07	7.1332E-06
8.4262E-09	2.9004E-08	-7.3242E-08	7.1103E-06
-1.9103E-08	1.8715E-08	5.2731E-07	7.7941E-06
-3.4490E-08	-8.8511E-10	7.0588E-07	6.9842E-06
-2.0212E-08	-4.8245E-09	-1.4844E-08	7.3837E-06
-9.2485E-09	-3.4271E-08	5.1570E-07	7.6911E-06
1.8040E-08	2.8542E-08	2.1569E-07	7.3370E-06
1.8280E-08	1.1007E-08	-3.2063E-08	7.7331E-06
-2.5733E-08	1.7209E-08	-4.0074E-07	8.0612E-06
-2.4096E-08	1.7657E-08	1.0288E-07	9.1259E-06
-3.6861E-08	3.5774E-08	7.9440E-07	8.5080E-06
1.8772E-08	-5.2550E-09	2.9927E-07	8.6508E-06
-1.2853E-08	-1.6332E-08	4.6298E-07	8.8436E-06
-2.7867E-08	-1.5328E-08	5.0815E-07	9.2562E-06
-8.6076E-09	-1.3542E-08	9.0872E-07	9.2167E-06
9.7486E-09	4.0671E-08	1.3350E-06	9.2268E-06
-2.8930E-08	-1.0629E-08	8.3988E-07	7.7588E-06
-2.4407E-08	-9.6535E-09	-1.1446E-06	9.5240E-06
3.2028E-08	1.9858E-08	9.5093E-07	1.0666E-05
-1.3264E-08	-3.8412E-08	1.0132E-06	9.5534E-06
-4.5861E-10	-2.0901E-08	5.1357E-07	9.1625E-06
-1.6956E-08	-3.2834E-08	-9.0248E-07	1.0285E-05
1.8848E-08	2.8453E-08	6.7515E-07	1.1004E-05
2.4401E-08	-2.2484E-08	-1.2553E-06	1.0413E-05
8.5193E-09	6.0111E-09	-2.2437E-07	1.4060E-05
8.5950E-09	-1.8429E-08	2.3002E-06	1.2170E-05
2.9793E-08	-3.2509E-08	5.5186E-07	1.1702E-05
-6.5519E-09	-1.1306E-08	3.9721E-07	1.2602E-05
-1.0798E-09	1.3313E-08	-6.4661E-08	1.3659E-05
1.7500E-08	-2.5384E-08	8.2319E-07	1.5103E-05
-4.9564E-09	-5.4946E-09	1.7634E-06	1.5468E-05
8.1016E-09	6.2787E-10	2.5343E-06	1.5759E-05
3.4645E-08	-4.6626E-08	2.7052E-06	1.5622E-05
-6.5226E-09	-6.2960E-08	2.5364E-06	1.6830E-05
-2.3668E-09	3.7530E-09	3.7986E-06	1.7747E-05
5.9870E-09	3.1180E-08	4.2086E-06	1.8438E-05
1.5478E-08	3.6902E-08	5.9235E-06	1.9768E-05
2.8473E-09	-2.8670E-08	7.2879E-06	1.9776E-05
-2.0405E-08	1.1169E-08	9.0505E-06	2.1006E-05
3.3921E-08	7.1839E-09	1.1826E-05	2.0445E-05
-2.5404E-08	3.1318E-09	1.3560E-05	2.0108E-05
-4.0261E-08	-1.6343E-08	1.6526E-05	1.8850E-05
-8.5047E-10	-1.7769E-08	1.8129E-05	1.6752E-05
2.5204E-08	-3.1723E-08	2.0075E-05	1.3861E-05
-1.3963E-08	-4.5311E-08	1.8760E-05	1.0616E-05
-5.4935E-09	-1.7254E-08	1.8735E-05	1.0421E-05
-2.1139E-08	-2.5922E-08	1.9225E-05	7.8893E-06
3.3768E-08	-5.6182E-09	1.8823E-05	6.1802E-06
-2.0595E-08	-3.0244E-08	1.7651E-05	3.1344E-06
3.5967E-09	-7.2200E-09	1.5142E-05	2.5967E-06
5.2211E-09	-1.8495E-08	1.3991E-05	1.5673E-06
-1.7888E-09	7.1304E-09	1.1770E-05	1.4331E-06
-1.0438E-08	-2.9611E-08	9.8503E-06	1.1667E-06
1.3095E-08	2.2961E-08	7.5234E-06	3.4606E-06
-1.6020E-08	-4.9524E-09	8.2407E-06	4.7187E-06
-3.7383E-08	-9.6167E-09	7.6159E-06	6.0913E-06
5.0784E-09	-2.4991E-09	9.5525E-06	6.5681E-06
-9.2015E-09	5.6196E-10	8.7443E-06	5.8334E-06
1.6139E-08	-3.1794E-08	9.0681E-06	6.7400E-06
-3.2403E-09	2.7994E-09	8.9565E-06	6.9056E-06
-1.4019E-08	5.5386E-09	1.0218E-05	7.4816E-06
-2.2635E-08	-2.7460E-08	1.0202E-05	5.9652E-06
5.2942E-09	-1.6223E-08	8.9881E-06	7.0143E-06
-3.7124E-08	-3.8408E-08	1.1159E-05	8.2121E-06
-2.7190E-09	1.2062E-08	1.2052E-05	5.3339E-06
1.2821E-09	4.8586E-08	9.9371E-06	5.7195E-06
2.0904E-08	-2.1597E-08	1.1273E-05	5.7321E-06
1.4750E-08	-1.5797E-08	9.9429E-06	5.3351E-06
-3.1768E-08	-2.7326E-08	1.1166E-05	5.9379E-06
6.5771E-08	2.2460E-08	1.0592E-05	5.0363E-06
3.4807E-09	7.4551E-09	1.1925E-05	5.2784E-06
-3.1262E-08	-6.6851E-09	1.1360E-05	2.5275E-06
-2.4459E-08	7.0725E-09	9.4206E-06	2.1589E-06
-2.0571E-08	6.5737E-09	7.0268E-06	2.5118E-06
1.8907E-08	-3.6813E-08	6.5558E-06	5.2686E-06
-2.1581E-08	2.4374E-08	7.6375E-06	6.0846E-06
2.0697E-10	-3.5534E-08	8.8829E-06	6.1303E-06
2.3402E-09	4.7105E-09	8.2517E-06	4.8795E-06
1.8222E-08	-3.7641E-09	7.8700E-06	6.0366E-06
1.3156E-09	9.8608E-09	7.7653E-06	5.2727E-06
-3.4205E-10	1.0395E-08	6.3387E-06	6.9437E-06
8.3179E-09	-3.2830E-09	7.7782E-06	8.4273E-06
-1.7835E-08	-1.2135E-08	8.8230E-06	8.3611E-06
-4.9342E-09	-4.4201E-09	9.0909E-06	8.0606E-06
-9.0592E-09	8.5760E-09	9.2762E-06	8.7105E-06
1.2804E-08	1.4341E-09	1.0208E-05	8.6059E-06
-6.6637E-09	-1.2462E-08	1.0096E-05	8.9979E-06
6.4804E-09	2.7068E-08	1.2112E-05	9.7313E-06
-1.5795E-08	-1.4452E-08	1.3195E-05	7.4511E-06
2.7720E-08	2.3444E-09	1.1996E-05	7.2894E-06
6.9605E-09	2.0440E-08	1.3126E-05	7.3762E-06
2.6471E-08	1.5417E-09	1.2987E-05	6.2621E-06
-2.7810E-08	1.0759E-08	1.2955E-05	6.0566E-06
1.5939E-08	-2.2897E-09	1.2732E-05	5.6320E-06
3.3598E-08	-3.5891E-08	1.2734E-05	5.2692E-06
6.0893E-09	9.8043E-09	1.1954E-05	5.3108E-06
3.6856E-08	-1.4140E-08	1.2780E-05	5.4149E-06
2.6884E-08	2.9379E-09	1.1301E-05	4.4175E-06
-2.5901E-08	-4.2035E-08	1.1233E-05	7.1548E-06
-5.4301E-09	-2.8011E-08	1.4062E-05	6.4366E-06
-1.1791E-08	-1.0845E-09	1.3502E-05	4.2351E-06
-4.0363E-08	-3.6424E-09	1.1794E-05	4.4497E-06
1.5935E-08	1.1509E-08	1.2130E-05	5.7837E-06
-1.7500E-08	-1.1428E-08	1.2635E-05	5.3630E-06
2.7706E-08	2.5583E-08	1.2637E-05	5.9267E-06
-7.2791E-09	-5.4091E-10	1.3417E-05	5.3281E-06
2.2004E-08	-1.4419E-08	1.2392E-05	5.5338E-06
4.8160E-08	-1.4539E-09	1.3513E-05	6.6723E-06
-1.7703E-08	1.3889E-08	1.3982E-05	5.9574E-06
-1.4869E-08	2.0644E-08	1.4195E-05	6.9388E-06
-9.2437E-09	-1.1592E-08	1.5853E-05	7.1590E-06
1.3964E-08	1.2064E-08	1.7704E-05	6.9227E-06
-1.7170E-08	1.4116E-08	1.9407E-05	4.9182E-06
-1.7633E-08	-1.5122E-09	2.0165E-05	3.6919E-06
-3.5282E-08	1.2166E-09	2.1689E-05	-1.6543E-07
3.1662E-08	1.4380E-08	1.8030E-05	-3.3001E-06
-4.2096E-08	-4.0779E-08	1.6228E-05	-2.7766E-06
-6.0126E-08	5.3117E-08	1.4667E-05	-3.0079E-06
1.1981E-09	2.9838E-08	1.4421E-05	-2.4486E-06
-5.4110E-09	8.6703E-10	1.3414E-05	-3.7805E-06
-1.8232E-08	1.2504E-08	1.1059E-05	-3.5991E-06
-2.4188E-08	-1.9338E-09	9.0288E-06	-1.5628E-06
-2.9876E-08	-1.3374E-08	1.0113E-05	9.0122E-07
-2.7716E-08	-1.1228E-08	1.0697E-05	6.7907E-07
3.6114E-08	-1.5315E-09	1.0724E-05	1.6513E-06
2.9147E-08	-1.2775E-08	1.1053E-05	2.3673E-06
9.2763E-11	-3.7100E-08	1.2948E-05	3.5834E-06
7.8776E-09	-2.9677E-08	1.4063E-05	1.3419E-06
1.6282E-08	-2.1266E-08	1.2568E-05	2.6247E-06
2.4907E-09	1.5533E-10	1.6594E-05	3.3439E-06
1.5845E-08	3.3563E-09	1.7079E-05	-1.2121E-06
1.5758E-08	-1.7706E-08	1.4704E-05	-1.4937E-06
4.1205E-11	-1.0656E-08	1.4603E-05	-1.7251E-06
2.0644E-09	-4.5812E-08	1.3908E-05	-1.0457E-06
-9.2747E-09	4.1997E-09	1.5477E-05	-1.6864E-06
-1.4523E-08	7.1270E-09	1.4417E-05	-2.7678E-06
-7.9017E-10	-5.5529E-09	1.5359E-05	-3.2736E-06
2.7440E-09	-2.6440E-08	1.3455E-05	-5.7189E-06
-7.0631E-10	-3.3613E-08	1.1129E-05	-4.5032E-06
-1.0180E-08	-1.7713E-08	1.0857E-05	-2.4192E-06
-2.2084E-10	4.1070E-09	1.3803E-05	-1.9753E-06
2.6824E-08	-1.0729E-09	1.3653E-05	-5.5622E-06
-5.0205E-08	3.3449E-08	1.1153E-05	-5.7975E-06
-3.7289E-09	2.3478E-09	1.0210E-05	-5.1561E-06
-9.1512E-09	3.4510E-09	9.8862E-06	-5.2252E-06
8.3426E-09	-1.3153E-08	7.6680E-06	-4.5493E-06
1.4010E-10	-9.9172E-09	9.0148E-06	-1.9094E-06
-1.3405E-08	2.1112E-08	9.7502E-06	-3.4259E-06
2.2694E-08	-5.0194E-09	9.7129E-06	-2.6250E-06
-4.7765E-08	5.1713E-09	1.0009E-05	-4.4463E-06
6.3185E-09	-9.3512E-09	8.2739E-06	-3.9179E-06
-2.4185E-08	-3.8530E-09	8.1319E-06	-3.9658E-06
1.5874E-08	2.0508E-08	7.1587E-06	-2.8263E-06
1.5152E-08	-1.8840E-08	7.6595E-06	-2.7677E-06
-7.5638E-09	-1.7545E-08	6.8090E-06	-1.5978E-06
-1.0779E-08	-2.1052E-08	8.5000E-06	-1.4568E-06
-3.0733E-09	-1.5084E-08	7.2092E-06	-2.0167E-06
-2.1914E-08	2.8025E-08	7.9611E-06	-2.8245E-07
-2.7630E-08	7.3844E-09	9.0777E-06	-1.4690E-06
-2.5705E-10	5.0674E-08	8.0016E-06	-2.0104E-06
-2.6864E-09	6.0506E-09	7.7459E-06	-1.1255E-06
-3.7963E-08	7.7383E-09	8.1171E-06	-1.6384E-06
-2.0328E-08	-1.8406E-08	6.3785E-06	-9.2259E-07
6.9669E-09	9.1009E-09	8.2784E-06	9.8171E-07
-5.7304E-10	2.8551E-09	8.2707E-06	-1.3488E-06
-6.1925E-09	3.3414E-11	6.5606E-06	1.1065E-06
-2.0897E-08	5.8557E-09	9.2397E-06	1.8507E-06
-2.5768E-08	5.4870E-09	9.7116E-06	1.5276E-06
-9.9274E-09	-1.1510E-08	1.1498E-05	5.6766E-07
-1.9009E-08	-2.2925E-09	1.0467E-05	-8.0181E-07
-2.3196E-09	-1.8327E-08	1.0770E-05	-1.0076E-06
-2.8062E-09	-4.8181E-08	8.8553E-06	-1.7196E-06
1.9711E-08	-2.0298E-08	8.8507E-06	6.4276E-07
-1.1582E-08	-2.9397E-08	9.8124E-06	8.4687E-07
1.3225E-08	2.8801E-09	1.1124E-05	2.0043E-06
-1.7559E-08	-1.0399E-08	1.3435E-05	8.5747E-07
1.8430E-08	3.3855E-08	1.4211E-05	-6.0180E-07
1.5801E-08	2.6697E-08	1.5285E-05	-2.6872E-06
7.6161E-09	-1.5193E-08	1.4148E-05	-5.9974E-06
-8.1411E-09	3.5339E-10	1.1192E-05	-6.7022E-06
7.7128E-09	-3.0038E-08	9.7008E-06	-6.5060E-06
-1.1398E-08	-1.1244E-08	7.8528E-06	-5.2624E-06
1.8050E-08	-1.2451E-08	8.7091E-06	-4.3539E-06
1.3848E-08	-2.8410E-08	7.4102E-06	-4.7384E-06
1.7391E-08	1.7298E-08	7.6225E-06	-3.1236E-06
-7.5740E-09	3.6176E-08	7.6076E-06	-3.4119E-06
1.7347E-08	-5.3402E-09	7.7912E-06	-2.3646E-06
1.0068E-08	1.9719E-09	8.3971E-06	-2.3842E-06
-1.4438E-08	-1.8743E-08	9.6198E-06	-2.6161E-06
2.5140E-08	-2.1151E-08	9.0274E-06	-4.7782E-06
3.1796E-08	8.0729E-09	7.3344E-06	-4.1779E-06
2.1347E-08	-7.0082E-09	7.4650E-06	-3.4382E-06
-3.0967E-09	2.4010E-08	8.1095E-06	-3.9234E-06
-2.2183E-08	-1.9380E-08	6.6472E-06	-5.0554E-06
-2.9998E-08	-4.1677E-08	5.4879E-06	-4.0170E-06
-3.1273E-08	1.3638E-08	4.4579E-06	-3.4104E-06
-2.2519E-08	7.9439E-10	4.4002E-06	-1.1128E-06
2.5388E-08	-2.2012E-09	5.9659E-06	-4.2263E-07
2.4642E-08	-4.2810E-09	6.9791E-06	-1.1646E-06
-1.9070E-08	4.3054E-08	5.7355E-06	-1.5446E-06
-7.8157E-09	-6.7661E-09	6.7720E-06	8.9269E-09
7.9404E-09	-3.1989E-09	7.0874E-06	-1.9291E-06
4.9284E-09	-5.8919E-09	5.4749E-06	-9.4873E-07
1.4355E-08	3.9958E-09	6.2216E-06	-1.0220E-07
2.6005E-08	-3.9714E-08	6.7668E-06	-3.1696E-07
-5.0054E-08	-2.3127E-08	5.7191E-06	-1.0397E-06
4.3337E-08	-3.8812E-10	4.4722E-06	1.2139E-06
-1.8718E-08	-2.0477E-08	6.6045E-06	3.2005E-06
-1.2075E-08	7.3642E-09	8.5187E-06	1.8701E-06
5.3073E-11	1.2343E-08	7.2732E-06	1.8163E-06
-2.4994E-09	-5.2959E-09	9.5464E-06	3.0332E-06
-1.7144E-08	-2.3873E-09	9.6745E-06	5.4806E-07
4.4901E-09	-2.4911E-09	9.0603E-06	1.4465E-06
-1.5260E-08	1.5810E-08	9.4592E-06	9.7481E-07
8.7191E-09	1.9986E-09	9.9370E-06	1.3473E-06
4.4607E-09	1.3981E-08	9.3788E-06	-5.3910E-09
-3.1414E-10	1.4669E-09	8.8137E-06	2.1408E-06
-8.7978E-09	-1.9001E-08	1.0728E-05	1.6716E-06
1.0371E-08	9.8849E-09	1.0348E-05	1.4611E-06
-9.1343E-09	-5.0534E-09	1.0947E-05	1.6864E-06
-1.8910E-08	-5.0111E-09	1.1752E-05	1.3273E-06
-1.1456E-08	6.1885E-09	1.0854E-05	6.1671E-07
6.7989E-09	-1.5379E-08	1.1472E-05	2.6847E-06
7.8154E-09	-4.8214E-11	1.3363E-05	1.6809E-06
2.4280E-08	-4.3981E-09	1.4028E-05	1.0429E-06
-4.8966E-08	1.2725E-08	1.3230E-05	-7.6474E-07
1.1225E-08	-7.7164E-09	1.2938E-05	1.7017E-06
-3.9803E-08	2.5399E-08	1.5681E-05	-1.0010E-07
3.6181E-09	1.4868E-08	1.3914E-05	-9.3591E-07
5.1248E-09	5.1366E-09	1.4095E-05	-3.7806E-07
-9.1337E-09	2.7662E-08	1.4078E-05	1.0030E-06
-1.9646E-08	3.8403E-08	1.6488E-05	2.0433E-06
2.6454E-08	-4.0951E-09	1.9658E-05	2.3922E-06
-8.3450E-09	-4.2484E-08	2.4497E-05	-5.8600E-07
3.9454E-09	-2.2390E-08	2.6457E-05	-6.7255E-06
6.9006E-09	1.3331E-08	2.3463E-05	-1.3802E-05
-2.3149E-09	2.3840E-08	1.7281E-05	-1.4873E-05
3.1988E-08	-2.5232E-09	1.4700E-05	-1.3782E-05
-3.2042E-09	5.0899E-09	1.3810E-05	-1.2247E-05
-6.4860E-09	7.7391E-09	1.3841E-05	-1.3966E-05
-1.0036E-08	-8.2369E-10	1.0826E-05	-1.3480E-05
8.7943E-09	8.0845E-09	1.0764E-05	-1.3493E-05
-1.6226E-09	-9.9727E-09	7.8693E-06	-1.2329E-05
-2.7213E-08	-3.0684E-08	1.0203E-05	-1.0732E-05
8.4618E-09	1.7598E-08	8.8282E-06	-1.3889E-05
6.8743E-09	5.6700E-09	5.6627E-06	-1.1816E-05
-8.0569E-09	7.1757E-09	6.8367E-06	-9.7791E-06
6.4926E-09	2.6041E-08	7.0133E-06	-1.0992E-05
4.0451E-09	-8.8681E-09	5.2542E-06	-9.7148E-06
2.8587E-08	3.5600E-08	6.8665E-06	-8.6573E-06
-2.3755E-08	-1.5635E-08	6.5047E-06	-1.0007E-05
3.6954E-08	9.1555E-09	5.2609E-06	-9.0498E-06
-4.1139E-08	-1.8415E-08	6.0675E-06	-7.9910E-06
-8.7010E-09	-1.5593E-08	6.4762E-06	-8.4685E-06
-1.4828E-08	-8.4275E-09	6.9620E-06	-8.6091E-06
5.8186E-09	-5.7013E-09	5.7599E-06	-1.0431E-05
2.2840E-08	2.6212E-08	4.0074E-06	-7.9399E-06
-1.6412E-08	3.3080E-09	5.8837E-06	-7.9534E-06
-1.0798E-08	1.1984E-08	4.8923E-06	-7.4322E-06
-4.7347E-08	-2.3620E-08	7.0685E-06	-7.7230E-06
1.0440E-08	2.2380E-08	5.1958E-06	-9.5102E-06
6.5487E-09	4.1360E-08	4.3142E-06	-7.6398E-06
3.0402E-09	-4.5140E-08	5.8626E-06	-6.7087E-06
-2.5836E-08	1.9959E-08	6.9106E-06	-9.0950E-06
-2.8135E-09	3.1899E-08	3.9477E-06	-9.0663E-06
-8.4001E-09	-1.0180E-08	5.4925E-06	-7.3296E-06
1.8523E-08	4.6150E-08	5.7793E-06	-9.4434E-06
-4.1880E-08	1.8692E-08	3.7447E-06	-9.9392E-06
2.1069E-08	-5.0382E-09	2.8287E-06	-7.6000E-06
1.4811E-08	9.5981E-10	5.4811E-06	-8.0599E-06
1.0282E-08	1.1255E-08	3.4696E-06	-1.0007E-05
-2.3948E-08	1.1177E-08	2.8738E-06	-8.8788E-06
7.9391E-09	2.8770E-08	2.1431E-06	-9.1263E-06
1.1754E-08	1.3116E-08	1.5024E-06	-9.0081E-06
-2.2872E-09	-1.1744E-08	-8.0940E-07	-7.7899E-06
4.4512E-09	1.2348E-08	3.2523E-07	-5.1908E-06
-3.3125E-09	-9.2645E-09	5.1967E-07	-4.2345E-06
1.8308E-08	-2.5753E-09	4.3118E-06	-3.2248E-06
2.4869E-08	6.4428E-09	3.8991E-06	-7.3325E-06
3.0179E-08	-3.9433E-08	1.3992E-06	-6.1913E-06
6.1250E-09	-1.2020E-08	3.2477E-06	-4.5852E-06
1.4364E-08	-3.1927E-08	1.9132E-06	-7.0320E-06
6.4221E-10	-3.0563E-09	2.7534E-06	-3.5518E-06
6.3733E-10	-3.0494E-09	4.1604E-06	-6.7154E-06
6.3241E-10	-3.0424E-09	1.5808E-06	-7.3735E-06
6.2747E-10	-3.0354E-09	2.7872E-07	-5.4226E-06
6.2249E-10	-3.0283E-09	9.9262E-07	-4.2563E-06
6.1748E-10	-3.0211E-09	1.5650E-06	-3.3447E-06
6.1243E-10	-3.0139E-09	2.8750E-06	-3.6261E-06
6.0736E-10	-3.0067E-09	2.7342E-06	-3.9868E-06
6.0226E-10	-2.9994E-09	3.2427E-06	-3.9445E-06
5.9714E-10	-2.9921E-09	3.6405E-06	-4.7567E-06
5.9199E-10	-2.9847E-09	2.3459E-06	-5.7744E-06
5.8681E-10	-2.9773E-09	1.5102E-06	-3.9209E-06
5.8161E-10	-2.9698E-09	2.8521E-06	-4.3424E-06
5.7639E-10	-2.9622E-09	1.4767E-06	-4.1516E-06
5.7114E-10	-2.9546E-09	2.4209E-06	-3.3049E-06
5.6588E-10	-2.9470E-09	2.1542E-06	-3.1618E-06
5.6059E-10	-2.9393E-09	3.9276E-06	-2.9671E-06
5.5529E-10	-2.9316E-09	2.7834E-06	-5.1219E-06
5.4997E-10	-2.9238E-09	1.3669E-06	-2.9904E-06
5.4463E-10	-2.9160E-09	3.1830E-06	-1.9837E-06
5.3928E-10	-2.9082E-09	4.5601E-06	-2.9215E-06
5.3391E-10	-2.9003E-09	4.1176E-06	-4.4958E-06
5.2852E-10	-2.8923E-09	3.1751E-06	-4.2367E-06
5.2313E-10	-2.8843E-09	3.1724E-06	-4.2159E-06
5.1772E-10	-2.8763E-09	2.7036E-06	-3.9944E-06
5.1230E-10	-2.8682E-09	2.9673E-06	-3.4151E-06
5.0687E-10	-2.8601E-09	3.6324E-06	-3.9006E-06
5.0143E-10	-2.8520E-09	2.5416E-06	-4.5443E-06
4.9598E-10	-2.8438E-09	2.3100E-06	-2.9382E-06
4.9052E-10	-2.8355E-09	3.8478E-06	-3.4466E-06
4.8506E-10	-2.8273E-09	2.6031E-06	-4.4548E-06
4.7959E-10	-2.8190E-09	2.2659E-06	-2.7721E-06
4.7412E-10	-2.8106E-09	3.8605E-06	-3.1503E-06
4.6864E-10	-2.8022E-09	2.9513E-06	-4.1521E-06
4.6315E-10	-2.7938E-09	2.4560E-06	-3.2730E-06
4.5767E-10	-2.7854E-09	2.9703E-06	-2.5485E-06
4.5218E-10	-2.7769E-09	4.2539E-06	-3.0903E-06
4.4669E-10	-2.7683E-09	3.4054E-06	-4.0367E-06
4.4120E-10	-2.7598E-09	3.8494E-06	-3.7430E-06
4.3570E-10	-2.7512E-09	2.4720E-06	-4.9800E-06
4.3021E-10	-2.7425E-09	2.4110E-06	-2.4597E-06
4.2473E-10	-2.7339E-09	4.0470E-06	-4.5174E-06
4.1924E-10	-2.7252E-09	1.2036E-06	-4.1322E-06
4.1375E-10	-2.7165E-09	2.5520E-06	-2.4727E-06
4.0827E-10	-2.7077E-09	2.5999E-06	-3.0438E-06
4.0280E-10	-2.6989E-09	3.2154E-06	-2.5588E-06
3.9733E-10	-2.6901E-09	3.2741E-06	-3.3943E-06
3.9186E-10	-2.6812E-09	3.2814E-06	-3.0755E-06
3.8640E-10	-2.6723E-09	3.3960E-06	-4.2324E-06
3.8095E-10	-2.6634E-09	1.6370E-06	-3.8676E-06
3.7550E-10	-2.6545E-09	2.0065E-06	-2.4775E-06
3.7006E-10	-2.6455E-09	2.6580E-06	-1.9206E-06
3.6463E-10	-2.6366E-09	4.3941E-06	-2.7465E-06
3.5921E-10	-2.6275E-09	2.2979E-06	-4.3418E-06
3.5380E-10	-2.6185E-09	2.7584E-06	-1.5820E-06
3.4840E-10	-2.6094E-09	4.1511E-06	-4.3673E-06
3.4301E-10	-2.6003E-09	9.9045E-07	-3.5433E-06
3.3764E-10	-2.5912E-09	2.4223E-06	-2.0447E-06
3.3227E-10	-2.5821E-09	2.1574E-06	-2.0300E-06
3.2692E-10	-2.5729E-09	3.7523E-06	-1.2133E-06
3.2158E-10	-2.5637E-09	4.4154E-06	-3.0619E-06
3.1625E-10	-2.5545E-09	3.1513E-06	-3.6737E-06
3.1094E-10	-2.5453E-09	2.6192E-06	-2.9567E-06
3.0565E-10	-2.5360E-09	2.7086E-06	-2.8018E-06
3.0036E-10	-2.5267E-09	2.6166E-06	-1.9257E-06
2.9510E-10	-2.5175E-09	4.2319E-06	-2.1456E-06
2.8985E-10	-2.5081E-09	3.4539E-06	-3.6219E-06
2.8461E-10	-2.4988E-09	2.7959E-06	-2.5596E-06
2.7940E-10	-2.4895E-09	3.7997E-06	-2.7558E-06
2.7420E-10	-2.4801E-09	3.0070E-06	-3.4672E-06
2.6902E-10	-2.4707E-09	2.8656E-06	-2.2673E-06
2.6386E-10	-2.4613E-09	4.3855E-06	-2.8918E-06
2.5871E-10	-2.4519E-09	3.1104E-06	-4.6268E-06
2.5359E-10	-2.4424E-09	1.5670E-06	-3.0294E-06
2.4848E-10	-2.4330E-09	2.9987E-06	-2.4754E-06
2.4340E-10	-2.4235E-09	2.1756E-06	-2.9338E-06
2.3834E-10	-2.4140E-09	3.3651E-06	-1.7627E-06
2.3329E-10	-2.4045E-09	3.0909E-06	-4.0683E-06
2.2827E-10	-2.3950E-09	1.3669E-06	-1.9259E-06
2.2327E-10	-2.3855E-09	3.7073E-06	-1.8221E-06
2.1829E-10	-2.3760E-09	3.1183E-06	-2.6004E-06
2.1334E-10	-2.3664E-09	3.7576E-06	-2.9746E-06
2.0841E-10	-2.3569E-09	2.1533E-06	-3.6889E-06
2.0350E-10	-2.3473E-09	1.9482E-06	-2.0783E-06
1.9861E-10	-2.3377E-09	2.5181E-06	-1.9270E-06
1.9375E-10	-2.3281E-09	2.8973E-06	-1.5239E-06
1.8891E-10	-2.3185E-09	3.6264E-06	-1.7389E-06
1.8409E-10	-2.3089E-09	4.0697E-06	-2.2786E-06
1.7931E-10	-2.2993E-09	3.8450E-06	-3.5705E-06
1.7454E-10	-2.2897E-09	1.8868E-06	-3.2841E-06
1.6980E-10	-2.2800E-09	2.7997E-06	-1.4090E-06
1.6509E-10	-2.2704E-09	3.5816E-06	-2.8181E-06
1.6040E-10	-2.2608E-09	2.6849E-06	-2.3949E-06
1.5574E-10	-2.2511E-09	3.1139E-06	-2.6231E-06
1.5110E-10	-2.2414E-09	2.5268E-06	-1.9942E-06
1.4650E-10	-2.2318E-09	3.7380E-06	-2.1582E-06
1.4191E-10	-2.2221E-09	2.9424E-06	-2.7429E-06
1.3736E-10	-2.2124E-09	3.1969E-06	-2.3349E-06
1.3283E-10	-2.2028E-09	2.8421E-06	-2.6274E-06
1.2833E-10	-2.1931E-09	2.9984E-06	-2.0472E-06
1.2386E-10	-2.1834E-09	3.3734E-06	-2.4543E-06
1.1942E-10	-2.1737E-09	2.8807E-06	-2.6265E-06
1.1500E-10	-2.1640E-09	2.9750E-06	-2.0384E-06
1.1062E-10	-2.1543E-09	3.4202E-06	-2.3504E-06
1.0626E-10	-2.1446E-09	3.6172E-06	-2.4752E-06
1.0193E-10	-2.1349E-09	3.3438E-06	-3.9091E-06
9.7630E-11	-2.1252E-09	1.2641E-06	-2.9416E-06
9.3360E-11	-2.1155E-09	2.5551E-06	-1.8250E-06
8.9119E-11	-2.1058E-09	1.8442E-06	-2.5870E-06
8.4908E-11	-2.0961E-09	1.7002E-06	-6.0456E-07
8.0726E-11	-2.0864E-09	4.0147E-06	-5.2047E-07
7.6575E-11	-2.0768E-09	4.0493E-06	-2.5582E-06
7.2453E-11	-2.0671E-09	2.9594E-06	-2.0028E-06
6.8362E-11	-2.0574E-09	3.9616E-06	-2.5095E-06
6.4302E-11	-2.0477E-09	2.2357E-06	-2.9361E-06
6.0271E-11	-2.0380E-09	3.0135E-06	-1.4557E-06
5.6272E-11	-2.0283E-09	3.2446E-06	-3.0494E-06
5.2304E-11	-2.0187E-09	1.3942E-06	-2.5371E-06
4.8366E-11	-2.0090E-09	1.5925E-06	-5.0791E-07
4.4460E-11	-1.9993E-09	3.7491E-06	-2.4974E-07
4.0584E-11	-1.9897E-09	3.7237E-06	-2.1425E-06
3.6741E-11	-1.9800E-09	2.3829E-06	-1.3750E-06
3.2928E-11	-1.9704E-09	3.4693E-06	-4.4603E-07
2.9147E-11	-1.9607E-09	4.2603E-06	-1.1024E-06
2.5398E-11	-1.9511E-09	4.1970E-06	-1.9509E-06
2.1680E-11	-1.9415E-09	3.1231E-06	-1.8362E-06
1.7994E-11	-1.9318E-09	3.9032E-06	-6.3503E-07
1.4340E-11	-1.9222E-09	4.7170E-06	-1.6515E-06
1.0718E-11	-1.9126E-09	4.5849E-06	-1.8551E-06
7.1282E-12	-1.9030E-09	4.2767E-06	-2.7345E-06
3.5703E-12	-1.8934E-09	3.9511E-06	-1.5657E-06
4.4475E-14	-1.8839E-09	5.3588E-06	-3.3118E-06
-3.4491E-12	-1.8743E-09	2.1033E-06	-3.4336E-06
-6.9105E-12	-1.8647E-09	3.6994E-06	-7.0477E-07
-1.0340E-11	-1.8552E-09	4.8212E-06	-2.7928E-06
-1.3736E-11	-1.8457E-09	3.4737E-06	-3.0670E-06
-1.7101E-11	-1.8361E-09	2.8964E-06	-2.3954E-06
-2.0433E-11	-1.8266E-09	3.6047E-06	-1.2646E-06
-2.3732E-11	-1.8171E-09	4.9574E-06	-2.3135E-06
-2.6999E-11	-1.8076E-09	3.6253E-06	-3.6309E-06
-3.0233E-11	-1.7981E-09	2.5483E-06	-2.0770E-06
-3.3435E-11	-1.7887E-09	4.0423E-06	-1.3683E-06
-3.6605E-11	-1.7792E-09	4.6991E-06	-2.2528E-06
-3.9742E-11	-1.7698E-09	4.6669E-06	-3.3861E-06
-4.2846E-11	-1.7604E-09	3.1169E-06	-3.9476E-06
-4.5918E-11	-1.7510E-09	2.1596E-06	-2.6139E-06
-4.8957E-11	-1.7416E-09	3.0100E-06	-1.2477E-06
-5.1964E-11	-1.7322E-09	4.3995E-06	-1.9492E-06
-5.4938E-11	-1.7228E-09	3.8092E-06	-2.5969E-06
-5.7880E-11	-1.7135E-09	3.9596E-06	-2.7519E-06
-6.0789E-11	-1.7041E-09	2.6773E-06	-2.6326E-06
-6.3665E-11	-1.6948E-09	3.9953E-06	-8.1755E-07
-6.6510E-11	-1.6855E-09	5.4041E-06	-2.8600E-06
-6.9321E-11	-1.6762E-09	4.0199E-06	-3.5494E-06
-7.2101E-11	-1.6669E-09	3.6930E-06	-3.6797E-06
-7.4848E-11	-1.6577E-09	2.2525E-06	-3.2340E-06
-7.7562E-11	-1.6485E-09	3.1171E-06	-1.1841E-06
-8.0244E-11	-1.6392E-09	5.1922E-06	-2.5253E-06
-8.2894E-11	-1.6300E-09	3.5671E-06	-4.3226E-06
-8.5512E-11	-1.6209E-09	2.1737E-06	-2.6742E-06
-8.8098E-11	-1.6117E-09	3.7254E-06	-1.8215E-06
-9.0651E-11	-1.6025E-09	3.8824E-06	-3.1976E-06
-9.3172E-11	-1.5934E-09	2.7934E-06	-2.8211E-06
-9.5662E-11	-1.5843E-09	3.0721E-06	-1.8622E-06
-9.8119E-11	-1.5752E-09	4.3227E-06	-1.5006E-06
-1.0054E-10	-1.5662E-09	5.2029E-06	-2.9743E-06
-1.0294E-10	-1.5571E-09	4.3238E-06	-3.9410E-06
-1.0530E-10	-1.5481E-09	3.4001E-06	-4.0518E-06
-1.0763E-10	-1.5391E-09	3.1799E-06	-3.3507E-06
-1.0993E-10	-1.5301E-09	2.8564E-06	-3.8525E-06
-1.1220E-10	-1.5211E-09	2.4997E-06	-1.8944E-06
-1.1443E-10	-1.5122E-09	5.2012E-06	-3.1607E-06
-1.1664E-10	-1.5033E-09	2.7454E-06	-4.8797E-06
-1.1881E-10	-1.4944E-09	2.3612E-06	-3.3567E-06
-1.2095E-10	-1.4855E-09	2.1059E-06	-2.8529E-06
-1.2306E-10	-1.4766E-09	3.8070E-06	-2.3412E-06
-1.2514E-10	-1.4678E-09	3.1299E-06	-4.4175E-06
-1.2719E-10	-1.4590E-09	2.0951E-06	-3.1076E-06
-1.2921E-10	-1.4502E-09	2.9407E-06	-3.2378E-06
-1.3119E-10	-1.4414E-09	2.6132E-06	-3.9278E-06
-1.3315E-10	-1.4327E-09	1.1863E-06	-4.1116E-06
-1.3508E-10	-1.4240E-09	4.0692E-07	-2.1962E-06
-1.3697E-10	-1.4153E-09	1.9635E-06	-1.0100E-06
-1.3884E-10	-1.4066E-09	3.0231E-06	-2.3830E-06
-1.4067E-10	-1.3980E-09	9.4566E-07	-2.5587E-06
-1.4248E-10	-1.3893E-09	1.6908E-06	2.3260E-07
-1.4425E-10	-1.3807E-09	4.2644E-06	-4.4469E-07
-1.4600E-10	-1.3722E-09	4.2961E-06	-2.2273E-06
-1.4771E-10	-1.3636E-09	3.2769E-06	-2.1976E-06
-1.4940E-10	-1.3551E-09	4.3296E-06	-2.1452E-06
-1.5105E-10	-1.3466E-09	3.1553E-06	-3.6682E-06
-1.5268E-10	-1.3381E-09	2.5405E-06	-2.0160E-06
-1.5428E-10	-1.3297E-09	3.2181E-06	-2.4193E-06
-1.5585E-10	-1.3213E-09	3.0854E-06	-1.6958E-06
-1.5739E-10	-1.3129E-09	4.0941E-06	-2.5292E-06
-1.5890E-10	-1.3045E-09	3.0924E-06	-2.7506E-06
-1.6038E-10	-1.2962E-09	3.4181E-06	-2.4512E-06
-1.6183E-10	-1.2878E-09	3.3181E-06	-2.5629E-06
-1.6326E-10	-1.2796E-09	3.4420E-06	-2.7715E-06
-1.6465E-10	-1.2713E-09	2.9907E-06	-2.7162E-06
-1.6602E-10	-1.2631E-09	3.0258E-06	-2.4807E-06
-1.6736E-10	-1.2549E-09	3.2420E-06	-1.9037E-06
-1.6867E-10	-1.2467E-09	4.1944E-06	-2.7052E-06
-1.6996E-10	-1.2385E-09	3.0061E-06	-2.8982E-06
-1.7121E-10	-1.2304E-09	4.0501E-06	-2.4617E-06
-1.7244E-10	-1.2223E-09	3.0730E-06	-3.6082E-06
-1.7365E-10	-1.2142E-09	3.2594E-06	-2.0982E-06
-1.7482E-10	-1.2062E-09	3.7363E-06	-3.3929E-06
-1.7597E-10	-1.1982E-09	3.0302E-06	-2.3629E-06
-1.7709E-10	-1.1902E-09	4.5045E-06	-3.2154E-06
-1.7818E-10	-1.1822E-09	3.0269E-06	-3.8930E-06
-1.7925E-10	-1.1743E-09	3.2855E-06	-3.2737E-06
-1.8029E-10	-1.1664E-09	2.7427E-06	-3.8329E-06
-1.8131E-10	-1.1585E-09	2.2198E-06	-2.7900E-06
-1.8229E-10	-1.1507E-09	3.3278E-06	-2.1683E-06
-1.8326E-10	-1.1429E-09	4.0426E-06	-3.1948E-06
-1.8419E-10	-1.1351E-09	3.5708E-06	-3.7141E-06
-1.8511E-10	-1.1273E-09	3.4524E-06	-4.1775E-06
-1.8599E-10	-1.1196E-09	2.5762E-06	-4.6293E-06
-1.8685E-10	-1.1119E-09	1.2349E-06	-4.0967E-06
-1.8769E-10	-1.1043E-09	1.7354E-06	-2.0317E-06
-1.8850E-10	-1.0966E-09	3.2273E-06	-3.3163E-06
-1.8928E-10	-1.0890E-09	1.6466E-06	-2.8804E-06
-1.9004E-10	-1.0814E-09	3.5434E-06	-2.6310E-06
-1.9078E-10	-1.0739E-09	1.9441E-06	-3.9910E-06
-1.9149E-10	-1.0664E-09	2.1375E-06	-1.8203E-06
-1.9218E-10	-1.0589E-09	3.8419E-06	-2.5633E-06
-1.9284E-10	-1.0514E-09	3.5397E-06	-4.2258E-06
-1.9348E-10	-1.0440E-09	1.6646E-06	-3.6465E-06
-1.9410E-10	-1.0366E-09	3.4291E-06	-2.7951E-06
-1.9469E-10	-1.0292E-09	2.2750E-06	-4.7294E-06
-1.9526E-10	-1.0219E-09	2.0394E-06	-2.8683E-06
-1.9580E-10	-1.0146E-09	2.4209E-06	-4.3030E-06
-1.9633E-10	-1.0073E-09	1.3073E-06	-3.1015E-06
-1.9683E-10	-1.0001E-09	2.0272E-06	-3.5694E-06
-1.9730E-10	-9.9289E-10	8.1605E-07	-2.3238E-06
-1.9776E-10	-9.8571E-10	3.3811E-06	-1.7546E-06
-1.9819E-10	-9.7856E-10	3.0513E-06	-4.0849E-06
-1.9860E-10	-9.7144E-10	1.7550E-06	-3.3961E-06
-1.9899E-10	-9.6435E-10	2.4867E-06	-2.9152E-06
-1.9936E-10	-9.5730E-10	2.8030E-06	-3.6994E-06
-1.9970E-10	-9.5027E-10	1.9595E-06	-4.2242E-06
-2.0003E-10	-9.4328E-10	1.7448E-06	-3.3746E-06
-2.0033E-10	-9.3632E-10	2.3234E-06	-4.4956E-06
-2.0061E-10	-9.2938E-10	-2.8700E-08	-4.1793E-06
-2.0087E-10	-9.2249E-10	1.4288E-06	-2.5124E-06
-2.0111E-10	-9.1562E-10	7.2889E-07	-4.1548E-06
-2.0133E-10	-9.0878E-10	2.2173E-07	-1.9231E-06
-2.0153E-10	-9.0198E-10	1.7815E-06	-2.4554E-06
-2.0170E-10	-8.9520E-10	1.5544E-06	-2.9417E-06
-2.0186E-10	-8.8846E-10	4.4361E-07	-3.3541E-06
-2.0200E-10	-8.8175E-10	8.3309E-07	-9.0024E-07
-2.0212E-10	-8.7507E-10	2.8924E-06	-3.0021E-06
-2.0222E-10	-8.6843E-10	5.5162E-07	-3.0092E-06
-2.0230E-10	-8.6181E-10	1.6926E-06	-2.5152E-06
-2.0236E-10	-8.5523E-10	5.4025E-07	-2.7395E-06
-2.0240E-10	-8.4868E-10	1.6003E-06	-2.0894E-06
-2.0242E-10	-8.4216E-10	6.2608E-07	-3.1340E-06
-2.0243E-10	-8.3567E-10	2.5476E-07	-1.6645E-06
-2.0241E-10	-8.2922E-10	7.0359E-07	-1.2402E-06
-2.0238E-10	-8.2279E-10	1.7681E-06	-5.7625E-07
-2.0233E-10	-8.1640E-10	2.7284E-06	-1.7687E-06
-2.0226E-10	-8.1004E-10	2.1038E-06	-2.6034E-06
-2.0218E-10	-8.0372E-10	1.3946E-06	-2.4120E-06
-2.0207E-10	-7.9742E-10	1.7831E-06	-2.1168E-06
-2.0195E-10	-7.9116E-10	1.1455E-06	-2.9544E-06
-2.0181E-10	-7.8492E-10	2.2942E-07	-1.3439E-06
-2.0166E-10	-7.7872E-10	2.1625E-06	-9.7814E-07
-2.0148E-10	-7.7256E-10	1.6044E-06	-2.4487E-06
-2.0130E-10	-7.6642E-10	9.0930E-07	-1.2252E-06
-2.0109E-10	-7.6032E-10	2.0578E-06	-1.1061E-06
-2.0087E-10	-7.5424E-10	1.7942E-06	-1.6653E-06
-2.0063E-10	-7.4820E-10	1.7273E-06	-7.4716E-07
-2.0038E-10	-7.4220E-10	3.6799E-06	-9.7072E-07
-2.0011E-10	-7.3622E-10	3.0327E-06	-3.4883E-06
-1.9982E-10	-7.3027E-10	1.3771E-06	-2.5052E-06
-1.9952E-10	-7.2436E-10	1.8947E-06	-2.6756E-06
-1.9920E-10	-7.1848E-10	6.2975E-07	-2.1645E-06
-1.9887E-10	-7.1263E-10	1.2873E-06	-1.3142E-06
-1.9853E-10	-7.0681E-10	1.4053E-06	-6.0792E-07
-1.9816E-10	-7.0103E-10	3.4939E-06	-9.8415E-07
-1.9779E-10	-6.9528E-10	2.4410E-06	-2.7661E-06
-1.9740E-10	-6.8955E-10	2.1015E-06	-2.0151E-06
-1.9699E-10	-6.8386E-10	1.7524E-06	-2.3030E-06
-1.9658E-10	-6.7821E-10	2.0709E-06	-1.5838E-06
-1.9614E-10	-6.7258E-10	2.0528E-06	-2.2280E-06
-1.9570E-10	-6.6699E-10	2.2131E-06	-1.7656E-06
-1.9524E-10	-6.6142E-10	1.9023E-06	-2.7224E-06
-1.9476E-10	-6.5589E-10	1.3912E-06	-1.3940E-06
-1.9428E-10	-6.5039E-10	2.6707E-06	-2.0592E-06
-1.9378E-10	-6.4492E-10	1.4038E-06	-2.4039E-06
-1.9327E-10	-6.3949E-10	1.8227E-06	-1.4222E-06
-1.9274E-10	-6.3408E-10	2.1870E-06	-2.0424E-06
-1.9220E-10	-6.2871E-10	1.6578E-06	-1.7462E-06
-1.9165E-10	-6.2336E-10	2.6334E-06	-1.5194E-06
-1.9109E-10	-6.1805E-10	2.3500E-06	-2.8526E-06
-1.9052E-10	-6.1277E-10	1.2459E-06	-2.2448E-06
-1.8993E-10	-6.0753E-10	1.7000E-06	-1.5428E-06
-1.8933E-10	-6.0231E-10	2.3198E-06	-1.7032E-06
-1.8872E-10	-5.9712E-10	2.3031E-06	-2.3477E-06
-1.8810E-10	-5.9197E-10	1.8494E-06	-2.7034E-06
-1.8747E-10	-5.8684E-10	7.2425E-07	-2.2644E-06
-1.8683E-10	-5.8175E-10	1.6725E-06	-8.1884E-07
-1.8617E-10	-5.7669E-10	2.3016E-06	-2.0769E-06
-1.8551E-10	-5.7166E-10	1.7594E-06	-1.5821E-06
-1.8483E-10	-5.6666E-10	2.4751E-06	-2.1297E-06
-1.8415E-10	-5.6169E-10	1.7390E-06	-2.5588E-06
-1.8345E-10	-5.5675E-10	8.6312E-07	-2.2089E-06
-1.8274E-10	-5.5184E-10	1.8434E-06	-5.1568E-07
-1.8203E-10	-5.4696E-10	3.0402E-06	-3.2770E-06
-1.8130E-10	-5.4212E-10	-7.8857E-07	-2.6274E-06
-1.8057E-10	-5.3730E-10	8.4617E-07	5.2079E-07
-1.7982E-10	-5.3252E-10	2.9496E-06	-3.3692E-08
-1.7907E-10	-5.2776E-10	3.7707E-06	-2.1775E-06
-1.7830E-10	-5.2304E-10	1.3216E-06	-2.6119E-06
-1.7753E-10	-5.1834E-10	2.2662E-06	-1.0552E-06
-1.7675E-10	-5.1368E-10	2.3933E-06	-2.1967E-06
-1.7596E-10	-5.0904E-10	2.2993E-06	-2.2444E-06
-1.7516E-10	-5.0444E-10	1.0367E-06	-2.4696E-06
-1.7435E-10	-4.9986E-10	1.8992E-06	-8.8447E-07
-1.7354E-10	-4.9532E-10	1.8247E-06	-2.5034E-06
-1.7271E-10	-4.9080E-10	1.2418E-06	-4.6469E-07
-1.7188E-10	-4.8632E-10	3.3963E-06	-1.7612E-06
-1.7104E-10	-4.8186E-10	1.2556E-06	-2.2993E-06
-1.7019E-10	-4.7744E-10	2.1282E-06	-6.4874E-07
-1.6934E-10	-4.7304E-10	3.2222E-06	-1.4323E-06
-1.6848E-10	-4.6868E-10	3.5143E-06	-2.8152E-06
-1.6761E-10	-4.6434E-10	1.3901E-06	-3.8012E-06
-1.6673E-10	-4.6003E-10	8.8429E-07	-1.3910E-06
-1.6585E-10	-4.5575E-10	2.7234E-06	-2.1959E-06
-1.6496E-10	-4.5150E-10	8.2341E-07	-2.9143E-06
-1.6406E-10	-4.4728E-10	1.1253E-06	-9.3430E-07
-1.6316E-10	-4.4309E-10	2.2775E-06	-1.6393E-06
-1.6225E-10	-4.3893E-10	1.8130E-06	-1.7815E-06
-1.6133E-10	-4.3479E-10	2.3731E-06	-1.7820E-06
-1.6041E-10	-4.3069E-10	2.0723E-06	-2.7738E-06
-1.5948E-10	-4.2661E-10	8.7331E-07	-2.3437E-06
-1.5854E-10	-4.2256E-10	1.4188E-06	-1.4395E-06
-1.5760E-10	-4.1854E-10	1.3872E-06	-1.9778E-06
-1.5666E-10	-4.1455E-10	1.3085E-06	-8.7202E-07
-1.5571E-10	-4.1059E-10	2.8352E-06	-1.7492E-06
-1.5475E-10	-4.0665E-10	1.0051E-06	-2.8319E-06
-1.5379E-10	-4.0275E-10	5.7430E-07	-6.5967E-07
-1.5282E-10	-3.9887E-10	2.4143E-06	-2.6216E-07
-1.5185E-10	-3.9502E-10	3.4653E-06	-1.6142E-06
-1.5088E-10	-3.9119E-10	2.3223E-06	-3.2205E-06
-1.4990E-10	-3.8740E-10	9.9265E-07	-2.1589E-06
-1.4891E-10	-3.8363E-10	1.7039E-06	-1.7544E-06
-1.4792E-10	-3.7989E-10	1.3837E-06	-1.8622E-06
-1.4693E-10	-3.7618E-10	1.7009E-06	-1.4888E-06
-1.4593E-10	-3.7249E-10	1.8125E-06	-1.7926E-06
-1.4493E-10	-3.6883E-10	1.8124E-06	-1.8578E-06
-1.4392E-10	-3.6520E-10	1.5692E-06	-2.2465E-06
-1.4291E-10	-3.6160E-10	7.8350E-07	-1.9181E-06
-1.4190E-10	-3.5802E-10	9.9765E-07	-9.1392E-07
-1.4088E-10	-3.5447E-10	1.7764E-06	-9.2454E-07
-1.3986E-10	-3.5095E-10	2.0133E-06	-1.1764E-06
-1.3884E-10	-3.4745E-10	2.0066E-06	-1.6546E-06
-1.3781E-10	-3.4398E-10	1.4991E-06	-1.3518E-06
-1.3678E-10	-3.4053E-10	2.1523E-06	-1.0900E-06
-1.3575E-10	-3.3712E-10	2.2695E-06	-1.6590E-06
-1.3471E-10	-3.3373E-10	1.8669E-06	-2.1181E-06
-1.3367E-10	-3.3036E-10	8.6003E-07	-1.2442E-06
-1.3263E-10	-3.2702E-10	2.7009E-06	-2.2825E-07
-1.3159E-10	-3.2371E-10	2.9877E-06	-2.3754E-06
-1.3054E-10	-3.2042E-10	2.0110E-06	-2.0150E-06
-1.2950E-10	-3.1716E-10	1.9349E-06	-2.9470E-06
-1.2845E-10	-3.1392E-10	9.6332E-08	-1.4360E-06
-1.2739E-10	-3.1071E-10	2.7254E-06	-5.3716E-07
-1.2634E-10	-3.0752E-10	1.9981E-06	-2.8182E-06
-1.2528E-10	-3.0436E-10	1.0651E-06	-1.7416E-06
-1.2422E-10	-3.0123E-10	8.0669E-07	-1.5108E-06
-1.2317E-10	-2.9812E-10	1.7044E-06	3.3916E-08
-1.2210E-10	-2.9503E-10	2.8099E-06	-1.6779E-06
-1.2104E-10	-2.9197E-10	1.5635E-06	-1.1672E-06
-1.1998E-10	-2.8894E-10	2.9890E-06	-1.1392E-06
-1.1891E-10	-2.8593E-10	2.7599E-06	-2.1880E-06
-1.1785E-10	-2.8294E-10	2.2586E-06	-2.9062E-06
-1.1678E-10	-2.7998E-10	9.5770E-07	-2.4259E-06
-1.1571E-10	-2.7704E-10	1.2533E-06	-1.7269E-06
-1.1464E-10	-2.7413E-10	1.2968E-06	-1.2803E-06
-1.1357E-10	-2.7124E-10	2.0966E-06	-1.5415E-06
-1.1250E-10	-2.6837E-10	1.6966E-06	-1.7171E-06
-1.1143E-10	-2.6553E-10	1.9902E-06	-2.2247E-06
-1.1036E-10	-2.6271E-10	6.5572E-07	-1.7693E-06
-1.0929E-10	-2.5992E-10	2.0256E-06	-1.2587E-06
-1.0822E-10	-2.5715E-10	8.6591E-07	-2.0470E-06
-1.0715E-10	-2.5440E-10	1.6417E-06	-5.5634E-07
-1.0608E-10	-2.5167E-10	1.9147E-06	-1.9154E-06
-1.0501E-10	-2.4897E-10	1.2545E-06	-1.3090E-06
-1.0393E-10	-2.4629E-10	1.6012E-06	-1.0519E-06
-1.0286E-10	-2.4364E-10	2.3092E-06	-1.2401E-06
-1.0179E-10	-2.4101E-10	1.5625E-06	-1.9967E-06
-1.0072E-10	-2.3840E-10	1.5881E-06	-1.2330E-06
-9.9651E-11	-2.3581E-10	1.1471E-06	-1.3642E-06
-9.8582E-11	-2.3325E-10	2.3185E-06	-2.2251E-09
-9.7513E-11	-2.3070E-10	2.9874E-06	-2.0446E-06
-9.6445E-11	-2.2818E-10	2.3099E-06	-1.5634E-06
-9.5377E-11	-2.2569E-10	2.5630E-06	-3.3427E-06
-9.4311E-11	-2.2321E-10	-2.4183E-07	-2.3533E-06
-9.3245E-11	-2.2076E-10	1.2632E-06	-4.2698E-07
-9.2181E-11	-2.1832E-10	1.9389E-06	-1.4086E-06
-9.1118E-11	-2.1591E-10	1.4099E-06	-1.3148E-06
-9.0056E-11	-2.1352E-10	2.1675E-06	-9.3484E-07
-8.8995E-11	-2.1116E-10	1.8409E-06	-2.0962E-06
-8.7935E-11	-2.0881E-10	1.3413E-06	-5.9024E-07
-8.6877E-11	-2.0649E-10	3.1704E-06	-1.4299E-06
-8.5821E-11	-2.0418E-10	1.9281E-06	-2.2928E-06
-8.4766E-11	-2.0190E-10	2.0674E-06	-2.0641E-06
-8.3712E-11	-1.9964E-10	1.2949E-06	-2.2403E-06
-8.2661E-11	-1.9740E-10	1.4644E-06	-1.5715E-06
-8.1611E-11	-1.9518E-10	1.7047E-06	-1.5939E-06
-8.0563E-11	-1.9298E-10	2.0972E-06	-2.1903E-06
-7.9517E-11	-1.9080E-10	6.7203E-07	-2.6632E-06
-7.8473E-11	-1.8864E-10	3.3494E-07	-8.3815E-07
-7.7431E-11	-1.8650E-10	2.1495E-06	-5.2402E-07
-7.6392E-11	-1.8438E-10	2.3044E-06	-2.3954E-06
-7.5354E-11	-1.8228E-10	5.1129E-07	-2.0206E-06
-7.4319E-11	-1.8020E-10	1.3042E-06	-8.2914E-07
-7.3286E-11	-1.7814E-10	1.8293E-06	-1.4838E-06
-7.2255E-11	-1.7610E-10	1.4265E-06	-1.9938E-06
-7.1227E-11	-1.7408E-10	4.9228E-07	-1.3937E-06
-7.0202E-11	-1.7208E-10	1.3774E-06	-2.9412E-07
-6.9179E-11	-1.7009E-10	2.3998E-06	-9.4528E-07
-6.8159E-11	-1.6813E-10	2.1263E-06	-2.0634E-06
-6.7141E-11	-1.6619E-10	1.0454E-06	-1.4991E-06
-6.6126E-11	-1.6426E-10	2.3444E-06	-1.2009E-06
-6.5114E-11	-1.6236E-10	1.5340E-06	-2.6263E-06
-6.4105E-11	-1.6047E-10	8.6891E-07	-1.5099E-06
-6.3099E-11	-1.5860E-10	1.3119E-06	-1.6649E-06
-6.2095E-11	-1.5675E-10	9.0882E-07	-1.3987E-06
-6.1095E-11	-1.5492E-10	1.4012E-06	-1.1465E-06
-6.0098E-11	-1.5310E-10	1.2934E-06	-1.7947E-06
-5.9104E-11	-1.5131E-10	4.0809E-07	-9.9158E-07
-5.8113E-11	-1.4953E-10	1.9519E-06	-2.9859E-07
-5.7126E-11	-1.4777E-10	2.0389E-06	-1.8603E-06
-5.6141E-11	-1.4602E-10	1.3204E-06	-1.8185E-06
-5.5161E-11	-1.4430E-10	6.9620E-07	-1.9831E-06
-5.4183E-11	-1.4259E-10	2.0100E-07	-8.4734E-07
-5.3209E-11	-1.4090E-10	9.3260E-07	-2.4850E-07
-5.2238E-11	-1.3923E-10	1.7261E-06	-2.2198E-07
-5.1271E-11	-1.3757E-10	2.0792E-06	-9.1379E-07
-5.0308E-11	-1.3594E-10	2.0328E-06	-1.4184E-06
-4.9348E-11	-1.3431E-10	1.0034E-06	-1.9543E-06
-4.8392E-11	-1.3271E-10	5.3956E-07	-3.4566E-07
-4.7440E-11	-1.3112E-10	2.1957E-06	-2.8643E-07
-4.6491E-11	-1.2955E-10	2.0786E-06	-1.6433E-06
-4.5546E-11	-1.2799E-10	9.9314E-07	-1.5109E-06
-4.4605E-11	-1.2646E-10	1.1207E-06	-1.0263E-06
-4.3668E-11	-1.2493E-10	3.6618E-07	-6.9433E-07
-4.2735E-11	-1.2343E-10	1.7784E-06	1.1265E-06
-4.1805E-11	-1.2194E-10	3.5273E-06	-1.0811E-06
-4.0880E-11	-1.2046E-10	1.6700E-06	-2.0716E-06
-3.9959E-11	-1.1901E-10	9.2443E-07	-1.1807E-06
-3.9042E-11	-1.1756E-10	1.2719E-06	-7.3847E-08
-3.8129E-11	-1.1614E-10	2.4813E-06	-2.0112E-07
-3.7220E-11	-1.1472E-10	2.9725E-06	-1.1146E-06
-3.6315E-11	-1.1333E-10	2.1020E-06	-2.3150E-06
-3.5415E-11	-1.1195E-10	1.0380E-06	-1.2651E-06
-3.4519E-11	-1.1058E-10	1.7744E-06	-9.5721E-07
-3.3627E-11	-1.0923E-10	1.8590E-06	-9.9155E-07
-3.2739E-11	-1.0789E-10	2.0254E-06	-1.4766E-06
-3.1856E-11	-1.0657E-10	1.5580E-06	-1.3649E-06
-3.0977E-11	-1.0527E-10	1.4376E-06	-1.4298E-06
-3.0102E-11	-1.0398E-10	1.5334E-06	-5.9525E-07
-2.9232E-11	-1.0270E-10	2.1875E-06	-1.8375E-06
-2.8366E-11	-1.0144E-10	2.5385E-07	-1.0135E-06
-2.7505E-11	-1.0019E-10	2.2611E-06	2.3881E-07
-2.6649E-11	-9.8954E-11	2.5822E-06	-1.3615E-06
-2.5797E-11	-9.7734E-11	2.0566E-06	-1.8318E-06
-2.4949E-11	-9.6528E-11	8.5151E-07	-1.4503E-06
-2.4106E-11	-9.5335E-11	1.9740E-06	-1.8974E-07
-2.3268E-11	-9.4157E-11	2.6387E-06	-1.7309E-06
-2.2434E-11	-9.2992E-11	1.4276E-06	-2.1893E-06
-2.1605E-11	-9.1841E-11	3.6284E-07	-1.4542E-06
-2.0781E-11	-9.0703E-11	1.0507E-06	5.8486E-07
-1.9962E-11	-8.9578E-11	3.8578E-06	-7.3503E-07
-1.9147E-11	-8.8467E-11	1.2203E-06	-3.4608E-06
-1.8337E-11	-8.7369E-11	1.1280E-08	3.7139E-07
-1.7532E-11	-8.6284E-11	3.4460E-06	-7.9175E-07
-1.6731E-11	-8.5211E-11	9.7814E-07	-1.9383E-06
-1.5935E-11	-8.4152E-11	2.2021E-06	-3.8259E-07
-1.5145E-11	-8.3105E-11	1.8572E-06	-2.2099E-06
-1.4359E-11	-8.2071E-11	8.0307E-07	-9.1347E-07
-1.3578E-11	-8.1050E-11	1.9454E-06	-4.0604E-07
-1.2801E-11	-8.0040E-11	2.4539E-06	-1.3920E-06
-1.2030E-11	-7.9044E-11	1.4488E-06	-1.6184E-06
-1.1264E-11	-7.8059E-11	1.7597E-06	-1.0760E-06
-1.0502E-11	-7.7086E-11	1.6638E-06	-1.3170E-06
-9.7458E-12	-7.6126E-11	1.9050E-06	-1.4414E-06
-8.9943E-12	-7.5177E-11	9.4394E-07	-1.3577E-06
-8.2478E-12	-7.4241E-11	2.2258E-06	-3.7430E-07
-7.5062E-12	-7.3316E-11	2.1700E-06	-2.2463E-06
-6.7697E-12	-7.2402E-11	1.0249E-06	-1.5673E-06
-6.0382E-12	-7.1500E-11	1.0793E-06	-1.2406E-06
-5.3117E-12	-7.0610E-11	1.7203E-06	-5.5503E-07
-4.5903E-12	-6.9731E-11	2.0362E-06	-2.0636E-06
-3.8739E-12	-6.8863E-11	4.2351E-07	-1.4471E-06
-3.1626E-12	-6.8006E-11	1.2246E-06	-6.5111E-07
-2.4563E-12	-6.7160E-11	1.1698E-06	-7.3304E-07
-1.7551E-12	-6.6325E-11	1.7954E-06	-3.8883E-07
-1.0590E-12	-6.5501E-11	1.9576E-06	-1.0842E-06
-3.6803E-13	-6.4688E-11	1.7387E-06	-9.3346E-07
3.1786E-13	-6.3885E-11	1.8720E-06	-1.3943E-06
9.9865E-13	-6.3093E-11	9.3709E-07	-7.1886E-07
1.6743E-12	-6.2311E-11	3.0596E-06	7.2299E-08
2.3449E-12	-6.1540E-11	3.1161E-06	-3.1942E-06
3.0103E-12	-6.0779E-11	-1.9003E-07	-2.5281E-06
3.6706E-12	-6.0029E-11	6.4789E-07	-9.9530E-08
4.3257E-12	-5.9288E-11	2.0810E-06	-5.7324E-07
4.9757E-12	-5.8557E-11	2.2260E-06	-1.4540E-06
5.6206E-12	-5.7836E-11	1.3648E-06	-2.2148E-06
6.2603E-12	-5.7125E-11	3.5053E-07	-1.0818E-06
6.8949E-12	-5.6424E-11	1.5487E-06	-4.2860E-07
7.5243E-12	-5.5733E-11	1.6159E-06	-1.1416E-06
8.1485E-12	-5.5051E-11	1.5338E-06	-1.0656E-06
8.7676E-12	-5.4378E-11	1.4584E-06	-9.6699E-07
9.3816E-12	-5.3715E-11	2.2088E-06	-1.2977E-06
9.9904E-12	-5.3061E-11	8.8545E-07	-2.3900E-06
1.0594E-11	-5.2416E-11	1.9302E-07	-6.7375E-07
1.1192E-11	-5.1781E-11	1.0734E-06	-2.9303E-07
1.1786E-11	-5.1154E-11	1.9682E-06	-2.1481E-07
1.2374E-11	-5.0536E-11	1.8525E-06	-1.7584E-06
1.2957E-11	-4.9928E-11	6.6806E-07	-8.1988E-07
1.3535E-11	-4.9328E-11	1.5584E-06	-7.7928E-07
1.4108E-11	-4.8736E-11	1.0018E-06	-6.3174E-07
1.4675E-11	-4.8154E-11	1.7263E-06	-5.5203E-07
1.5238E-11	-4.7579E-11	1.1026E-06	-5.6497E-07
1.5795E-11	-4.7014E-11	2.1491E-06	2.3527E-07
1.6347E-11	-4.6456E-11	2.9599E-06	-9.7592E-07
1.6894E-11	-4.5907E-11	2.3561E-06	-2.1717E-06
1.7436E-11	-4.5366E-11	8.7480E-07	-1.9320E-06
1.7973E-11	-4.4833E-11	1.3309E-06	-1.2048E-06
1.8504E-11	-4.4308E-11	3.7573E-07	-1.8211E-06
1.9031E-11	-4.3791E-11	9.3950E-08	3.6842E-07
1.9552E-11	-4.3282E-11	1.9857E-06	3.3776E-07
2.0069E-11	-4.2780E-11	2.3778E-06	-2.9331E-07
2.0580E-11	-4.2287E-11	2.3938E-06	-1.5878E-06
2.1086E-11	-4.1801E-11	7.9829E-07	-9.6886E-07
2.1587E-11	-4.1322E-11	2.3292E-06	-1.9490E-07
2.2083E-11	-4.0851E-11	1.9598E-06	-1.6075E-06
2.2574E-11	-4.0387E-11	1.6419E-06	-9.1075E-07
2.3060E-11	-3.9931E-11	1.7886E-06	-1.4939E-06
2.3541E-11	-3.9482E-11	1.1435E-06	-1.1375E-06
2.4017E-11	-3.9040E-11	1.3615E-06	-7.3726E-07
2.4487E-11	-3.8605E-11	1.8857E-06	-5.0477E-07
2.4953E-11	-3.8177E-11	2.3282E-06	-1.3953E-06
2.5414E-11	-3.7756E-11	1.3428E-06	-1.6666E-06
2.5870E-11	-3.7342E-11	1.5310E-06	-9.5441E-07
2.6321E-11	-3.6934E-11	1.9043E-06	-1.7395E-06
2.6766E-11	-3.6534E-11	7.8659E-07	-1.9674E-06
2.7207E-11	-3.6139E-11	3.8913E-07	-1.1777E-06
2.7643E-11	-3.5752E-11	4.8555E-07	-3.2017E-07
2.8074E-11	-3.5371E-11	1.7198E-06	-1.5217E-07
2.8500E-11	-3.4996E-11	1.5516E-06	-1.1398E-06
2.8922E-11	-3.4628E-11	1.4716E-06	-7.2246E-07
2.9338E-11	-3.4266E-11	1.6648E-06	-1.6456E-06
2.9749E-11	-3.3910E-11	4.2654E-08	-1.6166E-06
3.0156E-11	-3.3560E-11	-1.4428E-08	4.8926E-07
3.0557E-11	-3.3216E-11	2.2630E-06	4.3381E-07
3.0954E-11	-3.2879E-11	1.6428E-06	-1.2233E-06
3.1346E-11	-3.2547E-11	1.2661E-06	-3.3461E-07
3.1733E-11	-3.2221E-11	1.6360E-06	-8.2619E-07
3.2116E-11	-3.1901E-11	1.2126E-06	-7.5841E-07
3.2493E-11	-3.1586E-11	7.8085E-07	-3.0104E-07
3.2866E-11	-3.1277E-11	2.3759E-06	7.4795E-07
3.3234E-11	-3.0974E-11	2.9314E-06	-2.1229E-06
3.3597E-11	-3.0676E-11	4.1140E-07	-1.7867E-06
3.3956E-11	-3.0384E-11	2.1932E-07	-1.0342E-06
3.4310E-11	-3.0097E-11	-1.4030E-07	9.4841E-07
3.4659E-11	-2.9815E-11	2.6106E-06	8.4490E-07
3.5003E-11	-2.9539E-11	1.8476E-06	-6.4342E-07
3.5343E-11	-2.9268E-11	1.8632E-06	-2.6310E-07
3.5678E-11	-2.9002E-11	1.5842E-06	-3.1340E-07
3.6009E-11	-2.8741E-11	2.0670E-06	-1.9457E-07
3.6335E-11	-2.8485E-11	1.8649E-06	-1.5471E-07
3.6656E-11	-2.8233E-11	2.8830E-06	-7.2636E-07
3.6973E-11	-2.7987E-11	9.3140E-07	-1.3443E-06
3.7285E-11	-2.7746E-11	1.9836E-06	9.0778E-07
3.7593E-11	-2.7509E-11	3.1126E-06	-9.9814E-07
3.7896E-11	-2.7277E-11	2.1390E-06	-9.5601E-07
3.8194E-11	-2.7050E-11	2.4776E-06	-1.3075E-06
3.8489E-11	-2.6827E-11	1.9127E-06	-1.6791E-06
3.8778E-11	-2.6609E-11	1.0314E-06	-1.6790E-06
3.9063E-11	-2.6395E-11	8.8074E-07	-1.5627E-07
3.9344E-11	-2.6185E-11	2.5000E-06	-5.5990E-07
3.9621E-11	-2.5980E-11	1.4431E-06	-1.7539E-06
3.9893E-11	-2.5780E-11	7.7191E-07	-4.7186E-07
4.0160E-11	-2.5583E-11	1.7123E-06	-2.0793E-07
4.0424E-11	-2.5391E-11	1.8516E-06	-4.2623E-07
4.0683E-11	-2.5202E-11	2.1064E-06	-9.4813E-07
4.0937E-11	-2.5018E-11	9.4437E-07	-7.8382E-07
4.1188E-11	-2.4838E-11	2.0932E-06	5.7545E-07
4.1434E-11	-2.4661E-11	3.1080E-06	-9.4814E-07
4.1675E-11	-2.4489E-11	2.2570E-06	-1.9417E-06
4.1913E-11	-2.4320E-11	4.2008E-07	-1.7727E-06
4.2146E-11	-2.4155E-11	9.6192E-07	9.6883E-07
4.2376E-11	-2.3994E-11	3.5220E-06	-6.2297E-07
4.2601E-11	-2.3837E-11	1.2907E-06	-1.9650E-06
4.2822E-11	-2.3683E-11	1.1877E-06	2.3207E-07
4.3038E-11	-2.3533E-11	3.1321E-06	-3.3003E-07
4.3251E-11	-2.3386E-11	2.3048E-06	-1.8849E-06
4.3460E-11	-2.3243E-11	1.4798E-06	-1.0056E-06
4.3664E-11	-2.3103E-11	2.1840E-06	-8.8343E-07
4.3865E-11	-2.2966E-11	2.1953E-06	-1.4408E-06
4.4061E-11	-2.2833E-11	1.3771E-06	-1.5478E-06
4.4254E-11	-2.2703E-11	1.9633E-06	-2.7540E-07
4.4442E-11	-2.2577E-11	3.1697E-06	-2.3193E-06
4.4627E-11	-2.2453E-11	2.1742E-07	-2.6865E-06
4.4807E-11	-2.2333E-11	9.0594E-07	-2.8168E-07
4.4984E-11	-2.2216E-11	1.9481E-06	-1.5865E-06
4.5157E-11	-2.2101E-11	6.1217E-07	-1.6843E-06
4.5326E-11	-2.1990E-11	6.2733E-07	-6.7323E-07
4.5491E-11	-2.1882E-11	1.2618E-06	-4.1749E-07
4.5652E-11	-2.1776E-11	1.6805E-06	-8.7059E-07
4.5809E-11	-2.1674E-11	1.2344E-06	-1.2074E-06
4.5963E-11	-2.1574E-11	1.0867E-06	-9.0854E-07
4.6113E-11	-2.1477E-11	1.0216E-06	-8.0066E-07
4.6259E-11	-2.1382E-11	1.3250E-06	-6.4577E-07
4.6402E-11	-2.1291E-11	9.3542E-07	-1.0716E-06
4.6541E-11	-2.1202E-11	8.0710E-07	-1.9057E-08
4.6676E-11	-2.1115E-11	1.8755E-06	-4.5716E-07
4.6808E-11	-2.1031E-11	1.0347E-06	-1.0083E-06
4.6936E-11	-2.0950E-11	8.2440E-07	-1.8228E-08
4.7060E-11	-2.0871E-11	1.8337E-06	1.2021E-07
4.7181E-11	-2.0794E-11	1.6452E-06	-5.5042E-07
4.7298E-11	-2.0720E-11	1.9180E-06	2.4887E-07
4.7412E-11	-2.0648E-11	3.0712E-06	-1.0497E-06
4.7522E-11	-2.0578E-11	1.4944E-06	-2.2353E-06
4.7629E-11	-2.0511E-11	1.7195E-07	-1.0034E-06
4.7732E-11	-2.0446E-11	1.2957E-06	3.6318E-07
4.7832E-11	-2.0383E-11	1.9407E-06	-9.2724E-07
4.7929E-11	-2.0322E-11	1.1082E-06	-4.6756E-07
4.8022E-11	-2.0263E-11	1.6361E-06	-8.1267E-07
4.8111E-11	-2.0207E-11	6.1012E-07	-6.1890E-08
4.8198E-11	-2.0152E-11	2.4074E-06	4.9211E-07
4.8281E-11	-2.0099E-11	2.3326E-06	-8.4850E-07
4.8361E-11	-2.0048E-11	2.1803E-06	-9.9323E-07
4.8437E-11	-2.0000E-11	1.4836E-06	-1.4053E-06
4.8511E-11	-1.9953E-11	1.0661E-06	-6.8121E-07
4.8581E-11	-1.9907E-11	1.6900E-06	-2.8871E-08
4.8648E-11	-1.9864E-11	2.6155E-06	-1.1823E-06
4.8712E-11	-1.9822E-11	7.9041E-07	-1.6857E-06
4.8772E-11	-1.9782E-11	1.2060E-06	-6.5173E-08
4.8830E-11	-1.9744E-11	1.8781E-06	-1.0827E-06
4.8884E-11	-1.9708E-11	7.3382E-07	-9.4994E-07
4.8936E-11	-1.9673E-11	1.3832E-06	8.8661E-08
4.8984E-11	-1.9639E-11	1.8438E-06	-1.1025E-06
4.9029E-11	-1.9608E-11	5.1161E-07	-4.9742E-07
4.9072E-11	-1.9577E-11	1.5451E-06	5.6526E-08
4.9111E-11	-1.9549E-11	1.1851E-06	1.2249E-07
4.9148E-11	-1.9521E-11	2.7575E-06	3.7562E-07
4.9181E-11	-1.9495E-11	2.3856E-06	-1.2957E-06
4.9212E-11	-1.9471E-11	1.7988E-06	-1.2749E-06
4.9239E-11	-1.9448E-11	5.7276E-07	-1.1336E-06
4.9264E-11	-1.9426E-11	1.3655E-06	5.6324E-07
4.9286E-11	-1.9406E-11	2.1347E-06	-6.0002E-07
4.9305E-11	-1.9386E-11	1.4974E-06	-2.1242E-07
4.9322E-11	-1.9368E-11	2.4965E-06	8.4403E-08
4.9336E-11	-1.9352E-11	3.2607E-06	-1.5450E-06
4.9346E-11	-1.9336E-11	8.7358E-07	-2.6735E-06
4.9355E-11	-1.9322E-11	1.0484E-07	-4.7106E-07
4.9360E-11	-1.9308E-11	9.1747E-07	-8.8013E-08
4.9363E-11	-1.9296E-11	1.2591E-06	2.5943E-07
4.9363E-11	-1.9285E-11	1.5850E-06	4.0236E-07
4.9361E-11	-1.9275E-11	2.7594E-06	3.5809E-07
4.9356E-11	-1.9266E-11	2.4145E-06	-9.9310E-07
4.9348E-11	-1.9258E-11	2.3390E-06	-6.2102E-07
4.9338E-11	-1.9251E-11	1.7073E-06	-1.6962E-06
4.9326E-11	-1.9244E-11	9.1302E-07	-1.6620E-07
4.9311E-11	-1.9239E-11	1.9906E-06	7.6384E-09
4.9293E-11	-1.9235E-11	2.5813E-06	-1.5951E-07
4.9273E-11	-1.9231E-11	2.2457E-06	-1.2323E-06
4.9251E-11	-1.9229E-11	2.2188E-06	-1.1115E-07
4.9226E-11	-1.9227E-11	3.2355E-06	-1.7304E-06
4.9199E-11	-1.9226E-11	1.6806E-06	-1.9525E-06
4.9169E-11	-1.9225E-11	1.5017E-06	-2.2295E-06
4.9137E-11	-1.9226E-11	-1.7143E-07	-1.3651E-06
4.9103E-11	-1.9227E-11	7.0417E-07	1.6173E-07
4.9066E-11	-1.9229E-11	1.4993E-06	9.7197E-08
4.9027E-11	-1.9231E-11	1.7011E-06	-7.7628E-08
4.8986E-11	-1.9234E-11	2.4413E-06	3.4710E-07
4.8943E-11	-1.9238E-11	3.1091E-06	-1.3293E-06
4.8898E-11	-1.9243E-11	1.6880E-06	-1.2904E-06
4.8850E-11	-1.9248E-11	2.3533E-06	-1.2699E-06
4.8800E-11	-1.9253E-11	1.5137E-06	-1.8797E-06
4.8748E-11	-1.9259E-11	8.7747E-07	-1.4506E-06
4.8694E-11	-1.9266E-11	8.8354E-07	-4.1014E-07
4.8638E-11	-1.9273E-11	1.7039E-06	-8.3094E-07
4.8580E-11	-1.9280E-11	1.0111E-06	-5.0363E-07
4.8520E-11	-1.9288E-11	2.0153E-06	-4.1075E-07
4.8458E-11	-1.9297E-11	1.7110E-06	-7.5589E-07
4.8393E-11	-1.9306E-11	2.1063E-06	-1.1275E-06
4.8327E-11	-1.9315E-11	1.1689E-06	-1.0686E-06
4.8259E-11	-1.9324E-11	1.9354E-06	-9.8468E-07
4.8189E-11	-1.9334E-11	7.3710E-07	-1.1016E-06
4.8117E-11	-1.9345E-11	2.2370E-06	-5.4845E-08
4.8043E-11	-1.9355E-11	1.8671E-06	-2.4211E-06
4.7967E-11	-1.9366E-11	-1.7691E-07	-1.1338E-06
4.7890E-11	-1.9378E-11	8.8179E-07	4.3854E-07
4.7810E-11	-1.9389E-11	2.3684E-06	-1.6240E-07
4.7729E-11	-1.9401E-11	1.8925E-06	-1.4149E-06
4.7646E-11	-1.9413E-11	1.3480E-06	-1.1647E-06
4.7562E-11	-1.9425E-11	1.0691E-06	-1.3783E-06
4.7475E-11	-1.9438E-11	5.3296E-07	-7.6399E-07
4.7387E-11	-1.9450E-11	8.8462E-07	-5.6952E-07
4.7297E-11	-1.9463E-11	6.6466E-08	-2.4621E-08
4.7206E-11	-1.9476E-11	2.0393E-06	1.7869E-06
4.7112E-11	-1.9489E-11	3.5924E-06	-1.4785E-06
4.7018E-11	-1.9502E-11	4.3518E-07	-1.3947E-06
4.6921E-11	-1.9515E-11	1.8767E-06	-4.0767E-08
4.6823E-11	-1.9529E-11	1.3012E-06	-1.3032E-06
4.6724E-11	-1.9542E-11	7.4507E-07	-8.5269E-08
4.6623E-11	-1.9556E-11	2.0857E-06	6.4076E-07
4.6520E-11	-1.9570E-11	3.0600E-06	-1.5627E-06
4.6416E-11	-1.9583E-11	1.8146E-07	-1.3549E-06
4.6311E-11	-1.9597E-11	2.0297E-06	3.1098E-07
4.6203E-11	-1.9611E-11	1.5614E-06	-1.2962E-06
4.6095E-11	-1.9624E-11	1.7683E-06	-5.0259E-07
4.5985E-11	-1.9638E-11	9.0822E-07	-1.3331E-06
4.5874E-11	-1.9651E-11	1.3210E-06	4.6275E-07
4.5761E-11	-1.9665E-11	2.3228E-06	-5.4217E-07
4.5647E-11	-1.9679E-11	2.6585E-06	-1.2453E-06
4.5532E-11	-1.9692E-11	5.7703E-07	-2.6363E-06
4.5415E-11	-1.9706E-11	1.6725E-07	1.0841E-07
4.5297E-11	-1.9719E-11	8.5096E-07	-5.6229E-07
4.5178E-11	-1.9732E-11	1.3078E-06	1.4811E-06
4.5057E-11	-1.9745E-11	3.7379E-06	-8.8280E-07
4.4935E-11	-1.9758E-11	1.5269E-06	-2.0648E-06
4.4812E-11	-1.9771E-11	4.7541E-07	-1.5783E-06
4.4688E-11	-1.9784E-11	5.0649E-07	4.3505E-07
4.4563E-11	-1.9796E-11	2.1300E-06	-7.9936E-07
4.4436E-11	-1.9809E-11	5.0046E-07	-3.3856E-07
4.4308E-11	-1.9821E-11	2.3030E-06	-1.7611E-07
4.4180E-11	-1.9833E-11	1.0010E-06	-1.3459E-06
4.4050E-11	-1.9845E-11	8.9146E-07	-1.3069E-07
4.3919E-11	-1.9856E-11	1.2497E-06	-1.8818E-07
4.3787E-11	-1.9868E-11	1.1756E-06	-1.4445E-08
4.3653E-11	-1.9879E-11	1.8296E-06	6.1513E-07
4.3519E-11	-1.9890E-11	2.6336E-06	-7.5779E-07
4.3384E-11	-1.9901E-11	1.0821E-06	-6.8501E-07
4.3248E-11	-1.9911E-11	1.9404E-06	5.2971E-08
4.3110E-11	-1.9921E-11	1.7342E-06	-2.1071E-07
4.2972E-11	-1.9931E-11	2.9711E-06	2.6622E-07
4.2833E-11	-1.9941E-11	3.3585E-06	-2.0189E-06
4.2693E-11	-1.9950E-11	1.0477E-06	-2.3427E-06
4.2552E-11	-1.9959E-11	1.0158E-06	-8.9599E-07
4.2410E-11	-1.9968E-11	9.5627E-07	-1.2005E-06
4.2268E-11	-1.9977E-11	1.2062E-06	2.4261E-07
4.2124E-11	-1.9985E-11	2.7559E-06	-1.4180E-06
4.1980E-11	-1.9993E-11	4.6006E-07	-1.7492E-06
4.1834E-11	-2.0000E-11	1.1984E-06	-5.8533E-07
4.1688E-11	-2.0008E-11	7.6327E-07	-1.1804E-06
4.1541E-11	-2.0015E-11	7.9624E-07	-4.6051E-07
4.1394E-11	-2.0021E-11	6.4773E-07	-4.6931E-07
4.1245E-11	-2.0027E-11	1.1463E-06	2.6218E-07
4.1096E-11	-2.0033E-11	1.6661E-06	-4.3561E-07
4.0946E-11	-2.0039E-11	1.0400E-06	-5.4874E-07
4.0796E-11	-2.0044E-11	1.2197E-06	2.0504E-07
4.0644E-11	-2.0049E-11	2.0763E-06	-3.5459E-07
4.0492E-11	-2.0053E-11	1.2164E-06	-8.0903E-07
4.0340E-11	-2.0057E-11	1.3235E-06	-2.0823E-07
4.0187E-11	-2.0061E-11	1.1545E-06	-2.6436E-07
4.0033E-11	-2.0064E-11	1.8160E-06	5.9229E-07
3.9878E-11	-2.0067E-11	2.7977E-06	-8.6457E-07
3.9723E-11	-2.0069E-11	8.6672E-07	-1.2306E-06
3.9567E-11	-2.0071E-11	1.7206E-06	7.0783E-07
3.9411E-11	-2.0073E-11	3.0590E-06	-1.1996E-06
3.9254E-11	-2.0074E-11	1.2699E-06	-1.6134E-06
3.9097E-11	-2.0075E-11	1.2898E-06	-9.7200E-07
3.8939E-11	-2.0075E-11	1.2509E-06	-6.6067E-07
3.8781E-11	-2.0075E-11	1.8063E-06	-1.2945E-06
3.8622E-11	-2.0074E-11	2.0002E-07	-1.3149E-06
3.8463E-11	-2.0073E-11	8.3046E-07	1.8070E-07
3.8303E-11	-2.0072E-11	1.4698E-06	-2.4540E-07
3.8143E-11	-2.0070E-11	1.8000E-06	-5.1390E-07
3.7982E-11	-2.0068E-11	1.4092E-06	-1.1696E-06
3.7821E-11	-2.0065E-11	8.7889E-07	-1.1130E-06
3.7659E-11	-2.0062E-11	1.8744E-07	-4.1849E-07
3.7497E-11	-2.0058E-11	1.3447E-06	3.9123E-07
3.7335E-11	-2.0054E-11	1.5098E-06	-8.2151E-07
3.7172E-11	-2.0050E-11	6.9929E-07	-7.1260E-07
3.7009E-11	-2.0045E-11	1.2020E-07	-5.6481E-08
3.6846E-11	-2.0039E-11	1.0431E-06	1.4091E-06
3.6682E-11	-2.0033E-11	2.8460E-06	3.8886E-07
3.6518E-11	-2.0027E-11	2.0853E-06	-1.4512E-06
3.6354E-11	-2.0020E-11	1.4142E-07	-7.7442E-07
3.6189E-11	-2.0013E-11	1.1185E-06	1.0249E-06
3.6025E-11	-2.0005E-11	2.2215E-06	-1.4101E-07
3.5860E-11	-1.9996E-11	1.2931E-06	-4.0580E-07
3.5694E-11	-1.9988E-11	1.4554E-06	1.0433E-07
3.5529E-11	-1.9978E-11	1.4916E-06	-7.2350E-08
3.5363E-11	-1.9969E-11	1.4305E-06	5.7512E-07
3.5197E-11	-1.9958E-11	2.7056E-06	5.7816E-07
3.5031E-11	-1.9948E-11	2.9760E-06	-7.0874E-07
3.4864E-11	-1.9937E-11	2.0488E-06	-1.7813E-06
3.4698E-11	-1.9925E-11	1.6529E-07	-6.0448E-07
3.4531E-11	-1.9913E-11	2.3128E-06	1.0489E-06
3.4364E-11	-1.9900E-11	2.5449E-06	-1.5484E-06
3.4197E-11	-1.9887E-11	7.9873E-07	-4.8685E-07
3.4030E-11	-1.9873E-11	1.7520E-06	1.4829E-07
3.3863E-11	-1.9859E-11	2.4657E-06	3.2152E-07
3.3695E-11	-1.9845E-11	3.3113E-06	-1.4008E-06
3.3528E-11	-1.9830E-11	1.2367E-06	-1.7570E-06
3.3360E-11	-1.9814E-11	1.8658E-06	-6.9884E-07
3.3193E-11	-1.9798E-11	1.4823E-06	-1.8310E-06
3.3025E-11	-1.9782E-11	6.1283E-07	-7.6626E-07
3.2858E-11	-1.9764E-11	1.4678E-06	-5.6557E-07
3.2690E-11	-1.9747E-11	1.0907E-06	-9.1822E-07
3.2522E-11	-1.9729E-11	1.1184E-06	-3.8746E-07
3.2354E-11	-1.9710E-11	1.3428E-06	-6.3471E-07
3.2187E-11	-1.9691E-11	1.0042E-06	-3.4854E-07
3.2019E-11	-1.9672E-11	1.7134E-06	-5.0129E-08
3.1851E-11	-1.9652E-11	1.8786E-06	-9.7342E-07
3.1683E-11	-1.9632E-11	1.0520E-06	-1.0273E-06
3.1516E-11	-1.9611E-11	8.5752E-07	-7.7496E-07
3.1348E-11	-1.9589E-11	2.3850E-07	3.9878E-08
3.1181E-11	-1.9567E-11	1.8886E-06	1.0954E-06
3.1013E-11	-1.9545E-11	2.5232E-06	-6.3246E-07
3.0846E-11	-1.9522E-11	2.1835E-06	-8.3261E-07
3.0678E-11	-1.9499E-11	1.1343E-06	-2.4548E-06
3.0511E-11	-1.9475E-11	-1.0168E-06	4.1481E-07
3.0344E-11	-1.9451E-11	2.4686E-06	9.6302E-07
3.0177E-11	-1.9426E-11	1.1115E-06	-5.2520E-07
3.0010E-11	-1.9401E-11	2.7186E-06	8.0525E-07
2.9843E-11	-1.9375E-11	2.2772E-06	-2.1901E-06
2.9677E-11	-1.9349E-11	3.1259E-07	-3.7351E-07
2.9510E-11	-1.9322E-11	1.9953E-06	-4.9858E-08
2.9344E-11	-1.9295E-11	1.6258E-06	-1.0471E-06
2.9178E-11	-1.9267E-11	8.5726E-07	-6.7435E-07
2.9012E-11	-1.9239E-11	1.1453E-06	1.6010E-08
2.8846E-11	-1.9211E-11	1.5566E-06	1.5529E-07
2.8681E-11	-1.9182E-11	2.3722E-06	-3.5569E-07
2.8515E-11	-1.9152E-11	1.2663E-06	-9.0278E-07
2.8350E-11	-1.9122E-11	2.3473E-06	4.7756E-08
2.8185E-11	-1.9092E-11	1.7398E-06	-2.3299E-06
2.8021E-11	-1.9061E-11	-1.5511E-08	-3.1648E-07
2.7856E-11	-1.9030E-11	1.5622E-06	-1.1412E-07
2.7692E-11	-1.8998E-11	1.2659E-06	-2.5479E-07
2.7528E-11	-1.8966E-11	1.5691E-06	-3.7306E-07
2.7365E-11	-1.8933E-11	1.7651E-06	-1.8896E-07
2.7201E-11	-1.8900E-11	1.6874E-06	-1.4583E-06
2.7038E-11	-1.8867E-11	1.9499E-07	-2.0474E-07
2.6875E-11	-1.8833E-11	2.0165E-06	3.2774E-07
2.6713E-11	-1.8798E-11	1.7915E-06	-1.1289E-06
2.6550E-11	-1.8763E-11	3.1727E-07	-8.0651E-07
2.6388E-11	-1.8728E-11	1.1313E-06	1.2806E-06
2.6227E-11	-1.8692E-11	2.9674E-06	-5.0368E-07
2.6065E-11	-1.8656E-11	1.1275E-06	-9.0138E-07
2.5904E-11	-1.8620E-11	1.7480E-06	-1.0915E-07
2.5744E-11	-1.8583E-11	2.0121E-06	-6.7101E-07
2.5583E-11	-1.8545E-11	1.2449E-06	-1.3416E-06
2.5423E-11	-1.8508E-11	9.4557E-07	2.6974E-07
2.5264E-11	-1.8469E-11	2.2485E-06	-1.0346E-06
2.5104E-11	-1.8431E-11	3.6853E-07	-3.2283E-07
2.4945E-11	-1.8392E-11	2.3009E-06	-8.8554E-08
2.4787E-11	-1.8352E-11	1.0123E-06	-7.0661E-07
2.4629E-11	-1.8312E-11	2.1341E-06	-1.7475E-07
2.4471E-11	-1.8272E-11	1.3256E-06	-8.9574E-07
2.4313E-11	-1.8232E-11	1.9565E-06	-7.1702E-07
2.4156E-11	-1.8190E-11	6.0447E-07	-1.0293E-06
2.4000E-11	-1.8149E-11	1.6670E-06	1.5408E-08
2.3844E-11	-1.8107E-11	9.8439E-07	-8.8056E-07
2.3688E-11	-1.8065E-11	1.6877E-06	2.5658E-07
2.3532E-11	-1.8022E-11	1.7901E-06	-1.0167E-06
2.3377E-11	-1.7979E-11	1.3276E-06	-8.7119E-07
2.3223E-11	-1.7936E-11	5.6122E-07	-5.1441E-07
2.3069E-11	-1.7892E-11	1.9187E-06	2.1112E-07
2.2915E-11	-1.7848E-11	1.1282E-06	-1.2086E-06
2.2762E-11	-1.7804E-11	1.2008E-06	4.7296E-07
2.2609E-11	-1.7759E-11	2.2069E-06	-6.5851E-07
2.2457E-11	-1.7714E-11	1.4252E-06	-1.1045E-06
2.2305E-11	-1.7668E-11	5.0384E-07	-4.6589E-07
2.2153E-11	-1.7623E-11	2.1175E-06	4.1163E-07
2.2002E-11	-1.7576E-11	1.5239E-06	-1.6261E-06
2.1852E-11	-1.7530E-11	8.1261E-07	1.1124E-07
2.1702E-11	-1.7483E-11	1.8284E-06	-6.7805E-07
2.1552E-11	-1.7436E-11	1.0790E-06	-3.3061E-07
2.1403E-11	-1.7388E-11	1.6433E-06	-2.5720E-07
2.1255E-11	-1.7340E-11	2.0716E-06	-2.9727E-07
2.1107E-11	-1.7292E-11	2.0054E-06	-1.7536E-06
2.0959E-11	-1.7243E-11	1.6346E-07	-1.2774E-06
2.0812E-11	-1.7194E-11	6.5414E-07	3.6393E-07
2.0666E-11	-1.7145E-11	2.2223E-06	-7.4995E-08
2.0520E-11	-1.7096E-11	1.4328E-06	-1.3221E-06
2.0374E-11	-1.7046E-11	1.2660E-06	-5.5863E-07
2.0229E-11	-1.6996E-11	1.0363E-06	-1.2569E-06
2.0085E-11	-1.6945E-11	8.0749E-07	-3.0458E-07
1.9941E-11	-1.6895E-11	8.9543E-07	-9.9963E-07
1.9797E-11	-1.6844E-11	5.0769E-07	3.4879E-07
1.9654E-11	-1.6792E-11	1.9235E-06	-5.3204E-07
1.9512E-11	-1.6741E-11	6.2997E-07	-8.9086E-07
1.9370E-11	-1.6689E-11	4.7963E-07	-5.4328E-07
1.9229E-11	-1.6637E-11	-1.4488E-07	7.0436E-07
1.9088E-11	-1.6584E-11	1.8429E-06	1.4831E-06
1.8948E-11	-1.6531E-11	2.5915E-06	1.0525E-07
1.8808E-11	-1.6478E-11	2.1263E-06	-8.8073E-07
1.8669E-11	-1.6425E-11	1.3078E-06	-5.8041E-07
1.8531E-11	-1.6372E-11	1.5582E-06	-6.8209E-07
1.8393E-11	-1.6318E-11	8.1381E-07	-6.8503E-08
1.8255E-11	-1.6264E-11	2.4803E-06	6.3711E-08
1.8118E-11	-1.6210E-11	1.4800E-06	-1.5254E-06
1.7982E-11	-1.6155E-11	9.8368E-07	-4.3788E-07
1.7846E-11	-1.6100E-11	9.0925E-07	-5.5150E-07
1.7711E-11	-1.6045E-11	1.3831E-06	5.3585E-07
1.7577E-11	-1.5990E-11	2.3631E-06	-7.0385E-07
1.7443E-11	-1.5935E-11	1.2434E-06	-1.1780E-06
1.7309E-11	-1.5879E-11	5.9544E-07	-5.0551E-07
1.7176E-11	-1.5823E-11	1.6645E-06	6.1645E-07
1.7044E-11	-1.5767E-11	2.3459E-06	-1.3587E-06
1.6913E-11	-1.5710E-11	4.8902E-07	-7.7543E-07
1.6781E-11	-1.5654E-11	1.6589E-06	-3.1590E-07
1.6651E-11	-1.5597E-11	1.1158E-06	-8.3148E-07
1.6521E-11	-1.5540E-11	1.1246E-06	-8.2396E-07
1.6392E-11	-1.5483E-11	1.0754E-07	-1.5292E-07
1.6263E-11	-1.5425E-11	1.5778E-06	9.8951E-07
1.6135E-11	-1.5368E-11	2.3711E-06	9.5664E-08
1.6007E-11	-1.5310E-11	2.8255E-06	-9.1585E-07
1.5881E-11	-1.5252E-11	1.5261E-06	-1.7804E-06
1.5754E-11	-1.5194E-11	1.2653E-06	-1.1851E-06
1.5629E-11	-1.5135E-11	8.2975E-07	-1.2141E-06
1.5503E-11	-1.5077E-11	1.0389E-06	-9.1202E-07
1.5379E-11	-1.5018E-11	4.4585E-07	-8.5031E-07
1.5255E-11	-1.4959E-11	1.3159E-06	-3.4981E-07
1.5132E-11	-1.4900E-11	7.5223E-07	-1.4249E-06
1.5009E-11	-1.4841E-11	1.0255E-07	-6.6806E-07
1.4887E-11	-1.4782E-11	-2.6480E-07	2.0857E-07
1.4766E-11	-1.4722E-11	1.5847E-06	1.3881E-06
1.4645E-11	-1.4662E-11	2.6156E-06	-7.0783E-07
1.4525E-11	-1.4603E-11	1.2508E-06	-1.9760E-06
1.4405E-11	-1.4543E-11	-9.9059E-07	-6.0860E-07
1.4286E-11	-1.4482E-11	1.6908E-06	1.4498E-06
1.4168E-11	-1.4422E-11	1.5623E-06	-1.8893E-06
1.4050E-11	-1.4362E-11	-4.5644E-07	1.9502E-07
1.3933E-11	-1.4301E-11	1.2750E-06	6.0379E-07
1.3816E-11	-1.4241E-11	1.7407E-06	2.5688E-07
1.3700E-11	-1.4180E-11	1.4342E-06	-9.7422E-07
1.3585E-11	-1.4119E-11	8.3026E-07	3.7495E-07
1.3470E-11	-1.4058E-11	2.3302E-06	-7.9906E-07
1.3356E-11	-1.3997E-11	2.0933E-07	-1.2690E-06
1.3243E-11	-1.3936E-11	4.9479E-07	3.3875E-07
1.3130E-11	-1.3874E-11	1.1986E-06	2.2624E-07
1.3018E-11	-1.3813E-11	1.6056E-06	4.5114E-08
1.2907E-11	-1.3752E-11	1.4979E-06	-9.1617E-07
1.2796E-11	-1.3690E-11	-1.3498E-08	-2.0369E-07
1.2685E-11	-1.3628E-11	1.7864E-06	1.1792E-06
1.2576E-11	-1.3566E-11	1.9739E-06	-8.5437E-07
1.2467E-11	-1.3505E-11	1.3151E-06	1.2538E-07
1.2358E-11	-1.3443E-11	2.3775E-06	-7.0090E-07
1.2250E-11	-1.3381E-11	1.7106E-06	-1.6956E-06
1.2143E-11	-1.3319E-11	-4.1754E-07	-2.0022E-06
1.2037E-11	-1.3256E-11	-4.6255E-07	1.4642E-06
1.1931E-11	-1.3194E-11	2.3688E-06	2.2993E-07
1.1825E-11	-1.3132E-11	8.8079E-07	-1.4786E-07
1.1721E-11	-1.3069E-11	2.3950E-06	2.7034E-07
1.1617E-11	-1.3007E-11	2.2531E-06	-1.5108E-06
1.1513E-11	-1.2945E-11	5.8545E-07	-1.9619E-06
1.1410E-11	-1.2882E-11	-7.2607E-08	3.2441E-08
1.1308E-11	-1.2820E-11	1.8357E-06	-2.8212E-07
1.1207E-11	-1.2757E-11	7.3504E-07	-1.2512E-06
1.1106E-11	-1.2694E-11	5.0996E-07	-6.0325E-07
1.1005E-11	-1.2632E-11	4.3096E-07	-2.9777E-07
1.0906E-11	-1.2569E-11	7.8142E-07	-2.9735E-07
1.0807E-11	-1.2506E-11	4.1045E-07	-7.0131E-08
1.0708E-11	-1.2443E-11	1.0559E-06	2.3699E-07
1.0610E-11	-1.2381E-11	1.2887E-06	-1.1147E-07
1.0513E-11	-1.2318E-11	1.2569E-06	-5.9138E-07
1.0416E-11	-1.2255E-11	9.7331E-07	-5.0050E-07
1.0320E-11	-1.2192E-11	6.9511E-07	-1.1236E-06
1.0225E-11	-1.2129E-11	-2.2095E-07	1.5137E-07
1.0130E-11	-1.2066E-11	1.2459E-06	-1.3163E-07
1.0036E-11	-1.2003E-11	-3.4234E-07	-1.8701E-07
9.9426E-12	-1.1941E-11	9.5263E-07	1.0871E-06
9.8497E-12	-1.1878E-11	9.1497E-07	4.0735E-07
9.7574E-12	-1.1815E-11	1.9954E-06	8.4279E-07
9.6657E-12	-1.1752E-11	1.6713E-06	-7.7012E-07
9.5746E-12	-1.1689E-11	1.2607E-06	7.3029E-08
9.4841E-12	-1.1626E-11	1.8713E-06	-8.1401E-07
9.3942E-12	-1.1563E-11	6.1821E-07	-1.3296E-06
9.3050E-12	-1.1501E-11	-2.6554E-07	-3.9144E-08
9.2163E-12	-1.1438E-11	1.1594E-06	8.7161E-07
9.1282E-12	-1.1375E-11	1.5591E-06	-1.5884E-07
9.0408E-12	-1.1312E-11	1.6195E-06	-5.1244E-07
8.9539E-12	-1.1250E-11	4.2918E-07	-1.2947E-06
8.8677E-12	-1.1187E-11	-1.5010E-08	5.4227E-07
8.7820E-12	-1.1124E-11	1.4531E-06	4.2393E-07
8.6969E-12	-1.1062E-11	1.4851E-06	-4.7305E-07
8.6125E-12	-1.0999E-11	3.4367E-07	-8.3112E-07
8.5286E-12	-1.0937E-11	5.0666E-07	7.6179E-07
8.4453E-12	-1.0874E-11	1.4643E-06	-4.2447E-07
8.3626E-12	-1.0812E-11	3.1177E-08	1.3054E-07
8.2805E-12	-1.0750E-11	1.4645E-06	8.0791E-07
8.1990E-12	-1.0687E-11	1.4814E-06	-3.1421E-07
8.1181E-12	-1.0625E-11	7.9989E-07	-4.3753E-07
8.0378E-12	-1.0563E-11	3.6573E-07	4.7590E-07
7.9581E-12	-1.0501E-11	1.4771E-06	9.1859E-07
7.8789E-12	-1.0439E-11	2.1478E-06	5.4123E-07
7.8003E-12	-1.0377E-11	2.9310E-06	-1.0875E-06
7.7223E-12	-1.0315E-11	2.9777E-07	-2.2457E-06
7.6449E-12	-1.0253E-11	-2.6477E-07	3.6423E-07
7.5681E-12	-1.0191E-11	1.3632E-06	2.3463E-07
7.4918E-12	-1.0129E-11	9.5473E-07	-4.7423E-07
7.4161E-12	-1.0068E-11	5.9576E-07	9.1637E-08
7.3410E-12	-1.0006E-11	1.3489E-06	3.2316E-07
7.2664E-12	-9.9449E-12	1.5064E-06	-3.2392E-07
7.1924E-12	-9.8836E-12	1.1844E-06	-7.9375E-07
7.1190E-12	-9.8223E-12	1.2464E-07	-3.0293E-07
7.0462E-12	-9.7611E-12	1.4321E-06	7.6786E-07
6.9739E-12	-9.7001E-12	1.5531E-06	-9.2650E-07
6.9021E-12	-9.6391E-12	8.7337E-07	-9.5417E-08
6.8310E-12	-9.5782E-12	1.4478E-06	-1.1289E-06
6.7603E-12	-9.5175E-12	-3.0731E-07	-4.2582E-07
6.6903E-12	-9.4568E-12	1.2428E-06	5.6550E-07
6.6208E-12	-9.3962E-12	1.3100E-06	-4.7504E-07
6.5518E-12	-9.3358E-12	1.4365E-06	-7.7074E-07
6.4834E-12	-9.2754E-12	1.7609E-07	-1.3437E-06
6.4156E-12	-9.2152E-12	2.0451E-07	2.2195E-07
6.3483E-12	-9.1551E-12	1.0950E-06	-4.2315E-07
6.2815E-12	-9.0951E-12	7.0715E-07	-7.8463E-07
6.2153E-12	-9.0352E-12	-2.0700E-08	-9.9692E-07
6.1496E-12	-8.9755E-12	-5.6984E-08	1.4229E-07
6.0844E-12	-8.9158E-12	4.9009E-07	-6.6830E-07
6.0198E-12	-8.8563E-12	-5.7851E-07	-3.2015E-07
5.9557E-12	-8.7970E-12	-6.6525E-07	7.5169E-08
