jMRUI Data Textfile

Filename: Export_to_jmrui.txt

PointsInDataset: 2048
DatasetsInFile: 1
SamplingInterval: 0.250000
ZeroOrderPhase: 0E0
BeginTime: 0E0
TransmitterFrequency: 1.2326E8
MagneticField: 2.8936E0
TypeOfNucleus:  
NameOfPatient:  
DateOfExperiment:  
Spectrometer:  
AdditionalInfo: 
SignalNames:  


Signal and FFT
sig(real)	sig(imag)	fft(real)	fft(imag)
Signal 1 out of 1 in file
1.8310E-06	2.2057E-07	6.4545E-07	7.0180E-07
9.6730E-07	1.3404E-09	1.0437E-06	1.4044E-06
6.8207E-07	-3.3100E-07	2.4614E-06	9.6264E-07
4.1961E-07	-5.5768E-07	2.0434E-06	-8.7842E-07
1.3130E-08	-5.5199E-07	3.5462E-07	-6.2258E-07
-2.4627E-07	-4.1464E-07	1.4617E-07	6.5571E-07
-3.8787E-07	-1.6051E-07	1.2884E-06	1.2395E-06
-3.1831E-07	1.6164E-08	1.4209E-06	8.2108E-08
-1.6114E-07	1.1456E-07	8.0917E-07	1.1681E-06
5.7092E-08	3.2616E-08	2.7027E-06	5.0766E-07
1.6838E-07	-1.0382E-07	9.8620E-07	-7.7350E-07
1.7766E-07	-2.3493E-07	1.3248E-06	6.8530E-07
2.5959E-08	-3.2919E-07	1.2299E-06	-8.7855E-07
-1.0342E-07	-2.5082E-07	-2.3747E-07	8.6467E-07
-2.0065E-07	-2.0325E-07	1.9051E-06	1.2478E-06
-2.2077E-07	-9.8721E-08	1.3721E-06	3.6406E-07
-1.9261E-07	2.4899E-08	2.4908E-06	7.0779E-07
-1.2244E-07	5.5062E-09	1.6898E-06	-1.5158E-06
-6.7562E-08	-7.9766E-09	2.1177E-07	1.6952E-07
-3.7868E-08	-1.0845E-07	1.4060E-06	-1.8755E-07
-1.7574E-07	-7.4080E-08	-1.2008E-07	2.5344E-07
-2.0831E-07	-6.2564E-08	1.7491E-06	1.4059E-06
-2.0970E-07	2.6854E-09	1.7692E-06	-7.0337E-07
-2.3674E-07	4.7554E-08	3.7984E-07	-1.1063E-07
-1.5775E-07	1.2159E-07	7.0365E-07	3.7465E-07
-8.2852E-08	9.6754E-08	5.1049E-07	6.3686E-07
-3.5624E-08	4.9905E-08	1.0849E-06	1.2986E-06
2.9008E-08	5.3722E-09	2.1002E-06	7.6986E-07
-7.3649E-08	-3.3043E-08	1.6575E-06	-5.0301E-07
-1.3430E-07	-2.6301E-08	4.0711E-07	1.0871E-07
-2.1387E-07	1.6149E-08	1.2515E-06	7.2465E-07
-2.1273E-07	1.5316E-07	7.6508E-07	1.5368E-07
-1.1578E-07	1.9101E-07	9.6289E-07	1.2754E-06
-5.0015E-08	2.1420E-07	1.6528E-06	8.6639E-07
2.6257E-08	1.9775E-07	2.3234E-06	7.4942E-07
1.0863E-07	9.3004E-08	1.6195E-06	-1.1896E-06
1.5710E-07	5.1362E-08	3.7803E-09	6.4189E-07
8.1605E-08	2.6962E-08	1.4325E-06	5.6445E-07
4.6774E-08	3.2927E-08	4.2424E-07	1.4233E-06
-3.0363E-09	3.8976E-08	3.1784E-06	1.7365E-06
1.1056E-08	9.4551E-08	2.8324E-06	-7.7307E-07
3.1208E-08	9.5472E-08	1.6231E-06	-1.1389E-06
1.2126E-07	1.6382E-08	3.5337E-07	-5.8219E-07
1.6373E-07	-1.6247E-08	5.0962E-07	3.5897E-07
1.2850E-07	-1.2980E-07	9.2561E-07	1.3153E-06
1.1937E-07	-1.6426E-07	2.5038E-06	-1.1109E-08
6.3483E-08	-1.8635E-07	-7.3099E-08	7.5564E-08
-1.2152E-08	-1.4196E-07	2.7244E-06	1.8161E-06
-1.0352E-07	-8.8437E-08	2.0570E-06	-1.4454E-06
-5.8190E-08	-3.8838E-08	1.1141E-06	-5.9291E-08
-4.8841E-08	3.5788E-09	4.4712E-07	-1.0737E-06
1.7658E-08	3.8699E-09	-6.9525E-08	1.4983E-06
3.8709E-08	1.0367E-08	1.6679E-06	9.2309E-07
3.9514E-08	-5.5529E-08	1.8167E-06	1.3593E-06
-1.8070E-08	-4.4834E-08	2.8918E-06	-3.2120E-07
-1.0311E-07	-1.3323E-07	1.5094E-06	-4.1747E-07
-7.4379E-08	-7.1617E-08	1.8987E-06	-1.1126E-06
-9.4243E-08	-2.9256E-08	-3.3621E-08	-9.4257E-07
-3.2889E-08	-3.5422E-08	1.4479E-07	2.1847E-07
-2.7049E-08	-1.0481E-08	2.6383E-07	1.2806E-06
-8.2582E-11	1.3248E-09	2.2768E-06	8.1489E-07
-1.0779E-08	-3.4593E-08	9.5979E-07	-5.1523E-07
-3.3602E-08	-6.6834E-08	9.3900E-07	3.0629E-07
-4.2052E-08	-1.4015E-07	-7.4611E-08	3.2696E-07
-1.1141E-07	-9.3304E-08	1.3823E-06	2.7010E-06
-8.8458E-08	-5.0333E-08	3.4717E-06	1.6982E-07
-1.4046E-07	-8.2663E-09	1.5217E-06	-7.0628E-07
-1.2555E-07	3.5628E-08	1.5196E-06	-2.7180E-07
-9.7315E-08	3.1610E-08	9.9649E-07	-6.1933E-07
-6.0945E-08	2.3697E-08	2.4914E-07	-2.1218E-09
-7.3400E-08	2.7869E-08	8.9134E-07	1.1491E-06
-5.0139E-08	3.6396E-08	1.7756E-06	3.2094E-07
-3.8997E-08	7.4244E-08	1.3154E-06	2.6654E-07
-5.5504E-09	8.8166E-08	1.4744E-06	-2.7059E-07
2.6367E-08	1.3531E-07	6.0803E-07	4.7622E-07
4.6687E-08	6.7728E-08	2.1430E-06	1.6979E-07
9.3803E-08	5.9812E-08	4.4064E-07	-8.0308E-07
6.6113E-08	1.9791E-08	5.4970E-07	7.2800E-07
2.7174E-08	-1.9862E-08	7.5586E-07	7.7125E-07
-8.6887E-09	-3.9706E-08	2.0543E-06	1.0191E-06
-7.8026E-08	-9.2250E-09	1.4467E-06	-7.2616E-07
-6.8441E-09	3.0348E-08	6.9717E-07	2.3818E-07
-8.2774E-09	5.4250E-08	4.8677E-07	2.4699E-07
1.6646E-08	6.1400E-08	1.2718E-06	1.6714E-06
8.2567E-08	7.5377E-08	2.3345E-06	-1.3514E-07
1.0739E-07	5.4369E-08	1.0674E-06	-8.5895E-08
1.3287E-07	-1.2490E-08	1.1282E-06	-4.2822E-07
1.4122E-07	-4.0744E-08	1.0685E-07	5.5258E-07
6.6978E-08	-6.8225E-08	1.4692E-06	7.2088E-07
5.4034E-09	-4.4213E-08	5.6700E-07	3.6314E-07
-7.4567E-09	-5.6883E-09	1.5290E-06	1.4321E-06
-4.5622E-08	1.6858E-08	2.1222E-06	-1.9271E-08
-2.4219E-08	2.9601E-08	1.0466E-06	-2.0782E-07
-1.9811E-09	5.7662E-08	9.4166E-07	1.2038E-07
8.2860E-08	4.2694E-08	5.2602E-07	4.3329E-07
8.4266E-08	-3.0680E-09	1.2098E-06	1.2850E-06
7.3291E-08	-1.0091E-08	2.1470E-06	4.4052E-07
8.8256E-08	-7.6131E-08	1.5639E-06	-6.9839E-07
2.8664E-08	-6.9453E-08	-1.4965E-07	-3.1258E-07
-2.8417E-09	-9.9997E-08	6.7967E-07	1.6385E-06
-1.3346E-08	-1.1451E-07	1.7828E-06	8.8819E-08
-1.9753E-08	9.3805E-09	1.0488E-07	2.4609E-07
-1.2746E-08	-2.2838E-08	5.1235E-07	1.4563E-06
4.6749E-09	1.7112E-09	1.4744E-06	1.8950E-06
-2.1835E-08	-2.5964E-08	2.5063E-06	7.2678E-07
-4.4798E-08	-5.0577E-08	1.2728E-06	-6.7700E-11
-4.0817E-08	-3.9167E-08	8.8674E-07	1.0323E-06
-2.3805E-08	-1.9423E-08	2.1316E-06	1.6195E-06
-4.7634E-08	2.3848E-09	2.6356E-06	-3.4121E-07
-3.1047E-08	5.5406E-09	5.0346E-07	1.8426E-07
-4.9608E-08	5.3040E-08	2.0570E-06	1.3426E-06
-1.0084E-08	6.0061E-08	2.0692E-06	-1.8974E-08
4.4996E-08	2.3540E-08	1.7151E-06	1.2091E-07
-7.9568E-09	3.3307E-08	1.3349E-06	-7.6782E-08
-4.1764E-08	-1.2798E-08	1.1630E-06	4.5444E-07
-1.8622E-08	-3.3029E-09	1.5118E-06	8.7729E-07
-6.1441E-08	3.1045E-08	2.4522E-06	1.9918E-07
-4.5066E-08	1.0296E-08	1.0135E-06	-5.6827E-07
-8.3692E-09	4.3442E-08	1.1533E-06	1.0158E-06
-1.5866E-08	4.5403E-08	2.0630E-06	5.0484E-07
7.4635E-08	6.9647E-08	2.2851E-06	-3.2337E-08
1.2622E-08	4.2752E-08	1.2051E-06	-8.6903E-07
2.7078E-08	4.5838E-08	1.0320E-06	6.4847E-07
5.3844E-08	-1.9434E-08	1.8244E-06	-3.0977E-07
2.0300E-08	-1.5770E-08	8.5071E-07	4.7881E-08
1.2677E-08	-2.1741E-08	1.2235E-06	6.5346E-08
2.8796E-08	-3.7151E-08	1.0246E-06	8.0478E-07
-5.3032E-09	3.4029E-09	2.3367E-06	-1.5307E-07
-4.0896E-09	-2.2553E-08	3.6785E-07	-5.8931E-07
4.3812E-09	-1.3532E-08	1.1011E-06	7.2385E-07
-1.1131E-08	5.1571E-08	7.5249E-07	4.7291E-08
-1.5294E-08	5.2667E-08	1.1274E-06	1.1248E-06
4.7782E-08	3.4462E-08	1.3523E-06	2.1770E-07
5.2915E-08	4.2527E-08	1.0979E-06	1.1035E-06
6.7631E-08	-3.4977E-10	1.8889E-06	4.1306E-07
7.1431E-08	1.8625E-08	1.0310E-06	8.1041E-07
6.5301E-08	-1.8899E-08	2.3788E-06	1.0783E-06
6.2593E-08	-5.6460E-08	2.0499E-06	-2.1498E-08
5.7317E-08	-8.9513E-08	2.0428E-06	4.7059E-07
3.2824E-08	-7.1890E-08	2.4285E-06	-2.3671E-07
1.4723E-08	-3.0149E-08	2.2546E-06	-5.7037E-07
3.8533E-08	-6.0907E-08	1.8230E-06	-1.8381E-06
-3.4083E-08	-6.7045E-08	-6.1461E-07	-1.2813E-06
1.3088E-08	-2.6721E-08	2.4664E-08	1.2859E-06
1.8678E-09	-3.0667E-08	1.9772E-06	3.8109E-07
1.0553E-08	1.7756E-09	3.0305E-07	-8.3588E-07
8.7071E-09	-7.3258E-08	-8.7175E-08	1.8797E-06
1.0285E-08	-1.7832E-08	2.9800E-06	1.1560E-06
1.2788E-08	-5.4326E-08	1.3674E-06	-8.7196E-07
-4.6146E-08	-3.2250E-08	1.1053E-06	5.1596E-07
5.1453E-09	-1.1694E-08	1.2478E-06	-1.7930E-07
2.5742E-08	-1.2592E-08	1.0667E-06	6.5410E-07
-2.0196E-08	-7.8134E-10	1.6143E-06	-2.2837E-07
3.3468E-09	-3.1141E-08	3.8377E-07	3.2025E-07
-1.9745E-08	3.4699E-08	1.6303E-06	1.0255E-06
-3.2655E-08	1.3077E-08	1.7992E-06	8.8501E-08
-1.5273E-08	2.9963E-08	1.8206E-06	-2.9413E-07
3.8913E-09	-5.6406E-09	5.3744E-07	-1.1239E-06
-7.4415E-11	1.1066E-08	-3.0345E-07	9.4136E-07
5.2734E-08	9.7484E-10	1.5077E-06	9.8687E-07
6.0132E-08	7.3706E-09	7.2402E-07	5.8657E-07
-5.2140E-10	-1.4187E-08	1.8399E-06	1.4370E-06
4.5939E-09	3.2127E-09	2.1859E-06	-8.6618E-08
3.4456E-08	-7.1707E-09	1.3302E-06	-2.0506E-07
-1.1865E-09	1.3915E-08	1.0260E-06	-7.6472E-08
-2.4084E-08	2.2184E-08	7.3422E-07	1.5739E-07
-3.4050E-08	2.4468E-08	6.4559E-07	1.1354E-06
-3.6198E-08	-8.2036E-09	2.5177E-06	8.2606E-07
-6.5754E-09	5.3074E-08	9.8139E-07	-1.0444E-06
5.5050E-08	3.2126E-08	2.0697E-07	1.0535E-06
8.7128E-09	2.9679E-08	1.3677E-06	1.2597E-06
9.9952E-08	5.2968E-08	2.5918E-06	9.7933E-07
1.0457E-07	-1.0272E-09	1.4019E-06	-1.2971E-06
5.1942E-08	-5.8248E-09	4.4779E-08	1.5364E-06
5.4312E-08	2.8360E-08	2.7590E-06	8.3921E-07
4.0563E-08	-3.6197E-08	1.4861E-06	9.2693E-08
1.9526E-08	-5.6061E-09	2.0470E-06	3.4000E-08
2.7470E-08	2.4125E-08	9.8662E-07	1.4080E-07
3.5431E-08	-2.0235E-08	2.2004E-06	6.1093E-07
5.8703E-10	1.5500E-08	1.8608E-06	-5.3232E-07
-1.7547E-08	9.5891E-09	1.3987E-06	-4.5535E-07
4.1730E-08	-1.5615E-08	9.7826E-07	-1.2089E-07
4.6989E-08	1.0129E-09	1.5352E-06	-1.2674E-08
5.5064E-08	-4.1281E-08	1.2183E-06	-5.6943E-07
2.3590E-08	-5.6267E-08	4.8131E-07	-5.5877E-07
2.6836E-08	-6.3718E-08	2.9647E-07	6.9082E-07
-1.7249E-08	-4.7175E-08	1.1460E-06	9.2303E-08
-4.1983E-08	-3.4454E-08	-1.4154E-08	1.2663E-06
-2.7676E-08	-1.8612E-08	3.0530E-06	1.2661E-06
-3.4261E-08	9.8005E-09	1.2702E-06	-1.4571E-06
-6.7585E-09	1.5293E-09	3.0205E-07	3.1209E-07
-4.5731E-08	6.9617E-09	2.7682E-07	7.7795E-07
-6.4968E-09	-6.4345E-09	1.9529E-06	1.8709E-06
-6.7119E-09	-2.8218E-08	2.1421E-06	-4.3317E-07
2.7527E-08	-7.6744E-09	1.1476E-06	7.3193E-07
1.4738E-08	5.2924E-09	2.5508E-06	-2.4589E-08
-1.4161E-08	1.6313E-09	1.4067E-06	-9.9884E-07
1.4981E-08	-5.2073E-10	6.1258E-07	-5.1415E-07
-5.2122E-08	7.1718E-08	5.8041E-07	2.7818E-08
1.0168E-08	3.2825E-08	3.6292E-07	3.5819E-07
-2.3317E-08	2.9040E-08	1.1269E-06	1.0546E-06
-4.4157E-08	-1.6029E-09	1.2640E-06	2.9408E-07
1.9885E-08	1.0281E-08	1.4676E-06	9.4019E-07
1.4182E-08	-2.9277E-09	1.9334E-06	-1.5934E-07
2.4093E-09	-2.1147E-08	1.4185E-06	6.6887E-08
-1.7920E-08	-2.3483E-08	1.4542E-06	-9.6530E-07
-1.5733E-08	-2.0679E-08	-7.8715E-08	1.1355E-07
-1.7548E-08	1.3867E-08	1.6490E-06	3.6074E-07
-2.6789E-08	5.1879E-08	2.6894E-07	-9.3402E-07
1.0086E-08	6.4702E-08	-5.7629E-07	9.1399E-07
5.8121E-08	1.5162E-08	8.3406E-07	2.3771E-06
6.2081E-09	9.0906E-08	3.5704E-06	1.2032E-06
4.9857E-08	6.7845E-08	2.2126E-06	-2.2695E-06
7.3374E-08	2.1468E-08	-1.0105E-06	-9.4655E-07
2.2331E-08	5.4955E-09	-1.7659E-07	1.5167E-06
2.1125E-08	1.5241E-08	1.4917E-06	1.1521E-06
2.1669E-08	3.9040E-12	1.3204E-06	2.6922E-07
3.7516E-08	-4.6070E-09	1.1523E-06	8.2958E-08
1.9699E-08	1.2303E-08	9.5800E-08	-1.1698E-08
3.4654E-08	1.2278E-08	4.1308E-07	1.8598E-06
6.7828E-08	-4.7685E-08	2.0710E-06	9.5516E-07
3.2163E-08	-7.5047E-08	1.2470E-06	6.1593E-07
8.1882E-08	-2.0738E-08	2.2225E-06	5.7749E-07
-1.8471E-08	-5.7321E-08	1.4401E-06	-6.5868E-07
-2.7481E-08	-1.3562E-08	8.1849E-07	-8.5836E-09
-2.0643E-08	-5.2389E-08	9.5017E-07	1.0221E-07
-4.7504E-08	-1.3783E-08	1.1502E-06	-2.1828E-07
-1.0225E-08	2.4036E-09	-1.9867E-07	-7.7174E-07
1.6463E-08	-2.2398E-08	-9.2610E-07	1.4409E-06
1.2294E-09	-2.2388E-08	1.2483E-06	2.0598E-06
-1.4349E-08	3.3382E-08	1.5043E-06	5.1800E-07
9.6011E-09	-3.1318E-08	6.1995E-07	7.2416E-07
3.3398E-08	-3.1671E-08	9.0488E-07	1.0546E-06
8.7010E-09	-4.8549E-08	8.8110E-07	1.3659E-06
-2.2720E-08	-4.4966E-08	1.8161E-06	1.2548E-06
-2.5880E-09	-1.9904E-08	1.2915E-06	5.9740E-07
-5.6144E-08	-3.8216E-08	1.4756E-06	1.0450E-06
-3.8750E-08	9.8655E-09	1.2835E-06	8.3025E-07
-4.8088E-08	6.2758E-08	2.0562E-06	1.1908E-06
-1.4711E-08	-6.0566E-09	1.6408E-06	5.6737E-08
-4.3259E-08	5.3470E-09	1.8245E-06	9.9583E-07
-7.7756E-08	-2.5346E-08	1.8966E-06	-7.3019E-07
-2.7895E-08	4.7656E-08	4.2819E-07	5.3478E-07
-6.5137E-08	2.8274E-08	1.7599E-06	3.2904E-07
-3.3814E-08	2.7353E-08	5.6604E-07	8.5419E-08
-3.6508E-08	3.8082E-08	9.3930E-07	9.3147E-07
-2.8190E-08	-2.7781E-09	1.3935E-06	7.4521E-07
-5.2191E-08	3.5712E-08	8.1987E-07	1.8072E-07
1.1337E-08	-2.4793E-08	8.4229E-07	2.0551E-06
-1.6586E-08	6.0426E-08	3.1408E-06	2.6968E-07
3.1541E-09	5.3696E-08	2.0358E-07	-4.1020E-07
-3.9559E-08	7.7314E-08	1.5421E-06	1.3836E-06
3.5324E-08	3.5998E-08	9.7968E-07	-2.0399E-08
1.6804E-08	2.2925E-08	1.3065E-06	1.6008E-06
-1.9628E-10	-9.2583E-09	2.0832E-06	-8.9167E-08
7.0274E-08	-2.9325E-08	4.7149E-07	1.8827E-07
3.6567E-08	7.5486E-09	7.1399E-07	1.2198E-06
7.9470E-08	-1.8595E-08	1.5968E-06	1.4610E-06
3.1218E-08	-3.0032E-08	1.6093E-06	7.1424E-07
5.4888E-08	-7.1304E-08	1.6700E-06	1.5875E-06
2.5138E-08	-9.9809E-09	3.1181E-06	3.9025E-07
7.4852E-09	-3.5015E-08	1.3883E-06	-7.7710E-07
4.2296E-08	1.8338E-08	1.0303E-06	4.8697E-07
-1.4732E-08	-4.8934E-08	1.2350E-06	1.7394E-07
1.0068E-08	-2.5121E-08	8.2983E-07	8.8193E-07
-2.6089E-08	-2.9031E-08	1.6886E-06	8.3586E-07
-4.1919E-08	5.7398E-08	1.1301E-06	6.6959E-07
-3.0325E-08	1.3538E-08	1.8515E-06	1.2883E-06
-9.1998E-09	2.8837E-09	2.0876E-06	3.1409E-07
-1.5953E-08	4.4973E-08	1.5715E-06	3.5663E-07
-3.9487E-08	3.6053E-08	1.3422E-06	4.4732E-07
1.1605E-08	2.8699E-08	1.5987E-06	1.3445E-06
1.7101E-10	-2.3122E-08	3.0176E-06	6.1903E-07
6.6401E-08	-3.9546E-08	2.0845E-06	-7.8810E-07
2.6227E-08	1.9828E-08	1.2286E-06	4.2417E-08
3.9248E-10	-2.1745E-08	1.9181E-06	6.5977E-08
-1.6853E-08	-1.6570E-08	1.2134E-06	-3.7796E-07
1.4797E-08	-4.8098E-08	1.4025E-06	5.6279E-07
-2.2646E-08	9.4018E-09	1.9682E-06	-4.3206E-07
1.1479E-08	-9.5032E-09	6.9720E-07	-3.9275E-07
-6.4024E-09	1.6899E-08	9.3414E-07	3.6016E-07
-2.1126E-08	-1.9647E-09	9.9098E-07	5.7411E-07
-3.5925E-08	5.3639E-08	1.8673E-06	7.2429E-07
-3.5392E-08	3.3058E-08	1.9040E-06	-4.8677E-07
-1.0785E-08	4.8915E-08	6.2468E-07	-6.5374E-07
-2.7529E-08	7.4916E-08	1.4437E-07	8.4456E-07
-3.8617E-08	3.8962E-08	1.9394E-06	1.2893E-06
-9.6411E-09	7.0307E-08	2.0991E-06	-3.2372E-07
-6.2351E-09	7.4913E-09	1.1853E-06	-7.1424E-07
1.3528E-08	5.8499E-08	-3.2789E-08	-2.5124E-07
1.0186E-08	-1.5437E-08	6.5581E-07	1.3348E-06
3.7685E-09	4.6882E-08	1.4835E-06	3.7414E-07
4.0182E-08	1.2132E-08	7.8896E-07	5.5947E-07
-7.9461E-09	-1.6169E-08	1.1065E-06	1.0298E-06
-2.3851E-08	1.3551E-08	2.1348E-06	1.1634E-06
-6.6982E-09	-1.5053E-08	2.3266E-06	-5.5431E-07
-2.8336E-08	-2.3607E-08	1.0013E-06	-6.1142E-07
5.9216E-08	3.5112E-09	3.5178E-07	-4.2160E-07
4.2139E-08	-1.6566E-08	2.2608E-07	1.1283E-06
2.3670E-08	-2.0165E-08	1.4784E-06	5.1890E-07
1.5267E-08	1.3511E-08	6.6077E-07	7.7152E-07
-2.2189E-08	2.4747E-08	1.7166E-06	4.9905E-07
-7.4766E-09	-1.5119E-08	3.8194E-07	2.4711E-07
1.1891E-08	-8.9515E-09	9.5936E-07	1.5109E-06
-1.9259E-08	1.2383E-08	2.0062E-06	1.4749E-06
-1.0412E-08	1.5813E-08	2.6923E-06	-3.3747E-07
-2.4501E-08	3.1058E-08	1.5556E-07	-2.3500E-07
-6.7694E-09	-4.9857E-08	1.6588E-06	1.4832E-06
-1.2245E-08	9.1703E-08	1.9181E-06	1.3939E-07
-1.0157E-08	1.4126E-08	2.0971E-06	-1.3632E-07
-1.7722E-08	3.5937E-08	5.8586E-07	-8.7022E-07
-1.7522E-09	2.8166E-08	9.3418E-07	6.6500E-07
1.7481E-08	1.9211E-08	6.4361E-07	-4.2690E-07
-1.2056E-08	-5.1047E-08	3.5099E-07	1.1852E-06
3.9477E-09	-2.1539E-08	1.1049E-06	7.1963E-07
5.5509E-08	-6.9411E-08	1.6212E-06	1.4010E-06
-3.0852E-08	2.1323E-08	2.0375E-06	-8.4444E-07
-4.0892E-08	1.5518E-08	-5.6540E-07	1.4952E-07
-1.6164E-09	-3.0774E-09	6.0022E-07	1.6313E-06
2.3042E-08	-3.1986E-08	1.1706E-06	2.1973E-06
-5.3508E-08	6.6565E-09	3.6586E-06	1.5106E-06
5.8760E-09	1.0074E-08	2.6089E-06	-1.5174E-06
-6.8713E-08	2.3120E-08	3.2372E-07	-5.5140E-07
-3.1969E-08	5.8557E-09	1.0090E-06	5.4778E-07
3.9672E-09	-1.2914E-08	1.0636E-06	7.1623E-08
3.4267E-08	4.7393E-08	8.7674E-07	4.2519E-07
-8.4203E-08	-3.9054E-08	7.2435E-07	4.5236E-07
-2.0909E-08	4.1939E-08	1.3099E-06	1.2933E-06
-2.4639E-08	3.9130E-09	1.6588E-06	-2.3600E-07
3.5338E-08	1.5682E-08	3.0174E-07	1.1934E-06
-7.1579E-09	-4.5852E-08	2.9093E-06	5.7138E-07
2.7275E-08	6.0764E-08	1.6870E-07	-8.4575E-07
-8.0806E-09	4.7747E-08	1.4605E-06	1.7470E-06
4.5025E-08	-6.9581E-09	1.5969E-06	-9.6318E-07
2.4290E-08	3.9539E-09	1.9406E-07	1.0017E-06
2.4157E-10	5.3217E-08	1.7741E-06	7.8282E-08
1.4015E-08	-1.0983E-08	1.6648E-07	2.9225E-07
-5.0624E-08	1.6583E-08	8.4721E-07	6.4444E-07
1.2252E-08	-7.1319E-10	1.4522E-07	1.4574E-06
-1.3295E-08	2.7056E-08	2.1348E-06	1.5441E-06
-4.7014E-08	5.4413E-08	9.9237E-07	6.1462E-07
-1.2935E-08	-1.0376E-08	2.2456E-06	1.9068E-06
4.0310E-08	5.0128E-08	2.8372E-06	-2.1381E-07
2.5941E-09	5.0128E-08	1.4855E-06	-7.4586E-07
-1.8571E-08	3.5438E-08	2.1478E-07	8.2409E-08
-5.0418E-09	3.1839E-09	1.7433E-06	1.4705E-06
-5.9719E-09	-2.7113E-08	2.0821E-06	-6.9481E-07
-2.2580E-08	-1.3706E-08	6.1747E-07	-1.7010E-07
2.2255E-08	2.7758E-08	6.9652E-07	5.7333E-08
1.2808E-08	7.4686E-10	7.0011E-07	8.5843E-07
5.8282E-08	-3.2980E-09	1.4113E-06	8.3388E-08
2.9242E-08	5.5128E-08	1.1336E-07	1.5045E-07
3.9492E-08	-2.1035E-08	3.0492E-07	1.2880E-06
-1.9557E-08	3.3820E-08	1.2668E-06	1.7774E-06
-3.8926E-08	-2.8247E-08	2.0769E-06	7.4951E-07
-1.5331E-08	6.4888E-08	1.3105E-06	4.5954E-07
-1.0871E-08	-3.4275E-09	1.4797E-06	5.1453E-07
-3.6908E-08	-7.0400E-09	1.1574E-06	6.4165E-07
-7.9590E-09	2.7054E-08	1.7658E-06	6.2251E-07
-9.5435E-09	5.4260E-08	1.4778E-06	8.0132E-08
-2.4558E-08	-1.6414E-08	1.2795E-06	-1.7921E-07
-4.0898E-08	-1.1450E-08	2.1443E-07	-5.4382E-08
-3.4533E-08	3.6696E-08	2.4195E-07	1.0483E-06
-1.9624E-08	5.4244E-08	7.3916E-07	1.6746E-06
2.2915E-08	-3.8192E-08	2.0438E-06	1.3568E-06
-1.4511E-09	2.1776E-08	1.1850E-06	4.7653E-07
6.8507E-10	-3.2857E-10	1.7221E-06	1.6358E-06
3.7473E-08	3.4360E-08	2.2813E-06	2.7592E-07
1.2191E-08	-2.0819E-08	1.6311E-06	4.4319E-07
-2.1216E-08	-7.8230E-09	1.6083E-06	4.8621E-08
-3.5135E-08	4.5002E-08	1.5741E-06	7.7452E-07
-1.3681E-08	-5.3382E-08	2.1750E-06	-6.4447E-07
-4.6779E-08	2.4400E-08	3.1961E-07	-1.6037E-07
1.7654E-08	-4.2772E-09	1.3068E-06	1.9534E-07
-7.8574E-09	-2.0774E-09	-2.4370E-08	3.0429E-07
-4.1113E-09	-3.9699E-09	1.5627E-06	1.3907E-06
5.4644E-08	-2.5609E-08	8.7707E-07	-9.1489E-08
-1.9272E-08	6.5020E-08	1.0776E-06	1.5634E-06
-4.3590E-08	4.0350E-08	1.7901E-06	1.3051E-07
4.2825E-08	-3.0560E-08	9.3210E-07	9.1292E-07
-2.4466E-08	-2.6757E-08	2.0355E-06	3.6001E-07
1.7366E-08	-3.8189E-08	1.0695E-06	2.2726E-08
-4.5328E-09	2.1616E-08	1.2643E-06	-9.5358E-09
1.3557E-08	-2.4023E-08	-2.2424E-08	7.7608E-08
-1.8726E-09	3.2058E-08	4.9615E-07	1.7768E-06
5.3224E-08	3.2766E-09	1.7539E-06	1.3866E-06
-2.0521E-09	3.2344E-08	1.8853E-06	8.0124E-07
2.7645E-08	1.3095E-08	1.7988E-06	4.0382E-07
1.0802E-08	2.5046E-08	1.6420E-06	1.2095E-07
3.6734E-08	-7.2607E-09	9.9214E-07	-6.4973E-08
1.3469E-08	2.9916E-08	8.7375E-07	7.7068E-07
7.1920E-09	1.0327E-08	1.3552E-06	4.9408E-07
-4.0735E-08	2.3960E-08	1.0074E-06	8.1636E-07
5.6264E-09	-7.0001E-08	1.7937E-06	5.8269E-07
3.5319E-08	-3.6794E-08	9.3921E-07	3.0536E-07
9.3250E-09	8.9451E-09	1.5893E-06	9.9013E-07
1.2890E-08	-1.5935E-08	1.4944E-06	2.6426E-07
-3.7113E-08	-2.6984E-08	1.8509E-06	6.8745E-07
1.7067E-08	-4.1190E-09	1.6629E-06	-7.0401E-07
-1.1894E-08	9.3739E-09	4.7524E-07	2.9170E-07
7.5714E-09	-3.1799E-08	1.5960E-06	3.7711E-07
-2.8922E-08	4.9901E-08	9.9578E-07	-3.2686E-07
5.5753E-10	-7.4991E-08	4.7988E-07	-6.1484E-08
4.6222E-10	-2.9793E-08	2.0501E-08	7.7474E-07
2.9006E-08	7.6720E-09	1.2250E-06	1.4745E-06
-2.2745E-08	2.8990E-08	1.5300E-06	4.0881E-07
-1.6657E-08	-2.2329E-08	1.1792E-06	6.1672E-07
-2.1797E-08	1.8587E-08	1.5454E-06	2.1641E-07
5.8594E-09	6.2149E-09	1.1610E-06	-9.3538E-08
1.6293E-08	-3.4102E-08	5.2289E-07	-7.3998E-07
-2.1794E-08	1.7069E-08	-1.3319E-06	8.0768E-07
1.4380E-08	2.9841E-08	9.6298E-07	2.9219E-06
-5.8114E-08	3.3540E-08	2.3729E-06	9.3287E-07
-1.0105E-08	7.0346E-09	1.5285E-06	1.4979E-07
-1.2086E-08	2.9767E-08	7.4922E-07	9.4183E-08
-8.1560E-09	4.2040E-08	4.5591E-07	9.5346E-07
-3.3089E-08	2.4936E-08	1.0916E-06	1.4648E-06
2.7190E-08	-4.3717E-08	2.1097E-06	8.6920E-07
-1.8491E-09	3.7866E-08	1.1499E-06	-2.1602E-07
1.0503E-08	-1.3860E-08	8.7132E-07	7.0613E-07
2.2436E-08	2.8209E-08	8.4824E-07	1.8057E-07
-1.7442E-08	5.6126E-08	4.8037E-07	1.1127E-06
-1.1448E-08	9.5211E-09	1.1932E-06	7.2109E-07
-2.4011E-08	5.5144E-08	2.9663E-07	9.3928E-07
-5.9132E-08	8.1308E-10	1.0767E-06	2.1272E-06
1.6695E-09	3.7579E-08	2.6563E-06	1.1780E-06
7.8377E-09	-7.0650E-09	1.4300E-06	-2.6863E-07
6.2796E-09	1.8328E-08	1.2605E-06	8.3331E-07
-8.4864E-09	4.8538E-08	1.0671E-06	-4.1463E-07
3.9893E-08	-1.1690E-08	-1.6358E-07	1.3883E-06
6.5344E-09	-9.2682E-09	1.8570E-06	1.4827E-06
6.8957E-08	8.5823E-09	1.5430E-06	5.6312E-07
3.7847E-08	-3.7750E-08	1.2547E-06	4.1903E-08
9.7479E-09	1.5426E-08	1.4257E-07	7.6854E-07
-1.3459E-08	1.4059E-08	9.3230E-07	1.2659E-06
9.8155E-09	-4.8530E-08	5.5699E-07	1.6635E-06
6.6707E-08	8.2640E-09	2.1502E-06	2.1361E-06
1.3946E-08	-7.8612E-08	2.3764E-06	6.7344E-07
-1.0638E-08	-3.5987E-09	1.8629E-06	3.1655E-07
4.5075E-09	8.5914E-09	1.2582E-06	2.2841E-07
-1.3023E-08	-7.5200E-08	1.0737E-06	8.5359E-07
-3.1590E-08	-6.3452E-09	1.8872E-06	8.2555E-07
-2.3611E-08	-2.6738E-09	9.8999E-07	-3.4384E-07
-6.7980E-08	5.9466E-09	3.2620E-07	1.8687E-06
-2.1961E-08	-4.6499E-08	2.8393E-06	8.5149E-07
-1.6324E-09	-6.3132E-08	5.0502E-07	-2.0267E-07
-3.8697E-08	-5.8316E-08	1.1124E-06	1.7328E-06
3.5002E-08	-6.1433E-08	1.8529E-06	1.1070E-06
-3.5764E-09	-2.8308E-08	2.3290E-06	6.8904E-07
1.1951E-08	-2.0632E-08	1.5428E-06	-2.0063E-07
1.9013E-08	-6.7542E-08	1.1672E-06	3.4249E-07
9.3896E-09	-1.6385E-08	9.3952E-07	3.9687E-07
7.6677E-09	-7.9166E-09	9.6115E-07	7.3621E-07
6.4351E-10	8.0213E-09	7.7906E-07	1.2921E-06
2.3685E-09	-2.8087E-08	2.0240E-06	1.5213E-06
-6.2919E-08	-3.9071E-08	1.9347E-06	8.4686E-07
-3.1823E-08	1.4661E-08	2.6816E-06	3.7659E-07
-4.4749E-08	-6.6190E-08	9.8031E-07	-4.9099E-07
2.6144E-08	-1.1263E-08	1.7540E-06	1.2543E-06
-1.1718E-08	3.5497E-08	1.9207E-06	-5.8788E-07
-3.8176E-08	-1.2190E-08	1.2482E-06	3.5168E-07
-5.1012E-08	1.4349E-08	1.3113E-06	-8.4077E-07
1.7860E-08	-3.3237E-08	-1.5658E-07	5.2948E-07
7.1066E-09	-7.7933E-09	1.0995E-06	1.0094E-06
2.9878E-09	2.4301E-08	1.2825E-06	1.0571E-06
-3.9094E-08	-2.3395E-08	1.8552E-06	1.3300E-07
1.3640E-09	1.2040E-08	6.6452E-07	3.3896E-07
-3.7448E-08	-6.1819E-08	1.5774E-06	5.1166E-07
2.7833E-08	3.8602E-08	4.3646E-07	5.2712E-08
-3.0261E-08	2.7933E-08	1.1911E-06	1.4991E-06
2.4377E-08	-6.3878E-08	1.7025E-06	-1.7777E-07
-2.1870E-08	-3.0725E-09	1.1027E-07	7.5051E-07
-1.3649E-10	8.4253E-09	1.8844E-06	1.2012E-06
3.2371E-08	2.6460E-09	9.6122E-07	-3.8001E-08
-3.2583E-09	-3.0985E-08	1.2146E-06	1.2084E-06
-2.5571E-09	-5.3315E-08	1.4246E-06	1.2284E-07
-2.6127E-08	-4.7737E-08	1.2574E-06	9.9324E-07
-1.0528E-08	2.4759E-08	1.8861E-06	-6.2443E-07
3.3059E-08	-1.9763E-08	-5.4341E-07	-4.8319E-08
2.3219E-08	1.4736E-08	7.4442E-07	1.5142E-06
-2.0181E-08	-2.7627E-08	5.3765E-07	6.8166E-07
4.6118E-08	1.3703E-08	8.5602E-07	2.4596E-06
-3.7951E-08	3.6779E-08	3.1882E-06	1.0180E-06
-5.5087E-09	4.1541E-08	1.4021E-06	-4.6041E-07
2.0195E-08	-3.0366E-08	1.4207E-06	1.6430E-07
8.1948E-09	5.2984E-09	-1.7588E-07	-1.4134E-07
-4.3079E-08	2.8972E-08	1.1720E-06	2.6853E-06
-3.4560E-10	-2.4035E-09	2.8883E-06	-3.1027E-07
-1.2357E-08	-4.9156E-08	5.5984E-07	-1.3826E-07
2.9844E-09	-7.0369E-09	8.4550E-07	-9.3394E-08
2.4746E-09	-1.6544E-08	-2.4733E-07	1.0957E-06
-7.6123E-08	-1.7881E-08	1.4639E-06	1.3765E-06
1.8742E-09	3.1718E-08	8.2636E-07	9.6283E-07
4.1087E-09	2.0048E-08	1.6369E-06	1.6072E-06
-2.9817E-08	-7.3158E-09	2.6017E-06	8.4609E-07
-1.7546E-09	-3.7591E-08	1.8430E-06	-1.2854E-06
-7.8443E-09	-2.3596E-08	-5.3204E-07	4.8113E-07
-6.9127E-08	1.1981E-08	1.6865E-06	1.1163E-06
-2.0550E-08	-3.3083E-09	5.5932E-07	4.2151E-07
-9.7352E-09	2.4874E-08	1.7970E-06	1.2142E-06
3.1536E-08	-2.8931E-08	1.2366E-06	-1.3051E-08
1.9480E-08	-2.8003E-09	1.4767E-06	5.7576E-07
-2.8243E-08	-1.8311E-08	1.0114E-06	-3.3332E-07
-7.7359E-09	-8.9220E-09	5.6364E-07	2.4993E-07
5.2818E-09	1.2000E-08	2.6850E-07	6.8892E-07
-2.1227E-08	2.9499E-08	1.4619E-06	9.8087E-07
9.8983E-10	-3.8618E-08	5.6389E-07	-3.0481E-07
1.2358E-08	-1.1454E-08	1.9885E-07	1.0750E-06
1.8745E-08	-6.8697E-09	4.9552E-07	9.8761E-07
-1.7237E-08	1.6893E-08	1.1393E-06	1.8289E-06
6.5482E-08	-1.2456E-08	1.9046E-06	5.1081E-07
-3.8421E-08	-1.4043E-08	9.7671E-07	3.4039E-07
3.9375E-08	4.4343E-08	1.0357E-06	5.6278E-07
-1.1337E-08	1.7279E-10	1.1910E-06	1.9736E-07
2.7169E-08	2.2949E-08	3.5794E-09	-2.1224E-07
4.1654E-08	-4.4047E-10	-3.9723E-07	1.5914E-06
-1.0601E-08	3.1942E-08	1.2587E-06	1.9330E-06
2.7576E-08	1.9707E-08	1.6487E-06	5.4533E-07
-6.2741E-08	-2.4418E-08	1.7471E-07	4.8800E-07
-1.0681E-09	-2.6226E-08	7.8117E-07	1.6961E-06
-3.7798E-08	-5.4806E-08	9.9516E-07	1.1536E-06
-1.2970E-08	-2.5076E-08	1.5746E-06	1.5480E-06
-2.8240E-09	-1.7999E-08	1.3056E-06	1.1704E-07
-2.2305E-08	1.9955E-08	3.0401E-07	1.2919E-06
4.2341E-08	-1.9789E-08	1.2245E-06	1.5692E-06
-7.2227E-08	5.1581E-08	1.7813E-06	1.5757E-06
-2.1558E-08	-2.1470E-08	1.9060E-06	3.9646E-07
8.8698E-09	-8.2927E-09	1.3034E-06	9.7894E-07
-3.0763E-08	-6.7645E-09	2.0830E-06	2.4013E-09
-3.1164E-08	3.1546E-08	2.3845E-07	1.5731E-08
3.0268E-08	-2.0358E-08	1.1260E-06	1.3190E-06
-4.1191E-08	-2.1329E-08	1.4809E-06	2.0202E-07
-2.4197E-08	-4.9646E-08	5.6039E-07	3.0025E-07
-2.0137E-08	1.4433E-08	8.3106E-07	9.5280E-07
2.2415E-08	1.1298E-08	1.2174E-06	3.9812E-07
9.0983E-09	3.6687E-08	3.9057E-07	8.7697E-08
-1.9340E-09	-3.6133E-08	-1.3017E-07	1.0659E-06
3.8278E-08	5.0816E-08	1.0046E-06	1.5288E-06
-1.9742E-08	1.4938E-08	5.7946E-07	4.2553E-07
2.1782E-08	4.6159E-09	1.2410E-07	2.0158E-06
-1.6559E-08	-1.1448E-08	2.0149E-06	1.3552E-06
-1.0881E-08	-6.3521E-08	4.5335E-07	1.7791E-07
4.4302E-08	-2.6546E-08	1.2396E-07	2.1280E-06
-2.4371E-08	-4.6839E-09	2.1421E-06	1.9514E-06
-1.0572E-07	-1.3894E-08	1.5666E-06	2.3991E-07
1.2671E-08	1.3958E-08	6.8659E-07	9.6285E-07
-5.5298E-08	-5.2655E-09	7.4416E-07	1.1171E-06
1.9947E-09	-8.8640E-09	1.2172E-06	2.1894E-06
-5.9323E-09	-3.7152E-09	2.6058E-06	7.1869E-07
-6.8356E-08	7.6641E-09	1.0327E-06	1.7055E-07
6.2723E-08	2.7315E-08	1.2075E-06	4.1697E-07
-6.4396E-09	-1.4354E-08	1.6573E-07	6.1338E-07
-3.4674E-08	3.7419E-08	1.0276E-06	1.5508E-06
-1.2706E-08	-2.9554E-09	1.2236E-06	8.7714E-07
-7.2042E-08	1.1288E-08	1.1198E-06	5.1853E-07
-6.5698E-09	8.8431E-09	-7.8478E-08	9.7823E-07
2.2642E-08	1.1919E-08	1.5554E-06	2.0301E-06
1.7253E-08	-3.5808E-09	1.1303E-06	-8.7171E-08
-1.8118E-08	-4.0599E-08	-2.0155E-07	1.3416E-06
1.0179E-08	3.7562E-08	3.1993E-07	1.9305E-06
-2.5909E-08	1.1683E-08	1.4197E-06	3.1411E-06
-3.4029E-08	5.9877E-08	2.9981E-06	1.1185E-06
3.2106E-08	1.2190E-09	1.4595E-06	8.5742E-07
8.2542E-10	-2.3277E-08	2.3434E-06	3.5829E-07
-3.0243E-09	2.8725E-08	2.3826E-07	-1.3383E-07
3.7005E-08	1.8293E-08	7.5101E-07	1.4663E-06
6.9346E-08	-2.0456E-08	4.3811E-07	1.0786E-06
5.4590E-09	4.3203E-09	1.4341E-06	2.5522E-06
-4.5385E-08	-2.0622E-08	2.1985E-06	4.2920E-07
-3.9758E-08	2.6202E-08	3.3316E-07	1.4118E-06
-4.2706E-08	-7.7078E-09	2.5950E-06	1.9836E-06
-2.3071E-08	-2.7754E-08	1.8061E-06	-2.9740E-07
-3.0438E-08	-1.7519E-08	6.3401E-07	1.3002E-06
3.2023E-08	1.0498E-09	2.1853E-06	1.0041E-06
-3.4222E-08	4.0170E-09	1.1569E-06	3.7145E-07
1.8358E-08	-1.2565E-08	1.6228E-06	7.9096E-07
-1.4849E-09	-2.5338E-08	8.2542E-07	9.5656E-08
5.2795E-08	-3.8527E-09	8.8150E-07	1.2822E-06
-1.3563E-08	-5.2693E-09	1.2831E-06	5.8077E-07
-1.9160E-09	-3.5337E-08	8.0075E-07	9.6997E-07
3.2012E-08	2.6619E-09	1.0437E-06	1.0013E-06
-2.3214E-08	-2.2475E-08	1.3392E-06	1.2592E-06
-4.2676E-08	-4.5833E-08	1.4178E-06	1.3933E-07
-2.1367E-08	-2.8213E-08	-2.5423E-07	8.3247E-07
2.7674E-08	-5.0368E-09	9.3642E-07	2.5094E-06
8.5700E-09	-2.0092E-08	2.3345E-06	1.4227E-06
1.6133E-09	-8.8607E-09	1.6473E-06	5.0831E-07
-2.1162E-08	-2.4669E-09	1.3666E-06	6.8012E-07
-3.5646E-08	-3.0654E-08	9.7808E-07	6.4564E-07
-1.4872E-10	-1.8149E-08	1.2296E-06	1.2726E-06
3.3543E-08	1.8962E-08	1.5386E-06	6.9187E-07
-2.1329E-09	2.8961E-08	1.2288E-06	8.4585E-07
6.7215E-09	3.0541E-08	1.5276E-06	5.3601E-07
-1.5297E-08	2.6939E-08	8.2898E-07	2.7547E-07
-1.0307E-08	-4.7327E-09	6.4238E-07	1.1984E-06
-3.2377E-08	-8.0676E-09	1.8437E-06	9.2766E-07
1.8031E-08	1.1418E-08	8.3845E-07	-2.1635E-07
9.0689E-09	-3.1987E-08	2.1155E-07	6.8161E-07
1.6604E-08	4.1535E-08	-3.1041E-07	1.3381E-06
-1.1173E-08	-2.2709E-08	1.5756E-06	3.0169E-06
-6.3081E-08	-8.5026E-09	2.4216E-06	7.6094E-08
-2.2500E-08	1.0940E-08	3.6661E-07	1.2017E-06
-1.6352E-08	1.1130E-08	2.1937E-06	1.1758E-06
5.5556E-09	5.8831E-09	1.3427E-06	4.3942E-07
-9.7038E-09	-3.5894E-09	1.7210E-06	3.3002E-07
-2.3977E-08	5.2279E-09	8.2650E-07	-1.6129E-07
3.2292E-08	-6.7012E-09	2.8493E-07	2.6829E-07
1.3781E-09	5.9049E-10	3.6935E-07	1.4063E-06
2.0380E-08	-6.2649E-09	1.5922E-06	4.5645E-07
8.3648E-09	-1.0438E-08	-1.8841E-07	3.8575E-07
2.5389E-08	2.4990E-08	9.6127E-07	1.5099E-06
3.5948E-08	1.3819E-08	7.2905E-07	4.2728E-07
1.1051E-08	2.3724E-10	6.1017E-07	1.0672E-06
2.8008E-08	-2.3076E-08	7.9111E-07	4.8519E-07
-2.0151E-08	2.1938E-08	-6.7002E-08	2.9802E-07
4.0417E-09	-5.3903E-09	-1.0545E-06	1.4349E-06
3.4209E-08	-2.5948E-08	1.7397E-07	3.1302E-06
-1.6989E-09	8.1678E-09	1.9363E-06	2.3947E-06
-1.3471E-08	-2.0720E-08	1.9548E-06	9.3010E-07
2.5229E-08	-7.3552E-09	7.9632E-07	4.7267E-07
-1.8034E-08	-2.4814E-08	2.4770E-07	1.4894E-06
-2.9958E-08	-9.9558E-09	1.4043E-06	1.9005E-06
-2.0600E-09	4.7381E-09	1.3018E-06	5.4927E-07
1.8317E-08	4.7549E-09	1.5002E-07	1.3264E-06
2.2867E-08	1.0543E-08	1.0736E-06	2.1462E-06
-2.7345E-08	3.4826E-08	2.3460E-06	1.5504E-06
-9.0008E-09	3.4310E-08	1.4991E-06	-9.3044E-07
-8.2019E-09	6.2872E-09	-1.5253E-06	1.0378E-06
3.1920E-08	1.8665E-08	1.1369E-06	3.1291E-06
8.8361E-09	4.4842E-09	1.9079E-06	1.1646E-06
2.2177E-08	-1.2712E-09	1.1326E-06	8.2824E-07
-1.3734E-08	7.5529E-10	6.6432E-07	1.1546E-06
1.5310E-08	2.2720E-08	1.0383E-06	1.5589E-06
1.7315E-08	-2.3350E-08	1.5694E-06	1.2965E-06
6.7127E-09	-6.0075E-08	1.0973E-06	4.7982E-08
1.6368E-08	-4.3479E-09	-3.7834E-07	1.4488E-06
-7.4666E-09	-1.7223E-08	1.4004E-06	1.6901E-06
-2.0279E-08	-3.8667E-09	2.4344E-07	1.3255E-06
-1.6824E-08	-6.4016E-09	1.8332E-06	2.0525E-06
-3.3730E-08	-2.9970E-09	7.7564E-07	2.8395E-07
4.3276E-09	-9.3558E-09	5.4519E-07	2.1236E-06
4.4951E-08	9.7281E-09	1.3762E-06	1.3610E-06
-2.7580E-08	1.7704E-08	1.2226E-06	1.7977E-06
-1.1634E-08	5.7332E-09	1.9322E-06	9.8034E-07
1.4373E-08	-1.5874E-08	9.8292E-07	6.8643E-07
1.4184E-08	-9.3566E-09	1.2768E-06	1.1164E-06
3.5329E-09	6.3590E-10	9.4132E-07	1.9146E-07
-1.9705E-08	-3.1512E-08	-1.9204E-08	1.4424E-06
-5.6750E-09	-2.0969E-08	1.5708E-06	1.2172E-06
-2.6224E-08	-1.7049E-08	-4.2028E-08	7.1807E-07
7.1904E-09	1.1357E-08	1.1487E-06	2.2039E-06
-1.9289E-08	-4.0076E-08	1.4027E-06	5.7524E-07
-6.6039E-09	2.0560E-08	5.7981E-07	5.0512E-07
-6.8625E-10	-9.4356E-09	-6.4826E-07	1.1916E-06
2.7291E-08	-1.6376E-08	9.8628E-07	2.7275E-06
2.5519E-08	1.4008E-08	1.1535E-06	1.1007E-06
-1.1464E-08	-8.1644E-09	1.3885E-06	1.7318E-06
-2.6814E-08	-8.0766E-09	6.8143E-07	6.3576E-08
-1.6244E-08	-1.6432E-08	5.8409E-08	2.2277E-06
3.4574E-08	-3.7786E-08	1.3420E-06	8.2685E-07
-9.1230E-09	5.6924E-08	-4.3271E-07	1.6417E-06
-5.8345E-09	3.1741E-08	8.7098E-07	2.4458E-06
-1.5453E-08	2.2114E-08	1.5479E-06	2.3111E-06
-3.8677E-08	-1.3210E-08	1.8903E-06	8.3830E-07
-2.5293E-08	-1.8433E-08	6.4625E-07	1.2852E-06
2.6121E-08	-1.2703E-09	1.2605E-06	1.0548E-06
5.9630E-09	1.7053E-08	4.7860E-07	1.6403E-06
-5.3112E-09	-1.1258E-08	1.8513E-06	1.0975E-06
1.2579E-08	9.6055E-09	4.1268E-09	5.4668E-07
-3.0625E-08	-2.1859E-08	4.2249E-07	1.9959E-06
2.1152E-09	7.0886E-09	8.4850E-07	2.1257E-06
3.1081E-08	-4.2666E-08	2.1539E-06	1.5446E-06
-3.1233E-08	3.6635E-09	6.7544E-07	4.4839E-07
2.9032E-09	1.0497E-08	1.1750E-06	1.7875E-06
1.4974E-08	-1.2929E-08	1.1631E-06	2.4320E-07
1.3419E-08	-1.0638E-08	1.8359E-07	1.1869E-06
5.0093E-10	-8.8111E-09	6.9215E-07	1.0064E-06
-1.6665E-08	-8.6724E-09	1.1940E-07	1.4603E-06
1.3488E-08	-1.8392E-08	9.5991E-07	1.6062E-06
3.8951E-08	-3.5732E-09	6.3309E-07	1.0095E-06
2.1935E-08	5.4401E-08	5.1185E-07	1.4599E-06
-1.5716E-08	2.1352E-08	7.8594E-07	9.4680E-07
1.5432E-09	2.9729E-08	-2.9838E-07	1.1708E-06
5.8370E-09	-3.9440E-08	6.5230E-07	2.0218E-06
1.7486E-09	-8.2329E-09	2.1189E-07	6.9706E-07
3.1478E-08	-2.4524E-09	-6.7782E-07	2.4069E-06
2.5343E-09	1.7364E-08	1.0024E-06	2.5818E-06
-1.2500E-08	5.7314E-09	1.1135E-06	1.9840E-06
-2.0300E-08	-2.3335E-08	1.2826E-06	1.4010E-06
-8.0378E-09	2.1712E-08	7.2858E-07	1.2921E-06
-2.0792E-08	1.1453E-08	7.6643E-07	1.1585E-06
-8.2260E-09	3.6790E-09	4.8032E-07	1.1724E-06
1.6559E-09	-1.2947E-08	-7.5443E-08	5.2922E-07
-1.7987E-08	-1.5362E-08	-1.3934E-06	2.4294E-06
-3.6084E-08	-2.9096E-08	1.0956E-06	2.9133E-06
4.1836E-08	-3.7173E-08	2.3996E-07	1.7092E-06
2.1082E-08	5.0185E-08	8.0713E-07	2.5681E-06
-2.6692E-08	1.6256E-08	5.6097E-07	1.9160E-06
-3.4677E-08	1.6318E-08	1.2330E-06	2.5350E-06
-1.4318E-08	1.4340E-09	1.1193E-06	1.4185E-06
-1.1062E-08	-1.2899E-08	1.1932E-06	1.8445E-06
3.7752E-09	-1.3223E-08	9.4205E-07	6.9178E-07
-3.0160E-08	-1.1897E-08	6.6021E-08	1.2376E-06
-9.3636E-09	3.2879E-08	-1.2885E-07	1.5553E-06
1.0904E-08	-2.6236E-08	5.0025E-07	2.0364E-06
6.8862E-09	-2.1709E-08	-2.3587E-07	1.1084E-06
2.5126E-08	-3.6187E-09	-2.7493E-07	3.0891E-06
-1.1813E-09	-4.3170E-08	1.2402E-06	1.9608E-06
-4.0766E-09	-1.4120E-08	3.5705E-07	1.7804E-06
2.2308E-08	-4.3127E-09	3.9430E-07	1.3029E-06
-9.7633E-09	-2.4027E-09	-7.7599E-07	2.1207E-06
-1.6324E-08	5.7497E-09	2.9014E-07	2.8015E-06
2.1623E-08	-6.3749E-08	3.9232E-07	2.5159E-06
-5.7667E-09	6.1371E-09	7.3456E-07	2.5450E-06
-2.0889E-08	2.6454E-08	1.0274E-06	2.2720E-06
-2.6240E-09	-2.2268E-08	9.1255E-07	1.5577E-06
8.3072E-09	-5.6802E-09	4.5590E-07	1.5020E-06
-2.6705E-08	-4.1081E-08	-4.0123E-07	1.1100E-06
3.1737E-08	2.3972E-08	-9.0926E-07	2.9277E-06
-1.5915E-09	3.0568E-08	4.9479E-07	2.4525E-06
3.2678E-08	4.5899E-09	-5.7521E-07	2.9651E-06
-2.9231E-09	-1.5537E-09	1.3648E-06	3.1613E-06
-1.1015E-08	-3.4959E-09	3.1148E-07	1.7301E-06
-1.1000E-08	-3.1601E-08	2.4800E-07	2.8393E-06
1.5065E-08	1.2274E-08	5.2740E-07	2.5325E-06
3.6861E-08	-2.5809E-08	8.8925E-07	2.5127E-06
-6.1846E-09	-2.1309E-08	3.0280E-07	1.8359E-06
3.5591E-08	-5.9327E-09	2.2538E-07	2.7196E-06
-1.7767E-08	-3.1426E-09	6.1584E-07	2.1719E-06
1.4467E-08	8.4348E-09	2.6498E-07	2.2416E-06
-4.5604E-09	-9.4487E-09	-1.2337E-07	1.9170E-06
1.4494E-08	-1.7427E-08	-6.1227E-07	3.4758E-06
1.1802E-08	1.9266E-08	1.8827E-06	3.2468E-06
3.2948E-08	-4.4362E-08	7.8489E-07	7.4565E-07
-2.0865E-08	-2.5262E-08	-9.1030E-07	1.8646E-06
-1.3902E-08	-4.5692E-08	-5.8129E-07	2.7337E-06
2.4841E-08	-1.5574E-08	7.4266E-08	2.8784E-06
-5.2444E-09	-2.3136E-08	-2.0164E-07	2.1695E-06
-7.2709E-10	-1.1382E-08	-4.1281E-07	2.6671E-06
1.7612E-08	-2.8361E-09	-1.1647E-06	2.0443E-06
5.5623E-09	2.7788E-09	-1.6499E-06	4.6935E-06
3.8372E-08	-2.1571E-08	1.2715E-06	3.7541E-06
-1.3433E-08	1.2120E-08	-6.2982E-07	2.7573E-06
2.4052E-08	-1.9328E-08	3.3657E-07	3.5943E-06
-1.1391E-08	-2.1316E-08	-7.8208E-07	2.6248E-06
-1.5015E-08	5.6676E-09	-5.8793E-07	4.1400E-06
-2.2442E-08	2.4954E-08	-5.0435E-07	3.7490E-06
1.7503E-08	-3.5515E-08	1.8916E-07	4.7646E-06
2.6433E-08	7.1343E-09	7.0048E-07	3.3766E-06
-2.5484E-08	4.9005E-10	-5.3004E-09	3.7421E-06
1.1895E-08	-1.3992E-08	2.0636E-07	3.3545E-06
2.6081E-09	-1.2457E-08	-4.7302E-07	3.7851E-06
-1.6873E-08	7.5979E-09	-6.6186E-08	4.1915E-06
-3.0638E-08	1.4193E-08	4.3161E-07	4.2488E-06
-1.0772E-08	-9.8849E-09	5.3953E-07	3.3109E-06
1.2166E-08	-3.6146E-08	-3.4446E-07	3.3488E-06
5.0604E-09	2.2114E-09	-6.8494E-07	3.5188E-06
-1.7072E-08	-6.3719E-08	-9.6263E-07	4.4020E-06
3.2124E-08	2.3401E-08	-3.2930E-07	4.1875E-06
-1.1540E-08	2.1228E-08	-1.3516E-06	4.4661E-06
2.4347E-08	-3.1812E-08	-5.3790E-07	5.5558E-06
1.7080E-08	-3.5293E-08	-1.0434E-07	4.9056E-06
1.7384E-08	-3.5543E-08	-4.4683E-07	4.8342E-06
-3.3453E-09	-8.2721E-09	-1.0221E-06	4.9076E-06
3.4506E-08	-2.0573E-08	-1.4263E-06	6.3625E-06
2.4759E-08	-1.2161E-08	6.0863E-07	7.0696E-06
-1.5722E-08	1.3307E-08	7.6823E-07	4.9328E-06
5.4509E-09	2.4810E-08	-9.1381E-07	5.6863E-06
-2.5902E-08	-3.1251E-08	-1.4048E-07	6.2434E-06
4.4434E-09	1.8280E-08	-8.0263E-07	6.3092E-06
-3.0667E-09	3.7165E-09	-4.7963E-07	7.1548E-06
-1.4749E-08	-1.5918E-08	-5.6691E-07	7.6181E-06
2.2393E-09	-3.8002E-08	3.6909E-07	8.3114E-06
2.3564E-08	-2.3616E-08	5.0259E-07	8.0734E-06
1.4584E-08	1.2919E-08	9.8503E-07	8.3694E-06
-9.5057E-09	4.1532E-09	2.3149E-07	8.3244E-06
-2.3764E-08	-5.9325E-09	9.9507E-07	1.0356E-05
-6.5581E-09	2.2383E-08	2.2390E-06	9.6977E-06
2.4616E-09	-2.8026E-09	2.1610E-06	1.0829E-05
-2.6569E-08	-3.7942E-09	4.2216E-06	1.1001E-05
-1.0401E-09	9.6445E-09	4.7662E-06	1.0612E-05
4.9232E-09	-2.4265E-08	6.1466E-06	1.0569E-05
-3.0042E-08	3.9517E-08	6.9668E-06	9.7709E-06
1.1887E-08	-5.0295E-09	8.1057E-06	9.2727E-06
1.7210E-08	-1.4382E-08	8.8385E-06	7.3494E-06
-2.1189E-08	9.1643E-10	7.6494E-06	6.4176E-06
2.3266E-09	-1.7582E-08	7.8034E-06	6.8832E-06
6.8205E-09	3.2197E-08	8.1826E-06	6.5296E-06
1.4235E-08	-1.5654E-08	9.5115E-06	6.3102E-06
2.8508E-08	3.9950E-09	9.6716E-06	3.6513E-06
-1.2078E-08	-1.9397E-08	8.2917E-06	3.6603E-06
6.3047E-09	-2.7615E-08	9.0615E-06	2.4084E-06
2.4796E-08	-1.7092E-08	6.8703E-06	1.3510E-06
-5.6450E-09	1.6513E-08	6.5329E-06	2.1499E-06
2.3810E-08	8.3599E-09	5.7551E-06	1.6127E-06
-8.7781E-09	1.2631E-08	5.1981E-06	2.4871E-06
-2.1791E-08	-1.1078E-08	5.1475E-06	2.3434E-06
-1.5836E-08	-1.1583E-09	4.5382E-06	3.2495E-06
1.0944E-08	-3.9255E-08	5.7955E-06	3.4900E-06
-9.4123E-09	-2.9182E-08	5.2179E-06	2.5301E-06
-1.6632E-08	-6.5321E-08	5.1049E-06	3.4123E-06
-2.8553E-08	-3.8249E-09	5.3976E-06	3.0444E-06
2.8657E-08	-4.0110E-08	5.8073E-06	3.3186E-06
-1.0681E-08	-1.0178E-09	5.4959E-06	1.6434E-06
1.1597E-08	-3.4150E-08	3.7596E-06	3.1442E-06
-4.7049E-08	2.8309E-09	5.1826E-06	3.7633E-06
9.2565E-09	-1.5951E-09	5.3427E-06	4.0712E-06
-4.4719E-08	-5.4341E-09	6.9080E-06	3.1206E-06
-7.6296E-09	1.6003E-08	5.5818E-06	2.4580E-06
-1.0413E-09	6.1000E-09	6.6413E-06	2.9366E-06
6.5468E-08	3.7721E-09	6.8756E-06	1.5932E-06
-3.2186E-08	-2.1166E-08	6.3381E-06	-1.5362E-07
6.5579E-09	-1.1896E-08	3.7890E-06	5.3924E-07
2.6904E-08	3.2585E-08	5.6336E-06	4.7469E-07
4.2478E-08	-2.7176E-09	1.6298E-06	-1.4657E-06
-1.0678E-08	-6.0663E-09	1.1274E-06	2.9651E-06
-2.7772E-09	-3.6021E-08	1.8824E-06	2.5027E-06
-1.8596E-08	-1.9549E-09	1.9746E-06	4.7201E-06
3.7512E-09	-1.2837E-09	3.1102E-06	4.1658E-06
1.7848E-08	-3.2418E-08	3.4648E-06	5.6675E-06
1.6007E-08	3.9855E-09	5.3076E-06	4.3832E-06
4.4003E-09	-1.5707E-08	4.6416E-06	4.0033E-06
4.5903E-09	-3.5012E-08	4.5999E-06	3.4253E-06
-6.3845E-09	-2.7003E-08	3.8564E-06	4.3026E-06
-1.8373E-08	5.8567E-09	4.3747E-06	4.4700E-06
2.9403E-08	-8.5937E-09	4.5252E-06	5.5288E-06
-2.2651E-08	2.2054E-08	5.7753E-06	5.1835E-06
-1.8519E-08	2.5618E-08	6.1371E-06	5.7010E-06
-9.3369E-09	-1.2145E-08	7.6870E-06	4.4450E-06
-1.0686E-08	-6.3387E-08	6.9717E-06	4.0749E-06
-9.9952E-09	-2.0782E-08	7.7854E-06	3.4056E-06
-1.5979E-08	-1.9739E-08	7.1714E-06	3.5480E-06
2.8269E-08	-1.7559E-08	8.9850E-06	2.4917E-06
-2.7240E-09	-3.6124E-08	7.1816E-06	7.6726E-07
2.8239E-08	-7.3621E-09	6.8686E-06	1.0730E-06
-1.7642E-08	3.9123E-09	5.3814E-06	8.5303E-07
3.1418E-08	4.3180E-09	5.7276E-06	2.3439E-06
1.4267E-08	-2.1157E-08	6.2488E-06	1.9551E-06
-7.4984E-09	-1.2332E-09	6.6297E-06	1.4872E-06
-2.7110E-08	6.5984E-10	5.4924E-06	9.4600E-07
-1.0057E-08	-1.2064E-08	5.8237E-06	1.9901E-06
1.1427E-08	1.3181E-08	6.0850E-06	1.0035E-06
-9.2228E-09	-4.4704E-08	5.2349E-06	8.2223E-07
-5.4240E-08	2.3724E-08	4.3669E-06	1.7449E-06
-4.1867E-08	-1.9972E-08	6.1070E-06	2.6599E-06
-9.0121E-09	8.0571E-09	6.1856E-06	3.7901E-07
-3.7193E-09	1.6914E-08	4.4667E-06	4.7453E-07
-4.7372E-08	-1.7542E-08	3.4406E-06	1.2147E-06
8.2036E-09	-2.2319E-08	3.7219E-06	2.9435E-06
2.7780E-08	-5.3618E-08	4.1956E-06	2.6726E-06
-2.8584E-08	1.1855E-08	3.8073E-06	4.2072E-06
2.2168E-08	-1.1167E-08	5.7262E-06	4.9526E-06
1.8238E-09	-4.5595E-08	6.7221E-06	4.4635E-06
-2.4295E-08	1.2312E-08	7.4005E-06	4.2616E-06
-8.4219E-09	4.3473E-08	8.7383E-06	3.9692E-06
-6.7826E-09	2.4111E-08	9.4213E-06	2.3698E-06
6.7338E-09	2.5846E-08	9.7507E-06	1.4813E-06
2.5054E-08	-4.7051E-08	9.3264E-06	-7.4315E-07
2.6861E-08	3.0058E-08	7.8223E-06	-6.1787E-07
-1.8520E-08	4.2986E-08	7.9363E-06	-1.4441E-06
-2.5442E-08	-1.9554E-08	6.6158E-06	-1.5038E-06
3.7732E-09	-1.5800E-08	6.4535E-06	-2.5116E-06
-1.9895E-08	2.3119E-08	3.1568E-06	-1.6734E-06
7.6946E-09	9.2655E-10	4.9280E-06	1.1912E-06
-2.4736E-08	-2.5292E-08	5.4563E-06	-9.8759E-07
-1.1986E-08	-2.6672E-09	3.5966E-06	1.8275E-07
1.3249E-08	2.9473E-08	4.9963E-06	1.4551E-06
-5.8526E-09	-4.6187E-08	5.7754E-06	1.9857E-07
1.7203E-08	7.8422E-09	4.1835E-06	-2.9030E-07
-8.8224E-10	-7.9374E-09	3.5986E-06	1.8204E-06
1.6656E-08	2.5478E-09	5.7961E-06	2.8792E-06
-1.4315E-08	-2.8388E-09	7.1703E-06	1.3465E-06
-1.5399E-08	6.7103E-09	6.9525E-06	1.8314E-07
3.2983E-08	-1.3473E-10	6.0523E-06	-7.2616E-07
1.9611E-08	-1.7546E-08	5.3911E-06	2.6056E-07
-6.7801E-09	-2.8360E-08	6.1090E-06	-6.0902E-07
-3.8702E-08	-8.3535E-09	4.3334E-06	-1.0268E-07
-9.6806E-09	3.2627E-08	5.7704E-06	5.5527E-07
-5.2888E-09	-1.8128E-08	4.6030E-06	1.8600E-07
-1.3890E-08	-2.0126E-08	6.3564E-06	1.5645E-06
-4.4059E-08	2.1629E-08	6.4622E-06	-3.7742E-07
9.9895E-09	-3.1551E-08	6.9402E-06	-1.9955E-08
5.8900E-09	-2.0670E-08	6.2940E-06	-2.5282E-06
1.2898E-08	-1.4919E-10	4.4731E-06	-1.5255E-06
-9.1512E-09	-2.2277E-08	3.8660E-06	-1.3954E-06
4.2889E-09	-2.7535E-09	4.0008E-06	8.5467E-07
6.3203E-09	-1.9625E-08	5.5861E-06	-2.8275E-07
9.5181E-09	1.0908E-08	4.9413E-06	2.1020E-07
-2.7919E-08	-1.4721E-08	6.2111E-06	-7.4124E-07
1.8699E-08	4.8073E-09	5.3931E-06	-1.0463E-06
2.5405E-09	-2.2324E-08	5.6782E-06	-2.4186E-06
-9.2552E-09	1.3476E-08	3.2170E-06	-1.8015E-06
-6.8450E-09	-3.7587E-08	4.8529E-06	-1.1345E-06
7.0325E-09	-9.7174E-09	3.2143E-06	-2.5119E-06
-1.8133E-08	-5.7472E-09	2.7833E-06	-8.6787E-07
2.0602E-08	1.2967E-08	2.9434E-06	-8.0607E-07
-1.4028E-08	-2.8688E-08	3.3082E-06	-6.7243E-07
-4.7106E-09	1.5042E-08	2.1267E-06	-1.3329E-06
-9.1595E-09	9.2480E-09	1.4430E-06	8.7491E-07
9.6520E-09	-1.7638E-08	3.3569E-06	1.4076E-06
-7.6014E-09	1.3603E-08	3.5685E-06	2.1792E-07
3.7722E-08	-5.1496E-08	2.6243E-06	3.3608E-07
-2.6561E-08	1.0344E-08	2.7240E-06	1.2748E-06
-1.9949E-08	-1.6310E-08	3.4180E-06	1.4451E-06
-9.0521E-09	2.2577E-08	3.6148E-06	1.1878E-06
-1.8314E-09	-2.4831E-08	3.8427E-06	1.1171E-06
-2.0994E-08	2.8395E-09	3.4326E-06	2.8141E-07
3.4331E-08	3.6425E-08	1.9153E-06	1.2651E-06
2.8719E-08	-4.2180E-09	2.5658E-06	3.3236E-06
-1.0978E-08	1.3381E-08	4.9962E-06	4.0081E-06
1.8199E-08	-1.4389E-08	6.3583E-06	1.3560E-06
1.5852E-09	-4.6451E-08	4.0126E-06	1.1579E-06
-1.3275E-08	-1.2339E-08	5.7326E-06	2.1928E-06
-3.0327E-09	1.2537E-08	4.7771E-06	-4.3462E-07
1.2256E-08	3.4091E-09	2.3258E-06	1.8661E-06
-3.3319E-08	-9.8778E-09	4.0474E-06	4.0898E-06
-9.9529E-09	-1.4568E-08	6.0078E-06	4.6994E-06
-3.5825E-08	-1.4090E-08	8.7319E-06	3.9344E-06
-2.2223E-08	-2.4506E-08	9.9965E-06	1.5289E-06
-2.3955E-09	-5.9077E-09	1.0373E-05	-1.2099E-06
-7.0206E-09	9.4430E-09	7.6995E-06	-4.1956E-06
-3.2388E-09	4.0897E-08	4.7409E-06	-2.7456E-06
2.5916E-08	-1.7867E-08	4.8165E-06	-1.7742E-06
2.1999E-08	2.6845E-08	4.5609E-06	-1.0675E-06
-2.0525E-09	-2.5939E-08	5.2428E-06	-1.3237E-06
-2.2137E-08	8.9263E-09	4.3696E-06	-1.5971E-06
1.6840E-08	8.4700E-09	4.1644E-06	-1.1170E-06
2.8732E-08	-2.1242E-08	4.4074E-06	-6.1304E-07
3.7109E-08	-2.4153E-08	4.7407E-06	-1.7697E-06
2.9410E-08	-1.5190E-09	2.8266E-06	-1.2283E-06
-8.6743E-09	-2.1008E-08	3.7447E-06	-2.0524E-07
4.2991E-09	-3.2056E-09	3.2400E-06	-5.6781E-09
-3.0770E-08	-3.6814E-08	5.0805E-06	6.4373E-07
4.3775E-08	-5.4678E-09	4.5754E-06	-1.5484E-06
-1.1845E-08	2.9746E-08	3.5977E-06	-2.9306E-07
-1.4604E-08	-1.7275E-08	4.6930E-06	-8.1558E-07
3.9413E-08	1.9573E-08	3.3481E-06	-1.7474E-06
7.4711E-09	2.1928E-08	2.3106E-06	-2.8284E-07
2.0524E-09	1.9625E-08	3.3348E-06	6.1859E-07
8.8756E-09	-1.4461E-08	4.1046E-06	2.9630E-07
1.9932E-08	-9.9952E-09	3.9102E-06	-9.5337E-07
-7.2617E-08	-1.5108E-08	2.2673E-06	8.2414E-08
-1.2231E-08	1.0867E-08	4.0855E-06	8.7636E-07
2.3564E-08	-1.7712E-08	3.4859E-06	-5.4732E-07
2.1545E-09	3.0241E-08	3.0538E-06	2.0973E-07
-5.1482E-08	-3.3937E-08	2.8411E-06	2.9861E-07
-1.1770E-08	-1.3596E-08	3.0228E-06	8.2319E-07
-1.5465E-10	-5.7801E-09	2.9592E-06	1.0129E-06
-3.5712E-08	-2.2490E-09	3.3542E-06	9.5610E-07
3.0533E-10	-1.6125E-08	2.2940E-06	1.7866E-06
-2.0174E-08	-1.6625E-08	4.8743E-06	2.8191E-06
2.1642E-08	-1.2477E-08	4.4053E-06	3.3883E-07
-3.2787E-08	3.5902E-08	4.0271E-06	1.4819E-06
-8.9645E-09	-3.5530E-08	3.7455E-06	2.3464E-07
-3.9691E-10	-2.1141E-08	2.7179E-06	1.9775E-06
2.0327E-08	1.4135E-08	3.9609E-06	2.2523E-06
-4.2436E-09	-3.3400E-08	4.0566E-06	2.1998E-06
3.1815E-08	2.2715E-08	3.8849E-06	2.5940E-06
5.3054E-09	5.7748E-10	5.6443E-06	3.3761E-06
-1.4287E-08	-3.8408E-08	5.6580E-06	7.9503E-07
-3.5874E-08	-3.6339E-09	3.9726E-06	2.2191E-06
-3.1237E-08	1.4937E-08	5.4045E-06	2.3220E-06
-5.6962E-09	-4.8707E-08	4.7487E-06	2.0409E-06
-2.2850E-08	1.7849E-08	4.6217E-06	2.5872E-06
8.0096E-09	1.8270E-08	4.5854E-06	3.9030E-06
2.6475E-09	-7.3491E-09	6.6855E-06	5.2121E-06
4.2967E-08	1.2128E-08	9.4434E-06	3.3975E-06
5.3027E-09	1.3924E-08	7.9678E-06	6.8807E-07
-3.0121E-08	-3.0409E-08	7.1633E-06	1.8655E-06
-9.8670E-09	-5.0775E-09	7.0257E-06	9.2066E-07
2.9258E-08	2.7114E-09	5.9827E-06	2.7376E-06
-2.9575E-08	1.2846E-08	7.4208E-06	3.1646E-06
1.9265E-08	-3.3974E-09	7.4301E-06	4.3009E-06
9.6980E-09	1.7588E-08	9.7804E-06	5.4430E-06
4.2950E-08	-1.8170E-08	1.2815E-05	5.8684E-06
-3.5173E-08	3.6169E-08	1.7618E-05	2.9634E-06
1.2737E-08	5.2810E-08	1.8362E-05	-3.2259E-06
-2.7982E-08	1.8110E-08	1.4800E-05	-7.7202E-06
-3.0554E-08	-6.6182E-09	1.0660E-05	-7.5334E-06
2.6293E-08	-1.8745E-08	9.7241E-06	-6.5746E-06
-3.5042E-08	-1.4406E-09	9.5471E-06	-6.4651E-06
-9.6388E-09	1.9341E-08	8.7605E-06	-8.3339E-06
-2.5791E-08	1.1201E-08	5.4207E-06	-7.2516E-06
1.6514E-08	1.5798E-08	6.6763E-06	-5.3907E-06
3.2252E-08	3.6575E-08	6.3506E-06	-6.6625E-06
2.7232E-08	-1.6369E-08	5.8318E-06	-6.1194E-06
2.3850E-09	3.6939E-08	5.4362E-06	-6.8696E-06
5.7169E-09	1.6951E-08	4.1839E-06	-6.6330E-06
-3.3280E-08	-3.8311E-11	2.9709E-06	-6.1368E-06
1.4689E-08	-4.4117E-08	2.7683E-06	-3.6884E-06
2.6553E-08	-1.2887E-08	5.3217E-06	-4.1940E-06
-3.0042E-08	9.6733E-10	3.4727E-06	-5.9561E-06
-2.9160E-08	-1.0649E-08	2.6249E-06	-4.0649E-06
-3.8448E-08	1.7361E-08	3.0548E-06	-3.3302E-06
-2.2912E-08	-8.9809E-09	4.7486E-06	-2.6543E-06
1.2540E-09	8.7051E-09	5.1218E-06	-5.2623E-06
2.9072E-08	7.0689E-09	2.9461E-06	-5.1241E-06
1.0459E-08	-1.5219E-08	2.6220E-06	-4.3197E-06
7.0536E-09	-4.3697E-08	2.5246E-06	-3.3814E-06
2.6040E-09	-2.4325E-08	3.1175E-06	-2.9933E-06
-1.2621E-08	2.7714E-08	4.0137E-06	-3.0951E-06
1.5883E-08	1.1622E-09	3.2356E-06	-4.3072E-06
-1.9646E-08	-3.0768E-08	3.0564E-06	-2.4522E-06
-5.5587E-09	9.0703E-09	4.6144E-06	-3.8852E-06
-1.0614E-08	2.7097E-08	3.1700E-06	-4.0635E-06
-1.0768E-09	2.3591E-08	3.4413E-06	-4.2157E-06
-1.4703E-08	-2.0659E-08	2.5357E-06	-3.5809E-06
3.5420E-09	1.9931E-08	3.6497E-06	-3.6503E-06
-8.7588E-09	1.0794E-08	2.9772E-06	-3.8433E-06
1.0435E-08	-1.2872E-08	3.8258E-06	-4.2863E-06
1.7105E-10	3.1968E-08	2.2061E-06	-5.0394E-06
-5.1443E-09	-4.0262E-10	2.1247E-06	-3.7140E-06
3.0795E-08	6.5325E-09	2.9119E-06	-3.8585E-06
-5.1924E-09	-5.5544E-09	3.0011E-06	-5.2570E-06
2.5330E-09	-3.1231E-09	1.0699E-06	-5.8650E-06
-1.2338E-08	2.1367E-08	-6.8617E-07	-5.0493E-06
3.9703E-08	-1.9071E-08	-1.4656E-06	-1.8176E-06
1.4029E-09	6.9410E-09	2.2201E-06	-1.0272E-06
-4.1256E-09	-3.7239E-08	1.7640E-06	-3.6890E-06
2.3008E-08	-2.1058E-08	4.7889E-07	-2.0969E-06
-1.8808E-09	1.0228E-08	2.5086E-06	-2.9128E-06
9.4096E-09	-1.4679E-08	-1.5245E-07	-2.3846E-06
2.1983E-08	5.0736E-09	3.1559E-06	-1.7668E-06
-7.5449E-09	1.0105E-09	2.6689E-08	-4.4326E-06
-2.5834E-09	-1.8074E-09	9.3469E-07	8.2966E-08
-2.5738E-09	-1.7841E-09	4.1255E-06	-2.9362E-06
-2.5642E-09	-1.7610E-09	1.0851E-06	-5.4397E-06
-2.5544E-09	-1.7380E-09	-9.2018E-07	-3.7317E-06
-2.5446E-09	-1.7151E-09	-1.6166E-06	-2.5421E-06
-2.5346E-09	-1.6924E-09	-1.2138E-06	-3.8817E-07
-2.5245E-09	-1.6698E-09	2.4892E-07	-1.8324E-07
-2.5144E-09	-1.6474E-09	7.9748E-07	-3.1779E-07
-2.5042E-09	-1.6251E-09	7.6511E-07	-7.7638E-07
-2.4938E-09	-1.6029E-09	6.9362E-07	-2.9227E-08
-2.4834E-09	-1.5809E-09	1.3797E-06	-1.7526E-07
-2.4729E-09	-1.5590E-09	1.4582E-06	2.0484E-07
-2.4623E-09	-1.5373E-09	2.7034E-06	-3.8121E-07
-2.4516E-09	-1.5157E-09	1.6647E-06	-1.5256E-06
-2.4409E-09	-1.4942E-09	1.1489E-06	-3.3858E-07
-2.4300E-09	-1.4729E-09	2.2084E-06	-2.8858E-07
-2.4191E-09	-1.4518E-09	2.0607E-06	-1.3253E-06
-2.4081E-09	-1.4308E-09	6.5742E-07	-1.0132E-06
-2.3970E-09	-1.4099E-09	1.0933E-06	7.1308E-07
-2.3858E-09	-1.3892E-09	2.3408E-06	4.7416E-07
-2.3746E-09	-1.3686E-09	2.6855E-06	3.7283E-07
-2.3633E-09	-1.3482E-09	3.2439E-06	-5.2598E-07
-2.3519E-09	-1.3279E-09	2.2662E-06	-5.6748E-07
-2.3404E-09	-1.3078E-09	3.2098E-06	1.2869E-07
-2.3289E-09	-1.2878E-09	3.6853E-06	-1.1591E-06
-2.3173E-09	-1.2680E-09	2.9296E-06	-1.4668E-06
-2.3056E-09	-1.2483E-09	3.0307E-06	-1.6663E-06
-2.2939E-09	-1.2288E-09	1.8563E-06	-2.1505E-06
-2.2821E-09	-1.2094E-09	1.6339E-06	-3.2587E-07
-2.2703E-09	-1.1902E-09	3.4752E-06	-7.3272E-07
-2.2583E-09	-1.1711E-09	3.1997E-06	-2.2118E-06
-2.2464E-09	-1.1522E-09	1.7984E-06	-3.0202E-06
-2.2343E-09	-1.1334E-09	2.8416E-07	-1.5076E-06
-2.2222E-09	-1.1148E-09	1.1615E-06	-5.5854E-07
-2.2101E-09	-1.0963E-09	1.2011E-06	2.6345E-08
-2.1979E-09	-1.0780E-09	2.6744E-06	9.3534E-08
-2.1856E-09	-1.0598E-09	2.4946E-06	-8.3851E-07
-2.1733E-09	-1.0418E-09	2.3646E-06	-9.5481E-07
-2.1610E-09	-1.0239E-09	1.9687E-06	-5.4442E-07
-2.1486E-09	-1.0062E-09	3.0166E-06	-9.0318E-07
-2.1361E-09	-9.8860E-10	1.5767E-06	-1.4448E-06
-2.1236E-09	-9.7119E-10	2.2549E-06	-2.2630E-07
-2.1111E-09	-9.5392E-10	2.0939E-06	-1.0947E-06
-2.0985E-09	-9.3681E-10	2.1818E-06	-1.7844E-07
-2.0859E-09	-9.1986E-10	2.6749E-06	-7.3252E-07
-2.0732E-09	-9.0305E-10	2.6212E-06	-9.5952E-07
-2.0605E-09	-8.8639E-10	1.8949E-06	-8.8415E-07
-2.0478E-09	-8.6989E-10	3.1850E-06	-1.8014E-07
-2.0350E-09	-8.5354E-10	2.6061E-06	-2.2428E-06
-2.0222E-09	-8.3734E-10	1.5718E-06	-6.8924E-07
-2.0093E-09	-8.2129E-10	2.1555E-06	-1.1539E-06
-1.9965E-09	-8.0540E-10	1.8383E-06	1.4046E-07
-1.9836E-09	-7.8965E-10	3.5089E-06	-9.5877E-07
-1.9706E-09	-7.7406E-10	2.0276E-06	-1.1568E-06
-1.9576E-09	-7.5862E-10	3.0923E-06	-1.0282E-06
-1.9447E-09	-7.4333E-10	2.0703E-06	-1.7744E-06
-1.9316E-09	-7.2819E-10	2.1253E-06	-1.4646E-06
-1.9186E-09	-7.1320E-10	8.4156E-07	-1.1717E-06
-1.9055E-09	-6.9836E-10	2.3149E-06	5.3851E-07
-1.8924E-09	-6.8368E-10	3.1060E-06	-1.2867E-06
-1.8793E-09	-6.6914E-10	2.2040E-06	-1.4730E-06
-1.8662E-09	-6.5475E-10	1.4838E-06	-1.3413E-06
-1.8531E-09	-6.4051E-10	2.1762E-06	-1.2721E-07
-1.8399E-09	-6.2643E-10	2.6368E-06	-1.9115E-06
-1.8267E-09	-6.1249E-10	8.5469E-07	-1.0783E-06
-1.8135E-09	-5.9870E-10	1.9509E-06	-5.9789E-07
-1.8003E-09	-5.8505E-10	1.1280E-06	-7.9325E-07
-1.7871E-09	-5.7156E-10	1.6944E-06	4.6579E-07
-1.7739E-09	-5.5822E-10	2.9758E-06	-6.4788E-08
-1.7606E-09	-5.4502E-10	2.5250E-06	-1.5240E-06
-1.7474E-09	-5.3197E-10	1.0505E-06	-5.4471E-07
-1.7341E-09	-5.1906E-10	2.6445E-06	3.3951E-07
-1.7209E-09	-5.0631E-10	2.7044E-06	-1.2312E-06
-1.7076E-09	-4.9370E-10	1.6225E-06	-9.0427E-07
-1.6944E-09	-4.8123E-10	1.8400E-06	-2.0485E-07
-1.6811E-09	-4.6891E-10	2.3890E-06	-1.8101E-07
-1.6678E-09	-4.5674E-10	2.6284E-06	-7.4118E-07
-1.6545E-09	-4.4471E-10	1.7391E-06	-1.1681E-06
-1.6413E-09	-4.3282E-10	1.2081E-06	3.5144E-07
-1.6280E-09	-4.2108E-10	3.2517E-06	1.0385E-06
-1.6148E-09	-4.0948E-10	4.3598E-06	-1.2505E-06
-1.6015E-09	-3.9802E-10	1.9101E-06	-2.6719E-06
-1.5882E-09	-3.8671E-10	9.7919E-07	-4.2747E-07
-1.5750E-09	-3.7554E-10	1.9728E-06	-4.8379E-07
-1.5618E-09	-3.6451E-10	1.7379E-06	3.8290E-07
-1.5485E-09	-3.5362E-10	3.3116E-06	-3.0487E-07
-1.5353E-09	-3.4287E-10	2.1386E-06	-6.4717E-07
-1.5221E-09	-3.3226E-10	3.3578E-06	-5.6128E-07
-1.5089E-09	-3.2179E-10	1.9711E-06	-1.7748E-06
-1.4957E-09	-3.1145E-10	2.0037E-06	-3.4260E-07
-1.4825E-09	-3.0126E-10	2.2764E-06	-1.3070E-06
-1.4694E-09	-2.9120E-10	9.5092E-07	-8.1303E-07
-1.4562E-09	-2.8128E-10	1.4222E-06	1.0740E-06
-1.4431E-09	-2.7150E-10	3.7371E-06	5.4025E-07
-1.4300E-09	-2.6185E-10	2.9902E-06	-8.7577E-07
-1.4169E-09	-2.5234E-10	3.5172E-06	-6.5371E-07
-1.4039E-09	-2.4297E-10	2.6040E-06	-2.2789E-06
-1.3908E-09	-2.3372E-10	1.6247E-06	-9.8512E-07
-1.3778E-09	-2.2461E-10	2.0910E-06	-1.1558E-06
-1.3648E-09	-2.1563E-10	1.7045E-06	-8.2593E-07
-1.3518E-09	-2.0679E-10	1.7551E-06	-1.0292E-06
-1.3389E-09	-1.9808E-10	1.1398E-06	-2.1936E-07
-1.3259E-09	-1.8949E-10	2.3990E-06	1.9615E-07
-1.3130E-09	-1.8104E-10	2.2945E-06	-8.3416E-07
-1.3002E-09	-1.7272E-10	1.9620E-06	-4.7121E-07
-1.2873E-09	-1.6452E-10	1.8137E-06	-1.0015E-06
-1.2745E-09	-1.5646E-10	8.7247E-07	2.0650E-07
-1.2617E-09	-1.4852E-10	2.5075E-06	6.4426E-07
-1.2490E-09	-1.4071E-10	2.1814E-06	4.8941E-09
-1.2362E-09	-1.3302E-10	2.9631E-06	2.0986E-07
-1.2236E-09	-1.2546E-10	2.3413E-06	-7.4920E-07
-1.2109E-09	-1.1803E-10	2.4568E-06	-3.1252E-08
-1.1983E-09	-1.1072E-10	2.0414E-06	-9.8501E-07
-1.1857E-09	-1.0353E-10	1.1163E-06	5.6982E-07
-1.1731E-09	-9.6466E-11	2.6990E-06	1.3459E-06
-1.1606E-09	-8.9523E-11	3.4446E-06	6.0823E-07
-1.1481E-09	-8.2701E-11	3.8596E-06	5.0698E-07
-1.1357E-09	-7.5999E-11	4.8649E-06	-1.2271E-06
-1.1233E-09	-6.9417E-11	2.2805E-06	-2.4639E-06
-1.1109E-09	-6.2954E-11	1.8467E-06	-6.1145E-07
-1.0986E-09	-5.6609E-11	1.7591E-06	-3.3197E-07
-1.0863E-09	-5.0381E-11	3.1784E-06	7.0247E-07
-1.0741E-09	-4.4270E-11	3.1371E-06	-1.1744E-06
-1.0619E-09	-3.8275E-11	3.0788E-06	-7.1118E-08
-1.0497E-09	-3.2395E-11	2.9403E-06	-2.3808E-06
-1.0376E-09	-2.6629E-11	5.3483E-07	3.0795E-07
-1.0255E-09	-2.0977E-11	4.1050E-06	7.2289E-07
-1.0135E-09	-1.5438E-11	3.2118E-06	-1.2639E-06
-1.0015E-09	-1.0010E-11	3.1597E-06	-1.0813E-06
-9.8959E-10	-4.6941E-12	2.0274E-06	-1.5362E-06
-9.7770E-10	5.1183E-13	2.0626E-06	2.2545E-08
-9.6586E-10	5.6082E-12	3.4022E-06	-5.1073E-07
-9.5408E-10	1.0596E-11	2.3678E-06	-1.5927E-06
-9.4233E-10	1.5475E-11	1.8990E-06	-2.5823E-08
-9.3064E-10	2.0248E-11	3.1912E-06	-6.8035E-07
-9.1900E-10	2.4914E-11	1.9184E-06	-4.8982E-07
-9.0741E-10	2.9474E-11	3.5432E-06	1.2237E-08
-8.9587E-10	3.3930E-11	2.6684E-06	-1.4961E-06
-8.8438E-10	3.8282E-11	2.4056E-06	-1.8365E-07
-8.7295E-10	4.2531E-11	2.9605E-06	-4.1063E-07
-8.6156E-10	4.6677E-11	3.8200E-06	-1.9200E-07
-8.5023E-10	5.0723E-11	3.9730E-06	-2.5136E-06
-8.3895E-10	5.4667E-11	1.2580E-06	-2.1826E-06
-8.2773E-10	5.8512E-11	1.7559E-06	-9.5591E-08
-8.1656E-10	6.2258E-11	3.1315E-06	-4.6331E-07
-8.0545E-10	6.5905E-11	2.7928E-06	-1.3412E-06
-7.9440E-10	6.9456E-11	2.5359E-06	-1.0079E-06
-7.8339E-10	7.2910E-11	2.5568E-06	-1.3230E-06
-7.7245E-10	7.6268E-11	2.4143E-06	-9.2365E-07
-7.6156E-10	7.9532E-11	2.8367E-06	-1.6756E-06
-7.5073E-10	8.2701E-11	1.4607E-06	-1.8456E-06
-7.3996E-10	8.5778E-11	1.2197E-06	-7.1189E-07
-7.2925E-10	8.8762E-11	1.7874E-06	-1.8487E-07
-7.1860E-10	9.1655E-11	1.9595E-06	-4.3972E-07
-7.0800E-10	9.4458E-11	2.0658E-06	4.5279E-07
-6.9747E-10	9.7170E-11	3.5245E-06	-3.1179E-07
-6.8699E-10	9.9794E-11	2.5153E-06	-1.1422E-06
-6.7658E-10	1.0233E-10	2.4711E-06	-8.5102E-07
-6.6622E-10	1.0478E-10	1.9859E-06	-6.2083E-07
-6.5593E-10	1.0714E-10	2.7463E-06	-4.9547E-07
-6.4570E-10	1.0942E-10	1.8527E-06	-9.9616E-07
-6.3553E-10	1.1161E-10	1.7994E-06	1.0379E-07
-6.2542E-10	1.1372E-10	2.1942E-06	9.1042E-07
-6.1537E-10	1.1574E-10	4.3672E-06	7.9284E-07
-6.0539E-10	1.1769E-10	3.6455E-06	-1.2490E-06
-5.9547E-10	1.1955E-10	3.4534E-06	-1.6367E-07
-5.8561E-10	1.2133E-10	3.9835E-06	-1.1637E-06
-5.7582E-10	1.2304E-10	3.9680E-06	-1.0985E-06
-5.6609E-10	1.2466E-10	3.8072E-06	-2.7487E-06
-5.5643E-10	1.2620E-10	1.9297E-06	-2.0024E-06
-5.4683E-10	1.2767E-10	2.8925E-06	-1.2712E-06
-5.3729E-10	1.2907E-10	2.4604E-06	-2.2308E-06
-5.2782E-10	1.3038E-10	1.4421E-06	-1.0860E-06
-5.1841E-10	1.3163E-10	3.0257E-06	-3.0803E-07
-5.0907E-10	1.3280E-10	3.1272E-06	-1.6552E-06
-4.9980E-10	1.3389E-10	2.9709E-06	-1.3667E-06
-4.9059E-10	1.3492E-10	2.9246E-06	-2.3912E-06
-4.8145E-10	1.3587E-10	1.8053E-06	-1.9776E-06
-4.7237E-10	1.3676E-10	1.9984E-06	-1.3632E-06
-4.6336E-10	1.3757E-10	2.6937E-06	-1.2903E-06
-4.5442E-10	1.3832E-10	2.4954E-06	-2.5630E-06
-4.4554E-10	1.3899E-10	1.1867E-06	-2.1858E-06
-4.3673E-10	1.3960E-10	9.0176E-07	-1.5119E-06
-4.2799E-10	1.4015E-10	1.1043E-06	-4.0414E-07
-4.1931E-10	1.4063E-10	2.0024E-06	-5.5056E-07
-4.1070E-10	1.4104E-10	1.9969E-06	-4.3009E-07
-4.0216E-10	1.4140E-10	2.6813E-06	-6.2286E-07
-3.9369E-10	1.4168E-10	2.8450E-06	-1.1372E-06
-3.8528E-10	1.4191E-10	2.2187E-06	-2.0816E-06
-3.7694E-10	1.4208E-10	1.0674E-06	-4.4653E-07
-3.6867E-10	1.4218E-10	3.9445E-06	-3.9592E-08
-3.6047E-10	1.4223E-10	3.4961E-06	-3.4128E-06
-3.5233E-10	1.4221E-10	6.6866E-07	-2.8510E-06
-3.4427E-10	1.4214E-10	7.0728E-07	-1.2647E-06
-3.3627E-10	1.4202E-10	1.0200E-06	-6.8320E-07
-3.2834E-10	1.4183E-10	2.1103E-06	-4.3299E-07
-3.2048E-10	1.4159E-10	1.9148E-06	-1.9279E-06
-3.1269E-10	1.4130E-10	2.7664E-07	-8.0302E-07
-3.0496E-10	1.4095E-10	1.9638E-06	5.0079E-07
-2.9730E-10	1.4055E-10	2.5218E-06	-9.9059E-07
-2.8972E-10	1.4010E-10	1.8190E-06	-8.7893E-07
-2.8220E-10	1.3959E-10	1.8900E-06	-1.1162E-06
-2.7475E-10	1.3903E-10	1.1677E-06	-3.9271E-07
-2.6736E-10	1.3843E-10	2.4544E-06	1.1902E-08
-2.6005E-10	1.3777E-10	2.3399E-06	-5.6738E-07
-2.5280E-10	1.3707E-10	3.2495E-06	-8.2385E-07
-2.4563E-10	1.3632E-10	1.7702E-06	-2.2807E-06
-2.3852E-10	1.3552E-10	1.3760E-06	-1.6288E-07
-2.3148E-10	1.3468E-10	2.7062E-06	-1.1107E-06
-2.2450E-10	1.3379E-10	1.4812E-06	-1.2106E-06
-2.1760E-10	1.3286E-10	1.8828E-06	-4.1265E-07
-2.1077E-10	1.3188E-10	2.3689E-06	-9.2682E-07
-2.0400E-10	1.3086E-10	1.4690E-06	-8.5828E-07
-1.9730E-10	1.2980E-10	2.7540E-06	-1.7605E-08
-1.9067E-10	1.2869E-10	2.2562E-06	-2.0411E-06
-1.8410E-10	1.2755E-10	1.2184E-06	-9.0989E-08
-1.7761E-10	1.2636E-10	2.8266E-06	-7.4920E-07
-1.7118E-10	1.2514E-10	1.8465E-06	-5.7099E-07
-1.6482E-10	1.2387E-10	3.0562E-06	-6.2925E-07
-1.5853E-10	1.2257E-10	2.4902E-06	-1.4108E-06
-1.5231E-10	1.2124E-10	2.0959E-06	-1.3885E-06
-1.4615E-10	1.1986E-10	1.9563E-06	-5.2817E-07
-1.4006E-10	1.1845E-10	3.0259E-06	-1.0286E-06
-1.3404E-10	1.1701E-10	2.6379E-06	-1.4800E-06
-1.2808E-10	1.1553E-10	2.2653E-06	-2.5150E-06
-1.2219E-10	1.1401E-10	4.4693E-07	-8.6269E-07
-1.1637E-10	1.1247E-10	3.0420E-06	-3.1476E-07
-1.1062E-10	1.1089E-10	1.9533E-06	-1.7141E-06
-1.0493E-10	1.0928E-10	2.7734E-06	-9.2435E-07
-9.9306E-11	1.0764E-10	2.0073E-06	-2.4590E-06
-9.3750E-11	1.0597E-10	1.4579E-06	-1.3492E-06
-8.8260E-11	1.0427E-10	1.3765E-06	-1.3172E-06
-8.2836E-11	1.0254E-10	2.3237E-06	-6.1525E-07
-7.7478E-11	1.0078E-10	2.1244E-06	-2.2539E-06
-7.2185E-11	9.9000E-11	1.5764E-06	-1.3671E-06
-6.6958E-11	9.7189E-11	1.2940E-06	-2.7797E-06
-6.1795E-11	9.5351E-11	-1.0060E-06	-4.7320E-07
-5.6698E-11	9.3489E-11	1.9587E-06	1.3196E-06
-5.1665E-11	9.1601E-11	3.0704E-06	-4.4484E-07
-4.6697E-11	8.9690E-11	2.8553E-06	-1.3506E-06
-4.1793E-11	8.7754E-11	2.2465E-06	-1.7107E-06
-3.6954E-11	8.5796E-11	2.1665E-06	-1.8507E-06
-3.2178E-11	8.3816E-11	1.4339E-06	-2.2498E-06
-2.7466E-11	8.1814E-11	5.0876E-07	-1.5290E-06
-2.2817E-11	7.9791E-11	1.1953E-06	-3.2461E-08
-1.8232E-11	7.7747E-11	2.8388E-06	-1.2018E-06
-1.3710E-11	7.5684E-11	1.3742E-06	-2.1948E-06
-9.2501E-12	7.3601E-11	1.2430E-06	-1.5856E-06
-4.8531E-12	7.1500E-11	4.3565E-07	-1.5642E-06
-5.1832E-13	6.9381E-11	1.0196E-06	-4.3625E-07
3.7544E-12	6.7244E-11	9.9020E-07	-1.1861E-06
7.9654E-12	6.5091E-11	8.6889E-07	4.8629E-08
1.2115E-11	6.2921E-11	2.2875E-06	-3.5162E-07
1.6203E-11	6.0736E-11	2.1563E-06	-1.5750E-06
2.0230E-11	5.8536E-11	6.9483E-07	-1.8187E-06
2.4197E-11	5.6321E-11	8.2460E-07	-2.4523E-07
2.8102E-11	5.4092E-11	1.6372E-06	-1.0511E-06
3.1948E-11	5.1850E-11	7.4584E-07	-9.1728E-07
3.5734E-11	4.9595E-11	9.6944E-07	-2.6758E-07
3.9460E-11	4.7328E-11	1.8274E-06	-2.3557E-07
4.3127E-11	4.5049E-11	1.2887E-06	-1.2913E-06
4.6735E-11	4.2759E-11	1.1456E-06	1.6649E-07
5.0284E-11	4.0458E-11	2.2750E-06	-1.1743E-06
5.3775E-11	3.8147E-11	8.8821E-07	-8.1413E-07
5.7207E-11	3.5826E-11	1.8822E-06	-1.3620E-06
6.0582E-11	3.3496E-11	-5.6379E-07	-1.2118E-06
6.3899E-11	3.1158E-11	9.2707E-07	1.2300E-06
6.7159E-11	2.8812E-11	2.1344E-06	-1.9691E-07
7.0362E-11	2.6458E-11	1.5296E-06	-6.9147E-07
7.3508E-11	2.4097E-11	1.0650E-06	-2.1965E-07
7.6598E-11	2.1729E-11	1.9060E-06	-2.6125E-07
7.9631E-11	1.9355E-11	6.9341E-07	-7.0065E-07
8.2610E-11	1.6976E-11	1.4978E-06	1.1285E-06
8.5532E-11	1.4592E-11	2.6498E-06	-4.1404E-07
8.8400E-11	1.2203E-11	1.6966E-06	-4.6688E-07
9.1213E-11	9.8096E-12	1.8353E-06	-7.2635E-07
9.3972E-11	7.4128E-12	8.8588E-07	4.4318E-09
9.6676E-11	5.0127E-12	2.4469E-06	8.3848E-07
9.9327E-11	2.6098E-12	2.9623E-06	-4.8889E-07
1.0192E-10	2.0459E-13	2.7035E-06	-1.1307E-06
1.0447E-10	-2.2025E-12	1.5095E-06	-1.5426E-06
1.0696E-10	-4.6110E-12	1.5623E-06	-5.2283E-08
1.0940E-10	-7.0206E-12	2.5791E-06	-9.7491E-07
1.1179E-10	-9.4307E-12	1.5571E-06	-1.1949E-06
1.1412E-10	-1.1841E-11	1.5565E-06	-7.1569E-07
1.1641E-10	-1.4251E-11	2.0615E-06	-3.6448E-07
1.1864E-10	-1.6660E-11	2.3099E-06	-1.6919E-06
1.2082E-10	-1.9068E-11	7.3083E-07	-9.6065E-07
1.2296E-10	-2.1475E-11	2.2619E-06	-5.4385E-07
1.2504E-10	-2.3880E-11	1.3810E-06	-1.6278E-06
1.2707E-10	-2.6283E-11	1.4083E-06	-1.0317E-06
1.2906E-10	-2.8682E-11	4.9944E-07	-1.4212E-06
1.3099E-10	-3.1079E-11	6.5767E-07	3.4399E-07
1.3288E-10	-3.3472E-11	2.0136E-06	-6.7753E-08
1.3472E-10	-3.5862E-11	2.2566E-06	-1.0411E-06
1.3651E-10	-3.8247E-11	6.9766E-07	-1.9368E-06
1.3825E-10	-4.0628E-11	1.6579E-07	3.0487E-07
1.3995E-10	-4.3004E-11	2.0042E-06	-1.7064E-07
1.4160E-10	-4.5374E-11	1.0421E-06	-9.1474E-07
1.4320E-10	-4.7739E-11	7.5147E-07	-3.2987E-07
1.4476E-10	-5.0098E-11	8.7689E-07	4.2236E-07
1.4627E-10	-5.2450E-11	1.9286E-06	1.2068E-07
1.4774E-10	-5.4796E-11	1.0265E-06	-2.7485E-07
1.4916E-10	-5.7135E-11	1.7254E-06	9.9411E-07
1.5054E-10	-5.9466E-11	2.9189E-06	-2.8010E-07
1.5187E-10	-6.1790E-11	1.7644E-06	-1.2439E-06
1.5316E-10	-6.4106E-11	1.0128E-06	-4.2664E-07
1.5441E-10	-6.6414E-11	1.5003E-06	-5.6003E-09
1.5561E-10	-6.8713E-11	1.4822E-06	-1.2413E-08
1.5677E-10	-7.1003E-11	2.0006E-06	1.9751E-07
1.5789E-10	-7.3284E-11	1.9364E-06	-4.1109E-07
1.5897E-10	-7.5555E-11	1.8195E-06	1.0743E-07
1.6000E-10	-7.7817E-11	2.5557E-06	-3.6804E-07
1.6100E-10	-8.0068E-11	1.8390E-06	-1.0076E-06
1.6195E-10	-8.2310E-11	1.5015E-06	-3.1555E-07
1.6287E-10	-8.4540E-11	2.1108E-06	-4.5369E-07
1.6374E-10	-8.6760E-11	1.5298E-06	-8.4397E-07
1.6458E-10	-8.8968E-11	1.4713E-06	-3.4081E-07
1.6537E-10	-9.1166E-11	1.2950E-06	-3.7391E-07
1.6613E-10	-9.3351E-11	1.3603E-06	3.0740E-07
1.6685E-10	-9.5524E-11	1.6774E-06	7.9248E-07
1.6753E-10	-9.7686E-11	3.7945E-06	1.1683E-06
1.6817E-10	-9.9835E-11	4.0066E-06	-2.5268E-06
1.6877E-10	-1.0197E-10	3.9817E-07	-1.5651E-06
1.6934E-10	-1.0409E-10	2.4148E-06	3.4859E-07
1.6988E-10	-1.0620E-10	2.7551E-06	-1.7071E-06
1.7037E-10	-1.0830E-10	1.3440E-06	-1.8031E-06
1.7083E-10	-1.1038E-10	6.7771E-07	-8.4890E-07
1.7126E-10	-1.1245E-10	1.7699E-06	1.0731E-07
1.7165E-10	-1.1451E-10	2.3671E-06	-1.5150E-06
1.7200E-10	-1.1655E-10	4.0343E-07	-1.3056E-06
1.7233E-10	-1.1858E-10	1.5916E-06	1.4434E-07
1.7261E-10	-1.2059E-10	1.6429E-06	-1.7320E-06
1.7287E-10	-1.2259E-10	-1.7177E-07	-5.2912E-07
1.7309E-10	-1.2457E-10	1.1400E-06	7.1605E-07
1.7328E-10	-1.2654E-10	1.9928E-06	-2.5218E-08
1.7343E-10	-1.2849E-10	1.2601E-06	-5.9982E-07
1.7356E-10	-1.3042E-10	1.5852E-06	6.1644E-07
1.7365E-10	-1.3234E-10	2.4212E-06	-1.0325E-06
1.7371E-10	-1.3425E-10	4.3023E-07	-3.9931E-07
1.7374E-10	-1.3614E-10	1.9709E-06	3.6609E-07
1.7375E-10	-1.3801E-10	1.2625E-06	-4.8866E-07
1.7372E-10	-1.3987E-10	1.4333E-06	6.1188E-07
1.7366E-10	-1.4170E-10	2.3244E-06	5.3578E-07
1.7357E-10	-1.4353E-10	2.7680E-06	-5.6900E-07
1.7345E-10	-1.4533E-10	1.4445E-06	-4.7046E-07
1.7331E-10	-1.4712E-10	2.7613E-06	6.1561E-08
1.7313E-10	-1.4889E-10	1.9366E-06	-1.5333E-06
1.7293E-10	-1.5065E-10	1.1406E-06	-1.4602E-07
1.7270E-10	-1.5238E-10	2.2238E-06	1.4838E-07
1.7245E-10	-1.5410E-10	2.6918E-06	-8.6704E-07
1.7216E-10	-1.5581E-10	1.3772E-06	-1.0602E-06
1.7186E-10	-1.5749E-10	2.2961E-06	-1.0696E-07
1.7152E-10	-1.5916E-10	2.1660E-06	-1.8070E-06
1.7116E-10	-1.6080E-10	7.2938E-07	-1.2205E-06
1.7078E-10	-1.6243E-10	6.3253E-07	-2.3554E-07
1.7036E-10	-1.6405E-10	1.6664E-06	3.8926E-07
1.6993E-10	-1.6564E-10	1.7162E-06	-4.2988E-07
1.6947E-10	-1.6722E-10	1.9983E-06	2.0258E-07
1.6899E-10	-1.6877E-10	2.2216E-06	-9.9413E-07
1.6848E-10	-1.7031E-10	1.5890E-06	-3.7785E-07
1.6795E-10	-1.7183E-10	2.0879E-06	-1.1735E-06
1.6740E-10	-1.7333E-10	6.4013E-07	-7.7460E-07
1.6683E-10	-1.7481E-10	1.4429E-06	3.1613E-07
1.6623E-10	-1.7628E-10	2.2953E-06	-2.6657E-07
1.6561E-10	-1.7772E-10	1.5012E-06	-1.2576E-06
1.6497E-10	-1.7914E-10	1.0646E-06	2.5094E-07
1.6431E-10	-1.8055E-10	2.3899E-06	-8.6181E-07
1.6363E-10	-1.8194E-10	1.8414E-07	-4.7397E-07
1.6293E-10	-1.8330E-10	2.3374E-06	1.1535E-06
1.6221E-10	-1.8465E-10	2.6217E-06	-1.0803E-06
1.6147E-10	-1.8598E-10	1.6999E-06	-1.0641E-06
1.6071E-10	-1.8729E-10	7.5671E-07	-1.1330E-06
1.5993E-10	-1.8858E-10	8.0198E-07	5.4356E-07
1.5913E-10	-1.8985E-10	1.9707E-06	6.4119E-08
1.5832E-10	-1.9110E-10	1.5865E-06	1.4549E-08
1.5748E-10	-1.9233E-10	2.1300E-06	-1.0612E-07
1.5663E-10	-1.9355E-10	1.5565E-06	-4.2729E-07
1.5576E-10	-1.9474E-10	1.8654E-06	4.4674E-07
1.5488E-10	-1.9591E-10	2.8415E-06	-4.9073E-07
1.5398E-10	-1.9706E-10	1.6930E-06	-1.1698E-06
1.5306E-10	-1.9820E-10	1.4495E-06	-6.7605E-07
1.5212E-10	-1.9931E-10	6.3645E-07	-1.8667E-07
1.5118E-10	-2.0040E-10	2.2250E-06	1.4921E-06
1.5021E-10	-2.0148E-10	3.6301E-06	-9.0817E-07
1.4923E-10	-2.0253E-10	1.7168E-06	-1.6840E-06
1.4824E-10	-2.0357E-10	7.6571E-07	-8.5639E-07
1.4723E-10	-2.0458E-10	1.3267E-06	7.7799E-07
1.4620E-10	-2.0558E-10	2.8695E-06	-2.4100E-07
1.4517E-10	-2.0655E-10	2.0775E-06	-8.1772E-07
1.4412E-10	-2.0751E-10	2.0470E-06	-1.2277E-06
1.4305E-10	-2.0845E-10	8.6904E-07	-8.7699E-07
1.4198E-10	-2.0936E-10	1.1934E-06	-8.1712E-08
1.4089E-10	-2.1026E-10	1.7187E-06	5.6369E-07
1.3979E-10	-2.1113E-10	2.7715E-06	-8.2627E-07
1.3868E-10	-2.1199E-10	6.2680E-07	-3.8844E-07
1.3755E-10	-2.1283E-10	3.0694E-06	7.5573E-07
1.3642E-10	-2.1365E-10	2.2702E-06	-1.7643E-06
1.3527E-10	-2.1445E-10	1.5441E-06	-3.1587E-07
1.3412E-10	-2.1522E-10	2.1007E-06	-9.3828E-07
1.3295E-10	-2.1598E-10	1.5214E-06	-1.0046E-06
1.3177E-10	-2.1672E-10	6.9834E-07	-3.4444E-07
1.3058E-10	-2.1744E-10	2.5144E-06	9.8040E-07
1.2939E-10	-2.1814E-10	2.9731E-06	-1.6112E-06
1.2818E-10	-2.1883E-10	1.4098E-06	-1.0415E-06
1.2696E-10	-2.1949E-10	1.7461E-06	-1.2214E-06
1.2574E-10	-2.2013E-10	1.0530E-06	-8.1408E-07
1.2451E-10	-2.2075E-10	1.1619E-06	-7.3380E-07
1.2327E-10	-2.2136E-10	1.0704E-06	2.0309E-07
1.2202E-10	-2.2194E-10	2.2164E-06	-3.1020E-07
1.2076E-10	-2.2251E-10	1.3960E-06	-5.1312E-07
1.1950E-10	-2.2305E-10	2.1560E-06	-3.4067E-08
1.1823E-10	-2.2358E-10	2.3822E-06	-1.2642E-06
1.1695E-10	-2.2409E-10	6.5150E-07	-1.3814E-06
1.1567E-10	-2.2458E-10	1.3332E-06	7.8844E-07
1.1438E-10	-2.2505E-10	2.9847E-06	-1.1735E-06
1.1308E-10	-2.2550E-10	7.7894E-07	-1.5122E-06
1.1178E-10	-2.2594E-10	1.0634E-06	-4.9481E-07
1.1047E-10	-2.2635E-10	1.1493E-06	-2.6202E-07
1.0916E-10	-2.2675E-10	1.5335E-06	-8.5422E-07
1.0784E-10	-2.2713E-10	3.0996E-07	-9.7130E-08
1.0652E-10	-2.2749E-10	1.9885E-06	2.1510E-07
1.0519E-10	-2.2783E-10	6.4892E-07	-5.0862E-07
1.0386E-10	-2.2815E-10	1.6665E-06	1.2115E-06
1.0252E-10	-2.2846E-10	2.5110E-06	2.7621E-08
1.0118E-10	-2.2874E-10	2.7200E-06	-4.6747E-07
9.9841E-11	-2.2901E-10	1.6932E-06	-1.3846E-06
9.8494E-11	-2.2926E-10	1.5365E-06	-5.3366E-07
9.7144E-11	-2.2949E-10	1.0005E-06	-8.3363E-07
9.5792E-11	-2.2971E-10	1.7023E-06	5.6255E-07
9.4436E-11	-2.2991E-10	2.3600E-06	-1.2087E-06
9.3078E-11	-2.3009E-10	8.7247E-07	-1.0529E-06
9.1718E-11	-2.3025E-10	3.6576E-07	-2.1245E-07
9.0356E-11	-2.3039E-10	1.6799E-06	1.2735E-06
8.8992E-11	-2.3052E-10	2.5206E-06	-7.5872E-07
8.7627E-11	-2.3063E-10	1.4179E-06	-4.0952E-08
8.6260E-11	-2.3072E-10	2.2411E-06	-1.0337E-06
8.4891E-11	-2.3080E-10	4.3834E-07	-4.2636E-07
8.3522E-11	-2.3086E-10	1.4976E-06	1.6757E-07
8.2153E-11	-2.3090E-10	8.0257E-07	8.2615E-07
8.0782E-11	-2.3093E-10	3.3927E-06	1.4432E-06
7.9411E-11	-2.3094E-10	3.5724E-06	-1.2096E-06
7.8040E-11	-2.3093E-10	2.1126E-06	-1.9127E-06
7.6670E-11	-2.3091E-10	5.4714E-07	-1.1467E-06
7.5299E-11	-2.3087E-10	1.2225E-06	3.3882E-07
7.3929E-11	-2.3081E-10	1.9666E-06	2.3404E-07
7.2559E-11	-2.3074E-10	2.9171E-06	-3.2077E-07
7.1190E-11	-2.3065E-10	1.9019E-06	-1.7212E-06
6.9822E-11	-2.3055E-10	9.5916E-07	-5.3220E-07
6.8456E-11	-2.3043E-10	1.7687E-06	-1.0040E-07
6.7090E-11	-2.3029E-10	2.1717E-06	-6.3296E-07
6.5727E-11	-2.3014E-10	1.5328E-06	-1.0929E-06
6.4365E-11	-2.2998E-10	1.2931E-06	-4.4797E-07
6.3004E-11	-2.2980E-10	1.5206E-06	-4.5757E-07
6.1646E-11	-2.2960E-10	1.5264E-06	-8.2647E-08
6.0291E-11	-2.2939E-10	2.4153E-06	-3.1152E-07
5.8937E-11	-2.2916E-10	1.9041E-06	-1.5090E-06
5.7586E-11	-2.2892E-10	7.8991E-07	-8.4537E-07
5.6238E-11	-2.2866E-10	1.1337E-06	-1.5799E-07
5.4893E-11	-2.2839E-10	1.6438E-06	2.8464E-07
5.3550E-11	-2.2811E-10	2.5730E-06	-6.4712E-07
5.2211E-11	-2.2781E-10	1.3301E-06	-1.1475E-06
5.0876E-11	-2.2750E-10	1.4957E-06	-5.2816E-07
4.9544E-11	-2.2717E-10	1.1309E-06	-3.9318E-07
4.8215E-11	-2.2683E-10	2.4034E-06	-3.5941E-08
4.6890E-11	-2.2647E-10	1.7104E-06	-1.8522E-06
4.5570E-11	-2.2611E-10	6.2453E-07	-4.5759E-07
4.4253E-11	-2.2572E-10	1.6895E-06	-4.3120E-07
4.2941E-11	-2.2533E-10	1.3776E-06	-1.0951E-06
4.1633E-11	-2.2492E-10	3.0599E-07	-1.0691E-06
4.0329E-11	-2.2450E-10	-1.3307E-07	6.5736E-07
3.9031E-11	-2.2406E-10	1.6420E-06	1.8581E-06
3.7737E-11	-2.2361E-10	3.8781E-06	3.7602E-07
3.6448E-11	-2.2315E-10	2.3672E-06	-2.3491E-06
3.5164E-11	-2.2268E-10	2.7693E-07	-6.9017E-07
3.3885E-11	-2.2220E-10	1.6475E-06	3.0978E-07
3.2611E-11	-2.2170E-10	2.0102E-06	-5.5003E-07
3.1343E-11	-2.2119E-10	1.3529E-06	-4.9527E-07
3.0081E-11	-2.2066E-10	2.3132E-06	4.9910E-08
2.8824E-11	-2.2013E-10	2.3142E-06	-1.9754E-06
2.7573E-11	-2.1958E-10	8.3304E-08	-1.2766E-06
2.6328E-11	-2.1903E-10	9.5811E-07	1.4916E-07
2.5088E-11	-2.1846E-10	1.3640E-06	-4.6210E-07
2.3855E-11	-2.1788E-10	8.9493E-07	-1.3084E-07
2.2629E-11	-2.1728E-10	1.6653E-06	2.3329E-07
2.1408E-11	-2.1668E-10	1.5706E-06	-3.3301E-07
2.0194E-11	-2.1607E-10	2.1356E-06	9.7046E-08
1.8987E-11	-2.1544E-10	1.9864E-06	-1.5711E-06
1.7786E-11	-2.1481E-10	6.9003E-07	-4.7759E-07
1.6592E-11	-2.1416E-10	1.6596E-06	-7.1760E-07
1.5405E-11	-2.1350E-10	7.6113E-07	-5.3054E-07
1.4225E-11	-2.1284E-10	1.3541E-06	-7.4261E-07
1.3052E-11	-2.1216E-10	-1.0188E-07	-1.4682E-07
1.1886E-11	-2.1147E-10	1.7664E-06	9.6686E-07
1.0727E-11	-2.1077E-10	1.6015E-06	-6.2956E-07
9.5755E-12	-2.1007E-10	1.2686E-06	-8.4720E-09
8.4314E-12	-2.0935E-10	1.2771E-06	-3.6724E-07
7.2948E-12	-2.0862E-10	1.0351E-06	1.7983E-07
6.1657E-12	-2.0789E-10	1.5854E-06	3.2350E-07
5.0443E-12	-2.0714E-10	1.8234E-06	-9.8487E-08
3.9307E-12	-2.0639E-10	1.5508E-06	-2.7633E-07
2.8248E-12	-2.0563E-10	1.2546E-06	-2.9096E-07
1.7267E-12	-2.0485E-10	1.4455E-06	6.8343E-07
6.3666E-13	-2.0407E-10	2.6908E-06	-7.5868E-07
-4.4541E-13	-2.0328E-10	1.6580E-07	-6.9355E-07
-1.5194E-12	-2.0249E-10	2.0562E-06	8.0894E-07
-2.5852E-12	-2.0168E-10	8.3304E-07	-8.8400E-07
-3.6429E-12	-2.0087E-10	1.7113E-06	1.9017E-06
-4.6922E-12	-2.0004E-10	3.2742E-06	-1.1692E-06
-5.7332E-12	-1.9921E-10	6.2269E-07	-4.8390E-07
-6.7658E-12	-1.9838E-10	2.0696E-06	2.1625E-07
-7.7900E-12	-1.9753E-10	1.6608E-06	-4.6860E-07
-8.8056E-12	-1.9668E-10	1.6408E-06	-2.1883E-07
-9.8127E-12	-1.9582E-10	1.6209E-06	-2.2847E-07
-1.0811E-11	-1.9495E-10	1.5566E-06	-1.9066E-07
-1.1801E-11	-1.9408E-10	1.8436E-06	-2.9492E-08
-1.2782E-11	-1.9320E-10	1.5265E-06	-4.4359E-07
-1.3754E-11	-1.9231E-10	1.9591E-06	5.3390E-07
-1.4718E-11	-1.9141E-10	2.5966E-06	-1.0770E-06
-1.5672E-11	-1.9051E-10	1.3333E-06	-4.9502E-07
-1.6618E-11	-1.8960E-10	2.3779E-06	-1.4039E-06
-1.7555E-11	-1.8869E-10	-3.5912E-07	-1.4605E-06
-1.8482E-11	-1.8777E-10	5.3389E-07	8.5114E-07
-1.9401E-11	-1.8684E-10	9.8616E-07	5.8122E-07
-2.0311E-11	-1.8591E-10	2.1721E-06	1.1587E-06
-2.1211E-11	-1.8497E-10	2.2109E-06	-2.9436E-07
-2.2103E-11	-1.8403E-10	2.2030E-06	4.7892E-07
-2.2985E-11	-1.8308E-10	2.8977E-06	-1.0825E-06
-2.3858E-11	-1.8213E-10	1.1963E-06	-1.2841E-06
-2.4722E-11	-1.8117E-10	7.7267E-07	-5.8614E-07
-2.5577E-11	-1.8020E-10	7.3194E-07	8.0463E-07
-2.6422E-11	-1.7923E-10	2.6947E-06	7.1643E-07
-2.7258E-11	-1.7826E-10	2.3569E-06	-6.8539E-07
-2.8085E-11	-1.7728E-10	1.9912E-06	-7.5602E-07
-2.8902E-11	-1.7630E-10	1.2307E-06	-8.0813E-07
-2.9710E-11	-1.7531E-10	1.3828E-06	2.4301E-08
-3.0509E-11	-1.7431E-10	1.7027E-06	-6.2700E-08
-3.1298E-11	-1.7332E-10	2.0820E-06	-2.0418E-07
-3.2078E-11	-1.7232E-10	1.5980E-06	-4.0267E-07
-3.2848E-11	-1.7131E-10	2.7117E-06	-1.5591E-07
-3.3609E-11	-1.7030E-10	1.4989E-06	-2.4393E-06
-3.4360E-11	-1.6929E-10	-3.7669E-07	1.6147E-07
-3.5102E-11	-1.6827E-10	1.7372E-06	6.5323E-07
-3.5835E-11	-1.6725E-10	1.7937E-06	6.6486E-07
-3.6558E-11	-1.6623E-10	3.4560E-06	-4.1254E-07
-3.7272E-11	-1.6521E-10	1.4307E-06	-2.0207E-06
-3.7976E-11	-1.6418E-10	6.0273E-07	-3.1096E-07
-3.8670E-11	-1.6314E-10	1.4998E-06	3.6109E-07
-3.9355E-11	-1.6211E-10	2.4306E-06	-4.6144E-07
-4.0031E-11	-1.6107E-10	1.2232E-06	-1.0900E-06
-4.0697E-11	-1.6003E-10	1.3403E-06	-2.0431E-07
-4.1353E-11	-1.5899E-10	1.1289E-06	-4.3674E-07
-4.2000E-11	-1.5794E-10	1.7101E-06	4.8649E-07
-4.2638E-11	-1.5689E-10	2.3092E-06	-8.6452E-07
-4.3266E-11	-1.5584E-10	1.0793E-06	-7.6276E-07
-4.3884E-11	-1.5479E-10	1.4516E-06	-2.0302E-07
-4.4493E-11	-1.5373E-10	1.6017E-06	-5.5106E-07
-4.5093E-11	-1.5268E-10	1.0949E-06	-6.5098E-07
-4.5683E-11	-1.5162E-10	1.1332E-06	-7.3954E-08
-4.6264E-11	-1.5056E-10	1.0057E-06	-2.6218E-07
-4.6835E-11	-1.4950E-10	1.3633E-06	1.0906E-06
-4.7397E-11	-1.4844E-10	3.0974E-06	-6.0715E-07
-4.7949E-11	-1.4737E-10	4.8452E-07	-1.1026E-06
-4.8492E-11	-1.4631E-10	1.6775E-06	7.6036E-07
-4.9026E-11	-1.4524E-10	1.6936E-06	-6.5582E-07
-4.9550E-11	-1.4417E-10	1.6742E-06	2.9006E-07
-5.0065E-11	-1.4311E-10	1.8182E-06	-7.7384E-07
-5.0571E-11	-1.4204E-10	1.4232E-06	2.0075E-07
-5.1067E-11	-1.4097E-10	2.0706E-06	-8.1735E-07
-5.1554E-11	-1.3990E-10	8.0683E-07	-9.9953E-08
-5.2032E-11	-1.3883E-10	2.0467E-06	2.1710E-07
-5.2500E-11	-1.3776E-10	1.9377E-06	-2.1696E-07
-5.2959E-11	-1.3668E-10	2.0337E-06	-8.3204E-07
-5.3409E-11	-1.3561E-10	1.0927E-06	-3.2266E-08
-5.3850E-11	-1.3454E-10	3.0049E-06	-4.8923E-07
-5.4282E-11	-1.3347E-10	5.9010E-07	-1.8274E-06
-5.4705E-11	-1.3240E-10	1.3007E-06	8.2673E-07
-5.5118E-11	-1.3133E-10	2.2086E-06	-1.2190E-06
-5.5523E-11	-1.3026E-10	8.5246E-07	-5.7129E-07
-5.5918E-11	-1.2918E-10	1.0802E-06	-8.0568E-07
-5.6305E-11	-1.2811E-10	2.1052E-07	5.7269E-07
-5.6682E-11	-1.2704E-10	2.2885E-06	9.0552E-07
-5.7051E-11	-1.2598E-10	2.1822E-06	-3.4204E-07
-5.7410E-11	-1.2491E-10	1.9038E-06	-5.6593E-07
-5.7761E-11	-1.2384E-10	1.3548E-06	-1.1259E-07
-5.8103E-11	-1.2277E-10	2.6338E-06	-2.9473E-08
-5.8436E-11	-1.2171E-10	1.9676E-06	-1.4661E-06
-5.8761E-11	-1.2064E-10	1.2948E-06	-7.2389E-07
-5.9077E-11	-1.1958E-10	1.5431E-06	-8.6068E-07
-5.9384E-11	-1.1852E-10	1.0814E-06	-8.9472E-07
-5.9682E-11	-1.1746E-10	8.8935E-07	-3.1096E-07
-5.9972E-11	-1.1640E-10	1.4332E-06	-2.8446E-07
-6.0253E-11	-1.1534E-10	9.8972E-07	-4.2962E-08
-6.0526E-11	-1.1429E-10	2.8015E-06	1.4882E-07
-6.0790E-11	-1.1323E-10	1.6549E-06	-2.8693E-06
-6.1046E-11	-1.1218E-10	-1.1235E-06	-4.8620E-07
-6.1294E-11	-1.1113E-10	1.1250E-06	9.1792E-07
-6.1533E-11	-1.1008E-10	1.1751E-06	-4.6863E-08
-6.1764E-11	-1.0904E-10	1.4864E-06	6.1467E-07
-6.1986E-11	-1.0799E-10	2.3991E-06	-2.8472E-07
-6.2200E-11	-1.0695E-10	1.5505E-06	-1.3761E-06
-6.2407E-11	-1.0591E-10	1.0278E-07	-8.4827E-07
-6.2605E-11	-1.0487E-10	6.4918E-07	1.0288E-06
-6.2795E-11	-1.0384E-10	2.3970E-06	-2.4370E-07
-6.2977E-11	-1.0281E-10	4.4043E-07	-9.0962E-07
-6.3151E-11	-1.0178E-10	8.6289E-07	5.1694E-07
-6.3317E-11	-1.0075E-10	1.0248E-06	3.9029E-07
-6.3475E-11	-9.9724E-11	2.0409E-06	2.9994E-07
-6.3625E-11	-9.8702E-11	6.1952E-07	-5.1997E-07
-6.3768E-11	-9.7683E-11	1.6170E-06	1.1701E-06
-6.3903E-11	-9.6667E-11	1.2157E-06	-5.1152E-07
-6.4030E-11	-9.5654E-11	1.6151E-06	1.7836E-06
-6.4149E-11	-9.4643E-11	2.8776E-06	-8.4460E-07
-6.4261E-11	-9.3636E-11	1.0354E-06	1.9654E-07
-6.4366E-11	-9.2632E-11	2.0831E-06	-4.3418E-07
-6.4463E-11	-9.1631E-11	9.4372E-07	4.7868E-07
-6.4552E-11	-9.0634E-11	2.2327E-06	2.3925E-07
-6.4634E-11	-8.9640E-11	2.2006E-06	7.8314E-07
-6.4709E-11	-8.8649E-11	3.4421E-06	-1.5952E-06
-6.4777E-11	-8.7662E-11	3.7457E-08	-9.5969E-07
-6.4837E-11	-8.6678E-11	2.1525E-06	3.1862E-07
-6.4891E-11	-8.5698E-11	1.2216E-06	-7.1263E-07
-6.4937E-11	-8.4722E-11	1.4848E-06	-2.2632E-07
-6.4976E-11	-8.3749E-11	8.2849E-07	6.0095E-07
-6.5009E-11	-8.2780E-11	3.3304E-06	2.6189E-07
-6.5034E-11	-8.1814E-11	1.2124E-06	-1.4195E-06
-6.5052E-11	-8.0853E-11	1.8657E-06	1.1702E-07
-6.5064E-11	-7.9896E-11	9.3417E-07	-9.3442E-07
-6.5069E-11	-7.8942E-11	1.8339E-06	1.0696E-06
-6.5067E-11	-7.7992E-11	2.5715E-06	-1.2987E-06
-6.5059E-11	-7.7047E-11	6.3841E-07	-6.3034E-07
-6.5044E-11	-7.6106E-11	1.4158E-06	3.8006E-07
-6.5023E-11	-7.5168E-11	2.1077E-06	-3.3756E-08
-6.4995E-11	-7.4235E-11	1.8790E-06	-3.0667E-07
-6.4960E-11	-7.3307E-11	2.4799E-06	-6.5354E-07
-6.4920E-11	-7.2382E-11	1.2178E-06	-1.5844E-06
-6.4873E-11	-7.1462E-11	9.2641E-07	-2.2342E-07
-6.4820E-11	-7.0546E-11	1.3236E-06	-4.7453E-07
-6.4761E-11	-6.9635E-11	1.3991E-06	-1.3400E-07
-6.4695E-11	-6.8728E-11	1.4122E-06	-7.3948E-07
-6.4624E-11	-6.7826E-11	8.9484E-07	-5.1016E-08
-6.4547E-11	-6.6928E-11	1.7741E-06	-6.4048E-08
-6.4464E-11	-6.6035E-11	1.3363E-06	-5.9732E-07
-6.4374E-11	-6.5147E-11	1.4524E-06	-3.1856E-08
-6.4280E-11	-6.4263E-11	1.8217E-06	-9.8188E-07
-6.4179E-11	-6.3384E-11	3.4280E-07	-9.6915E-07
-6.4073E-11	-6.2509E-11	3.5878E-07	1.9332E-07
-6.3961E-11	-6.1640E-11	7.7889E-07	8.8477E-07
-6.3844E-11	-6.0775E-11	2.1659E-06	6.4389E-07
-6.3721E-11	-5.9915E-11	1.4715E-06	-4.7689E-07
-6.3593E-11	-5.9060E-11	1.2890E-06	3.9807E-07
-6.3459E-11	-5.8210E-11	1.6248E-06	9.4482E-08
-6.3320E-11	-5.7365E-11	1.6245E-06	5.4243E-07
-6.3176E-11	-5.6525E-11	2.5885E-06	2.2362E-08
-6.3027E-11	-5.5690E-11	1.6449E-06	-9.8053E-07
-6.2872E-11	-5.4859E-11	1.2909E-06	3.0642E-07
-6.2713E-11	-5.4034E-11	2.4485E-06	-4.1485E-07
-6.2548E-11	-5.3214E-11	1.3909E-06	-7.1143E-07
-6.2379E-11	-5.2400E-11	1.8429E-06	-7.8460E-07
-6.2205E-11	-5.1590E-11	3.3373E-07	-9.3752E-07
-6.2026E-11	-5.0785E-11	8.6845E-07	5.8297E-07
-6.1842E-11	-4.9986E-11	1.1651E-06	3.2485E-07
-6.1653E-11	-4.9192E-11	1.8566E-06	8.1137E-07
-6.1460E-11	-4.8403E-11	2.2310E-06	8.5081E-08
-6.1263E-11	-4.7620E-11	2.6034E-06	-4.8303E-07
-6.1061E-11	-4.6841E-11	1.0471E-06	-1.5028E-06
-6.0854E-11	-4.6068E-11	6.9386E-07	7.0943E-07
-6.0643E-11	-4.5301E-11	2.4292E-06	1.1671E-07
-6.0428E-11	-4.4539E-11	1.6843E-06	-7.0826E-07
-6.0209E-11	-4.3782E-11	1.4002E-06	-3.0096E-07
-5.9985E-11	-4.3030E-11	1.5926E-06	-3.9037E-07
-5.9758E-11	-4.2284E-11	1.0495E-06	-3.9939E-07
-5.9526E-11	-4.1543E-11	1.2201E-06	2.3175E-07
-5.9290E-11	-4.0808E-11	1.4134E-06	3.9828E-07
-5.9050E-11	-4.0078E-11	2.4249E-06	4.3583E-07
-5.8807E-11	-3.9354E-11	1.9977E-06	-9.3362E-07
-5.8559E-11	-3.8635E-11	1.3995E-06	1.5173E-08
-5.8308E-11	-3.7922E-11	2.0635E-06	-6.1445E-07
-5.8054E-11	-3.7214E-11	7.9340E-07	-2.5174E-07
-5.7795E-11	-3.6512E-11	2.0992E-06	8.4897E-07
-5.7533E-11	-3.5815E-11	2.7104E-06	-5.4171E-07
-5.7268E-11	-3.5124E-11	2.2378E-06	-9.0999E-07
-5.6999E-11	-3.4438E-11	1.6062E-06	-1.5429E-06
-5.6726E-11	-3.3758E-11	9.5237E-07	-5.8811E-07
-5.6451E-11	-3.3083E-11	1.3098E-06	-1.1249E-06
-5.6172E-11	-3.2414E-11	-2.2693E-08	1.5316E-07
-5.5890E-11	-3.1751E-11	2.4378E-06	6.3984E-07
-5.5605E-11	-3.1093E-11	1.5407E-06	-1.3028E-06
-5.5316E-11	-3.0441E-11	8.2010E-07	-3.2082E-07
-5.5025E-11	-2.9794E-11	9.0392E-07	2.3903E-07
-5.4731E-11	-2.9153E-11	2.0518E-06	3.4549E-07
-5.4433E-11	-2.8518E-11	1.7069E-06	-5.5686E-07
-5.4133E-11	-2.7888E-11	1.5000E-06	-7.0792E-07
-5.3830E-11	-2.7264E-11	1.0536E-07	3.1560E-07
-5.3525E-11	-2.6646E-11	3.1554E-06	1.5877E-06
-5.3216E-11	-2.6033E-11	2.7071E-06	-1.8200E-06
-5.2906E-11	-2.5425E-11	1.4848E-06	-5.9169E-07
-5.2592E-11	-2.4824E-11	1.4214E-06	-1.1436E-06
-5.2276E-11	-2.4228E-11	1.7399E-06	-1.4014E-07
-5.1958E-11	-2.3637E-11	1.3145E-06	-1.8924E-06
-5.1637E-11	-2.3052E-11	5.2263E-07	4.4290E-07
-5.1314E-11	-2.2473E-11	2.4697E-06	-1.1474E-06
-5.0988E-11	-2.1900E-11	3.2543E-07	-1.2418E-06
-5.0661E-11	-2.1332E-11	5.7538E-07	-8.2007E-07
-5.0331E-11	-2.0769E-11	-3.8397E-07	4.5932E-07
-4.9999E-11	-2.0213E-11	1.8373E-06	1.0637E-06
-4.9665E-11	-1.9662E-11	1.7792E-06	-3.2436E-07
-4.9329E-11	-1.9116E-11	1.4200E-06	-6.5740E-07
-4.8991E-11	-1.8576E-11	3.4742E-07	-4.3887E-08
-4.8651E-11	-1.8042E-11	1.8215E-06	9.4530E-07
-4.8310E-11	-1.7513E-11	2.0580E-06	-6.5364E-07
-4.7966E-11	-1.6990E-11	1.1754E-06	-3.0913E-07
-4.7621E-11	-1.6472E-11	1.6302E-06	-1.7366E-07
-4.7274E-11	-1.5960E-11	1.5725E-06	-4.3825E-07
-4.6926E-11	-1.5454E-11	1.6349E-06	-8.1883E-07
-4.6576E-11	-1.4953E-11	4.8498E-07	-1.1551E-06
-4.6224E-11	-1.4457E-11	6.8858E-08	5.4756E-07
-4.5871E-11	-1.3967E-11	1.8253E-06	1.0308E-06
-4.5517E-11	-1.3483E-11	2.5462E-06	-5.9923E-07
-4.5161E-11	-1.3004E-11	9.7418E-07	-1.4091E-06
-4.4804E-11	-1.2530E-11	6.0923E-07	-2.8083E-07
-4.4446E-11	-1.2062E-11	5.4500E-07	-5.4868E-07
-4.4086E-11	-1.1600E-11	1.9095E-07	6.9598E-07
-4.3725E-11	-1.1143E-11	1.4578E-06	5.0636E-07
-4.3363E-11	-1.0691E-11	7.0192E-07	3.3420E-07
-4.3001E-11	-1.0245E-11	1.6220E-06	1.2547E-06
-4.2637E-11	-9.8037E-12	2.3368E-06	-1.0012E-07
-4.2272E-11	-9.3683E-12	9.2942E-07	-3.1077E-07
-4.1906E-11	-8.9382E-12	1.3719E-06	9.6002E-07
-4.1539E-11	-8.5135E-12	2.0065E-06	2.5913E-07
-4.1172E-11	-8.0941E-12	1.8808E-06	7.4133E-07
-4.0804E-11	-7.6801E-12	3.2256E-06	-4.8141E-08
-4.0435E-11	-7.2713E-12	2.2225E-06	-1.4321E-06
-4.0065E-11	-6.8679E-12	1.2880E-06	-1.1709E-06
-3.9695E-11	-6.4697E-12	7.3584E-07	-4.5552E-07
-3.9324E-11	-6.0768E-12	1.6432E-06	1.2562E-07
-3.8952E-11	-5.6891E-12	1.6675E-06	-9.5039E-07
-3.8580E-11	-5.3067E-12	8.1475E-07	-6.6729E-07
-3.8208E-11	-4.9294E-12	8.0965E-07	-2.5975E-07
-3.7835E-11	-4.5574E-12	9.8393E-07	1.4345E-07
-3.7462E-11	-4.1905E-12	1.3522E-06	-1.0325E-07
-3.7089E-11	-3.8287E-12	1.0400E-06	-2.0685E-07
-3.6715E-11	-3.4721E-12	7.9742E-07	5.3188E-08
-3.6341E-11	-3.1205E-12	1.2621E-06	8.3913E-07
-3.5967E-11	-2.7741E-12	2.1908E-06	-2.9001E-07
-3.5593E-11	-2.4327E-12	4.3453E-07	-5.3259E-07
-3.5218E-11	-2.0964E-12	1.0444E-06	1.2825E-06
-3.4844E-11	-1.7650E-12	2.5679E-06	3.5021E-07
-3.4469E-11	-1.4387E-12	1.4848E-06	-9.2480E-07
-3.4095E-11	-1.1173E-12	6.9714E-07	6.7254E-07
-3.3720E-11	-8.0093E-13	2.6066E-06	4.9876E-07
-3.3346E-11	-4.8944E-13	1.8667E-06	-7.7906E-07
-3.2972E-11	-1.8286E-13	1.4172E-06	-7.7899E-07
-3.2598E-11	1.1884E-13	2.3658E-07	-8.4490E-08
-3.2224E-11	4.1569E-13	1.6746E-06	1.0322E-06
-3.1851E-11	7.0770E-13	1.7154E-06	1.3973E-07
-3.1477E-11	9.9491E-13	2.5198E-06	2.2453E-07
-3.1104E-11	1.2773E-12	1.3559E-06	-1.1538E-06
-3.0732E-11	1.5550E-12	1.3052E-06	6.3540E-07
-3.0360E-11	1.8279E-12	1.9613E-06	-3.1098E-07
-2.9988E-11	2.0962E-12	2.1464E-06	1.9962E-07
-2.9617E-11	2.3597E-12	2.0642E-06	-1.7289E-06
-2.9246E-11	2.6186E-12	2.0981E-07	-3.8394E-07
-2.8876E-11	2.8729E-12	1.2948E-06	-9.9464E-08
-2.8507E-11	3.1225E-12	7.1983E-07	4.7319E-07
-2.8138E-11	3.3676E-12	2.3585E-06	5.8449E-07
-2.7769E-11	3.6082E-12	2.0956E-06	-7.9895E-07
-2.7402E-11	3.8442E-12	1.0828E-06	-1.1122E-06
-2.7035E-11	4.0757E-12	1.3865E-08	3.7368E-07
-2.6669E-11	4.3027E-12	2.3290E-06	1.4420E-06
-2.6303E-11	4.5254E-12	2.6510E-06	-1.1253E-06
-2.5939E-11	4.7436E-12	7.5753E-07	-5.0501E-07
-2.5575E-11	4.9574E-12	1.9716E-06	9.1375E-08
-2.5212E-11	5.1669E-12	1.4524E-06	-1.0772E-06
-2.4850E-11	5.3720E-12	6.3938E-07	-4.6271E-07
-2.4489E-11	5.5728E-12	3.8396E-07	3.5559E-07
-2.4129E-11	5.7694E-12	1.4869E-06	1.5093E-06
-2.3771E-11	5.9617E-12	3.0818E-06	6.5140E-07
-2.3413E-11	6.1499E-12	2.9140E-06	-1.2880E-06
-2.3056E-11	6.3338E-12	8.9410E-07	-9.9240E-07
-2.2700E-11	6.5136E-12	2.3721E-06	-1.3585E-07
-2.2345E-11	6.6892E-12	1.0595E-06	-2.1306E-06
-2.1992E-11	6.8608E-12	2.5809E-07	2.3303E-07
-2.1639E-11	7.0283E-12	1.3948E-06	-2.3324E-07
-2.1288E-11	7.1918E-12	1.4510E-06	3.0376E-07
-2.0938E-11	7.3512E-12	1.9152E-06	-1.0797E-06
-2.0590E-11	7.5067E-12	6.1836E-07	-4.6149E-07
-2.0242E-11	7.6583E-12	1.1754E-06	-4.4640E-07
-1.9896E-11	7.8059E-12	8.7423E-07	6.2582E-08
-1.9551E-11	7.9496E-12	1.3954E-06	-6.9576E-07
-1.9208E-11	8.0895E-12	1.4059E-07	2.2796E-07
-1.8866E-11	8.2256E-12	2.0754E-06	3.5203E-07
-1.8525E-11	8.3579E-12	7.9842E-07	-9.9494E-07
-1.8186E-11	8.4864E-12	6.1679E-07	3.7293E-07
-1.7848E-11	8.6112E-12	9.4644E-07	1.3459E-07
-1.7512E-11	8.7323E-12	1.1108E-06	7.8888E-07
-1.7177E-11	8.8497E-12	1.9368E-06	-1.0206E-07
-1.6844E-11	8.9635E-12	3.6924E-07	-2.6801E-07
-1.6512E-11	9.0737E-12	1.0445E-06	1.4542E-06
-1.6182E-11	9.1803E-12	2.1866E-06	7.7945E-07
-1.5853E-11	9.2834E-12	2.6155E-06	2.2894E-07
-1.5526E-11	9.3829E-12	1.7852E-06	-1.3195E-06
-1.5201E-11	9.4790E-12	1.1184E-07	4.4288E-07
-1.4877E-11	9.5717E-12	2.6779E-06	1.6810E-06
-1.4555E-11	9.6609E-12	3.6782E-06	-1.4238E-06
-1.4235E-11	9.7467E-12	3.6109E-07	-1.9995E-06
-1.3916E-11	9.8292E-12	7.4375E-07	3.7735E-07
-1.3599E-11	9.9083E-12	8.8144E-07	-3.1197E-07
-1.3284E-11	9.9842E-12	1.5164E-06	1.2052E-06
-1.2970E-11	1.0057E-11	2.4117E-06	-9.0184E-07
-1.2659E-11	1.0126E-11	7.2263E-07	-1.9676E-07
-1.2349E-11	1.0192E-11	1.5138E-06	-6.8033E-09
-1.2041E-11	1.0255E-11	1.5504E-06	4.0448E-07
-1.1734E-11	1.0315E-11	2.1487E-06	-7.5109E-07
-1.1430E-11	1.0372E-11	9.9754E-07	-2.6399E-07
-1.1127E-11	1.0426E-11	1.7244E-06	-7.3113E-07
-1.0827E-11	1.0476E-11	2.4743E-07	-2.8123E-07
-1.0528E-11	1.0524E-11	1.3135E-06	5.4481E-07
-1.0231E-11	1.0569E-11	1.4598E-06	3.3977E-07
-9.9356E-12	1.0611E-11	1.9277E-06	-1.5372E-07
-9.6425E-12	1.0649E-11	1.3169E-06	-2.2726E-08
-9.3512E-12	1.0685E-11	1.9912E-06	-2.9548E-07
-9.0620E-12	1.0719E-11	1.2953E-06	-3.9410E-07
-8.7747E-12	1.0749E-11	1.7821E-06	-7.9930E-07
-8.4893E-12	1.0776E-11	5.3359E-08	-8.7219E-07
-8.2060E-12	1.0801E-11	4.6871E-07	1.0197E-06
-7.9246E-12	1.0823E-11	2.0045E-06	9.0762E-07
-7.6453E-12	1.0843E-11	2.1441E-06	-6.7154E-07
-7.3680E-12	1.0859E-11	6.9914E-07	-3.7084E-07
-7.0927E-12	1.0874E-11	1.1035E-06	2.8700E-07
-6.8195E-12	1.0885E-11	1.3377E-06	7.5722E-07
-6.5483E-12	1.0894E-11	2.4424E-06	-3.1741E-08
-6.2791E-12	1.0900E-11	1.3185E-06	-7.1243E-07
-6.0121E-12	1.0904E-11	8.7019E-07	-3.1609E-07
-5.7471E-12	1.0906E-11	7.0511E-07	9.6886E-07
-5.4842E-12	1.0905E-11	2.3450E-06	4.7041E-07
-5.2234E-12	1.0901E-11	1.1719E-06	3.7653E-07
-4.9647E-12	1.0896E-11	3.0050E-06	8.7433E-07
-4.7081E-12	1.0888E-11	2.4860E-06	-9.5054E-07
-4.4536E-12	1.0877E-11	2.1899E-06	-6.9367E-07
-4.2013E-12	1.0864E-11	1.4618E-06	-1.2881E-06
-3.9511E-12	1.0849E-11	1.1550E-06	-4.1233E-07
-3.7030E-12	1.0832E-11	1.4759E-06	-4.1238E-07
-3.4571E-12	1.0813E-11	1.6529E-06	-6.5933E-07
-3.2133E-12	1.0791E-11	1.0175E-06	-1.0795E-06
-2.9717E-12	1.0768E-11	2.9512E-07	-3.4344E-07
-2.7322E-12	1.0742E-11	1.0483E-06	8.3055E-07
-2.4949E-12	1.0714E-11	2.1760E-06	-2.5853E-07
-2.2598E-12	1.0684E-11	1.1710E-06	-6.5852E-07
-2.0269E-12	1.0652E-11	9.5145E-07	-6.2780E-07
-1.7961E-12	1.0618E-11	4.3874E-07	5.1862E-07
-1.5676E-12	1.0583E-11	1.8201E-06	1.0917E-07
-1.3412E-12	1.0545E-11	6.1398E-07	7.1962E-07
-1.1170E-12	1.0505E-11	3.6763E-06	6.2886E-07
-8.9501E-13	1.0464E-11	1.3603E-06	-2.4867E-06
-6.7521E-13	1.0421E-11	2.7276E-07	1.8359E-07
-4.5762E-13	1.0375E-11	1.2203E-06	-8.7375E-08
-2.4223E-13	1.0329E-11	1.1485E-06	5.0871E-07
-2.9038E-14	1.0280E-11	2.1920E-06	3.6237E-07
1.8194E-13	1.0230E-11	2.4161E-06	-1.1003E-06
3.9072E-13	1.0178E-11	4.5451E-07	-1.1743E-06
5.9728E-13	1.0124E-11	1.1489E-06	6.3592E-08
8.0164E-13	1.0069E-11	5.5669E-07	-5.7074E-07
1.0038E-12	1.0012E-11	1.0585E-06	1.0273E-06
1.2037E-12	9.9533E-12	2.1470E-06	-1.0431E-07
1.4014E-12	9.8932E-12	1.5420E-06	-5.9518E-07
1.5969E-12	9.8317E-12	9.9906E-07	-4.6648E-07
1.7903E-12	9.7687E-12	1.2543E-06	-3.0872E-07
1.9813E-12	9.7042E-12	1.7765E-07	-2.2962E-07
2.1702E-12	9.6383E-12	1.3093E-06	1.5142E-06
2.3569E-12	9.5710E-12	2.3675E-06	1.2125E-07
2.5414E-12	9.5023E-12	2.1751E-06	-1.4912E-07
2.7236E-12	9.4322E-12	1.7566E-06	-1.0881E-06
2.9037E-12	9.3608E-12	9.6904E-07	-3.8353E-07
3.0815E-12	9.2882E-12	1.3303E-06	-8.0206E-08
3.2572E-12	9.2142E-12	1.8883E-06	-2.7436E-07
3.4307E-12	9.1391E-12	1.0409E-06	-1.0704E-06
3.6019E-12	9.0627E-12	9.3054E-07	2.2991E-07
3.7710E-12	8.9851E-12	1.5895E-06	-4.2451E-07
3.9379E-12	8.9063E-12	1.1563E-06	-3.4916E-07
4.1026E-12	8.8264E-12	8.1836E-07	-4.0473E-07
4.2651E-12	8.7454E-12	1.1503E-06	8.3352E-07
4.4255E-12	8.6633E-12	2.3915E-06	-1.2198E-07
4.5836E-12	8.5802E-12	1.9482E-06	-6.5009E-07
4.7396E-12	8.4960E-12	1.6445E-06	-1.4967E-06
4.8935E-12	8.4108E-12	3.6302E-07	-7.7021E-07
5.0452E-12	8.3246E-12	1.3117E-06	-3.2178E-07
5.1947E-12	8.2375E-12	8.5292E-07	-1.0258E-06
5.3421E-12	8.1494E-12	4.0572E-07	-4.7112E-07
5.4873E-12	8.0604E-12	5.4260E-07	-2.2179E-07
5.6304E-12	7.9706E-12	3.3042E-07	9.1330E-08
5.7713E-12	7.8798E-12	1.0862E-06	8.5435E-07
5.9101E-12	7.7882E-12	1.9355E-06	-2.1201E-07
6.0468E-12	7.6959E-12	1.0994E-06	-6.5089E-07
6.1814E-12	7.6027E-12	1.0360E-06	-6.5987E-07
6.3139E-12	7.5087E-12	1.2131E-07	-5.7180E-07
6.4443E-12	7.4140E-12	5.4363E-07	6.4248E-07
6.5725E-12	7.3186E-12	1.3149E-06	-8.2631E-08
6.6987E-12	7.2225E-12	6.7133E-07	-2.4234E-07
6.8228E-12	7.1257E-12	5.3811E-07	1.8902E-08
6.9448E-12	7.0283E-12	8.5879E-07	6.1880E-07
7.0648E-12	6.9302E-12	1.2993E-06	-5.9909E-07
7.1827E-12	6.8315E-12	-5.5297E-07	2.8301E-07
7.2985E-12	6.7323E-12	1.3863E-06	1.0582E-06
7.4123E-12	6.6325E-12	1.7187E-08	8.6250E-08
7.5241E-12	6.5321E-12	1.2051E-06	2.3416E-06
7.6338E-12	6.4312E-12	2.4942E-06	6.0885E-07
7.7415E-12	6.3298E-12	2.5895E-06	-4.1568E-08
7.8471E-12	6.2280E-12	7.8681E-07	-1.7208E-06
7.9508E-12	6.1256E-12	-5.2330E-08	1.2570E-06
8.0525E-12	6.0229E-12	1.9112E-06	2.0906E-07
8.1522E-12	5.9197E-12	4.8812E-07	4.7079E-07
8.2499E-12	5.8162E-12	1.4693E-06	7.5607E-07
8.3457E-12	5.7122E-12	8.7667E-07	1.0376E-06
8.4394E-12	5.6079E-12	2.5196E-06	1.8740E-06
8.5313E-12	5.5033E-12	3.8984E-06	-1.4705E-07
8.6212E-12	5.3984E-12	1.9450E-06	-2.1600E-06
8.7091E-12	5.2931E-12	3.3481E-07	-5.6145E-07
8.7951E-12	5.1876E-12	7.6792E-07	-8.6900E-08
8.8793E-12	5.0819E-12	8.2836E-07	8.5528E-07
8.9615E-12	4.9759E-12	1.8588E-06	4.4916E-07
9.0418E-12	4.8697E-12	1.6738E-06	5.7757E-07
9.1202E-12	4.7632E-12	2.4957E-06	-4.7395E-08
9.1968E-12	4.6566E-12	1.9153E-06	-4.2079E-07
9.2715E-12	4.5499E-12	1.9866E-06	-7.9371E-07
9.3444E-12	4.4430E-12	1.5642E-06	-7.2651E-07
9.4154E-12	4.3359E-12	1.4164E-06	-1.7112E-06
9.4846E-12	4.2288E-12	-5.8224E-07	-7.6244E-07
9.5519E-12	4.1216E-12	3.7947E-07	6.8182E-07
9.6175E-12	4.0143E-12	1.0400E-06	9.6724E-07
9.6812E-12	3.9069E-12	2.1311E-06	1.5670E-07
9.7432E-12	3.7995E-12	1.4679E-06	-1.8948E-07
9.8034E-12	3.6921E-12	1.8707E-06	-1.1573E-06
9.8618E-12	3.5847E-12	-6.9247E-07	-6.8250E-07
9.9185E-12	3.4772E-12	1.1253E-06	1.4227E-06
9.9735E-12	3.3699E-12	1.6038E-06	-1.8879E-07
1.0027E-11	3.2625E-12	1.2190E-06	-2.3356E-07
1.0078E-11	3.1552E-12	3.6943E-07	-1.3101E-07
1.0128E-11	3.0480E-12	1.0173E-06	9.0974E-07
1.0176E-11	2.9409E-12	1.4694E-06	6.4569E-07
1.0222E-11	2.8338E-12	2.3929E-06	-5.2602E-08
1.0267E-11	2.7269E-12	7.4225E-07	-9.3978E-07
1.0310E-11	2.6202E-12	1.2403E-06	6.3708E-08
1.0352E-11	2.5136E-12	-4.6735E-07	-6.0748E-07
1.0391E-11	2.4071E-12	9.9504E-07	2.9235E-06
1.0430E-11	2.3008E-12	3.2286E-06	-3.3367E-07
1.0466E-11	2.1947E-12	1.1757E-06	-9.3406E-08
1.0501E-11	2.0889E-12	1.7702E-06	-8.9861E-07
1.0535E-11	1.9832E-12	-1.3636E-07	2.1152E-07
1.0566E-11	1.8778E-12	1.8761E-06	7.2576E-07
1.0597E-11	1.7726E-12	8.8054E-07	-1.7435E-07
1.0625E-11	1.6677E-12	1.3015E-06	7.6395E-07
1.0652E-11	1.5631E-12	1.5656E-06	5.0386E-07
1.0678E-11	1.4587E-12	2.2381E-06	8.5501E-08
1.0702E-11	1.3547E-12	1.0841E-06	-8.0865E-07
1.0725E-11	1.2509E-12	6.1030E-07	5.4457E-07
1.0746E-11	1.1475E-12	1.4747E-06	1.1063E-06
1.0766E-11	1.0444E-12	2.8931E-06	5.8738E-07
1.0784E-11	9.4170E-13	2.0684E-06	-1.4603E-06
1.0801E-11	8.3933E-13	4.5043E-07	-6.3958E-08
1.0816E-11	7.3734E-13	2.0084E-06	4.3218E-07
1.0830E-11	6.3572E-13	1.7571E-06	-6.8916E-07
1.0842E-11	5.3450E-13	1.1575E-06	-6.4739E-07
1.0853E-11	4.3369E-13	4.9904E-07	6.6973E-08
1.0863E-11	3.3330E-13	2.0052E-06	9.5973E-07
1.0872E-11	2.3333E-13	2.3522E-06	-1.0347E-06
1.0879E-11	1.3380E-13	1.2028E-06	-8.5403E-07
1.0884E-11	3.4716E-14	9.1491E-07	-1.5448E-06
1.0889E-11	-6.3906E-14	-9.4954E-07	-5.5584E-08
1.0892E-11	-1.6206E-13	8.9380E-07	1.1612E-06
1.0893E-11	-2.5973E-13	4.9013E-07	9.8919E-07
1.0894E-11	-3.5692E-13	3.1371E-06	1.9687E-06
1.0893E-11	-4.5361E-13	2.8142E-06	-2.2569E-06
1.0891E-11	-5.4979E-13	-3.1543E-07	-1.8008E-07
1.0887E-11	-6.4545E-13	1.8885E-06	3.6941E-07
1.0883E-11	-7.4059E-13	9.4934E-07	-9.1302E-08
1.0877E-11	-8.3519E-13	2.1844E-06	1.8771E-07
1.0870E-11	-9.2925E-13	1.1810E-06	-9.7402E-07
1.0862E-11	-1.0228E-12	1.2966E-06	5.8599E-09
1.0852E-11	-1.1157E-12	1.1769E-06	-6.9901E-07
1.0842E-11	-1.2081E-12	1.0878E-06	-2.1361E-07
1.0830E-11	-1.2999E-12	6.4494E-07	-4.7773E-07
1.0817E-11	-1.3911E-12	1.3969E-06	6.4054E-07
1.0803E-11	-1.4817E-12	1.7068E-06	-1.4806E-06
1.0788E-11	-1.5718E-12	-4.7417E-07	-5.7140E-07
1.0772E-11	-1.6612E-12	2.0924E-07	4.6070E-07
1.0754E-11	-1.7500E-12	4.4231E-07	1.3913E-06
1.0736E-11	-1.8382E-12	2.5861E-06	9.3198E-07
1.0717E-11	-1.9257E-12	1.7823E-06	-1.0542E-06
1.0696E-11	-2.0127E-12	4.9426E-07	-5.8301E-07
1.0674E-11	-2.0990E-12	3.8161E-07	4.3185E-07
1.0652E-11	-2.1846E-12	1.3258E-06	7.5937E-07
1.0628E-11	-2.2696E-12	1.7456E-06	2.4367E-07
1.0604E-11	-2.3539E-12	1.7902E-06	-5.8842E-07
1.0578E-11	-2.4375E-12	5.4216E-07	-7.9667E-07
1.0552E-11	-2.5205E-12	4.7513E-07	3.2100E-07
1.0524E-11	-2.6028E-12	1.1131E-06	3.2143E-07
1.0496E-11	-2.6845E-12	9.9066E-07	-8.6968E-08
1.0466E-11	-2.7654E-12	5.8741E-07	5.5929E-07
1.0436E-11	-2.8456E-12	1.8791E-06	6.2455E-07
1.0405E-11	-2.9252E-12	1.2089E-06	-7.3530E-07
1.0373E-11	-3.0040E-12	4.6426E-07	4.2079E-07
1.0340E-11	-3.0822E-12	1.4067E-06	5.4166E-07
1.0306E-11	-3.1596E-12	1.4130E-06	1.8003E-07
1.0271E-11	-3.2363E-12	1.4022E-06	4.5076E-08
1.0236E-11	-3.3123E-12	1.4054E-06	8.7796E-08
1.0199E-11	-3.3875E-12	1.6295E-06	-2.6982E-07
1.0162E-11	-3.4620E-12	1.2015E-06	-7.1825E-07
1.0124E-11	-3.5358E-12	3.3927E-07	-6.2822E-07
1.0085E-11	-3.6089E-12	2.6799E-07	8.4443E-07
1.0046E-11	-3.6812E-12	2.1330E-06	3.3255E-07
1.0005E-11	-3.7528E-12	6.4431E-07	-1.2177E-06
9.9642E-12	-3.8236E-12	4.6459E-09	5.7535E-07
9.9224E-12	-3.8936E-12	8.8947E-07	5.3589E-07
9.8799E-12	-3.9630E-12	1.1449E-06	1.0414E-06
9.8366E-12	-4.0315E-12	2.2852E-06	-2.8496E-07
9.7926E-12	-4.0993E-12	7.1017E-08	-8.6544E-07
9.7479E-12	-4.1663E-12	6.2841E-07	1.3439E-06
9.7026E-12	-4.2326E-12	2.0703E-06	-8.4647E-08
9.6566E-12	-4.2981E-12	4.4150E-07	-5.8772E-07
9.6099E-12	-4.3628E-12	6.1875E-07	5.9755E-07
9.5626E-12	-4.4268E-12	1.0298E-06	1.0862E-07
9.5147E-12	-4.4900E-12	5.3967E-07	2.8273E-07
9.4661E-12	-4.5524E-12	7.4566E-07	5.6455E-07
