jMRUI Data Textfile

Filename: Export_to_jmrui.txt

PointsInDataset: 2048
DatasetsInFile: 1
SamplingInterval: 0.250000
ZeroOrderPhase: 0E0
BeginTime: 0E0
TransmitterFrequency: 1.2326E8
MagneticField: 2.8936E0
TypeOfNucleus:  
NameOfPatient:  
DateOfExperiment:  
Spectrometer:  
AdditionalInfo: 
SignalNames:  


Signal and FFT
sig(real)	sig(imag)	fft(real)	fft(imag)
Signal 1 out of 1 in file
1.9906E-06	1.7619E-07	2.7793E-06	5.9722E-07
7.0483E-07	-9.7039E-08	1.1369E-06	-2.1530E-07
5.7459E-07	-2.9847E-07	1.5919E-06	1.8829E-06
3.4102E-07	-4.4357E-07	3.2949E-06	1.1038E-07
6.4214E-08	-4.7854E-07	1.4581E-06	-7.1192E-07
-1.7205E-07	-3.5244E-07	9.5814E-07	1.8409E-07
-3.3284E-07	-1.3861E-07	1.1549E-06	1.1517E-06
-2.5524E-07	-5.5486E-08	2.5889E-06	7.2811E-07
-1.0984E-07	5.2801E-08	1.3617E-06	-4.6297E-07
4.0095E-09	4.1112E-08	9.7155E-07	1.4235E-06
8.6432E-08	-7.7726E-08	2.8889E-06	1.1442E-06
1.4130E-07	-1.6223E-07	2.5134E-06	-1.0000E-07
1.3864E-08	-2.0849E-07	2.3572E-06	1.0389E-08
-6.9243E-08	-2.6696E-07	2.3206E-06	-9.4218E-07
-1.4426E-07	-1.7110E-07	5.0882E-07	-7.7872E-07
-1.9370E-07	-1.4905E-07	1.5296E-06	1.2849E-06
-1.4595E-07	-5.7514E-08	2.7146E-06	-1.4378E-06
-1.1772E-07	-5.9248E-08	-1.1314E-06	-7.8091E-07
-9.5867E-08	-1.0563E-08	8.3161E-07	2.1460E-06
-9.4379E-08	-7.6356E-08	1.5648E-06	8.2924E-07
-1.3341E-07	-4.7797E-08	2.0416E-06	1.2245E-06
-1.8246E-07	-2.3331E-08	1.7866E-06	1.7071E-07
-1.7614E-07	1.5002E-08	2.1103E-06	1.0355E-06
-1.6618E-07	3.4995E-08	2.1774E-06	-7.5614E-07
-1.0253E-07	5.8319E-08	3.7649E-07	2.0048E-07
-3.1587E-08	7.5373E-08	1.0490E-06	1.4485E-06
-1.8229E-08	-8.0191E-10	2.4635E-06	1.6365E-06
-1.9222E-09	-1.0581E-07	2.5612E-06	1.0697E-07
-9.6178E-08	-5.7727E-08	2.1880E-06	5.7610E-07
-1.5320E-07	-3.0255E-08	2.1821E-06	-4.2921E-07
-2.2495E-07	-5.1497E-09	1.5817E-06	7.0674E-07
-2.0061E-07	1.1355E-07	2.6880E-06	-5.0313E-07
-1.5251E-07	1.2862E-07	5.8041E-07	-2.8035E-07
-2.8376E-08	1.8130E-07	1.7320E-06	1.0562E-06
5.1855E-09	1.4445E-07	2.0514E-06	-2.9556E-08
7.9531E-08	1.0590E-07	8.8605E-07	1.6252E-07
1.3679E-07	6.4650E-08	1.8998E-06	1.8124E-06
1.2627E-07	-1.6431E-08	3.1306E-06	-3.9388E-07
4.2094E-08	-2.4727E-09	6.9592E-07	-1.0553E-07
-5.4750E-08	2.3857E-08	1.7675E-06	1.3842E-06
3.6267E-09	3.9805E-08	2.8530E-06	1.2208E-06
3.9685E-08	1.0495E-07	3.7183E-06	-8.1340E-07
9.7053E-08	6.6063E-08	9.0339E-07	-1.3687E-06
1.6116E-07	4.8942E-09	1.0714E-06	8.9039E-07
1.1903E-07	-5.3868E-08	2.6114E-06	9.2884E-07
1.0266E-07	-9.1503E-08	3.1406E-06	-9.2280E-07
6.2357E-08	-1.1346E-07	1.0865E-06	-1.0425E-06
-3.1816E-08	-1.4901E-07	1.6492E-06	-3.8136E-07
-1.8410E-08	-8.9795E-08	3.0944E-07	-6.2054E-07
-3.5371E-08	-4.5234E-08	9.3217E-07	1.2128E-06
-3.9215E-08	3.7200E-08	1.6232E-06	6.0112E-07
2.6025E-10	2.3853E-09	1.8800E-06	1.1259E-06
3.5736E-08	1.3864E-08	2.9985E-06	1.9176E-07
2.5918E-08	-5.3790E-08	1.6020E-06	-1.2598E-06
7.1222E-09	-3.2367E-08	3.5400E-07	1.0230E-06
-6.6900E-09	-1.1965E-07	3.3502E-06	9.4341E-07
-7.9204E-08	-1.4382E-07	1.6986E-06	-1.3844E-06
-1.2099E-07	-5.7565E-08	8.4856E-07	3.7240E-07
-5.8086E-08	-4.9084E-08	1.2381E-06	9.4289E-07
-8.7232E-09	-1.3630E-08	3.1475E-06	1.5840E-06
-3.2389E-08	-3.0438E-08	3.5175E-06	-1.3211E-06
-1.3619E-08	7.4984E-09	1.4906E-06	-1.1264E-06
2.4042E-08	-1.0665E-07	1.4836E-06	-9.1140E-07
2.9076E-08	-7.4469E-08	7.9094E-07	-3.7889E-07
-1.9030E-08	-3.0046E-08	1.2587E-06	-1.3337E-08
-6.5150E-08	-7.4878E-08	1.1321E-06	7.9854E-08
-9.0908E-08	6.6956E-09	1.4755E-06	1.7351E-07
-9.4702E-08	-5.3091E-08	1.4618E-06	2.6571E-07
-6.5340E-08	1.8488E-08	2.2884E-06	-3.0529E-07
-5.7346E-08	1.7333E-09	4.1202E-07	-1.4748E-06
-5.8298E-08	9.3829E-08	-2.9098E-07	1.5785E-06
-2.2581E-08	8.1988E-08	2.9233E-06	1.2509E-06
6.4064E-09	7.1663E-08	1.7408E-06	-1.0802E-06
2.1155E-08	5.1279E-08	6.5366E-07	2.9240E-07
4.4430E-08	8.0718E-08	1.6638E-06	2.4522E-07
7.2283E-08	5.0772E-08	6.4860E-07	-5.4685E-08
7.4621E-08	1.6667E-08	1.3490E-06	1.4260E-06
4.1338E-08	-6.7421E-08	2.2741E-06	-8.4337E-08
3.2345E-08	-4.6693E-08	9.6212E-07	1.2490E-07
-2.0569E-08	-2.2587E-08	1.5463E-06	3.7855E-07
-3.1039E-08	-8.7829E-09	1.2950E-06	5.2331E-07
-8.2328E-08	2.8554E-09	1.8921E-06	-3.2134E-08
-4.6014E-08	9.6301E-08	4.7318E-07	2.3736E-07
1.3689E-08	9.3493E-08	1.9254E-06	9.7970E-07
7.9912E-08	1.1955E-07	8.0402E-07	-4.5014E-07
1.6145E-07	9.2263E-08	3.7651E-07	2.0216E-06
1.1564E-07	1.3568E-09	2.9063E-06	1.8184E-06
9.2774E-08	-1.0894E-08	2.8348E-06	-3.0580E-08
5.5896E-08	-7.0221E-08	1.8007E-06	-2.4042E-07
6.8013E-09	-6.9679E-08	1.4045E-06	1.3270E-07
-3.8324E-08	-1.3867E-08	1.6812E-06	7.1190E-07
3.4184E-08	1.4875E-08	2.0801E-06	-6.2109E-08
1.1855E-08	-6.3745E-09	1.0663E-06	1.8809E-07
-1.3107E-08	7.3953E-09	1.4230E-06	6.9364E-07
1.6024E-08	5.6934E-08	1.6869E-06	1.5007E-06
9.9361E-08	-9.5707E-09	3.7451E-06	1.6532E-07
4.5687E-08	-4.3420E-08	8.8082E-07	-1.6182E-06
4.5795E-08	-7.4456E-08	4.3240E-07	1.6173E-06
7.5028E-09	-6.6304E-08	2.9313E-06	1.3788E-06
-3.8046E-08	-8.2381E-08	2.8273E-06	-4.6035E-07
1.2301E-08	-3.8685E-08	1.5848E-06	-1.3965E-07
-2.7597E-08	1.0933E-08	2.4069E-06	-3.0051E-07
-2.5552E-08	-1.3477E-08	6.2924E-07	-6.1836E-07
-1.3101E-09	-2.0039E-08	1.6982E-06	1.3102E-06
-2.2060E-08	1.2860E-08	2.2854E-06	-2.6966E-07
-3.7440E-08	-4.5492E-08	1.6725E-06	2.4255E-07
-5.4813E-08	-1.6934E-08	2.3564E-06	-2.3193E-07
-2.8819E-08	-1.3643E-08	1.5429E-06	-1.1692E-06
-9.7543E-09	1.6926E-08	-6.1100E-12	-8.0674E-08
-3.3974E-08	-1.1256E-08	1.6101E-06	1.3078E-06
-2.3772E-08	4.7507E-08	1.9576E-06	-2.6471E-07
2.6269E-08	2.8138E-08	9.7304E-07	-1.2075E-07
2.2081E-08	2.0212E-08	6.7486E-07	9.7189E-07
-1.3341E-08	-1.0836E-08	2.6121E-06	1.2107E-06
4.0320E-08	-3.4513E-08	1.9267E-06	-5.4139E-07
-1.6303E-08	8.2314E-10	1.9380E-06	7.5608E-08
-6.3682E-08	1.7840E-08	6.4342E-07	-1.2194E-06
-1.6793E-08	5.9319E-08	7.9536E-08	1.6682E-06
-1.0116E-08	3.4772E-08	2.1951E-06	8.8379E-07
3.6419E-08	2.8570E-08	1.3206E-06	7.3588E-07
-9.7883E-09	5.6303E-08	2.0803E-06	9.8131E-07
8.7695E-08	3.2442E-08	2.3274E-06	2.9952E-07
6.2263E-08	1.9181E-08	1.4068E-06	-4.0589E-08
4.8419E-08	3.0270E-09	1.9684E-06	9.7968E-07
1.1617E-08	-1.0343E-08	1.6507E-06	-4.2718E-07
2.5258E-08	-4.1197E-08	1.2681E-06	1.7745E-06
1.9260E-08	-5.1618E-08	3.5875E-06	2.0916E-08
-4.4738E-09	-5.1859E-08	1.1851E-06	-5.9036E-07
-3.4717E-08	-3.1133E-08	1.5871E-06	4.3475E-07
-1.2695E-08	4.8798E-08	1.4544E-06	1.1109E-06
-3.3956E-08	2.5605E-08	3.7242E-06	5.8497E-07
7.6754E-09	5.7547E-08	1.7620E-06	-1.7692E-06
5.8045E-08	8.4563E-08	7.0964E-07	7.5800E-07
5.0838E-08	4.7853E-08	2.8370E-06	5.9382E-07
8.8160E-08	8.1097E-09	2.3168E-06	-9.1620E-07
3.8965E-08	-2.7486E-08	1.4921E-06	-7.0471E-07
5.9938E-08	-3.9837E-08	1.0514E-06	-7.6228E-07
3.3038E-08	-3.2456E-08	3.2144E-07	3.7336E-07
-2.4858E-09	-8.1973E-08	1.6972E-06	1.1493E-06
2.8789E-09	-1.9150E-08	2.3084E-06	2.2796E-07
3.1905E-08	-5.2168E-08	1.9763E-06	-7.4340E-07
2.5593E-08	-2.8323E-08	1.8243E-07	-2.4033E-07
2.7514E-08	-3.8189E-08	1.7767E-06	2.0364E-06
-3.6528E-08	-5.3023E-08	3.7933E-06	-6.9032E-07
-1.6880E-08	-3.5560E-08	8.9882E-07	-2.2107E-06
-1.4782E-08	-6.7224E-08	-4.8585E-07	-1.8184E-07
3.6765E-09	-2.6292E-08	4.1920E-07	1.2285E-06
-1.6295E-08	-5.1850E-08	1.4559E-06	1.1758E-06
-2.6018E-09	2.0047E-09	2.1907E-06	7.1990E-07
-4.7752E-08	-2.1815E-08	1.6882E-06	-8.5469E-07
-1.5709E-08	1.4428E-08	-1.7708E-07	3.6912E-07
2.7774E-08	5.1489E-09	1.3055E-06	1.5666E-06
5.3984E-08	-8.8207E-09	1.6709E-06	9.1157E-07
-1.4104E-08	1.3124E-08	1.8298E-06	4.3596E-07
-1.0581E-08	-2.2577E-08	4.7647E-07	7.4006E-07
-4.4647E-08	1.1485E-08	1.9067E-06	2.6336E-06
4.0417E-09	2.7871E-08	3.6428E-06	9.9513E-07
3.8121E-09	2.7624E-08	2.8541E-06	-4.0557E-07
-5.3533E-09	9.5341E-09	1.8299E-06	-3.7308E-07
-2.6918E-08	-1.2633E-08	1.4617E-06	3.0238E-08
4.6583E-08	-1.2122E-08	1.5703E-06	1.1575E-06
2.1001E-08	-1.3230E-08	3.5064E-06	3.2350E-07
2.6875E-08	8.9247E-09	1.8595E-06	-1.2572E-06
-6.8577E-10	2.1351E-08	1.5234E-06	-3.8529E-07
2.0047E-08	1.4763E-09	4.9911E-07	-4.4642E-07
-9.4936E-10	1.7974E-08	1.0761E-06	1.1899E-06
-9.8499E-09	-1.0642E-08	1.3672E-06	8.3376E-07
-2.0800E-09	3.7969E-08	2.6148E-06	1.7131E-06
-4.0518E-08	6.6413E-09	3.1538E-06	-2.8452E-07
-1.0053E-10	5.3658E-08	2.6165E-06	-5.4703E-07
4.1399E-08	4.6945E-08	1.2040E-06	-1.6015E-06
3.2765E-08	2.1222E-08	7.0293E-07	7.4540E-07
4.7592E-08	1.6604E-08	1.7692E-06	-2.3465E-07
9.7512E-08	-1.0641E-08	9.8203E-07	1.0387E-06
1.1773E-08	3.6804E-09	3.1328E-06	1.4772E-07
2.3375E-08	-5.6504E-08	1.3251E-06	-1.4374E-06
-6.8741E-09	-4.0207E-08	-1.5085E-07	-8.1175E-09
-3.6782E-09	-3.1774E-09	9.2928E-07	1.9868E-06
-1.6758E-08	-1.8147E-08	2.4740E-06	1.0265E-06
2.9564E-09	1.7870E-08	2.5564E-06	1.0694E-06
1.7709E-08	1.2778E-09	3.5871E-06	-8.1695E-07
5.8229E-09	-3.6117E-08	8.6605E-07	-1.4637E-06
2.1141E-08	-2.6441E-08	8.0697E-07	5.4856E-07
3.6025E-08	-1.4154E-08	1.9147E-06	6.7315E-07
5.6183E-09	-3.1638E-08	2.1471E-06	-2.5902E-07
5.1612E-10	-9.5132E-08	1.2963E-06	-1.4964E-07
3.5614E-09	-3.3801E-08	1.6070E-06	1.8133E-07
-1.5542E-09	-8.1439E-08	1.5479E-06	2.5997E-07
-4.1587E-08	-3.0024E-08	2.1387E-06	1.7692E-07
-7.3923E-08	1.0508E-08	1.9318E-06	-6.0839E-07
-3.5829E-08	3.6956E-08	1.0948E-06	-7.2975E-07
-6.6093E-08	-1.8129E-08	5.8560E-07	1.5066E-07
-2.1031E-08	5.5646E-08	1.3572E-06	6.4348E-07
-3.7087E-08	6.6496E-08	1.4092E-06	2.4648E-08
3.3480E-08	2.2766E-08	7.8188E-07	7.6380E-07
2.8031E-08	-8.1067E-09	2.4110E-06	1.3104E-06
5.3371E-09	-1.6505E-08	2.6656E-06	-5.8558E-07
-3.0538E-08	1.5108E-08	1.4363E-06	-1.0899E-06
-8.8305E-09	5.3355E-08	-3.7830E-07	-4.6969E-07
-1.9869E-08	5.6017E-09	6.7944E-07	2.5518E-06
5.5540E-08	-1.0809E-08	3.1915E-06	9.0960E-07
-1.9165E-08	1.9554E-08	2.5741E-06	1.8560E-07
-3.8261E-08	-5.4611E-08	2.8484E-06	-1.6005E-06
1.6441E-08	-2.5546E-08	-4.4625E-07	-1.3801E-06
-2.8514E-08	-1.1186E-08	2.0884E-07	1.2880E-06
-8.2612E-08	-4.5449E-09	1.4216E-06	1.5874E-06
-3.0125E-08	-1.2574E-08	3.2880E-06	9.1398E-07
3.0790E-08	-1.6362E-08	2.2938E-06	-1.4747E-06
-1.5944E-08	9.1447E-08	9.2700E-07	-5.4880E-07
-2.1570E-09	5.3754E-08	8.3989E-07	-8.2460E-07
4.2611E-08	4.2255E-08	-4.1288E-07	4.8868E-07
6.9476E-08	5.7981E-08	1.1494E-06	1.4586E-06
1.6612E-08	9.2013E-08	1.2026E-06	1.0650E-06
1.1958E-08	-6.9879E-09	2.3553E-06	1.3219E-06
1.4630E-08	-1.5154E-08	2.0805E-06	-1.0506E-08
5.9706E-08	5.5461E-09	2.2906E-06	3.7125E-07
4.2813E-08	2.3889E-08	1.4552E-06	-1.2899E-06
4.1407E-08	2.4902E-08	2.6230E-07	1.0123E-06
7.6239E-08	1.4141E-08	2.6054E-06	2.8799E-07
5.9944E-08	-4.1075E-08	4.3639E-07	-6.6181E-07
2.8402E-08	-5.2091E-09	1.0125E-06	1.5482E-06
3.9838E-08	-6.7163E-08	2.3286E-06	5.1990E-08
2.3119E-08	-2.7553E-08	5.7098E-07	-1.0100E-07
4.8121E-08	-3.6909E-08	1.1739E-06	1.0006E-06
-6.1910E-08	-1.7027E-08	9.0400E-07	9.0083E-07
-2.9327E-08	3.5552E-08	2.2990E-06	1.8448E-06
-8.8967E-08	-1.8339E-08	2.3737E-06	-6.0467E-08
-3.1944E-08	2.6521E-08	2.0628E-06	8.3996E-07
4.1448E-08	4.5998E-08	2.4451E-06	-6.1235E-07
2.3158E-08	-5.7698E-09	1.4593E-06	-1.4653E-07
3.4794E-08	2.1519E-08	9.2750E-07	-8.7147E-07
9.1834E-09	-4.8434E-08	1.0793E-07	1.7412E-06
-3.2430E-09	-5.9901E-08	3.0054E-06	1.0031E-06
-4.5327E-08	6.9459E-09	1.8026E-06	7.0035E-08
-3.6131E-08	-1.6364E-08	2.5561E-06	-2.2726E-07
-1.3811E-08	-3.5017E-08	1.0006E-06	-1.0388E-06
-3.7617E-08	1.5499E-09	4.7574E-07	1.8195E-07
-9.2972E-09	-2.8915E-08	1.0503E-06	7.8823E-07
-3.1945E-08	3.2736E-08	9.8697E-07	3.4211E-07
-5.3288E-09	-2.5091E-08	1.3269E-06	1.7882E-06
-3.0974E-08	3.3264E-08	2.7600E-06	-2.3845E-07
-2.4374E-08	3.4323E-08	2.1001E-07	2.6287E-07
-3.2492E-08	3.5039E-08	1.9768E-06	1.2087E-06
-2.3788E-08	3.5634E-08	1.3562E-06	5.4966E-07
-4.4825E-08	4.5071E-08	2.2500E-06	8.3728E-07
1.8382E-08	1.7967E-08	1.7254E-06	1.0882E-07
1.1581E-08	1.4310E-08	1.7509E-06	-4.8753E-08
9.3794E-09	2.1057E-08	3.6263E-07	5.8028E-07
2.3415E-09	1.8529E-08	2.1768E-06	1.7131E-06
2.7166E-08	1.8662E-08	1.9818E-06	3.4410E-07
-2.9685E-09	6.8054E-09	2.3394E-06	1.0605E-06
1.9110E-08	-8.7774E-09	2.6979E-06	-1.6670E-07
2.0911E-08	-3.0898E-08	1.7926E-06	-6.6970E-07
9.9821E-08	7.5810E-09	6.5926E-07	3.5958E-07
1.0052E-07	1.5574E-08	2.8450E-06	1.1589E-06
3.0055E-08	9.7815E-09	2.0494E-06	-1.8982E-06
1.4983E-08	1.5033E-08	-5.5246E-07	2.4455E-07
6.3679E-08	-1.3725E-08	1.3644E-06	1.5930E-06
1.9846E-09	-7.5496E-08	1.7648E-06	1.2603E-06
-1.0309E-09	-1.8730E-08	3.1401E-06	9.6725E-07
7.7662E-09	-3.7216E-08	2.3658E-06	-1.0375E-06
1.0287E-08	-1.5340E-08	1.0379E-06	1.2733E-08
2.1467E-08	1.2904E-08	1.6811E-06	5.1047E-07
1.3396E-08	1.6686E-08	2.4229E-06	2.1633E-07
-2.8928E-08	-3.6133E-09	1.3867E-06	-1.2055E-06
-1.2846E-08	1.4320E-08	5.7036E-07	9.7229E-07
-4.0376E-08	2.5206E-08	2.4402E-06	1.2210E-07
-4.8026E-08	7.7599E-08	1.1691E-06	-7.5174E-08
1.1932E-09	2.1550E-08	1.5972E-06	-2.7670E-07
-1.0974E-08	-9.8912E-09	4.7348E-07	7.2563E-07
3.1070E-09	-1.4816E-08	2.7761E-06	5.3655E-07
-9.2828E-10	1.6538E-08	9.7172E-07	-1.0954E-06
-8.5330E-09	2.1409E-08	4.7567E-07	2.4315E-07
-3.6289E-08	3.0416E-08	3.2826E-07	1.2566E-06
7.9367E-09	-4.4095E-08	2.5470E-06	1.3157E-06
-4.6995E-08	-7.0511E-09	1.0012E-06	-4.2055E-07
-5.5338E-08	3.9914E-08	1.3725E-06	2.0448E-06
2.3775E-09	1.1073E-08	3.2551E-06	-7.4203E-08
-4.3390E-08	-2.1380E-08	4.6510E-07	-7.9316E-07
1.1792E-09	-7.8449E-08	1.0392E-06	2.1856E-06
-1.0567E-08	-2.0865E-08	3.5329E-06	2.3778E-07
-2.1541E-09	-7.4113E-09	1.1965E-06	-7.0953E-07
-2.5390E-08	5.0604E-08	1.5628E-06	2.8157E-07
-1.1310E-09	1.6778E-08	1.1448E-06	3.4634E-07
2.4664E-10	2.0310E-08	2.3479E-06	4.5357E-08
-3.8992E-08	3.0971E-08	-1.3770E-08	-8.0389E-07
-5.9923E-08	3.4066E-08	6.5259E-07	2.2391E-06
-9.8513E-09	2.0422E-08	2.4904E-06	1.2911E-06
6.3124E-09	7.8424E-08	3.0114E-06	4.5465E-07
1.4928E-08	-1.6232E-08	1.8809E-06	-1.2023E-06
-1.4580E-08	4.0319E-08	7.3544E-07	3.5695E-07
-3.1996E-08	2.4576E-08	1.9517E-06	3.9157E-07
-5.6575E-10	2.3452E-08	1.5971E-06	-3.2496E-07
3.4905E-08	-3.2966E-08	9.9991E-07	-3.4408E-07
2.2946E-08	-9.9224E-09	3.0725E-07	1.8497E-07
7.5164E-09	1.0429E-08	6.5293E-07	1.3794E-06
8.8340E-09	1.2343E-08	1.4744E-06	1.2831E-06
1.4259E-08	-1.6820E-09	2.1705E-06	1.6545E-06
1.3115E-08	2.4601E-09	3.0585E-06	-3.3580E-07
-1.7693E-08	-3.0402E-08	9.0555E-07	-3.5556E-07
4.8072E-08	-1.9207E-08	1.1517E-06	-9.3572E-08
3.4536E-08	4.5710E-09	-2.4541E-07	1.7621E-06
1.3578E-08	-8.7215E-08	3.8947E-06	1.8948E-06
-2.9256E-08	8.3403E-08	1.3542E-06	-1.2350E-06
2.0448E-08	5.0741E-09	1.5509E-06	1.4525E-06
-1.5779E-08	-1.7748E-08	1.6635E-06	3.5388E-08
8.6386E-10	7.5398E-08	2.1505E-06	1.4029E-06
3.9905E-08	-2.9150E-08	2.3935E-06	-3.6939E-07
4.1677E-08	-1.5397E-08	2.0079E-06	1.7525E-07
-1.1443E-09	-6.3465E-08	1.1857E-06	-6.7341E-07
-3.7707E-08	8.2045E-08	1.6358E-06	1.0666E-06
4.8789E-08	3.7054E-09	1.5634E-06	-9.2249E-07
6.7439E-09	-4.9672E-08	6.2067E-07	1.4377E-06
8.6256E-09	1.3865E-08	2.6686E-06	3.3047E-07
1.1542E-08	3.5533E-08	1.7287E-06	1.3831E-07
-1.5990E-08	-1.1667E-08	1.9439E-06	-9.2438E-07
7.9527E-09	-4.6092E-10	-8.1581E-08	-7.3107E-08
-6.7972E-09	-5.9248E-08	1.1322E-06	1.1296E-06
-3.4093E-08	1.5261E-08	1.2577E-06	6.1569E-07
6.0383E-09	-3.0133E-08	1.1385E-06	1.1839E-06
-7.6489E-08	1.8011E-08	2.4097E-06	1.3661E-06
1.2918E-08	-5.6829E-09	2.3339E-06	-5.1784E-08
-1.8011E-08	3.6875E-08	1.9055E-06	7.3092E-08
-1.4801E-09	-6.9578E-09	1.1304E-06	-1.6257E-07
4.0765E-08	-5.8464E-08	2.0931E-06	9.7130E-07
-6.6131E-08	-1.6833E-08	1.2654E-06	-1.3955E-06
-3.0990E-08	1.0491E-08	1.2179E-07	1.9720E-06
-4.5496E-08	-1.1833E-09	3.0137E-06	1.4749E-07
1.1798E-08	6.0047E-08	3.5264E-07	6.4612E-07
1.7418E-08	-5.2351E-09	3.0084E-06	1.0374E-06
-1.9116E-09	-1.2353E-08	1.5160E-06	-2.6835E-07
-1.1126E-08	2.0349E-08	2.4959E-06	1.6661E-07
5.4207E-08	-1.9790E-09	9.5953E-07	-9.2694E-07
1.4548E-08	1.0307E-08	1.2367E-06	4.9303E-07
-1.5762E-08	-4.1629E-08	1.0042E-06	-1.6907E-07
3.2549E-08	-3.0473E-09	1.0960E-06	6.7176E-07
3.1436E-08	3.0540E-08	1.1048E-06	4.7467E-07
3.3776E-08	2.7111E-08	1.9825E-06	9.3564E-07
4.4093E-08	-3.6775E-08	1.8240E-06	-1.0279E-06
1.9859E-08	-1.7278E-08	-5.8273E-07	-2.5669E-07
5.8202E-08	-6.8303E-08	2.4697E-07	2.4133E-06
2.6711E-08	-2.0148E-08	3.0165E-06	1.1888E-06
3.0887E-09	-6.4658E-08	7.0043E-07	-7.1890E-07
-3.1659E-08	2.5146E-08	6.0443E-07	2.1091E-06
3.5718E-10	2.8737E-08	2.2761E-06	8.9312E-07
2.5173E-08	-5.1063E-08	1.3820E-06	1.1206E-06
-9.0892E-09	1.7832E-08	2.4456E-06	8.0555E-07
1.8162E-08	3.6379E-08	1.6727E-06	2.1980E-07
1.6856E-08	1.1930E-08	1.4084E-06	2.8800E-07
1.1401E-08	-4.4023E-08	7.2638E-07	1.3421E-06
3.9936E-08	-5.5078E-08	2.7946E-06	1.9218E-06
3.3182E-08	2.8970E-08	2.9394E-06	-5.6398E-08
7.5646E-08	-3.6929E-08	2.0172E-06	-3.9748E-07
8.1794E-09	-1.1187E-08	1.0046E-06	-3.0010E-07
-1.3062E-08	-5.8027E-08	8.6161E-07	8.1100E-07
3.3492E-08	2.4523E-09	1.1848E-06	1.4011E-06
1.8806E-08	2.2257E-08	2.6396E-06	1.8696E-06
3.2504E-08	-7.9530E-08	3.2530E-06	2.5232E-07
-2.2329E-08	-3.2518E-09	2.9015E-06	-4.3032E-07
8.8672E-10	-1.4638E-08	1.5251E-06	-1.6067E-06
-2.0708E-08	2.3924E-08	2.3166E-07	5.4015E-07
-1.4424E-08	4.4448E-08	2.1132E-06	7.2934E-07
4.0818E-09	1.1881E-08	1.7317E-06	1.0122E-07
5.6072E-09	4.6846E-08	2.1309E-06	-2.6622E-07
2.1803E-08	6.0243E-08	7.9671E-07	-7.6995E-07
-1.1741E-07	5.6088E-08	6.0456E-07	6.2230E-07
1.8428E-08	-1.2967E-09	1.5042E-06	6.3049E-07
3.1210E-08	8.5097E-09	1.2228E-06	-5.7968E-08
2.1184E-08	6.3260E-08	6.0595E-07	7.7508E-07
2.7636E-09	4.5473E-09	1.5863E-06	9.2379E-07
-1.7644E-09	-1.1294E-08	1.2544E-06	7.5258E-07
-1.0501E-08	3.9917E-08	2.2172E-06	7.5960E-07
-3.8181E-08	4.4283E-08	1.3485E-06	-6.6913E-07
-9.4179E-09	3.9373E-08	-2.3502E-08	5.1855E-07
-4.3344E-08	2.4120E-08	7.1126E-07	2.1786E-06
1.2154E-08	1.1247E-08	2.8434E-06	1.6979E-06
4.1252E-08	-4.4356E-09	2.0053E-06	1.0297E-07
2.3157E-08	8.9265E-09	2.1197E-06	1.0142E-06
2.3910E-08	1.1432E-07	2.2880E-06	-3.9235E-07
5.5770E-08	-9.3081E-08	1.1522E-06	-4.9384E-10
-3.3852E-08	3.0913E-08	1.0640E-06	3.8656E-07
1.9926E-08	-1.4762E-08	1.8672E-06	9.0773E-07
5.5614E-09	3.2488E-08	1.2517E-06	-1.0582E-06
-5.2808E-08	7.0776E-08	-8.5674E-07	1.4991E-06
7.3091E-08	-7.6431E-08	2.1356E-06	2.5554E-06
4.7991E-09	4.0170E-08	2.6622E-06	1.0719E-06
3.6327E-08	1.7175E-08	2.5564E-06	-2.1653E-07
-2.2537E-08	4.8408E-08	5.7630E-07	-3.3932E-09
1.2785E-08	-1.3430E-08	1.2217E-06	1.5003E-06
2.3890E-08	3.7123E-08	2.0073E-06	1.3638E-06
-2.3297E-08	1.3095E-09	2.5312E-06	4.1620E-07
5.9977E-08	8.5827E-09	1.2107E-06	1.1373E-07
4.7032E-08	1.9332E-08	1.0907E-06	9.6968E-07
-6.6988E-10	-5.7783E-08	1.2992E-06	2.0969E-06
5.3086E-09	-2.8537E-08	3.4228E-06	1.5650E-06
-2.5538E-08	3.9893E-08	2.2243E-06	3.5879E-07
1.7885E-09	2.1885E-08	3.0025E-06	1.1895E-06
-1.8816E-08	-2.3540E-08	2.9416E-06	3.3999E-08
2.9889E-08	-1.4439E-08	3.3393E-06	-1.7397E-07
1.7998E-08	2.3831E-08	1.9195E-06	-1.5635E-06
-2.3227E-08	-2.6696E-08	1.3192E-06	2.9345E-08
1.4028E-08	-3.0449E-08	1.7275E-06	-1.2930E-07
-6.1341E-09	2.4306E-08	2.3191E-06	-7.5835E-08
3.9721E-09	-2.2539E-08	1.1126E-06	-1.5025E-06
-9.6704E-09	3.6049E-08	6.1201E-07	7.9441E-07
1.1989E-08	3.0735E-08	2.0548E-06	-5.7279E-07
-1.6927E-09	-3.4211E-09	-2.4019E-08	-3.3041E-07
2.3303E-08	-4.4797E-08	6.7339E-07	1.0592E-06
-9.0413E-09	2.1773E-08	1.3457E-06	1.0331E-06
2.0027E-08	1.5634E-08	1.5822E-06	5.5400E-07
-1.2764E-09	8.0193E-08	1.2996E-06	7.5817E-07
2.8779E-09	-8.8768E-09	1.7672E-06	8.4597E-07
1.7217E-08	2.6926E-08	2.1995E-06	3.6947E-07
-6.9486E-09	-2.9059E-08	1.3504E-06	-6.3762E-07
1.8726E-08	1.5059E-08	4.0397E-07	5.4319E-07
-5.4043E-08	-1.6592E-08	7.9682E-07	9.7417E-07
-1.1497E-07	-5.2182E-08	1.2402E-06	2.1665E-06
5.0878E-08	1.7291E-08	3.1809E-06	1.2778E-06
3.5758E-08	-3.8581E-08	2.6194E-06	-1.0479E-07
2.4777E-08	-1.0841E-07	1.6801E-06	-7.9940E-07
-1.4374E-08	-1.7383E-09	3.0868E-07	7.6655E-07
2.0081E-08	3.5606E-08	2.4876E-06	1.3282E-06
-4.6500E-08	-6.5007E-08	1.9839E-06	-1.2277E-07
2.2755E-08	2.4163E-08	1.9303E-06	1.3582E-07
2.2936E-08	8.6820E-10	1.1238E-06	-7.9734E-08
-3.9262E-08	-1.6665E-08	2.1090E-06	8.0074E-07
6.0074E-08	5.9239E-09	1.6395E-06	-1.3512E-06
-1.7235E-08	5.4970E-08	-4.4830E-07	3.5453E-07
2.9703E-08	4.0905E-08	1.0914E-06	1.6201E-06
6.5103E-08	-2.7695E-09	1.7783E-06	1.0874E-06
-1.8485E-09	-5.9261E-08	1.8463E-06	6.9029E-07
-5.7385E-09	-1.0708E-09	1.9189E-06	5.7459E-07
-2.9862E-08	5.3393E-08	1.6793E-06	9.4416E-08
-1.5636E-08	5.0901E-08	1.4626E-06	4.5213E-07
-9.1720E-08	-2.5332E-08	1.2551E-06	1.1144E-07
5.1048E-09	3.7178E-08	1.1928E-06	1.3274E-06
-2.4763E-09	3.1213E-08	2.6409E-06	1.9907E-07
5.5412E-08	-2.3872E-08	7.4752E-07	-3.3769E-07
-2.3399E-08	2.8455E-08	1.1007E-06	1.1276E-06
4.4067E-09	4.8504E-08	1.8844E-06	8.0398E-07
4.8652E-08	-3.9408E-10	1.8563E-06	8.1798E-09
-1.2961E-08	-2.9550E-08	1.0005E-06	2.3867E-07
1.7125E-08	4.4918E-08	1.2973E-06	3.5827E-07
-2.5954E-08	-1.3832E-08	7.1328E-07	8.5685E-07
3.4469E-08	1.7719E-08	1.9339E-06	9.2034E-07
-9.4479E-08	-1.0382E-08	1.0846E-06	3.0469E-07
3.7368E-08	-3.0942E-08	1.6382E-06	6.5745E-07
-1.1865E-08	-1.3247E-08	3.6324E-07	7.4131E-08
1.1831E-08	-6.8890E-09	5.9466E-07	2.0958E-06
2.0314E-08	1.1404E-08	2.1112E-06	1.9979E-06
-6.9216E-08	-1.4824E-08	3.0604E-06	5.0751E-07
4.6227E-09	5.8408E-08	6.5051E-07	-4.0811E-07
1.4015E-10	6.7781E-08	1.1687E-06	2.0089E-06
1.9450E-08	-9.1442E-09	1.9191E-06	9.1602E-07
3.4578E-08	-1.5478E-08	2.0955E-06	1.3773E-06
-2.2716E-10	6.3896E-09	1.7003E-06	3.3347E-07
3.9980E-08	5.6834E-09	1.9602E-06	1.9175E-06
5.6493E-08	-7.0387E-08	2.8134E-06	4.3880E-08
1.3873E-08	3.3787E-08	1.5450E-06	9.2059E-07
4.5616E-08	-5.4273E-08	2.8755E-06	2.6451E-07
-1.6086E-08	-1.7544E-08	1.6066E-06	-6.0264E-07
2.9137E-08	-3.2798E-08	3.0659E-08	-5.1928E-08
-3.7830E-08	5.2608E-08	6.4048E-07	3.1427E-06
4.0429E-08	-1.8402E-08	3.7950E-06	1.5303E-06
6.8495E-09	-6.0224E-08	2.3746E-06	7.6750E-07
-7.0127E-08	1.6201E-08	3.9090E-06	1.3479E-07
1.4083E-08	-5.7125E-09	1.4474E-06	-1.5638E-06
-1.6276E-07	3.1682E-08	8.6188E-07	7.5989E-07
3.7185E-08	-1.1277E-07	1.7854E-06	8.2445E-07
4.0611E-08	-1.7631E-08	2.3108E-06	1.0836E-06
-3.0802E-08	4.2087E-08	3.1369E-06	-6.9653E-08
-1.0116E-08	1.1995E-08	1.8697E-06	-1.0328E-06
-3.7284E-08	-5.5869E-08	1.1338E-06	-3.8519E-07
2.4404E-08	-3.7761E-08	7.4330E-07	1.3256E-07
1.9058E-08	4.2952E-08	1.4941E-06	1.0379E-06
2.1655E-08	-1.4225E-08	1.8684E-06	1.0233E-07
-8.4887E-08	-1.5025E-08	1.6131E-06	3.1545E-07
-3.4872E-08	-4.3553E-08	1.2714E-06	-3.9260E-07
-9.3487E-09	3.4361E-08	6.8041E-07	9.1419E-07
2.6981E-09	-2.8604E-08	1.7344E-06	5.7813E-07
2.2208E-08	-1.0591E-08	1.3148E-06	4.8427E-07
-1.4064E-07	-6.9914E-08	6.4736E-07	5.1621E-08
4.6559E-09	1.4597E-08	2.1730E-07	2.9830E-06
-9.7195E-08	8.5892E-08	4.4449E-06	2.1777E-06
-4.7673E-09	1.2423E-08	3.2395E-06	-1.0068E-06
-6.4203E-09	-3.9639E-08	1.3575E-06	-1.2413E-06
2.9289E-08	-4.5052E-08	-1.1067E-07	1.0350E-06
-2.1522E-08	-2.2021E-10	2.8307E-06	1.7927E-06
-4.9478E-09	-2.7657E-08	2.5286E-06	1.1851E-07
9.7209E-09	-2.5031E-08	3.1528E-06	-3.8249E-07
2.7014E-08	-3.2203E-08	9.9604E-07	-1.7811E-06
2.4193E-08	-5.6469E-08	5.3199E-07	3.3557E-07
9.4599E-09	-8.7286E-09	1.0416E-06	1.3135E-07
1.4724E-08	3.6540E-08	1.1466E-06	4.6458E-07
-3.2791E-08	-6.8013E-09	9.9945E-07	6.0885E-08
-5.7912E-08	1.8443E-09	4.1847E-07	3.3728E-07
2.3293E-08	-9.2543E-09	-8.8466E-08	1.9403E-06
-5.2287E-08	-2.0568E-08	2.9605E-06	2.7412E-06
4.0483E-08	-2.2019E-08	3.0370E-06	-3.6083E-07
-3.8320E-08	-4.0510E-08	1.5589E-06	1.8813E-08
4.1510E-08	5.2704E-08	1.6207E-06	-9.1097E-09
-3.6027E-09	1.6482E-08	1.0890E-06	-2.4231E-07
1.6745E-08	6.8330E-08	-1.8978E-07	9.4406E-07
-9.0128E-08	4.1940E-08	2.2147E-06	2.4124E-06
2.1112E-08	-2.7479E-09	2.0497E-06	-2.8908E-08
-6.6909E-08	5.3212E-08	1.6914E-06	1.7529E-06
-4.2584E-08	-1.3413E-08	3.1086E-06	8.4332E-08
-5.4764E-09	5.9545E-08	1.9936E-06	-2.3290E-08
3.7179E-08	3.3951E-09	1.7409E-06	-1.2105E-06
-2.5024E-08	-2.1022E-08	-5.7635E-07	6.9303E-07
1.6542E-08	-6.6460E-09	2.2712E-06	2.1250E-06
-7.8588E-08	2.8164E-08	2.7440E-06	1.5310E-07
5.7808E-09	1.1565E-08	2.1796E-06	-7.8994E-07
-3.9007E-08	6.8170E-08	1.8485E-07	-6.1162E-07
4.3407E-08	-4.3466E-09	9.4874E-07	1.4522E-06
-3.2686E-08	-1.8584E-08	1.8407E-06	1.7353E-07
-3.2214E-08	-1.5677E-08	7.7574E-07	8.0816E-07
2.0852E-08	1.0089E-08	2.4226E-06	1.0714E-06
2.6023E-08	4.5217E-08	1.9653E-06	-7.2760E-07
3.0438E-08	9.7059E-08	6.9117E-07	-2.7385E-07
3.2824E-09	9.8440E-08	5.7059E-07	3.4417E-07
-3.0151E-08	-6.5561E-08	7.4021E-07	6.4841E-07
1.0196E-08	-1.4644E-08	3.8515E-07	9.6987E-07
3.9609E-08	8.3266E-08	1.4608E-06	1.9069E-06
2.0616E-08	-1.3184E-08	1.9221E-06	3.2569E-07
7.1548E-08	5.5024E-08	6.8037E-07	7.4891E-07
-6.2449E-08	6.3354E-09	9.4794E-07	1.2179E-06
2.0019E-08	3.2006E-08	1.1579E-06	2.1227E-06
-5.7159E-08	-2.8871E-08	2.7086E-06	1.6121E-06
-2.2198E-08	-3.5770E-08	2.1450E-06	6.9023E-07
-7.7284E-09	-1.8322E-08	2.1354E-06	8.8051E-07
3.6298E-08	5.2876E-08	2.2727E-06	6.5175E-07
1.2078E-08	7.5191E-08	2.0616E-06	2.6993E-09
-8.0073E-08	6.1976E-08	1.1692E-06	5.2305E-07
-3.6970E-08	-5.1074E-08	1.7069E-06	8.9226E-07
-2.5414E-08	-4.5280E-08	1.6224E-06	1.4312E-06
1.8409E-08	4.0620E-08	3.6082E-06	9.5593E-07
-1.1396E-09	2.0111E-08	2.0722E-06	-1.1909E-06
3.1306E-08	5.5202E-08	1.4127E-06	4.9293E-07
-2.3270E-08	1.3465E-08	1.8729E-06	-4.0755E-07
-2.0543E-08	3.9713E-08	9.9393E-07	6.3274E-07
-2.8671E-08	-5.6675E-08	2.3866E-06	1.1371E-07
1.8551E-08	7.1551E-09	8.8386E-07	-1.3882E-07
-2.6911E-08	-3.6284E-08	2.2923E-06	5.7040E-07
-2.0969E-08	-4.1942E-08	9.5006E-07	-1.6497E-06
-4.2707E-08	-1.0291E-08	-6.5900E-07	1.2280E-06
4.2041E-08	7.1467E-08	2.1064E-06	1.4111E-06
4.6336E-08	2.1514E-08	1.0293E-06	-3.5761E-08
1.9762E-08	2.2958E-08	1.0497E-06	1.7489E-06
4.4995E-08	8.4071E-09	3.1033E-06	5.3462E-07
-2.2827E-08	2.9465E-09	9.1355E-07	-1.3082E-06
2.5456E-08	-1.1371E-08	-1.6804E-07	1.3737E-06
3.7540E-08	2.8380E-09	2.1721E-06	1.6341E-06
-1.9294E-08	-4.0759E-08	2.2430E-06	1.5846E-07
-4.0602E-09	1.2071E-08	1.5499E-06	-3.0357E-07
4.0553E-08	7.3699E-10	7.1706E-07	-3.0660E-07
-3.2620E-08	8.9740E-08	-8.0871E-08	7.7671E-07
5.1785E-08	-2.8092E-08	1.4161E-06	1.8512E-06
3.8100E-08	2.2490E-08	1.5682E-06	2.1701E-07
-6.3643E-08	-1.8286E-08	9.2319E-07	1.2786E-06
-7.6131E-09	-4.2665E-08	1.6702E-06	2.2494E-07
-1.2650E-08	1.7664E-08	-1.4642E-07	1.4035E-06
7.2548E-09	5.6409E-08	2.5526E-06	2.4640E-06
5.9459E-08	2.4956E-08	2.7053E-06	-1.3468E-07
-1.2723E-08	1.0805E-07	6.6633E-07	-3.4653E-07
1.7692E-09	5.4237E-08	2.5035E-07	1.9052E-06
1.4506E-08	-3.4828E-09	2.5993E-06	1.5560E-06
8.4256E-09	6.1131E-08	1.1881E-06	5.4245E-07
-1.4253E-08	-4.2798E-09	2.0979E-06	1.9408E-06
-1.0889E-08	-3.0503E-08	2.6379E-06	5.0069E-07
4.4228E-09	-2.0976E-08	2.2351E-06	2.4556E-07
3.8001E-08	3.4766E-08	1.3290E-06	-2.5291E-07
-1.8765E-08	-3.6101E-08	1.0395E-06	1.2050E-06
1.4409E-08	-5.7896E-09	2.2125E-06	9.7305E-07
-1.8321E-08	1.5799E-08	2.1519E-06	6.0446E-07
-6.3107E-08	2.6039E-09	2.5370E-06	-1.7437E-07
-8.3825E-09	-2.9031E-08	8.7552E-07	-9.2089E-07
-3.1646E-08	-1.1903E-08	3.9072E-07	1.0524E-06
-3.5475E-08	-2.3525E-08	1.7072E-06	8.9020E-07
2.4836E-08	4.0392E-08	1.3549E-06	8.7450E-07
1.4582E-08	5.5199E-09	2.1517E-06	6.7238E-07
-4.0096E-08	9.9229E-09	1.6539E-06	1.6974E-07
1.9049E-08	1.8781E-08	1.6812E-06	-6.3753E-08
-1.0098E-08	-1.9188E-08	7.0545E-07	1.3041E-07
4.2643E-08	4.5068E-08	1.2730E-06	4.9484E-07
-1.7264E-09	4.9028E-08	3.3089E-07	5.0184E-07
2.1249E-08	1.0108E-08	1.2631E-06	1.5951E-06
2.4177E-08	5.1869E-08	1.1624E-06	9.7433E-07
1.7515E-08	-1.0298E-08	1.9997E-06	2.0212E-06
1.7874E-08	-5.5677E-08	3.0067E-06	3.4235E-07
1.6726E-08	-1.3805E-08	1.7533E-06	-5.2583E-07
-1.9959E-08	7.4790E-09	6.5937E-07	3.1508E-07
2.7257E-08	2.1640E-08	1.9398E-06	1.2283E-06
-2.4580E-08	2.9519E-08	2.0090E-06	-4.6852E-07
-8.4365E-09	-1.8982E-08	7.0251E-07	5.0601E-09
2.3182E-08	3.5731E-08	9.5261E-07	7.6397E-07
5.7512E-08	-6.0814E-09	1.7479E-06	7.3138E-07
1.2694E-08	-8.6056E-08	1.5807E-06	-3.7279E-07
9.0402E-09	-1.1752E-08	1.8015E-07	-4.5893E-07
-5.9160E-08	2.4570E-08	-5.5207E-07	1.6484E-06
2.5691E-08	-1.5232E-08	2.4034E-06	2.0419E-06
4.2913E-08	-4.5411E-08	1.0472E-06	-4.5836E-07
-2.9256E-08	1.2936E-08	6.6709E-07	2.2759E-06
1.8422E-08	-4.9331E-09	2.9416E-06	9.0809E-07
2.1912E-08	-1.7984E-08	2.0527E-06	-1.6643E-07
-6.6523E-08	-2.9994E-08	1.2405E-06	-8.9590E-07
4.5255E-08	-1.1240E-08	1.2001E-07	-6.8903E-09
4.6439E-08	-1.0923E-08	-1.8174E-07	2.2788E-07
-2.4581E-08	-4.3985E-08	-1.6041E-08	2.3244E-06
1.5945E-08	3.6080E-08	1.9711E-06	7.0689E-07
1.6782E-08	1.6212E-08	-7.3935E-07	1.3518E-06
2.5758E-08	3.2527E-08	2.6067E-06	3.2249E-06
5.8301E-08	5.4126E-08	2.8273E-06	-5.6918E-07
4.8855E-08	1.8583E-08	2.2501E-07	-4.9642E-07
-1.9416E-08	-2.6382E-08	-9.5319E-07	1.4332E-06
4.5381E-08	-3.9185E-08	1.3653E-06	3.4669E-06
-3.1294E-08	8.2582E-09	2.5516E-06	1.2594E-06
-2.2527E-08	-3.4854E-09	2.0992E-06	1.5081E-06
1.4654E-08	2.9272E-09	2.3924E-06	-2.5210E-07
6.3718E-08	-3.3502E-08	1.6280E-07	8.2190E-07
-3.6413E-08	5.4328E-09	1.8791E-06	1.4930E-06
9.0196E-09	-8.7567E-09	1.2292E-06	1.2186E-06
1.6513E-08	4.3208E-08	2.9509E-06	9.7007E-07
1.3902E-08	2.9178E-08	5.5665E-07	-8.0167E-07
9.5596E-09	-3.4167E-08	6.8563E-07	2.3854E-06
1.1584E-08	1.4526E-08	2.7066E-06	8.9104E-07
2.4040E-09	8.7883E-08	1.8261E-06	-7.3275E-08
2.1310E-08	-4.5904E-09	3.0740E-07	-3.4689E-07
5.6516E-08	3.5107E-08	2.3540E-07	2.0670E-06
1.1532E-09	-5.8375E-08	1.9577E-06	1.0022E-06
-3.3368E-08	-8.1043E-09	5.9284E-07	1.1407E-06
-3.3945E-08	-5.5763E-08	1.6930E-06	1.6169E-06
9.8478E-09	-2.3758E-08	1.3911E-06	1.1095E-06
1.0577E-08	-1.9238E-08	1.5573E-06	1.3562E-06
-1.3601E-08	4.9454E-09	1.7595E-06	1.6755E-06
2.9386E-09	1.5495E-08	3.0382E-06	5.7949E-07
-2.1086E-08	2.4364E-08	5.3949E-07	-6.8833E-07
1.2788E-08	-4.6075E-08	5.0970E-07	2.4863E-06
-1.8342E-08	1.6692E-08	3.0468E-06	1.0817E-06
2.2294E-08	-6.8728E-09	9.1489E-07	-3.8551E-08
1.2715E-08	-1.6476E-08	1.0833E-06	2.1679E-06
-5.2618E-08	2.0944E-08	3.1398E-06	1.2629E-06
1.9038E-08	-1.0722E-08	1.9195E-06	-3.9856E-07
2.0487E-08	-9.0298E-09	1.1348E-06	8.6311E-07
1.9184E-08	-3.2629E-10	2.0871E-06	6.4952E-07
3.8200E-08	-5.5133E-08	1.5429E-06	2.4576E-07
1.4125E-08	4.2656E-08	1.3875E-06	4.2314E-07
2.7345E-09	6.3363E-08	1.4999E-06	9.9483E-07
-1.4775E-08	5.7079E-08	2.7470E-06	6.3352E-08
1.6274E-09	-3.1648E-08	9.4765E-07	-1.4076E-06
-2.9186E-08	7.8790E-09	-9.9573E-08	2.8759E-07
-4.5115E-08	-1.2903E-08	8.9098E-07	4.9333E-07
-2.8906E-08	2.0629E-08	1.1350E-08	-2.7867E-07
-2.8261E-08	4.5859E-08	-1.1235E-06	1.5254E-06
1.9040E-08	-3.3673E-08	5.2536E-07	2.9202E-06
-2.3994E-08	-7.4581E-08	2.1205E-06	2.9288E-06
4.0867E-08	-2.0180E-08	4.1803E-06	5.6679E-07
-3.6051E-09	-2.4110E-08	7.9430E-07	-2.3255E-06
2.3011E-08	1.4592E-08	-1.5255E-06	1.1777E-06
3.7355E-09	-4.4579E-08	8.5203E-07	2.6862E-06
-1.9215E-08	-1.2570E-08	2.0932E-06	1.8310E-06
3.0144E-08	-4.9136E-08	2.4247E-06	4.5307E-07
-4.5576E-08	-2.6218E-08	6.9197E-07	-5.2278E-07
-3.4715E-09	-2.9419E-08	-7.7245E-08	1.6252E-06
-3.8290E-09	2.9785E-08	1.8744E-06	1.3985E-06
-2.8289E-08	-2.3016E-08	1.1139E-06	5.8144E-07
2.7959E-08	2.4292E-08	1.2077E-06	4.0277E-07
1.9221E-08	1.8421E-08	-1.6217E-07	9.0208E-07
9.1231E-09	-8.2250E-09	1.6163E-06	1.7704E-06
4.6286E-08	2.9387E-08	9.0197E-07	-1.6046E-07
-1.2810E-08	-2.0799E-08	-2.8180E-07	7.8523E-07
2.1203E-08	-6.9738E-09	-6.6772E-07	2.1120E-06
-5.9914E-08	-4.1167E-09	1.6029E-06	3.0152E-06
-2.8662E-08	-2.1840E-08	1.3852E-06	1.0352E-06
-5.3075E-08	-4.2539E-08	1.1118E-06	2.0100E-06
3.7635E-09	4.3973E-08	1.5422E-06	1.5082E-06
5.0433E-09	-5.5387E-09	1.9418E-06	1.0628E-06
5.4517E-08	5.7330E-09	1.2048E-07	4.1767E-07
-1.7148E-08	-1.9655E-08	1.0054E-06	2.5594E-06
3.3658E-08	-2.1459E-08	9.4755E-07	8.7181E-07
-2.7234E-08	-6.2659E-09	1.0565E-06	2.9256E-06
-6.6280E-08	1.3132E-08	2.0191E-06	7.6028E-07
-5.5625E-09	1.1975E-08	4.0519E-07	2.2793E-06
-1.2513E-08	1.5157E-08	2.1993E-06	2.0129E-06
7.2056E-09	2.3133E-08	1.7735E-06	2.2362E-06
2.4474E-08	-1.3845E-09	3.6510E-06	1.1919E-06
5.8421E-08	4.5027E-08	1.6558E-06	-1.0968E-06
-2.0664E-08	-1.0327E-08	-7.7751E-07	1.3514E-06
-1.2639E-08	-1.1699E-08	3.0056E-06	3.3551E-06
-7.0785E-09	1.5455E-09	3.0737E-06	-1.5721E-06
3.4336E-08	4.2401E-08	-4.6984E-07	3.0722E-07
1.7481E-08	-1.9728E-08	9.0323E-07	8.1458E-07
2.9185E-08	1.5119E-09	3.3249E-08	1.6234E-06
3.6103E-09	-1.3728E-08	1.5781E-06	1.6609E-06
-2.4160E-08	-1.5716E-08	1.2667E-06	1.2803E-06
4.5425E-09	2.0053E-08	1.3442E-06	5.0452E-07
7.0648E-09	1.0660E-08	2.9976E-07	1.5109E-06
3.8746E-08	3.7971E-08	1.6327E-06	9.5494E-07
4.6358E-08	-6.2653E-08	-1.7661E-07	1.1566E-06
1.6454E-08	-6.6395E-09	1.2839E-06	2.2773E-06
-6.6310E-09	-4.9930E-08	1.4551E-06	1.4211E-06
-3.3909E-08	1.9396E-08	1.3847E-06	6.8142E-07
-2.3191E-08	-1.2355E-08	-1.8664E-07	1.7513E-06
-3.8722E-09	1.4783E-09	2.6073E-06	2.3815E-06
-3.2337E-08	4.0710E-09	1.1511E-06	-4.5914E-07
-1.5810E-08	-4.3032E-08	2.7304E-07	1.8816E-06
2.1348E-08	-2.9735E-08	1.4541E-06	5.7479E-07
-6.3300E-08	-7.4464E-09	-6.6343E-07	1.2838E-06
-2.3952E-09	-2.1434E-10	1.0141E-06	2.6727E-06
2.1535E-08	-9.1906E-09	1.1756E-06	1.4683E-06
-5.9649E-08	2.2659E-08	9.7166E-07	1.6779E-06
-1.5064E-08	-1.1791E-08	5.0836E-07	1.9046E-06
5.9035E-08	3.7386E-08	2.0340E-06	2.5653E-06
7.9811E-09	9.2679E-09	1.3013E-06	4.1859E-07
1.4101E-08	1.6738E-08	9.2336E-07	2.6857E-06
-4.1658E-08	7.8205E-09	2.6288E-06	3.7759E-07
-8.4075E-09	1.0366E-08	-2.1127E-07	8.4181E-07
5.0624E-08	-3.5627E-08	1.3878E-06	1.7200E-06
8.4868E-09	-6.4400E-08	4.4913E-07	9.3527E-07
-3.0813E-08	-2.1880E-08	8.8941E-07	2.0852E-06
1.5673E-08	-6.2859E-09	1.9141E-06	8.5809E-07
1.7040E-09	9.0383E-08	-4.1810E-07	-5.8762E-07
3.6687E-08	-1.3926E-09	-1.7199E-06	2.9054E-06
-2.2182E-08	1.2641E-09	1.3062E-06	2.9992E-06
5.3500E-09	-2.1948E-08	5.7991E-07	2.0180E-06
-1.4808E-08	-2.5226E-08	8.5850E-07	2.4460E-06
-3.9650E-08	-7.1498E-10	1.2101E-06	2.6242E-06
5.8480E-09	-1.8096E-08	1.6198E-06	1.5109E-06
-3.5186E-08	1.0515E-08	4.5885E-07	2.2897E-06
1.0467E-08	1.8607E-08	2.2041E-06	2.1023E-06
6.2321E-08	2.3522E-08	1.1954E-06	9.0503E-07
1.3661E-08	-1.1177E-08	6.7660E-07	1.0071E-06
9.3011E-09	2.3911E-08	4.8082E-08	1.8606E-06
5.8575E-09	-5.5895E-08	7.0857E-07	1.3541E-06
7.3596E-09	-3.2915E-08	-1.1079E-06	2.7047E-06
1.5554E-08	3.3633E-08	2.1969E-06	3.8289E-06
4.1981E-08	-3.6108E-09	1.7608E-06	9.0949E-07
-6.2729E-09	5.1178E-08	6.0526E-07	1.4438E-06
-1.2680E-08	4.5988E-08	2.3035E-07	1.8167E-06
-4.3846E-08	-7.1611E-09	8.4591E-07	2.2136E-06
1.3992E-08	2.2699E-08	7.5097E-07	1.6955E-06
-3.6775E-09	3.7104E-08	4.5778E-07	1.1893E-06
1.6937E-08	9.1751E-09	-1.0823E-06	2.0378E-06
-3.5089E-09	3.9839E-08	1.5528E-07	3.1656E-06
-2.0188E-08	-3.9947E-09	6.0597E-08	3.1162E-06
-3.6634E-09	-1.4023E-08	1.6537E-06	2.9091E-06
-6.5148E-09	-7.5042E-09	-2.7451E-07	1.4925E-06
2.8465E-08	-2.2201E-08	3.6077E-09	4.0821E-06
2.8427E-08	2.6782E-08	1.4070E-06	2.9069E-06
9.5139E-09	-2.1430E-09	6.6518E-07	2.8982E-06
-2.5182E-08	4.9074E-08	1.5400E-06	3.4594E-06
-1.1455E-09	5.8423E-09	2.6324E-06	1.2580E-06
-1.0460E-08	1.3460E-08	-1.0121E-06	2.4385E-07
-8.5748E-09	-3.1045E-08	-1.0105E-06	3.4539E-06
-2.7429E-08	-4.0242E-08	-3.1745E-07	2.9084E-06
-4.1663E-08	2.0054E-08	-3.1937E-07	4.3152E-06
4.6198E-09	-9.8579E-09	1.1771E-06	3.8161E-06
-5.7864E-08	-1.0506E-08	9.4617E-07	3.0150E-06
1.6402E-09	-4.4516E-09	3.5387E-07	2.9203E-06
-5.7116E-08	3.2189E-08	2.9854E-07	3.0157E-06
3.0838E-08	-9.8861E-09	-1.1422E-06	3.4116E-06
1.1237E-08	1.5034E-08	3.2093E-07	6.2750E-06
-3.7275E-08	-3.5985E-08	3.2202E-06	3.9103E-06
-3.9373E-08	-2.7283E-10	8.0027E-07	1.8884E-06
1.4459E-08	2.7700E-08	-3.5159E-07	4.0506E-06
-2.3593E-08	2.4903E-08	1.9480E-06	4.1956E-06
-4.7005E-09	-3.2634E-08	8.0793E-07	1.4743E-06
-2.1531E-08	1.1949E-08	-2.1290E-06	3.3592E-06
-3.2466E-08	1.6581E-08	-4.1939E-07	5.9950E-06
-3.7121E-08	-4.5773E-08	1.2885E-06	4.4810E-06
4.6118E-08	2.5019E-08	-4.5254E-07	3.9519E-06
-1.4000E-08	-4.3485E-09	-4.5958E-07	5.3723E-06
1.0633E-08	-3.0837E-08	-2.5482E-07	5.7679E-06
-2.3121E-08	1.9756E-08	2.8956E-07	6.1773E-06
-6.0501E-09	1.6245E-08	-2.1088E-07	6.6785E-06
2.5264E-09	1.4473E-08	1.5942E-06	7.9918E-06
-2.7461E-08	1.5706E-08	1.8698E-06	6.0706E-06
-2.3478E-08	-4.8409E-09	6.2967E-07	7.5406E-06
-4.9140E-08	-1.7344E-08	2.1054E-06	8.6516E-06
-1.9978E-08	-6.7616E-08	3.4019E-06	8.9336E-06
-5.3964E-08	-9.4708E-09	4.9053E-06	8.3727E-06
-1.8103E-08	4.1505E-08	5.5293E-06	7.4041E-06
8.2653E-09	1.2592E-08	5.7770E-06	6.8584E-06
4.6535E-08	-2.3135E-08	6.3838E-06	5.9994E-06
-2.3111E-08	1.2706E-08	5.6314E-06	5.1851E-06
2.1707E-08	-2.0979E-08	5.8250E-06	5.2764E-06
-2.7645E-08	2.8176E-08	4.5486E-06	4.9916E-06
5.8295E-09	-3.7697E-08	5.8620E-06	7.9586E-06
-2.1006E-08	2.5499E-08	9.6731E-06	5.5191E-06
-1.9546E-08	7.3945E-09	8.1325E-06	2.4574E-06
-3.2081E-08	-9.4332E-09	6.9017E-06	2.6144E-06
-4.5614E-09	1.0848E-08	6.9728E-06	2.1342E-06
4.5585E-09	-8.4234E-09	5.9008E-06	1.8060E-06
-2.4614E-08	6.4704E-09	6.5698E-06	2.0219E-06
-2.7187E-08	-5.1702E-09	5.1397E-06	5.9409E-08
-2.4202E-09	9.4953E-09	3.6824E-06	2.4969E-06
-5.5928E-09	-2.5933E-08	5.5357E-06	1.8384E-06
-8.6490E-09	-2.3497E-08	3.2174E-06	1.6107E-06
-1.6118E-08	1.1919E-08	4.3366E-06	4.2660E-06
1.3192E-08	-1.4273E-08	6.8323E-06	2.6432E-06
-3.5874E-08	-1.8734E-08	5.1632E-06	3.5952E-07
-1.9841E-08	1.8095E-08	3.5794E-06	1.9836E-06
-1.8952E-08	-1.7100E-08	5.0759E-06	2.4517E-06
8.9895E-09	3.4750E-08	4.7005E-06	1.0580E-06
-2.3178E-08	-2.3213E-08	3.2162E-06	1.8996E-06
-1.4740E-08	-2.7024E-08	4.4570E-06	3.4061E-06
-4.3527E-08	-1.4320E-08	5.4094E-06	2.2325E-06
-1.2271E-08	1.0413E-08	5.3230E-06	2.4463E-06
-2.3625E-08	-2.3279E-08	6.7002E-06	1.1790E-06
-1.5523E-08	-1.5692E-08	5.1888E-06	-4.9717E-07
1.5436E-09	1.5662E-08	4.6780E-06	2.3013E-07
-1.1598E-08	-4.5174E-09	4.9696E-06	-1.4667E-06
-1.9897E-08	5.0568E-11	1.9008E-06	-2.0601E-06
4.7633E-09	6.5383E-09	1.4021E-06	-2.8638E-07
-5.4592E-08	5.3834E-09	4.0289E-08	-9.2092E-07
-1.5072E-08	-6.4923E-09	-1.8533E-06	2.1714E-06
-6.7653E-08	-2.2214E-08	-9.7479E-08	4.4411E-06
2.2617E-09	-5.0347E-09	1.8717E-06	4.7968E-06
1.2428E-08	3.9261E-08	2.1338E-06	3.0890E-06
3.5579E-08	2.9526E-08	4.9725E-07	4.5497E-06
4.4800E-08	6.1135E-09	2.5063E-06	6.0185E-06
2.7266E-08	1.6364E-08	3.4932E-06	5.1527E-06
-1.3043E-09	-1.7185E-08	3.4096E-06	4.9872E-06
-1.3271E-08	3.6153E-08	4.0506E-06	5.4476E-06
2.1150E-08	-1.9152E-08	4.6516E-06	4.6819E-06
2.1143E-08	1.1092E-08	4.4189E-06	4.6491E-06
4.6250E-08	3.4731E-08	4.3963E-06	4.8734E-06
1.9715E-08	-1.2494E-08	5.7305E-06	5.3949E-06
-2.7551E-08	2.4812E-08	5.3667E-06	3.4711E-06
-1.1544E-08	-1.8108E-09	5.2593E-06	5.9337E-06
-3.8092E-08	6.5030E-09	7.7551E-06	3.0850E-06
-9.2038E-09	2.2950E-09	4.2283E-06	3.9250E-06
-2.3114E-09	2.7721E-08	8.0714E-06	5.1193E-06
8.9860E-09	5.1698E-09	7.1082E-06	2.2797E-06
-1.2746E-08	1.2104E-08	7.4067E-06	2.8312E-06
-1.6684E-08	5.7086E-08	6.6687E-06	1.6476E-06
-4.6562E-08	3.5994E-09	7.1395E-06	2.0643E-06
3.4094E-08	2.4247E-08	6.4495E-06	8.0449E-07
1.3156E-08	-2.1964E-08	6.4608E-06	1.1680E-06
-7.9437E-09	-2.5872E-08	5.6417E-06	9.0106E-08
-2.7926E-08	-3.7991E-08	4.9299E-06	6.5665E-07
-2.2461E-08	-3.6604E-08	4.0995E-06	1.0524E-06
6.2868E-09	-2.1173E-08	4.9864E-06	1.9065E-06
-2.3299E-08	-2.5394E-09	4.2561E-06	1.1420E-06
2.9203E-08	1.0553E-08	4.7137E-06	2.4331E-06
1.4366E-08	1.3712E-08	4.5947E-06	1.4795E-06
-1.8878E-09	1.4499E-08	4.8608E-06	2.5178E-06
1.2491E-08	1.7969E-08	4.6711E-06	9.7653E-07
1.5330E-08	-5.5995E-09	3.3366E-06	2.4926E-06
3.6390E-09	2.3070E-08	3.9040E-06	2.9045E-06
2.9919E-08	3.5544E-09	3.8452E-06	4.3627E-06
3.9806E-09	-2.3911E-08	5.5733E-06	4.5612E-06
-1.3337E-08	-2.9018E-09	5.5307E-06	4.5545E-06
5.8770E-09	-3.5609E-09	6.9875E-06	5.9730E-06
-3.2601E-08	1.5005E-08	9.9959E-06	4.7219E-06
4.2165E-09	-2.2954E-08	1.0121E-05	2.5283E-06
1.1012E-08	-8.5351E-09	1.1152E-05	8.1131E-07
7.8077E-09	-3.1133E-09	8.4537E-06	-1.8943E-06
1.0929E-08	4.6807E-09	7.9799E-06	3.1071E-07
3.2585E-08	-2.2152E-08	8.4410E-06	-2.0108E-06
1.6383E-08	-3.3579E-09	6.9657E-06	-1.4137E-06
-3.9653E-09	1.7001E-08	6.6353E-06	-3.0214E-06
-2.1625E-08	3.2709E-08	4.2797E-06	-1.3186E-06
-8.8779E-09	-4.7085E-08	5.5766E-06	-1.0991E-06
-1.2620E-08	8.4294E-09	4.3672E-06	-8.2191E-07
1.7134E-08	2.6905E-08	5.0741E-06	-2.7231E-07
-5.5543E-09	3.9010E-09	5.3445E-06	-2.8831E-07
1.5007E-08	6.8873E-08	4.9013E-06	-1.8727E-06
1.3839E-08	-6.6737E-09	2.6144E-06	3.4076E-07
4.5327E-09	2.4661E-08	5.3025E-06	1.4236E-06
1.8855E-08	2.3803E-08	5.3874E-06	7.4195E-07
3.7141E-08	-9.3005E-09	6.7651E-06	-2.1843E-07
-2.1225E-08	-1.3410E-08	4.8699E-06	-1.4221E-06
1.0792E-08	-2.3955E-08	4.8798E-06	-6.0775E-07
-5.7513E-09	2.4528E-08	3.8430E-06	-6.5804E-07
-3.6541E-08	-8.1099E-10	4.5352E-06	6.9839E-07
3.9394E-09	1.1781E-08	5.0666E-06	1.2963E-07
-5.6451E-08	1.3771E-08	5.0247E-06	-2.2800E-07
1.9484E-08	2.7963E-08	4.4437E-06	6.1094E-07
-1.4037E-08	-8.8715E-09	6.9708E-06	2.4446E-07
-1.9293E-08	-2.3673E-09	4.8974E-06	-2.5812E-06
-1.6338E-08	-1.1459E-08	3.5746E-06	-8.8907E-08
-7.2912E-09	1.0158E-08	4.9788E-06	1.2736E-07
2.2677E-08	1.1273E-08	5.7274E-06	-7.8897E-07
-1.7235E-08	2.0152E-08	3.6720E-06	-2.0640E-06
-5.5160E-09	-1.5321E-08	3.6006E-06	9.6914E-07
1.9710E-08	-1.7731E-08	5.4312E-06	-8.8415E-07
-3.2408E-08	1.0950E-08	2.9793E-06	1.3803E-07
1.2949E-08	-1.7784E-09	6.2817E-06	1.9884E-06
-2.1368E-09	-1.8956E-08	8.1063E-06	-1.7343E-06
3.4020E-09	1.2050E-08	5.4209E-06	-4.3709E-06
3.3922E-08	6.0504E-09	2.7848E-06	-3.2430E-06
-3.7350E-09	1.5351E-08	2.5868E-06	-1.9169E-06
-1.9224E-08	-1.9453E-08	3.2282E-06	-1.3829E-06
-1.6265E-08	8.4927E-09	2.7048E-06	-3.3126E-06
1.0096E-08	-8.6034E-11	-7.1033E-07	-1.2715E-06
-4.3779E-09	-1.5866E-08	1.4381E-06	1.4235E-06
-9.0893E-09	3.7828E-08	2.1049E-06	1.0834E-06
1.7738E-08	2.2490E-08	3.4068E-06	7.4225E-07
-5.1496E-08	1.0580E-08	1.3966E-06	2.2884E-07
-1.7219E-08	1.8517E-08	3.2252E-06	2.8651E-06
-3.7561E-09	-1.0932E-08	4.0581E-06	3.3577E-07
-4.1112E-08	2.7619E-08	3.5742E-06	1.0035E-06
-2.2034E-08	3.4400E-08	2.9998E-06	-7.7162E-07
-2.3440E-08	-1.9410E-08	1.0996E-06	1.8385E-06
1.1502E-08	7.7633E-09	3.3740E-06	2.7534E-06
2.8794E-08	6.6426E-09	4.1420E-06	2.4467E-06
-1.8715E-08	-1.9852E-08	4.4248E-06	1.6558E-06
-7.4354E-09	3.2002E-08	4.9981E-06	2.1098E-06
4.0462E-08	5.9910E-08	4.8726E-06	1.4025E-07
1.4993E-08	1.5735E-08	4.1793E-06	2.0898E-06
2.7272E-08	-4.3319E-09	6.1451E-06	-2.8334E-07
1.0656E-08	-4.2903E-08	2.9082E-06	-5.9859E-08
-4.5310E-08	4.2042E-09	3.9673E-06	6.8848E-07
4.3526E-08	-1.2208E-08	2.3435E-06	1.6251E-06
5.5116E-08	1.9977E-08	4.5046E-06	2.8244E-06
-2.4100E-08	-5.7893E-09	4.1895E-06	3.0529E-06
-6.8467E-09	3.7106E-08	7.3676E-06	3.6407E-06
4.2174E-09	-1.0837E-08	8.0217E-06	1.4660E-06
2.0538E-08	-6.1189E-09	9.8174E-06	-8.2038E-07
1.9375E-09	2.1277E-08	5.8158E-06	-4.6774E-06
-2.1742E-08	-8.6461E-09	3.5065E-06	-1.5402E-06
-1.3301E-08	7.0587E-09	3.8767E-06	-1.5189E-06
3.1462E-09	-2.9714E-09	3.2284E-06	-3.5276E-07
-2.1538E-08	-1.0505E-08	3.7083E-06	1.7946E-07
6.1708E-09	2.3382E-08	4.7316E-06	6.9991E-07
-2.3349E-08	7.5066E-09	5.1396E-06	-1.2221E-06
-5.9168E-08	-1.3055E-08	2.5642E-06	-8.9908E-07
-2.3879E-08	1.4796E-08	3.5687E-06	1.9139E-06
3.3449E-08	4.2437E-09	5.8265E-06	3.5903E-07
3.4884E-08	-8.2159E-09	4.2861E-06	-3.4121E-07
1.4715E-08	2.1172E-08	4.9179E-06	2.8737E-07
-2.0893E-08	4.9080E-09	4.7971E-06	9.0452E-08
-9.6056E-09	6.4259E-09	6.1029E-06	-4.2368E-07
1.7991E-08	-2.0006E-08	4.5176E-06	-2.0299E-06
4.9822E-08	1.6662E-08	4.2011E-06	-9.5814E-07
9.2088E-09	4.2515E-09	3.4175E-06	-1.4582E-06
-4.2022E-08	1.9960E-08	3.7236E-06	1.2652E-07
-1.2676E-08	-7.1049E-09	4.1208E-06	-1.1460E-06
-2.9196E-08	1.8943E-08	3.2677E-06	-3.2082E-08
-3.0726E-09	1.1253E-08	4.8379E-06	-3.8450E-07
2.4350E-08	1.2251E-08	3.8038E-06	-1.9172E-06
-1.5554E-08	3.7515E-08	2.2588E-06	-7.0021E-07
-3.0048E-08	5.3048E-08	3.8734E-06	1.3119E-07
-6.7969E-09	-2.0795E-08	2.9968E-06	-1.9921E-06
-6.7006E-09	3.2306E-08	8.7281E-07	1.3012E-07
-1.9116E-08	-1.4917E-09	2.5423E-06	1.6450E-06
3.5323E-09	-6.2855E-09	3.1821E-06	1.4045E-06
-4.6861E-09	7.4329E-10	3.9929E-06	1.5414E-06
-6.9149E-09	3.1621E-08	4.3099E-06	3.3555E-07
5.4302E-09	1.8851E-08	3.1994E-06	7.7509E-07
2.6425E-08	8.3005E-09	4.7164E-06	1.0321E-06
2.2874E-09	1.0553E-08	3.6517E-06	-7.1115E-07
-3.9762E-08	-2.5688E-08	2.6972E-06	7.4918E-07
2.4868E-08	3.5356E-08	2.9777E-06	9.7073E-07
4.3965E-08	2.1231E-08	3.1644E-06	2.0105E-06
1.5455E-08	-2.1472E-08	4.0498E-06	1.8086E-06
-8.5459E-10	5.4813E-09	4.4887E-06	2.0055E-06
-1.4768E-08	2.8979E-09	4.9743E-06	6.4303E-07
-3.8293E-08	2.3818E-08	3.2852E-06	1.0054E-06
-1.3686E-08	-3.2253E-08	4.5356E-06	2.0133E-06
-3.3406E-09	1.1281E-08	4.0741E-06	4.1744E-07
-1.9471E-08	3.2800E-08	2.2668E-06	2.3723E-06
-1.1642E-09	-1.5249E-08	4.7033E-06	4.4147E-06
-9.6460E-09	1.8745E-08	6.5951E-06	2.7340E-06
5.2871E-09	3.4438E-08	5.7035E-06	1.4206E-06
1.5692E-08	-4.8166E-09	4.9447E-06	2.5720E-06
-1.0272E-08	3.4588E-08	6.6070E-06	2.9691E-06
2.9006E-08	-1.4238E-08	6.8014E-06	1.9342E-06
2.7046E-09	1.2138E-09	6.9846E-06	1.3624E-06
2.8469E-08	9.3573E-09	5.2208E-06	9.5603E-07
7.9790E-11	-1.2858E-08	5.0658E-06	3.5497E-06
-1.2713E-08	-9.8938E-09	6.4513E-06	5.0168E-06
4.8855E-09	3.9795E-08	1.0181E-05	6.4694E-06
2.8938E-08	9.6375E-09	1.3319E-05	3.1136E-06
-2.0450E-08	-7.1809E-09	1.4135E-05	1.3643E-06
-1.5450E-08	6.0548E-09	1.5320E-05	-3.3964E-06
-1.7061E-08	-3.4039E-09	1.1000E-05	-5.8807E-06
-5.4920E-08	-3.2929E-08	9.8392E-06	-5.1315E-06
-1.2178E-08	2.8470E-08	8.2300E-06	-5.9014E-06
5.9576E-09	4.1280E-08	7.0175E-06	-4.4708E-06
1.6782E-08	-1.2492E-09	8.0014E-06	-4.0694E-06
3.7565E-09	2.8526E-08	7.8688E-06	-5.6357E-06
1.4620E-08	2.9266E-09	6.0389E-06	-5.7256E-06
5.4264E-08	2.2370E-09	5.7648E-06	-4.9377E-06
8.6439E-10	2.6874E-08	5.2939E-06	-4.9017E-06
6.9857E-08	6.1654E-08	5.3358E-06	-4.0504E-06
4.8803E-09	-1.8609E-08	6.1615E-06	-4.7584E-06
-1.5759E-09	-3.4759E-09	4.8888E-06	-5.8461E-06
1.6992E-08	-5.8603E-09	3.5171E-06	-4.9897E-06
-2.5006E-08	-1.0030E-08	3.3597E-06	-3.5807E-06
5.7705E-09	-5.4303E-09	4.9482E-06	-2.9579E-06
-5.1155E-08	1.1716E-08	5.2182E-06	-4.8813E-06
-8.4261E-09	4.2810E-08	3.5418E-06	-4.9318E-06
-2.8073E-09	-3.2481E-09	2.7547E-06	-4.1807E-06
1.7334E-08	1.1328E-08	2.9901E-06	-2.0764E-06
-3.2554E-08	3.1312E-08	5.9111E-06	-2.8334E-06
2.8624E-08	3.4769E-08	4.5424E-06	-5.4513E-06
1.8817E-08	1.6004E-08	3.0286E-06	-4.4925E-06
-1.3012E-08	-6.3156E-09	2.9269E-06	-4.0514E-06
9.2564E-09	-6.1769E-09	2.9585E-06	-3.4284E-06
2.4781E-08	-9.6103E-09	3.1937E-06	-3.7362E-06
-9.2705E-09	1.7341E-08	2.3513E-06	-3.2354E-06
1.4691E-08	2.2401E-08	3.4477E-06	-2.0170E-06
7.0315E-09	2.2455E-08	4.6666E-06	-3.3882E-06
-1.0212E-08	5.9519E-09	3.6323E-06	-4.1483E-06
-5.6752E-09	-1.3839E-08	3.5307E-06	-4.2304E-06
3.6571E-09	3.3476E-09	2.1255E-06	-4.1669E-06
-9.5663E-09	3.3449E-08	3.3922E-06	-2.2236E-06
5.7044E-08	3.3321E-08	4.8016E-06	-5.1613E-06
-1.6825E-08	-7.6532E-09	1.4096E-06	-5.7526E-06
-2.3646E-08	-2.1612E-08	1.0109E-06	-3.4966E-06
1.3095E-08	-2.2447E-08	2.2470E-06	-2.6702E-06
-1.7769E-08	-2.3283E-08	3.4068E-06	-4.4721E-06
-3.9706E-08	2.7317E-09	3.0369E-07	-5.5557E-06
-7.6915E-09	3.8051E-08	-7.7736E-07	-2.0835E-06
-4.3617E-08	3.6062E-08	2.3078E-06	-6.5175E-07
-5.0128E-09	-2.7652E-09	3.6094E-06	-3.9436E-06
4.9670E-08	-4.5131E-08	-1.8852E-07	-3.6146E-06
-2.2244E-08	4.4061E-08	2.7149E-06	-1.0361E-06
-1.7642E-08	-3.1738E-09	1.4223E-06	-4.7933E-06
-1.1262E-08	-2.6607E-08	1.5681E-06	-5.7293E-07
3.4452E-08	3.4325E-08	1.1950E-06	-4.7921E-06
1.3363E-08	1.7980E-08	2.0715E-06	-2.2382E-07
1.0340E-09	3.8606E-09	3.3803E-06	-4.0951E-06
1.0437E-09	3.8439E-09	1.2457E-06	-4.2215E-06
1.0533E-09	3.8271E-09	1.7208E-07	-3.9548E-06
1.0628E-09	3.8104E-09	-1.1443E-07	-2.4694E-06
1.0723E-09	3.7937E-09	1.7414E-07	-2.5828E-06
1.0817E-09	3.7769E-09	2.1070E-07	-1.6340E-06
1.0910E-09	3.7602E-09	5.0638E-07	-2.7980E-06
1.1003E-09	3.7434E-09	-1.3680E-06	-1.2762E-06
1.1094E-09	3.7267E-09	6.9615E-07	-2.0976E-07
1.1185E-09	3.7099E-09	2.6239E-07	-8.2420E-07
1.1275E-09	3.6931E-09	1.5036E-06	3.3898E-07
1.1364E-09	3.6764E-09	2.4037E-06	-1.8598E-06
1.1453E-09	3.6596E-09	1.0957E-08	-2.2336E-06
1.1541E-09	3.6428E-09	6.5844E-09	-3.0892E-07
1.1627E-09	3.6261E-09	3.6113E-07	-4.0422E-07
1.1713E-09	3.6093E-09	7.5881E-07	1.3461E-06
1.1799E-09	3.5925E-09	3.3652E-06	-1.3415E-07
1.1883E-09	3.5757E-09	1.1046E-06	-1.6199E-06
1.1967E-09	3.5590E-09	1.3279E-06	2.6679E-07
1.2050E-09	3.5422E-09	2.0263E-06	-8.1447E-07
1.2132E-09	3.5254E-09	6.7450E-07	-5.1006E-07
1.2213E-09	3.5087E-09	1.3809E-06	1.2386E-06
1.2293E-09	3.4919E-09	3.2351E-06	5.8802E-07
1.2373E-09	3.4751E-09	3.0990E-06	-5.2204E-07
1.2452E-09	3.4584E-09	2.8473E-06	-1.2541E-06
1.2530E-09	3.4416E-09	1.5630E-06	-1.0108E-06
1.2607E-09	3.4249E-09	2.1517E-06	6.5062E-08
1.2683E-09	3.4081E-09	2.8517E-06	-1.5153E-07
1.2758E-09	3.3914E-09	3.4574E-06	-9.4199E-07
1.2833E-09	3.3747E-09	2.7063E-06	-1.7999E-06
1.2907E-09	3.3579E-09	1.9198E-06	-2.0163E-06
1.2980E-09	3.3412E-09	6.4762E-07	-4.8650E-07
1.3052E-09	3.3245E-09	3.4969E-06	3.0902E-07
1.3123E-09	3.3078E-09	2.5102E-06	-2.8022E-06
1.3194E-09	3.2911E-09	6.7930E-07	-7.8460E-07
1.3264E-09	3.2744E-09	2.0787E-06	-2.9365E-07
1.3332E-09	3.2577E-09	2.2948E-06	-9.0954E-07
1.3400E-09	3.2411E-09	1.2269E-06	-1.1451E-06
1.3468E-09	3.2244E-09	1.6632E-06	8.8532E-07
1.3534E-09	3.2078E-09	3.7933E-06	-3.0305E-07
1.3599E-09	3.1911E-09	2.9276E-06	-1.7635E-06
1.3664E-09	3.1745E-09	2.0117E-06	-2.1325E-06
1.3728E-09	3.1579E-09	5.8700E-07	-1.6039E-06
1.3791E-09	3.1413E-09	5.2922E-07	1.8062E-07
1.3853E-09	3.1247E-09	2.0253E-06	4.7094E-07
1.3914E-09	3.1082E-09	1.5128E-06	9.3198E-08
1.3975E-09	3.0916E-09	2.9854E-06	1.6573E-06
1.4035E-09	3.0751E-09	4.3842E-06	-1.1777E-06
1.4093E-09	3.0586E-09	1.9951E-06	-1.3050E-06
1.4152E-09	3.0421E-09	2.5654E-06	-8.0234E-07
1.4209E-09	3.0256E-09	1.4883E-06	-6.2957E-07
1.4265E-09	3.0091E-09	2.8100E-06	6.4425E-07
1.4321E-09	2.9927E-09	3.3198E-06	-8.7940E-07
1.4375E-09	2.9762E-09	2.6298E-06	-5.3808E-07
1.4429E-09	2.9598E-09	3.3977E-06	-9.0113E-07
1.4482E-09	2.9434E-09	2.4455E-06	-1.3544E-06
1.4535E-09	2.9271E-09	3.0152E-06	-5.1850E-07
1.4586E-09	2.9107E-09	3.2606E-06	-1.9513E-06
1.4636E-09	2.8944E-09	2.1437E-06	-1.8958E-06
1.4686E-09	2.8781E-09	1.5432E-06	-2.0219E-06
1.4735E-09	2.8618E-09	6.1137E-07	-2.0885E-07
1.4783E-09	2.8455E-09	2.9915E-06	4.3341E-07
1.4831E-09	2.8293E-09	3.0653E-06	-1.3379E-06
1.4877E-09	2.8131E-09	2.3112E-06	-1.5233E-06
1.4923E-09	2.7969E-09	1.4280E-06	-1.1637E-06
1.4968E-09	2.7807E-09	2.2524E-06	3.8413E-07
1.5012E-09	2.7646E-09	4.1519E-06	-1.3512E-06
1.5055E-09	2.7484E-09	1.5813E-06	-3.1889E-06
1.5097E-09	2.7324E-09	4.0668E-07	-3.5322E-07
1.5139E-09	2.7163E-09	2.6865E-06	-2.3587E-07
1.5180E-09	2.7003E-09	2.1088E-06	-1.5497E-06
1.5220E-09	2.6842E-09	1.3646E-06	-1.0421E-06
1.5259E-09	2.6683E-09	1.5844E-06	-1.9558E-07
1.5298E-09	2.6523E-09	2.7098E-06	-6.1678E-07
1.5335E-09	2.6364E-09	1.6889E-06	-1.7263E-06
1.5372E-09	2.6205E-09	8.3409E-07	-3.0153E-07
1.5408E-09	2.6046E-09	2.2247E-06	2.1488E-07
1.5443E-09	2.5888E-09	2.2178E-06	-8.9662E-07
1.5478E-09	2.5730E-09	1.4942E-06	-1.4388E-07
1.5511E-09	2.5572E-09	2.9317E-06	3.3033E-08
1.5544E-09	2.5415E-09	2.4517E-06	-1.6418E-06
1.5576E-09	2.5258E-09	1.2724E-06	-7.2983E-07
1.5608E-09	2.5101E-09	1.9124E-06	-8.1807E-07
1.5638E-09	2.4944E-09	3.5996E-07	-3.9533E-07
1.5668E-09	2.4788E-09	1.7740E-06	1.7909E-06
1.5697E-09	2.4633E-09	3.5383E-06	7.4443E-07
1.5725E-09	2.4477E-09	4.2168E-06	-7.3629E-07
1.5753E-09	2.4322E-09	1.9684E-06	-2.5987E-06
1.5780E-09	2.4167E-09	1.0449E-06	2.6840E-07
1.5806E-09	2.4013E-09	2.5305E-06	-6.9240E-07
1.5831E-09	2.3859E-09	1.4255E-06	5.4129E-07
1.5855E-09	2.3706E-09	3.7978E-06	-4.6054E-07
1.5879E-09	2.3552E-09	8.5029E-07	-1.1634E-06
1.5902E-09	2.3399E-09	2.3534E-06	1.5973E-06
1.5924E-09	2.3247E-09	3.6861E-06	-2.3122E-08
1.5946E-09	2.3095E-09	3.6700E-06	-6.3980E-07
1.5967E-09	2.2943E-09	2.7504E-06	-1.6882E-06
1.5987E-09	2.2792E-09	2.1865E-06	-4.9858E-07
1.6006E-09	2.2641E-09	3.0413E-06	-1.1462E-06
1.6025E-09	2.2490E-09	1.4554E-06	-1.2449E-06
1.6043E-09	2.2340E-09	2.3163E-06	6.1201E-07
1.6060E-09	2.2190E-09	3.7109E-06	-1.0157E-06
1.6076E-09	2.2041E-09	2.2068E-06	-1.6150E-06
1.6092E-09	2.1892E-09	1.9399E-06	-1.1023E-06
1.6107E-09	2.1744E-09	1.7017E-06	-6.0867E-07
1.6121E-09	2.1596E-09	2.0648E-06	-4.9479E-07
1.6135E-09	2.1448E-09	1.9663E-06	-2.2890E-08
1.6148E-09	2.1301E-09	2.9438E-06	-2.6894E-07
1.6160E-09	2.1154E-09	2.5269E-06	-8.2030E-07
1.6172E-09	2.1008E-09	2.1981E-06	-8.5468E-07
1.6182E-09	2.0862E-09	2.4033E-06	3.1726E-07
1.6193E-09	2.0716E-09	4.0828E-06	-1.7910E-06
1.6202E-09	2.0571E-09	1.9993E-07	-2.0512E-06
1.6211E-09	2.0427E-09	2.0229E-06	1.0044E-06
1.6219E-09	2.0283E-09	2.3724E-06	-9.3845E-07
1.6227E-09	2.0139E-09	2.2495E-06	1.8101E-07
1.6233E-09	1.9996E-09	2.6353E-06	-9.0553E-07
1.6240E-09	1.9853E-09	1.9292E-06	-5.7734E-07
1.6245E-09	1.9711E-09	1.4484E-06	-5.2085E-08
1.6250E-09	1.9569E-09	3.0823E-06	1.3231E-06
1.6254E-09	1.9427E-09	3.8626E-06	-1.1469E-06
1.6258E-09	1.9287E-09	2.2586E-06	-7.9934E-07
1.6261E-09	1.9146E-09	2.6029E-06	-5.9947E-07
1.6263E-09	1.9006E-09	2.5760E-06	-1.9002E-07
1.6265E-09	1.8867E-09	3.0436E-06	-6.2053E-07
1.6266E-09	1.8728E-09	2.9572E-06	-5.1820E-07
1.6266E-09	1.8589E-09	3.0381E-06	-1.3210E-06
1.6266E-09	1.8451E-09	2.2112E-06	-7.6239E-07
1.6265E-09	1.8314E-09	2.7674E-06	-6.5479E-07
1.6264E-09	1.8177E-09	3.0540E-06	-2.2503E-07
1.6262E-09	1.8040E-09	4.1995E-06	-2.0141E-06
1.6259E-09	1.7904E-09	1.3021E-06	-2.6737E-06
1.6256E-09	1.7769E-09	1.5680E-06	-5.3561E-07
1.6252E-09	1.7634E-09	1.8891E-06	-9.1689E-07
1.6248E-09	1.7499E-09	2.1621E-06	-3.0237E-07
1.6243E-09	1.7365E-09	2.1916E-06	-8.9853E-07
1.6238E-09	1.7232E-09	2.0920E-06	1.0992E-07
1.6231E-09	1.7099E-09	3.4940E-06	-3.5555E-07
1.6225E-09	1.6967E-09	3.2106E-06	-1.5732E-06
1.6218E-09	1.6835E-09	2.1459E-06	-1.9328E-06
1.6210E-09	1.6703E-09	1.5757E-06	-9.1414E-07
1.6201E-09	1.6573E-09	2.3278E-06	-7.6977E-07
1.6193E-09	1.6442E-09	1.9955E-06	-1.1504E-06
1.6183E-09	1.6312E-09	1.6086E-06	-5.7460E-07
1.6173E-09	1.6183E-09	2.5327E-06	1.0669E-07
1.6163E-09	1.6054E-09	3.0973E-06	-1.2417E-06
1.6152E-09	1.5926E-09	1.9936E-06	-1.1593E-06
1.6140E-09	1.5798E-09	2.3848E-06	-1.2044E-06
1.6128E-09	1.5671E-09	1.2969E-06	-1.0158E-06
1.6115E-09	1.5545E-09	2.2555E-06	7.1572E-08
1.6102E-09	1.5419E-09	2.7837E-06	-9.9773E-07
1.6089E-09	1.5293E-09	1.9883E-06	-1.3971E-06
1.6075E-09	1.5168E-09	1.3987E-06	-6.1274E-07
1.6060E-09	1.5044E-09	2.1420E-06	-2.3441E-07
1.6045E-09	1.4920E-09	2.1408E-06	-3.0828E-07
1.6029E-09	1.4796E-09	2.8593E-06	-6.1355E-07
1.6013E-09	1.4674E-09	1.7382E-06	-1.2543E-06
1.5997E-09	1.4551E-09	1.8161E-06	1.2405E-07
1.5979E-09	1.4430E-09	2.7014E-06	-2.4604E-07
1.5962E-09	1.4309E-09	2.4566E-06	-7.2105E-07
1.5944E-09	1.4188E-09	2.2031E-06	-7.8432E-08
1.5926E-09	1.4068E-09	3.4860E-06	-7.7890E-07
1.5907E-09	1.3948E-09	1.1140E-06	-1.3143E-06
1.5887E-09	1.3830E-09	3.0182E-06	1.7619E-06
1.5867E-09	1.3711E-09	4.6405E-06	-2.1338E-06
1.5847E-09	1.3593E-09	1.1615E-06	-1.2581E-06
1.5826E-09	1.3476E-09	3.4844E-06	1.1807E-07
1.5805E-09	1.3359E-09	3.2605E-06	-1.8907E-06
1.5784E-09	1.3243E-09	2.4303E-06	-1.5249E-06
1.5762E-09	1.3128E-09	2.1182E-06	-1.6419E-06
1.5739E-09	1.3013E-09	1.8307E-06	-6.0917E-07
1.5717E-09	1.2898E-09	3.2402E-06	-1.0096E-06
1.5693E-09	1.2784E-09	1.7572E-06	-2.0680E-06
1.5670E-09	1.2671E-09	1.8222E-06	-2.3144E-08
1.5646E-09	1.2558E-09	3.4009E-06	-1.1695E-06
1.5621E-09	1.2446E-09	2.0813E-06	-1.7356E-06
1.5596E-09	1.2335E-09	2.3017E-06	-8.8756E-07
1.5571E-09	1.2224E-09	2.9489E-06	-1.5138E-06
1.5546E-09	1.2113E-09	2.0701E-06	-2.3292E-06
1.5520E-09	1.2003E-09	1.4993E-06	-1.4206E-06
1.5493E-09	1.1894E-09	2.0472E-06	-1.7715E-06
1.5466E-09	1.1785E-09	8.8750E-07	-1.8846E-06
1.5439E-09	1.1677E-09	7.8272E-07	-7.3657E-07
1.5412E-09	1.1569E-09	1.4325E-06	-3.6078E-07
1.5384E-09	1.1462E-09	1.6017E-06	-7.8267E-07
1.5356E-09	1.1356E-09	1.0674E-06	9.0031E-08
1.5327E-09	1.1250E-09	3.1511E-06	5.1264E-07
1.5299E-09	1.1144E-09	3.0341E-06	-1.8869E-06
1.5269E-09	1.1040E-09	1.4822E-06	-1.3092E-06
1.5240E-09	1.0935E-09	2.0639E-06	-8.7948E-07
1.5210E-09	1.0832E-09	2.1236E-06	-1.4618E-06
1.5180E-09	1.0729E-09	9.6438E-07	-1.8035E-06
1.5149E-09	1.0626E-09	7.0780E-07	1.8762E-08
1.5118E-09	1.0524E-09	2.0485E-06	-5.6059E-07
1.5087E-09	1.0423E-09	8.0402E-07	-3.8643E-08
1.5056E-09	1.0322E-09	3.2237E-06	8.1061E-07
1.5024E-09	1.0222E-09	3.0850E-06	-2.2614E-06
1.4992E-09	1.0122E-09	3.5864E-07	-1.5924E-06
1.4960E-09	1.0023E-09	9.9593E-07	6.8250E-07
1.4927E-09	9.9245E-10	2.7440E-06	2.4119E-08
1.4894E-09	9.8266E-10	1.9944E-06	-7.7030E-07
1.4861E-09	9.7292E-10	1.9848E-06	-3.6619E-07
1.4828E-09	9.6324E-10	1.7290E-06	-2.4891E-08
1.4794E-09	9.5361E-10	3.1397E-06	6.0122E-07
1.4760E-09	9.4404E-10	3.9597E-06	-1.2767E-06
1.4726E-09	9.3453E-10	2.5078E-06	-2.7094E-06
1.4691E-09	9.2507E-10	3.7165E-07	-1.6299E-06
1.4656E-09	9.1567E-10	1.4311E-06	3.1029E-07
1.4621E-09	9.0633E-10	2.4398E-06	-2.7225E-07
1.4586E-09	8.9704E-10	2.9174E-06	-9.2939E-07
1.4550E-09	8.8781E-10	1.7770E-06	-1.9001E-06
1.4514E-09	8.7864E-10	1.3897E-06	-8.2466E-07
1.4478E-09	8.6952E-10	1.1993E-06	-9.6067E-07
1.4442E-09	8.6046E-10	1.5241E-06	2.6379E-07
1.4406E-09	8.5145E-10	2.1603E-06	-7.0206E-07
1.4369E-09	8.4250E-10	1.4283E-06	6.5248E-08
1.4332E-09	8.3360E-10	2.7186E-06	2.0444E-07
1.4295E-09	8.2476E-10	3.0222E-06	-5.9036E-07
1.4258E-09	8.1598E-10	2.6032E-06	-1.6381E-06
1.4220E-09	8.0725E-10	1.2553E-06	-1.0405E-06
1.4182E-09	7.9857E-10	2.0965E-06	4.5844E-09
1.4144E-09	7.8995E-10	2.8707E-06	-1.0616E-06
1.4106E-09	7.8139E-10	1.1519E-06	-1.6725E-06
1.4068E-09	7.7288E-10	1.0820E-06	9.8473E-07
1.4029E-09	7.6443E-10	4.1591E-06	2.0505E-07
1.3991E-09	7.5603E-10	2.8258E-06	-2.4081E-06
1.3952E-09	7.4769E-10	1.1646E-06	-9.6110E-07
1.3913E-09	7.3940E-10	2.5875E-06	-2.8227E-07
1.3873E-09	7.3116E-10	2.5731E-06	-1.4564E-06
1.3834E-09	7.2298E-10	2.1421E-06	-1.5728E-06
1.3794E-09	7.1485E-10	7.4084E-07	-1.8715E-06
1.3755E-09	7.0678E-10	6.8973E-07	1.2089E-06
1.3715E-09	6.9876E-10	4.3882E-06	6.1772E-08
1.3675E-09	6.9080E-10	2.3412E-06	-2.6212E-06
1.3635E-09	6.8288E-10	1.3696E-06	-9.3440E-07
1.3594E-09	6.7503E-10	1.8490E-06	-1.1031E-06
1.3554E-09	6.6722E-10	1.3778E-06	-6.1594E-07
1.3513E-09	6.5947E-10	2.0862E-06	-6.9669E-08
1.3472E-09	6.5177E-10	2.8912E-06	-5.7833E-07
1.3431E-09	6.4412E-10	2.5281E-06	-1.5171E-06
1.3390E-09	6.3653E-10	2.0037E-06	-1.2055E-06
1.3349E-09	6.2899E-10	2.0648E-06	-1.3296E-06
1.3308E-09	6.2150E-10	1.9283E-06	-9.1105E-07
1.3267E-09	6.1407E-10	2.5664E-06	-1.5869E-06
1.3225E-09	6.0668E-10	1.3320E-06	-1.8555E-06
1.3183E-09	5.9935E-10	1.4227E-06	-1.3442E-06
1.3142E-09	5.9207E-10	6.1006E-07	-9.0906E-07
1.3100E-09	5.8484E-10	2.0387E-06	9.1454E-08
1.3058E-09	5.7767E-10	1.7376E-06	-1.1295E-06
1.3016E-09	5.7054E-10	2.5864E-06	2.5972E-07
1.2974E-09	5.6347E-10	3.4419E-06	-2.7799E-06
1.2932E-09	5.5644E-10	3.2630E-07	-2.4048E-06
1.2889E-09	5.4947E-10	6.6635E-07	-1.1754E-06
1.2847E-09	5.4255E-10	4.2174E-07	3.4023E-08
1.2804E-09	5.3568E-10	2.8912E-06	-2.3746E-07
1.2762E-09	5.2886E-10	1.1192E-06	-2.1461E-06
1.2719E-09	5.2208E-10	1.0847E-06	9.2660E-08
1.2677E-09	5.1536E-10	2.2713E-06	-1.2649E-06
1.2634E-09	5.0869E-10	1.1187E-06	-1.2737E-06
1.2591E-09	5.0207E-10	1.0067E-06	-1.3874E-06
1.2548E-09	4.9550E-10	2.2752E-08	-5.7556E-08
1.2505E-09	4.8897E-10	2.3475E-06	4.9674E-07
1.2462E-09	4.8250E-10	1.5531E-06	-1.7106E-06
1.2419E-09	4.7607E-10	1.8744E-07	3.2127E-07
1.2376E-09	4.6969E-10	2.7117E-06	1.0288E-06
1.2333E-09	4.6336E-10	3.3108E-06	-1.2043E-06
1.2289E-09	4.5708E-10	1.9676E-06	-2.0929E-06
1.2246E-09	4.5085E-10	4.9121E-07	-1.7562E-06
1.2203E-09	4.4467E-10	6.0037E-07	4.1814E-07
1.2159E-09	4.3853E-10	2.9212E-06	-6.6834E-07
1.2116E-09	4.3244E-10	6.0605E-07	-2.1117E-06
1.2073E-09	4.2640E-10	3.9716E-07	3.0593E-07
1.2029E-09	4.2040E-10	1.8425E-06	6.0450E-08
1.1986E-09	4.1445E-10	1.9188E-06	-6.1390E-07
1.1942E-09	4.0855E-10	1.3767E-06	-7.8273E-07
1.1899E-09	4.0269E-10	1.5256E-06	-5.6297E-07
1.1855E-09	3.9688E-10	1.0747E-06	-4.4827E-07
1.1811E-09	3.9112E-10	2.3281E-06	-1.6905E-07
1.1768E-09	3.8540E-10	1.1556E-06	-2.2517E-06
1.1724E-09	3.7973E-10	-6.2907E-07	1.2700E-07
1.1681E-09	3.7410E-10	1.3662E-06	1.3012E-06
1.1637E-09	3.6852E-10	2.4589E-06	3.8782E-07
1.1593E-09	3.6298E-10	1.7577E-06	-4.4891E-07
1.1550E-09	3.5749E-10	2.1951E-06	6.3475E-07
1.1506E-09	3.5204E-10	2.8865E-06	-1.1702E-06
1.1463E-09	3.4663E-10	1.1725E-06	-7.2771E-07
1.1419E-09	3.4127E-10	2.1716E-06	-3.6122E-07
1.1375E-09	3.3596E-10	1.4778E-06	-9.9509E-07
1.1332E-09	3.3068E-10	1.1731E-06	-5.3261E-08
1.1288E-09	3.2545E-10	2.3048E-06	2.9187E-07
1.1245E-09	3.2027E-10	2.2190E-06	-1.0924E-06
1.1201E-09	3.1513E-10	1.4279E-06	1.9276E-07
1.1157E-09	3.1003E-10	3.5912E-06	-5.8009E-07
1.1114E-09	3.0497E-10	1.6643E-06	-2.2947E-06
1.1070E-09	2.9995E-10	1.2760E-06	-8.2268E-07
1.1027E-09	2.9498E-10	1.1146E-06	-1.3376E-06
1.0983E-09	2.9005E-10	8.9685E-07	2.5289E-07
1.0940E-09	2.8516E-10	2.7757E-06	-7.2159E-07
1.0897E-09	2.8031E-10	7.9243E-07	-1.7727E-06
1.0853E-09	2.7550E-10	8.9561E-07	8.6047E-08
1.0810E-09	2.7073E-10	1.7688E-06	-5.5566E-07
1.0767E-09	2.6601E-10	1.2861E-06	-9.8268E-07
1.0723E-09	2.6132E-10	4.2619E-08	-3.4752E-07
1.0680E-09	2.5668E-10	1.7554E-06	1.8558E-06
1.0637E-09	2.5207E-10	3.6710E-06	-8.1842E-07
1.0594E-09	2.4751E-10	1.4943E-06	-1.6336E-06
1.0551E-09	2.4298E-10	1.1580E-06	-8.4414E-07
1.0508E-09	2.3850E-10	1.4947E-06	-3.3257E-07
1.0465E-09	2.3405E-10	1.6579E-06	-1.4744E-06
1.0422E-09	2.2964E-10	-2.2694E-08	-8.1401E-07
1.0379E-09	2.2528E-10	4.8296E-07	4.2922E-07
1.0336E-09	2.2094E-10	1.5123E-06	1.2350E-06
1.0293E-09	2.1665E-10	2.8815E-06	-5.5270E-07
1.0251E-09	2.1240E-10	7.0723E-07	-6.3489E-07
1.0208E-09	2.0818E-10	2.1035E-06	2.2478E-07
1.0165E-09	2.0400E-10	1.0783E-06	-7.5720E-07
1.0123E-09	1.9986E-10	1.8853E-06	4.4422E-07
1.0080E-09	1.9576E-10	1.2173E-06	-1.2811E-06
1.0038E-09	1.9169E-10	3.1694E-07	1.3960E-06
9.9956E-10	1.8766E-10	3.4723E-06	9.1760E-07
9.9534E-10	1.8367E-10	2.3144E-06	-1.3069E-06
9.9112E-10	1.7971E-10	1.2798E-06	-1.8618E-07
9.8690E-10	1.7579E-10	2.2341E-06	3.0708E-07
9.8270E-10	1.7190E-10	3.0098E-06	-6.9201E-07
9.7850E-10	1.6805E-10	1.7743E-06	-2.0403E-06
9.7431E-10	1.6423E-10	3.0959E-07	-6.6449E-07
9.7013E-10	1.6045E-10	1.4309E-06	3.9559E-07
9.6595E-10	1.5671E-10	2.2925E-06	-3.1321E-07
9.6178E-10	1.5300E-10	1.5088E-06	-1.5565E-06
9.5762E-10	1.4932E-10	-9.5342E-08	-2.5744E-07
9.5347E-10	1.4568E-10	1.1445E-06	1.2140E-06
9.4933E-10	1.4207E-10	2.5692E-06	1.0914E-06
9.4520E-10	1.3850E-10	3.6104E-06	-9.3120E-07
9.4107E-10	1.3496E-10	9.9206E-07	-2.1475E-06
9.3695E-10	1.3145E-10	8.1895E-08	2.9109E-07
9.3285E-10	1.2798E-10	2.1986E-06	1.2980E-06
9.2875E-10	1.2453E-10	3.0908E-06	-1.3584E-06
9.2466E-10	1.2113E-10	-3.3960E-07	-8.4407E-07
9.2058E-10	1.1775E-10	2.0560E-06	2.1530E-06
9.1650E-10	1.1441E-10	3.6657E-06	-6.3855E-07
9.1244E-10	1.1109E-10	2.0180E-06	-1.5206E-06
9.0839E-10	1.0781E-10	1.0797E-06	-6.0552E-07
9.0435E-10	1.0456E-10	2.3815E-06	-4.0611E-07
9.0031E-10	1.0135E-10	8.9984E-07	-1.6874E-06
8.9629E-10	9.8161E-11	7.3399E-07	2.6998E-07
8.9227E-10	9.5006E-11	1.0099E-06	-9.3225E-09
8.8827E-10	9.1881E-11	2.1584E-06	1.2716E-06
8.8428E-10	8.8787E-11	2.6568E-06	-1.3286E-06
8.8029E-10	8.5723E-11	8.1584E-07	7.6596E-09
8.7632E-10	8.2690E-11	2.3853E-06	-1.8078E-07
8.7235E-10	7.9686E-11	1.4982E-06	-4.6570E-07
8.6840E-10	7.6711E-11	1.8179E-06	-5.0425E-07
8.6446E-10	7.3766E-11	1.1422E-06	-2.4192E-07
8.6053E-10	7.0850E-11	1.5695E-06	7.1391E-08
8.5660E-10	6.7964E-11	1.6925E-06	5.4723E-07
8.5269E-10	6.5105E-11	2.9803E-06	-9.1303E-08
8.4879E-10	6.2276E-11	1.9168E-06	-1.3982E-06
8.4490E-10	5.9475E-11	9.0375E-07	-2.3907E-07
8.4103E-10	5.6702E-11	2.3299E-06	1.4232E-07
8.3716E-10	5.3956E-11	1.2257E-06	-1.1325E-06
8.3330E-10	5.1239E-11	1.6726E-06	1.3560E-06
8.2946E-10	4.8549E-11	3.6424E-06	-1.4127E-06
8.2562E-10	4.5886E-11	4.8680E-07	-1.4233E-06
8.2180E-10	4.3251E-11	1.3172E-06	-3.7675E-08
8.1799E-10	4.0642E-11	1.3391E-06	4.9342E-08
8.1419E-10	3.8060E-11	1.8777E-06	-3.3186E-08
8.1040E-10	3.5504E-11	2.4527E-06	3.4780E-07
8.0662E-10	3.2975E-11	2.8189E-06	-2.6025E-06
8.0286E-10	3.0472E-11	-1.5144E-06	-7.4524E-07
7.9910E-10	2.7995E-11	2.0437E-06	1.9015E-06
7.9536E-10	2.5543E-11	2.4761E-06	-2.3706E-07
7.9163E-10	2.3117E-11	2.8283E-06	-1.3264E-06
7.8791E-10	2.0716E-11	-4.9410E-07	-1.6530E-06
7.8421E-10	1.8340E-11	1.1363E-06	1.6067E-06
7.8051E-10	1.5989E-11	1.9057E-06	-4.3142E-07
7.7683E-10	1.3662E-11	1.5177E-06	8.4236E-08
7.7316E-10	1.1360E-11	6.4784E-07	-2.7657E-07
7.6950E-10	9.0825E-12	1.6567E-06	2.0227E-06
7.6585E-10	6.8289E-12	3.2591E-06	-1.2375E-07
7.6221E-10	4.5992E-12	2.0768E-06	-1.5587E-07
7.5859E-10	2.3932E-12	2.5089E-06	-8.0393E-07
7.5498E-10	2.1070E-13	1.0467E-06	-7.5562E-07
7.5138E-10	-1.9485E-12	1.3558E-06	4.4154E-07
7.4779E-10	-4.0846E-12	1.9434E-06	3.7314E-07
7.4422E-10	-6.1977E-12	2.3981E-06	4.8911E-07
7.4065E-10	-8.2881E-12	2.8966E-06	-6.4364E-07
7.3710E-10	-1.0356E-11	1.5088E-06	-6.4428E-07
7.3356E-10	-1.2401E-11	2.2227E-06	-1.5069E-08
7.3004E-10	-1.4425E-11	1.8678E-06	-3.2305E-07
7.2653E-10	-1.6426E-11	2.7054E-06	-1.6313E-07
7.2302E-10	-1.8405E-11	1.8393E-06	-1.0442E-06
7.1954E-10	-2.0363E-11	2.2033E-06	-3.1929E-08
7.1606E-10	-2.2300E-11	2.3697E-06	-9.8515E-07
7.1260E-10	-2.4215E-11	2.2013E-06	-1.0072E-06
7.0914E-10	-2.6109E-11	1.3054E-06	-1.2184E-06
7.0570E-10	-2.7982E-11	2.1628E-06	-2.1491E-07
7.0228E-10	-2.9834E-11	1.9932E-06	-1.9132E-06
6.9886E-10	-3.1666E-11	1.2013E-06	-1.3996E-06
6.9546E-10	-3.3477E-11	1.6740E-08	-1.9755E-06
6.9207E-10	-3.5269E-11	-4.7518E-07	8.5588E-07
6.8870E-10	-3.7040E-11	1.6238E-06	3.5064E-07
6.8533E-10	-3.8791E-11	1.0298E-06	3.8739E-07
6.8198E-10	-4.0523E-11	1.9826E-06	5.1793E-08
6.7864E-10	-4.2235E-11	1.1262E-06	-1.0839E-07
6.7531E-10	-4.3927E-11	1.7664E-06	2.9794E-07
6.7200E-10	-4.5601E-11	1.5763E-06	-7.4330E-08
6.6870E-10	-4.7255E-11	1.9361E-06	1.3840E-07
6.6541E-10	-4.8891E-11	1.7999E-06	-4.2347E-07
6.6213E-10	-5.0508E-11	1.8529E-06	-2.6739E-07
6.5887E-10	-5.2107E-11	1.1859E-06	-1.1712E-06
6.5562E-10	-5.3687E-11	2.9182E-07	7.4474E-07
6.5238E-10	-5.5249E-11	2.4638E-06	3.6204E-07
6.4915E-10	-5.6793E-11	8.2293E-07	-3.7971E-07
6.4594E-10	-5.8319E-11	1.5817E-06	9.8472E-07
6.4274E-10	-5.9827E-11	1.8701E-06	6.9132E-07
6.3955E-10	-6.1318E-11	3.1141E-06	1.8344E-07
6.3637E-10	-6.2791E-11	1.2064E-06	-8.2438E-07
6.3321E-10	-6.4247E-11	2.3663E-06	1.1935E-06
6.3006E-10	-6.5686E-11	2.5622E-06	-8.6298E-07
6.2692E-10	-6.7108E-11	2.4031E-06	6.1320E-08
6.2379E-10	-6.8514E-11	2.0551E-06	-1.7425E-06
6.2068E-10	-6.9902E-11	8.4457E-07	1.6315E-07
6.1758E-10	-7.1275E-11	2.1781E-06	-2.7485E-07
6.1449E-10	-7.2631E-11	1.7771E-06	-8.8331E-09
6.1142E-10	-7.3970E-11	2.2760E-06	-8.6190E-07
6.0835E-10	-7.5294E-11	1.2244E-06	-4.8312E-07
6.0530E-10	-7.6602E-11	1.8079E-06	-3.4958E-07
6.0226E-10	-7.7894E-11	1.5815E-06	-5.7463E-07
5.9923E-10	-7.9171E-11	9.0341E-07	-7.2707E-07
5.9622E-10	-8.0432E-11	7.6912E-07	9.8159E-07
5.9322E-10	-8.1678E-11	2.7629E-06	7.5472E-07
5.9023E-10	-8.2908E-11	2.7380E-06	-8.4218E-07
5.8725E-10	-8.4124E-11	1.3358E-06	-1.2755E-06
5.8429E-10	-8.5325E-11	9.7558E-07	-2.5181E-07
5.8133E-10	-8.6511E-11	7.7081E-07	1.8541E-07
5.7839E-10	-8.7682E-11	2.3382E-06	1.3142E-06
5.7547E-10	-8.8839E-11	2.6611E-06	-1.2592E-06
5.7255E-10	-8.9982E-11	8.8104E-07	-1.5268E-07
5.6965E-10	-9.1110E-11	1.9056E-06	-2.2039E-08
5.6676E-10	-9.2225E-11	1.8479E-06	1.2507E-07
5.6388E-10	-9.3325E-11	2.1005E-06	-9.6183E-07
5.6101E-10	-9.4412E-11	8.3674E-07	-2.6796E-07
5.5815E-10	-9.5485E-11	1.3378E-06	-4.4192E-07
5.5531E-10	-9.6544E-11	-1.4420E-07	9.0181E-07
5.5248E-10	-9.7590E-11	2.6262E-06	2.5442E-06
5.4966E-10	-9.8623E-11	4.1834E-06	1.0005E-07
5.4685E-10	-9.9643E-11	2.7838E-06	-1.7704E-06
5.4406E-10	-1.0065E-10	7.8675E-07	-9.0869E-07
5.4128E-10	-1.0164E-10	1.4830E-06	7.6464E-07
5.3850E-10	-1.0262E-10	2.8655E-06	2.4190E-07
5.3575E-10	-1.0359E-10	2.4811E-06	-7.8433E-07
5.3300E-10	-1.0455E-10	2.3419E-06	-8.3182E-07
5.3026E-10	-1.0549E-10	1.2291E-06	-1.3953E-06
5.2754E-10	-1.0642E-10	1.3022E-06	4.7521E-07
5.2483E-10	-1.0734E-10	2.3503E-06	-9.0046E-07
5.2213E-10	-1.0825E-10	8.6018E-07	-2.3604E-07
5.1944E-10	-1.0914E-10	2.0865E-06	1.2058E-07
5.1676E-10	-1.1003E-10	1.9276E-06	-9.6355E-08
5.1409E-10	-1.1090E-10	2.7044E-06	-8.5394E-07
5.1144E-10	-1.1176E-10	7.4876E-07	-1.6468E-06
5.0880E-10	-1.1261E-10	2.6511E-07	9.4032E-07
5.0617E-10	-1.1344E-10	3.3518E-06	1.3249E-06
5.0355E-10	-1.1427E-10	3.6086E-06	-2.2588E-06
5.0094E-10	-1.1508E-10	1.4610E-07	-2.5722E-06
4.9834E-10	-1.1589E-10	-9.2546E-07	2.9129E-07
4.9576E-10	-1.1668E-10	1.6861E-06	2.1282E-06
4.9319E-10	-1.1746E-10	3.0615E-06	-2.8084E-07
4.9062E-10	-1.1823E-10	1.8711E-06	-4.8236E-07
4.8807E-10	-1.1899E-10	1.8110E-06	-9.9147E-07
4.8553E-10	-1.1974E-10	1.0057E-06	1.2035E-08
4.8300E-10	-1.2048E-10	2.2747E-06	-5.1224E-07
4.8049E-10	-1.2121E-10	7.3087E-07	-8.4008E-07
4.7798E-10	-1.2193E-10	1.0382E-06	3.4160E-07
4.7548E-10	-1.2264E-10	1.5582E-06	5.6098E-07
4.7300E-10	-1.2334E-10	2.4756E-06	8.2458E-08
4.7053E-10	-1.2403E-10	2.0053E-06	-9.6317E-07
4.6806E-10	-1.2470E-10	8.4642E-07	-8.2654E-07
4.6561E-10	-1.2537E-10	1.0911E-06	5.7439E-07
4.6317E-10	-1.2603E-10	2.0519E-06	-3.5005E-07
4.6074E-10	-1.2668E-10	1.0663E-06	-3.4785E-07
4.5832E-10	-1.2733E-10	1.0913E-06	-4.0226E-07
4.5592E-10	-1.2796E-10	4.1599E-08	7.9270E-07
4.5352E-10	-1.2858E-10	2.0174E-06	1.9630E-06
4.5113E-10	-1.2919E-10	3.0542E-06	8.1883E-07
4.4876E-10	-1.2980E-10	3.5230E-06	-3.6014E-07
4.4639E-10	-1.3039E-10	2.3989E-06	-2.0760E-06
4.4404E-10	-1.3098E-10	-3.3628E-08	-1.3368E-06
4.4169E-10	-1.3155E-10	6.8235E-07	1.1092E-06
4.3936E-10	-1.3212E-10	2.0135E-06	6.5032E-08
4.3704E-10	-1.3268E-10	1.2333E-06	1.9263E-07
4.3472E-10	-1.3324E-10	1.5258E-06	1.2500E-07
4.3242E-10	-1.3378E-10	1.2017E-06	8.8652E-07
4.3013E-10	-1.3431E-10	2.3275E-06	7.6303E-07
4.2785E-10	-1.3484E-10	2.3495E-06	5.4907E-07
4.2557E-10	-1.3536E-10	2.6221E-06	-3.7122E-07
4.2331E-10	-1.3587E-10	1.6382E-06	1.9647E-07
4.2106E-10	-1.3637E-10	2.8868E-06	-6.1526E-08
4.1882E-10	-1.3686E-10	1.8914E-06	-7.2238E-07
4.1659E-10	-1.3735E-10	1.8421E-06	-6.7740E-07
4.1437E-10	-1.3783E-10	5.8639E-07	-2.1369E-08
4.1216E-10	-1.3830E-10	2.0985E-06	1.3969E-06
4.0996E-10	-1.3876E-10	3.1151E-06	1.0271E-07
4.0777E-10	-1.3922E-10	2.5769E-06	-9.7939E-07
4.0558E-10	-1.3967E-10	1.3467E-06	-6.6499E-07
4.0341E-10	-1.4011E-10	1.7233E-06	2.8189E-07
4.0125E-10	-1.4054E-10	2.6749E-06	2.6717E-08
3.9910E-10	-1.4097E-10	2.1178E-06	-1.6384E-06
3.9696E-10	-1.4138E-10	1.5522E-07	-1.1451E-07
3.9482E-10	-1.4180E-10	2.0329E-06	9.5103E-07
3.9270E-10	-1.4220E-10	2.1698E-06	1.1825E-07
3.9059E-10	-1.4260E-10	2.3672E-06	-2.6703E-07
3.8848E-10	-1.4299E-10	1.3266E-06	5.8901E-08
3.8639E-10	-1.4337E-10	2.9164E-06	9.0860E-07
3.8430E-10	-1.4375E-10	3.1396E-06	-8.9747E-07
3.8223E-10	-1.4412E-10	2.2072E-06	-1.1149E-06
3.8016E-10	-1.4448E-10	1.6340E-06	-8.4680E-07
3.7811E-10	-1.4484E-10	1.8942E-06	-4.3022E-07
3.7606E-10	-1.4519E-10	1.8129E-06	-7.8801E-07
3.7402E-10	-1.4554E-10	1.4953E-06	-5.4991E-07
3.7199E-10	-1.4587E-10	1.6734E-06	-3.2892E-07
3.6997E-10	-1.4620E-10	1.4931E-06	-6.6524E-07
3.6796E-10	-1.4653E-10	9.8425E-07	2.9735E-07
3.6596E-10	-1.4685E-10	2.4801E-06	7.6315E-07
3.6397E-10	-1.4716E-10	3.0529E-06	-5.2349E-07
3.6198E-10	-1.4747E-10	2.4300E-06	-1.4413E-06
3.6001E-10	-1.4777E-10	1.5091E-06	-1.6123E-06
3.5804E-10	-1.4806E-10	4.7485E-07	-1.0412E-06
3.5608E-10	-1.4835E-10	1.1816E-06	2.5392E-07
3.5413E-10	-1.4863E-10	1.2241E-06	-1.0676E-06
3.5219E-10	-1.4891E-10	2.0007E-08	9.1645E-07
3.5026E-10	-1.4918E-10	2.6529E-06	1.0456E-06
3.4834E-10	-1.4945E-10	2.2583E-06	-2.8431E-07
3.4643E-10	-1.4971E-10	2.2541E-06	-6.7876E-07
3.4452E-10	-1.4996E-10	1.0471E-06	-6.0245E-07
3.4263E-10	-1.5021E-10	1.6015E-06	4.8223E-07
3.4074E-10	-1.5045E-10	2.6283E-06	1.8457E-07
3.3886E-10	-1.5069E-10	2.6685E-06	-1.5917E-06
3.3699E-10	-1.5092E-10	5.5843E-07	-1.4594E-06
3.3513E-10	-1.5115E-10	3.2831E-07	-3.1615E-07
3.3327E-10	-1.5137E-10	6.2247E-07	1.2878E-06
3.3143E-10	-1.5159E-10	2.8016E-06	4.3498E-07
3.2959E-10	-1.5180E-10	1.3385E-06	-1.5467E-07
3.2776E-10	-1.5201E-10	2.7417E-06	2.3985E-07
3.2594E-10	-1.5221E-10	1.4656E-06	-1.1056E-06
3.2413E-10	-1.5241E-10	1.7218E-06	1.9425E-07
3.2232E-10	-1.5260E-10	1.5848E-06	-9.2264E-07
3.2052E-10	-1.5278E-10	8.3359E-07	3.1689E-08
3.1874E-10	-1.5296E-10	1.2979E-06	4.6486E-07
3.1695E-10	-1.5314E-10	1.8761E-06	6.6916E-07
3.1518E-10	-1.5331E-10	2.1994E-06	1.2367E-07
3.1342E-10	-1.5348E-10	1.8617E-06	-2.9864E-08
3.1166E-10	-1.5364E-10	1.9812E-06	3.4743E-07
3.0991E-10	-1.5380E-10	2.2250E-06	3.7333E-08
3.0817E-10	-1.5395E-10	2.4128E-06	5.3146E-07
3.0644E-10	-1.5410E-10	3.3941E-06	-6.8342E-07
3.0471E-10	-1.5425E-10	2.1172E-06	-1.0994E-06
3.0299E-10	-1.5439E-10	2.3730E-06	-1.3270E-06
3.0128E-10	-1.5452E-10	9.0762E-07	-1.1791E-06
2.9958E-10	-1.5465E-10	1.7556E-06	-4.7876E-07
2.9788E-10	-1.5478E-10	8.4299E-07	-8.9862E-07
2.9620E-10	-1.5490E-10	1.4941E-06	2.2085E-07
2.9452E-10	-1.5502E-10	1.4336E-06	-5.8662E-07
2.9284E-10	-1.5513E-10	1.4414E-06	3.5853E-07
2.9118E-10	-1.5524E-10	2.5057E-06	-2.6249E-07
2.8952E-10	-1.5535E-10	1.8217E-06	-1.3868E-06
2.8787E-10	-1.5545E-10	7.7603E-07	-8.2905E-07
2.8623E-10	-1.5554E-10	8.0049E-07	-4.7545E-07
2.8459E-10	-1.5564E-10	5.4995E-07	5.1146E-07
2.8296E-10	-1.5572E-10	1.9115E-06	3.9635E-07
2.8134E-10	-1.5581E-10	1.1875E-06	-2.0437E-08
2.7973E-10	-1.5589E-10	1.7107E-06	4.5693E-07
2.7812E-10	-1.5597E-10	1.6462E-06	3.0895E-07
2.7652E-10	-1.5604E-10	2.1755E-06	2.7929E-07
2.7493E-10	-1.5611E-10	2.1827E-06	1.9568E-07
2.7334E-10	-1.5617E-10	2.7294E-06	-8.1186E-07
2.7176E-10	-1.5624E-10	1.2498E-06	-6.3887E-07
2.7019E-10	-1.5629E-10	2.4354E-06	-9.2301E-07
2.6863E-10	-1.5635E-10	-3.2304E-07	-1.3952E-06
2.6707E-10	-1.5640E-10	8.2523E-07	1.5713E-06
2.6552E-10	-1.5644E-10	1.8428E-06	4.4811E-07
2.6397E-10	-1.5649E-10	2.3886E-06	7.5556E-07
2.6244E-10	-1.5653E-10	2.4551E-06	-6.7392E-07
2.6091E-10	-1.5656E-10	1.6344E-06	-6.7903E-07
2.5938E-10	-1.5660E-10	6.3481E-07	-1.6944E-07
2.5786E-10	-1.5662E-10	2.0103E-06	1.6856E-06
2.5635E-10	-1.5665E-10	3.9323E-06	-5.9288E-07
2.5485E-10	-1.5667E-10	1.3603E-06	-2.5933E-06
2.5335E-10	-1.5669E-10	-8.6716E-07	2.5429E-07
2.5186E-10	-1.5671E-10	2.0489E-06	1.9502E-06
2.5038E-10	-1.5672E-10	2.5902E-06	1.2224E-07
2.4890E-10	-1.5673E-10	2.3801E-06	1.5988E-07
2.4743E-10	-1.5673E-10	2.4377E-06	4.3952E-08
2.4596E-10	-1.5673E-10	3.2616E-06	-5.8891E-07
2.4451E-10	-1.5673E-10	1.7518E-06	-1.7005E-06
2.4305E-10	-1.5673E-10	1.5363E-06	-4.2235E-07
2.4161E-10	-1.5672E-10	1.6876E-06	-7.6404E-07
2.4017E-10	-1.5671E-10	1.7728E-06	-6.5124E-07
2.3874E-10	-1.5669E-10	1.0329E-06	-9.9632E-07
2.3731E-10	-1.5668E-10	1.1241E-06	1.3754E-07
2.3589E-10	-1.5666E-10	1.7049E-06	-2.6683E-07
2.3448E-10	-1.5663E-10	1.2019E-06	-4.9694E-07
2.3307E-10	-1.5661E-10	9.0062E-07	7.2241E-07
2.3167E-10	-1.5658E-10	3.0033E-06	4.8381E-07
2.3027E-10	-1.5654E-10	1.8263E-06	-1.2308E-06
2.2888E-10	-1.5651E-10	1.4068E-06	-1.0788E-07
2.2750E-10	-1.5647E-10	1.7462E-06	-7.4267E-08
2.2612E-10	-1.5643E-10	2.1895E-06	-5.2651E-07
2.2475E-10	-1.5639E-10	1.1611E-06	-2.8321E-07
2.2338E-10	-1.5634E-10	2.9283E-06	-4.2350E-07
2.2202E-10	-1.5629E-10	2.0076E-07	-1.9598E-06
2.2067E-10	-1.5624E-10	9.3433E-07	1.5714E-06
2.1932E-10	-1.5618E-10	2.5136E-06	-3.5882E-07
2.1798E-10	-1.5612E-10	1.9425E-06	-2.4604E-07
2.1664E-10	-1.5606E-10	1.4485E-06	-9.7624E-07
2.1531E-10	-1.5600E-10	1.6409E-06	3.7382E-07
2.1399E-10	-1.5593E-10	1.9647E-06	-1.1136E-06
2.1267E-10	-1.5586E-10	1.1703E-06	-7.7885E-08
2.1136E-10	-1.5579E-10	1.6499E-06	-7.4470E-07
2.1005E-10	-1.5572E-10	1.1860E-06	1.8306E-07
2.0875E-10	-1.5564E-10	1.9776E-06	-6.9388E-07
2.0746E-10	-1.5556E-10	8.8354E-07	-1.2145E-07
2.0617E-10	-1.5548E-10	1.8443E-06	-1.1828E-07
2.0488E-10	-1.5539E-10	1.1729E-06	5.9722E-08
2.0360E-10	-1.5530E-10	2.6656E-06	2.7901E-07
2.0233E-10	-1.5521E-10	2.0766E-06	-1.7750E-06
2.0106E-10	-1.5512E-10	1.1141E-07	-6.3865E-07
1.9980E-10	-1.5503E-10	1.4000E-06	8.7506E-07
1.9854E-10	-1.5493E-10	2.5715E-06	-5.8187E-08
1.9729E-10	-1.5483E-10	2.0911E-06	-1.5098E-06
1.9604E-10	-1.5473E-10	3.1011E-07	-8.0563E-07
1.9480E-10	-1.5462E-10	1.4361E-06	1.7371E-07
1.9357E-10	-1.5451E-10	1.1136E-06	-6.5325E-08
1.9234E-10	-1.5440E-10	2.7152E-06	-2.0009E-07
1.9112E-10	-1.5429E-10	2.4669E-07	-1.9247E-06
1.8990E-10	-1.5418E-10	1.0962E-06	1.6500E-06
1.8868E-10	-1.5406E-10	2.6846E-06	-1.6153E-06
1.8747E-10	-1.5394E-10	-1.1330E-07	-5.5019E-07
1.8627E-10	-1.5382E-10	1.2547E-06	2.6318E-07
1.8507E-10	-1.5370E-10	1.5136E-06	9.4414E-08
1.8388E-10	-1.5357E-10	1.3246E-06	-9.9337E-07
1.8269E-10	-1.5344E-10	2.0199E-07	4.7137E-07
1.8151E-10	-1.5331E-10	2.1117E-06	6.0916E-07
1.8033E-10	-1.5318E-10	2.0459E-06	-5.7861E-07
1.7916E-10	-1.5304E-10	1.1974E-06	-1.4965E-06
1.7800E-10	-1.5291E-10	-2.9056E-07	-3.1407E-07
1.7683E-10	-1.5277E-10	5.7867E-07	5.0630E-07
1.7568E-10	-1.5263E-10	4.8152E-07	8.1249E-07
1.7453E-10	-1.5248E-10	1.3621E-06	1.2320E-06
1.7338E-10	-1.5234E-10	1.9177E-06	1.1106E-06
1.7224E-10	-1.5219E-10	2.8392E-06	7.9082E-08
1.7110E-10	-1.5204E-10	1.2081E-06	-1.0494E-06
1.6997E-10	-1.5189E-10	5.1391E-07	8.7480E-07
1.6884E-10	-1.5173E-10	2.3058E-06	1.4086E-06
1.6772E-10	-1.5158E-10	3.4563E-06	-3.7787E-08
1.6660E-10	-1.5142E-10	2.0982E-06	-2.1409E-06
1.6549E-10	-1.5126E-10	-1.6970E-07	-4.4893E-07
1.6439E-10	-1.5110E-10	1.4774E-06	7.2987E-07
1.6328E-10	-1.5094E-10	1.6501E-06	3.1545E-07
1.6219E-10	-1.5077E-10	2.7208E-06	-6.2301E-07
1.6109E-10	-1.5060E-10	-6.0603E-08	-1.6321E-06
1.6001E-10	-1.5043E-10	2.2956E-07	1.6005E-06
1.5892E-10	-1.5026E-10	2.0327E-06	1.0463E-06
1.5784E-10	-1.5009E-10	2.6439E-06	3.9367E-07
1.5677E-10	-1.4991E-10	2.0145E-06	-3.6739E-07
1.5570E-10	-1.4973E-10	3.1277E-06	-6.9305E-07
1.5464E-10	-1.4955E-10	5.0301E-08	-3.0407E-06
1.5358E-10	-1.4937E-10	-8.1224E-07	1.7271E-06
1.5252E-10	-1.4919E-10	2.2811E-06	5.3304E-07
1.5147E-10	-1.4900E-10	1.3235E-06	1.7939E-07
1.5043E-10	-1.4882E-10	1.3745E-06	-3.3292E-07
1.4939E-10	-1.4863E-10	8.6943E-07	8.2658E-07
1.4835E-10	-1.4844E-10	1.9787E-06	2.5761E-07
1.4732E-10	-1.4825E-10	1.4282E-06	2.6275E-07
1.4629E-10	-1.4805E-10	1.2632E-06	3.1319E-07
1.4527E-10	-1.4786E-10	2.6078E-06	1.5519E-06
1.4425E-10	-1.4766E-10	3.1783E-06	-2.0865E-06
1.4324E-10	-1.4746E-10	-5.6704E-07	-2.3689E-07
1.4223E-10	-1.4726E-10	2.6130E-06	1.0744E-06
1.4123E-10	-1.4706E-10	1.9373E-06	-1.4148E-06
1.4023E-10	-1.4685E-10	1.2760E-07	-6.4535E-07
1.3923E-10	-1.4665E-10	7.4329E-07	1.4334E-06
1.3824E-10	-1.4644E-10	2.5536E-06	2.6907E-07
1.3725E-10	-1.4623E-10	1.4519E-06	-2.5593E-07
1.3627E-10	-1.4602E-10	1.4973E-06	-3.0575E-07
1.3529E-10	-1.4581E-10	7.8677E-07	5.0769E-07
1.3432E-10	-1.4559E-10	2.3212E-06	7.4498E-07
1.3335E-10	-1.4538E-10	2.3837E-06	-5.0187E-07
1.3239E-10	-1.4516E-10	1.3375E-06	-1.2590E-06
1.3143E-10	-1.4494E-10	4.1396E-07	5.6472E-08
1.3047E-10	-1.4472E-10	1.1954E-06	2.0564E-07
1.2952E-10	-1.4450E-10	1.2941E-06	8.2185E-07
1.2857E-10	-1.4428E-10	2.1797E-06	-5.0786E-07
1.2763E-10	-1.4405E-10	2.8797E-07	1.0787E-07
1.2669E-10	-1.4383E-10	2.0296E-06	7.5473E-07
1.2576E-10	-1.4360E-10	1.3247E-06	-2.8100E-07
1.2483E-10	-1.4337E-10	1.3227E-06	3.1708E-07
1.2390E-10	-1.4314E-10	1.3900E-06	5.9951E-07
1.2298E-10	-1.4291E-10	2.4940E-06	1.5535E-07
1.2206E-10	-1.4267E-10	1.5223E-06	-1.1565E-06
1.2115E-10	-1.4244E-10	-2.6030E-08	-4.8361E-07
1.2024E-10	-1.4220E-10	4.0180E-07	1.9797E-06
1.1933E-10	-1.4196E-10	3.3278E-06	8.4290E-07
1.1843E-10	-1.4172E-10	1.5720E-06	-1.1944E-06
1.1753E-10	-1.4148E-10	6.0599E-07	2.5672E-08
1.1664E-10	-1.4124E-10	1.1151E-06	8.3718E-07
1.1575E-10	-1.4100E-10	1.6775E-06	1.2749E-07
1.1487E-10	-1.4075E-10	8.9586E-07	8.8164E-07
1.1399E-10	-1.4051E-10	2.6935E-06	3.8512E-07
1.1311E-10	-1.4026E-10	7.4340E-07	-7.0929E-07
1.1224E-10	-1.4001E-10	9.4525E-07	1.0746E-06
1.1137E-10	-1.3976E-10	1.5559E-06	8.8748E-07
1.1051E-10	-1.3951E-10	2.1764E-06	6.3474E-07
1.0965E-10	-1.3925E-10	1.5531E-06	7.0378E-08
1.0879E-10	-1.3900E-10	1.4792E-06	3.9508E-07
1.0794E-10	-1.3874E-10	1.0046E-06	1.2339E-06
1.0709E-10	-1.3849E-10	3.5581E-06	1.5542E-06
1.0625E-10	-1.3823E-10	2.7105E-06	-1.6679E-06
1.0540E-10	-1.3797E-10	3.8558E-07	1.1270E-08
1.0457E-10	-1.3771E-10	2.1679E-06	1.1968E-06
1.0374E-10	-1.3745E-10	2.5785E-06	-6.7356E-07
1.0291E-10	-1.3718E-10	7.9118E-07	-5.2515E-08
1.0208E-10	-1.3692E-10	2.5665E-06	6.0643E-07
1.0126E-10	-1.3666E-10	1.5448E-06	-1.4264E-06
1.0044E-10	-1.3639E-10	4.8025E-09	2.6338E-07
9.9632E-11	-1.3612E-10	1.2628E-06	1.8824E-06
9.8822E-11	-1.3585E-10	3.6592E-06	6.4392E-07
9.8017E-11	-1.3558E-10	1.6537E-06	-1.8290E-06
9.7215E-11	-1.3531E-10	2.3733E-07	2.6638E-07
9.6418E-11	-1.3504E-10	1.0897E-06	8.5078E-07
9.5624E-11	-1.3477E-10	1.8830E-06	1.1387E-06
9.4834E-11	-1.3449E-10	2.0224E-06	9.1565E-08
9.4048E-11	-1.3422E-10	1.5010E-06	4.7318E-07
9.3265E-11	-1.3394E-10	1.4851E-06	6.0925E-07
9.2486E-11	-1.3366E-10	2.4135E-06	1.4168E-06
9.1711E-11	-1.3338E-10	3.0323E-06	-7.0177E-07
9.0940E-11	-1.3311E-10	8.8456E-07	-2.0524E-07
9.0173E-11	-1.3282E-10	1.9886E-06	6.9721E-07
8.9409E-11	-1.3254E-10	1.7271E-06	3.5546E-07
8.8649E-11	-1.3226E-10	2.9104E-06	6.7893E-07
8.7893E-11	-1.3198E-10	2.4556E-06	-1.5914E-06
8.7140E-11	-1.3169E-10	2.4083E-07	-4.4301E-07
8.6391E-11	-1.3141E-10	1.3528E-06	7.6137E-07
8.5646E-11	-1.3112E-10	1.4719E-06	2.9966E-07
8.4904E-11	-1.3083E-10	1.5148E-06	5.3407E-07
8.4167E-11	-1.3054E-10	1.4780E-06	7.2092E-07
8.3432E-11	-1.3025E-10	2.2456E-06	8.5670E-07
8.2702E-11	-1.2996E-10	2.0430E-06	4.2965E-08
8.1975E-11	-1.2967E-10	1.7480E-06	3.2527E-07
8.1251E-11	-1.2938E-10	1.3472E-06	5.4868E-07
8.0531E-11	-1.2909E-10	2.5160E-06	1.7329E-06
7.9815E-11	-1.2879E-10	3.5543E-06	-5.5576E-07
7.9103E-11	-1.2850E-10	1.1941E-06	-5.2135E-07
7.8393E-11	-1.2820E-10	2.2632E-06	7.1558E-07
7.7688E-11	-1.2791E-10	1.9659E-06	-7.0644E-07
7.6986E-11	-1.2761E-10	6.4580E-07	9.4642E-07
7.6288E-11	-1.2731E-10	3.3457E-06	2.0752E-06
7.5593E-11	-1.2701E-10	4.0804E-06	-1.1109E-06
7.4901E-11	-1.2671E-10	1.3500E-06	-1.0857E-06
7.4214E-11	-1.2641E-10	2.0987E-06	4.8250E-07
7.3529E-11	-1.2611E-10	2.8231E-06	-3.1581E-07
7.2849E-11	-1.2581E-10	2.6188E-06	-1.3546E-06
7.2171E-11	-1.2550E-10	4.4321E-07	-1.5723E-06
7.1497E-11	-1.2520E-10	5.6812E-07	1.3307E-06
7.0827E-11	-1.2490E-10	2.9664E-06	5.5123E-07
7.0160E-11	-1.2459E-10	2.1377E-06	-5.5882E-07
6.9496E-11	-1.2428E-10	1.9332E-06	-4.0495E-07
6.8836E-11	-1.2398E-10	1.5400E-06	-1.3575E-07
6.8180E-11	-1.2367E-10	2.3570E-06	1.1268E-08
6.7527E-11	-1.2336E-10	1.7652E-06	-1.0531E-06
6.6877E-11	-1.2305E-10	9.4409E-07	1.4421E-07
6.6230E-11	-1.2274E-10	2.5554E-06	5.2905E-07
6.5587E-11	-1.2243E-10	2.4676E-06	-1.5675E-06
6.4948E-11	-1.2212E-10	1.1353E-08	-9.1920E-07
6.4311E-11	-1.2181E-10	1.1534E-06	1.2071E-06
6.3678E-11	-1.2150E-10	2.1180E-06	-1.0987E-08
6.3049E-11	-1.2119E-10	1.3111E-06	5.2883E-07
6.2423E-11	-1.2087E-10	3.1158E-06	7.6551E-07
6.1800E-11	-1.2056E-10	2.9188E-06	-1.7350E-06
6.1180E-11	-1.2025E-10	4.6308E-07	-1.2387E-06
6.0564E-11	-1.1993E-10	1.2209E-06	4.7338E-07
5.9951E-11	-1.1961E-10	1.9184E-06	-5.1298E-07
5.9341E-11	-1.1930E-10	7.5844E-07	-4.4909E-07
5.8735E-11	-1.1898E-10	1.1967E-06	7.7879E-07
5.8132E-11	-1.1866E-10	2.2261E-06	2.4485E-07
5.7532E-11	-1.1835E-10	2.0207E-06	-2.6133E-07
5.6935E-11	-1.1803E-10	2.0285E-06	-9.6942E-07
5.6342E-11	-1.1771E-10	3.7086E-07	-1.0616E-06
5.5752E-11	-1.1739E-10	4.5750E-07	6.0571E-07
5.5165E-11	-1.1707E-10	1.1325E-06	7.3042E-07
5.4582E-11	-1.1675E-10	1.9757E-06	8.1797E-07
5.4001E-11	-1.1643E-10	1.6223E-06	-3.8178E-07
5.3424E-11	-1.1611E-10	1.1961E-06	8.9852E-07
5.2850E-11	-1.1578E-10	2.4010E-06	4.8165E-09
5.2279E-11	-1.1546E-10	1.0291E-06	1.0110E-08
5.1711E-11	-1.1514E-10	1.9208E-06	6.7572E-07
5.1147E-11	-1.1482E-10	1.9696E-06	1.7171E-07
5.0586E-11	-1.1449E-10	2.1646E-06	-5.4425E-07
5.0027E-11	-1.1417E-10	6.6589E-08	-2.5611E-07
4.9472E-11	-1.1384E-10	1.8700E-06	2.3669E-06
4.8920E-11	-1.1352E-10	3.7580E-06	-3.8925E-07
4.8372E-11	-1.1319E-10	1.4270E-06	-1.4925E-06
4.7826E-11	-1.1287E-10	2.2870E-07	-2.9078E-08
4.7283E-11	-1.1254E-10	1.5290E-06	1.4475E-06
4.6744E-11	-1.1222E-10	2.3431E-06	-1.9751E-07
4.6207E-11	-1.1189E-10	7.5865E-07	3.3397E-07
4.5674E-11	-1.1156E-10	2.0177E-06	1.2900E-06
4.5144E-11	-1.1123E-10	2.3591E-06	4.9058E-07
4.4617E-11	-1.1091E-10	2.5925E-06	4.2452E-07
4.4092E-11	-1.1058E-10	2.4601E-06	-7.6442E-07
4.3571E-11	-1.1025E-10	5.5174E-07	3.0355E-08
4.3053E-11	-1.0992E-10	2.6462E-06	2.1244E-06
4.2538E-11	-1.0959E-10	3.9920E-06	-8.4289E-07
4.2026E-11	-1.0926E-10	1.8769E-06	-1.0374E-06
4.1517E-11	-1.0893E-10	1.9088E-06	-1.0329E-06
4.1011E-11	-1.0860E-10	6.4122E-07	-3.9638E-08
4.0508E-11	-1.0827E-10	2.5682E-06	5.8256E-07
4.0008E-11	-1.0794E-10	1.8841E-06	-1.0943E-06
3.9511E-11	-1.0761E-10	8.5951E-07	8.9462E-09
3.9016E-11	-1.0728E-10	1.7647E-06	1.2647E-06
3.8525E-11	-1.0695E-10	3.7660E-06	1.8412E-07
3.8037E-11	-1.0662E-10	2.5485E-06	-1.6978E-06
3.7551E-11	-1.0629E-10	1.6800E-06	-1.5313E-06
3.7069E-11	-1.0596E-10	4.5419E-08	-1.1570E-06
3.6589E-11	-1.0563E-10	9.7033E-07	1.1422E-06
3.6113E-11	-1.0530E-10	2.0803E-06	-1.5244E-07
3.5639E-11	-1.0496E-10	1.6109E-06	3.6788E-07
3.5168E-11	-1.0463E-10	2.7302E-06	-4.7352E-07
3.4700E-11	-1.0430E-10	1.3069E-06	-1.3230E-06
3.4235E-11	-1.0397E-10	7.7134E-07	-9.7414E-08
3.3773E-11	-1.0363E-10	1.6311E-06	1.8665E-07
3.3313E-11	-1.0330E-10	1.6724E-06	-9.5102E-08
3.2857E-11	-1.0297E-10	2.4967E-06	-5.8925E-07
3.2403E-11	-1.0264E-10	4.2112E-07	-2.4054E-06
3.1952E-11	-1.0230E-10	-1.1696E-06	1.1755E-06
3.1504E-11	-1.0197E-10	2.0434E-06	1.5457E-06
3.1059E-11	-1.0164E-10	1.8410E-06	4.4874E-07
3.0616E-11	-1.0131E-10	2.3142E-06	-3.0814E-07
3.0177E-11	-1.0097E-10	3.3467E-07	-1.2247E-07
2.9740E-11	-1.0064E-10	2.3202E-06	1.4798E-06
2.9305E-11	-1.0031E-10	1.9764E-06	-9.7401E-07
2.8874E-11	-9.9973E-11	1.1500E-06	9.0935E-07
2.8445E-11	-9.9639E-11	2.6701E-06	-2.3042E-07
2.8019E-11	-9.9306E-11	1.2176E-06	-1.5825E-07
2.7596E-11	-9.8973E-11	2.3427E-06	-3.2630E-09
2.7176E-11	-9.8640E-11	1.2027E-06	-9.6063E-07
2.6758E-11	-9.8306E-11	7.4741E-07	4.4807E-07
2.6343E-11	-9.7973E-11	1.8587E-06	1.0700E-06
2.5931E-11	-9.7640E-11	3.2577E-06	2.6722E-08
2.5521E-11	-9.7307E-11	2.0756E-06	-2.0466E-06
2.5114E-11	-9.6974E-11	-1.3793E-07	-9.8602E-07
2.4709E-11	-9.6641E-11	5.1194E-07	8.4096E-07
2.4308E-11	-9.6308E-11	1.5730E-06	5.7775E-07
2.3909E-11	-9.5975E-11	1.6266E-06	3.4703E-07
2.3512E-11	-9.5642E-11	1.8203E-06	-6.1767E-08
2.3119E-11	-9.5310E-11	1.2429E-06	-2.0984E-07
2.2727E-11	-9.4977E-11	9.7563E-07	6.8635E-08
2.2339E-11	-9.4644E-11	7.9476E-07	1.1244E-06
2.1953E-11	-9.4312E-11	2.7841E-06	1.3243E-06
2.1570E-11	-9.3980E-11	2.5615E-06	-7.8559E-07
2.1189E-11	-9.3648E-11	1.1714E-06	-2.2900E-07
2.0811E-11	-9.3316E-11	1.8574E-06	5.0714E-07
2.0435E-11	-9.2984E-11	2.4633E-06	-4.9903E-07
2.0062E-11	-9.2652E-11	9.9975E-07	-9.6418E-07
1.9691E-11	-9.2320E-11	1.1201E-06	3.8863E-07
1.9323E-11	-9.1989E-11	1.5592E-06	-2.4713E-07
1.8958E-11	-9.1658E-11	1.2171E-06	2.3116E-07
1.8595E-11	-9.1327E-11	1.8441E-06	-4.6099E-07
1.8235E-11	-9.0996E-11	1.0913E-07	-7.3067E-07
1.7877E-11	-9.0665E-11	-1.2260E-08	1.4303E-06
1.7521E-11	-9.0335E-11	1.7655E-06	1.7317E-06
1.7168E-11	-9.0004E-11	2.1914E-06	8.5722E-07
1.6818E-11	-8.9674E-11	1.9557E-06	5.7698E-07
1.6470E-11	-8.9344E-11	2.0806E-06	1.0970E-06
1.6124E-11	-8.9015E-11	3.3809E-06	3.9841E-07
1.5781E-11	-8.8685E-11	2.3945E-06	-1.0225E-06
1.5440E-11	-8.8356E-11	1.7089E-06	-6.8611E-07
1.5102E-11	-8.8027E-11	6.4848E-07	-4.2015E-07
1.4766E-11	-8.7699E-11	1.4472E-06	1.5515E-06
1.4433E-11	-8.7370E-11	3.1576E-06	3.8183E-07
1.4102E-11	-8.7042E-11	2.8818E-06	-7.9264E-07
1.3773E-11	-8.6714E-11	1.5316E-06	-1.8155E-06
1.3447E-11	-8.6387E-11	3.0818E-07	-1.9997E-07
1.3123E-11	-8.6060E-11	1.2055E-06	4.5999E-07
1.2801E-11	-8.5733E-11	1.9746E-06	6.7505E-07
1.2482E-11	-8.5406E-11	2.3195E-06	-6.7728E-07
1.2165E-11	-8.5080E-11	1.4496E-06	-6.0099E-07
1.1851E-11	-8.4754E-11	7.5915E-07	-1.0536E-06
1.1539E-11	-8.4428E-11	3.7383E-07	1.3764E-06
1.1229E-11	-8.4103E-11	3.0394E-06	-1.9351E-07
1.0921E-11	-8.3778E-11	3.4329E-07	-7.1513E-07
1.0616E-11	-8.3453E-11	1.8015E-06	2.5627E-07
1.0313E-11	-8.3129E-11	1.9417E-07	-7.1977E-07
1.0012E-11	-8.2805E-11	7.2476E-07	1.1226E-06
9.7141E-12	-8.2481E-11	7.0024E-07	8.8110E-07
9.4179E-12	-8.2158E-11	2.3817E-06	1.9802E-06
9.1240E-12	-8.1835E-11	2.7860E-06	-7.1200E-07
8.8323E-12	-8.1512E-11	7.6528E-07	-5.3590E-07
8.5429E-12	-8.1190E-11	1.9539E-07	8.8633E-07
8.2557E-12	-8.0869E-11	1.9922E-06	2.3656E-06
7.9707E-12	-8.0547E-11	3.4683E-06	5.8992E-07
7.6879E-12	-8.0226E-11	3.1094E-06	-7.3346E-07
7.4072E-12	-7.9906E-11	1.2892E-06	-2.0809E-06
7.1288E-12	-7.9586E-11	-7.9655E-07	1.5210E-07
6.8526E-12	-7.9266E-11	1.0610E-06	2.3730E-06
6.5785E-12	-7.8947E-11	3.3971E-06	8.8592E-07
6.3066E-12	-7.8628E-11	1.5932E-06	-9.0552E-07
6.0368E-12	-7.8310E-11	1.3561E-06	8.0086E-07
5.7692E-12	-7.7992E-11	1.3921E-06	-2.4850E-08
5.5037E-12	-7.7675E-11	1.5462E-06	1.9902E-06
5.2403E-12	-7.7358E-11	3.7337E-06	-2.6200E-07
4.9790E-12	-7.7041E-11	5.8255E-07	-6.5931E-07
4.7198E-12	-7.6725E-11	1.7587E-06	1.6341E-06
4.4627E-12	-7.6409E-11	2.9989E-06	4.7980E-07
4.2077E-12	-7.6094E-11	2.6574E-06	-6.2913E-07
3.9548E-12	-7.5780E-11	1.2643E-06	-8.2457E-07
3.7039E-12	-7.5466E-11	5.3702E-07	6.7470E-07
3.4551E-12	-7.5152E-11	2.3370E-06	2.4764E-06
3.2084E-12	-7.4839E-11	5.2209E-06	-6.4038E-08
2.9636E-12	-7.4526E-11	2.2393E-06	-3.1445E-06
2.7209E-12	-7.4214E-11	-2.4733E-07	-6.8589E-07
2.4803E-12	-7.3903E-11	1.1729E-06	1.2376E-06
2.2416E-12	-7.3591E-11	2.9684E-06	5.9896E-07
2.0049E-12	-7.3281E-11	2.8972E-06	-1.3666E-06
1.7702E-12	-7.2971E-11	5.0199E-07	-2.0458E-06
1.5375E-12	-7.2661E-11	-7.7765E-07	1.0635E-06
1.3068E-12	-7.2352E-11	2.8705E-06	2.0185E-06
1.0780E-12	-7.2044E-11	2.5885E-06	-1.2598E-06
8.5119E-13	-7.1736E-11	7.0326E-07	1.8270E-07
6.2632E-13	-7.1429E-11	2.3728E-06	3.8796E-07
4.0338E-13	-7.1122E-11	1.4200E-06	-6.2882E-07
1.8236E-13	-7.0816E-11	1.3516E-06	7.5002E-07
-3.6736E-14	-7.0510E-11	2.6456E-06	4.2028E-08
-2.5393E-13	-7.0205E-11	1.5713E-06	-8.8042E-07
-4.6922E-13	-6.9901E-11	1.1182E-06	8.3009E-08
-6.8262E-13	-6.9597E-11	1.7640E-06	1.9913E-07
-8.9415E-13	-6.9294E-11	1.7375E-06	-4.3898E-07
-1.1038E-12	-6.8991E-11	6.9182E-07	-2.5550E-07
-1.3116E-12	-6.8689E-11	1.0915E-06	9.6162E-07
-1.5175E-12	-6.8387E-11	1.6537E-06	7.6314E-07
-1.7216E-12	-6.8087E-11	2.4960E-06	1.1548E-06
-1.9239E-12	-6.7786E-11	2.9407E-06	-1.0322E-06
-2.1243E-12	-6.7487E-11	2.9025E-07	-4.1056E-07
-2.3230E-12	-6.7187E-11	1.8828E-06	1.4350E-06
-2.5198E-12	-6.6889E-11	2.5922E-06	-5.5492E-08
-2.7148E-12	-6.6591E-11	1.6602E-06	-2.1373E-07
-2.9080E-12	-6.6294E-11	1.7705E-06	7.4204E-07
-3.0995E-12	-6.5997E-11	2.8991E-06	5.6524E-09
-3.2892E-12	-6.5702E-11	1.6628E-06	-1.5441E-07
-3.4771E-12	-6.5406E-11	3.3913E-06	4.5953E-07
-3.6633E-12	-6.5112E-11	2.6294E-06	-2.1286E-06
-3.8477E-12	-6.4818E-11	1.2494E-06	-8.6019E-07
-4.0304E-12	-6.4524E-11	1.5668E-06	-1.3717E-06
-4.2114E-12	-6.4231E-11	3.0531E-07	-6.3997E-07
-4.3906E-12	-6.3939E-11	8.7212E-07	3.7009E-07
-4.5682E-12	-6.3648E-11	2.0328E-06	6.6461E-07
-4.7440E-12	-6.3357E-11	2.6328E-06	-1.4171E-06
-4.9182E-12	-6.3067E-11	-2.1269E-07	-1.7104E-06
-5.0907E-12	-6.2778E-11	-4.1385E-07	1.1599E-06
-5.2615E-12	-6.2489E-11	2.0759E-06	1.5696E-06
-5.4306E-12	-6.2201E-11	2.2962E-06	-3.5222E-07
-5.5981E-12	-6.1914E-11	1.4264E-06	1.4038E-07
-5.7640E-12	-6.1627E-11	2.4289E-06	-4.4913E-07
-5.9282E-12	-6.1341E-11	7.9392E-07	-1.2745E-06
-6.0907E-12	-6.1056E-11	5.8635E-07	3.1148E-07
-6.2517E-12	-6.0771E-11	1.1981E-06	-1.7495E-07
-6.4111E-12	-6.0487E-11	1.2464E-07	4.1390E-07
-6.5688E-12	-6.0204E-11	1.4463E-06	1.6457E-06
-6.7250E-12	-5.9921E-11	2.1280E-06	5.0726E-07
-6.8796E-12	-5.9640E-11	1.9582E-06	7.2366E-07
-7.0326E-12	-5.9359E-11	2.6729E-06	-2.2940E-08
-7.1840E-12	-5.9078E-11	1.8267E-06	-6.2116E-07
-7.3339E-12	-5.8798E-11	1.5568E-06	-2.9622E-07
-7.4823E-12	-5.8519E-11	1.4360E-06	-2.9284E-07
-7.6291E-12	-5.8241E-11	1.2370E-06	1.5821E-07
-7.7744E-12	-5.7964E-11	2.3907E-06	2.8315E-07
-7.9181E-12	-5.7687E-11	1.9851E-06	-1.7734E-06
-8.0603E-12	-5.7411E-11	-3.0927E-07	-9.4584E-07
-8.2011E-12	-5.7135E-11	1.0925E-09	7.0803E-07
-8.3403E-12	-5.6861E-11	9.9073E-07	1.5895E-06
-8.4781E-12	-5.6587E-11	2.4244E-06	6.3315E-07
-8.6143E-12	-5.6314E-11	1.2248E-06	-4.5787E-08
-8.7491E-12	-5.6041E-11	1.8270E-06	1.1576E-06
-8.8825E-12	-5.5770E-11	2.9096E-06	-2.3802E-07
-9.0144E-12	-5.5499E-11	1.3058E-06	-1.2654E-06
-9.1448E-12	-5.5228E-11	5.4558E-07	3.1161E-07
-9.2738E-12	-5.4959E-11	1.9165E-06	4.7204E-07
-9.4014E-12	-5.4690E-11	1.6589E-06	-5.6282E-07
-9.5276E-12	-5.4422E-11	7.8287E-07	-4.4939E-07
-9.6523E-12	-5.4155E-11	5.6211E-07	3.8420E-07
-9.7757E-12	-5.3889E-11	8.6756E-07	7.6907E-07
-9.8976E-12	-5.3623E-11	1.6044E-06	1.5235E-06
-1.0018E-11	-5.3358E-11	2.9111E-06	-1.9017E-08
-1.0137E-11	-5.3094E-11	7.9955E-07	-6.3262E-07
-1.0255E-11	-5.2830E-11	1.2888E-06	1.0701E-06
-1.0372E-11	-5.2568E-11	2.1410E-06	3.8322E-07
-1.0487E-11	-5.2306E-11	2.0484E-06	-3.7704E-07
-1.0601E-11	-5.2045E-11	4.7875E-07	-3.9711E-07
-1.0713E-11	-5.1784E-11	1.3124E-06	1.8689E-06
-1.0824E-11	-5.1525E-11	3.5451E-06	9.0280E-08
-1.0934E-11	-5.1266E-11	1.5466E-06	-1.8188E-06
-1.1042E-11	-5.1008E-11	-2.3487E-07	-1.0077E-07
-1.1150E-11	-5.0751E-11	1.2812E-06	1.5422E-06
-1.1255E-11	-5.0494E-11	2.4566E-06	5.0838E-08
-1.1360E-11	-5.0238E-11	9.9027E-07	-4.9039E-07
-1.1463E-11	-4.9983E-11	9.3568E-07	8.8559E-07
-1.1565E-11	-4.9729E-11	2.0588E-06	7.2605E-07
-1.1666E-11	-4.9476E-11	2.1244E-06	1.0791E-07
-1.1766E-11	-4.9223E-11	1.8830E-06	-7.4955E-07
-1.1864E-11	-4.8971E-11	1.9333E-07	-1.5381E-07
-1.1961E-11	-4.8720E-11	1.5770E-06	1.4440E-06
-1.2057E-11	-4.8470E-11	2.1229E-06	1.8226E-07
-1.2151E-11	-4.8221E-11	2.5678E-06	2.8376E-07
-1.2245E-11	-4.7972E-11	1.8123E-06	-2.1286E-06
-1.2337E-11	-4.7724E-11	-8.5454E-07	1.8313E-07
-1.2428E-11	-4.7477E-11	1.9590E-06	1.2452E-06
-1.2518E-11	-4.7231E-11	1.3660E-06	-6.3973E-07
-1.2606E-11	-4.6985E-11	5.3257E-07	2.9266E-07
-1.2694E-11	-4.6740E-11	1.0084E-06	9.1757E-07
-1.2780E-11	-4.6496E-11	1.7313E-06	6.5190E-07
-1.2865E-11	-4.6253E-11	1.5791E-06	2.7266E-07
-1.2949E-11	-4.6011E-11	1.6054E-06	-3.3298E-07
-1.3032E-11	-4.5769E-11	-1.1279E-07	-1.5917E-07
-1.3113E-11	-4.5529E-11	4.2178E-07	1.9390E-06
-1.3194E-11	-4.5289E-11	2.0011E-06	1.8168E-06
