jMRUI Data Textfile

Filename: Export_to_jmrui.txt

PointsInDataset: 2048
DatasetsInFile: 1
SamplingInterval: 0.250000
ZeroOrderPhase: 0E0
BeginTime: 0E0
TransmitterFrequency: 1.2326E8
MagneticField: 2.8936E0
TypeOfNucleus:  
NameOfPatient:  
DateOfExperiment:  
Spectrometer:  
AdditionalInfo: 
SignalNames:  


Signal and FFT
sig(real)	sig(imag)	fft(real)	fft(imag)
Signal 1 out of 1 in file
3.4824E-06	1.1909E-06	-3.5825E-06	-6.5295E-07
6.3832E-06	-4.1019E-07	-3.9088E-06	7.4143E-08
4.2167E-06	-2.6469E-06	-3.1786E-06	1.1990E-06
2.4670E-06	-3.6747E-06	-2.8888E-06	2.2389E-07
-3.8924E-07	-3.7732E-06	-3.9584E-06	1.3042E-06
-1.9678E-06	-2.6161E-06	-2.6353E-06	1.9924E-06
-2.9961E-06	-1.1847E-06	-2.7291E-06	1.6207E-06
-2.4074E-06	3.4344E-07	-2.1659E-06	2.3119E-06
-1.4742E-06	1.1662E-06	-1.6171E-06	1.6357E-06
2.6333E-08	1.4297E-06	-1.8482E-06	1.7951E-06
9.9671E-07	8.7617E-07	-1.0677E-06	1.6598E-06
1.5570E-06	8.7263E-08	-1.2712E-06	6.2575E-07
1.2445E-06	-6.8619E-07	-2.3179E-06	8.3780E-07
7.1765E-07	-1.2452E-06	-1.9546E-06	1.5291E-06
-7.6399E-08	-1.3085E-06	-2.2490E-06	1.0444E-06
-5.2211E-07	-1.0963E-06	-2.4825E-06	2.5093E-06
-8.6462E-07	-6.9730E-07	-7.3448E-07	2.0633E-06
-8.3861E-07	-3.8591E-07	-1.9073E-06	1.3869E-06
-8.6357E-07	-1.5937E-07	-9.6555E-07	2.8061E-06
-6.7117E-07	1.0335E-08	-1.3626E-08	1.0200E-06
-7.4542E-07	1.3863E-07	-1.2118E-06	8.8963E-07
-6.3675E-07	3.0079E-07	-9.6441E-07	5.7947E-07
-6.7991E-07	4.3201E-07	-2.3794E-06	8.5960E-07
-4.0946E-07	5.3545E-07	-1.2453E-06	1.9690E-06
-1.6937E-07	4.7711E-07	-1.3897E-06	7.4956E-07
1.0856E-07	3.4082E-07	-1.7344E-06	1.5140E-06
2.6525E-07	7.8422E-08	-1.7678E-06	1.0575E-06
2.5996E-07	-1.7099E-07	-2.1297E-06	2.2890E-06
4.2138E-08	-3.3758E-07	-6.6351E-07	2.1137E-06
-2.3168E-07	-2.8434E-07	-1.0131E-06	1.3728E-06
-5.7222E-07	-6.3689E-08	-9.0311E-07	1.6013E-06
-6.2532E-07	2.7284E-07	-6.7723E-07	7.8006E-07
-6.0095E-07	5.5174E-07	-2.0918E-06	7.0354E-07
-3.3112E-07	7.3420E-07	-1.5491E-06	2.0085E-06
-6.2599E-09	7.4421E-07	-1.3713E-06	1.0630E-06
2.3020E-07	5.9866E-07	-1.7000E-06	1.8321E-06
4.6133E-07	4.2404E-07	-1.5783E-06	1.2061E-06
4.5729E-07	2.6173E-07	-2.1089E-06	2.6701E-06
3.9399E-07	1.5184E-07	-1.4889E-07	2.2214E-06
3.8466E-07	3.6370E-08	-8.5091E-07	1.3460E-06
3.6113E-07	5.6643E-08	-5.7196E-07	1.0669E-06
4.2534E-07	2.0702E-08	-1.6431E-06	5.4546E-07
4.2637E-07	-9.5770E-08	-2.1755E-06	1.0837E-06
4.1234E-07	-2.8522E-07	-2.7553E-06	1.9368E-06
2.4976E-07	-4.3157E-07	-1.9485E-06	2.9836E-06
7.3311E-08	-5.2434E-07	-1.0829E-06	2.9598E-06
-2.0156E-07	-4.3633E-07	-5.4975E-07	2.2099E-06
-2.5561E-07	-2.0475E-07	-1.3677E-06	2.1491E-06
-2.9963E-07	3.1789E-08	-5.9803E-07	2.8637E-06
-1.1825E-07	2.3793E-07	-2.1677E-07	1.9620E-06
1.2543E-07	2.6886E-07	-5.0876E-07	1.9515E-06
3.2995E-07	1.7074E-07	-2.6499E-07	1.4400E-06
3.7384E-07	-1.1900E-07	-1.4464E-06	1.3076E-06
2.8735E-07	-3.6716E-07	-1.0199E-06	2.6645E-06
-1.4640E-08	-5.4091E-07	-3.4568E-07	1.9334E-06
-2.6533E-07	-4.4447E-07	-2.8272E-07	2.2162E-06
-4.3279E-07	-2.1551E-07	-3.5935E-08	8.4198E-07
-4.5774E-07	7.5768E-08	-1.5473E-06	1.6280E-06
-3.4388E-07	2.5393E-07	-3.8601E-07	1.7437E-06
-3.5433E-08	3.8968E-07	-1.4351E-06	1.7137E-06
1.6834E-07	2.6022E-07	-2.9045E-07	2.3090E-06
2.9785E-07	1.0676E-07	-8.1721E-07	1.5555E-06
2.1938E-07	-8.2231E-08	-2.9717E-07	2.2619E-06
1.0455E-07	-2.0341E-07	-1.9166E-07	1.3506E-06
-7.9593E-08	-2.3149E-07	-4.4796E-07	1.3717E-06
-2.0585E-07	-7.5199E-08	-9.1317E-07	1.1950E-06
-2.1997E-07	3.0068E-08	-8.1072E-07	1.8147E-06
-1.3680E-07	2.0832E-07	-6.9922E-07	1.4154E-06
-1.0255E-07	1.5456E-07	-1.0166E-06	1.9580E-06
6.2594E-08	7.7534E-08	3.6212E-08	2.1252E-06
9.5185E-08	1.3633E-08	7.9395E-08	7.4940E-07
4.7276E-08	-7.4055E-08	-9.7851E-07	9.7386E-07
-8.5701E-08	-5.6437E-08	-6.5476E-07	8.3393E-07
-1.5438E-07	4.4248E-08	-1.9680E-06	9.8748E-07
-1.3963E-07	1.0031E-07	-1.2328E-06	2.4045E-06
-5.6247E-08	1.7241E-07	-3.6538E-07	1.7638E-06
6.3891E-08	2.3029E-07	-5.2847E-07	9.6921E-07
1.6184E-07	2.0004E-07	-1.5845E-06	1.2366E-06
1.8664E-07	9.7597E-08	-6.4106E-07	1.7997E-06
1.7024E-07	-5.2583E-08	-1.2300E-06	5.3825E-07
3.0760E-08	-9.2381E-08	-2.2772E-06	1.5855E-06
-3.3039E-08	-2.2034E-08	-1.8695E-06	2.6985E-06
-9.0924E-08	5.4466E-08	-2.3375E-07	2.8775E-06
-7.8520E-08	1.6776E-07	-2.3636E-07	1.1847E-06
4.4517E-08	2.2777E-07	-1.0802E-06	1.4167E-06
1.3850E-07	1.8910E-07	-1.1546E-06	1.3325E-06
2.6741E-07	1.8551E-08	-1.5005E-06	1.6162E-06
3.2893E-07	-1.1368E-07	-1.6688E-06	1.8947E-06
1.8084E-07	-2.4497E-07	-1.3539E-06	2.6387E-06
2.1003E-08	-2.9783E-07	-3.8525E-07	2.5346E-06
-1.1925E-07	-2.1162E-07	1.4624E-07	1.1308E-06
-2.3322E-07	-7.2253E-08	-2.2087E-06	4.0052E-07
-1.5871E-07	1.2464E-07	-1.9937E-06	3.0924E-06
-4.6472E-08	2.5739E-07	-6.4621E-07	1.6584E-06
1.3029E-07	2.6686E-07	-2.0986E-06	2.3458E-06
2.5575E-07	2.4546E-07	-7.5510E-07	2.6828E-06
2.9866E-07	3.4305E-08	-1.0471E-06	2.4455E-06
2.9238E-07	-1.2894E-07	-1.8941E-07	1.9737E-06
1.5866E-07	-2.5442E-07	-1.6902E-06	1.5317E-06
-7.9823E-09	-2.4015E-07	-8.2234E-07	2.6168E-06
-9.7663E-08	-2.4487E-07	-1.6522E-06	1.2710E-06
-1.4008E-07	-1.9611E-07	-1.9731E-06	3.7533E-06
-1.4469E-07	-1.5241E-07	3.4353E-07	2.5512E-06
-1.2244E-07	-3.0545E-08	-1.5158E-06	1.8619E-06
-1.6528E-07	-5.8516E-08	-8.0687E-07	3.3070E-06
-1.3354E-07	4.7345E-08	1.4263E-07	2.4291E-06
-1.3006E-07	8.9440E-09	-2.8318E-07	1.2629E-06
-1.4831E-07	5.2695E-08	-1.9131E-06	1.6324E-06
-1.3001E-07	1.1253E-07	-1.2438E-06	2.9645E-06
2.4083E-08	1.4986E-07	-9.6409E-07	2.3946E-06
7.6536E-08	1.2160E-07	-9.8734E-07	2.7706E-06
1.2031E-07	7.1745E-08	-1.0693E-06	2.6525E-06
1.0795E-07	-7.0460E-08	-4.6999E-07	3.5938E-06
4.6533E-08	-1.3472E-07	5.9470E-07	2.0736E-06
-3.0173E-08	-1.4999E-07	-1.1824E-06	1.7362E-06
-1.1149E-07	-1.0318E-07	-7.6893E-07	3.0429E-06
-1.7243E-07	-7.8410E-08	-1.4645E-07	2.4720E-06
-1.7113E-07	4.6530E-08	-4.1846E-07	2.4099E-06
-1.3491E-07	1.0790E-07	-7.3912E-08	2.4139E-06
-1.7434E-08	1.5936E-07	-1.3275E-08	1.8012E-06
9.8023E-08	1.0027E-07	-7.7987E-07	1.5052E-06
1.4234E-07	1.1892E-08	-1.0282E-06	2.3371E-06
1.8371E-07	-8.9967E-08	-3.4474E-07	2.0539E-06
1.3111E-07	-1.3849E-07	-1.1355E-06	1.8474E-06
7.0533E-09	-1.3216E-07	-8.0776E-07	2.4956E-06
-1.1659E-07	-9.5531E-08	-6.9657E-07	1.9719E-06
-1.5038E-07	-2.1517E-09	-1.2377E-06	2.0124E-06
-9.8632E-08	4.4452E-08	-1.3096E-06	2.8088E-06
-3.9295E-08	1.0521E-07	-4.4252E-07	2.2989E-06
3.5443E-08	9.1194E-08	-2.1080E-06	2.5375E-06
3.5190E-08	5.3687E-08	8.9634E-08	4.2674E-06
9.6745E-08	1.8892E-08	6.9664E-08	1.2739E-06
1.1189E-08	-2.0355E-08	-1.4732E-06	2.9861E-06
5.9211E-09	-2.9883E-09	-1.2416E-07	2.6407E-06
-4.2578E-10	-6.3201E-09	-4.0873E-07	2.6760E-06
-1.7709E-09	4.2221E-09	-5.7065E-07	1.5931E-06
7.3757E-08	8.9222E-08	-1.4954E-06	3.4815E-06
9.1990E-08	8.1464E-08	7.4819E-07	2.1688E-06
1.2756E-07	-3.3957E-09	-1.9409E-06	2.1380E-06
1.3127E-07	-8.8260E-08	9.7912E-08	3.1967E-06
4.4728E-08	-1.7242E-07	-1.4419E-06	1.9799E-06
-1.3177E-08	-1.5062E-07	-2.7178E-07	3.6924E-06
-8.1363E-08	-1.2460E-07	-6.8331E-07	2.0071E-06
-1.6514E-07	-6.6105E-08	-4.4220E-07	3.5585E-06
-1.3379E-07	1.4880E-08	-3.0053E-07	1.7718E-06
-9.6371E-08	6.1904E-08	-1.3298E-06	3.4188E-06
-1.1563E-08	4.9385E-08	1.2020E-08	2.8151E-06
6.9818E-08	8.1350E-08	-8.5419E-07	3.2769E-06
5.9346E-08	7.1371E-09	6.0693E-07	3.0545E-06
1.1220E-07	-1.1550E-08	-4.7120E-07	2.1041E-06
6.0458E-08	-8.6975E-08	-5.9732E-07	3.1923E-06
-3.2175E-08	-1.1124E-07	3.2792E-07	3.0244E-06
-6.6421E-08	-8.4730E-08	4.9005E-08	2.1130E-06
-1.0318E-07	2.1835E-08	-5.3180E-07	2.5554E-06
-1.0971E-07	-8.4295E-09	-3.2733E-07	2.4366E-06
-9.1637E-08	5.2796E-08	-7.7488E-07	2.9059E-06
-2.5904E-08	8.2377E-08	-2.5241E-08	2.9683E-06
-3.5113E-08	5.9227E-08	-3.9419E-07	2.7218E-06
2.1954E-08	2.8513E-08	-1.8679E-07	2.9805E-06
4.1944E-08	3.8232E-08	-1.5085E-07	3.1245E-06
2.3544E-08	-5.1943E-08	5.1592E-07	2.8030E-06
5.4982E-08	-2.1733E-09	-2.4449E-07	2.5156E-06
1.6189E-08	-7.6440E-08	5.1516E-07	3.0587E-06
-2.8655E-09	-5.9174E-08	3.0453E-07	1.8209E-06
-2.7630E-08	-2.6356E-08	-4.5134E-07	2.3524E-06
-4.0018E-08	-3.2678E-09	-3.9269E-07	2.5203E-06
-7.5662E-08	-3.9282E-09	-3.4965E-07	3.0046E-06
-7.6012E-08	3.8079E-08	1.4542E-07	3.1251E-06
-6.3986E-08	7.3598E-08	8.7842E-07	2.7900E-06
-5.2799E-08	9.7783E-08	3.4968E-07	1.5894E-06
1.8559E-08	5.3367E-08	-5.5427E-07	2.4452E-06
5.7601E-08	6.6239E-08	3.1557E-07	2.7588E-06
6.0427E-08	3.1572E-08	5.6299E-07	2.0265E-06
1.0273E-07	7.7140E-09	-2.0388E-07	1.4490E-06
9.0310E-08	-6.2211E-08	-8.7324E-07	2.0854E-06
8.6124E-08	-2.2607E-08	-9.7786E-07	2.8094E-06
9.0028E-09	-4.0880E-08	5.2102E-07	3.6748E-06
-1.3597E-08	-3.9033E-08	1.0163E-06	9.6867E-07
2.5015E-09	-2.3578E-08	-1.8909E-06	1.9289E-06
3.2507E-08	-2.5539E-09	8.1722E-08	3.3703E-06
-5.6702E-09	6.2123E-09	-4.0090E-07	1.9291E-06
5.5633E-10	-2.0952E-08	-5.2074E-07	3.1966E-06
5.3116E-08	-4.2055E-08	3.2802E-07	2.7286E-06
6.7538E-08	-2.2834E-08	3.4772E-07	2.2975E-06
1.0649E-08	-8.8321E-08	-4.0103E-07	1.6930E-06
1.4181E-08	-4.3748E-08	-9.1031E-07	3.0631E-06
-2.4395E-08	-4.4522E-08	6.7603E-07	3.1138E-06
-4.4820E-08	-2.2872E-08	6.1752E-07	1.8400E-06
2.4065E-08	-4.1568E-08	-1.1319E-07	1.5551E-06
9.1840E-09	1.2505E-08	-6.9796E-07	1.7135E-06
-4.5515E-08	-1.8689E-08	-1.0925E-06	2.2151E-06
-2.5353E-08	-5.6079E-10	-8.4440E-07	2.9844E-06
-3.2231E-08	-4.5454E-08	-1.6847E-07	2.7958E-06
-1.0362E-07	9.3555E-09	-4.4526E-07	2.7556E-06
-7.3025E-08	6.7064E-09	2.5537E-07	2.9053E-06
-7.6954E-08	2.6704E-08	1.5375E-08	2.0303E-06
-3.6009E-08	1.8217E-08	-3.0857E-07	2.4655E-06
2.0460E-08	4.7682E-08	-1.7284E-07	2.1742E-06
4.5498E-08	-1.6638E-08	-4.0017E-07	2.4177E-06
2.7853E-08	2.3487E-08	-3.4958E-07	2.0231E-06
-1.5660E-08	-2.4368E-08	-1.1130E-06	2.7578E-06
-4.0201E-08	-1.9146E-08	3.9353E-07	3.2313E-06
-3.2106E-08	1.0897E-08	3.7931E-07	1.4342E-06
-3.8104E-08	1.1963E-08	-1.2485E-06	1.5490E-06
-5.9765E-08	2.0652E-08	-1.3596E-06	2.7432E-06
-6.9304E-08	-2.6674E-09	-7.1349E-07	2.8941E-06
-3.1069E-09	9.4858E-09	-9.9145E-07	2.7573E-06
8.5561E-09	2.0285E-08	-6.9677E-07	3.6647E-06
4.0534E-08	3.9294E-08	4.2879E-07	2.8918E-06
1.1166E-08	8.5288E-09	-7.2888E-07	2.3221E-06
4.0854E-08	2.9893E-08	-4.5275E-07	3.2390E-06
-1.9142E-08	2.6562E-08	-4.3723E-07	2.8533E-06
1.3662E-09	1.1038E-08	-9.6970E-09	3.3874E-06
-4.8451E-08	3.2151E-08	-5.4262E-08	2.5047E-06
-1.7133E-08	2.8971E-08	7.4880E-08	3.3564E-06
5.4998E-09	-8.3559E-09	5.1356E-07	1.7002E-06
2.5973E-08	8.5452E-09	-1.2389E-06	2.5158E-06
-2.4691E-08	-1.2751E-08	-1.7248E-07	2.8709E-06
2.6423E-08	1.0854E-08	-7.0588E-07	2.9702E-06
-1.7773E-09	-1.8375E-08	2.4763E-07	2.8714E-06
2.6622E-08	-6.6638E-09	-5.7670E-07	2.4280E-06
2.1529E-08	-1.8377E-08	-3.9969E-07	2.7005E-06
2.1410E-08	7.4979E-09	-1.0712E-06	3.0283E-06
5.0148E-08	-2.5135E-08	-8.7237E-08	3.6086E-06
4.0465E-08	-2.5477E-08	-1.4906E-07	3.2220E-06
4.7533E-09	-1.6700E-08	5.9752E-07	3.1308E-06
-5.5723E-09	-1.4024E-08	-1.9786E-07	2.3886E-06
4.5559E-09	-1.7323E-09	9.2417E-08	3.1360E-06
-1.5429E-08	-4.6998E-08	-9.5609E-09	2.2492E-06
-3.6844E-08	-1.1884E-08	-7.2185E-07	2.9050E-06
-2.4809E-08	-1.7134E-08	-8.8869E-08	3.5240E-06
4.2759E-09	3.1522E-08	6.2371E-07	2.9207E-06
-1.4800E-08	5.6839E-08	1.5307E-07	2.5511E-06
1.5887E-08	1.2002E-08	2.9674E-07	2.3588E-06
-1.0759E-08	2.1746E-08	-3.5119E-07	2.2763E-06
8.1444E-09	1.4632E-08	-3.4244E-07	2.1557E-06
-4.2635E-09	5.6561E-09	-1.5651E-06	3.0794E-06
2.6197E-08	-2.8254E-09	4.8371E-07	3.8454E-06
-2.8294E-08	-9.1961E-09	-5.3183E-07	2.4548E-06
-8.2076E-09	-1.3469E-08	3.5659E-07	4.2799E-06
-3.4410E-09	-1.9590E-09	1.1242E-06	1.9248E-06
-1.3175E-08	1.3425E-08	-7.4421E-07	2.4939E-06
-1.3712E-08	7.7614E-09	2.0120E-07	3.3336E-06
1.8130E-08	1.2262E-08	5.5778E-07	2.3898E-06
-1.1228E-09	-6.0560E-10	-3.4604E-07	2.7096E-06
8.5466E-09	1.0912E-08	1.0479E-06	2.6618E-06
-2.4079E-09	-2.0677E-08	-7.0290E-07	1.2823E-06
3.9332E-09	1.0917E-08	-5.5023E-07	3.5498E-06
-4.8546E-08	-6.1884E-09	3.5063E-07	2.4218E-06
-2.6121E-08	-5.3626E-09	1.9731E-07	2.7393E-06
-9.6216E-09	3.2202E-08	5.7189E-08	1.6692E-06
-1.2821E-08	5.9995E-08	-5.8307E-07	2.4670E-06
-3.5641E-08	1.6268E-08	-6.5686E-07	2.1537E-06
-2.2137E-08	2.8157E-08	-4.5983E-07	3.4829E-06
2.4500E-08	2.8790E-08	5.7817E-07	2.0981E-06
1.4855E-08	3.5274E-08	-5.4481E-07	2.1680E-06
7.8516E-09	7.1746E-08	-5.1790E-07	1.9376E-06
2.3044E-08	-6.9370E-09	-1.0088E-06	2.7579E-06
1.4960E-08	5.5065E-08	-3.9867E-07	2.2138E-06
-9.6288E-09	4.3582E-08	-1.3387E-06	2.7425E-06
-1.4397E-08	2.4926E-08	-6.0588E-07	2.8288E-06
-6.5280E-09	2.3633E-08	-1.1094E-06	3.0298E-06
2.1427E-08	4.6144E-09	-6.0365E-07	3.0925E-06
-2.5280E-09	2.2379E-08	-8.9114E-07	3.5269E-06
-2.2738E-08	4.3863E-08	3.1245E-07	3.2830E-06
-1.0120E-08	-9.4531E-09	-5.9050E-07	2.4125E-06
1.3607E-08	4.9580E-08	-7.3419E-07	3.3608E-06
-8.6421E-09	1.8344E-08	-1.1443E-07	3.0597E-06
9.4431E-09	9.4350E-09	-7.2218E-07	2.9231E-06
1.3035E-09	7.5404E-09	-1.0762E-07	3.4928E-06
-2.4915E-09	-7.8725E-09	-4.7427E-07	2.3620E-06
-7.2725E-09	-3.4506E-08	-1.1614E-06	3.9665E-06
2.5415E-08	6.3706E-09	5.8347E-07	3.8162E-06
-1.1566E-08	-7.0180E-09	4.6833E-07	3.0911E-06
2.6674E-08	-2.1755E-08	6.0581E-07	2.5147E-06
4.6209E-08	-2.6581E-09	8.6435E-08	2.1680E-06
1.2616E-08	1.4409E-08	-4.8161E-07	1.8426E-06
5.4103E-09	-9.7445E-09	-9.9739E-07	2.5589E-06
-2.1494E-08	2.7480E-08	-1.0855E-06	2.4120E-06
1.8551E-08	7.4567E-12	-1.2083E-06	3.7719E-06
-1.0430E-08	-4.5453E-08	1.9698E-07	2.7731E-06
2.4544E-11	-4.6903E-08	-1.3149E-06	2.5532E-06
7.0549E-09	-3.8097E-08	-1.1645E-06	3.0365E-06
9.8731E-09	1.7486E-08	-1.7718E-06	4.0523E-06
-3.9820E-08	-2.5335E-08	2.4644E-08	4.4522E-06
-2.7980E-08	-1.2034E-08	-1.9689E-07	3.5801E-06
-9.2376E-09	-2.7022E-08	5.3511E-08	3.6067E-06
-3.7194E-08	1.3336E-08	-3.4912E-07	3.7513E-06
-4.3621E-08	-7.0974E-08	8.5925E-07	3.8365E-06
-2.0087E-08	4.3822E-08	4.6115E-07	2.5862E-06
-3.6590E-09	-9.1166E-09	-6.5404E-08	2.7330E-06
-9.3670E-09	3.9413E-08	-2.8820E-07	3.0213E-06
1.1095E-08	3.6935E-08	1.1394E-07	2.8345E-06
2.8950E-08	3.7278E-08	-5.3167E-07	2.8180E-06
1.7981E-08	1.7431E-08	-1.4219E-07	2.8483E-06
9.3888E-09	-3.0948E-08	-1.0931E-06	3.1141E-06
4.6312E-08	-1.4476E-08	3.7993E-07	3.8393E-06
4.3693E-08	4.6942E-09	-1.5247E-07	2.2217E-06
1.0508E-08	2.6330E-08	-5.8407E-07	3.3503E-06
-1.1130E-08	-2.8979E-08	-1.5241E-07	2.6512E-06
-2.7814E-08	2.2100E-08	-9.8709E-07	3.1015E-06
1.5918E-08	-1.5110E-08	-4.2068E-07	3.5925E-06
3.7178E-08	-2.8216E-08	1.1234E-08	3.2751E-06
3.0188E-08	-3.5996E-09	-5.5235E-07	2.7538E-06
4.5554E-09	-6.4672E-09	-5.9589E-07	4.1984E-06
1.2534E-08	-1.4378E-08	1.6278E-06	2.8686E-06
-6.0309E-09	-3.1715E-09	-1.2693E-06	9.6144E-07
1.1539E-08	1.8137E-08	-1.5967E-06	4.1571E-06
3.7414E-08	5.9152E-10	-8.7377E-08	3.0060E-06
-1.9486E-08	2.1571E-08	-9.0595E-07	3.7945E-06
-5.4742E-08	2.4224E-09	5.3313E-07	2.7158E-06
-3.9168E-09	1.8549E-08	-1.8056E-06	2.5458E-06
4.4852E-08	-2.0422E-08	-8.7251E-07	4.2935E-06
-1.0312E-08	3.7947E-08	-1.9583E-07	3.7998E-06
3.5006E-08	1.7954E-08	8.9430E-08	3.0486E-06
-7.1326E-09	3.6074E-08	-1.2995E-06	3.2144E-06
6.4206E-08	-4.4981E-09	-2.2304E-08	4.3488E-06
-2.7104E-09	1.8655E-08	1.6685E-07	2.7983E-06
1.3437E-08	-2.6831E-08	-8.4111E-07	3.0057E-06
4.6714E-08	7.2603E-09	-7.8441E-07	3.7242E-06
5.9509E-09	-9.6776E-09	7.0062E-09	3.3510E-06
2.1552E-08	2.0800E-09	-1.1626E-06	2.7884E-06
1.5409E-08	-3.7545E-08	-1.3068E-06	4.2020E-06
-1.8080E-08	3.3416E-09	-5.3279E-07	4.4039E-06
-2.8934E-08	-5.0668E-08	1.2670E-07	4.4158E-06
3.7698E-08	-3.6540E-08	4.1790E-07	3.4571E-06
2.7298E-09	-1.0495E-08	-6.4132E-07	3.5435E-06
-3.3586E-09	-1.9760E-08	3.5617E-07	4.5703E-06
9.4679E-09	3.4968E-08	8.0875E-07	2.8852E-06
-6.6218E-09	5.3850E-09	-2.4486E-07	3.4017E-06
-1.8612E-08	-8.0090E-09	4.3875E-07	2.8770E-06
2.1382E-08	1.6435E-08	-4.8873E-07	3.1035E-06
-1.4121E-08	-3.2535E-08	-2.8814E-08	2.4366E-06
3.3911E-08	1.2120E-08	-1.9450E-06	3.4793E-06
-2.4269E-08	-2.4155E-08	3.3672E-07	4.0871E-06
-1.7512E-08	3.1826E-08	-1.2988E-06	3.0493E-06
-7.9505E-09	2.8438E-08	-1.1657E-07	4.7824E-06
-2.3836E-09	-1.7697E-08	4.2143E-09	3.6503E-06
-4.3142E-08	-1.2261E-08	9.6376E-07	3.7032E-06
6.1217E-09	3.8334E-08	-7.4203E-07	2.0496E-06
9.3613E-09	5.7690E-09	-5.3853E-07	4.4530E-06
2.2518E-08	2.4640E-08	4.2325E-08	2.6205E-06
2.0660E-08	-7.1501E-09	-1.1191E-06	4.0325E-06
3.2146E-08	2.5727E-08	2.7871E-07	3.7776E-06
5.6888E-09	-1.3519E-08	-1.1436E-07	3.3025E-06
-2.1110E-08	-1.6543E-08	-5.5788E-07	3.1968E-06
-3.1811E-08	4.3679E-08	-4.2787E-07	4.0012E-06
1.3493E-08	-4.7993E-09	-7.3803E-08	3.4928E-06
-1.9122E-08	2.1842E-08	4.7802E-08	3.8189E-06
-8.1616E-09	4.9479E-09	1.1094E-07	2.7276E-06
1.2730E-09	1.4400E-08	-8.8620E-07	3.4987E-06
3.4583E-09	2.0585E-08	2.6805E-07	3.4340E-06
9.6666E-09	2.6515E-08	-8.1861E-07	2.2974E-06
2.3977E-08	1.6401E-08	-1.8812E-06	4.1634E-06
-6.3273E-09	1.3690E-08	6.6092E-07	4.5479E-06
2.3046E-08	-2.4516E-09	-4.6238E-07	2.0680E-06
2.5728E-08	-2.2345E-08	-1.6849E-06	4.2490E-06
3.7840E-08	1.7563E-08	-1.3444E-08	3.9730E-06
3.6903E-09	-1.0365E-08	-8.1659E-07	3.5192E-06
2.0987E-08	-2.8912E-08	-8.1548E-07	4.0539E-06
-4.3490E-09	2.2064E-08	-4.8618E-07	4.3036E-06
-3.0922E-09	-2.4470E-08	-1.5417E-07	4.0232E-06
1.9736E-08	4.9088E-09	-3.3232E-07	3.7113E-06
-1.9471E-08	-1.7577E-08	-9.5846E-07	4.1164E-06
4.7366E-08	-2.3826E-08	7.3942E-08	4.8691E-06
9.2426E-09	-5.9379E-10	2.2160E-07	3.8340E-06
-3.3598E-08	2.5817E-08	3.5134E-07	4.1867E-06
-9.3719E-09	4.7033E-08	1.4546E-07	3.0511E-06
-4.6081E-08	-3.4826E-09	-4.4544E-07	4.0476E-06
-1.4047E-08	-4.9099E-08	1.1472E-07	3.3961E-06
-1.1643E-08	1.4145E-08	-6.3965E-07	4.1663E-06
-3.2999E-08	-3.0388E-09	7.6298E-07	3.9123E-06
-1.3046E-08	-9.1147E-09	-2.3440E-08	2.9549E-06
2.0917E-08	-1.6341E-08	-4.1186E-07	3.3194E-06
-8.2818E-09	-2.1331E-08	-4.1431E-07	3.3273E-06
-4.3884E-09	-1.9809E-08	-1.1334E-06	3.2413E-06
-4.3055E-08	1.2421E-08	-1.0198E-06	4.7837E-06
-4.4064E-09	2.6029E-08	4.2338E-07	3.9777E-06
-2.0787E-08	2.5513E-08	-7.5390E-07	3.5556E-06
-1.3614E-08	4.1294E-08	-4.0912E-07	4.4455E-06
-1.4964E-08	1.4715E-08	1.7020E-07	4.1136E-06
2.1260E-08	1.2095E-08	-3.3296E-08	3.5272E-06
-1.2740E-08	1.7353E-08	-5.6637E-07	3.9136E-06
2.3684E-08	1.0131E-08	-4.2786E-08	4.2841E-06
-6.5566E-09	1.2684E-08	4.7360E-07	3.7539E-06
-1.4467E-08	-2.5806E-08	-3.2847E-07	3.0168E-06
-8.0040E-09	-9.6459E-10	-5.7720E-07	4.1574E-06
-1.1613E-08	2.4276E-08	2.4432E-07	3.3717E-06
-2.6554E-08	6.0621E-09	-9.5696E-07	3.3616E-06
-2.6040E-08	-6.0209E-09	-7.5747E-07	3.9855E-06
9.4480E-10	-2.4423E-08	-7.3835E-07	4.5139E-06
-1.8997E-08	1.9720E-08	5.5884E-07	4.4356E-06
1.9857E-08	1.7352E-08	1.8700E-07	2.9691E-06
4.3763E-09	4.7077E-08	-1.1422E-06	3.4993E-06
3.3283E-08	-1.2415E-08	-2.5580E-07	4.5386E-06
3.7165E-08	-5.1675E-09	4.1961E-08	3.1621E-06
1.1892E-08	-1.2689E-08	-1.1631E-06	3.6437E-06
5.3603E-08	2.4327E-10	-9.3748E-07	3.9968E-06
-5.8042E-09	9.9421E-09	-8.7477E-07	4.9125E-06
1.3802E-08	2.5644E-08	3.7180E-07	4.0280E-06
2.6183E-08	1.4562E-08	-1.1545E-06	4.0381E-06
-2.0840E-08	1.3454E-08	1.9001E-07	4.8172E-06
2.7215E-08	-2.8025E-08	-3.6513E-07	3.6277E-06
-1.1573E-08	-5.4694E-09	-5.8910E-07	4.5952E-06
8.5026E-09	5.9563E-09	-7.4514E-08	4.6532E-06
-3.4094E-08	-4.6437E-08	6.0935E-07	4.3299E-06
-3.6041E-08	1.0184E-08	6.4103E-08	3.4484E-06
1.9650E-08	2.4701E-08	-4.1582E-07	3.8457E-06
8.7585E-09	-4.5383E-08	-5.4951E-07	4.2999E-06
-1.4022E-08	-3.3188E-08	4.3734E-07	4.5158E-06
-1.5698E-08	1.6065E-08	2.0193E-07	3.4431E-06
2.3182E-08	-7.5125E-09	-2.0735E-08	3.7461E-06
1.7970E-08	1.1528E-08	-4.5073E-07	2.9576E-06
-3.3576E-09	-2.0525E-09	-1.6276E-06	4.2757E-06
2.4642E-08	4.1938E-08	1.6287E-07	5.3184E-06
-3.1327E-09	1.1922E-09	8.6746E-07	3.3713E-06
1.9523E-09	-4.4882E-09	-9.3518E-07	3.1897E-06
-1.0917E-09	-2.6858E-08	-6.5469E-07	4.2578E-06
-8.6743E-09	2.6482E-08	-6.1150E-07	4.1210E-06
-1.0436E-08	-5.1250E-08	-9.4841E-08	4.4733E-06
-2.1970E-08	4.1507E-08	-1.5452E-07	3.6800E-06
-2.2467E-10	2.6028E-08	-4.8692E-07	4.0030E-06
-1.1360E-08	-3.1782E-08	-5.8916E-07	3.9148E-06
-2.4258E-08	-1.6931E-08	-4.7925E-07	4.3169E-06
-1.5738E-09	-1.5354E-08	-6.6435E-07	4.0972E-06
5.6501E-09	2.7895E-08	-8.7411E-08	5.0486E-06
-4.6295E-09	2.2728E-08	6.9796E-07	3.4148E-06
-1.6161E-08	3.0794E-08	-8.9947E-07	3.4071E-06
-1.8285E-08	2.6152E-08	-8.1480E-07	3.8369E-06
-1.0166E-08	2.1454E-08	-1.3138E-06	4.6269E-06
-1.4656E-08	1.6731E-08	2.3870E-07	4.9616E-06
1.9966E-08	-4.6565E-09	-6.2610E-08	3.5744E-06
-1.1858E-08	-5.6621E-09	-7.2201E-07	4.0340E-06
2.2498E-08	1.9362E-08	-6.7839E-07	4.1287E-06
3.4914E-08	-4.0168E-09	-7.0483E-07	4.5830E-06
-8.9468E-09	-5.3899E-09	-9.4918E-08	4.2836E-06
-2.7708E-10	-6.2152E-09	-9.6912E-07	4.1059E-06
7.0542E-09	1.1596E-08	-2.7157E-07	5.1308E-06
1.8231E-08	-2.8369E-09	-7.3837E-08	3.9985E-06
1.9898E-08	-3.6719E-09	-3.1069E-07	4.9106E-06
3.0695E-09	-9.8767E-10	5.5473E-07	3.4588E-06
1.4030E-08	9.8541E-09	-1.6873E-06	3.8987E-06
-2.1819E-08	3.4270E-09	-3.9365E-07	5.3996E-06
1.9410E-08	-2.3059E-08	1.4722E-07	4.9006E-06
3.9336E-08	8.6705E-09	1.0369E-06	4.3395E-06
4.1358E-08	-1.0238E-08	1.8393E-07	3.1722E-06
-2.5036E-08	-3.3135E-08	-2.0959E-07	3.3824E-06
-1.9744E-08	-3.3590E-08	-1.0841E-06	3.2898E-06
4.5208E-09	-2.8719E-09	-1.0041E-06	4.2397E-06
1.8143E-08	-1.0388E-09	-1.0861E-06	4.1822E-06
1.2448E-08	1.0193E-08	-5.6315E-07	5.2040E-06
-8.7667E-09	-1.7265E-08	8.1803E-07	4.1550E-06
-4.3111E-09	-6.0541E-09	-3.6172E-07	2.4932E-06
1.7019E-08	6.4574E-09	-2.1552E-06	3.7062E-06
5.1576E-09	-2.5627E-08	-1.0732E-06	4.8010E-06
-1.3933E-09	-5.5614E-08	-1.1422E-06	4.4641E-06
-2.0604E-08	-3.9829E-08	-5.0002E-07	4.8560E-06
-9.2481E-09	-2.2831E-08	-7.2068E-07	4.0479E-06
8.5831E-09	-5.2550E-09	-9.3952E-07	4.4346E-06
-3.1738E-09	2.8569E-09	-1.2339E-06	4.6440E-06
1.1050E-08	1.4720E-08	-3.9980E-08	5.0350E-06
-7.1099E-09	3.9581E-08	-8.5225E-07	3.2488E-06
-2.3366E-08	2.9691E-08	-1.8948E-06	5.0182E-06
-6.8213E-09	-8.9030E-09	-8.0143E-07	5.1665E-06
-2.0780E-09	-1.4047E-08	-2.6689E-07	5.2236E-06
-5.1556E-09	-2.2092E-08	-4.6877E-07	3.7545E-06
1.5851E-08	-2.1890E-08	-1.6381E-06	5.1846E-06
-9.0552E-09	-1.4381E-08	7.3851E-09	4.7957E-06
5.2704E-09	-6.0049E-09	-1.4974E-06	4.2911E-06
5.9018E-09	-1.0425E-08	-1.1486E-06	5.6329E-06
7.5612E-09	-8.0103E-09	-2.9034E-07	5.6304E-06
-1.6430E-08	-1.1643E-08	2.2987E-07	4.6005E-06
1.7758E-08	-1.0570E-08	-1.3030E-06	4.4828E-06
1.1572E-08	3.4491E-08	-5.0778E-07	6.0817E-06
4.9968E-08	-9.9509E-09	6.3687E-07	4.9417E-06
1.4654E-08	2.5058E-08	-1.0710E-08	4.3502E-06
1.6343E-08	-2.7393E-10	-2.6630E-07	4.2813E-06
2.3080E-08	7.3099E-09	-6.0088E-07	4.5231E-06
-1.3411E-08	1.1030E-08	-1.8235E-07	4.4930E-06
5.4127E-09	4.2423E-08	-7.9334E-07	4.1462E-06
3.1569E-08	9.4938E-10	-5.1822E-07	4.9334E-06
1.6113E-08	1.3867E-08	-2.3536E-08	3.8687E-06
-1.1496E-08	-3.6449E-08	-1.3822E-06	3.4899E-06
-3.1365E-08	-1.7782E-08	-2.1959E-06	4.5978E-06
6.5483E-09	6.4444E-09	-1.3835E-06	5.7982E-06
-4.4014E-08	-1.1718E-08	-5.3513E-07	5.1371E-06
5.8382E-09	-2.3668E-08	-9.2773E-07	5.0242E-06
7.5537E-09	1.3319E-08	-7.9097E-07	4.9844E-06
2.8281E-09	-1.4360E-08	-1.1457E-06	5.1574E-06
8.9572E-09	-2.6827E-08	-7.3094E-07	5.6664E-06
1.4398E-08	-8.9199E-09	-6.0613E-09	5.2643E-06
3.0645E-08	-1.5159E-08	-5.1418E-07	4.3397E-06
-2.2580E-08	-3.0712E-08	-1.2905E-06	5.1228E-06
4.7600E-09	8.7537E-09	-4.3344E-07	5.4794E-06
1.8585E-08	-1.5540E-08	-2.7843E-07	4.7821E-06
-1.2949E-08	2.5249E-08	-9.2815E-07	4.4454E-06
-5.9651E-08	-2.7422E-08	-1.4615E-06	5.1608E-06
2.8533E-09	-1.3254E-08	-9.6104E-07	5.5786E-06
-4.4955E-09	4.3356E-08	-9.1902E-07	5.6879E-06
1.6837E-08	-1.6862E-08	-1.1977E-07	6.0241E-06
5.7239E-09	1.5810E-08	2.5718E-07	4.7991E-06
1.2776E-08	-9.0725E-09	-8.1854E-07	4.9265E-06
5.3110E-08	-1.0889E-08	-1.0589E-07	5.0562E-06
-5.5465E-09	-6.8047E-08	-1.2310E-06	4.6493E-06
2.0074E-08	-1.8256E-08	-3.4593E-07	6.1335E-06
2.7480E-08	1.8639E-08	1.6664E-07	4.3670E-06
-3.6967E-08	2.8526E-08	-9.2677E-07	4.9072E-06
-4.5108E-08	1.2622E-08	-5.7432E-07	4.6399E-06
-1.8613E-09	-3.7888E-08	-1.2419E-06	5.2137E-06
-2.6309E-08	-6.6959E-09	-3.3142E-07	5.3120E-06
-1.6556E-08	3.0517E-09	-5.4524E-07	4.6082E-06
-1.0573E-08	1.4159E-08	-1.3909E-06	4.7934E-06
-8.7525E-09	3.1315E-09	-5.8939E-07	5.6723E-06
-1.2273E-09	-1.4491E-08	-9.9882E-07	3.9848E-06
6.9643E-09	-1.5500E-08	-2.1309E-06	6.1554E-06
-1.3590E-08	1.4810E-08	-3.2642E-07	5.3431E-06
1.1552E-09	-2.9226E-08	-1.9403E-06	6.4383E-06
-2.6482E-08	-2.5332E-08	1.4890E-06	6.3668E-06
2.0694E-08	-3.0018E-08	-5.9411E-07	3.7358E-06
1.0421E-08	-1.6309E-08	-7.0069E-07	5.5636E-06
-1.3843E-08	-1.1076E-08	-7.3472E-07	4.4941E-06
-1.0470E-08	3.5838E-08	-1.0587E-06	5.5092E-06
2.6544E-08	1.2067E-08	-4.6861E-07	4.9296E-06
-4.1290E-09	-3.4075E-08	-1.1946E-06	4.7126E-06
-4.3789E-09	-3.7215E-09	-1.5694E-06	5.4569E-06
1.2164E-08	-2.4862E-08	-7.7264E-07	5.5431E-06
-1.5331E-08	3.7595E-08	-1.5126E-06	5.3720E-06
-1.1922E-08	-1.0867E-08	-5.8379E-07	6.2055E-06
-2.5881E-08	7.2583E-09	-7.5684E-07	5.0755E-06
-1.3618E-08	2.1837E-08	-7.5523E-07	6.0372E-06
-7.5899E-09	1.2209E-08	-1.1540E-07	4.9323E-06
3.8618E-09	-2.2922E-09	-1.0669E-06	4.9301E-06
-6.3629E-09	-2.6955E-08	-1.0283E-06	4.9500E-06
4.5533E-09	1.6272E-09	-1.5878E-06	5.1167E-06
-2.5171E-08	1.1290E-08	-1.5506E-06	5.6794E-06
-2.3313E-08	9.3587E-11	-1.1842E-06	5.7756E-06
5.3153E-09	4.7130E-09	-1.3230E-06	5.7789E-06
-1.3499E-08	-5.2605E-09	-7.6271E-07	5.9864E-06
1.2850E-08	-1.5056E-08	-1.1006E-06	5.2238E-06
-1.1118E-08	-2.1394E-08	-1.3462E-06	6.0171E-06
-1.5259E-09	1.4652E-09	-9.5307E-07	5.7176E-06
-7.1062E-09	1.7447E-08	-9.6593E-07	5.9478E-06
3.2657E-08	-4.6497E-08	-1.0026E-06	5.2770E-06
6.7809E-10	-2.8312E-08	-1.5815E-06	6.1551E-06
1.6344E-08	1.2138E-08	-6.2372E-07	5.8710E-06
1.2950E-08	9.2216E-09	-1.2621E-06	5.7954E-06
-3.5724E-09	-2.2801E-08	-7.2523E-07	5.7553E-06
-2.1607E-08	-1.8434E-08	-1.4122E-06	5.5029E-06
-1.1441E-08	1.2535E-08	-1.3442E-06	5.9290E-06
-3.6952E-08	-3.2508E-08	-1.4151E-06	6.1763E-06
-2.3979E-08	-1.9529E-08	-8.9443E-07	6.1179E-06
5.2999E-08	6.5686E-09	-1.1861E-06	5.9442E-06
-8.0850E-09	-1.4408E-08	-1.2516E-06	5.7699E-06
1.6550E-08	2.7903E-08	-1.9275E-06	6.7682E-06
-1.4281E-08	-1.0189E-08	-7.0395E-08	6.9154E-06
3.0366E-10	-6.3848E-09	-7.5134E-07	5.8563E-06
-1.0692E-08	-1.8116E-08	-1.1218E-07	6.0609E-06
1.5690E-08	-1.5979E-08	-1.2166E-06	5.1599E-06
-3.1723E-08	2.0161E-08	-6.6103E-07	6.1701E-06
-3.7626E-08	-7.5796E-09	-1.4924E-06	4.8021E-06
3.4890E-08	-1.7434E-08	-1.7662E-06	6.7921E-06
1.4725E-10	2.6199E-10	-7.0908E-07	5.9138E-06
-6.3889E-09	-9.3568E-09	-1.0081E-06	6.0283E-06
-8.7892E-09	1.4085E-08	-1.3584E-06	5.3238E-06
-4.1413E-09	-3.5246E-09	-1.4286E-06	6.4621E-06
-1.5119E-08	4.4665E-09	-1.2384E-06	5.1794E-06
3.0945E-08	-1.8539E-08	-2.1263E-06	6.6271E-06
3.7606E-08	-2.5648E-09	-8.7525E-07	5.6572E-06
1.8895E-08	1.5813E-08	-2.3983E-06	6.0083E-06
-1.7531E-08	-2.5562E-09	-1.8812E-06	6.0757E-06
1.1344E-08	4.0844E-08	-2.7432E-06	7.3080E-06
7.4014E-09	1.3528E-08	-6.2184E-07	6.9374E-06
-8.3528E-09	-1.0181E-08	-2.5885E-06	6.3230E-06
9.0095E-09	9.0543E-09	-1.3701E-06	7.9726E-06
-1.5284E-10	-2.3026E-08	-1.4800E-06	6.9317E-06
-3.9812E-08	1.5089E-08	-9.2780E-07	8.3540E-06
6.4703E-09	2.2928E-08	7.8011E-07	6.6856E-06
-4.2523E-10	1.1328E-08	-1.0838E-06	5.2532E-06
4.6873E-08	7.0712E-10	-1.7431E-06	6.8815E-06
1.0648E-08	1.9375E-08	-8.8172E-07	6.4677E-06
1.5419E-08	-2.0283E-08	-1.6139E-06	6.8778E-06
-7.6757E-09	-1.0394E-08	-4.7030E-07	6.7218E-06
3.2650E-09	1.2276E-08	-1.5089E-06	6.0056E-06
2.9677E-08	1.1633E-08	-1.5941E-06	6.9508E-06
-5.6607E-08	-9.9873E-09	-7.7392E-07	7.0394E-06
-6.5956E-09	-4.9356E-09	-8.6155E-07	5.4382E-06
-8.1147E-09	-2.8942E-08	-2.9236E-06	6.5805E-06
-1.3921E-08	-3.0638E-08	-1.1436E-06	7.3386E-06
3.6070E-08	-1.4550E-08	-2.2272E-06	6.6810E-06
8.2645E-09	3.3209E-08	-1.2892E-06	7.8958E-06
-5.0374E-09	-7.4986E-09	-1.1763E-06	7.1309E-06
-1.4006E-08	-2.8668E-08	-4.4288E-07	6.9253E-06
7.5824E-09	2.6137E-11	-2.0852E-06	5.8435E-06
2.4543E-08	8.8906E-09	-1.9308E-06	7.7599E-06
3.2387E-08	4.5263E-09	-1.8154E-06	7.0533E-06
-2.0632E-09	-2.8692E-08	-1.2587E-06	8.4949E-06
-8.8942E-09	2.4957E-08	-3.4640E-07	6.6919E-06
1.7452E-08	-2.4022E-08	-1.7185E-06	7.0308E-06
1.8410E-08	1.0982E-08	-1.4200E-06	7.4717E-06
-1.6417E-08	4.2389E-08	-5.5213E-07	8.0171E-06
-1.7453E-08	2.8227E-08	-2.2836E-08	5.9292E-06
-7.0473E-09	-1.2852E-08	-2.2097E-06	6.2235E-06
-2.4080E-08	3.0532E-09	-1.5281E-06	7.2552E-06
4.6954E-08	-7.5908E-09	-1.3149E-06	6.6739E-06
-7.2885E-09	-2.1691E-08	-2.2132E-06	6.3799E-06
-2.2594E-08	-3.3113E-08	-2.3964E-06	7.7778E-06
-8.7422E-09	-1.5764E-08	-1.5126E-06	7.1800E-06
-8.3362E-09	2.1415E-08	-2.4498E-06	7.7232E-06
6.4026E-09	5.9846E-09	-1.2246E-06	7.8476E-06
2.4657E-08	3.7951E-08	-1.9576E-06	7.4731E-06
-1.4178E-08	-2.3902E-08	-1.2479E-06	7.8911E-06
-3.9075E-09	-2.8513E-09	-1.6200E-06	7.3088E-06
2.7845E-08	2.0397E-08	-1.2996E-06	7.4230E-06
-2.9995E-10	2.0727E-09	-2.3511E-06	6.8524E-06
-1.7999E-08	3.1634E-08	-2.2996E-06	8.3333E-06
1.0737E-08	2.1723E-08	-1.7238E-06	7.9149E-06
1.7474E-08	-9.2990E-10	-1.6594E-06	8.2917E-06
-5.1801E-08	-3.3879E-08	-1.3406E-06	7.7145E-06
-6.1884E-09	3.1429E-08	-1.5888E-06	7.7458E-06
-6.6418E-09	-1.4746E-08	-1.9958E-06	7.2554E-06
-2.6518E-09	-1.7611E-08	-2.6404E-06	8.4780E-06
1.1835E-10	-4.1436E-08	-1.3927E-06	8.7304E-06
2.0505E-08	-2.9595E-08	-1.0967E-06	8.2612E-06
-5.6910E-10	-1.8314E-08	-1.0398E-06	7.1384E-06
-7.8846E-09	-7.6604E-09	-2.9281E-06	7.2464E-06
-9.6741E-10	1.5659E-08	-2.5626E-06	9.0632E-06
-1.1210E-08	1.2431E-08	-1.3377E-06	8.7705E-06
6.6154E-09	-1.3475E-09	-1.5402E-06	7.9237E-06
-3.0474E-09	-9.2625E-09	-2.2989E-06	8.2963E-06
7.3842E-11	-2.8456E-08	-1.7051E-06	8.8200E-06
1.1110E-08	-8.3075E-09	-1.6883E-06	8.1637E-06
4.9396E-09	2.2048E-09	-2.2842E-06	8.5728E-06
-4.2938E-08	2.7357E-08	-1.8882E-06	8.9715E-06
-2.8691E-08	2.5125E-08	-1.8086E-06	9.0242E-06
3.1156E-08	-2.3546E-08	-1.3005E-06	9.0837E-06
-2.4233E-08	-5.6650E-09	-1.3798E-06	8.6550E-06
1.8738E-08	9.1388E-09	-1.2690E-06	8.5866E-06
-7.9418E-09	-1.3741E-08	-2.1007E-06	8.3617E-06
3.6129E-08	1.6140E-08	-1.5636E-06	9.7216E-06
-1.2749E-08	-1.2176E-08	-7.8153E-07	8.6641E-06
-8.1252E-09	1.6823E-08	-7.6605E-07	8.7072E-06
-2.7877E-08	3.1342E-09	-1.2558E-06	6.8372E-06
-2.2646E-08	-6.4114E-10	-3.3829E-06	8.9016E-06
1.7338E-08	1.0724E-08	-8.1665E-07	9.1741E-06
-2.0174E-08	2.0108E-08	-2.1171E-06	7.9673E-06
-3.5393E-08	-2.4289E-09	-1.8099E-06	8.6037E-06
-1.9871E-09	-2.0204E-08	-2.8937E-06	8.2015E-06
-5.9726E-09	4.7089E-09	-2.5692E-06	9.7341E-06
1.1781E-09	-9.0813E-10	-2.1354E-06	9.1109E-06
-8.4704E-09	-2.7940E-08	-2.6173E-06	9.9273E-06
1.7546E-08	-6.8547E-08	-1.1663E-06	1.0266E-05
9.9328E-09	-1.6316E-08	-1.2346E-06	8.7450E-06
-1.2474E-08	1.2528E-08	-2.1139E-06	9.4793E-06
-2.6078E-08	-1.0111E-10	-1.4325E-06	9.2709E-06
-4.4855E-09	-3.1326E-08	-1.8731E-06	9.6228E-06
-3.8561E-09	2.5800E-08	-1.0109E-06	8.9424E-06
9.9231E-09	-1.8655E-09	-2.4274E-06	9.1176E-06
-8.7871E-09	-4.5218E-08	-1.0833E-06	9.3653E-06
1.8778E-08	-2.4735E-08	-2.4312E-06	8.4321E-06
2.7224E-08	-2.4191E-08	-2.2327E-06	9.4658E-06
4.5833E-09	1.2884E-08	-2.6650E-06	9.3194E-06
1.1686E-08	2.3329E-08	-2.0319E-06	9.6873E-06
-2.4134E-09	-1.8083E-08	-3.2494E-06	9.5864E-06
3.0249E-08	9.9499E-09	-1.6429E-06	1.1129E-05
-4.3914E-09	-5.0161E-08	-1.8309E-06	9.0852E-06
3.3281E-08	-8.6037E-09	-2.2128E-06	1.0431E-05
2.3958E-08	-3.2472E-10	-2.0197E-06	9.2383E-06
-1.7267E-09	3.8374E-09	-2.8926E-06	1.0653E-05
-2.2705E-09	-2.2424E-08	-1.6970E-06	1.0394E-05
-3.9187E-09	-1.2917E-08	-2.0791E-06	1.0583E-05
1.7015E-08	-2.3932E-08	-1.3208E-06	1.0333E-05
-8.3762E-09	1.1709E-08	-1.5485E-06	1.0047E-05
-3.5066E-09	1.3939E-08	-1.4226E-06	9.5292E-06
2.6135E-08	1.7912E-08	-2.1877E-06	9.3482E-06
-1.7565E-08	2.7703E-08	-2.5801E-06	9.3522E-06
-9.8539E-09	-3.6850E-09	-3.4878E-06	1.0170E-05
4.2416E-09	9.4506E-09	-2.3924E-06	1.1122E-05
1.4825E-08	8.5936E-09	-2.3559E-06	1.0047E-05
-1.2278E-08	-9.4345E-09	-3.0101E-06	1.1076E-05
1.5390E-09	7.9828E-09	-1.7333E-06	1.0872E-05
-3.4018E-08	2.2685E-08	-2.5670E-06	1.0334E-05
-3.2293E-09	-9.6620E-09	-2.3658E-06	1.0744E-05
1.9765E-08	-9.9300E-09	-2.8260E-06	1.0873E-05
-2.0629E-09	-5.3805E-09	-1.6097E-06	1.1007E-05
-2.5427E-08	-4.2744E-09	-3.1778E-06	9.3147E-06
2.1176E-08	-1.8787E-08	-4.1754E-06	1.2129E-05
5.3711E-09	2.2400E-08	-1.7667E-06	1.2175E-05
9.9968E-09	2.9896E-08	-2.0057E-06	1.0829E-05
-2.3381E-09	-1.1830E-08	-2.9250E-06	1.0917E-05
-2.0484E-08	7.8242E-09	-2.7942E-06	1.1829E-05
-3.7560E-08	1.4109E-08	-2.1259E-06	1.1476E-05
-1.9879E-08	1.1740E-08	-2.5213E-06	1.1072E-05
-4.9088E-09	1.8845E-08	-2.9092E-06	1.1292E-05
3.1549E-08	1.2483E-09	-2.9670E-06	1.1497E-05
-1.0534E-09	2.1329E-08	-3.1310E-06	1.1898E-05
1.9482E-08	5.1745E-08	-2.6023E-06	1.1868E-05
6.6219E-08	-9.0632E-09	-3.3004E-06	1.1807E-05
-6.3304E-09	1.8244E-08	-2.6682E-06	1.2317E-05
1.1928E-08	-1.0647E-08	-3.5488E-06	1.1775E-05
-1.4465E-08	-1.5243E-08	-3.0565E-06	1.3629E-05
9.8828E-09	1.7815E-09	-1.8201E-06	1.2354E-05
5.0423E-09	-7.9575E-09	-2.6624E-06	1.2267E-05
1.8490E-08	-1.4487E-08	-2.5035E-06	1.2047E-05
-2.3214E-08	-1.3729E-09	-3.2453E-06	1.2281E-05
-1.3499E-08	3.2505E-08	-2.8411E-06	1.2762E-05
-2.3305E-08	-1.4999E-08	-2.9350E-06	1.2270E-05
-2.9612E-08	-1.7129E-10	-3.6614E-06	1.3018E-05
2.0084E-08	-1.0283E-08	-2.3436E-06	1.3455E-05
-2.2742E-08	1.5932E-09	-2.8963E-06	1.2148E-05
1.1350E-08	4.1492E-08	-3.5640E-06	1.3212E-05
-2.8884E-08	3.0745E-08	-3.0159E-06	1.3516E-05
1.4232E-08	-2.2572E-08	-2.2700E-06	1.3224E-05
-4.4976E-09	-2.7639E-09	-3.3147E-06	1.2238E-05
-1.7850E-08	3.5930E-08	-3.2632E-06	1.3431E-05
6.8083E-09	-2.2408E-08	-3.9106E-06	1.1998E-05
-2.3682E-08	1.3431E-08	-5.1817E-06	1.4812E-05
-7.1220E-10	2.6058E-08	-2.4405E-06	1.4486E-05
3.3976E-09	-4.0423E-08	-3.6082E-06	1.3668E-05
-2.0429E-08	5.4109E-08	-3.2748E-06	1.3832E-05
-2.1753E-08	-3.2888E-08	-4.4105E-06	1.4101E-05
2.1125E-08	3.0926E-09	-3.2968E-06	1.5063E-05
-1.7031E-08	2.9993E-09	-3.4889E-06	1.4193E-05
-1.1054E-08	2.4645E-08	-3.3979E-06	1.4880E-05
-2.5028E-08	1.2402E-08	-3.1415E-06	1.4065E-05
-7.0546E-10	-1.5085E-08	-4.0415E-06	1.4086E-05
-2.4870E-08	-5.5673E-09	-4.2738E-06	1.4592E-05
-1.5026E-08	1.1430E-08	-4.0839E-06	1.4758E-05
-3.5288E-09	-1.9369E-09	-4.7831E-06	1.4342E-05
-8.6177E-09	-9.7164E-11	-5.5078E-06	1.5885E-05
-1.6444E-09	-1.3307E-08	-4.0845E-06	1.6106E-05
4.0157E-09	8.5851E-09	-4.8191E-06	1.5470E-05
-2.9703E-08	-3.4364E-08	-5.0690E-06	1.6249E-05
4.1151E-08	-8.5568E-09	-5.0551E-06	1.6863E-05
1.6103E-08	2.3495E-08	-4.0646E-06	1.6653E-05
-6.3826E-09	-1.5196E-08	-5.7267E-06	1.5900E-05
1.0809E-08	-2.4873E-08	-6.0540E-06	1.8135E-05
-1.6432E-08	1.2997E-08	-5.1315E-06	1.8637E-05
-8.0079E-09	-5.2683E-09	-3.9993E-06	1.8873E-05
1.9234E-08	3.5175E-08	-4.3403E-06	1.7542E-05
-2.5237E-08	-2.3761E-08	-5.2987E-06	1.8588E-05
8.7546E-09	5.1662E-09	-5.0558E-06	1.9528E-05
2.0333E-08	1.5683E-08	-3.5030E-06	2.0065E-05
8.2141E-09	7.6808E-09	-3.9314E-06	1.8559E-05
-6.2877E-10	-3.8473E-09	-3.8177E-06	1.9962E-05
-1.7228E-09	4.3440E-08	-3.7798E-06	1.8164E-05
2.0436E-08	-1.7114E-08	-5.0430E-06	2.0306E-05
1.7165E-08	3.2920E-08	-3.0664E-06	1.9205E-05
-1.8257E-09	1.2189E-08	-5.4622E-06	1.9375E-05
4.0230E-08	-3.7030E-08	-4.0960E-06	2.0519E-05
-2.5596E-08	-1.3756E-08	-4.9999E-06	1.9540E-05
4.6834E-08	-1.1906E-08	-5.6675E-06	2.1140E-05
8.4137E-09	-9.4251E-09	-4.5850E-06	2.1776E-05
2.5494E-08	6.0624E-09	-4.6902E-06	2.1288E-05
5.7718E-08	1.2315E-08	-4.6388E-06	2.1935E-05
2.5222E-08	1.8289E-08	-5.1163E-06	2.1378E-05
1.1566E-08	2.4951E-08	-5.2891E-06	2.3045E-05
7.1676E-09	4.1420E-09	-4.9813E-06	2.2026E-05
-2.5231E-08	-2.2786E-08	-5.8945E-06	2.4150E-05
-7.1034E-09	6.2452E-09	-4.1589E-06	2.2725E-05
-1.4192E-08	-2.4901E-09	-7.3364E-06	2.3958E-05
-8.4007E-10	3.1363E-08	-4.8513E-06	2.5445E-05
-1.9912E-08	1.2751E-08	-6.4596E-06	2.4820E-05
-1.2137E-08	-2.2220E-08	-5.5126E-06	2.6623E-05
-5.0028E-09	7.3152E-09	-6.2532E-06	2.6615E-05
4.4996E-09	2.3790E-08	-4.8059E-06	2.8381E-05
-7.9653E-09	2.5047E-08	-4.7506E-06	2.6857E-05
5.7125E-09	2.2855E-08	-5.9956E-06	2.7779E-05
-5.4462E-09	8.0653E-09	-6.4019E-06	2.9177E-05
-2.3626E-08	2.1015E-08	-5.6539E-06	3.0056E-05
-4.6620E-09	8.2243E-09	-6.8368E-06	3.0846E-05
-1.6484E-08	-1.7188E-08	-5.7239E-06	3.3096E-05
9.2575E-09	-5.1228E-09	-5.8247E-06	3.3328E-05
-1.1156E-08	-4.1929E-09	-4.8623E-06	3.5351E-05
9.6527E-09	-3.9090E-09	-5.1845E-06	3.5085E-05
3.9062E-08	1.1859E-08	-5.2244E-06	3.8537E-05
4.9071E-09	-1.2206E-08	-3.2794E-06	3.9113E-05
-1.0796E-08	-1.6076E-08	-3.5932E-06	4.1035E-05
3.0227E-08	2.3514E-08	-2.0728E-06	4.3220E-05
-1.0068E-08	2.4802E-08	-7.2044E-07	4.5849E-05
6.3067E-10	-5.8256E-09	2.4768E-06	4.7910E-05
-8.7044E-09	3.7848E-08	4.8814E-06	4.9375E-05
-2.5772E-08	1.0819E-08	8.8201E-06	5.1636E-05
-5.5144E-08	-1.5034E-08	1.3986E-05	5.1670E-05
-9.7451E-09	-2.7521E-08	1.7994E-05	5.0893E-05
3.0318E-08	2.2393E-08	2.3391E-05	4.9810E-05
1.8930E-08	2.2616E-08	2.8060E-05	4.5479E-05
-6.6260E-09	9.8434E-10	3.0563E-05	4.1116E-05
1.1076E-08	-1.8778E-08	3.2432E-05	3.6024E-05
-2.3872E-08	8.5047E-09	3.2478E-05	3.0787E-05
-2.0908E-09	-2.8628E-08	3.0967E-05	2.5594E-05
3.9431E-08	9.8779E-09	2.7456E-05	2.2051E-05
-2.2403E-08	-2.7001E-08	2.4095E-05	2.0560E-05
1.8534E-08	-3.6682E-09	2.1662E-05	1.9862E-05
-9.7679E-09	-1.2406E-08	1.8840E-05	1.8759E-05
-3.8400E-09	-3.4214E-08	1.5589E-05	1.9864E-05
-7.7193E-09	-3.3980E-08	1.4388E-05	2.0866E-05
1.6822E-08	1.9960E-08	1.2215E-05	2.1999E-05
-2.7951E-08	3.9679E-08	1.1736E-05	2.4051E-05
1.8041E-08	-1.3575E-09	1.1194E-05	2.5078E-05
1.0300E-08	-2.9994E-08	1.0931E-05	2.6631E-05
-3.0026E-08	1.0845E-08	1.0611E-05	2.8358E-05
2.3393E-08	3.2431E-08	1.2340E-05	3.0377E-05
2.1676E-09	5.6364E-10	1.3231E-05	2.9680E-05
1.5871E-09	1.6239E-08	1.3029E-05	3.1056E-05
-3.0813E-08	-1.4314E-08	1.4603E-05	3.1683E-05
1.8762E-08	1.8311E-08	1.5544E-05	3.1680E-05
-2.5605E-08	-2.3399E-08	1.5992E-05	3.1110E-05
4.0072E-09	-3.0137E-09	1.5978E-05	3.1648E-05
-6.5108E-10	-1.9709E-09	1.6387E-05	3.1131E-05
-3.1934E-08	-1.9107E-08	1.5026E-05	3.2259E-05
-7.9878E-09	-6.2340E-09	1.6159E-05	3.4192E-05
1.7959E-09	-1.9126E-08	1.7144E-05	3.5162E-05
-2.1617E-08	-3.1625E-09	1.8498E-05	3.6080E-05
3.8442E-10	9.2944E-09	1.9869E-05	3.8004E-05
2.7959E-08	-1.1325E-08	2.4670E-05	3.8279E-05
2.2252E-10	2.2436E-08	2.6190E-05	3.5115E-05
-3.2168E-08	-3.3328E-08	2.6750E-05	3.4599E-05
2.1837E-08	2.2097E-08	2.7692E-05	3.3355E-05
1.6312E-08	1.4611E-08	2.8773E-05	3.3024E-05
1.1701E-08	-1.2855E-08	3.0454E-05	3.0906E-05
-1.0693E-08	2.5264E-08	3.0017E-05	2.8282E-05
1.3539E-08	-2.9588E-08	2.8068E-05	2.7077E-05
1.9747E-08	-2.3789E-08	2.7060E-05	2.7990E-05
-3.7312E-08	3.8393E-08	2.7154E-05	2.8085E-05
-1.3008E-09	-2.6658E-08	2.6614E-05	2.8580E-05
9.4911E-09	3.1479E-08	2.6784E-05	2.9684E-05
-3.7915E-09	-9.2343E-09	2.7812E-05	3.0754E-05
-2.9324E-09	-1.7304E-08	2.9083E-05	3.1169E-05
-3.0608E-08	-5.7942E-09	3.0667E-05	3.1890E-05
-3.3929E-08	3.0920E-08	3.3235E-05	3.1694E-05
1.2485E-08	-3.9445E-08	3.5627E-05	3.0205E-05
-1.8963E-08	1.6011E-08	3.6813E-05	2.7809E-05
-3.7231E-08	9.3035E-09	3.7327E-05	2.5959E-05
-3.8529E-09	7.0480E-09	3.7195E-05	2.3625E-05
4.1044E-08	6.2614E-09	3.6489E-05	2.2673E-05
-7.8279E-09	-3.4503E-08	3.6498E-05	2.0922E-05
-2.8867E-09	-3.2163E-08	3.4834E-05	1.9706E-05
4.8773E-09	-4.4840E-08	3.3666E-05	1.9344E-05
2.7745E-08	2.1408E-08	3.2459E-05	1.9859E-05
-2.2395E-08	1.2136E-08	3.2514E-05	1.9565E-05
1.5474E-08	-2.8663E-09	3.0345E-05	1.9911E-05
-2.3011E-08	3.1567E-08	3.0854E-05	2.1919E-05
4.1648E-08	1.2275E-09	3.0781E-05	2.1909E-05
2.6498E-08	-3.4507E-09	3.1333E-05	2.3220E-05
-1.2210E-08	2.2442E-10	3.0963E-05	2.2703E-05
-1.9073E-09	4.0897E-09	3.0274E-05	2.5844E-05
-6.5890E-09	1.1307E-08	3.3551E-05	2.7368E-05
2.1847E-08	2.0433E-08	3.4834E-05	2.6621E-05
-8.2559E-09	1.0950E-08	3.5201E-05	2.7484E-05
1.2974E-09	9.2959E-09	3.7095E-05	2.8914E-05
3.6033E-08	2.5618E-08	3.9184E-05	2.9455E-05
-7.1353E-09	-2.1791E-08	4.1956E-05	3.0427E-05
1.3531E-08	-9.7841E-09	4.5293E-05	3.0254E-05
1.6421E-09	9.2898E-09	4.9190E-05	2.9812E-05
-1.0976E-08	-5.7924E-09	5.2931E-05	2.7960E-05
-9.0383E-09	-1.1723E-08	5.8233E-05	2.5893E-05
3.6018E-08	-7.9535E-09	6.2118E-05	1.8290E-05
4.4895E-08	1.3420E-08	6.0990E-05	1.2702E-05
-3.7863E-09	-1.4967E-08	6.0038E-05	7.4166E-06
1.1288E-08	-3.1277E-08	5.6826E-05	4.6960E-06
8.5286E-09	-7.4695E-09	5.6090E-05	1.6211E-06
-2.0820E-08	8.0459E-09	5.1870E-05	-8.2882E-07
6.4870E-09	-9.0913E-09	4.9964E-05	-1.0030E-06
1.5699E-09	-1.1481E-08	4.7004E-05	-1.2111E-06
1.9951E-08	8.5309E-09	4.6782E-05	-4.9396E-08
-6.5012E-10	1.0081E-08	4.5156E-05	-5.6078E-07
-3.2118E-08	-5.1670E-09	4.5330E-05	2.0809E-06
2.8675E-08	-3.8907E-08	4.7954E-05	1.9003E-06
2.0168E-08	-3.3000E-08	5.0096E-05	1.9491E-09
2.5962E-09	-1.6166E-08	5.0094E-05	-3.2390E-06
-2.7414E-08	-1.3227E-08	4.9804E-05	-4.4820E-06
-9.0302E-09	1.3778E-09	5.0004E-05	-7.0518E-06
-3.5037E-08	-2.5358E-08	4.9493E-05	-9.1431E-06
2.6287E-08	4.0026E-09	4.8647E-05	-1.2403E-05
1.7063E-08	-1.3114E-08	4.6295E-05	-1.4301E-05
-3.9665E-08	-2.1220E-08	4.4789E-05	-1.6288E-05
8.2793E-09	-7.3697E-09	4.1907E-05	-1.7768E-05
-1.3221E-08	3.3673E-09	3.9999E-05	-1.8423E-05
9.3264E-09	3.3451E-08	3.7579E-05	-1.9410E-05
4.1425E-08	6.8698E-09	3.5491E-05	-1.9735E-05
1.9855E-08	3.5733E-08	3.2789E-05	-2.0398E-05
2.4003E-08	-1.9071E-08	3.0117E-05	-1.9549E-05
2.8367E-08	-1.6497E-08	2.8074E-05	-1.8807E-05
3.5128E-08	-1.1359E-08	2.6478E-05	-1.7128E-05
-1.7218E-09	1.0796E-08	2.5910E-05	-1.6532E-05
2.1763E-08	9.7323E-09	2.4587E-05	-1.5717E-05
-1.9168E-08	2.8782E-10	2.3535E-05	-1.5348E-05
1.5340E-09	1.2852E-08	2.1746E-05	-1.3233E-05
1.1648E-08	-1.3446E-08	2.2939E-05	-1.2049E-05
1.2666E-08	-1.9553E-09	2.1489E-05	-1.1628E-05
-1.7505E-08	-3.8145E-08	2.3053E-05	-9.5603E-06
1.2794E-08	1.2043E-08	2.2974E-05	-1.1530E-05
4.7369E-08	5.9899E-09	2.1563E-05	-9.5865E-06
1.0500E-08	4.5668E-08	2.3400E-05	-9.4832E-06
-9.7807E-09	2.6727E-08	2.2567E-05	-1.0398E-05
9.2120E-09	-3.2514E-09	2.2515E-05	-9.7137E-06
1.2675E-09	-2.0352E-08	2.2686E-05	-1.0693E-05
-1.4106E-08	1.5674E-08	2.1179E-05	-1.0888E-05
1.5462E-09	1.4952E-08	2.0590E-05	-1.0299E-05
1.7293E-08	1.3492E-08	2.0136E-05	-9.4188E-06
-1.5500E-09	-9.1986E-09	2.1270E-05	-1.0001E-05
5.4965E-09	2.7707E-09	1.8456E-05	-1.1203E-05
5.0463E-08	2.4418E-09	1.7998E-05	-8.2200E-06
-1.8458E-08	-6.5930E-09	1.8542E-05	-9.0543E-06
1.7129E-08	1.4049E-09	1.7342E-05	-7.7320E-06
-1.2165E-09	7.8353E-09	1.8105E-05	-7.7169E-06
3.1239E-08	8.3024E-10	1.6784E-05	-7.7143E-06
2.5811E-08	7.9006E-09	1.5587E-05	-6.3513E-06
-4.9192E-08	4.3727E-09	1.6239E-05	-3.8083E-06
-2.7053E-08	6.4611E-09	1.7411E-05	-4.3974E-06
2.5492E-08	2.8499E-08	1.6220E-05	-2.5541E-06
2.6521E-09	3.7592E-08	1.8926E-05	-1.3219E-06
-1.5887E-09	2.1351E-08	1.9074E-05	-1.7638E-06
9.7520E-09	-1.0908E-08	2.0932E-05	-5.4584E-07
-2.6287E-08	-3.8537E-09	2.2536E-05	-2.2935E-06
5.0931E-09	3.0262E-08	2.1934E-05	-2.8956E-06
5.0819E-08	-1.2795E-08	2.2755E-05	-2.1569E-06
1.8138E-08	3.3668E-08	2.4285E-05	-3.2041E-06
-3.2560E-09	-2.3451E-08	2.4548E-05	-3.8625E-06
1.1725E-08	4.1576E-09	2.6339E-05	-5.0596E-06
9.4019E-10	-2.6075E-09	2.6584E-05	-8.1137E-06
1.5120E-08	2.4459E-08	2.4935E-05	-1.1149E-05
-1.4188E-08	2.0890E-08	2.1023E-05	-1.1765E-05
4.8015E-09	-2.4456E-08	1.9621E-05	-1.0027E-05
1.1585E-08	5.0055E-08	1.8771E-05	-9.2381E-06
1.0855E-08	-2.8053E-08	1.8977E-05	-8.1027E-06
8.0612E-09	-2.4272E-09	1.8788E-05	-8.0325E-06
4.6732E-08	7.5061E-09	1.9379E-05	-7.3150E-06
1.6646E-08	-2.9824E-08	1.9298E-05	-8.2533E-06
1.6522E-08	3.5151E-09	1.9042E-05	-7.3969E-06
4.1125E-08	-1.5217E-08	1.9879E-05	-8.2234E-06
-1.0846E-09	4.9153E-08	1.9070E-05	-8.5132E-06
1.3232E-08	-1.4543E-09	1.9734E-05	-8.7073E-06
4.1504E-09	3.1785E-08	1.9234E-05	-1.0451E-05
2.7718E-08	-2.3431E-08	1.7546E-05	-1.0824E-05
-1.1972E-08	1.0705E-08	1.6629E-05	-1.0978E-05
-2.7327E-08	-2.1838E-08	1.4685E-05	-1.0747E-05
-3.6235E-08	-2.8415E-08	1.4186E-05	-9.3360E-06
-1.0995E-08	3.5528E-08	1.3637E-05	-9.2040E-06
8.1949E-09	6.8655E-09	1.3143E-05	-8.2024E-06
2.5320E-08	-1.2770E-08	1.2848E-05	-8.0579E-06
-3.7400E-08	-4.9240E-09	1.2232E-05	-7.6114E-06
2.1775E-08	-2.2261E-09	1.0707E-05	-7.1153E-06
2.3658E-08	-1.4932E-08	1.0534E-05	-4.5158E-06
2.0106E-10	-5.5538E-09	1.1136E-05	-4.5207E-06
-1.5643E-09	1.3181E-08	1.0162E-05	-2.5420E-06
-3.3011E-08	-1.6382E-08	1.2002E-05	-1.3886E-06
7.7557E-09	2.3132E-08	1.2018E-05	-1.4410E-06
1.1772E-08	-2.3179E-08	1.2178E-05	-4.6535E-07
-1.7256E-08	-3.1489E-08	1.2794E-05	4.6380E-07
2.4882E-08	1.8944E-08	1.3127E-05	7.1458E-07
5.9227E-09	3.6308E-08	1.3295E-05	2.6597E-06
1.3524E-08	1.2925E-08	1.5766E-05	3.3765E-06
-5.7812E-09	-2.8777E-09	1.6857E-05	3.2162E-06
2.2522E-08	-7.0882E-09	1.8667E-05	2.6515E-06
-2.6534E-08	2.5596E-09	1.8705E-05	1.4045E-06
3.5095E-09	-3.4095E-08	1.8521E-05	1.1096E-06
3.0890E-08	9.3119E-09	1.7897E-05	1.8927E-06
7.1285E-09	-1.7322E-08	1.9472E-05	2.7814E-06
2.6184E-08	-5.1682E-10	1.9654E-05	2.2171E-06
-1.5917E-08	-1.6778E-08	2.0518E-05	3.4290E-06
1.0712E-08	2.4438E-08	2.1814E-05	2.9908E-06
-3.0211E-08	-1.7239E-08	2.2773E-05	3.7044E-06
1.7471E-08	-1.2496E-08	2.5145E-05	2.5742E-06
2.7614E-09	1.2487E-08	2.4605E-05	1.4609E-06
3.6112E-10	-1.3519E-08	2.6232E-05	2.3558E-06
1.4328E-08	3.8772E-08	2.7680E-05	2.1116E-07
2.5154E-09	-1.7112E-08	2.7728E-05	-4.0424E-07
5.4696E-08	4.2879E-09	2.7914E-05	-2.0894E-06
2.1369E-08	5.1060E-09	2.6890E-05	-7.6864E-07
1.1715E-08	-1.7876E-08	3.0226E-05	-6.9562E-07
1.6460E-08	2.4649E-08	3.0606E-05	-2.8129E-06
-6.1776E-09	1.6724E-08	3.1895E-05	-3.2013E-06
1.2816E-08	2.5499E-08	3.2685E-05	-5.1874E-06
-2.2703E-08	-1.8692E-08	3.3181E-05	-5.9135E-06
1.0986E-08	-3.2075E-09	3.5042E-05	-6.6887E-06
2.4501E-09	-4.2158E-08	3.8451E-05	-1.0035E-05
-2.9613E-09	5.2898E-08	3.8093E-05	-1.6655E-05
-2.2427E-08	3.5242E-08	3.4240E-05	-2.0546E-05
4.2901E-09	7.6700E-09	3.0540E-05	-2.2116E-05
2.0999E-08	2.6330E-08	2.7429E-05	-2.2347E-05
8.4462E-09	-1.4250E-08	2.5573E-05	-2.1808E-05
3.9687E-08	5.1470E-09	2.4443E-05	-2.2492E-05
2.4366E-08	1.0289E-08	2.1668E-05	-2.2407E-05
-1.7458E-08	-2.4305E-08	2.1064E-05	-2.0960E-05
-7.0990E-10	-4.8614E-09	2.0719E-05	-2.1687E-05
-2.8815E-08	3.1241E-08	1.9043E-05	-2.1899E-05
3.7113E-08	3.0727E-08	1.7970E-05	-2.1518E-05
-1.4796E-10	-4.7442E-09	1.6621E-05	-2.1601E-05
-1.5472E-08	-1.1141E-08	1.5340E-05	-2.0427E-05
8.3288E-09	1.1599E-08	1.4960E-05	-2.0213E-05
1.4458E-08	-7.8806E-09	1.3803E-05	-1.8961E-05
1.5369E-08	-2.4860E-08	1.4506E-05	-1.8782E-05
-1.3734E-09	-1.9180E-08	1.3052E-05	-1.8327E-05
-2.1320E-08	-8.7035E-10	1.4185E-05	-1.7614E-05
-1.2307E-08	4.1106E-08	1.2928E-05	-1.8343E-05
1.3858E-08	3.2587E-09	1.3319E-05	-1.7160E-05
-1.4819E-08	9.8587E-11	1.2703E-05	-1.8042E-05
4.2500E-09	-3.4133E-08	1.2769E-05	-1.6913E-05
-6.2442E-09	-5.5253E-09	1.2755E-05	-1.8239E-05
4.3594E-09	3.5987E-09	1.1569E-05	-1.7674E-05
3.6913E-08	4.4848E-08	1.1698E-05	-1.7797E-05
-2.0518E-08	-2.0543E-08	1.0900E-05	-1.8152E-05
2.3014E-08	5.0544E-09	9.8133E-06	-1.7948E-05
1.4497E-08	2.9953E-08	9.3747E-06	-1.7422E-05
-2.1262E-09	-4.1707E-09	8.4564E-06	-1.7177E-05
2.6723E-08	-3.3469E-08	8.2886E-06	-1.6252E-05
4.5908E-09	-1.5077E-09	7.7530E-06	-1.6165E-05
9.3689E-09	4.2644E-11	7.5887E-06	-1.4982E-05
-4.6136E-09	-3.3210E-08	8.3342E-06	-1.4957E-05
-3.1930E-08	2.4148E-09	7.9433E-06	-1.6218E-05
1.1052E-08	7.6392E-09	5.2508E-06	-1.5606E-05
-2.2560E-09	-2.8131E-08	5.6148E-06	-1.3177E-05
5.2881E-09	-1.9913E-08	5.7039E-06	-1.2930E-05
2.2592E-08	-7.4215E-09	6.3146E-06	-1.1626E-05
5.3985E-09	-3.5620E-08	6.6129E-06	-1.1744E-05
-2.7091E-08	1.1796E-08	7.2682E-06	-1.0929E-05
1.2652E-08	-2.1698E-08	7.7170E-06	-1.1168E-05
-8.9211E-09	1.1846E-09	9.0628E-06	-1.1438E-05
2.7261E-08	-5.4292E-09	7.9964E-06	-1.3553E-05
2.8651E-08	-2.0368E-08	5.9825E-06	-1.2807E-05
2.2537E-08	-2.3671E-08	7.9711E-06	-1.0151E-05
-2.1818E-09	2.3092E-08	4.5621E-06	-1.2104E-05
-5.5841E-09	5.9625E-10	9.0714E-06	-1.1692E-05
2.9879E-09	2.3555E-09	5.0002E-06	-1.0886E-05
3.0130E-09	2.3491E-09	7.8351E-06	-1.0936E-05
3.0378E-09	2.3426E-09	6.2496E-06	-1.1461E-05
3.0623E-09	2.3359E-09	6.5047E-06	-1.0916E-05
3.0866E-09	2.3290E-09	5.6014E-06	-1.0645E-05
3.1106E-09	2.3220E-09	6.6017E-06	-9.2381E-06
3.1343E-09	2.3148E-09	7.3098E-06	-1.0648E-05
3.1578E-09	2.3074E-09	6.0408E-06	-1.0235E-05
3.1809E-09	2.2999E-09	7.1130E-06	-1.0006E-05
3.2038E-09	2.2922E-09	5.8383E-06	-1.0681E-05
3.2264E-09	2.2844E-09	6.5472E-06	-8.9763E-06
3.2488E-09	2.2764E-09	6.9974E-06	-1.0833E-05
3.2709E-09	2.2683E-09	5.6357E-06	-9.9856E-06
3.2927E-09	2.2600E-09	6.2016E-06	-1.0425E-05
3.3143E-09	2.2516E-09	4.5815E-06	-9.9793E-06
3.3355E-09	2.2430E-09	4.9738E-06	-8.8341E-06
3.3566E-09	2.2343E-09	5.0064E-06	-8.1819E-06
3.3773E-09	2.2255E-09	6.3647E-06	-7.8512E-06
3.3978E-09	2.2165E-09	6.1794E-06	-9.3209E-06
3.4181E-09	2.2074E-09	4.7104E-06	-8.3925E-06
3.4380E-09	2.1981E-09	6.1229E-06	-7.4629E-06
3.4578E-09	2.1887E-09	5.5244E-06	-8.8659E-06
3.4772E-09	2.1792E-09	4.4873E-06	-6.9412E-06
3.4964E-09	2.1696E-09	6.1918E-06	-5.9794E-06
3.5154E-09	2.1598E-09	7.5303E-06	-6.7777E-06
3.5341E-09	2.1499E-09	6.7309E-06	-7.8083E-06
3.5525E-09	2.1399E-09	7.4859E-06	-6.7707E-06
3.5707E-09	2.1298E-09	7.2496E-06	-9.2320E-06
3.5887E-09	2.1196E-09	5.3910E-06	-6.9630E-06
3.6063E-09	2.1092E-09	7.8653E-06	-7.4299E-06
3.6238E-09	2.0987E-09	6.1637E-06	-8.0585E-06
3.6410E-09	2.0881E-09	6.8491E-06	-7.0560E-06
3.6579E-09	2.0774E-09	7.2393E-06	-7.2749E-06
3.6746E-09	2.0666E-09	7.6023E-06	-8.1758E-06
3.6911E-09	2.0557E-09	6.7569E-06	-7.9865E-06
3.7073E-09	2.0447E-09	7.4810E-06	-8.7979E-06
3.7233E-09	2.0336E-09	5.3006E-06	-9.0519E-06
3.7390E-09	2.0223E-09	5.4391E-06	-7.5847E-06
3.7545E-09	2.0110E-09	5.3392E-06	-7.1193E-06
3.7697E-09	1.9996E-09	6.3070E-06	-6.6243E-06
3.7847E-09	1.9881E-09	6.3543E-06	-7.0183E-06
3.7995E-09	1.9764E-09	6.4581E-06	-7.1087E-06
3.8141E-09	1.9647E-09	6.2645E-06	-6.4497E-06
3.8284E-09	1.9529E-09	7.7239E-06	-7.1775E-06
3.8424E-09	1.9410E-09	5.9184E-06	-7.6808E-06
3.8563E-09	1.9290E-09	7.3580E-06	-6.3694E-06
3.8699E-09	1.9170E-09	6.9869E-06	-8.3217E-06
3.8833E-09	1.9048E-09	6.5283E-06	-7.0872E-06
3.8964E-09	1.8926E-09	7.2132E-06	-8.2651E-06
3.9093E-09	1.8803E-09	5.8284E-06	-8.2536E-06
3.9220E-09	1.8679E-09	5.8956E-06	-7.6637E-06
3.9345E-09	1.8554E-09	5.9666E-06	-7.7089E-06
3.9467E-09	1.8428E-09	5.5298E-06	-8.0129E-06
3.9588E-09	1.8302E-09	4.7883E-06	-7.0402E-06
3.9706E-09	1.8175E-09	6.1597E-06	-6.4518E-06
3.9821E-09	1.8047E-09	5.8298E-06	-7.9807E-06
3.9935E-09	1.7919E-09	4.7235E-06	-6.7352E-06
4.0046E-09	1.7790E-09	5.9864E-06	-6.7139E-06
4.0155E-09	1.7660E-09	5.0392E-06	-7.2981E-06
4.0262E-09	1.7529E-09	4.7750E-06	-6.2355E-06
4.0367E-09	1.7398E-09	5.4927E-06	-5.6379E-06
4.0470E-09	1.7266E-09	6.2113E-06	-6.3176E-06
4.0571E-09	1.7134E-09	5.3429E-06	-6.4748E-06
4.0669E-09	1.7001E-09	5.7070E-06	-5.5979E-06
4.0765E-09	1.6868E-09	6.6328E-06	-5.9074E-06
4.0860E-09	1.6733E-09	6.3288E-06	-7.0724E-06
4.0952E-09	1.6599E-09	5.4412E-06	-6.2145E-06
4.1042E-09	1.6463E-09	6.6834E-06	-6.4780E-06
4.1130E-09	1.6328E-09	5.5239E-06	-7.1915E-06
4.1216E-09	1.6191E-09	5.6343E-06	-6.4890E-06
4.1300E-09	1.6055E-09	5.3072E-06	-6.7523E-06
4.1381E-09	1.5917E-09	5.3136E-06	-6.2757E-06
4.1461E-09	1.5780E-09	5.2310E-06	-6.1345E-06
4.1539E-09	1.5641E-09	5.9103E-06	-6.0088E-06
4.1615E-09	1.5503E-09	5.4842E-06	-7.0470E-06
4.1689E-09	1.5364E-09	4.2844E-06	-6.4077E-06
4.1760E-09	1.5224E-09	4.6742E-06	-5.0828E-06
4.1830E-09	1.5084E-09	5.6812E-06	-5.3792E-06
4.1898E-09	1.4944E-09	5.4205E-06	-5.4803E-06
4.1964E-09	1.4803E-09	5.8393E-06	-5.6778E-06
4.2028E-09	1.4662E-09	5.2799E-06	-5.4236E-06
4.2090E-09	1.4521E-09	6.5604E-06	-5.3804E-06
4.2151E-09	1.4379E-09	5.8909E-06	-6.7502E-06
4.2209E-09	1.4237E-09	5.0877E-06	-6.4373E-06
4.2265E-09	1.4094E-09	4.3827E-06	-5.7039E-06
4.2320E-09	1.3952E-09	5.4541E-06	-4.8046E-06
4.2372E-09	1.3809E-09	5.7431E-06	-5.6539E-06
4.2423E-09	1.3665E-09	5.4220E-06	-5.8720E-06
4.2472E-09	1.3522E-09	4.7436E-06	-5.1380E-06
4.2519E-09	1.3378E-09	6.6951E-06	-4.9658E-06
4.2564E-09	1.3234E-09	5.2837E-06	-7.1827E-06
4.2608E-09	1.3090E-09	4.5185E-06	-5.0906E-06
4.2649E-09	1.2945E-09	5.2772E-06	-5.9919E-06
4.2689E-09	1.2800E-09	4.2760E-06	-4.9077E-06
4.2727E-09	1.2656E-09	5.7270E-06	-5.3351E-06
4.2764E-09	1.2510E-09	3.7636E-06	-5.5644E-06
4.2798E-09	1.2365E-09	5.1298E-06	-3.1724E-06
4.2831E-09	1.2220E-09	6.5893E-06	-5.4712E-06
4.2862E-09	1.2074E-09	4.5942E-06	-5.3501E-06
4.2891E-09	1.1928E-09	5.7107E-06	-4.8850E-06
4.2919E-09	1.1783E-09	4.5015E-06	-5.7788E-06
4.2945E-09	1.1637E-09	4.3697E-06	-4.1018E-06
4.2969E-09	1.1490E-09	5.4123E-06	-4.3068E-06
4.2991E-09	1.1344E-09	5.2031E-06	-4.9147E-06
4.3012E-09	1.1198E-09	4.4519E-06	-4.5251E-06
4.3031E-09	1.1052E-09	4.7525E-06	-3.9204E-06
4.3049E-09	1.0905E-09	4.7790E-06	-3.2323E-06
4.3065E-09	1.0759E-09	6.4560E-06	-3.2439E-06
4.3079E-09	1.0612E-09	5.8118E-06	-4.4181E-06
4.3092E-09	1.0466E-09	6.1284E-06	-3.7873E-06
4.3103E-09	1.0319E-09	5.7789E-06	-4.4922E-06
4.3112E-09	1.0173E-09	6.1750E-06	-3.6515E-06
4.3120E-09	1.0026E-09	6.3681E-06	-4.6034E-06
4.3126E-09	9.8793E-10	6.5589E-06	-4.5296E-06
4.3131E-09	9.7327E-10	5.4560E-06	-5.9524E-06
4.3134E-09	9.5862E-10	4.4435E-06	-3.7171E-06
4.3135E-09	9.4396E-10	6.0247E-06	-3.9435E-06
4.3135E-09	9.2931E-10	5.5291E-06	-3.9120E-06
4.3134E-09	9.1467E-10	6.1647E-06	-4.0807E-06
4.3131E-09	9.0003E-10	5.7983E-06	-4.2161E-06
4.3126E-09	8.8540E-10	5.9706E-06	-4.5257E-06
4.3120E-09	8.7078E-10	4.9468E-06	-4.6671E-06
4.3113E-09	8.5617E-10	4.2826E-06	-3.4180E-06
4.3104E-09	8.4156E-10	5.4565E-06	-1.8644E-06
4.3093E-09	8.2697E-10	7.1130E-06	-2.7936E-06
4.3082E-09	8.1239E-10	6.5714E-06	-3.7405E-06
4.3068E-09	7.9782E-10	5.9618E-06	-3.4073E-06
4.3053E-09	7.8326E-10	6.4197E-06	-2.4545E-06
4.3037E-09	7.6872E-10	7.3764E-06	-2.8760E-06
4.3020E-09	7.5419E-10	7.5454E-06	-3.0458E-06
4.3001E-09	7.3968E-10	8.0297E-06	-3.9480E-06
4.2980E-09	7.2518E-10	6.7044E-06	-4.2064E-06
4.2959E-09	7.1070E-10	7.0319E-06	-2.4901E-06
4.2935E-09	6.9624E-10	9.3036E-06	-2.9855E-06
4.2911E-09	6.8180E-10	8.9823E-06	-5.3131E-06
4.2885E-09	6.6738E-10	7.5475E-06	-5.0232E-06
4.2858E-09	6.5298E-10	8.0367E-06	-4.5379E-06
4.2829E-09	6.3860E-10	8.5853E-06	-5.2712E-06
4.2800E-09	6.2424E-10	7.6447E-06	-6.4118E-06
4.2768E-09	6.0990E-10	6.6956E-06	-5.3779E-06
4.2736E-09	5.9559E-10	7.5968E-06	-5.4583E-06
4.2702E-09	5.8130E-10	6.8738E-06	-6.1327E-06
4.2667E-09	5.6704E-10	6.2467E-06	-5.7077E-06
4.2631E-09	5.5280E-10	6.2581E-06	-5.0469E-06
4.2594E-09	5.3859E-10	6.5974E-06	-5.3322E-06
4.2555E-09	5.2441E-10	5.6690E-06	-4.9245E-06
4.2515E-09	5.1025E-10	6.6960E-06	-3.8194E-06
4.2474E-09	4.9612E-10	7.2148E-06	-4.8164E-06
4.2431E-09	4.8202E-10	6.7431E-06	-4.4525E-06
4.2387E-09	4.6796E-10	7.5530E-06	-4.3559E-06
4.2343E-09	4.5392E-10	7.8490E-06	-4.9188E-06
4.2297E-09	4.3991E-10	7.6117E-06	-5.7172E-06
4.2249E-09	4.2594E-10	6.7124E-06	-5.1256E-06
4.2201E-09	4.1199E-10	7.9864E-06	-4.7639E-06
4.2151E-09	3.9808E-10	7.9475E-06	-5.8713E-06
4.2101E-09	3.8421E-10	7.9187E-06	-6.4831E-06
4.2049E-09	3.7037E-10	6.0676E-06	-6.8650E-06
4.1996E-09	3.5656E-10	6.8466E-06	-4.8685E-06
4.1942E-09	3.4279E-10	7.2033E-06	-6.8849E-06
4.1887E-09	3.2905E-10	5.7618E-06	-5.4201E-06
4.1830E-09	3.1536E-10	7.1738E-06	-5.7675E-06
4.1773E-09	3.0170E-10	6.0369E-06	-5.4452E-06
4.1715E-09	2.8807E-10	7.6043E-06	-5.0455E-06
4.1655E-09	2.7449E-10	7.3785E-06	-6.1008E-06
4.1594E-09	2.6094E-10	7.5235E-06	-6.3079E-06
4.1533E-09	2.4744E-10	6.9345E-06	-6.7169E-06
4.1470E-09	2.3397E-10	7.1862E-06	-6.8263E-06
4.1406E-09	2.2055E-10	6.1748E-06	-7.3617E-06
4.1342E-09	2.0716E-10	6.3506E-06	-6.6115E-06
4.1276E-09	1.9382E-10	5.9960E-06	-7.6874E-06
4.1209E-09	1.8052E-10	4.8366E-06	-6.9768E-06
4.1141E-09	1.6727E-10	4.4032E-06	-6.4463E-06
4.1073E-09	1.5405E-10	4.5606E-06	-4.2803E-06
4.1003E-09	1.4088E-10	7.5429E-06	-4.8721E-06
4.0932E-09	1.2776E-10	6.2229E-06	-7.0032E-06
4.0861E-09	1.1468E-10	6.0836E-06	-5.5688E-06
4.0788E-09	1.0164E-10	6.7500E-06	-7.1392E-06
4.0714E-09	8.8654E-11	4.9452E-06	-6.6911E-06
4.0640E-09	7.5711E-11	6.1919E-06	-5.9898E-06
4.0565E-09	6.2815E-11	5.7515E-06	-7.4738E-06
4.0488E-09	4.9965E-11	4.4749E-06	-6.8598E-06
4.0411E-09	3.7163E-11	4.5948E-06	-6.0269E-06
4.0333E-09	2.4410E-11	4.8951E-06	-5.9210E-06
4.0254E-09	1.1704E-11	4.7287E-06	-5.6318E-06
4.0174E-09	-9.5224E-13	5.5957E-06	-5.3712E-06
4.0093E-09	-1.3559E-11	5.2797E-06	-6.3929E-06
4.0012E-09	-2.6117E-11	5.0803E-06	-5.3185E-06
3.9929E-09	-3.8624E-11	6.2360E-06	-6.7028E-06
3.9846E-09	-5.1081E-11	3.8114E-06	-7.2299E-06
3.9762E-09	-6.3487E-11	3.7575E-06	-5.3830E-06
3.9677E-09	-7.5842E-11	4.0191E-06	-5.1163E-06
3.9591E-09	-8.8145E-11	4.6658E-06	-4.4112E-06
3.9505E-09	-1.0040E-10	5.0977E-06	-5.0065E-06
3.9417E-09	-1.1259E-10	4.5869E-06	-4.7261E-06
3.9329E-09	-1.2474E-10	5.3407E-06	-3.7276E-06
3.9240E-09	-1.3683E-10	6.7856E-06	-4.8890E-06
3.9151E-09	-1.4887E-10	5.3523E-06	-5.5916E-06
3.9060E-09	-1.6086E-10	6.1675E-06	-4.7840E-06
3.8969E-09	-1.7279E-10	5.4147E-06	-6.0521E-06
3.8877E-09	-1.8467E-10	5.3284E-06	-4.2017E-06
3.8784E-09	-1.9649E-10	6.7389E-06	-5.2103E-06
3.8691E-09	-2.0825E-10	6.1628E-06	-5.4770E-06
3.8597E-09	-2.1997E-10	6.3055E-06	-5.8843E-06
3.8502E-09	-2.3162E-10	5.9993E-06	-5.8036E-06
3.8406E-09	-2.4322E-10	5.7888E-06	-6.3127E-06
3.8310E-09	-2.5476E-10	5.3091E-06	-5.2592E-06
3.8213E-09	-2.6625E-10	6.5362E-06	-5.6783E-06
3.8116E-09	-2.7768E-10	5.8774E-06	-5.9538E-06
3.8017E-09	-2.8905E-10	6.5696E-06	-6.2856E-06
3.7918E-09	-3.0036E-10	5.2300E-06	-6.9073E-06
3.7819E-09	-3.1162E-10	5.3280E-06	-5.6763E-06
3.7719E-09	-3.2282E-10	5.6368E-06	-6.1047E-06
3.7618E-09	-3.3396E-10	5.4696E-06	-5.6283E-06
3.7516E-09	-3.4504E-10	6.1219E-06	-5.6222E-06
3.7414E-09	-3.5606E-10	6.5247E-06	-5.9542E-06
3.7311E-09	-3.6703E-10	6.5620E-06	-6.8861E-06
3.7208E-09	-3.7793E-10	5.7221E-06	-6.8563E-06
3.7104E-09	-3.8878E-10	6.1463E-06	-6.7777E-06
3.6999E-09	-3.9956E-10	5.6943E-06	-7.1588E-06
3.6894E-09	-4.1029E-10	6.0120E-06	-7.2151E-06
3.6789E-09	-4.2095E-10	4.8512E-06	-7.9116E-06
3.6682E-09	-4.3156E-10	4.7682E-06	-6.3036E-06
3.6576E-09	-4.4210E-10	5.8057E-06	-6.8272E-06
3.6468E-09	-4.5258E-10	5.8512E-06	-7.3231E-06
3.6360E-09	-4.6301E-10	5.0066E-06	-8.2780E-06
3.6252E-09	-4.7337E-10	4.5372E-06	-6.8180E-06
3.6143E-09	-4.8367E-10	5.8154E-06	-7.9793E-06
3.6033E-09	-4.9390E-10	3.8816E-06	-8.4241E-06
3.5923E-09	-5.0408E-10	3.9753E-06	-7.2443E-06
3.5813E-09	-5.1419E-10	4.3137E-06	-7.4219E-06
3.5702E-09	-5.2424E-10	3.8790E-06	-7.7640E-06
3.5590E-09	-5.3423E-10	3.5262E-06	-6.8673E-06
3.5478E-09	-5.4416E-10	4.4092E-06	-7.0882E-06
3.5366E-09	-5.5403E-10	3.8887E-06	-7.4710E-06
3.5253E-09	-5.6383E-10	3.5678E-06	-7.3661E-06
3.5140E-09	-5.7357E-10	3.7015E-06	-6.3538E-06
3.5026E-09	-5.8324E-10	5.1309E-06	-7.6541E-06
3.4912E-09	-5.9286E-10	2.9185E-06	-8.3588E-06
3.4797E-09	-6.0241E-10	3.3738E-06	-6.8662E-06
3.4682E-09	-6.1189E-10	3.5687E-06	-7.5887E-06
3.4566E-09	-6.2131E-10	3.5786E-06	-7.8278E-06
3.4450E-09	-6.3067E-10	2.2588E-06	-8.5144E-06
3.4334E-09	-6.3997E-10	1.4807E-06	-7.0902E-06
3.4217E-09	-6.4920E-10	1.5644E-06	-6.2075E-06
3.4100E-09	-6.5837E-10	2.9790E-06	-5.2873E-06
3.3982E-09	-6.6747E-10	3.3186E-06	-6.8995E-06
3.3864E-09	-6.7651E-10	2.7152E-06	-6.1153E-06
3.3746E-09	-6.8548E-10	3.5818E-06	-7.1256E-06
3.3627E-09	-6.9440E-10	1.9619E-06	-7.1246E-06
3.3508E-09	-7.0324E-10	2.5351E-06	-6.4139E-06
3.3389E-09	-7.1202E-10	2.0924E-06	-6.8432E-06
3.3269E-09	-7.2074E-10	1.7835E-06	-6.2470E-06
3.3149E-09	-7.2939E-10	1.9415E-06	-5.5899E-06
3.3029E-09	-7.3798E-10	2.8024E-06	-5.8012E-06
3.2908E-09	-7.4650E-10	2.1204E-06	-6.0760E-06
3.2787E-09	-7.5496E-10	2.8105E-06	-5.4161E-06
3.2665E-09	-7.6336E-10	2.9157E-06	-6.5414E-06
3.2544E-09	-7.7168E-10	2.0110E-06	-6.3903E-06
3.2422E-09	-7.7995E-10	2.0184E-06	-5.7233E-06
3.2300E-09	-7.8815E-10	2.6790E-06	-5.9633E-06
3.2177E-09	-7.9628E-10	1.7697E-06	-6.4604E-06
3.2054E-09	-8.0435E-10	1.5940E-06	-5.3283E-06
3.1931E-09	-8.1235E-10	2.4109E-06	-4.9951E-06
3.1808E-09	-8.2029E-10	3.4316E-06	-6.0234E-06
3.1684E-09	-8.2816E-10	1.4743E-06	-7.2748E-06
3.1560E-09	-8.3597E-10	9.3756E-07	-5.1075E-06
3.1436E-09	-8.4371E-10	1.8238E-06	-5.1776E-06
3.1312E-09	-8.5139E-10	2.3120E-06	-4.7009E-06
3.1187E-09	-8.5900E-10	2.7335E-06	-6.1798E-06
3.1062E-09	-8.6655E-10	1.3591E-06	-5.7959E-06
3.0937E-09	-8.7403E-10	1.7972E-06	-5.7019E-06
3.0812E-09	-8.8145E-10	7.3888E-07	-5.5339E-06
3.0686E-09	-8.8880E-10	1.0758E-06	-4.2248E-06
3.0561E-09	-8.9609E-10	2.0438E-06	-4.2417E-06
3.0435E-09	-9.0331E-10	2.1260E-06	-4.6243E-06
3.0309E-09	-9.1047E-10	2.4553E-06	-4.6728E-06
3.0182E-09	-9.1756E-10	2.1605E-06	-5.4157E-06
3.0056E-09	-9.2458E-10	1.5501E-06	-5.1690E-06
2.9929E-09	-9.3154E-10	8.9061E-07	-4.5810E-06
2.9802E-09	-9.3844E-10	2.0617E-06	-3.2193E-06
2.9675E-09	-9.4527E-10	2.6253E-06	-4.6203E-06
2.9548E-09	-9.5204E-10	2.3726E-06	-3.7724E-06
2.9421E-09	-9.5874E-10	3.3518E-06	-4.9746E-06
2.9294E-09	-9.6538E-10	2.2840E-06	-5.0418E-06
2.9166E-09	-9.7195E-10	2.3052E-06	-5.2740E-06
2.9038E-09	-9.7845E-10	1.8431E-06	-4.5097E-06
2.8910E-09	-9.8490E-10	2.2985E-06	-5.2035E-06
2.8782E-09	-9.9127E-10	1.2716E-06	-3.8219E-06
2.8654E-09	-9.9759E-10	3.9203E-06	-4.2959E-06
2.8526E-09	-1.0038E-09	1.9799E-06	-6.3834E-06
2.8398E-09	-1.0100E-09	9.0497E-07	-4.6019E-06
2.8270E-09	-1.0161E-09	1.9612E-06	-3.6870E-06
2.8141E-09	-1.0222E-09	2.7109E-06	-4.8624E-06
2.8012E-09	-1.0282E-09	1.2748E-06	-4.5300E-06
2.7884E-09	-1.0341E-09	2.5379E-06	-3.8220E-06
2.7755E-09	-1.0400E-09	2.2847E-06	-4.7129E-06
2.7626E-09	-1.0458E-09	2.1120E-06	-4.4896E-06
2.7497E-09	-1.0515E-09	1.9239E-06	-3.9735E-06
2.7368E-09	-1.0572E-09	3.2101E-06	-4.2537E-06
2.7239E-09	-1.0628E-09	2.0548E-06	-5.2289E-06
2.7110E-09	-1.0683E-09	2.1642E-06	-4.1751E-06
2.6981E-09	-1.0738E-09	2.2556E-06	-4.4963E-06
2.6852E-09	-1.0792E-09	2.9312E-06	-4.0451E-06
2.6723E-09	-1.0846E-09	3.2565E-06	-5.5362E-06
2.6594E-09	-1.0899E-09	2.1586E-06	-5.9721E-06
2.6464E-09	-1.0951E-09	1.0434E-06	-5.9545E-06
2.6335E-09	-1.1003E-09	4.9457E-07	-4.2125E-06
2.6206E-09	-1.1054E-09	2.3116E-06	-4.2593E-06
2.6076E-09	-1.1104E-09	9.8735E-07	-5.5595E-06
2.5947E-09	-1.1154E-09	6.5524E-07	-3.6952E-06
2.5818E-09	-1.1203E-09	1.3381E-06	-4.1423E-06
2.5689E-09	-1.1251E-09	1.2593E-06	-2.9271E-06
2.5559E-09	-1.1299E-09	2.9498E-06	-4.1505E-06
2.5430E-09	-1.1346E-09	1.1841E-06	-4.5151E-06
2.5301E-09	-1.1393E-09	1.9365E-06	-3.8224E-06
2.5171E-09	-1.1439E-09	1.3547E-06	-4.1431E-06
2.5042E-09	-1.1484E-09	1.7246E-06	-3.5430E-06
2.4913E-09	-1.1529E-09	1.8509E-06	-3.3862E-06
2.4784E-09	-1.1573E-09	2.7668E-06	-3.8024E-06
2.4655E-09	-1.1617E-09	2.1240E-06	-4.0571E-06
2.4525E-09	-1.1660E-09	3.2183E-06	-4.6697E-06
2.4396E-09	-1.1702E-09	8.6126E-07	-5.8152E-06
2.4267E-09	-1.1744E-09	8.8171E-07	-3.4504E-06
2.4138E-09	-1.1785E-09	1.6906E-06	-4.0340E-06
2.4010E-09	-1.1826E-09	1.5076E-06	-3.9766E-06
2.3881E-09	-1.1865E-09	1.1888E-06	-3.7543E-06
2.3752E-09	-1.1905E-09	2.1885E-06	-3.5647E-06
2.3623E-09	-1.1943E-09	1.1807E-06	-4.6556E-06
2.3495E-09	-1.1982E-09	1.1177E-06	-3.2223E-06
2.3366E-09	-1.2019E-09	1.1445E-06	-3.7744E-06
2.3238E-09	-1.2056E-09	1.3101E-06	-2.1731E-06
2.3109E-09	-1.2092E-09	3.0607E-06	-3.2019E-06
2.2981E-09	-1.2128E-09	2.1710E-06	-4.2068E-06
2.2853E-09	-1.2163E-09	1.5792E-06	-3.7393E-06
2.2725E-09	-1.2198E-09	2.3008E-06	-3.5368E-06
2.2597E-09	-1.2232E-09	1.4509E-06	-4.4743E-06
2.2469E-09	-1.2265E-09	1.4125E-06	-2.7426E-06
2.2341E-09	-1.2298E-09	2.6699E-06	-3.9881E-06
2.2214E-09	-1.2330E-09	1.4180E-06	-4.1020E-06
2.2086E-09	-1.2361E-09	1.3460E-06	-4.1256E-06
2.1959E-09	-1.2392E-09	5.7214E-07	-2.8290E-06
2.1832E-09	-1.2423E-09	2.6118E-06	-2.9688E-06
2.1705E-09	-1.2453E-09	8.5754E-07	-4.0804E-06
2.1578E-09	-1.2482E-09	1.4541E-06	-1.7043E-06
2.1451E-09	-1.2511E-09	3.0232E-06	-3.1291E-06
2.1324E-09	-1.2539E-09	2.1064E-06	-3.4386E-06
2.1198E-09	-1.2567E-09	2.4863E-06	-3.4751E-06
2.1071E-09	-1.2594E-09	1.9260E-06	-3.8859E-06
2.0945E-09	-1.2620E-09	1.6364E-06	-3.1966E-06
2.0819E-09	-1.2646E-09	2.5003E-06	-2.9433E-06
2.0693E-09	-1.2671E-09	2.5929E-06	-3.9713E-06
2.0567E-09	-1.2696E-09	1.8625E-06	-3.6833E-06
2.0442E-09	-1.2720E-09	2.4606E-06	-3.6577E-06
2.0316E-09	-1.2744E-09	2.0779E-06	-4.2487E-06
2.0191E-09	-1.2767E-09	1.6876E-06	-4.1139E-06
2.0066E-09	-1.2790E-09	1.4159E-06	-3.9164E-06
1.9941E-09	-1.2812E-09	1.4890E-06	-3.5777E-06
1.9817E-09	-1.2833E-09	1.7389E-06	-3.7556E-06
1.9692E-09	-1.2854E-09	1.0596E-06	-3.9324E-06
1.9568E-09	-1.2874E-09	1.3451E-06	-2.7793E-06
1.9444E-09	-1.2894E-09	2.1568E-06	-3.9632E-06
1.9320E-09	-1.2914E-09	6.2957E-07	-3.7560E-06
1.9196E-09	-1.2932E-09	1.2376E-06	-3.1169E-06
1.9073E-09	-1.2951E-09	7.4084E-07	-2.8272E-06
1.8949E-09	-1.2968E-09	2.1332E-06	-2.2810E-06
1.8826E-09	-1.2985E-09	2.0346E-06	-3.6830E-06
1.8704E-09	-1.3002E-09	1.3282E-06	-3.6360E-06
1.8581E-09	-1.3018E-09	6.0260E-07	-3.1758E-06
1.8459E-09	-1.3034E-09	1.1622E-06	-2.2003E-06
1.8336E-09	-1.3049E-09	1.6329E-06	-2.3519E-06
1.8214E-09	-1.3063E-09	2.0007E-06	-2.6211E-06
1.8093E-09	-1.3077E-09	1.4408E-06	-2.4412E-06
1.7971E-09	-1.3091E-09	2.8123E-06	-2.2440E-06
1.7850E-09	-1.3104E-09	1.7617E-06	-3.5875E-06
1.7729E-09	-1.3116E-09	1.9970E-06	-1.9179E-06
1.7608E-09	-1.3128E-09	2.7358E-06	-3.2671E-06
1.7488E-09	-1.3140E-09	2.0851E-06	-2.7315E-06
1.7367E-09	-1.3151E-09	2.8351E-06	-3.2646E-06
1.7247E-09	-1.3161E-09	2.3763E-06	-3.6099E-06
1.7128E-09	-1.3171E-09	1.9521E-06	-3.9310E-06
1.7008E-09	-1.3181E-09	1.7928E-06	-3.1931E-06
1.6889E-09	-1.3190E-09	2.1717E-06	-4.0168E-06
1.6770E-09	-1.3199E-09	1.2139E-06	-3.6929E-06
1.6651E-09	-1.3207E-09	1.3948E-06	-3.9575E-06
1.6533E-09	-1.3214E-09	-1.6853E-08	-3.0099E-06
1.6414E-09	-1.3221E-09	1.9411E-06	-1.7885E-06
1.6296E-09	-1.3228E-09	2.1371E-06	-3.8780E-06
1.6179E-09	-1.3234E-09	5.2931E-07	-3.5382E-06
1.6061E-09	-1.3239E-09	4.2618E-07	-2.5572E-06
1.5944E-09	-1.3245E-09	8.1794E-07	-1.6247E-06
1.5827E-09	-1.3249E-09	2.1521E-06	-1.7470E-06
1.5711E-09	-1.3253E-09	1.6293E-06	-2.6669E-06
1.5595E-09	-1.3257E-09	1.8342E-06	-1.3188E-06
1.5479E-09	-1.3260E-09	3.5899E-06	-2.9198E-06
1.5363E-09	-1.3263E-09	9.2275E-07	-4.1610E-06
1.5248E-09	-1.3266E-09	7.0663E-07	-1.3049E-06
1.5132E-09	-1.3268E-09	2.7206E-06	-1.8099E-06
1.5018E-09	-1.3269E-09	2.1728E-06	-2.5045E-06
1.4903E-09	-1.3270E-09	2.2541E-06	-2.2783E-06
1.4789E-09	-1.3271E-09	2.3560E-06	-2.0655E-06
1.4675E-09	-1.3271E-09	3.3069E-06	-2.4141E-06
1.4561E-09	-1.3270E-09	2.7414E-06	-3.5112E-06
1.4448E-09	-1.3269E-09	2.1945E-06	-3.1926E-06
1.4335E-09	-1.3268E-09	1.9665E-06	-3.0495E-06
1.4222E-09	-1.3267E-09	2.2973E-06	-2.5354E-06
1.4110E-09	-1.3264E-09	2.6476E-06	-3.0775E-06
1.3998E-09	-1.3262E-09	2.4637E-06	-3.1422E-06
1.3886E-09	-1.3259E-09	2.5661E-06	-3.6234E-06
1.3775E-09	-1.3256E-09	1.6903E-06	-3.8450E-06
1.3664E-09	-1.3252E-09	1.4673E-06	-2.9269E-06
1.3553E-09	-1.3248E-09	2.2578E-06	-3.0911E-06
1.3443E-09	-1.3243E-09	1.4440E-06	-3.5507E-06
1.3332E-09	-1.3238E-09	1.4307E-06	-2.3926E-06
1.3223E-09	-1.3232E-09	2.4804E-06	-2.4013E-06
1.3113E-09	-1.3226E-09	3.1566E-06	-3.4819E-06
1.3004E-09	-1.3220E-09	1.5244E-06	-4.8597E-06
1.2895E-09	-1.3213E-09	3.6652E-07	-2.7174E-06
1.2787E-09	-1.3206E-09	2.1996E-06	-2.5857E-06
1.2679E-09	-1.3199E-09	1.5888E-06	-3.3776E-06
1.2571E-09	-1.3191E-09	1.7418E-06	-2.9994E-06
1.2463E-09	-1.3182E-09	1.3777E-06	-3.3656E-06
1.2356E-09	-1.3174E-09	1.5155E-06	-2.7056E-06
1.2249E-09	-1.3165E-09	1.6010E-06	-3.5586E-06
1.2143E-09	-1.3155E-09	5.1696E-07	-2.6251E-06
1.2037E-09	-1.3145E-09	2.0490E-06	-2.1458E-06
1.1931E-09	-1.3135E-09	1.6421E-06	-3.3219E-06
1.1826E-09	-1.3124E-09	1.3823E-06	-2.7623E-06
1.1721E-09	-1.3113E-09	1.2920E-06	-2.9953E-06
1.1616E-09	-1.3102E-09	1.3457E-06	-2.6784E-06
1.1512E-09	-1.3090E-09	6.8818E-07	-2.9694E-06
1.1408E-09	-1.3078E-09	1.0360E-06	-1.3171E-06
1.1304E-09	-1.3065E-09	1.9040E-06	-2.5724E-06
1.1201E-09	-1.3052E-09	8.6879E-07	-1.1479E-06
1.1098E-09	-1.3039E-09	3.6926E-06	-1.5180E-06
1.0996E-09	-1.3026E-09	2.4446E-06	-3.3849E-06
1.0893E-09	-1.3012E-09	2.3932E-06	-2.9711E-06
1.0792E-09	-1.2997E-09	1.4773E-06	-3.1375E-06
1.0690E-09	-1.2983E-09	2.7734E-06	-2.4900E-06
1.0589E-09	-1.2968E-09	1.6223E-06	-4.6506E-06
1.0488E-09	-1.2952E-09	5.1980E-07	-2.5509E-06
1.0388E-09	-1.2936E-09	1.2539E-06	-2.9381E-06
1.0288E-09	-1.2920E-09	1.0309E-06	-1.5885E-06
1.0188E-09	-1.2904E-09	2.5759E-06	-2.8575E-06
1.0089E-09	-1.2887E-09	6.7147E-07	-2.5073E-06
9.9902E-10	-1.2870E-09	2.7230E-06	-1.7399E-06
9.8917E-10	-1.2853E-09	2.0064E-06	-3.6087E-06
9.7935E-10	-1.2835E-09	1.4865E-06	-2.5962E-06
9.6958E-10	-1.2817E-09	1.8723E-06	-2.9502E-06
9.5984E-10	-1.2798E-09	1.6464E-06	-2.9181E-06
9.5014E-10	-1.2780E-09	1.5684E-06	-3.2853E-06
9.4048E-10	-1.2761E-09	6.7513E-07	-2.9274E-06
9.3085E-10	-1.2741E-09	1.3519E-06	-1.8960E-06
9.2126E-10	-1.2721E-09	1.9065E-06	-2.8244E-06
9.1171E-10	-1.2701E-09	1.2439E-06	-2.6399E-06
9.0220E-10	-1.2681E-09	1.5454E-06	-2.7240E-06
8.9273E-10	-1.2661E-09	1.2426E-06	-2.4200E-06
8.8330E-10	-1.2640E-09	1.6667E-06	-2.9475E-06
8.7390E-10	-1.2618E-09	4.4528E-07	-2.2545E-06
8.6454E-10	-1.2597E-09	2.2853E-06	-1.7621E-06
8.5522E-10	-1.2575E-09	1.4444E-06	-3.1838E-06
8.4594E-10	-1.2553E-09	1.5266E-06	-2.2737E-06
8.3670E-10	-1.2530E-09	1.2411E-06	-3.0900E-06
8.2750E-10	-1.2508E-09	8.5554E-07	-2.2131E-06
8.1833E-10	-1.2485E-09	9.1959E-07	-2.0361E-06
8.0921E-10	-1.2461E-09	1.7026E-06	-1.1671E-06
8.0012E-10	-1.2438E-09	2.5775E-06	-2.2116E-06
7.9107E-10	-1.2414E-09	2.3248E-06	-2.7900E-06
7.8206E-10	-1.2390E-09	1.6979E-06	-3.3015E-06
7.7309E-10	-1.2366E-09	1.4215E-06	-2.9099E-06
7.6416E-10	-1.2341E-09	8.7946E-07	-3.0095E-06
7.5527E-10	-1.2316E-09	1.4417E-06	-1.9045E-06
7.4642E-10	-1.2291E-09	1.8193E-06	-3.5885E-06
7.3760E-10	-1.2265E-09	-4.8799E-08	-2.9119E-06
7.2883E-10	-1.2240E-09	5.7792E-07	-1.7754E-06
7.2010E-10	-1.2214E-09	1.2654E-06	-1.6435E-06
7.1140E-10	-1.2187E-09	1.3478E-06	-2.4626E-06
7.0275E-10	-1.2161E-09	7.4608E-07	-1.5026E-06
6.9413E-10	-1.2134E-09	2.4250E-06	-1.9199E-06
6.8555E-10	-1.2107E-09	9.3944E-07	-3.2481E-06
6.7702E-10	-1.2080E-09	4.2106E-07	-1.4425E-06
6.6852E-10	-1.2052E-09	1.8001E-06	-1.5381E-06
6.6006E-10	-1.2024E-09	1.2213E-06	-2.0133E-06
6.5164E-10	-1.1996E-09	1.9893E-06	-1.1066E-06
6.4327E-10	-1.1968E-09	2.5564E-06	-2.9498E-06
6.3493E-10	-1.1940E-09	7.1426E-07	-2.4609E-06
6.2663E-10	-1.1911E-09	2.0250E-06	-1.9248E-06
6.1837E-10	-1.1882E-09	1.0370E-06	-2.9016E-06
6.1015E-10	-1.1853E-09	1.2819E-06	-1.5517E-06
6.0198E-10	-1.1824E-09	1.6508E-06	-2.7529E-06
5.9384E-10	-1.1794E-09	5.5045E-07	-1.9372E-06
5.8574E-10	-1.1764E-09	1.5649E-06	-1.7325E-06
5.7768E-10	-1.1734E-09	9.9963E-07	-1.8639E-06
5.6966E-10	-1.1704E-09	1.9321E-06	-1.2817E-06
5.6168E-10	-1.1673E-09	2.0555E-06	-2.6205E-06
5.5374E-10	-1.1643E-09	9.0806E-07	-2.6125E-06
5.4584E-10	-1.1612E-09	4.3831E-07	-1.5826E-06
5.3798E-10	-1.1581E-09	1.7021E-06	-6.7179E-07
5.3016E-10	-1.1549E-09	2.3203E-06	-2.0287E-06
5.2238E-10	-1.1518E-09	1.5032E-06	-1.8544E-06
5.1465E-10	-1.1486E-09	2.1348E-06	-1.9246E-06
5.0695E-10	-1.1454E-09	1.5164E-06	-2.3562E-06
4.9929E-10	-1.1422E-09	1.4961E-06	-1.6842E-06
4.9167E-10	-1.1390E-09	2.1757E-06	-1.8806E-06
4.8409E-10	-1.1357E-09	1.8185E-06	-2.7764E-06
4.7655E-10	-1.1325E-09	8.0295E-07	-2.0712E-06
4.6905E-10	-1.1292E-09	1.9083E-06	-1.3307E-06
4.6159E-10	-1.1259E-09	2.1924E-06	-2.5967E-06
4.5417E-10	-1.1225E-09	1.0477E-06	-2.6286E-06
4.4679E-10	-1.1192E-09	1.0751E-06	-1.7640E-06
4.3946E-10	-1.1158E-09	1.5234E-06	-1.9475E-06
4.3216E-10	-1.1125E-09	1.0863E-06	-1.8823E-06
4.2490E-10	-1.1091E-09	1.4595E-06	-1.4501E-06
4.1768E-10	-1.1057E-09	1.4819E-06	-1.6116E-06
4.1050E-10	-1.1022E-09	1.8229E-06	-1.1937E-06
4.0336E-10	-1.0988E-09	2.2912E-06	-1.6091E-06
3.9626E-10	-1.0953E-09	2.5944E-06	-1.8470E-06
3.8920E-10	-1.0918E-09	2.4218E-06	-3.1096E-06
3.8218E-10	-1.0884E-09	8.3273E-07	-2.7047E-06
3.7520E-10	-1.0848E-09	1.4877E-06	-1.5958E-06
3.6826E-10	-1.0813E-09	1.8963E-06	-2.3640E-06
3.6136E-10	-1.0778E-09	9.5850E-07	-2.3237E-06
3.5450E-10	-1.0742E-09	1.3028E-06	-1.0660E-06
3.4768E-10	-1.0707E-09	2.7002E-06	-1.8037E-06
3.4090E-10	-1.0671E-09	1.5466E-06	-2.7429E-06
3.3416E-10	-1.0635E-09	1.7014E-06	-1.3573E-06
3.2746E-10	-1.0599E-09	2.9512E-06	-2.8225E-06
3.2079E-10	-1.0562E-09	7.0564E-07	-3.3627E-06
3.1417E-10	-1.0526E-09	1.2994E-06	-1.6031E-06
3.0759E-10	-1.0489E-09	1.3795E-06	-2.8085E-06
3.0104E-10	-1.0453E-09	9.9215E-07	-1.3515E-06
2.9454E-10	-1.0416E-09	2.4268E-06	-2.5187E-06
2.8807E-10	-1.0379E-09	8.9936E-07	-2.7480E-06
2.8165E-10	-1.0342E-09	1.1529E-06	-2.6470E-06
2.7526E-10	-1.0305E-09	-8.6136E-08	-1.8242E-06
2.6892E-10	-1.0268E-09	1.9004E-06	-1.2274E-06
2.6261E-10	-1.0230E-09	5.3925E-07	-2.8631E-06
2.5634E-10	-1.0193E-09	1.9891E-07	-3.2517E-07
2.5011E-10	-1.0155E-09	2.4747E-06	-6.0533E-07
2.4392E-10	-1.0117E-09	2.4309E-06	-2.1380E-06
2.3777E-10	-1.0079E-09	1.6004E-06	-2.1826E-06
2.3166E-10	-1.0041E-09	1.6950E-06	-2.2784E-06
2.2559E-10	-1.0003E-09	8.7439E-07	-1.9260E-06
2.1955E-10	-9.9650E-10	1.9929E-06	-1.5368E-06
2.1356E-10	-9.9267E-10	1.2106E-06	-2.4262E-06
2.0760E-10	-9.8883E-10	1.5934E-06	-1.4237E-06
2.0168E-10	-9.8498E-10	1.4364E-06	-2.4414E-06
1.9580E-10	-9.8112E-10	1.3268E-06	-1.3772E-06
1.8996E-10	-9.7725E-10	1.8083E-06	-2.4675E-06
1.8416E-10	-9.7337E-10	6.8048E-07	-1.7681E-06
1.7840E-10	-9.6948E-10	1.7418E-06	-1.4388E-06
1.7267E-10	-9.6559E-10	1.6032E-06	-2.1074E-06
1.6698E-10	-9.6168E-10	1.1945E-06	-2.0204E-06
1.6134E-10	-9.5777E-10	1.3183E-06	-1.6256E-06
1.5573E-10	-9.5384E-10	1.4713E-06	-2.0512E-06
1.5015E-10	-9.4991E-10	8.3246E-07	-1.7459E-06
1.4462E-10	-9.4597E-10	1.4044E-06	-1.2186E-06
1.3912E-10	-9.4202E-10	1.4947E-06	-1.7547E-06
1.3367E-10	-9.3807E-10	1.1639E-06	-1.2442E-06
1.2825E-10	-9.3411E-10	1.9832E-06	-1.1969E-06
1.2286E-10	-9.3014E-10	1.8884E-06	-1.7017E-06
1.1752E-10	-9.2616E-10	1.8244E-06	-1.8408E-06
1.1221E-10	-9.2218E-10	1.3391E-06	-1.5849E-06
1.0694E-10	-9.1819E-10	2.1001E-06	-1.0821E-06
1.0171E-10	-9.1419E-10	2.5490E-06	-1.6461E-06
9.6519E-11	-9.1019E-10	2.7590E-06	-2.4526E-06
9.1363E-11	-9.0618E-10	1.7767E-06	-2.7833E-06
8.6243E-11	-9.0217E-10	2.1131E-06	-2.8142E-06
8.1162E-11	-8.9815E-10	6.0050E-07	-3.2342E-06
7.6117E-11	-8.9412E-10	1.0890E-06	-1.8227E-06
7.1109E-11	-8.9009E-10	6.0005E-07	-2.6818E-06
6.6138E-11	-8.8605E-10	7.6463E-07	-8.9357E-07
6.1205E-11	-8.8201E-10	1.6974E-06	-1.9349E-06
5.6308E-11	-8.7797E-10	1.4307E-06	-1.4490E-06
5.1448E-11	-8.7392E-10	1.7932E-06	-2.5539E-06
4.6624E-11	-8.6986E-10	6.0373E-07	-1.7414E-06
4.1837E-11	-8.6580E-10	1.9054E-06	-1.5801E-06
3.7087E-11	-8.6174E-10	1.3716E-06	-2.5781E-06
3.2373E-11	-8.5767E-10	5.1453E-07	-1.9067E-06
2.7696E-11	-8.5360E-10	1.3904E-06	-1.1666E-06
2.3054E-11	-8.4952E-10	1.4767E-06	-1.9311E-06
1.8449E-11	-8.4544E-10	1.7771E-06	-1.6530E-06
1.3880E-11	-8.4136E-10	1.1433E-06	-3.0354E-06
9.3471E-12	-8.3727E-10	-6.0172E-08	-1.3065E-06
4.8500E-12	-8.3319E-10	1.2343E-06	-7.3093E-07
3.8858E-13	-8.2910E-10	2.3824E-06	-8.5160E-07
-4.0371E-12	-8.2500E-10	1.8797E-06	-3.0550E-06
-8.4271E-12	-8.2091E-10	4.1334E-07	-6.9775E-07
-1.2782E-11	-8.1681E-10	3.5490E-06	-1.6090E-06
-1.7101E-11	-8.1271E-10	1.4650E-06	-3.4662E-06
-2.1384E-11	-8.0860E-10	9.9161E-07	-2.6678E-06
-2.5633E-11	-8.0450E-10	1.9436E-07	-2.1710E-06
-2.9846E-11	-8.0039E-10	1.0503E-06	-1.5124E-06
-3.4025E-11	-7.9629E-10	7.3218E-07	-1.7971E-06
-3.8168E-11	-7.9218E-10	1.1266E-06	-1.3947E-06
-4.2276E-11	-7.8807E-10	1.0004E-06	-1.3251E-06
-4.6350E-11	-7.8396E-10	2.0837E-06	-1.3176E-06
-5.0389E-11	-7.7984E-10	1.4530E-06	-2.5173E-06
-5.4394E-11	-7.7573E-10	1.1719E-06	-1.8049E-06
-5.8364E-11	-7.7162E-10	1.2638E-06	-2.4565E-06
-6.2299E-11	-7.6751E-10	3.7966E-07	-1.9897E-06
-6.6201E-11	-7.6339E-10	8.8949E-07	-1.6499E-06
-7.0068E-11	-7.5928E-10	1.9990E-07	-1.6832E-06
-7.3901E-11	-7.5516E-10	1.0517E-06	-3.3152E-07
-7.7701E-11	-7.5105E-10	1.8120E-06	-1.8510E-06
-8.1466E-11	-7.4694E-10	7.9651E-07	-1.2888E-06
-8.5198E-11	-7.4283E-10	1.7280E-06	-1.7754E-06
-8.8896E-11	-7.3871E-10	2.5688E-07	-1.7327E-06
-9.2560E-11	-7.3460E-10	9.1567E-07	-4.7261E-07
-9.6191E-11	-7.3049E-10	2.0546E-06	-3.0775E-07
-9.9789E-11	-7.2638E-10	3.0239E-06	-2.3711E-06
-1.0335E-10	-7.2227E-10	3.9979E-07	-2.5361E-06
-1.0689E-10	-7.1817E-10	1.4580E-06	-1.3886E-06
-1.1038E-10	-7.1406E-10	2.7117E-07	-1.8433E-06
-1.1385E-10	-7.0996E-10	1.7435E-06	-2.3738E-07
-1.1728E-10	-7.0586E-10	1.5372E-06	-2.1781E-06
-1.2068E-10	-7.0176E-10	1.4003E-06	-5.6195E-07
-1.2405E-10	-6.9766E-10	2.2841E-06	-2.0385E-06
-1.2739E-10	-6.9357E-10	1.4711E-06	-1.4407E-06
-1.3069E-10	-6.8947E-10	2.2038E-06	-2.4051E-06
-1.3396E-10	-6.8538E-10	7.2469E-07	-2.0653E-06
-1.3720E-10	-6.8129E-10	1.7179E-06	-1.5549E-06
-1.4040E-10	-6.7721E-10	1.4392E-06	-2.1912E-06
-1.4358E-10	-6.7313E-10	1.3776E-06	-2.0899E-06
-1.4672E-10	-6.6905E-10	1.1919E-06	-2.2507E-06
-1.4983E-10	-6.6497E-10	9.0917E-07	-2.3525E-06
-1.5291E-10	-6.6090E-10	5.0889E-07	-1.9209E-06
-1.5596E-10	-6.5683E-10	6.9468E-07	-1.8792E-06
-1.5898E-10	-6.5276E-10	9.2903E-08	-1.2985E-06
-1.6196E-10	-6.4870E-10	1.2714E-06	-5.1812E-07
-1.6492E-10	-6.4464E-10	1.8118E-06	-1.4585E-06
-1.6784E-10	-6.4058E-10	1.5946E-06	-1.9382E-06
-1.7073E-10	-6.3653E-10	9.9452E-07	-1.9236E-06
-1.7360E-10	-6.3249E-10	1.6641E-06	-1.7500E-06
-1.7643E-10	-6.2844E-10	5.6050E-07	-3.0587E-06
-1.7923E-10	-6.2441E-10	-2.9599E-07	-6.7914E-07
-1.8200E-10	-6.2037E-10	2.1740E-06	-1.2795E-06
-1.8474E-10	-6.1634E-10	3.9234E-07	-2.5052E-06
-1.8745E-10	-6.1232E-10	6.4115E-07	-8.8874E-07
-1.9013E-10	-6.0830E-10	1.0783E-06	-1.6284E-06
-1.9278E-10	-6.0429E-10	9.8741E-07	-1.1951E-06
-1.9540E-10	-6.0028E-10	1.1434E-06	-1.9817E-06
-1.9799E-10	-5.9627E-10	2.4320E-07	-1.1511E-06
-2.0055E-10	-5.9227E-10	1.7183E-06	-1.0713E-06
-2.0309E-10	-5.8828E-10	7.2072E-07	-2.3143E-06
-2.0559E-10	-5.8429E-10	2.9305E-07	-8.1938E-07
-2.0806E-10	-5.8031E-10	1.3534E-06	-1.1892E-06
-2.1051E-10	-5.7633E-10	6.3865E-07	-1.1606E-06
-2.1292E-10	-5.7236E-10	1.7137E-06	-7.3150E-07
-2.1531E-10	-5.6840E-10	1.3915E-06	-2.0526E-06
-2.1767E-10	-5.6444E-10	9.0815E-07	-1.1127E-06
-2.2000E-10	-5.6049E-10	1.7286E-06	-1.9507E-06
-2.2230E-10	-5.5654E-10	1.5077E-07	-2.0524E-06
-2.2457E-10	-5.5260E-10	5.4925E-07	-7.4528E-07
-2.2681E-10	-5.4867E-10	1.1773E-06	-9.9532E-07
-2.2903E-10	-5.4474E-10	1.2267E-06	-1.1960E-06
-2.3122E-10	-5.4082E-10	1.3438E-06	-1.1911E-06
-2.3338E-10	-5.3690E-10	1.3990E-06	-1.7974E-06
-2.3551E-10	-5.3300E-10	6.5062E-07	-1.4654E-06
-2.3762E-10	-5.2910E-10	1.1933E-06	-1.5064E-06
-2.3969E-10	-5.2521E-10	1.4182E-07	-1.2216E-06
-2.4174E-10	-5.2132E-10	1.6936E-06	-2.9153E-07
-2.4377E-10	-5.1744E-10	1.4480E-06	-1.9464E-06
-2.4576E-10	-5.1357E-10	1.0813E-06	-1.0659E-06
-2.4773E-10	-5.0971E-10	1.3054E-06	-1.6715E-06
-2.4967E-10	-5.0585E-10	1.2852E-06	-1.1524E-06
-2.5159E-10	-5.0201E-10	1.4215E-06	-2.3396E-06
-2.5348E-10	-4.9817E-10	-2.3645E-08	-1.5561E-06
-2.5534E-10	-4.9433E-10	9.6327E-07	-8.3311E-07
-2.5718E-10	-4.9051E-10	1.0799E-06	-1.3356E-06
-2.5899E-10	-4.8669E-10	7.8541E-07	-1.4294E-06
-2.6077E-10	-4.8288E-10	5.0539E-07	-7.5388E-07
-2.6253E-10	-4.7908E-10	1.6670E-06	-3.7172E-07
-2.6426E-10	-4.7529E-10	1.9531E-06	-1.7361E-06
-2.6597E-10	-4.7151E-10	8.6376E-07	-1.5151E-06
-2.6765E-10	-4.6773E-10	1.7390E-06	-1.3416E-06
-2.6930E-10	-4.6397E-10	8.9567E-07	-2.0897E-06
-2.7093E-10	-4.6021E-10	1.2234E-06	-1.3963E-06
-2.7254E-10	-4.5646E-10	4.0039E-07	-2.3235E-06
-2.7412E-10	-4.5272E-10	4.8853E-07	-4.7389E-07
-2.7567E-10	-4.4899E-10	1.1960E-06	-2.0633E-06
-2.7720E-10	-4.4527E-10	-4.0984E-07	-4.9424E-07
-2.7870E-10	-4.4155E-10	2.1120E-06	-3.5518E-07
-2.8019E-10	-4.3785E-10	9.8119E-07	-1.8969E-06
-2.8164E-10	-4.3415E-10	8.6230E-07	-4.3288E-07
-2.8307E-10	-4.3047E-10	2.3249E-06	-1.1488E-06
-2.8448E-10	-4.2679E-10	1.1301E-06	-2.2976E-06
-2.8586E-10	-4.2312E-10	1.2657E-06	-1.0623E-06
-2.8722E-10	-4.1946E-10	1.5331E-06	-2.8056E-06
-2.8856E-10	-4.1581E-10	-3.5358E-07	-1.7329E-06
-2.8987E-10	-4.1218E-10	8.3219E-07	-1.3372E-06
-2.9116E-10	-4.0855E-10	8.5969E-08	-1.3636E-06
-2.9242E-10	-4.0493E-10	6.6823E-07	-9.5177E-07
-2.9367E-10	-4.0132E-10	5.4435E-07	-8.0231E-07
-2.9488E-10	-3.9772E-10	1.2965E-06	-1.1435E-06
-2.9608E-10	-3.9413E-10	3.7673E-07	-1.2700E-06
-2.9725E-10	-3.9055E-10	9.9212E-07	-7.7208E-07
-2.9840E-10	-3.8698E-10	8.0780E-07	-1.0641E-06
-2.9953E-10	-3.8342E-10	1.0228E-06	-1.0143E-06
-3.0063E-10	-3.7987E-10	8.2895E-07	-7.3504E-07
-3.0171E-10	-3.7633E-10	1.7114E-06	-1.3262E-06
-3.0277E-10	-3.7280E-10	1.1643E-07	-1.3805E-06
-3.0381E-10	-3.6928E-10	1.7243E-06	-2.4167E-07
-3.0483E-10	-3.6578E-10	1.2074E-06	-2.3783E-06
-3.0582E-10	-3.6228E-10	2.4442E-08	-8.9652E-07
-3.0679E-10	-3.5879E-10	1.0765E-06	-6.8063E-07
-3.0774E-10	-3.5532E-10	1.0703E-06	-9.9471E-07
-3.0867E-10	-3.5185E-10	1.0745E-06	-8.0698E-07
-3.0958E-10	-3.4840E-10	1.7019E-06	-1.2283E-06
-3.1046E-10	-3.4495E-10	5.4829E-07	-1.7081E-06
-3.1133E-10	-3.4152E-10	1.1062E-06	-3.5987E-07
-3.1217E-10	-3.3810E-10	1.6212E-06	-1.6831E-06
-3.1299E-10	-3.3469E-10	8.4533E-07	-1.1820E-06
-3.1380E-10	-3.3129E-10	1.5405E-06	-1.6695E-06
-3.1458E-10	-3.2790E-10	4.3908E-07	-1.8912E-06
-3.1534E-10	-3.2452E-10	4.9296E-07	-1.1946E-06
-3.1608E-10	-3.2115E-10	6.2054E-07	-9.2541E-07
-3.1680E-10	-3.1780E-10	1.4701E-06	-1.1943E-06
-3.1750E-10	-3.1446E-10	4.0670E-07	-2.2663E-06
-3.1818E-10	-3.1112E-10	-1.1432E-07	-6.0937E-07
-3.1884E-10	-3.0780E-10	1.1786E-06	-1.2332E-06
-3.1948E-10	-3.0449E-10	-3.3460E-07	-1.3853E-06
-3.2010E-10	-3.0119E-10	4.0842E-07	-5.0008E-08
-3.2070E-10	-2.9791E-10	6.1977E-07	-6.4761E-07
-3.2128E-10	-2.9463E-10	9.6407E-07	2.6553E-07
-3.2184E-10	-2.9137E-10	2.2179E-06	-9.2946E-07
-3.2239E-10	-2.8812E-10	9.3332E-07	-1.7244E-06
-3.2291E-10	-2.8488E-10	8.3314E-07	-1.2880E-06
-3.2341E-10	-2.8165E-10	-2.0318E-07	-1.4255E-06
-3.2390E-10	-2.7843E-10	1.6544E-07	7.5782E-07
-3.2437E-10	-2.7523E-10	2.1044E-06	-2.7256E-07
-3.2482E-10	-2.7203E-10	1.2323E-06	-7.3077E-07
-3.2525E-10	-2.6885E-10	1.9699E-06	-7.7865E-07
-3.2566E-10	-2.6568E-10	1.6086E-06	-1.5498E-06
-3.2605E-10	-2.6253E-10	8.5570E-07	-2.2276E-06
-3.2643E-10	-2.5938E-10	-8.9219E-07	-3.5072E-07
-3.2679E-10	-2.5625E-10	2.0891E-06	8.7517E-07
-3.2713E-10	-2.5313E-10	1.9067E-06	-1.0503E-06
-3.2745E-10	-2.5002E-10	2.7430E-06	-7.4282E-07
-3.2776E-10	-2.4692E-10	1.6167E-06	-3.0664E-06
-3.2804E-10	-2.4384E-10	4.0447E-07	-1.0444E-06
-3.2831E-10	-2.4077E-10	1.6529E-06	-1.3036E-06
-3.2857E-10	-2.3771E-10	1.8658E-06	-1.6858E-06
-3.2880E-10	-2.3466E-10	9.0275E-07	-3.2470E-06
-3.2902E-10	-2.3163E-10	-4.2311E-07	-1.4031E-06
-3.2923E-10	-2.2860E-10	6.6469E-07	-1.7310E-06
-3.2941E-10	-2.2559E-10	-3.1928E-07	-9.7368E-07
-3.2958E-10	-2.2259E-10	1.1307E-06	-1.1540E-06
-3.2973E-10	-2.1961E-10	-2.3104E-07	-1.6894E-06
-3.2987E-10	-2.1664E-10	-3.1698E-08	-5.6693E-07
-3.2999E-10	-2.1368E-10	1.8561E-07	-3.2017E-07
-3.3009E-10	-2.1073E-10	9.5009E-07	-8.8618E-08
-3.3018E-10	-2.0779E-10	1.3836E-06	-4.6953E-07
-3.3025E-10	-2.0487E-10	1.5276E-06	-1.2067E-06
-3.3031E-10	-2.0196E-10	1.1101E-06	-1.2010E-06
-3.3035E-10	-1.9906E-10	1.1939E-06	-2.0919E-06
-3.3037E-10	-1.9618E-10	-6.2058E-07	-1.3293E-06
-3.3038E-10	-1.9330E-10	1.0553E-06	-3.5467E-07
-3.3038E-10	-1.9045E-10	3.2612E-07	-1.6951E-06
-3.3036E-10	-1.8760E-10	1.3604E-07	-4.0944E-07
-3.3032E-10	-1.8476E-10	5.9469E-07	-7.4473E-07
-3.3027E-10	-1.8194E-10	4.4662E-07	-4.6681E-07
-3.3020E-10	-1.7913E-10	7.7159E-07	-1.6352E-07
-3.3012E-10	-1.7634E-10	1.5400E-06	-6.2278E-07
-3.3003E-10	-1.7356E-10	7.9813E-07	-1.0747E-06
-3.2992E-10	-1.7079E-10	1.2546E-06	-9.3208E-07
-3.2979E-10	-1.6803E-10	9.6508E-08	-1.3020E-06
-3.2966E-10	-1.6528E-10	9.4645E-07	-3.8408E-08
-3.2950E-10	-1.6255E-10	4.5931E-07	-1.1575E-06
-3.2934E-10	-1.5984E-10	1.0494E-06	8.2440E-07
-3.2916E-10	-1.5713E-10	2.3828E-06	-1.3574E-06
-3.2896E-10	-1.5444E-10	9.7389E-07	-1.1535E-06
-3.2876E-10	-1.5176E-10	1.2423E-06	-1.8275E-06
-3.2853E-10	-1.4909E-10	-1.4074E-07	-8.9924E-07
-3.2830E-10	-1.4644E-10	1.1402E-06	-4.8857E-07
-3.2805E-10	-1.4380E-10	8.5884E-07	-8.7027E-07
-3.2779E-10	-1.4117E-10	1.0017E-06	-9.0119E-07
-3.2752E-10	-1.3855E-10	9.2179E-07	-6.6554E-07
-3.2723E-10	-1.3595E-10	9.9537E-07	-1.2375E-06
-3.2693E-10	-1.3336E-10	4.3425E-07	-1.3724E-08
-3.2662E-10	-1.3079E-10	2.4626E-06	-6.9913E-07
-3.2629E-10	-1.2823E-10	8.3385E-07	-1.7276E-06
-3.2595E-10	-1.2568E-10	1.5260E-06	-6.8815E-07
-3.2560E-10	-1.2314E-10	1.4606E-06	-2.0967E-06
-3.2524E-10	-1.2062E-10	3.0913E-07	-1.8705E-06
-3.2486E-10	-1.1811E-10	9.7245E-08	-8.9859E-07
-3.2448E-10	-1.1561E-10	1.0430E-06	-7.6733E-07
-3.2408E-10	-1.1312E-10	7.9513E-07	-1.1824E-06
-3.2367E-10	-1.1065E-10	1.2807E-06	-1.2860E-06
-3.2324E-10	-1.0820E-10	1.6724E-07	-2.2139E-06
-3.2281E-10	-1.0575E-10	-4.6821E-07	-4.8454E-07
-3.2236E-10	-1.0332E-10	1.0766E-06	-5.2737E-07
-3.2190E-10	-1.0090E-10	1.5343E-07	-1.5644E-06
-3.2144E-10	-9.8495E-11	-3.1894E-07	3.0723E-07
-3.2095E-10	-9.6102E-11	1.9653E-06	1.1139E-08
-3.2046E-10	-9.3723E-11	8.4855E-07	-1.6486E-06
-3.1996E-10	-9.1357E-11	4.2925E-07	-8.4512E-08
-3.1945E-10	-8.9004E-11	1.9434E-06	-7.3577E-07
-3.1892E-10	-8.6664E-11	5.5902E-07	-1.7320E-06
-3.1839E-10	-8.4337E-11	6.7790E-07	1.0737E-07
-3.1784E-10	-8.2023E-11	2.1942E-06	-1.3897E-06
-3.1729E-10	-7.9723E-11	2.1819E-07	-1.5150E-06
-3.1672E-10	-7.7435E-11	1.4613E-06	-6.2801E-07
-3.1614E-10	-7.5161E-11	7.9243E-07	-1.6993E-06
-3.1556E-10	-7.2899E-11	1.2725E-06	-6.8405E-07
-3.1496E-10	-7.0651E-11	1.3730E-06	-2.3400E-06
-3.1435E-10	-6.8416E-11	-6.8203E-08	-1.6683E-06
-3.1374E-10	-6.6194E-11	5.3091E-07	-1.0217E-06
-3.1311E-10	-6.3985E-11	9.0910E-07	-1.3767E-06
-3.1247E-10	-6.1789E-11	4.1730E-07	-1.9441E-06
-3.1183E-10	-5.9606E-11	-1.5927E-07	-1.2973E-06
-3.1117E-10	-5.7436E-11	4.1413E-07	-9.7226E-07
-3.1051E-10	-5.5280E-11	4.9982E-07	-1.7016E-06
-3.0983E-10	-5.3136E-11	-7.7025E-07	-1.5035E-06
-3.0915E-10	-5.1005E-11	-1.0763E-07	-3.6303E-08
-3.0846E-10	-4.8888E-11	7.1320E-07	-1.0146E-06
-3.0776E-10	-4.6783E-11	1.5981E-08	-1.0119E-06
-3.0705E-10	-4.4692E-11	4.7873E-08	-1.0405E-06
-3.0633E-10	-4.2613E-11	-4.8024E-07	-3.0037E-07
-3.0560E-10	-4.0547E-11	1.0362E-06	1.7319E-08
-3.0486E-10	-3.8495E-11	5.3004E-07	-1.6495E-06
-3.0412E-10	-3.6455E-11	-5.0833E-07	-2.7662E-07
-3.0337E-10	-3.4429E-11	1.0438E-06	-5.0732E-07
-3.0261E-10	-3.2415E-11	-5.7156E-07	-1.1880E-06
-3.0184E-10	-3.0414E-11	1.5141E-07	1.0622E-06
-3.0106E-10	-2.8426E-11	1.8329E-06	-4.6031E-07
-3.0027E-10	-2.6451E-11	7.6546E-07	-9.4061E-07
-2.9948E-10	-2.4489E-11	1.0596E-06	-1.0474E-06
-2.9868E-10	-2.2540E-11	1.5242E-07	-1.2245E-06
-2.9787E-10	-2.0604E-11	5.5209E-07	-3.8785E-07
-2.9705E-10	-1.8680E-11	8.4520E-07	-1.1073E-06
-2.9623E-10	-1.6770E-11	3.9963E-07	-1.0210E-06
-2.9540E-10	-1.4872E-11	4.7605E-07	-1.1941E-06
-2.9456E-10	-1.2987E-11	-6.7614E-08	-1.1173E-06
-2.9371E-10	-1.1115E-11	-5.3326E-08	-8.1209E-07
-2.9286E-10	-9.2555E-12	-2.8404E-07	-4.8639E-07
-2.9200E-10	-7.4089E-12	3.1222E-07	-4.5672E-08
-2.9113E-10	-5.5750E-12	5.6964E-07	-4.8502E-07
-2.9025E-10	-3.7538E-12	5.6236E-07	-7.6794E-07
-2.8937E-10	-1.9454E-12	-2.7424E-07	-9.3165E-07
-2.8849E-10	-1.4958E-13	-1.7059E-07	4.2563E-07
-2.8759E-10	1.6335E-12	9.9453E-07	8.3962E-08
-2.8669E-10	3.4040E-12	8.6316E-07	-3.7157E-07
-2.8578E-10	5.1618E-12	8.4869E-07	-6.0955E-07
-2.8487E-10	6.9070E-12	6.6746E-07	-4.3801E-07
-2.8395E-10	8.6397E-12	1.2462E-06	-7.6950E-07
-2.8302E-10	1.0360E-11	4.6540E-07	-1.6614E-06
-2.8209E-10	1.2067E-11	-6.3036E-07	-8.2204E-07
-2.8115E-10	1.3762E-11	1.7501E-08	3.5766E-07
-2.8021E-10	1.5445E-11	1.0765E-06	-3.8671E-08
-2.7926E-10	1.7115E-11	9.6609E-07	-9.2199E-07
-2.7830E-10	1.8772E-11	6.1015E-08	-1.0413E-06
-2.7734E-10	2.0417E-11	-1.0640E-07	-6.8889E-08
-2.7637E-10	2.2050E-11	5.9084E-07	1.0748E-07
-2.7540E-10	2.3670E-11	9.1713E-07	-7.7893E-08
-2.7442E-10	2.5278E-11	9.8377E-07	-3.7722E-07
-2.7344E-10	2.6874E-11	1.3197E-06	-4.8584E-07
-2.7245E-10	2.8457E-11	8.1361E-07	-1.6147E-06
-2.7145E-10	3.0028E-11	-2.7291E-07	-5.0847E-07
-2.7046E-10	3.1587E-11	6.7387E-07	-1.7735E-07
-2.6945E-10	3.3133E-11	8.9583E-07	-1.9711E-07
-2.6844E-10	3.4667E-11	1.0811E-06	-1.2736E-06
-2.6743E-10	3.6189E-11	-8.0678E-08	-3.7895E-07
-2.6641E-10	3.7699E-11	1.1797E-06	-9.6021E-07
-2.6539E-10	3.9197E-11	-9.0834E-07	-1.1785E-07
-2.6436E-10	4.0682E-11	2.4865E-06	6.5347E-07
-2.6333E-10	4.2156E-11	4.0349E-07	-2.0375E-06
-2.6229E-10	4.3617E-11	1.4427E-06	4.5526E-07
-2.6125E-10	4.5067E-11	1.1327E-06	-2.7961E-06
-2.6020E-10	4.6504E-11	-2.9210E-07	-4.4041E-07
-2.5916E-10	4.7929E-11	4.8486E-07	-1.7587E-06
-2.5810E-10	4.9343E-11	-6.0093E-07	1.1390E-07
-2.5704E-10	5.0744E-11	1.1157E-06	-9.0628E-07
-2.5598E-10	5.2134E-11	-1.2064E-07	-4.3799E-07
-2.5492E-10	5.3512E-11	8.0418E-07	-1.0651E-06
-2.5385E-10	5.4878E-11	-5.0777E-07	-2.4619E-07
-2.5277E-10	5.6232E-11	9.6882E-07	-3.4922E-07
-2.5170E-10	5.7574E-11	1.9106E-07	-9.8261E-08
-2.5062E-10	5.8905E-11	1.7409E-06	-8.7353E-07
-2.4953E-10	6.0224E-11	-2.9866E-07	-1.2201E-06
-2.4845E-10	6.1531E-11	9.3758E-07	-3.9726E-07
-2.4736E-10	6.2826E-11	3.2973E-08	-8.5978E-07
-2.4626E-10	6.4110E-11	1.6310E-06	-7.3290E-07
-2.4516E-10	6.5383E-11	-7.5917E-07	-2.6569E-06
-2.4406E-10	6.6643E-11	-9.4760E-07	6.3415E-07
-2.4296E-10	6.7892E-11	5.7282E-07	-5.5386E-07
-2.4185E-10	6.9130E-11	-2.8501E-07	1.4368E-07
-2.4075E-10	7.0356E-11	1.0633E-06	7.8167E-08
-2.3963E-10	7.1571E-11	7.8186E-07	-6.2934E-07
-2.3852E-10	7.2775E-11	9.1680E-07	-7.6705E-07
-2.3740E-10	7.3967E-11	2.1369E-07	-1.5651E-06
-2.3628E-10	7.5147E-11	-9.4651E-07	-2.0899E-07
-2.3516E-10	7.6317E-11	9.3519E-07	6.6861E-07
-2.3403E-10	7.7475E-11	9.5555E-07	-1.0146E-06
-2.3290E-10	7.8622E-11	2.8765E-07	-3.3037E-07
-2.3177E-10	7.9757E-11	9.7954E-07	-7.3363E-07
-2.3064E-10	8.0882E-11	1.8696E-07	-9.1148E-07
-2.2951E-10	8.1995E-11	5.8286E-07	-4.1160E-07
-2.2837E-10	8.3098E-11	5.8511E-07	-1.1437E-06
-2.2723E-10	8.4189E-11	-1.2910E-07	-9.0546E-07
-2.2609E-10	8.5269E-11	-1.2395E-07	-4.4410E-07
-2.2495E-10	8.6338E-11	1.9768E-07	6.4109E-08
-2.2380E-10	8.7397E-11	1.0240E-06	-3.7807E-07
-2.2265E-10	8.8444E-11	4.7342E-07	-1.1573E-06
-2.2151E-10	8.9480E-11	-2.2976E-07	-6.9078E-07
-2.2036E-10	9.0506E-11	1.6750E-07	9.8146E-08
-2.1920E-10	9.1521E-11	9.0343E-07	-2.5527E-07
-2.1805E-10	9.2525E-11	9.9459E-07	-7.0256E-07
-2.1689E-10	9.3518E-11	6.0340E-07	-1.6112E-06
-2.1574E-10	9.4500E-11	-6.3559E-07	-9.2272E-07
-2.1458E-10	9.5472E-11	-5.3028E-09	-2.5525E-07
-2.1342E-10	9.6433E-11	8.9809E-08	-1.8638E-07
-2.1226E-10	9.7384E-11	4.7474E-07	-5.3387E-07
-2.1110E-10	9.8324E-11	-2.3235E-07	-4.4067E-08
-2.0993E-10	9.9253E-11	1.2628E-06	8.2850E-08
-2.0877E-10	1.0017E-10	4.9694E-07	-1.0157E-06
-2.0760E-10	1.0108E-10	6.4341E-07	-4.9526E-07
-2.0644E-10	1.0198E-10	2.8965E-08	-7.4244E-07
-2.0527E-10	1.0287E-10	1.1112E-06	1.2300E-07
-2.0410E-10	1.0374E-10	8.8326E-07	-1.7508E-06
-2.0293E-10	1.0461E-10	-1.0595E-07	-7.4417E-07
-2.0176E-10	1.0547E-10	2.4355E-07	-8.8631E-07
-2.0059E-10	1.0632E-10	3.1482E-07	-3.2201E-07
-1.9942E-10	1.0715E-10	5.7036E-07	-1.1525E-06
-1.9825E-10	1.0798E-10	1.8320E-07	-5.0488E-07
-1.9708E-10	1.0879E-10	7.0199E-07	-1.4896E-06
-1.9591E-10	1.0960E-10	-6.6354E-07	-9.4129E-07
-1.9473E-10	1.1040E-10	2.0749E-07	-6.6594E-07
-1.9356E-10	1.1118E-10	-3.1801E-07	-6.0831E-07
-1.9239E-10	1.1196E-10	3.0114E-07	-7.8593E-07
-1.9121E-10	1.1273E-10	-7.6957E-07	-3.3170E-07
-1.9004E-10	1.1348E-10	1.1574E-06	-2.4937E-08
-1.8886E-10	1.1423E-10	-3.4351E-07	-1.6678E-06
-1.8769E-10	1.1497E-10	-2.7808E-08	2.4046E-07
-1.8652E-10	1.1569E-10	9.1823E-08	-1.3189E-06
-1.8534E-10	1.1641E-10	-5.6329E-07	4.6609E-07
-1.8417E-10	1.1712E-10	1.1187E-06	-5.2294E-07
-1.8299E-10	1.1782E-10	-1.9434E-07	-6.3394E-07
-1.8182E-10	1.1850E-10	7.4208E-07	-1.7978E-07
-1.8064E-10	1.1918E-10	7.6317E-07	-1.0709E-06
-1.7947E-10	1.1985E-10	4.3334E-08	-1.4036E-06
-1.7830E-10	1.2051E-10	-1.7011E-07	-6.6934E-07
-1.7712E-10	1.2116E-10	-1.3378E-08	-1.3024E-06
-1.7595E-10	1.2180E-10	-1.0034E-06	-2.7497E-07
-1.7478E-10	1.2243E-10	5.8133E-07	-3.3914E-09
-1.7361E-10	1.2306E-10	1.1299E-07	-9.7353E-07
-1.7244E-10	1.2367E-10	-9.4545E-08	-5.7577E-07
-1.7127E-10	1.2427E-10	7.6270E-08	-4.7040E-07
-1.7010E-10	1.2487E-10	1.3863E-07	-8.9030E-07
-1.6893E-10	1.2545E-10	-3.9933E-07	-4.4499E-07
-1.6776E-10	1.2603E-10	2.6571E-07	-3.3618E-07
-1.6659E-10	1.2660E-10	3.3594E-07	-3.8659E-07
-1.6542E-10	1.2716E-10	7.6603E-07	-1.4318E-06
-1.6426E-10	1.2771E-10	-1.0798E-06	-1.3622E-06
-1.6309E-10	1.2825E-10	-5.5121E-07	-9.9346E-08
-1.6193E-10	1.2878E-10	-3.4840E-07	2.4390E-07
-1.6077E-10	1.2930E-10	1.3776E-06	-2.1793E-08
-1.5960E-10	1.2982E-10	2.2318E-07	-1.8062E-06
-1.5844E-10	1.3032E-10	-2.6577E-07	-3.9491E-07
-1.5728E-10	1.3082E-10	6.9416E-07	-9.6264E-07
-1.5612E-10	1.3130E-10	-3.9947E-08	-1.8231E-06
-1.5497E-10	1.3178E-10	-1.1031E-06	-1.0849E-06
-1.5381E-10	1.3225E-10	-3.0709E-07	-5.3286E-07
-1.5266E-10	1.3272E-10	-7.8897E-07	-8.0698E-07
-1.5150E-10	1.3317E-10	-1.2333E-07	-1.1967E-07
-1.5035E-10	1.3361E-10	-3.0766E-07	-1.0340E-06
-1.4920E-10	1.3405E-10	-4.9121E-07	-8.5788E-08
-1.4805E-10	1.3448E-10	5.1928E-07	-7.2598E-07
-1.4690E-10	1.3490E-10	-5.6335E-07	-1.6604E-06
-1.4576E-10	1.3531E-10	-1.4650E-06	-1.8254E-07
-1.4461E-10	1.3571E-10	2.1438E-07	2.5932E-07
-1.4347E-10	1.3611E-10	8.2982E-08	-7.9168E-07
-1.4233E-10	1.3649E-10	1.3164E-07	-9.3318E-07
-1.4119E-10	1.3687E-10	-8.8266E-07	-1.3998E-06
-1.4005E-10	1.3724E-10	-1.0722E-06	-2.7606E-07
-1.3891E-10	1.3761E-10	-8.2745E-07	4.9346E-08
-1.3778E-10	1.3796E-10	7.5236E-08	4.1203E-07
-1.3665E-10	1.3831E-10	2.7381E-07	-2.7292E-07
-1.3552E-10	1.3865E-10	6.0984E-07	-4.3594E-07
-1.3439E-10	1.3898E-10	1.4458E-07	-8.8018E-07
-1.3326E-10	1.3930E-10	1.0455E-06	-8.9811E-07
-1.3214E-10	1.3961E-10	-4.1126E-07	-2.6998E-06
-1.3101E-10	1.3992E-10	-1.2738E-06	-5.6545E-07
-1.2989E-10	1.4022E-10	-3.3444E-07	-1.0818E-06
-1.2877E-10	1.4051E-10	-7.2318E-07	-1.8293E-07
-1.2766E-10	1.4080E-10	1.0162E-06	-9.8013E-07
-1.2654E-10	1.4107E-10	-2.7790E-07	-2.6294E-06
-1.2543E-10	1.4134E-10	-1.6892E-06	-1.7801E-06
-1.2432E-10	1.4160E-10	-1.1421E-06	-8.5986E-07
-1.2321E-10	1.4186E-10	-1.1974E-06	-1.5669E-06
-1.2211E-10	1.4210E-10	-1.8980E-06	-8.0895E-07
-1.2100E-10	1.4234E-10	-1.3991E-06	-4.4334E-07
-1.1990E-10	1.4258E-10	-1.2750E-06	-3.2877E-07
-1.1880E-10	1.4280E-10	-1.0856E-06	-3.7445E-07
-1.1771E-10	1.4302E-10	-1.0472E-06	-2.7123E-07
-1.1662E-10	1.4323E-10	-8.4426E-07	-1.9536E-07
-1.1552E-10	1.4343E-10	-3.8593E-07	-4.1224E-07
-1.1444E-10	1.4363E-10	-7.0168E-07	-9.0592E-07
-1.1335E-10	1.4382E-10	-4.9429E-07	-8.3563E-07
-1.1227E-10	1.4400E-10	-1.1414E-06	-1.8414E-06
-1.1119E-10	1.4417E-10	-2.3820E-06	-7.2292E-07
-1.1011E-10	1.4434E-10	-1.3588E-06	4.9038E-07
-1.0903E-10	1.4450E-10	-1.2614E-07	-5.7415E-07
-1.0796E-10	1.4466E-10	-1.5891E-06	-1.2986E-06
-1.0689E-10	1.4480E-10	-1.0461E-06	-7.8174E-08
-1.0582E-10	1.4494E-10	-1.0565E-06	-1.5355E-06
-1.0476E-10	1.4508E-10	-2.2414E-06	-6.9534E-07
-1.0369E-10	1.4520E-10	-1.9176E-06	-6.0963E-09
-1.0264E-10	1.4532E-10	-9.0205E-07	2.9043E-07
-1.0158E-10	1.4544E-10	-1.1858E-06	-9.0671E-07
-1.0053E-10	1.4555E-10	-1.0616E-06	1.2978E-07
-9.9475E-11	1.4565E-10	-6.7122E-07	-1.8139E-06
-9.8428E-11	1.4574E-10	-2.7956E-06	-9.6861E-07
-9.7383E-11	1.4583E-10	-2.0436E-06	-1.6215E-07
-9.6341E-11	1.4591E-10	-1.9948E-06	2.2053E-07
-9.5302E-11	1.4598E-10	-1.3575E-06	-7.2164E-08
-9.4267E-11	1.4605E-10	-1.2856E-06	1.4601E-08
-9.3234E-11	1.4611E-10	-1.3530E-06	-1.3325E-06
-9.2204E-11	1.4617E-10	-2.9498E-06	1.1381E-07
-9.1178E-11	1.4622E-10	-9.9703E-07	1.6395E-07
-9.0154E-11	1.4626E-10	-2.1695E-06	-2.0865E-07
-8.9134E-11	1.4630E-10	-5.8116E-07	1.0156E-07
-8.8116E-11	1.4633E-10	-1.7616E-06	-1.6602E-06
-8.7102E-11	1.4636E-10	-2.1319E-06	-6.8546E-07
-8.6091E-11	1.4638E-10	-2.6042E-06	-1.4987E-06
