jMRUI Data Textfile

Filename: Export_to_jmrui.txt

PointsInDataset: 2048
DatasetsInFile: 1
SamplingInterval: 0.250000
ZeroOrderPhase: 0E0
BeginTime: 0E0
TransmitterFrequency: 1.2326E8
MagneticField: 2.8936E0
TypeOfNucleus:  
NameOfPatient:  
DateOfExperiment:  
Spectrometer:  
AdditionalInfo: 
SignalNames:  


Signal and FFT
sig(real)	sig(imag)	fft(real)	fft(imag)
Signal 1 out of 1 in file
3.0684E-06	6.3394E-07	-2.2758E-06	-6.7996E-07
3.8027E-06	-4.8084E-07	-1.6759E-06	1.2173E-06
2.4996E-06	-1.8101E-06	-5.9486E-07	1.0713E-06
1.4935E-06	-2.3748E-06	-8.8685E-08	7.9160E-07
-9.3450E-08	-2.3544E-06	-6.3999E-07	2.5059E-08
-1.0050E-06	-1.7327E-06	-7.7563E-07	1.4472E-06
-1.5331E-06	-8.0071E-07	8.3508E-07	4.0733E-07
-1.2277E-06	1.0496E-07	-9.2094E-07	-5.0336E-07
-7.2006E-07	5.2962E-07	-1.1621E-06	1.0125E-06
1.4345E-07	6.3948E-07	-3.4121E-07	1.0952E-06
5.7556E-07	3.9908E-07	-2.7112E-07	7.8557E-07
8.9136E-07	-8.9442E-08	-2.4922E-07	6.7611E-07
6.6492E-07	-5.7813E-07	-8.9524E-07	2.6080E-07
3.2277E-07	-8.3273E-07	-1.6115E-06	1.8028E-06
-8.9946E-08	-8.3699E-07	2.0615E-07	2.4111E-06
-3.2443E-07	-6.4735E-07	3.1667E-07	1.3980E-06
-4.4294E-07	-4.9210E-07	3.9966E-07	1.9486E-06
-4.0915E-07	-2.3456E-07	1.6153E-06	1.3596E-06
-3.7334E-07	-1.7546E-07	9.9064E-07	-2.3445E-07
-3.0201E-07	-7.1291E-08	-2.3210E-07	4.5638E-07
-3.2948E-07	-3.6355E-08	4.6750E-07	5.5557E-07
-3.8965E-07	5.4810E-08	-5.2731E-07	2.1960E-07
-4.2607E-07	9.1621E-08	-3.6072E-07	1.5299E-06
-3.0491E-07	2.0322E-07	6.4901E-07	1.1677E-06
-1.9134E-07	2.5567E-07	2.8704E-07	3.9632E-07
-1.3012E-08	2.5013E-07	-5.2911E-07	1.0045E-06
7.4117E-08	9.4051E-08	5.9256E-07	1.8503E-06
1.2792E-07	1.0013E-08	1.2642E-06	3.1231E-07
7.7332E-09	-1.1143E-07	-4.0702E-07	3.9274E-09
-1.3486E-07	-1.3494E-07	-5.9627E-08	1.5171E-06
-2.7094E-07	-3.6066E-08	8.4153E-07	2.4961E-07
-3.3646E-07	1.4595E-07	-9.8834E-07	4.6616E-07
-3.6364E-07	3.4496E-07	2.9481E-07	1.7900E-06
-2.1973E-07	4.0879E-07	3.1575E-07	3.1857E-07
-2.7010E-08	4.0736E-07	-2.9129E-07	1.1804E-06
1.5405E-07	3.6875E-07	2.2182E-07	6.0608E-07
2.3934E-07	2.2482E-07	-9.2151E-07	1.1300E-06
2.7821E-07	1.7379E-07	2.0461E-08	1.9421E-06
2.0226E-07	6.1136E-08	1.9734E-07	1.9043E-06
1.5956E-07	5.8034E-08	1.7042E-06	1.7123E-06
1.5367E-07	-8.9557E-09	6.2142E-07	-4.0703E-07
2.4039E-07	-1.0162E-08	-2.8083E-07	1.3367E-06
2.0594E-07	-3.6480E-08	5.8889E-07	2.4454E-07
2.6428E-07	-1.3141E-07	-1.1189E-06	1.3065E-06
1.4343E-07	-2.4335E-07	7.5383E-07	1.5931E-06
1.0009E-07	-2.5962E-07	-5.3923E-07	1.1299E-06
-7.0833E-08	-2.6952E-07	8.9905E-07	2.2104E-06
-1.1418E-07	-1.8714E-07	7.1063E-07	6.7429E-07
-1.5237E-07	-2.9309E-08	4.8255E-07	9.6423E-07
-9.5846E-08	1.1591E-07	-4.6429E-07	8.3103E-07
7.5358E-09	1.0487E-07	5.5817E-07	2.1636E-06
1.2650E-07	7.2841E-09	4.4911E-07	5.7217E-07
1.2029E-07	-5.8390E-08	2.6870E-07	1.9808E-06
8.8503E-08	-1.7877E-07	9.3327E-07	3.4761E-07
-3.0319E-08	-2.5104E-07	-7.6245E-07	1.3484E-06
-1.5835E-07	-1.8794E-07	4.9212E-07	1.7418E-06
-2.6747E-07	-7.0668E-08	1.7968E-07	1.6403E-06
-2.2460E-07	5.3803E-08	6.2067E-07	1.6287E-06
-1.6256E-07	1.2149E-07	6.1354E-07	1.9781E-06
-7.7672E-09	1.4703E-07	1.5960E-06	9.9678E-07
1.0619E-07	6.0739E-08	-2.8428E-07	7.7578E-07
1.6259E-07	-1.2178E-08	9.5649E-07	2.3056E-06
1.0172E-07	-1.6019E-07	1.0517E-06	3.3891E-07
-4.1647E-08	-1.6169E-07	-3.6776E-07	1.7166E-06
-1.8671E-07	-1.6964E-07	1.5268E-06	1.8114E-06
-2.0663E-07	-4.2699E-08	5.1732E-07	7.9201E-07
-1.9041E-07	8.1891E-08	1.1205E-06	1.7409E-06
-1.2203E-07	1.9937E-07	9.4692E-07	3.7699E-07
-8.4391E-08	1.5282E-07	5.5272E-07	1.1994E-06
3.5593E-08	8.4036E-08	2.9879E-07	1.9042E-07
4.9638E-08	2.0938E-08	-5.9859E-07	2.2532E-06
4.1654E-08	-1.4913E-08	1.8869E-06	1.7038E-06
-6.9331E-08	-1.3173E-08	6.1031E-07	4.3648E-07
-1.1146E-07	1.7910E-08	3.7766E-07	8.5835E-07
-9.4396E-08	9.2450E-08	-2.5465E-07	1.2266E-06
-8.9243E-08	1.7454E-07	3.5181E-07	1.9109E-06
-8.0486E-09	1.4576E-07	6.9961E-07	1.8277E-06
6.2845E-08	8.9070E-08	1.0676E-06	1.3962E-06
8.6803E-08	5.1229E-08	6.5414E-07	1.3754E-06
8.8368E-08	1.7918E-08	8.8375E-07	1.1057E-06
-2.0751E-08	-6.4521E-09	2.4571E-08	1.5821E-06
-3.5016E-08	8.8133E-09	1.3181E-06	2.1331E-06
-7.9722E-08	8.8956E-08	1.2601E-06	9.7356E-07
-3.2451E-08	1.6004E-07	6.0754E-07	1.1147E-06
4.4560E-08	1.5878E-07	7.3511E-07	1.8835E-06
1.2833E-07	1.3832E-07	1.7515E-06	1.2751E-06
2.0258E-07	4.8015E-08	8.7894E-07	8.2182E-07
1.6020E-07	-3.7826E-08	1.2502E-06	9.6276E-07
9.1098E-08	-2.0691E-07	5.2536E-07	6.1172E-07
-1.0086E-08	-2.1572E-07	6.5579E-07	1.1099E-06
-1.0158E-07	-1.6929E-07	3.8906E-07	1.1197E-06
-1.3623E-07	-3.3153E-08	8.0347E-07	1.3444E-06
-1.3964E-07	1.1330E-07	4.5168E-07	1.3739E-06
-5.3934E-08	1.7930E-07	1.3252E-06	1.5674E-06
6.4525E-08	1.4947E-07	8.5154E-07	9.4423E-07
1.5195E-07	1.3902E-07	1.5098E-06	1.2070E-06
2.1111E-07	2.9035E-08	7.3172E-07	-1.8689E-07
1.7132E-07	-1.1436E-07	-3.7667E-07	9.6695E-07
9.4761E-08	-1.7088E-07	1.6559E-07	1.8557E-06
1.2984E-09	-1.7277E-07	1.2891E-06	1.6489E-06
-4.3378E-08	-1.7366E-07	7.3649E-07	7.0614E-07
-7.5787E-08	-1.0568E-07	4.8921E-07	1.2053E-06
-8.0853E-08	-4.3043E-08	2.6133E-07	1.3374E-06
-4.2809E-08	-3.5417E-08	9.6115E-07	1.7355E-06
-6.2993E-08	-8.1645E-09	5.9124E-07	1.1777E-06
-6.6681E-08	-5.6573E-09	1.2738E-06	1.8596E-06
-7.1812E-08	3.9626E-09	1.0934E-06	4.3152E-07
-8.9327E-08	-2.0494E-08	4.0211E-07	1.2895E-06
-6.1219E-08	7.1061E-08	6.3479E-07	1.0699E-06
-4.3532E-08	7.6999E-08	7.2637E-07	1.6957E-06
-3.8061E-08	7.3065E-08	1.0496E-06	8.4178E-07
3.2075E-08	4.2280E-08	4.3772E-07	1.3592E-06
8.0603E-08	-3.4670E-08	8.6680E-07	1.0337E-06
5.9490E-08	-6.2406E-08	3.2664E-07	1.4809E-06
-1.9347E-08	-6.6824E-08	1.0379E-06	1.2608E-06
-9.4950E-08	-5.0552E-08	1.6670E-07	1.3787E-06
-1.1746E-07	-2.7601E-08	1.2858E-06	1.9960E-06
-1.3876E-07	3.8373E-08	9.6937E-07	7.0979E-07
-7.3841E-08	8.6654E-08	5.6699E-07	1.8610E-06
-2.6491E-08	1.1552E-07	1.6192E-06	8.8955E-07
4.8949E-08	1.0314E-07	-1.2162E-07	1.1351E-06
7.5411E-08	5.9759E-08	1.6490E-06	2.2492E-06
5.0670E-08	7.4518E-09	1.3301E-06	1.9864E-07
3.3035E-08	8.2809E-09	3.5233E-07	1.3170E-06
3.5002E-08	-8.5265E-08	1.2881E-06	1.2860E-06
-2.5790E-08	-7.7555E-08	1.1535E-06	4.7731E-07
-6.4674E-08	-1.2217E-08	-6.7486E-09	5.1386E-07
-3.8800E-08	1.8143E-08	2.9569E-07	1.5344E-06
-3.7288E-08	5.7096E-08	2.5770E-07	1.2587E-06
-8.8664E-09	8.6192E-08	6.6261E-07	2.0869E-06
2.9868E-08	-3.8517E-09	1.1458E-06	1.3147E-06
3.4636E-08	2.0964E-08	9.3892E-07	1.4114E-06
-4.5918E-08	1.9541E-08	9.3453E-07	1.0754E-06
-1.0771E-08	1.0308E-08	8.0897E-07	1.1486E-06
1.7079E-08	3.2015E-08	1.9068E-07	1.3317E-06
6.1790E-08	4.9408E-08	1.5971E-06	2.3802E-06
6.0956E-08	1.0814E-08	1.6995E-06	-1.9652E-07
9.5571E-08	8.4110E-10	-4.3435E-07	1.0856E-06
7.8781E-08	-1.3746E-08	1.1432E-06	1.8355E-06
7.6649E-08	-7.7683E-08	1.2237E-06	6.6942E-07
2.6143E-08	-9.9179E-08	-6.1915E-08	6.8100E-07
7.5819E-09	-1.1793E-07	6.4834E-07	2.1569E-06
-4.4997E-08	-4.0710E-08	1.1053E-06	6.1553E-07
-5.3821E-08	-2.8016E-08	1.2658E-07	1.7134E-06
-8.6182E-08	-2.2498E-08	1.3539E-06	1.1487E-06
-2.9262E-08	9.5159E-09	4.0286E-07	1.2109E-06
-1.6117E-08	4.7216E-08	1.0987E-06	9.2417E-07
2.6915E-08	5.9053E-08	-6.7707E-08	1.0388E-06
6.9086E-08	-1.2154E-08	7.1479E-07	1.4707E-06
7.4821E-08	-4.5134E-08	6.7868E-08	1.2928E-06
4.0560E-08	-5.3055E-08	6.6913E-07	1.8211E-06
-1.5108E-08	-7.9993E-08	3.1922E-07	1.5857E-06
-1.9828E-08	-3.8578E-08	1.0874E-06	2.2635E-06
-2.6194E-08	-1.4514E-08	1.3720E-06	1.1117E-06
-8.5787E-08	2.0885E-08	5.8239E-07	1.2137E-06
-4.0586E-08	2.9153E-08	7.9202E-07	1.6210E-06
6.6645E-09	3.9780E-08	1.0534E-06	1.3214E-06
-3.6390E-10	4.8215E-08	6.7137E-07	1.2656E-06
-3.1562E-10	5.0266E-08	9.5528E-07	1.4004E-06
3.1848E-08	9.3384E-09	4.1714E-07	9.5199E-07
1.5338E-08	-3.6731E-08	2.1436E-07	2.1726E-06
5.6529E-08	-4.3064E-08	1.4695E-06	1.8950E-06
-4.3678E-09	-3.0977E-08	9.7714E-07	1.4514E-06
5.8995E-09	-6.6867E-08	1.3936E-06	1.6441E-06
-2.5347E-08	-3.1672E-08	1.3350E-06	1.4119E-06
-4.1646E-08	-3.7496E-08	2.1605E-06	9.0981E-07
-3.8573E-08	-2.6620E-08	7.4997E-07	-3.9411E-07
-3.6699E-08	6.6419E-09	1.2444E-07	7.8492E-07
-2.2961E-08	3.4822E-08	-2.6246E-07	9.1410E-07
-6.1962E-10	7.1624E-08	6.1010E-07	2.2572E-06
-3.0610E-10	4.2746E-08	9.1565E-07	6.1405E-07
2.9038E-08	5.4330E-08	6.5002E-08	1.8779E-06
4.2318E-08	5.1081E-08	1.2674E-06	1.2273E-06
9.8159E-08	1.4059E-08	4.5546E-07	1.2606E-06
7.8132E-08	-3.1562E-08	8.6898E-07	1.0456E-06
5.7439E-08	-4.3404E-08	4.1958E-07	1.1375E-06
2.6841E-08	-9.9248E-09	1.0047E-07	7.8435E-07
6.3430E-08	-7.9305E-10	-1.4514E-07	2.5053E-06
-5.4658E-10	1.2593E-08	1.7903E-06	1.1327E-06
3.5198E-08	1.1370E-08	-6.3376E-07	1.0021E-06
2.4326E-08	-1.6932E-08	1.0056E-06	2.3924E-06
3.5955E-08	5.1644E-09	6.2350E-07	8.9571E-07
7.8861E-09	-3.5515E-08	4.6481E-07	1.8100E-06
5.1477E-08	-3.6626E-08	7.1122E-07	9.8686E-07
-2.0568E-08	-1.0375E-08	-5.3330E-07	1.5145E-06
1.0132E-08	-3.7000E-08	6.7828E-07	2.8986E-06
-1.1026E-08	-5.9591E-08	1.4472E-06	9.3961E-07
-1.7826E-08	-1.8550E-08	-6.7622E-07	1.6113E-06
-2.6928E-08	-5.3974E-08	9.6122E-07	2.8473E-06
-1.2357E-08	-3.1543E-08	1.1222E-06	1.7052E-06
-3.1019E-08	-9.2058E-09	1.0767E-06	1.8048E-06
-1.3800E-08	-3.7574E-08	9.7404E-07	1.4002E-06
9.8740E-09	-1.1167E-08	5.3913E-07	1.3751E-06
1.9930E-08	6.7420E-09	3.0536E-07	2.1866E-06
-4.3702E-08	-3.4375E-08	1.4361E-06	2.1211E-06
-4.2727E-08	-8.6058E-09	9.7283E-07	1.5612E-06
1.0637E-08	-3.6352E-08	1.4860E-06	1.8301E-06
-6.6874E-10	3.1910E-08	1.3632E-06	8.0126E-07
-1.6741E-08	-4.6790E-08	5.0100E-07	7.1996E-07
-2.0069E-08	3.7121E-08	-8.0279E-08	1.3120E-06
-2.1156E-09	4.2400E-08	1.7153E-07	1.8005E-06
-1.9825E-08	1.3452E-08	4.3106E-08	2.1997E-06
-4.7418E-08	-1.4996E-08	9.2272E-07	2.6736E-06
2.9059E-08	-5.1585E-08	1.3652E-06	2.0898E-06
-5.5850E-09	-3.3437E-08	1.3659E-06	1.5437E-06
7.5178E-09	1.2708E-08	6.9445E-07	1.5979E-06
-1.8359E-08	6.5487E-09	1.2238E-06	1.7713E-06
-1.8433E-08	3.7532E-08	3.8644E-07	1.3900E-06
-4.6158E-09	1.5237E-08	8.9201E-07	2.8302E-06
-1.0641E-08	-1.5836E-09	2.1180E-06	1.7182E-06
3.2846E-08	6.2521E-09	1.2924E-06	9.9151E-07
-2.6915E-10	1.8927E-08	8.4893E-07	1.0732E-06
2.0042E-08	-1.6790E-08	2.4214E-07	1.3881E-06
3.4525E-10	-6.3454E-09	5.1393E-07	2.5842E-06
1.9590E-08	-5.3134E-08	1.9954E-06	2.0828E-06
1.4922E-10	6.5784E-09	1.0792E-06	1.1573E-06
1.1632E-08	2.4275E-08	1.4987E-06	2.1665E-06
3.5473E-08	2.0968E-08	2.0268E-06	6.5058E-07
2.3476E-08	6.5355E-09	6.1934E-07	7.7571E-07
8.1500E-09	5.0775E-09	9.9610E-07	1.1350E-06
1.1550E-08	1.5303E-08	5.7551E-07	1.0345E-06
8.7475E-08	1.3807E-08	8.8919E-07	1.0915E-06
2.3884E-08	-3.2401E-09	-2.6007E-07	7.5985E-07
8.3060E-09	-2.3186E-08	-5.2831E-08	2.8206E-06
5.6237E-09	-7.1061E-08	1.8098E-06	2.0105E-06
4.3462E-08	-3.8000E-08	9.9208E-07	1.1071E-06
4.3681E-09	-1.6072E-08	7.7109E-07	1.4563E-06
5.2515E-09	-7.4725E-08	1.0960E-06	1.6834E-06
-1.2431E-08	-3.8872E-08	1.3786E-06	5.0227E-07
-1.8257E-08	-2.8403E-08	-6.7190E-07	7.0295E-07
-4.8334E-08	1.6248E-08	1.0691E-07	2.5342E-06
-3.3752E-09	-1.0423E-08	8.1800E-07	1.8860E-06
2.6765E-08	-2.5719E-08	8.7782E-07	2.0070E-06
4.2117E-08	1.6034E-08	9.8813E-07	1.6155E-06
4.1137E-08	-2.3287E-08	1.0548E-06	1.7316E-06
3.9454E-08	-2.5258E-08	9.4337E-07	1.1202E-06
1.4783E-08	-1.5826E-08	5.2927E-07	1.6867E-06
1.3298E-08	-2.6112E-08	1.1488E-06	1.2997E-06
3.4489E-08	-1.0634E-08	2.4477E-07	1.1659E-06
2.0702E-09	-8.6615E-08	7.4869E-07	1.7391E-06
2.1035E-08	-3.4375E-08	4.8720E-07	8.1443E-07
-4.1354E-08	3.4233E-09	-5.2641E-07	1.5705E-06
-2.6125E-08	7.5978E-10	-1.5372E-07	2.3986E-06
-2.0696E-08	9.0584E-09	4.7108E-07	3.0709E-06
-1.4051E-08	8.6401E-10	2.0446E-06	2.2317E-06
1.0934E-08	-7.8001E-09	3.9735E-07	7.0375E-07
4.7301E-09	-1.7431E-08	8.9090E-09	3.2068E-06
-2.9746E-08	-4.6051E-09	2.4910E-06	2.1147E-06
-4.9287E-08	-1.9214E-08	6.8061E-07	8.0707E-07
-3.3402E-08	-1.8447E-09	8.9701E-07	2.1660E-06
1.1261E-09	3.1699E-08	1.3377E-06	1.0958E-06
-3.2927E-08	1.7371E-08	2.6208E-07	1.1104E-06
6.7053E-09	3.3565E-08	2.1456E-07	1.8300E-06
4.4680E-08	5.5584E-08	4.4248E-07	1.8896E-06
6.9851E-09	4.5698E-08	4.3682E-07	2.3682E-06
1.7600E-08	3.2413E-08	1.4318E-06	1.9361E-06
2.0892E-08	4.0575E-08	9.8571E-08	1.3935E-06
3.2445E-08	1.8291E-08	9.0274E-07	3.0935E-06
1.8171E-08	2.7002E-08	1.8749E-06	1.2469E-06
5.0386E-08	1.4188E-08	1.4061E-07	1.3121E-06
2.9904E-08	3.1663E-08	5.6500E-07	2.2922E-06
-6.4613E-10	-1.8481E-08	1.0149E-06	2.0705E-06
2.7677E-08	-1.9210E-08	9.1460E-07	1.9209E-06
-3.5787E-09	-2.6677E-08	1.1461E-06	2.0229E-06
5.6587E-08	3.2880E-08	1.1649E-06	1.6273E-06
2.3452E-08	-2.0143E-08	1.0988E-06	1.4656E-06
7.5248E-09	-1.7447E-08	3.9214E-07	1.3261E-06
4.9492E-08	-8.3428E-09	7.8042E-07	2.2125E-06
4.2042E-09	-2.8091E-10	8.1526E-07	1.1855E-06
2.8530E-08	9.4153E-09	-2.2280E-08	2.2496E-06
3.5017E-08	1.3881E-08	1.1343E-06	2.4769E-06
-5.3461E-09	2.1673E-09	1.4602E-06	2.0340E-06
5.4614E-08	-1.5706E-08	1.3026E-06	1.0108E-06
5.1866E-08	-2.0136E-08	2.0683E-07	1.5520E-06
3.1457E-09	-2.5151E-08	8.8190E-07	1.7175E-06
4.9516E-08	-2.4481E-08	-1.2178E-09	1.5576E-06
1.5526E-08	-2.5665E-08	4.9801E-07	2.9310E-06
1.3125E-08	-1.6230E-08	1.8281E-06	1.8767E-06
-1.9445E-08	-3.2192E-08	2.5412E-07	1.2462E-06
-1.0265E-08	-2.2816E-09	1.0218E-06	2.7351E-06
2.9367E-08	-2.1643E-08	1.2512E-06	9.4750E-07
-8.7992E-09	-2.1074E-09	1.0411E-07	2.1776E-06
-1.8756E-08	-4.5998E-08	1.3571E-06	1.6410E-06
1.6368E-08	9.8712E-09	4.7923E-08	1.5893E-06
-3.1679E-08	1.7837E-08	6.3161E-07	2.3383E-06
-1.1878E-08	-1.8568E-08	9.7839E-07	2.0986E-06
-4.3456E-08	1.4900E-08	5.8587E-07	1.4223E-06
-2.9397E-08	-5.9557E-09	1.7178E-07	2.9233E-06
-3.9783E-08	-4.0999E-09	2.1256E-06	1.9146E-06
1.4303E-08	-2.5120E-09	1.1473E-07	1.0217E-06
-9.2479E-09	-2.2876E-08	3.0650E-07	2.4097E-06
-2.4945E-08	1.1367E-08	5.4881E-07	2.3666E-06
-1.2309E-08	2.2999E-08	8.5022E-07	2.4604E-06
3.8728E-08	2.1842E-08	1.0493E-06	2.7774E-06
2.9074E-08	2.0714E-09	1.9557E-06	1.8650E-06
3.4359E-08	3.2525E-08	6.6219E-07	1.6303E-06
-2.9770E-10	-9.6476E-09	1.3190E-06	1.9422E-06
-7.4053E-11	-7.5543E-09	4.6242E-07	1.7937E-06
-7.4098E-09	1.4514E-08	1.4949E-06	2.3073E-06
5.9632E-09	1.1901E-08	8.4882E-07	1.2756E-06
2.8772E-08	-3.1899E-08	7.5094E-07	1.9668E-06
-1.1827E-08	3.2134E-08	4.9998E-07	1.9858E-06
2.7968E-08	9.4920E-10	1.3414E-06	2.3827E-06
3.4796E-09	1.8014E-08	9.5284E-07	1.5544E-06
-5.0661E-08	3.5620E-08	1.2398E-06	1.9317E-06
1.0479E-08	3.0454E-08	4.9877E-07	1.2999E-06
6.4512E-09	-2.4662E-08	1.1037E-06	2.2702E-06
1.9282E-09	1.3351E-08	3.5547E-07	6.4595E-07
3.0822E-08	3.1807E-08	-4.3834E-07	3.2296E-06
-1.8916E-09	2.3739E-08	1.9766E-06	2.3966E-06
8.4987E-09	5.5420E-09	7.8402E-07	1.5940E-06
5.7179E-10	1.3921E-08	8.9765E-07	1.7834E-06
3.0807E-08	2.5935E-09	3.8111E-07	2.0967E-06
-3.3663E-09	-3.0996E-08	1.1605E-06	2.1894E-06
-1.4246E-09	3.3018E-08	6.3658E-07	1.9407E-06
2.8166E-09	3.1401E-08	1.3345E-06	2.2035E-06
-8.5825E-09	2.3306E-08	7.4824E-07	1.2871E-06
1.0948E-08	-9.0950E-09	4.9765E-07	2.2404E-06
1.0610E-08	1.8159E-09	9.9311E-07	1.8102E-06
-2.0156E-09	9.0379E-10	5.9356E-07	1.8988E-06
1.4994E-08	-3.3294E-08	7.7245E-07	1.6848E-06
3.7888E-08	6.7850E-10	-1.3886E-07	1.6393E-06
-2.1129E-08	-1.1052E-08	-2.9827E-07	3.1442E-06
1.0558E-08	-3.8744E-08	1.5868E-06	3.3463E-06
1.0078E-08	-1.1011E-08	1.1679E-06	1.8225E-06
-2.4312E-08	-2.7838E-08	1.0854E-06	3.0734E-06
-2.3555E-08	-2.1945E-08	2.1418E-06	1.5275E-06
-6.7633E-09	-5.8346E-08	2.7825E-07	1.9114E-06
-9.0998E-10	-1.7206E-08	2.0427E-06	2.6424E-06
-2.6971E-09	4.7561E-08	1.7233E-06	6.4332E-07
2.4596E-08	-7.6178E-09	2.3837E-07	8.2474E-07
-1.6517E-08	4.8245E-08	-2.7183E-07	1.9027E-06
-4.1955E-08	-3.7398E-09	5.9358E-07	2.6801E-06
1.8848E-08	-1.5528E-08	1.3607E-06	1.9845E-06
8.2434E-09	-1.5249E-09	5.3781E-07	1.1138E-06
-1.8273E-09	1.7493E-09	-9.2078E-08	2.1783E-06
4.7935E-08	1.0979E-08	3.4337E-07	2.0193E-06
3.1042E-08	2.4031E-08	-2.6642E-08	3.1754E-06
-3.6680E-08	-8.4333E-10	1.9298E-06	2.3951E-06
-4.1270E-09	4.9338E-08	3.0830E-08	1.7200E-06
1.8879E-08	-4.3513E-09	1.2460E-06	2.8953E-06
-1.3987E-08	2.5898E-08	5.8737E-07	1.5146E-06
2.2102E-09	-1.2294E-08	4.7477E-07	2.7695E-06
-2.2851E-08	1.7938E-09	6.9440E-07	2.4571E-06
-8.8957E-09	-2.4695E-08	1.2926E-06	3.0292E-06
5.6616E-09	-2.4310E-08	1.5872E-06	2.0458E-06
2.0602E-08	2.3425E-08	1.4808E-06	1.7671E-06
-3.1154E-08	2.6169E-08	3.4627E-07	1.5091E-06
2.6686E-09	3.5746E-08	1.3694E-06	2.7750E-06
-6.4047E-09	5.8690E-08	9.9498E-07	5.1879E-07
3.7425E-09	1.8893E-08	-5.7400E-07	2.6595E-06
-1.0404E-08	4.2987E-09	1.5390E-06	2.5785E-06
2.3057E-08	2.0349E-08	9.7643E-07	1.5262E-06
1.6860E-08	-2.3963E-08	8.2418E-08	1.4747E-06
-1.3314E-09	-2.8820E-08	9.0719E-08	2.9593E-06
1.1852E-08	-2.7732E-08	1.2386E-06	1.9074E-06
3.2846E-08	2.8035E-08	-3.6987E-07	2.0285E-06
1.3984E-08	1.3907E-08	1.4009E-07	3.1723E-06
1.1513E-08	-1.5140E-08	9.9642E-07	3.6571E-06
-6.7493E-09	-5.5275E-09	2.1254E-06	2.3496E-06
8.7254E-09	-3.9303E-08	8.5633E-07	1.9879E-06
-4.0808E-08	1.0625E-08	1.2324E-06	1.8983E-06
1.5817E-08	4.3174E-09	-2.2104E-07	2.4419E-06
1.7748E-09	-1.1661E-08	2.0640E-06	3.5454E-06
1.2265E-09	2.5516E-09	1.4109E-06	7.9563E-07
-2.0946E-08	-1.0024E-08	-1.1069E-07	2.9142E-06
-3.5894E-08	1.4224E-09	2.4039E-06	2.9839E-06
-4.8174E-08	3.6984E-08	1.8999E-06	6.8081E-07
1.2412E-08	-2.4817E-09	1.5673E-07	1.0973E-06
-1.9963E-08	6.7201E-09	2.1655E-07	1.7517E-06
-2.8435E-08	-4.4947E-09	-2.8684E-07	2.3622E-06
2.5034E-09	1.6969E-08	1.0159E-06	3.1547E-06
-1.7141E-09	1.7463E-08	1.2968E-06	1.8845E-06
3.0003E-08	-1.8983E-08	8.3999E-07	1.7809E-06
-1.8544E-08	2.5924E-08	1.6480E-07	1.5694E-06
-8.6506E-09	1.8178E-08	5.5326E-09	2.5835E-06
-1.1722E-08	4.1687E-08	3.5259E-07	2.4924E-06
-2.2873E-08	-1.5662E-08	3.7222E-07	3.2170E-06
-1.1301E-08	3.0710E-08	1.6736E-06	3.0167E-06
-4.5633E-09	3.2493E-08	1.5865E-06	1.6261E-06
1.8698E-08	1.4869E-08	2.9431E-07	1.6167E-06
1.4382E-08	-3.8403E-09	3.9804E-07	2.4204E-06
2.2604E-08	-1.0592E-08	3.7170E-07	2.5813E-06
1.9091E-08	4.4971E-08	1.4680E-06	2.8573E-06
-1.3154E-08	-1.2525E-08	8.6743E-07	1.1087E-06
-1.7133E-08	5.7839E-09	-2.9976E-07	2.7362E-06
-1.1829E-08	1.6185E-09	1.2773E-06	2.7494E-06
-1.0163E-09	8.1597E-09	9.8059E-07	1.9745E-06
-3.2754E-08	3.9716E-09	5.4319E-07	1.6059E-06
2.7195E-10	2.9136E-08	-3.4686E-07	2.3508E-06
1.6152E-08	4.0265E-08	5.1323E-07	3.0266E-06
-3.0480E-08	1.8354E-08	6.8036E-07	2.5613E-06
-2.7365E-09	1.6405E-08	6.9896E-07	2.8045E-06
1.4325E-08	1.6508E-09	1.2761E-06	2.3595E-06
2.5891E-09	-1.2303E-08	3.6902E-07	1.7080E-06
-3.7845E-09	4.6220E-09	1.0936E-07	2.6941E-06
-1.1392E-08	2.4744E-08	4.3549E-07	2.5958E-06
-1.2739E-08	2.9325E-08	6.5859E-07	2.9355E-06
9.7591E-09	9.4586E-09	7.3685E-07	2.0720E-06
1.6102E-08	-1.8990E-08	-2.5313E-07	2.7211E-06
-2.9429E-08	1.8328E-08	4.6166E-07	3.4356E-06
-3.7764E-08	3.9825E-08	1.1529E-06	3.1827E-06
7.2266E-09	5.6938E-09	9.6799E-07	2.5369E-06
-5.2941E-09	-8.4804E-09	1.0850E-06	2.7190E-06
-3.3611E-08	-4.8907E-08	2.1533E-07	1.7226E-06
-1.8337E-08	-8.2003E-09	-5.2787E-07	4.1713E-06
-1.3664E-08	1.4051E-08	2.1486E-06	3.9388E-06
5.9171E-09	8.5951E-09	1.8976E-06	2.6271E-06
-2.0649E-08	1.8498E-08	1.6616E-06	1.8735E-06
-1.6598E-09	3.7005E-09	6.9280E-07	2.2753E-06
1.1387E-08	-1.2288E-08	1.2554E-06	2.1027E-06
-3.8459E-09	-1.6062E-08	2.9980E-07	2.2275E-06
7.4239E-09	7.3655E-09	8.3014E-07	2.6208E-06
1.5505E-08	-1.9316E-08	7.6654E-07	2.7872E-06
-5.6235E-08	1.0749E-09	1.5155E-06	2.0010E-06
4.6794E-09	5.0064E-08	-1.1705E-07	1.8954E-06
2.4317E-08	1.4037E-08	5.9011E-07	2.7527E-06
-2.3104E-08	4.8499E-09	-1.4955E-07	2.4595E-06
1.7831E-09	-1.9078E-09	5.3444E-07	3.8200E-06
1.2672E-08	2.7493E-08	1.5160E-06	3.0697E-06
1.0208E-08	-1.0804E-08	1.4599E-06	2.3233E-06
-9.6970E-09	-4.2024E-09	7.6161E-07	2.0665E-06
-1.5985E-08	-1.0099E-08	6.0995E-07	2.1953E-06
-4.0520E-08	-3.2050E-08	2.8683E-08	2.5731E-06
-8.4918E-11	-3.3669E-09	8.1226E-07	2.9716E-06
-1.6999E-08	1.6925E-08	2.8021E-07	2.3375E-06
-1.5999E-08	-1.7350E-08	1.7763E-07	3.4728E-06
-2.7276E-08	2.6563E-08	1.3127E-06	3.4325E-06
-8.0216E-09	1.3225E-08	1.4850E-06	2.3155E-06
-2.0358E-08	7.3510E-10	2.6188E-07	2.2322E-06
-1.9536E-08	3.6546E-08	6.4956E-07	3.3059E-06
1.7807E-08	-6.7540E-09	1.3083E-06	2.5150E-06
-1.1530E-08	5.4572E-09	3.5307E-07	2.3144E-06
-5.3383E-09	-1.4544E-09	8.1014E-07	3.1784E-06
-1.0448E-09	-5.3705E-10	1.1282E-06	1.8355E-06
5.8844E-09	1.3862E-08	-6.6960E-07	2.3090E-06
-2.5638E-08	1.6226E-08	5.7764E-08	3.6777E-06
-7.3549E-09	7.4530E-10	6.7750E-07	3.3856E-06
1.5436E-08	-2.5032E-09	5.8835E-07	3.2171E-06
2.6395E-08	2.9449E-08	8.4393E-07	3.7692E-06
-3.1109E-09	1.9059E-08	1.6254E-06	2.9053E-06
4.7158E-08	2.8787E-08	6.7124E-07	2.6928E-06
1.1431E-08	-2.5478E-08	8.4919E-07	2.8352E-06
6.6831E-09	-1.9032E-08	2.7757E-07	3.2943E-06
2.8637E-09	-1.1140E-08	1.5280E-06	3.5135E-06
3.2644E-08	3.7918E-09	9.0033E-07	2.4644E-06
-1.6967E-08	-2.5530E-08	6.1302E-07	3.4462E-06
1.1734E-08	-2.0307E-08	1.6292E-06	3.4121E-06
2.7398E-08	1.9054E-09	1.6000E-06	2.1700E-06
-9.0533E-09	-7.3242E-09	3.1203E-07	2.3348E-06
1.3190E-08	3.8363E-09	3.8855E-07	3.2144E-06
-1.0750E-08	3.5888E-08	1.1600E-06	3.5755E-06
-3.3999E-08	-1.2028E-08	1.3359E-06	2.3608E-06
-3.0354E-08	-6.0083E-09	4.0485E-07	3.1939E-06
-2.6963E-08	2.7755E-08	1.3395E-06	2.5308E-06
-1.8860E-08	9.5049E-09	-4.5565E-07	3.3710E-06
-9.9168E-09	1.4820E-08	2.0071E-06	4.3619E-06
2.4564E-08	1.8759E-08	1.7950E-06	2.6037E-06
-2.3106E-08	9.2375E-09	1.8179E-06	2.3169E-06
-1.8221E-08	-1.1349E-08	3.1910E-07	2.0457E-06
-2.9372E-08	3.2608E-08	9.7780E-07	3.1728E-06
-1.5230E-08	2.0608E-08	7.6260E-07	2.7581E-06
9.2616E-09	4.7862E-08	1.7301E-06	2.7517E-06
5.7657E-09	3.1752E-08	6.4622E-09	1.5661E-06
-2.0456E-08	-3.1003E-09	1.2974E-07	3.9059E-06
-4.0957E-09	5.3864E-08	1.3181E-06	3.0629E-06
1.0470E-08	-3.5460E-09	1.0681E-06	2.7402E-06
4.3928E-09	4.9693E-09	5.2328E-07	2.7512E-06
8.5430E-09	1.5331E-08	1.2573E-06	2.9646E-06
-2.8439E-08	1.8355E-08	6.1562E-08	2.1569E-06
-2.6167E-08	6.8134E-09	4.1494E-07	3.8962E-06
2.1525E-08	1.7252E-08	8.8920E-07	2.9426E-06
-1.4561E-08	-1.3232E-09	9.0442E-07	3.6883E-06
1.5335E-09	-3.5778E-08	1.3385E-06	2.7239E-06
9.4404E-09	2.1490E-08	8.5170E-07	2.9537E-06
-2.2390E-09	-1.2444E-08	6.9231E-07	2.4933E-06
-9.1283E-10	2.9498E-08	9.5752E-08	3.3859E-06
2.1982E-08	4.3088E-08	9.8612E-07	3.7334E-06
-4.4616E-09	2.2189E-09	1.3767E-06	3.0922E-06
-9.1034E-09	-1.8289E-08	6.1732E-07	2.8541E-06
3.3959E-08	4.8384E-08	8.7138E-07	3.4295E-06
-2.2640E-09	3.8220E-08	6.5766E-07	3.4869E-06
1.2556E-08	-1.5281E-08	2.1338E-06	3.8576E-06
-2.2718E-08	3.7891E-09	1.4087E-06	1.6035E-06
-7.7730E-09	-1.6197E-08	2.5246E-07	3.1297E-06
2.1064E-08	-1.8382E-08	9.5299E-07	2.6657E-06
-1.5762E-08	-9.7437E-09	1.1744E-07	3.2312E-06
3.7503E-09	-2.6358E-08	6.2666E-07	3.6300E-06
3.2193E-09	-3.6387E-11	1.1046E-06	4.0453E-06
1.2665E-08	2.2985E-09	1.7377E-06	3.2201E-06
2.3490E-08	-1.8984E-08	1.2668E-06	3.1094E-06
2.8711E-08	-9.5910E-09	1.3374E-06	2.9262E-06
3.7307E-08	-2.4578E-08	1.1907E-06	3.0808E-06
-2.5479E-08	2.2851E-08	1.2741E-06	2.8857E-06
-1.9667E-08	-4.4270E-09	1.4122E-06	2.9774E-06
-1.3031E-08	1.8554E-08	1.1302E-06	2.2806E-06
9.4459E-09	4.1669E-09	8.3332E-07	3.0201E-06
-1.9904E-08	9.8223E-09	1.1279E-06	2.2795E-06
-4.5950E-09	-3.4484E-09	1.8562E-07	3.0128E-06
3.6804E-08	3.8093E-08	1.2815E-06	3.0940E-06
-3.7736E-08	-2.9363E-08	7.4908E-07	2.4800E-06
-1.9158E-08	7.4513E-09	4.5753E-07	2.6971E-06
1.1764E-08	-7.4115E-09	2.5113E-07	3.1748E-06
7.5874E-09	-2.2541E-09	5.7097E-07	3.2043E-06
2.7138E-09	-2.6524E-08	4.1268E-07	3.8975E-06
-2.5581E-08	1.2330E-08	2.1243E-06	3.4050E-06
5.7262E-09	-4.2794E-09	4.8066E-07	1.9083E-06
7.6481E-10	2.0169E-08	5.7475E-07	3.8949E-06
1.4248E-08	6.1374E-09	1.3191E-06	2.0529E-06
-4.5899E-10	4.8275E-09	-9.3798E-07	3.3236E-06
-5.4689E-09	-2.9436E-08	1.2855E-06	4.3914E-06
1.3166E-08	1.3389E-08	9.4076E-07	3.2313E-06
3.7582E-09	-9.6490E-09	1.6473E-06	3.6705E-06
-7.7001E-09	-2.6715E-09	1.1123E-06	2.4530E-06
-3.4638E-09	-4.8652E-09	1.2150E-06	3.2860E-06
1.6235E-08	3.8409E-08	8.7399E-07	1.8655E-06
-1.3694E-08	3.0611E-08	-1.0095E-07	3.5112E-06
-4.5422E-08	1.1168E-08	1.3180E-06	2.8134E-06
5.0243E-09	8.1470E-09	-2.5114E-07	2.9363E-06
-5.4638E-09	-3.3079E-08	1.0138E-06	3.5678E-06
2.5592E-08	-1.5205E-08	-5.7363E-08	2.6521E-06
1.2907E-08	-1.0608E-08	2.3467E-07	4.4047E-06
-1.4639E-08	2.1378E-10	1.0635E-06	3.5463E-06
-4.2892E-08	2.9290E-08	9.7612E-07	4.0093E-06
-3.0780E-08	3.9872E-08	1.4453E-06	2.9648E-06
1.0455E-08	3.3259E-08	5.0859E-07	3.7550E-06
1.3617E-09	-1.5367E-08	2.0628E-06	3.3005E-06
-7.7649E-09	6.1971E-09	8.2804E-07	2.4552E-06
1.8868E-08	1.0594E-08	7.6651E-07	2.6684E-06
-4.1288E-08	1.3036E-09	-2.7977E-07	3.4714E-06
-3.8127E-09	2.6033E-08	1.8043E-06	3.8649E-06
2.7050E-08	-4.7952E-09	3.1599E-07	2.1342E-06
-2.2012E-08	-1.0192E-08	2.9729E-07	4.1805E-06
-1.0608E-08	-2.1142E-09	1.1708E-06	3.5684E-06
2.8212E-09	1.0474E-08	1.6160E-06	3.4615E-06
-3.7805E-08	5.0939E-09	1.0147E-06	2.4382E-06
3.1991E-08	-6.8863E-09	1.0539E-06	3.0564E-06
1.5971E-08	1.4562E-08	2.9525E-07	2.0861E-06
1.4089E-08	-3.2035E-08	8.0788E-09	3.8429E-06
1.4939E-09	1.1611E-09	1.0097E-06	3.2045E-06
8.2918E-09	-1.3706E-08	8.6662E-07	3.2620E-06
3.4476E-09	-3.0788E-08	5.9123E-07	2.4702E-06
-5.7304E-08	-4.8137E-09	1.8174E-07	3.5960E-06
7.6450E-09	2.9442E-08	1.1050E-06	2.8396E-06
-4.9746E-09	2.7762E-08	6.4937E-08	2.6549E-06
-1.3415E-08	-6.6038E-09	-7.2933E-08	3.1611E-06
1.5411E-09	1.8500E-08	2.4320E-07	3.3704E-06
-5.9460E-08	-7.2435E-11	-4.4952E-07	3.0190E-06
-3.4274E-08	3.2642E-08	-2.6469E-07	4.7510E-06
1.7562E-09	3.2724E-08	1.1790E-06	4.0422E-06
-2.1287E-08	-7.9212E-09	1.0490E-06	3.6539E-06
-1.1697E-09	-1.6709E-09	9.3760E-07	2.7087E-06
4.5481E-08	-1.7367E-08	-2.0288E-07	3.1437E-06
1.0231E-08	2.6423E-08	-1.3204E-09	3.8971E-06
2.7625E-09	-1.4024E-08	9.8038E-07	4.1228E-06
1.5385E-08	-2.1408E-08	7.6872E-07	2.7343E-06
-3.8930E-09	-5.6452E-09	1.3474E-07	3.4764E-06
8.5233E-09	-3.4608E-08	-3.3077E-08	2.7190E-06
2.8977E-08	1.7638E-08	-1.0467E-06	4.4743E-06
5.0323E-08	8.0802E-09	8.0057E-07	4.7269E-06
5.1656E-08	1.2987E-08	1.0629E-06	4.1653E-06
2.8195E-08	-1.3557E-08	8.9787E-07	3.0235E-06
2.3273E-08	-2.5817E-08	-1.4380E-07	4.1744E-06
2.2858E-08	-2.2774E-08	1.3285E-06	3.8203E-06
3.4957E-08	4.3843E-08	3.4509E-07	3.6014E-06
9.5508E-10	1.1360E-08	1.1858E-06	3.4987E-06
3.2521E-10	5.7536E-09	9.3048E-08	3.1543E-06
-5.8872E-09	1.4430E-08	6.9959E-07	3.6008E-06
2.6412E-08	1.1820E-09	-1.1620E-07	2.9404E-06
-2.8961E-08	2.6275E-08	-3.5944E-07	4.1643E-06
9.6875E-09	-1.7399E-08	7.2981E-07	4.2936E-06
-1.2939E-08	1.1634E-08	7.3641E-07	3.1754E-06
-1.2965E-08	2.4112E-08	-1.8939E-08	3.4202E-06
-2.9379E-08	1.7370E-08	-3.0603E-07	3.0099E-06
1.0570E-08	3.9960E-08	-1.5470E-06	4.7611E-06
-1.1816E-08	2.7018E-08	1.0509E-06	5.5165E-06
2.1575E-08	3.9286E-08	9.0060E-07	3.6997E-06
1.9912E-08	4.8674E-09	3.5051E-07	3.9569E-06
-1.7444E-08	-6.3406E-09	2.9319E-07	4.0980E-06
-7.6457E-09	6.8738E-10	4.6057E-07	4.0974E-06
-4.8928E-09	-4.7492E-08	4.9712E-07	4.2443E-06
4.9833E-09	-7.9377E-09	6.9802E-07	3.5620E-06
-2.5498E-08	2.4490E-08	-3.0121E-07	4.1425E-06
-9.0822E-09	2.2895E-09	8.2941E-07	4.3815E-06
-2.4503E-10	1.7628E-08	4.9422E-07	3.8910E-06
-2.3085E-08	-5.5613E-09	6.4114E-07	3.3433E-06
3.8442E-09	-1.7658E-09	-8.8010E-07	4.0016E-06
-4.3469E-08	8.3989E-09	8.5805E-07	4.5035E-06
2.8323E-09	4.3758E-10	-7.0491E-07	3.6192E-06
-2.6015E-08	-9.5951E-09	6.5625E-07	5.3741E-06
4.5860E-09	-1.5157E-08	4.3047E-07	3.2032E-06
-2.5572E-08	4.0333E-09	-2.1565E-07	4.6855E-06
1.8755E-08	-3.1831E-08	1.3964E-07	3.6651E-06
-2.9450E-08	4.5903E-08	-9.0672E-07	4.9905E-06
1.1769E-08	1.7567E-08	4.9718E-07	5.3243E-06
2.6799E-09	2.0345E-09	8.2990E-07	4.9071E-06
-2.3100E-08	7.1436E-10	7.6645E-07	4.1989E-06
8.8019E-09	-7.5600E-09	3.1002E-07	4.7298E-06
-4.6728E-09	-9.1553E-09	1.2291E-06	4.5409E-06
-1.8511E-09	-2.2658E-08	8.1729E-07	3.5683E-06
-1.6256E-09	9.4737E-09	-8.0570E-08	3.9282E-06
6.3755E-09	3.6754E-08	6.3213E-07	4.3578E-06
4.2482E-08	9.8904E-09	4.9670E-08	3.0099E-06
-2.4004E-08	-1.9521E-08	-1.4852E-06	4.3753E-06
-2.4153E-08	4.9543E-08	-3.8793E-07	5.4137E-06
1.7476E-08	-3.2084E-08	-1.3145E-07	5.4110E-06
-2.4282E-08	-6.6890E-09	1.0542E-06	5.7065E-06
2.5478E-09	-1.9633E-08	1.1742E-06	3.6195E-06
1.0964E-09	-1.2820E-08	-1.1696E-06	4.5719E-06
1.5934E-08	-1.4068E-08	8.9624E-07	6.0896E-06
8.5209E-09	3.3759E-08	1.0699E-06	4.2171E-06
-9.0058E-09	6.7819E-09	6.2094E-07	4.3461E-06
3.1899E-08	1.5103E-08	-3.4878E-07	3.9608E-06
-1.8746E-08	2.5628E-08	4.9932E-08	5.6266E-06
-5.8146E-09	6.1551E-09	6.2415E-07	4.2712E-06
-1.7558E-08	-2.1396E-10	-1.1728E-07	5.2230E-06
7.5569E-09	-3.5431E-08	7.1124E-07	4.5110E-06
-2.5914E-08	1.2649E-08	-2.7648E-07	4.9859E-06
2.7325E-09	2.0081E-08	5.1148E-07	4.9742E-06
-1.2619E-08	-2.8957E-08	-2.3722E-08	5.2387E-06
3.4363E-08	4.5139E-09	9.3070E-07	5.2213E-06
-2.2830E-08	-2.0600E-09	5.8386E-07	4.7175E-06
-1.9028E-08	1.5415E-08	4.6887E-07	4.4398E-06
6.2613E-09	2.3588E-08	-3.8539E-07	5.0520E-06
-3.9019E-08	-2.0884E-09	7.8592E-07	5.5687E-06
1.2056E-08	1.4339E-08	5.4381E-07	4.5215E-06
-1.7516E-08	-8.7998E-09	-1.8155E-07	5.4261E-06
-4.8928E-09	-1.8896E-09	1.5712E-06	6.0198E-06
4.8917E-09	1.6995E-08	1.7186E-06	3.4969E-06
4.0012E-09	-4.7639E-09	-2.3957E-07	4.1252E-06
-6.2665E-09	3.1052E-08	4.0627E-07	3.9859E-06
3.1743E-08	-8.2082E-09	-1.4881E-06	4.5093E-06
1.5529E-08	1.8166E-09	1.5519E-07	6.2101E-06
-4.0611E-08	-7.9231E-09	5.1155E-07	4.6250E-06
-2.1686E-08	3.2467E-09	-3.6506E-07	5.0320E-06
-1.2143E-08	2.6057E-08	-2.4227E-08	5.5285E-06
-2.0265E-08	1.2096E-08	3.1040E-07	5.2852E-06
2.8349E-08	-6.1918E-09	1.2292E-07	5.3479E-06
4.8675E-10	3.3185E-08	4.5308E-07	5.1132E-06
-1.5286E-08	5.6685E-08	-2.0101E-07	5.0729E-06
-3.7961E-09	3.0497E-08	1.0062E-07	5.5003E-06
1.2807E-08	-1.0766E-09	-4.9711E-09	5.3748E-06
3.2425E-09	1.6299E-09	1.5673E-07	5.5221E-06
1.1649E-09	1.7797E-08	-1.0190E-07	5.5333E-06
3.6411E-09	-3.4417E-08	2.5265E-07	6.0590E-06
-2.7259E-08	1.1263E-08	7.5967E-07	5.6778E-06
-1.2789E-08	6.7467E-09	5.8602E-07	5.4526E-06
-1.8707E-08	-2.1334E-09	1.0954E-06	5.1666E-06
1.0625E-08	-2.3954E-08	-2.5138E-07	3.9585E-06
-4.0432E-09	-6.7220E-09	-8.6006E-07	6.3281E-06
-1.3306E-08	-4.4366E-08	8.4183E-07	5.0841E-06
2.9334E-10	-2.2436E-08	-1.3161E-06	5.8288E-06
3.1019E-08	-3.2700E-10	1.1493E-06	6.5396E-06
-2.5502E-08	7.5424E-09	-1.5369E-07	4.9372E-06
1.1214E-09	-2.7616E-08	9.5817E-08	6.3144E-06
1.1129E-08	-2.2384E-08	1.2533E-07	5.8289E-06
7.7917E-09	-8.0742E-09	7.4937E-07	6.2162E-06
-3.5560E-08	-1.6983E-08	3.7826E-07	5.3071E-06
6.2023E-10	-2.7151E-08	2.6515E-07	5.7819E-06
-8.3728E-09	-1.4865E-08	-2.4358E-07	5.7220E-06
2.1735E-08	1.7912E-09	5.1916E-07	6.7917E-06
-1.2018E-08	2.0132E-08	1.1480E-06	5.7054E-06
-3.4264E-08	-3.2360E-08	8.2698E-07	5.4878E-06
-2.7722E-08	-1.6869E-08	6.7956E-07	5.0271E-06
4.6805E-08	-2.6844E-09	-4.7545E-08	4.6754E-06
1.9026E-08	-1.5698E-08	-9.9367E-07	5.7158E-06
2.2396E-08	-9.9321E-09	1.7789E-07	6.0557E-06
1.9474E-08	2.0199E-08	-8.6707E-07	5.9501E-06
-8.0115E-10	-2.2032E-08	8.1621E-07	7.2221E-06
-1.0374E-08	-4.9483E-10	1.0441E-06	4.8105E-06
-2.4779E-08	7.5305E-09	-8.8820E-07	4.9318E-06
-3.3985E-08	2.0395E-08	-1.4765E-06	6.8944E-06
-1.0104E-08	9.3152E-09	1.2802E-06	7.2408E-06
-1.7594E-08	6.4491E-09	-1.5450E-08	4.8639E-06
1.7847E-08	1.5084E-08	-3.8216E-07	6.7256E-06
-3.4518E-09	-7.3366E-09	-1.8938E-07	5.9377E-06
1.8843E-09	1.7924E-08	2.1462E-07	7.0812E-06
-1.0754E-08	2.3169E-08	1.5411E-07	5.3438E-06
-2.2738E-08	1.6077E-08	-6.5269E-07	7.3215E-06
-4.5376E-08	1.0330E-08	1.1759E-06	6.2270E-06
1.4657E-08	3.5695E-08	-8.5617E-08	5.9691E-06
-3.1447E-08	1.4736E-09	2.6045E-07	5.9530E-06
9.7204E-10	1.7525E-09	-8.3322E-08	5.9426E-06
-8.7642E-11	-1.4221E-08	-5.0837E-07	5.3750E-06
1.3460E-08	-2.0277E-08	-1.1955E-06	6.6691E-06
-2.6456E-08	2.4335E-08	-4.4706E-07	6.0217E-06
-2.1048E-08	-9.4615E-09	-2.1222E-06	7.1027E-06
-1.8010E-08	6.5232E-09	-2.2799E-07	8.2927E-06
-7.2881E-09	1.8880E-08	2.2395E-08	7.5627E-06
7.0603E-09	-1.3811E-08	7.9422E-07	7.3383E-06
2.9246E-09	1.4087E-08	-7.6065E-08	6.3926E-06
-5.1277E-09	-1.2872E-08	-1.3325E-07	7.5457E-06
1.9192E-09	-3.0238E-09	6.4199E-07	6.8593E-06
7.8783E-09	-1.0598E-08	-2.8183E-08	6.6365E-06
2.5469E-08	2.4379E-08	-6.9466E-08	6.7715E-06
1.0109E-08	-2.9794E-08	-2.2681E-07	7.1827E-06
-9.9740E-09	-3.2240E-08	6.8469E-07	6.7700E-06
2.3655E-08	-2.8566E-08	-6.4464E-07	6.0158E-06
-2.1385E-08	1.5297E-08	-4.8140E-07	7.2084E-06
2.1443E-08	-1.3693E-09	-7.3938E-07	6.4303E-06
-4.5699E-08	-3.8698E-09	-9.6326E-07	7.7489E-06
-3.5883E-08	-5.2840E-11	-3.4171E-07	6.9718E-06
-1.4260E-08	-7.3789E-09	-1.2524E-06	7.7541E-06
-9.0639E-09	-4.3781E-08	-2.0076E-07	7.9944E-06
3.1377E-08	2.6995E-08	-2.7558E-07	7.6924E-06
2.7000E-08	9.1053E-09	-3.2628E-07	7.4621E-06
-4.6590E-08	-2.1555E-08	-5.6451E-07	8.1188E-06
2.0478E-08	4.1249E-08	5.3709E-07	7.7115E-06
-1.2049E-09	3.2684E-08	-3.2302E-07	6.8112E-06
1.0742E-09	-4.7027E-08	-8.7288E-07	7.3257E-06
-2.4762E-08	-1.7097E-08	-9.3523E-07	7.6220E-06
2.0762E-08	1.4481E-08	-1.0268E-06	7.7120E-06
1.9437E-08	-3.8896E-09	-1.4350E-06	8.2205E-06
1.3815E-08	3.2474E-08	-7.4573E-07	9.1347E-06
-2.8210E-09	-1.1796E-08	2.8344E-07	8.2778E-06
-1.0972E-08	-8.5219E-09	-8.0866E-07	7.6876E-06
-1.1166E-08	-2.2229E-08	-6.8778E-07	8.3743E-06
-2.8531E-08	-5.5273E-09	-1.2979E-06	8.1145E-06
-1.6545E-08	-2.9726E-08	-6.4612E-07	9.5832E-06
-7.5330E-10	-1.1620E-08	1.5508E-08	7.8670E-06
3.5269E-08	-3.1127E-08	-1.5878E-06	8.6565E-06
-5.5782E-08	-1.8344E-08	-6.9921E-07	9.1858E-06
8.4845E-09	-2.2059E-08	-6.3098E-07	9.5725E-06
6.1768E-08	2.3324E-08	5.9234E-07	8.7952E-06
1.1557E-08	-3.2772E-08	-7.9445E-07	8.0171E-06
3.2344E-08	-5.6612E-08	-7.8888E-07	8.9076E-06
-8.9065E-09	6.3228E-09	-7.1972E-07	8.5737E-06
4.0050E-08	-3.8475E-08	-1.2308E-06	8.5357E-06
2.5603E-09	6.5994E-09	-1.7004E-06	9.2755E-06
3.6247E-08	2.0016E-08	-1.1447E-06	9.7006E-06
-1.3992E-09	-1.6094E-09	-1.0804E-06	9.8664E-06
1.7632E-08	2.0986E-08	-2.1079E-07	9.6417E-06
4.7717E-09	7.4363E-09	-1.0647E-06	8.4173E-06
7.9278E-10	1.2217E-08	-2.3901E-06	9.5560E-06
5.0437E-10	-6.9265E-09	-1.4833E-06	1.0544E-05
-2.7933E-09	-2.8794E-08	-1.5228E-06	9.8100E-06
-1.6886E-08	6.0458E-09	-2.3221E-06	1.0992E-05
-7.2170E-09	-6.9883E-08	-8.4147E-07	1.1701E-05
1.3524E-08	3.4284E-08	-4.2138E-07	1.0745E-05
1.7059E-08	-3.4498E-08	-8.9170E-07	1.0437E-05
3.1175E-08	6.5525E-12	-1.2006E-06	1.0756E-05
3.6279E-08	9.1127E-09	-1.1209E-06	1.0736E-05
6.1677E-09	-2.4201E-08	-1.6345E-06	1.0986E-05
8.4524E-09	2.4198E-08	-1.4909E-06	1.1451E-05
2.7353E-08	-2.2227E-08	-1.6286E-06	1.1818E-05
-1.0927E-08	3.5674E-09	-1.0226E-06	1.2259E-05
2.5855E-08	7.5575E-09	-9.7159E-07	1.1895E-05
2.0215E-09	-7.1136E-09	-1.1312E-06	1.2315E-05
-4.3283E-08	-1.4899E-08	-6.3975E-07	1.2630E-05
-1.8098E-08	1.9213E-08	-5.7601E-08	1.2123E-05
-1.4412E-08	-6.8570E-09	-8.1501E-07	1.1419E-05
3.8820E-08	1.3892E-09	-1.4542E-06	1.2272E-05
4.8432E-08	-3.6870E-10	-8.8908E-07	1.2650E-05
1.9701E-09	-3.2019E-08	-7.8725E-07	1.2273E-05
1.4230E-08	2.6279E-08	-1.3232E-06	1.2058E-05
1.1841E-08	5.9954E-09	-1.9646E-06	1.2527E-05
2.3770E-08	-2.0853E-09	-2.1042E-06	1.3139E-05
-1.7476E-09	2.2465E-08	-2.2936E-06	1.3764E-05
9.2094E-09	-2.4577E-08	-1.7625E-06	1.4688E-05
-9.5098E-09	6.6473E-09	-9.5935E-07	1.4204E-05
4.0940E-08	6.5630E-09	-1.8381E-06	1.3955E-05
-2.9979E-09	1.2863E-08	-1.9071E-06	1.4787E-05
-2.1376E-08	-1.3864E-08	-2.1235E-06	1.5086E-05
1.8262E-08	1.3523E-08	-1.4911E-06	1.6067E-05
-1.4380E-08	-2.7368E-08	-1.2933E-06	1.5030E-05
-2.7873E-08	-5.5260E-10	-2.4859E-06	1.6005E-05
1.0821E-08	5.6047E-09	-1.9173E-06	1.6596E-05
-4.9916E-08	2.9532E-08	-1.9737E-06	1.7444E-05
-1.4798E-08	-1.9678E-08	-1.0519E-06	1.6675E-05
7.3598E-09	-3.3100E-08	-3.6097E-06	1.7317E-05
1.1711E-08	-6.2836E-09	-1.9502E-06	1.9915E-05
3.3147E-09	-2.3048E-08	-1.6806E-06	1.8836E-05
-6.7143E-09	-1.8050E-08	-1.9687E-06	1.9988E-05
3.9237E-08	7.0696E-09	-2.4448E-06	2.0252E-05
-2.2729E-08	-1.0225E-08	-2.2631E-06	2.2350E-05
2.7587E-08	-3.5609E-08	-2.1277E-06	2.2610E-05
-4.3358E-09	1.9294E-08	-2.1531E-06	2.5708E-05
-1.1709E-08	1.9580E-08	4.0871E-07	2.6576E-05
-4.9022E-09	-5.4990E-09	7.5918E-07	2.7742E-05
-1.9873E-08	2.7763E-08	3.1451E-06	2.9177E-05
-5.2882E-09	-1.5801E-08	4.5026E-06	2.9810E-05
2.1593E-08	-5.3523E-09	7.4069E-06	3.1425E-05
1.7678E-08	-2.0255E-09	1.0980E-05	3.0488E-05
-1.6766E-09	-4.1459E-09	1.2662E-05	2.9160E-05
-2.0820E-08	4.3007E-09	1.4621E-05	2.8811E-05
-1.1110E-08	3.7064E-09	1.7711E-05	2.7568E-05
6.0465E-08	2.8614E-08	2.0025E-05	2.4101E-05
-1.5439E-09	2.8464E-08	1.9548E-05	2.1154E-05
1.6932E-09	-3.5660E-08	2.0250E-05	2.0084E-05
-1.3703E-09	1.4622E-08	2.1556E-05	1.6453E-05
8.0270E-09	-2.2904E-08	1.9203E-05	1.2251E-05
-2.3736E-08	-1.2749E-08	1.5843E-05	1.1908E-05
1.8936E-08	-1.9097E-08	1.5311E-05	1.1414E-05
-2.5999E-08	-4.1973E-08	1.2527E-05	1.0334E-05
-3.1545E-09	-2.9341E-08	1.1104E-05	1.1381E-05
9.8947E-09	-1.2856E-08	8.9774E-06	1.1539E-05
1.6867E-08	-1.9802E-08	8.3325E-06	1.4210E-05
1.8797E-08	6.3726E-09	8.6619E-06	1.4393E-05
1.5962E-08	-1.8839E-08	8.2151E-06	1.5812E-05
-1.0530E-08	9.1076E-09	8.8248E-06	1.6168E-05
2.6099E-08	-2.7974E-08	8.3952E-06	1.6714E-05
-5.3430E-09	1.1698E-08	8.1045E-06	1.8367E-05
3.1337E-08	3.3201E-10	1.0764E-05	1.9794E-05
-1.1111E-08	8.9299E-10	1.0778E-05	1.7462E-05
-4.3021E-09	-2.1917E-08	1.0242E-05	2.0084E-05
1.4455E-08	-7.0132E-09	1.2775E-05	1.8968E-05
-1.5059E-08	-1.4210E-08	1.1636E-05	1.9445E-05
3.2239E-08	-1.9972E-08	1.3965E-05	1.9478E-05
1.8297E-08	-6.2016E-08	1.3221E-05	1.8454E-05
-3.0665E-08	-2.1818E-09	1.3949E-05	1.9210E-05
1.0152E-08	-1.0407E-08	1.4421E-05	1.8619E-05
7.1162E-09	5.8931E-10	1.4200E-05	1.8535E-05
-3.8123E-08	3.2389E-08	1.4581E-05	2.0080E-05
-1.4259E-08	3.0059E-08	1.7585E-05	1.9598E-05
-8.3305E-10	-5.2877E-09	1.7599E-05	1.7132E-05
-2.2394E-08	1.6664E-08	1.6503E-05	1.6646E-05
-1.9251E-09	3.2727E-09	1.6141E-05	1.7753E-05
1.0401E-08	6.8231E-09	1.7890E-05	1.7840E-05
-3.8025E-09	-1.7148E-08	1.8269E-05	1.7007E-05
-7.5340E-09	1.7940E-08	1.9452E-05	1.5935E-05
-1.8958E-08	2.4125E-09	1.8016E-05	1.4150E-05
-2.0390E-08	8.3237E-09	1.7679E-05	1.5319E-05
-2.6261E-09	2.3238E-08	1.8172E-05	1.4000E-05
1.1646E-08	-3.8539E-08	1.6464E-05	1.4208E-05
8.3004E-09	-2.1323E-08	1.6965E-05	1.5199E-05
-6.1794E-10	-2.0535E-08	1.6785E-05	1.4894E-05
3.7221E-08	7.1210E-09	1.6466E-05	1.5981E-05
3.5777E-09	-4.0607E-08	1.7252E-05	1.7115E-05
1.2768E-08	2.1810E-09	1.9115E-05	1.7866E-05
-9.8510E-09	-1.9992E-08	2.0948E-05	1.6830E-05
-3.0501E-08	-5.6897E-08	2.1864E-05	1.5812E-05
2.0097E-09	9.1664E-09	2.2596E-05	1.4093E-05
-3.9235E-08	-9.0220E-09	2.2125E-05	1.2708E-05
-7.0133E-09	-4.5489E-09	2.1550E-05	1.1765E-05
1.8410E-09	-2.7592E-08	2.0885E-05	1.1297E-05
1.6185E-08	-1.1397E-08	1.9936E-05	1.0762E-05
-2.6389E-08	-2.6722E-08	1.9109E-05	1.1723E-05
1.5994E-08	-3.3673E-09	1.9752E-05	1.1848E-05
-1.5801E-08	-1.3319E-08	1.9469E-05	1.1560E-05
1.9981E-08	3.8684E-09	1.8956E-05	1.1572E-05
-3.4027E-09	2.4850E-08	1.8796E-05	1.2720E-05
1.9038E-08	-2.2151E-09	1.9841E-05	1.2593E-05
-1.1310E-08	-1.2280E-08	1.9485E-05	1.2524E-05
1.8000E-08	-2.4101E-08	1.9761E-05	1.2665E-05
-2.9019E-08	5.8076E-09	1.9563E-05	1.3156E-05
1.7374E-08	7.1368E-09	2.0118E-05	1.3270E-05
5.7813E-09	-3.9717E-08	1.9640E-05	1.4278E-05
-5.6924E-08	-3.1111E-08	2.1685E-05	1.5167E-05
-1.8802E-09	-2.8063E-08	2.1961E-05	1.4372E-05
-2.3055E-09	1.4359E-08	2.2663E-05	1.5300E-05
1.3038E-08	1.4969E-08	2.3583E-05	1.5387E-05
-1.9214E-08	2.5235E-08	2.5154E-05	1.6290E-05
-7.9489E-09	-2.2846E-08	2.7309E-05	1.5573E-05
-5.7971E-09	9.1560E-09	2.8540E-05	1.5061E-05
1.7365E-08	2.4762E-08	3.0568E-05	1.4592E-05
2.0316E-08	9.4753E-09	3.3074E-05	1.3387E-05
-2.9447E-09	-5.3644E-09	3.5957E-05	1.0447E-05
-7.5199E-09	-1.0534E-08	3.6540E-05	5.4542E-06
-3.6485E-09	1.0143E-08	3.4352E-05	1.9148E-06
-1.8391E-08	-4.2419E-09	3.2151E-05	2.6361E-07
-2.2467E-09	-1.1453E-08	3.0616E-05	-9.8387E-07
3.2303E-09	-4.7621E-08	2.7924E-05	-2.4654E-06
-6.7602E-09	-1.9216E-08	2.5413E-05	-7.8590E-07
-6.5375E-09	2.3926E-10	2.5792E-05	-6.0299E-07
1.2492E-08	-6.7102E-10	2.3577E-05	-3.9878E-07
1.1158E-09	2.2771E-08	2.3823E-05	1.7392E-06
3.2575E-10	7.4153E-09	2.4516E-05	2.1654E-06
-4.7019E-09	1.5082E-08	2.5865E-05	2.1185E-06
-2.9887E-08	1.6217E-08	2.5122E-05	1.2638E-06
-5.2295E-08	-9.4970E-09	2.6339E-05	3.2156E-06
1.1960E-08	-1.9468E-08	2.8744E-05	9.6485E-07
1.6942E-08	-2.2477E-08	2.8089E-05	-1.4022E-07
7.3289E-10	1.3934E-08	2.9350E-05	-1.3528E-06
-5.5821E-09	2.7557E-08	2.8700E-05	-3.5420E-06
-5.9714E-09	-9.5664E-09	2.8272E-05	-4.5009E-06
2.6957E-08	-2.0758E-08	2.7610E-05	-6.2143E-06
9.5758E-09	-8.5371E-09	2.6325E-05	-7.0734E-06
-3.3050E-09	-3.3282E-09	2.5704E-05	-8.0332E-06
2.5923E-08	2.5522E-08	2.3974E-05	-9.1984E-06
-7.2856E-09	-2.2719E-08	2.2643E-05	-9.0850E-06
-1.4138E-08	2.8603E-08	2.1095E-05	-9.6259E-06
1.3487E-09	2.6357E-08	1.9953E-05	-8.1010E-06
1.4323E-08	2.3743E-08	2.0587E-05	-8.9174E-06
-1.6301E-09	7.5056E-10	1.8461E-05	-8.8975E-06
-2.0210E-09	-1.5005E-08	1.9040E-05	-8.5115E-06
-1.5362E-08	-1.6286E-08	1.7156E-05	-9.6416E-06
1.8491E-08	-2.0663E-08	1.6069E-05	-8.3087E-06
1.4151E-08	-3.3434E-09	1.5222E-05	-7.7792E-06
-3.4032E-08	3.8689E-08	1.5502E-05	-6.6643E-06
-9.6235E-09	-9.9656E-09	1.4871E-05	-6.9380E-06
1.0609E-08	1.1695E-08	1.5169E-05	-5.7125E-06
-3.7206E-11	-8.6102E-09	1.4691E-05	-6.7626E-06
4.8332E-10	2.3681E-08	1.4022E-05	-4.6935E-06
-7.6387E-09	1.4987E-08	1.5648E-05	-5.3276E-06
5.1738E-09	2.4143E-08	1.4510E-05	-5.5195E-06
2.8691E-08	-2.4175E-08	1.5194E-05	-5.0294E-06
-9.6849E-09	6.5544E-09	1.5445E-05	-6.2996E-06
1.3354E-08	-8.4765E-09	1.3325E-05	-7.2588E-06
1.0417E-08	-4.3968E-09	1.2269E-05	-4.9644E-06
-4.4112E-09	5.7090E-09	1.3159E-05	-5.2223E-06
7.0098E-09	-4.7986E-08	1.1799E-05	-4.2203E-06
-6.3019E-09	-5.2350E-09	1.3369E-05	-3.4363E-06
2.5587E-08	-4.4748E-08	1.2933E-05	-4.1127E-06
-9.1744E-09	1.7517E-08	1.3338E-05	-3.5813E-06
-4.7529E-08	-1.4813E-08	1.2990E-05	-4.4738E-06
-4.1024E-08	1.1761E-08	1.2223E-05	-3.6787E-06
1.8386E-08	-1.6545E-08	1.2554E-05	-3.7773E-06
-1.2410E-08	2.3601E-09	1.1064E-05	-3.3208E-06
-3.0568E-08	-3.3324E-08	1.2181E-05	-1.2880E-06
7.7781E-09	-3.7798E-09	1.2783E-05	-2.7618E-06
1.5036E-08	-6.4827E-09	1.1582E-05	-1.1888E-06
-3.6390E-08	-2.9906E-08	1.3541E-05	-8.7883E-07
-8.3082E-09	-4.1260E-08	1.3136E-05	-9.9392E-07
-1.8425E-08	-2.4259E-08	1.4763E-05	-8.5127E-07
3.6687E-08	2.4900E-08	1.3808E-05	-2.2467E-06
-3.1966E-08	-6.4389E-09	1.3691E-05	-2.9460E-07
1.3433E-08	-4.5063E-08	1.5535E-05	-6.0459E-07
5.6597E-09	-5.6747E-09	1.5714E-05	-8.9365E-07
-8.5738E-09	-3.3473E-08	1.7365E-05	-1.0632E-06
-1.8053E-08	7.7822E-09	1.8200E-05	-2.9334E-06
-5.9080E-09	2.2538E-08	1.8631E-05	-4.6809E-06
-2.1906E-09	1.9558E-08	1.7126E-05	-7.7721E-06
1.1918E-08	5.8599E-09	1.3894E-05	-7.4581E-06
-6.3511E-09	-2.0251E-08	1.3061E-05	-6.4182E-06
-2.8981E-08	-1.9151E-08	1.2451E-05	-5.1948E-06
-8.0273E-09	4.0891E-09	1.3324E-05	-4.8826E-06
-6.9817E-10	2.2390E-08	1.2982E-05	-5.1799E-06
8.0622E-09	-2.1192E-09	1.3000E-05	-5.2921E-06
-3.9888E-08	5.1199E-09	1.2161E-05	-5.3732E-06
1.2343E-08	-1.3909E-08	1.1850E-05	-4.5562E-06
-2.0074E-08	1.9136E-08	1.2705E-05	-3.6172E-06
1.7800E-08	-5.1257E-09	1.4316E-05	-5.4549E-06
-1.7612E-08	5.5447E-09	1.1560E-05	-7.1506E-06
-1.2201E-08	-4.5410E-09	1.0647E-05	-4.7736E-06
-1.1639E-08	4.7939E-09	1.2076E-05	-5.0709E-06
3.1693E-08	-1.6875E-08	1.1096E-05	-6.3349E-06
2.9091E-09	-2.9435E-08	9.5901E-06	-5.8223E-06
-3.4391E-08	2.9334E-08	9.0173E-06	-4.8159E-06
2.0982E-09	2.7374E-08	9.2070E-06	-3.8117E-06
1.5781E-08	2.2559E-08	9.5723E-06	-4.1506E-06
-1.3361E-08	-1.0802E-08	8.4159E-06	-3.8605E-06
-2.9126E-09	-1.4575E-08	8.4024E-06	-2.7079E-06
-5.5857E-09	-2.4166E-08	8.6454E-06	-2.0051E-06
1.6455E-08	2.0603E-08	9.2991E-06	-1.9131E-06
-9.1604E-09	1.4566E-08	8.6678E-06	-1.8903E-06
-2.3690E-09	2.7879E-08	9.1157E-06	-8.0719E-07
-1.6956E-08	-5.8958E-09	9.4776E-06	-1.4484E-06
4.1336E-09	-2.2576E-08	8.3422E-06	-8.5663E-07
-5.2853E-10	-1.8200E-08	8.9645E-06	5.0622E-07
1.4154E-08	-3.7148E-08	9.3456E-06	3.8091E-07
3.7444E-08	1.0148E-09	9.1524E-06	1.2899E-06
6.8288E-09	-1.0261E-08	9.6482E-06	2.1409E-06
-6.9310E-09	3.5777E-08	1.0830E-05	3.6447E-06
-2.3002E-08	9.0379E-09	1.3496E-05	2.8597E-06
-1.5266E-09	1.9763E-08	1.3321E-05	9.2780E-07
-3.6981E-10	2.7967E-08	1.2324E-05	7.6184E-07
-5.1183E-09	-2.0550E-08	1.1957E-05	1.8400E-06
1.8628E-08	-2.8468E-09	1.2928E-05	2.5162E-06
2.2778E-08	3.9150E-09	1.3872E-05	2.6399E-06
-1.2924E-08	-2.7928E-08	1.4441E-05	1.7749E-06
2.7041E-08	-2.8878E-08	1.4030E-05	2.4637E-06
-1.0912E-08	-2.7423E-08	1.5558E-05	2.2834E-06
-2.6120E-09	1.3623E-08	1.4971E-05	2.3663E-06
-7.3606E-09	-1.4067E-08	1.7266E-05	2.7940E-06
2.0628E-08	1.1079E-08	1.6776E-05	7.1240E-07
-1.0782E-08	-4.8255E-09	1.6670E-05	2.3099E-06
-4.4762E-09	-3.0010E-08	1.8389E-05	1.6166E-06
1.6112E-08	-1.1702E-08	1.8281E-05	1.1981E-06
-2.2311E-08	2.3616E-08	1.9421E-05	1.4968E-06
2.2778E-08	-1.0819E-08	2.0597E-05	-1.4550E-08
-1.9395E-08	8.9545E-09	1.9756E-05	-5.5476E-07
-4.1105E-08	8.6351E-09	2.1011E-05	-1.9041E-07
2.8621E-08	-3.8557E-08	2.1319E-05	-1.5884E-06
-9.9659E-09	1.6783E-08	2.1243E-05	-1.4477E-06
-2.0446E-08	2.2725E-08	2.1901E-05	-5.3639E-07
6.7961E-10	-9.6188E-09	2.6204E-05	-1.5893E-07
1.3514E-08	-3.0961E-08	2.9134E-05	-5.4612E-06
9.6499E-09	-8.9607E-09	2.7933E-05	-9.6362E-06
2.7190E-10	-2.7297E-09	2.5896E-05	-1.2915E-05
3.5671E-09	-2.1244E-08	2.3283E-05	-1.4493E-05
-2.3385E-08	2.5266E-08	2.0189E-05	-1.5664E-05
1.9720E-08	-4.3344E-09	1.8244E-05	-1.3884E-05
-1.3027E-08	1.6153E-09	1.8124E-05	-1.4843E-05
9.3296E-09	9.2743E-10	1.5664E-05	-1.3836E-05
1.8782E-08	5.6635E-09	1.6923E-05	-1.3455E-05
2.7517E-09	1.9721E-08	1.5498E-05	-1.4722E-05
1.9811E-08	5.0762E-08	1.4840E-05	-1.4864E-05
-9.8774E-09	8.7290E-09	1.2305E-05	-1.5120E-05
-1.7659E-09	3.6437E-09	1.1928E-05	-1.3112E-05
2.0452E-08	1.1963E-08	1.1272E-05	-1.3380E-05
5.1894E-10	-1.3742E-08	1.0909E-05	-1.1461E-05
-3.5365E-08	9.8655E-09	1.1661E-05	-1.1894E-05
-1.6824E-08	1.8984E-08	1.0851E-05	-1.1080E-05
6.3770E-09	-2.3925E-08	1.2036E-05	-1.0984E-05
1.1312E-08	-1.3297E-08	1.1516E-05	-1.1748E-05
-3.3579E-08	2.1990E-08	1.0976E-05	-1.1803E-05
1.5706E-10	-1.9272E-08	9.9130E-06	-1.0834E-05
-2.5046E-09	1.0454E-09	1.1864E-05	-9.7174E-06
-8.4512E-09	-2.5748E-08	1.1999E-05	-1.2390E-05
-8.4984E-09	-9.4076E-09	9.9831E-06	-1.1532E-05
5.7113E-09	2.2288E-08	1.1060E-05	-1.1357E-05
-3.7373E-09	-1.1176E-08	1.0108E-05	-1.1860E-05
1.1157E-08	-1.0888E-08	1.0410E-05	-1.1686E-05
-8.2868E-09	2.0111E-09	9.2734E-06	-1.2235E-05
-2.0339E-08	6.6443E-09	9.2357E-06	-1.1218E-05
2.2640E-08	-2.2049E-08	9.0567E-06	-1.1592E-05
2.4133E-08	-3.4498E-08	9.1329E-06	-1.0988E-05
-2.1517E-08	-2.5121E-08	9.0587E-06	-1.1724E-05
-3.8041E-08	2.7459E-08	8.5435E-06	-1.1166E-05
-2.4217E-08	-3.0546E-08	8.9890E-06	-1.1390E-05
-1.0167E-08	3.1063E-09	8.6906E-06	-1.2008E-05
3.2120E-08	-7.1283E-09	7.6618E-06	-1.2124E-05
1.3147E-09	-3.0790E-08	7.7666E-06	-1.1698E-05
-1.1162E-08	9.6747E-09	6.6360E-06	-1.2334E-05
-3.8686E-08	2.0661E-08	6.6474E-06	-1.0620E-05
5.8936E-09	1.5202E-08	7.1906E-06	-1.2240E-05
-1.6755E-08	-3.5120E-08	5.0566E-06	-1.1682E-05
-2.1500E-08	-1.6144E-08	5.1715E-06	-1.0813E-05
-1.9070E-08	-1.7418E-08	4.4915E-06	-1.0217E-05
5.5163E-09	-1.7915E-08	4.6804E-06	-8.4597E-06
2.5791E-08	-3.7320E-09	7.5897E-06	-8.8018E-06
-1.3654E-08	1.0790E-08	4.7705E-06	-1.1468E-05
1.6667E-08	1.7001E-08	6.1818E-06	-7.8589E-06
2.7646E-08	-1.4958E-08	3.9152E-06	-1.0491E-05
-5.4214E-09	-3.6462E-09	7.2602E-06	-8.1929E-06
-5.3934E-09	-3.6264E-09	5.3712E-06	-1.1255E-05
-5.3656E-09	-3.6066E-09	3.0004E-06	-1.0467E-05
-5.3379E-09	-3.5870E-09	2.5249E-06	-7.0687E-06
-5.3104E-09	-3.5675E-09	4.9837E-06	-6.7779E-06
-5.2830E-09	-3.5481E-09	4.9504E-06	-6.7133E-06
-5.2558E-09	-3.5288E-09	6.6653E-06	-6.5001E-06
-5.2287E-09	-3.5097E-09	7.3916E-06	-8.4662E-06
-5.2017E-09	-3.4906E-09	5.5821E-06	-9.6399E-06
-5.1749E-09	-3.4717E-09	4.9066E-06	-8.0754E-06
-5.1482E-09	-3.4529E-09	5.8291E-06	-8.6267E-06
-5.1216E-09	-3.4342E-09	4.5602E-06	-8.7537E-06
-5.0952E-09	-3.4156E-09	4.8275E-06	-7.7913E-06
-5.0690E-09	-3.3971E-09	5.2995E-06	-8.1328E-06
-5.0428E-09	-3.3788E-09	4.7141E-06	-8.6175E-06
-5.0168E-09	-3.3605E-09	4.3231E-06	-7.6620E-06
-4.9910E-09	-3.3424E-09	5.1825E-06	-8.1314E-06
-4.9652E-09	-3.3244E-09	3.9769E-06	-8.2294E-06
-4.9396E-09	-3.3064E-09	4.6282E-06	-7.8350E-06
-4.9142E-09	-3.2886E-09	3.0853E-06	-8.4077E-06
-4.8889E-09	-3.2709E-09	3.2878E-06	-5.8854E-06
-4.8637E-09	-3.2533E-09	4.9085E-06	-6.5601E-06
-4.8386E-09	-3.2358E-09	4.5801E-06	-6.8014E-06
-4.8137E-09	-3.2184E-09	4.7326E-06	-6.9108E-06
-4.7889E-09	-3.2011E-09	4.9133E-06	-6.9250E-06
-4.7642E-09	-3.1839E-09	4.4934E-06	-7.6384E-06
-4.7396E-09	-3.1669E-09	4.0888E-06	-6.5544E-06
-4.7152E-09	-3.1499E-09	5.1377E-06	-7.1885E-06
-4.6909E-09	-3.1330E-09	3.9507E-06	-7.6254E-06
-4.6668E-09	-3.1162E-09	3.9033E-06	-6.8975E-06
-4.6427E-09	-3.0995E-09	3.7622E-06	-7.0088E-06
-4.6188E-09	-3.0830E-09	3.3627E-06	-5.9940E-06
-4.5950E-09	-3.0665E-09	5.3464E-06	-5.7354E-06
-4.5714E-09	-3.0501E-09	4.3547E-06	-8.2383E-06
-4.5478E-09	-3.0338E-09	2.6783E-06	-5.7679E-06
-4.5244E-09	-3.0176E-09	5.3092E-06	-5.6905E-06
-4.5011E-09	-3.0015E-09	4.8146E-06	-7.3629E-06
-4.4780E-09	-2.9855E-09	3.5799E-06	-7.6575E-06
-4.4549E-09	-2.9696E-09	2.8741E-06	-5.9745E-06
-4.4320E-09	-2.9538E-09	4.5420E-06	-6.1438E-06
-4.4092E-09	-2.9381E-09	3.6242E-06	-6.8407E-06
-4.3865E-09	-2.9224E-09	3.5423E-06	-6.3946E-06
-4.3639E-09	-2.9069E-09	3.5883E-06	-5.8377E-06
-4.3415E-09	-2.8915E-09	4.4671E-06	-6.8859E-06
-4.3192E-09	-2.8761E-09	2.2632E-06	-6.8444E-06
-4.2970E-09	-2.8609E-09	3.4787E-06	-5.2446E-06
-4.2749E-09	-2.8457E-09	3.3502E-06	-6.4053E-06
-4.2529E-09	-2.8306E-09	3.1784E-06	-5.5805E-06
-4.2310E-09	-2.8156E-09	3.3461E-06	-5.9752E-06
-4.2093E-09	-2.8007E-09	3.1882E-06	-5.6667E-06
-4.1876E-09	-2.7859E-09	3.1750E-06	-5.9680E-06
-4.1661E-09	-2.7711E-09	2.4748E-06	-5.6997E-06
-4.1447E-09	-2.7565E-09	2.5246E-06	-4.6947E-06
-4.1234E-09	-2.7419E-09	3.3354E-06	-4.5194E-06
-4.1022E-09	-2.7275E-09	3.8244E-06	-4.5944E-06
-4.0812E-09	-2.7131E-09	3.9482E-06	-5.9865E-06
-4.0602E-09	-2.6988E-09	1.7206E-06	-4.9171E-06
-4.0394E-09	-2.6845E-09	4.3318E-06	-3.2616E-06
-4.0186E-09	-2.6704E-09	4.2344E-06	-5.9165E-06
-3.9980E-09	-2.6563E-09	3.1130E-06	-4.6505E-06
-3.9775E-09	-2.6424E-09	4.2617E-06	-4.8687E-06
-3.9571E-09	-2.6285E-09	4.0050E-06	-5.7985E-06
-3.9368E-09	-2.6146E-09	2.5835E-06	-6.0051E-06
-3.9166E-09	-2.6009E-09	2.5423E-06	-4.2871E-06
-3.8965E-09	-2.5872E-09	3.4833E-06	-4.9124E-06
-3.8765E-09	-2.5737E-09	2.4458E-06	-4.7728E-06
-3.8566E-09	-2.5602E-09	2.7848E-06	-3.6330E-06
-3.8368E-09	-2.5467E-09	4.1929E-06	-3.5234E-06
-3.8172E-09	-2.5334E-09	4.3119E-06	-5.2674E-06
-3.7976E-09	-2.5201E-09	2.9159E-06	-4.8234E-06
-3.7781E-09	-2.5069E-09	3.5218E-06	-4.7150E-06
-3.7588E-09	-2.4938E-09	2.3174E-06	-4.4998E-06
-3.7395E-09	-2.4808E-09	3.7036E-06	-3.1420E-06
-3.7204E-09	-2.4678E-09	4.0126E-06	-4.9975E-06
-3.7013E-09	-2.4549E-09	2.7271E-06	-4.1999E-06
-3.6824E-09	-2.4421E-09	3.7959E-06	-4.0149E-06
-3.6635E-09	-2.4294E-09	2.9903E-06	-4.8138E-06
-3.6448E-09	-2.4167E-09	2.3387E-06	-3.4023E-06
-3.6261E-09	-2.4041E-09	3.8656E-06	-2.8526E-06
-3.6076E-09	-2.3916E-09	3.9738E-06	-3.8602E-06
-3.5891E-09	-2.3791E-09	3.9139E-06	-3.5482E-06
-3.5708E-09	-2.3667E-09	3.9042E-06	-4.0621E-06
-3.5525E-09	-2.3544E-09	3.7931E-06	-3.1668E-06
-3.5343E-09	-2.3422E-09	5.2070E-06	-3.9645E-06
-3.5163E-09	-2.3300E-09	3.9108E-06	-5.1812E-06
-3.4983E-09	-2.3179E-09	3.1824E-06	-3.8555E-06
-3.4804E-09	-2.3059E-09	4.6380E-06	-3.7325E-06
-3.4626E-09	-2.2939E-09	3.9351E-06	-5.2978E-06
-3.4449E-09	-2.2820E-09	2.9157E-06	-4.0965E-06
-3.4274E-09	-2.2702E-09	3.5606E-06	-3.9401E-06
-3.4099E-09	-2.2584E-09	3.6522E-06	-3.5956E-06
-3.3924E-09	-2.2467E-09	3.9594E-06	-4.3631E-06
-3.3751E-09	-2.2351E-09	3.0964E-06	-3.6617E-06
-3.3579E-09	-2.2235E-09	4.0922E-06	-3.5066E-06
-3.3408E-09	-2.2120E-09	4.1898E-06	-3.5562E-06
-3.3237E-09	-2.2006E-09	4.6941E-06	-4.7155E-06
-3.3068E-09	-2.1892E-09	3.1053E-06	-4.3333E-06
-3.2899E-09	-2.1779E-09	4.4506E-06	-4.0802E-06
-3.2731E-09	-2.1667E-09	3.2916E-06	-5.0106E-06
-3.2565E-09	-2.1555E-09	3.2878E-06	-4.3633E-06
-3.2399E-09	-2.1444E-09	2.3495E-06	-4.2863E-06
-3.2234E-09	-2.1333E-09	3.0187E-06	-2.8968E-06
-3.2069E-09	-2.1223E-09	3.5841E-06	-3.2559E-06
-3.1906E-09	-2.1114E-09	4.1860E-06	-3.2748E-06
-3.1744E-09	-2.1005E-09	4.0734E-06	-4.1102E-06
-3.1582E-09	-2.0897E-09	3.8167E-06	-4.1653E-06
-3.1421E-09	-2.0789E-09	3.4023E-06	-4.2714E-06
-3.1262E-09	-2.0683E-09	3.2227E-06	-4.1947E-06
-3.1102E-09	-2.0576E-09	2.7008E-06	-3.5113E-06
-3.0944E-09	-2.0471E-09	3.9629E-06	-3.4890E-06
-3.0787E-09	-2.0365E-09	2.6421E-06	-4.3306E-06
-3.0630E-09	-2.0261E-09	2.9258E-06	-2.5162E-06
-3.0475E-09	-2.0157E-09	4.1036E-06	-3.2558E-06
-3.0320E-09	-2.0054E-09	3.6469E-06	-4.1403E-06
-3.0166E-09	-1.9951E-09	2.3530E-06	-3.4128E-06
-3.0013E-09	-1.9849E-09	4.0076E-06	-2.5341E-06
-2.9860E-09	-1.9747E-09	3.1540E-06	-4.1808E-06
-2.9709E-09	-1.9646E-09	3.0438E-06	-2.2286E-06
-2.9558E-09	-1.9545E-09	3.9201E-06	-3.4875E-06
-2.9408E-09	-1.9445E-09	3.0464E-06	-2.4303E-06
-2.9259E-09	-1.9346E-09	4.6779E-06	-2.9917E-06
-2.9110E-09	-1.9247E-09	3.2843E-06	-3.7992E-06
-2.8963E-09	-1.9148E-09	3.0788E-06	-2.4244E-06
-2.8816E-09	-1.9051E-09	4.5058E-06	-2.0226E-06
-2.8670E-09	-1.8953E-09	4.9588E-06	-3.8282E-06
-2.8525E-09	-1.8857E-09	3.1991E-06	-3.6809E-06
-2.8380E-09	-1.8760E-09	3.7401E-06	-2.8218E-06
-2.8236E-09	-1.8665E-09	3.4931E-06	-2.7031E-06
-2.8093E-09	-1.8570E-09	4.7921E-06	-2.1118E-06
-2.7951E-09	-1.8475E-09	4.8085E-06	-3.8325E-06
-2.7810E-09	-1.8381E-09	3.7667E-06	-3.1335E-06
-2.7669E-09	-1.8287E-09	4.6174E-06	-2.8641E-06
-2.7529E-09	-1.8194E-09	4.9100E-06	-3.5680E-06
-2.7390E-09	-1.8102E-09	3.9676E-06	-4.1421E-06
-2.7251E-09	-1.8009E-09	3.9116E-06	-2.8238E-06
-2.7113E-09	-1.7918E-09	4.6605E-06	-3.7411E-06
-2.6976E-09	-1.7827E-09	3.8443E-06	-2.8540E-06
-2.6840E-09	-1.7736E-09	5.9381E-06	-3.5274E-06
-2.6705E-09	-1.7646E-09	4.0613E-06	-5.2199E-06
-2.6570E-09	-1.7557E-09	3.6129E-06	-3.6696E-06
-2.6436E-09	-1.7467E-09	4.3195E-06	-3.9405E-06
-2.6302E-09	-1.7379E-09	3.8028E-06	-4.7184E-06
-2.6169E-09	-1.7291E-09	2.6096E-06	-3.6554E-06
-2.6037E-09	-1.7203E-09	4.1104E-06	-3.1578E-06
-2.5906E-09	-1.7116E-09	3.1382E-06	-3.9187E-06
-2.5775E-09	-1.7029E-09	3.9590E-06	-2.4509E-06
-2.5646E-09	-1.6943E-09	4.4674E-06	-4.1247E-06
-2.5516E-09	-1.6857E-09	3.2883E-06	-3.4922E-06
-2.5388E-09	-1.6772E-09	4.2572E-06	-3.2855E-06
-2.5260E-09	-1.6687E-09	3.8045E-06	-3.9502E-06
-2.5133E-09	-1.6602E-09	3.8338E-06	-3.2426E-06
-2.5006E-09	-1.6518E-09	4.1399E-06	-4.2512E-06
-2.4880E-09	-1.6435E-09	2.6680E-06	-3.2400E-06
-2.4755E-09	-1.6352E-09	5.0259E-06	-2.7075E-06
-2.4631E-09	-1.6269E-09	3.9214E-06	-4.9863E-06
-2.4507E-09	-1.6187E-09	3.1131E-06	-3.3973E-06
-2.4383E-09	-1.6105E-09	3.4531E-06	-3.8107E-06
-2.4261E-09	-1.6024E-09	3.0863E-06	-2.5474E-06
-2.4139E-09	-1.5943E-09	4.8504E-06	-2.8207E-06
-2.4018E-09	-1.5863E-09	4.3598E-06	-3.8350E-06
-2.3897E-09	-1.5783E-09	4.6359E-06	-3.7543E-06
-2.3777E-09	-1.5703E-09	3.9256E-06	-4.8721E-06
-2.3658E-09	-1.5624E-09	3.3655E-06	-3.4421E-06
-2.3539E-09	-1.5545E-09	4.6159E-06	-4.6068E-06
-2.3421E-09	-1.5467E-09	2.5145E-06	-4.5069E-06
-2.3303E-09	-1.5389E-09	3.7940E-06	-3.7168E-06
-2.3187E-09	-1.5311E-09	2.4749E-06	-4.4786E-06
-2.3070E-09	-1.5234E-09	3.2182E-06	-2.8914E-06
-2.2955E-09	-1.5158E-09	3.2494E-06	-3.9950E-06
-2.2840E-09	-1.5081E-09	3.2060E-06	-3.1298E-06
-2.2725E-09	-1.5005E-09	3.3936E-06	-3.6397E-06
-2.2611E-09	-1.4930E-09	3.6870E-06	-3.4172E-06
-2.2498E-09	-1.4855E-09	2.8885E-06	-4.3282E-06
-2.2386E-09	-1.4780E-09	2.6779E-06	-2.5601E-06
-2.2274E-09	-1.4706E-09	3.8768E-06	-3.2122E-06
-2.2162E-09	-1.4632E-09	3.4734E-06	-3.1389E-06
-2.2051E-09	-1.4559E-09	4.1002E-06	-3.4008E-06
-2.1941E-09	-1.4486E-09	3.8520E-06	-3.9966E-06
-2.1831E-09	-1.4413E-09	3.2577E-06	-3.9850E-06
-2.1722E-09	-1.4340E-09	3.5724E-06	-3.7616E-06
-2.1614E-09	-1.4269E-09	2.8157E-06	-4.2139E-06
-2.1506E-09	-1.4197E-09	3.3219E-06	-3.0010E-06
-2.1399E-09	-1.4126E-09	3.5529E-06	-4.7311E-06
-2.1292E-09	-1.4055E-09	1.9486E-06	-3.5361E-06
-2.1185E-09	-1.3984E-09	3.4589E-06	-3.4812E-06
-2.1080E-09	-1.3914E-09	1.9477E-06	-4.1603E-06
-2.0975E-09	-1.3845E-09	2.2610E-06	-2.0836E-06
-2.0870E-09	-1.3775E-09	3.9434E-06	-3.1014E-06
-2.0766E-09	-1.3706E-09	2.5567E-06	-3.8735E-06
-2.0663E-09	-1.3638E-09	2.6623E-06	-2.7775E-06
-2.0560E-09	-1.3569E-09	2.8804E-06	-3.1903E-06
-2.0457E-09	-1.3501E-09	2.6720E-06	-2.8663E-06
-2.0355E-09	-1.3434E-09	2.7159E-06	-2.7766E-06
-2.0254E-09	-1.3367E-09	2.8255E-06	-2.4883E-06
-2.0153E-09	-1.3300E-09	2.8649E-06	-2.1636E-06
-2.0053E-09	-1.3233E-09	3.9221E-06	-1.9562E-06
-1.9953E-09	-1.3167E-09	3.8875E-06	-2.9646E-06
-1.9854E-09	-1.3101E-09	3.8094E-06	-2.9280E-06
-1.9755E-09	-1.3036E-09	3.0664E-06	-3.2027E-06
-1.9657E-09	-1.2971E-09	3.7349E-06	-1.8134E-06
-1.9559E-09	-1.2906E-09	4.7524E-06	-3.3533E-06
-1.9462E-09	-1.2841E-09	3.6712E-06	-3.7095E-06
-1.9366E-09	-1.2777E-09	3.2764E-06	-3.5330E-06
-1.9270E-09	-1.2713E-09	3.4566E-06	-2.9438E-06
-1.9174E-09	-1.2650E-09	3.4578E-06	-3.5654E-06
-1.9079E-09	-1.2587E-09	3.1037E-06	-2.7639E-06
-1.8984E-09	-1.2524E-09	3.8168E-06	-2.9525E-06
-1.8890E-09	-1.2461E-09	3.9606E-06	-3.0701E-06
-1.8796E-09	-1.2399E-09	3.7763E-06	-4.0393E-06
-1.8703E-09	-1.2337E-09	2.7914E-06	-3.2389E-06
-1.8611E-09	-1.2276E-09	3.7482E-06	-2.9773E-06
-1.8518E-09	-1.2214E-09	3.7760E-06	-3.6680E-06
-1.8427E-09	-1.2153E-09	2.8646E-06	-4.1708E-06
-1.8335E-09	-1.2093E-09	2.2010E-06	-2.5672E-06
-1.8245E-09	-1.2033E-09	4.0164E-06	-2.5917E-06
-1.8154E-09	-1.1973E-09	2.9100E-06	-3.8496E-06
-1.8065E-09	-1.1913E-09	2.3889E-06	-1.7474E-06
-1.7975E-09	-1.1853E-09	5.0661E-06	-1.8299E-06
-1.7886E-09	-1.1794E-09	4.4538E-06	-4.1065E-06
-1.7798E-09	-1.1736E-09	3.5641E-06	-3.3504E-06
-1.7710E-09	-1.1677E-09	3.8322E-06	-3.6825E-06
-1.7623E-09	-1.1619E-09	3.3303E-06	-3.4953E-06
-1.7536E-09	-1.1561E-09	3.1889E-06	-3.1115E-06
-1.7449E-09	-1.1503E-09	4.2053E-06	-2.2968E-06
-1.7363E-09	-1.1446E-09	5.1311E-06	-4.1187E-06
-1.7277E-09	-1.1389E-09	3.4554E-06	-4.6712E-06
-1.7192E-09	-1.1332E-09	3.2046E-06	-3.7299E-06
-1.7107E-09	-1.1276E-09	3.7969E-06	-3.9117E-06
-1.7023E-09	-1.1220E-09	2.8062E-06	-4.1344E-06
-1.6939E-09	-1.1164E-09	3.7139E-06	-2.8311E-06
-1.6856E-09	-1.1108E-09	4.1427E-06	-4.5041E-06
-1.6772E-09	-1.1053E-09	3.6732E-06	-4.1044E-06
-1.6690E-09	-1.0998E-09	3.2798E-06	-5.7938E-06
-1.6608E-09	-1.0943E-09	1.0615E-06	-3.8606E-06
-1.6526E-09	-1.0889E-09	3.0096E-06	-2.9058E-06
-1.6445E-09	-1.0835E-09	3.2518E-06	-3.2682E-06
-1.6364E-09	-1.0781E-09	3.8652E-06	-4.1128E-06
-1.6283E-09	-1.0727E-09	3.0329E-06	-4.2062E-06
-1.6203E-09	-1.0674E-09	3.3569E-06	-4.9223E-06
-1.6124E-09	-1.0621E-09	1.4445E-06	-4.5164E-06
-1.6044E-09	-1.0568E-09	2.4920E-06	-3.1998E-06
-1.5966E-09	-1.0515E-09	2.8335E-06	-3.6894E-06
-1.5887E-09	-1.0463E-09	3.0996E-06	-4.3254E-06
-1.5809E-09	-1.0411E-09	1.8226E-06	-4.3037E-06
-1.5732E-09	-1.0359E-09	2.4597E-06	-3.6727E-06
-1.5654E-09	-1.0308E-09	1.7850E-06	-3.8743E-06
-1.5578E-09	-1.0257E-09	2.7667E-06	-3.0346E-06
-1.5501E-09	-1.0206E-09	2.6478E-06	-4.4778E-06
-1.5425E-09	-1.0155E-09	1.8964E-06	-3.9380E-06
-1.5349E-09	-1.0104E-09	1.6579E-06	-4.0529E-06
-1.5274E-09	-1.0054E-09	1.3893E-06	-2.9136E-06
-1.5199E-09	-1.0004E-09	2.5057E-06	-3.0864E-06
-1.5125E-09	-9.9545E-10	1.9490E-06	-3.4893E-06
-1.5051E-09	-9.9051E-10	2.0203E-06	-2.9562E-06
-1.4977E-09	-9.8558E-10	2.4912E-06	-2.7790E-06
-1.4904E-09	-9.8069E-10	3.1063E-06	-3.8175E-06
-1.4831E-09	-9.7581E-10	1.0602E-06	-3.9813E-06
-1.4758E-09	-9.7096E-10	2.3706E-06	-1.8414E-06
-1.4686E-09	-9.6614E-10	2.9256E-06	-4.0363E-06
-1.4614E-09	-9.6134E-10	2.0024E-06	-2.7807E-06
-1.4543E-09	-9.5656E-10	3.1759E-06	-4.2769E-06
-1.4472E-09	-9.5181E-10	8.5116E-07	-3.7212E-06
-1.4401E-09	-9.4708E-10	2.4277E-06	-2.9302E-06
-1.4331E-09	-9.4237E-10	1.5858E-06	-3.8265E-06
-1.4261E-09	-9.3769E-10	1.4180E-06	-3.2073E-06
-1.4191E-09	-9.3303E-10	8.7547E-07	-2.3495E-06
-1.4122E-09	-9.2840E-10	2.9258E-06	-1.5800E-06
-1.4053E-09	-9.2378E-10	2.9084E-06	-3.7639E-06
-1.3985E-09	-9.1919E-10	1.5767E-06	-3.0094E-06
-1.3916E-09	-9.1463E-10	2.7655E-06	-2.5863E-06
-1.3849E-09	-9.1008E-10	2.3396E-06	-4.0941E-06
-1.3781E-09	-9.0556E-10	1.1738E-06	-2.7512E-06
-1.3714E-09	-9.0106E-10	2.7740E-06	-2.9150E-06
-1.3647E-09	-8.9658E-10	1.4651E-06	-3.5425E-06
-1.3581E-09	-8.9213E-10	2.1389E-06	-2.5861E-06
-1.3515E-09	-8.8770E-10	1.8188E-06	-3.6256E-06
-1.3449E-09	-8.8329E-10	1.1744E-06	-2.7299E-06
-1.3383E-09	-8.7890E-10	1.5793E-06	-2.1534E-06
-1.3318E-09	-8.7453E-10	2.6950E-06	-1.9762E-06
-1.3253E-09	-8.7018E-10	2.9120E-06	-3.6325E-06
-1.3189E-09	-8.6586E-10	1.1556E-06	-3.4797E-06
-1.3125E-09	-8.6156E-10	1.9234E-06	-2.1985E-06
-1.3061E-09	-8.5728E-10	2.1269E-06	-3.5441E-06
-1.2998E-09	-8.5302E-10	8.8561E-07	-2.7099E-06
-1.2934E-09	-8.4878E-10	1.5818E-06	-2.2793E-06
-1.2872E-09	-8.4456E-10	1.5591E-06	-1.7764E-06
-1.2809E-09	-8.4036E-10	2.5488E-06	-2.1447E-06
-1.2747E-09	-8.3619E-10	2.0978E-06	-2.0599E-06
-1.2685E-09	-8.3203E-10	3.0916E-06	-2.6005E-06
-1.2623E-09	-8.2789E-10	1.9065E-06	-2.6599E-06
-1.2562E-09	-8.2378E-10	3.2932E-06	-2.5941E-06
-1.2501E-09	-8.1968E-10	1.8802E-06	-3.5068E-06
-1.2441E-09	-8.1561E-10	2.9724E-06	-2.6168E-06
-1.2380E-09	-8.1155E-10	1.9227E-06	-4.6265E-06
-1.2320E-09	-8.0752E-10	8.6449E-07	-2.9871E-06
-1.2261E-09	-8.0351E-10	1.1678E-06	-2.9597E-06
-1.2201E-09	-7.9951E-10	1.0765E-06	-2.2639E-06
-1.2142E-09	-7.9553E-10	1.2891E-06	-1.8585E-06
-1.2083E-09	-7.9158E-10	2.7277E-06	-1.6737E-06
-1.2025E-09	-7.8764E-10	2.1301E-06	-3.4626E-06
-1.1967E-09	-7.8373E-10	1.4971E-06	-2.2454E-06
-1.1909E-09	-7.7983E-10	2.0021E-06	-2.8791E-06
-1.1851E-09	-7.7595E-10	1.3409E-06	-2.5303E-06
-1.1794E-09	-7.7209E-10	1.2824E-06	-2.2950E-06
-1.1737E-09	-7.6825E-10	1.8724E-06	-1.4088E-06
-1.1680E-09	-7.6443E-10	2.4508E-06	-2.5520E-06
-1.1624E-09	-7.6062E-10	1.8782E-06	-2.0097E-06
-1.1567E-09	-7.5684E-10	2.8617E-06	-2.9275E-06
-1.1512E-09	-7.5307E-10	8.8812E-07	-3.3274E-06
-1.1456E-09	-7.4933E-10	1.2380E-06	-1.3130E-06
-1.1401E-09	-7.4560E-10	2.7201E-06	-2.0203E-06
-1.1346E-09	-7.4188E-10	2.0512E-06	-2.8026E-06
-1.1291E-09	-7.3819E-10	1.9399E-06	-2.5808E-06
-1.1236E-09	-7.3452E-10	1.5614E-06	-2.7840E-06
-1.1182E-09	-7.3086E-10	1.4117E-06	-2.3291E-06
-1.1128E-09	-7.2722E-10	1.3481E-06	-2.0684E-06
-1.1075E-09	-7.2360E-10	1.9887E-06	-1.7704E-06
-1.1021E-09	-7.2000E-10	1.9014E-06	-2.3136E-06
-1.0968E-09	-7.1641E-10	2.1915E-06	-2.1559E-06
-1.0915E-09	-7.1284E-10	1.6232E-06	-3.0155E-06
-1.0863E-09	-7.0929E-10	1.1527E-06	-2.0396E-06
-1.0810E-09	-7.0576E-10	1.3720E-06	-2.0167E-06
-1.0758E-09	-7.0224E-10	1.8674E-06	-1.4398E-06
-1.0706E-09	-6.9874E-10	1.9662E-06	-2.5932E-06
-1.0655E-09	-6.9526E-10	1.1706E-06	-1.7551E-06
-1.0604E-09	-6.9180E-10	1.8363E-06	-1.8137E-06
-1.0553E-09	-6.8835E-10	1.8371E-06	-1.6372E-06
-1.0502E-09	-6.8492E-10	1.8832E-06	-2.4422E-06
-1.0451E-09	-6.8150E-10	1.0086E-06	-1.5511E-06
-1.0401E-09	-6.7811E-10	1.8314E-06	-1.5777E-06
-1.0351E-09	-6.7472E-10	1.3188E-06	-1.0056E-06
-1.0301E-09	-6.7136E-10	2.7608E-06	-1.0609E-06
-1.0252E-09	-6.6801E-10	2.1979E-06	-1.7238E-06
-1.0203E-09	-6.6468E-10	2.7914E-06	-1.7032E-06
-1.0153E-09	-6.6136E-10	1.8011E-06	-2.6391E-06
-1.0105E-09	-6.5806E-10	1.1143E-06	-1.2249E-06
-1.0056E-09	-6.5478E-10	2.3015E-06	-4.6359E-07
-1.0008E-09	-6.5151E-10	3.2553E-06	-1.4203E-06
-9.9599E-10	-6.4826E-10	2.1687E-06	-1.9078E-06
-9.9121E-10	-6.4502E-10	2.6655E-06	-5.0960E-07
-9.8645E-10	-6.4180E-10	4.0757E-06	-1.4690E-06
-9.8172E-10	-6.3860E-10	3.8966E-06	-2.2273E-06
-9.7701E-10	-6.3541E-10	4.0228E-06	-3.6723E-06
-9.7233E-10	-6.3224E-10	1.4711E-06	-3.7794E-06
-9.6766E-10	-6.2908E-10	2.5421E-06	-1.8789E-06
-9.6303E-10	-6.2594E-10	2.4195E-06	-3.7623E-06
-9.5841E-10	-6.2281E-10	1.4058E-06	-2.3231E-06
-9.5382E-10	-6.1970E-10	2.0794E-06	-2.6748E-06
-9.4925E-10	-6.1660E-10	2.0074E-06	-1.8448E-06
-9.4470E-10	-6.1352E-10	2.8005E-06	-3.2760E-06
-9.4018E-10	-6.1045E-10	1.2156E-06	-2.7086E-06
-9.3567E-10	-6.0740E-10	2.0885E-06	-2.8588E-06
-9.3120E-10	-6.0436E-10	9.1825E-07	-2.2849E-06
-9.2674E-10	-6.0134E-10	2.5548E-06	-2.4400E-06
-9.2230E-10	-5.9833E-10	7.3811E-07	-3.2863E-06
-9.1789E-10	-5.9534E-10	1.0249E-06	-1.9088E-06
-9.1350E-10	-5.9236E-10	7.0475E-07	-1.8880E-06
-9.0913E-10	-5.8939E-10	1.5539E-06	-9.5619E-07
-9.0478E-10	-5.8645E-10	1.9793E-06	-1.3463E-06
-9.0046E-10	-5.8351E-10	2.7588E-06	-1.8363E-06
-8.9615E-10	-5.8059E-10	1.5539E-06	-2.5190E-06
-8.9187E-10	-5.7768E-10	2.2183E-06	-1.4154E-06
-8.8761E-10	-5.7479E-10	2.3699E-06	-2.7707E-06
-8.8337E-10	-5.7191E-10	1.5748E-06	-2.7187E-06
-8.7915E-10	-5.6904E-10	7.3611E-07	-2.3086E-06
-8.7495E-10	-5.6619E-10	1.7334E-06	-1.0183E-06
-8.7077E-10	-5.6336E-10	2.3059E-06	-2.5730E-06
-8.6661E-10	-5.6053E-10	1.0466E-06	-2.3839E-06
-8.6247E-10	-5.5772E-10	1.3151E-06	-1.7100E-06
-8.5836E-10	-5.5493E-10	1.6118E-06	-2.1933E-06
-8.5426E-10	-5.5214E-10	4.1421E-07	-1.8805E-06
-8.5018E-10	-5.4937E-10	1.5126E-06	-6.0740E-07
-8.4613E-10	-5.4662E-10	1.7765E-06	-1.5088E-06
-8.4209E-10	-5.4388E-10	2.3334E-06	-1.2488E-06
-8.3808E-10	-5.4115E-10	1.5517E-06	-2.8540E-06
-8.3408E-10	-5.3843E-10	5.8269E-07	-1.0792E-06
-8.3010E-10	-5.3573E-10	1.3171E-06	-1.1590E-06
-8.2615E-10	-5.3304E-10	1.6753E-06	1.7021E-07
-8.2221E-10	-5.3036E-10	3.3461E-06	-1.5097E-06
-8.1829E-10	-5.2770E-10	1.7394E-06	-1.4264E-06
-8.1439E-10	-5.2505E-10	3.1793E-06	-1.6191E-06
-8.1051E-10	-5.2241E-10	1.7473E-06	-2.4091E-06
-8.0665E-10	-5.1979E-10	2.2338E-06	-1.8626E-06
-8.0281E-10	-5.1717E-10	1.1270E-06	-2.2598E-06
-7.9898E-10	-5.1458E-10	2.0172E-06	-9.6812E-07
-7.9518E-10	-5.1199E-10	1.8612E-06	-2.7173E-06
-7.9140E-10	-5.0941E-10	4.4412E-07	-1.1826E-06
-7.8763E-10	-5.0685E-10	2.0683E-06	-7.4017E-07
-7.8388E-10	-5.0430E-10	1.5917E-06	-1.4391E-06
-7.8015E-10	-5.0177E-10	1.9553E-06	-4.4545E-07
-7.7644E-10	-4.9924E-10	2.7998E-06	-1.3642E-06
-7.7274E-10	-4.9673E-10	2.1822E-06	-1.4470E-06
-7.6907E-10	-4.9423E-10	2.7298E-06	-1.8653E-06
-7.6541E-10	-4.9174E-10	1.3793E-06	-2.1805E-06
-7.6177E-10	-4.8926E-10	1.8253E-06	-9.0181E-07
-7.5815E-10	-4.8680E-10	2.1950E-06	-1.6080E-06
-7.5455E-10	-4.8435E-10	2.0018E-06	-1.3654E-06
-7.5096E-10	-4.8191E-10	1.9412E-06	-1.6306E-06
-7.4739E-10	-4.7948E-10	1.8858E-06	-1.0661E-06
-7.4384E-10	-4.7706E-10	2.2045E-06	-1.3512E-06
-7.4031E-10	-4.7466E-10	2.2740E-06	-9.5180E-07
-7.3679E-10	-4.7226E-10	2.6719E-06	-1.8626E-06
-7.3329E-10	-4.6988E-10	1.4795E-06	-1.1340E-06
-7.2981E-10	-4.6751E-10	3.3579E-06	-6.8959E-07
-7.2634E-10	-4.6515E-10	2.7838E-06	-2.4241E-06
-7.2289E-10	-4.6280E-10	2.3890E-06	-1.6318E-06
-7.1946E-10	-4.6047E-10	2.4378E-06	-2.3845E-06
-7.1604E-10	-4.5814E-10	1.7420E-06	-1.5406E-06
-7.1265E-10	-4.5583E-10	2.8092E-06	-1.6655E-06
-7.0926E-10	-4.5353E-10	2.2388E-06	-2.2221E-06
-7.0590E-10	-4.5124E-10	2.4060E-06	-1.9803E-06
-7.0255E-10	-4.4896E-10	2.1477E-06	-2.6183E-06
-6.9922E-10	-4.4669E-10	1.4007E-06	-2.2847E-06
-6.9590E-10	-4.4443E-10	1.5086E-06	-1.7052E-06
-6.9260E-10	-4.4219E-10	1.7593E-06	-1.7034E-06
-6.8931E-10	-4.3995E-10	1.7043E-06	-1.6592E-06
-6.8604E-10	-4.3772E-10	1.7595E-06	-1.5920E-06
-6.8279E-10	-4.3551E-10	1.7672E-06	-1.3064E-06
-6.7955E-10	-4.3331E-10	2.5316E-06	-1.3014E-06
-6.7633E-10	-4.3111E-10	2.5020E-06	-2.4021E-06
-6.7313E-10	-4.2893E-10	1.3990E-06	-2.2755E-06
-6.6994E-10	-4.2676E-10	1.8681E-06	-1.7070E-06
-6.6676E-10	-4.2460E-10	1.2643E-06	-2.6879E-06
-6.6360E-10	-4.2245E-10	2.5557E-07	-7.5905E-07
-6.6046E-10	-4.2031E-10	2.6144E-06	-6.8341E-07
-6.5733E-10	-4.1818E-10	1.4568E-06	-2.0371E-06
-6.5422E-10	-4.1606E-10	1.6888E-06	-5.9701E-07
-6.5112E-10	-4.1395E-10	2.2446E-06	-1.5435E-06
-6.4804E-10	-4.1185E-10	1.8193E-06	-1.2101E-06
-6.4497E-10	-4.0977E-10	2.0767E-06	-1.5284E-06
-6.4191E-10	-4.0769E-10	1.7262E-06	-1.1977E-06
-6.3887E-10	-4.0562E-10	2.0706E-06	-1.3075E-06
-6.3585E-10	-4.0356E-10	1.7684E-06	-8.5335E-07
-6.3284E-10	-4.0151E-10	3.0720E-06	-8.9787E-07
-6.2984E-10	-3.9947E-10	2.3929E-06	-2.3316E-06
-6.2686E-10	-3.9745E-10	1.6584E-06	-1.0585E-06
-6.2390E-10	-3.9543E-10	3.1137E-06	-1.3655E-06
-6.2094E-10	-3.9342E-10	2.1599E-06	-2.2537E-06
-6.1801E-10	-3.9142E-10	2.3523E-06	-1.4971E-06
-6.1508E-10	-3.8943E-10	2.4217E-06	-2.4173E-06
-6.1217E-10	-3.8745E-10	1.6423E-06	-2.1884E-06
-6.0928E-10	-3.8548E-10	1.4197E-06	-1.8825E-06
-6.0640E-10	-3.8352E-10	1.7580E-06	-1.0425E-06
-6.0353E-10	-3.8157E-10	2.6859E-06	-1.9521E-06
-6.0067E-10	-3.7963E-10	1.3403E-06	-2.4378E-06
-5.9783E-10	-3.7770E-10	1.4078E-06	-1.2936E-06
-5.9501E-10	-3.7578E-10	1.7557E-06	-1.7165E-06
-5.9219E-10	-3.7386E-10	1.4145E-06	-1.1271E-06
-5.8940E-10	-3.7196E-10	2.3801E-06	-1.3983E-06
-5.8661E-10	-3.7007E-10	1.5048E-06	-1.7785E-06
-5.8384E-10	-3.6818E-10	2.0090E-06	-1.1206E-06
-5.8108E-10	-3.6631E-10	1.8533E-06	-1.5811E-06
-5.7833E-10	-3.6444E-10	2.3973E-06	-1.3157E-06
-5.7560E-10	-3.6258E-10	1.6425E-06	-2.3085E-06
-5.7288E-10	-3.6073E-10	1.6553E-06	-7.9365E-07
-5.7017E-10	-3.5889E-10	2.4578E-06	-2.0360E-06
-5.6748E-10	-3.5706E-10	1.3411E-06	-1.5227E-06
-5.6480E-10	-3.5524E-10	2.2050E-06	-1.4912E-06
-5.6213E-10	-3.5343E-10	1.6531E-06	-1.8140E-06
-5.5947E-10	-3.5163E-10	1.6539E-06	-1.3035E-06
-5.5683E-10	-3.4983E-10	2.4256E-06	-1.3847E-06
-5.5420E-10	-3.4804E-10	1.8464E-06	-2.5946E-06
-5.5158E-10	-3.4627E-10	9.6388E-07	-1.6836E-06
-5.4898E-10	-3.4450E-10	8.9155E-07	-1.5446E-06
-5.4639E-10	-3.4274E-10	1.2253E-06	8.6978E-08
-5.4381E-10	-3.4099E-10	2.9136E-06	-1.2431E-06
-5.4124E-10	-3.3924E-10	1.4323E-06	-1.3100E-06
-5.3868E-10	-3.3751E-10	2.5423E-06	-8.5072E-07
-5.3614E-10	-3.3578E-10	2.4127E-06	-1.6335E-06
-5.3361E-10	-3.3406E-10	2.0379E-06	-2.0624E-06
-5.3109E-10	-3.3236E-10	1.2440E-06	-1.0674E-06
-5.2859E-10	-3.3065E-10	2.8031E-06	-9.1764E-07
-5.2609E-10	-3.2896E-10	2.4533E-06	-1.9102E-06
-5.2361E-10	-3.2728E-10	2.2891E-06	-1.9574E-06
-5.2114E-10	-3.2560E-10	2.1285E-06	-1.9146E-06
-5.1868E-10	-3.2393E-10	2.0059E-06	-2.5932E-06
-5.1623E-10	-3.2228E-10	1.1066E-06	-1.6126E-06
-5.1379E-10	-3.2062E-10	2.3907E-06	-2.1574E-06
-5.1137E-10	-3.1898E-10	6.3093E-07	-2.2125E-06
-5.0896E-10	-3.1735E-10	1.7211E-06	-1.4130E-06
-5.0656E-10	-3.1572E-10	9.3032E-07	-1.6779E-06
-5.0417E-10	-3.1410E-10	2.2446E-06	-1.3675E-06
-5.0179E-10	-3.1249E-10	7.5798E-07	-2.4064E-06
-4.9942E-10	-3.1088E-10	1.5988E-06	-9.1334E-07
-4.9707E-10	-3.0929E-10	9.7717E-07	-2.5458E-06
-4.9472E-10	-3.0770E-10	4.2515E-07	-6.3346E-07
-4.9239E-10	-3.0612E-10	1.4088E-06	-1.0053E-06
-4.9006E-10	-3.0455E-10	1.4070E-06	-9.0667E-07
-4.8775E-10	-3.0298E-10	1.0468E-06	-1.1705E-06
-4.8545E-10	-3.0143E-10	1.6167E-06	-1.4983E-07
-4.8316E-10	-2.9988E-10	1.8492E-06	-1.3258E-06
-4.8089E-10	-2.9834E-10	1.5067E-06	-2.5092E-07
-4.7862E-10	-2.9680E-10	2.6725E-06	-1.0449E-06
-4.7636E-10	-2.9528E-10	2.0516E-06	-1.4032E-06
-4.7412E-10	-2.9376E-10	1.9344E-06	-1.8228E-06
-4.7188E-10	-2.9225E-10	1.0803E-06	-1.2961E-06
-4.6965E-10	-2.9074E-10	1.6536E-06	-7.4992E-07
-4.6744E-10	-2.8925E-10	2.0290E-06	-9.0638E-07
-4.6524E-10	-2.8776E-10	1.9584E-06	-1.3040E-06
-4.6304E-10	-2.8628E-10	1.9875E-06	-8.9846E-07
-4.6086E-10	-2.8480E-10	2.4424E-06	-1.6457E-06
-4.5869E-10	-2.8333E-10	1.5281E-06	-1.6775E-06
-4.5653E-10	-2.8187E-10	1.8629E-06	-1.2378E-06
-4.5437E-10	-2.8042E-10	1.9443E-06	-1.6263E-06
-4.5223E-10	-2.7898E-10	1.6304E-06	-1.8052E-06
-4.5010E-10	-2.7754E-10	1.2764E-06	-1.7566E-06
-4.4798E-10	-2.7611E-10	6.7444E-07	-1.2961E-06
-4.4587E-10	-2.7468E-10	1.4852E-06	-8.3364E-08
-4.4377E-10	-2.7326E-10	2.5194E-06	-1.3949E-06
-4.4167E-10	-2.7185E-10	1.2039E-06	-1.5460E-06
-4.3959E-10	-2.7045E-10	1.6608E-06	-8.4513E-07
-4.3752E-10	-2.6905E-10	2.0050E-06	-1.0934E-06
-4.3546E-10	-2.6766E-10	2.1502E-06	-2.0375E-06
-4.3341E-10	-2.6628E-10	3.2886E-07	-1.9168E-06
-4.3136E-10	-2.6491E-10	1.2013E-06	-3.2980E-07
-4.2933E-10	-2.6354E-10	1.1833E-06	-1.4657E-06
-4.2731E-10	-2.6217E-10	7.3232E-07	8.7058E-08
-4.2529E-10	-2.6082E-10	2.2396E-06	-4.0668E-07
-4.2329E-10	-2.5947E-10	1.4998E-06	-5.7510E-07
-4.2129E-10	-2.5813E-10	2.2455E-06	-2.5749E-07
-4.1931E-10	-2.5679E-10	2.4209E-06	-5.8696E-07
-4.1733E-10	-2.5546E-10	2.7962E-06	-1.3643E-06
-4.1537E-10	-2.5414E-10	1.4839E-06	-1.3246E-06
-4.1341E-10	-2.5283E-10	2.7561E-06	-5.5273E-07
-4.1146E-10	-2.5152E-10	2.2207E-06	-2.2760E-06
-4.0952E-10	-2.5021E-10	1.4476E-06	-1.0195E-06
-4.0759E-10	-2.4892E-10	2.1681E-06	-1.4250E-06
-4.0567E-10	-2.4763E-10	1.6354E-06	-1.1037E-06
-4.0376E-10	-2.4634E-10	2.4609E-06	-1.2800E-06
-4.0186E-10	-2.4507E-10	1.8524E-06	-1.9459E-06
-3.9996E-10	-2.4380E-10	1.4590E-06	-1.6423E-06
-3.9808E-10	-2.4253E-10	1.2088E-06	-1.3249E-06
-3.9620E-10	-2.4127E-10	1.4917E-06	-8.0912E-07
-3.9434E-10	-2.4002E-10	1.9490E-06	-8.9412E-07
-3.9248E-10	-2.3878E-10	2.2039E-06	-1.1842E-06
-3.9063E-10	-2.3754E-10	2.0324E-06	-1.6667E-06
-3.8879E-10	-2.3630E-10	1.8164E-06	-1.4967E-06
-3.8696E-10	-2.3508E-10	2.0456E-06	-2.1795E-06
-3.8513E-10	-2.3386E-10	3.7528E-07	-2.3372E-06
-3.8332E-10	-2.3264E-10	4.7054E-07	-5.2445E-07
-3.8151E-10	-2.3143E-10	1.3507E-06	-7.1252E-07
-3.7971E-10	-2.3023E-10	1.6118E-06	-6.2029E-07
-3.7792E-10	-2.2903E-10	1.4626E-06	-1.6089E-06
-3.7614E-10	-2.2784E-10	3.4144E-07	-1.6967E-07
-3.7437E-10	-2.2666E-10	2.4614E-06	8.7305E-08
-3.7261E-10	-2.2548E-10	1.7619E-06	-9.1169E-07
-3.7085E-10	-2.2430E-10	2.6820E-06	-5.1228E-07
-3.6910E-10	-2.2314E-10	1.5921E-06	-1.8946E-06
-3.6736E-10	-2.2197E-10	1.8754E-06	7.8698E-08
-3.6563E-10	-2.2082E-10	2.7661E-06	-2.0056E-06
-3.6391E-10	-2.1967E-10	9.3677E-07	-8.6956E-07
-3.6219E-10	-2.1853E-10	2.8411E-06	-8.4626E-07
-3.6049E-10	-2.1739E-10	1.9136E-06	-1.8010E-06
-3.5879E-10	-2.1625E-10	1.8927E-06	-1.6322E-06
-3.5710E-10	-2.1513E-10	1.3274E-06	-1.2865E-06
-3.5542E-10	-2.1401E-10	2.2994E-06	-1.4674E-06
-3.5374E-10	-2.1289E-10	9.6360E-07	-1.9860E-06
-3.5207E-10	-2.1178E-10	1.5458E-06	-8.8837E-07
-3.5041E-10	-2.1067E-10	1.2909E-06	-1.8128E-06
-3.4876E-10	-2.0957E-10	8.8339E-07	-8.6948E-07
-3.4712E-10	-2.0848E-10	1.2825E-06	-7.0752E-07
-3.4548E-10	-2.0739E-10	1.7941E-06	-4.4325E-07
-3.4385E-10	-2.0631E-10	2.0471E-06	-9.5762E-07
-3.4223E-10	-2.0523E-10	2.3715E-06	-9.6529E-07
-3.4062E-10	-2.0416E-10	2.3601E-06	-2.1173E-06
-3.3901E-10	-2.0309E-10	1.3409E-06	-2.0817E-06
-3.3742E-10	-2.0203E-10	1.2391E-06	-1.9263E-06
-3.3582E-10	-2.0098E-10	7.7254E-07	-1.8326E-06
-3.3424E-10	-1.9993E-10	5.8068E-07	-1.5419E-06
-3.3267E-10	-1.9888E-10	1.8752E-07	-1.1117E-06
-3.3110E-10	-1.9784E-10	6.4638E-07	-3.0783E-07
-3.2954E-10	-1.9681E-10	1.0046E-06	-7.7071E-07
-3.2798E-10	-1.9578E-10	5.4641E-07	-8.6610E-08
-3.2644E-10	-1.9475E-10	1.9267E-06	2.3593E-07
-3.2490E-10	-1.9373E-10	2.2472E-06	-1.0131E-06
-3.2337E-10	-1.9272E-10	1.3256E-06	-1.7740E-06
-3.2184E-10	-1.9171E-10	1.7054E-07	-6.2857E-07
-3.2032E-10	-1.9070E-10	1.7673E-06	2.2864E-08
-3.1881E-10	-1.8971E-10	1.1407E-06	-1.4119E-06
-3.1731E-10	-1.8871E-10	5.0553E-07	1.7203E-07
-3.1581E-10	-1.8772E-10	2.0856E-06	5.9085E-08
-3.1432E-10	-1.8674E-10	1.5628E-06	-9.2943E-07
-3.1284E-10	-1.8576E-10	1.2350E-06	-1.4629E-07
-3.1137E-10	-1.8479E-10	2.0573E-06	-3.5529E-07
-3.0990E-10	-1.8382E-10	1.7030E-06	-8.7114E-07
-3.0844E-10	-1.8285E-10	1.3551E-06	-9.2384E-07
-3.0698E-10	-1.8189E-10	9.5677E-07	-1.6188E-07
-3.0553E-10	-1.8094E-10	2.0778E-06	-2.8386E-07
-3.0409E-10	-1.7999E-10	9.3604E-07	-8.2161E-07
-3.0266E-10	-1.7904E-10	1.4307E-06	6.2094E-07
-3.0123E-10	-1.7810E-10	2.1706E-06	-7.6477E-08
-2.9981E-10	-1.7717E-10	2.0651E-06	-3.6564E-08
-2.9839E-10	-1.7624E-10	2.4676E-06	-3.0459E-08
-2.9699E-10	-1.7531E-10	3.1585E-06	-8.7065E-07
-2.9558E-10	-1.7439E-10	1.7455E-06	-1.8025E-06
-2.9419E-10	-1.7347E-10	1.6570E-06	-5.9000E-07
-2.9280E-10	-1.7256E-10	1.5510E-06	-1.4381E-06
-2.9142E-10	-1.7165E-10	6.3083E-07	2.6990E-08
-2.9004E-10	-1.7075E-10	2.3908E-06	5.4207E-07
-2.8868E-10	-1.6985E-10	2.7437E-06	-5.9527E-07
-2.8731E-10	-1.6896E-10	2.4147E-06	-1.0088E-06
-2.8596E-10	-1.6807E-10	1.9171E-06	-1.3111E-06
-2.8461E-10	-1.6718E-10	1.3573E-06	-6.3346E-07
-2.8326E-10	-1.6630E-10	2.0236E-06	-3.3887E-07
-2.8193E-10	-1.6543E-10	1.9757E-06	-3.1343E-07
-2.8060E-10	-1.6456E-10	2.8298E-06	-4.9748E-07
-2.7927E-10	-1.6369E-10	2.2254E-06	-1.0940E-06
-2.7795E-10	-1.6283E-10	2.7969E-06	-8.7739E-07
-2.7664E-10	-1.6197E-10	2.1549E-06	-1.8743E-06
-2.7534E-10	-1.6112E-10	1.9479E-06	-1.4205E-06
-2.7404E-10	-1.6027E-10	1.1094E-06	-1.6493E-06
-2.7274E-10	-1.5942E-10	1.6313E-06	-3.5939E-07
-2.7145E-10	-1.5858E-10	1.6702E-06	-1.3092E-06
-2.7017E-10	-1.5774E-10	1.7975E-06	-2.3210E-07
-2.6890E-10	-1.5691E-10	2.2487E-06	-1.4634E-06
-2.6763E-10	-1.5608E-10	1.6764E-06	-7.9334E-07
-2.6636E-10	-1.5526E-10	2.1117E-06	-1.6563E-06
-2.6510E-10	-1.5444E-10	1.1803E-06	-1.2471E-06
-2.6385E-10	-1.5363E-10	1.1564E-06	-1.3562E-06
-2.6261E-10	-1.5281E-10	9.2487E-07	-7.9839E-08
-2.6136E-10	-1.5201E-10	2.1218E-06	-8.8736E-07
-2.6013E-10	-1.5120E-10	9.6945E-07	-4.5755E-07
-2.5890E-10	-1.5041E-10	2.4698E-06	-4.6461E-07
-2.5768E-10	-1.4961E-10	1.1211E-06	-1.3119E-06
-2.5646E-10	-1.4882E-10	1.5462E-06	4.0634E-07
-2.5525E-10	-1.4803E-10	2.9614E-06	-7.0442E-07
-2.5404E-10	-1.4725E-10	1.6673E-06	-1.5096E-06
-2.5284E-10	-1.4647E-10	2.0335E-06	-3.9436E-07
-2.5165E-10	-1.4570E-10	2.1605E-06	-2.0607E-06
-2.5046E-10	-1.4493E-10	3.5723E-07	-7.0267E-07
-2.4927E-10	-1.4416E-10	2.3123E-06	-8.9666E-08
-2.4810E-10	-1.4340E-10	2.0287E-06	-1.2368E-06
-2.4692E-10	-1.4264E-10	1.8322E-06	-1.5037E-06
-2.4576E-10	-1.4188E-10	5.2394E-07	-1.2585E-06
-2.4459E-10	-1.4113E-10	1.2291E-06	9.1159E-08
-2.4344E-10	-1.4038E-10	1.7128E-06	-4.1226E-07
-2.4229E-10	-1.3964E-10	1.8187E-06	-2.4274E-07
-2.4114E-10	-1.3890E-10	2.1428E-06	-3.7912E-07
-2.4000E-10	-1.3816E-10	2.4945E-06	-9.8655E-07
-2.3887E-10	-1.3743E-10	1.3884E-06	-1.2298E-06
-2.3774E-10	-1.3670E-10	2.3437E-06	-2.8542E-07
-2.3661E-10	-1.3598E-10	1.8957E-06	-2.5598E-06
-2.3549E-10	-1.3526E-10	-4.7349E-07	-3.4350E-07
-2.3438E-10	-1.3454E-10	2.2009E-06	7.8868E-07
-2.3327E-10	-1.3383E-10	2.1462E-06	-3.3678E-07
-2.3217E-10	-1.3312E-10	3.2374E-06	-5.1049E-07
-2.3107E-10	-1.3241E-10	1.7332E-06	-2.3530E-06
-2.2997E-10	-1.3171E-10	1.0962E-06	-7.4762E-08
-2.2889E-10	-1.3101E-10	2.7448E-06	-9.1653E-07
-2.2780E-10	-1.3031E-10	1.6851E-06	-1.5383E-06
-2.2673E-10	-1.2962E-10	1.3252E-06	-9.4616E-07
-2.2565E-10	-1.2893E-10	2.1250E-06	-5.7500E-07
-2.2458E-10	-1.2825E-10	1.7260E-06	-1.9983E-06
-2.2352E-10	-1.2757E-10	6.1999E-07	-6.3240E-07
-2.2246E-10	-1.2689E-10	1.5392E-06	-7.0670E-07
-2.2141E-10	-1.2621E-10	1.0228E-06	1.7771E-07
-2.2036E-10	-1.2554E-10	3.1055E-06	-7.9458E-08
-2.1932E-10	-1.2488E-10	2.3159E-06	-1.7408E-06
-2.1828E-10	-1.2421E-10	1.4394E-06	-1.5029E-06
-2.1725E-10	-1.2355E-10	1.3339E-06	-5.9028E-07
-2.1622E-10	-1.2289E-10	2.2379E-06	-1.5003E-06
-2.1519E-10	-1.2224E-10	2.0761E-07	-1.1675E-06
-2.1417E-10	-1.2159E-10	2.0972E-06	2.0566E-07
-2.1316E-10	-1.2094E-10	1.6172E-06	-1.6827E-06
-2.1215E-10	-1.2030E-10	1.2318E-06	-5.2261E-07
-2.1115E-10	-1.1966E-10	1.2203E-06	-1.2056E-06
-2.1015E-10	-1.1902E-10	8.3990E-07	-3.5410E-08
-2.0915E-10	-1.1839E-10	1.6704E-06	-1.7456E-07
-2.0816E-10	-1.1776E-10	1.8546E-06	-6.8937E-08
-2.0717E-10	-1.1713E-10	1.9780E-06	-6.9647E-07
-2.0619E-10	-1.1651E-10	1.8498E-06	-1.8314E-07
-2.0521E-10	-1.1589E-10	2.3216E-06	-9.5342E-07
-2.0424E-10	-1.1527E-10	1.5476E-06	-5.9506E-07
-2.0327E-10	-1.1465E-10	2.3621E-06	-5.6465E-07
-2.0231E-10	-1.1404E-10	2.3004E-06	-1.0658E-06
-2.0135E-10	-1.1344E-10	1.9439E-06	-1.8508E-06
-2.0040E-10	-1.1283E-10	8.3277E-07	-1.0059E-06
-1.9945E-10	-1.1223E-10	1.8342E-06	-9.9112E-07
-1.9850E-10	-1.1163E-10	5.8245E-07	-1.1307E-06
-1.9756E-10	-1.1103E-10	1.2314E-06	-4.0891E-08
-1.9662E-10	-1.1044E-10	1.2020E-06	-5.3548E-08
-1.9569E-10	-1.0985E-10	2.5873E-06	3.8139E-07
-1.9476E-10	-1.0927E-10	2.5608E-06	-1.3289E-06
-1.9384E-10	-1.0868E-10	1.7926E-06	-1.4054E-06
-1.9292E-10	-1.0810E-10	6.5378E-07	-1.2063E-06
-1.9200E-10	-1.0753E-10	1.3622E-06	5.2439E-07
-1.9109E-10	-1.0695E-10	2.3709E-06	-4.8324E-07
-1.9019E-10	-1.0638E-10	2.1426E-06	-6.2648E-07
-1.8928E-10	-1.0581E-10	1.8418E-06	-1.0872E-06
-1.8839E-10	-1.0525E-10	1.9063E-06	-3.2984E-07
-1.8749E-10	-1.0468E-10	2.3498E-06	-1.1050E-06
-1.8660E-10	-1.0413E-10	2.1190E-06	-1.1673E-06
-1.8572E-10	-1.0357E-10	1.2721E-06	-1.9027E-06
-1.8484E-10	-1.0302E-10	1.0750E-06	1.7305E-07
-1.8396E-10	-1.0246E-10	2.9476E-06	-1.4199E-06
-1.8309E-10	-1.0192E-10	6.1877E-07	-1.5784E-06
-1.8222E-10	-1.0137E-10	1.7948E-06	-5.4607E-07
-1.8135E-10	-1.0083E-10	1.0404E-06	-1.6351E-06
-1.8049E-10	-1.0029E-10	5.3805E-07	-1.3375E-07
-1.7963E-10	-9.9753E-11	2.0441E-06	1.6906E-07
-1.7878E-10	-9.9220E-11	2.1112E-06	-1.3481E-06
-1.7793E-10	-9.8689E-11	8.2657E-07	-8.0497E-07
-1.7709E-10	-9.8160E-11	1.5762E-06	-2.9770E-07
-1.7624E-10	-9.7635E-11	1.4475E-06	-3.0669E-07
-1.7541E-10	-9.7112E-11	2.3079E-06	-2.9279E-07
-1.7457E-10	-9.6592E-11	2.0501E-06	-1.2430E-06
-1.7374E-10	-9.6075E-11	1.3801E-06	-1.3259E-06
-1.7292E-10	-9.5560E-11	7.6308E-07	-4.7570E-07
-1.7210E-10	-9.5049E-11	2.0397E-06	1.3033E-09
-1.7128E-10	-9.4539E-11	1.8856E-06	-1.2141E-06
-1.7047E-10	-9.4033E-11	1.0991E-06	-8.6246E-07
-1.6966E-10	-9.3529E-11	9.9051E-07	-1.4312E-07
-1.6885E-10	-9.3028E-11	2.0921E-06	4.1927E-07
-1.6805E-10	-9.2529E-11	2.5960E-06	-9.1998E-07
-1.6725E-10	-9.2033E-11	1.4446E-06	-9.6916E-07
-1.6645E-10	-9.1539E-11	1.9296E-06	-1.8379E-07
-1.6566E-10	-9.1049E-11	2.3315E-06	-1.0089E-06
-1.6487E-10	-9.0560E-11	1.6213E-06	-9.6397E-07
-1.6409E-10	-9.0075E-11	2.0582E-06	-8.1709E-07
-1.6331E-10	-8.9591E-11	1.5961E-06	-1.4226E-06
-1.6253E-10	-8.9111E-11	9.1740E-07	-6.0260E-07
-1.6176E-10	-8.8633E-11	1.9760E-06	2.0513E-07
-1.6099E-10	-8.8157E-11	2.7566E-06	-1.0005E-06
-1.6022E-10	-8.7684E-11	1.9046E-06	-1.4393E-06
-1.5946E-10	-8.7213E-11	1.7184E-06	-1.5088E-06
-1.5870E-10	-8.6745E-11	1.0304E-06	-1.0696E-06
-1.5795E-10	-8.6279E-11	1.8405E-06	-8.9252E-07
-1.5720E-10	-8.5816E-11	8.5249E-07	-1.4521E-06
-1.5645E-10	-8.5355E-11	1.1234E-06	1.2683E-07
-1.5570E-10	-8.4897E-11	2.3346E-06	-7.6379E-07
-1.5496E-10	-8.4441E-11	1.4835E-06	-1.3365E-06
-1.5423E-10	-8.3987E-11	1.2643E-06	-9.3904E-07
-1.5349E-10	-8.3536E-11	1.0712E-06	-8.7359E-07
-1.5276E-10	-8.3087E-11	1.1228E-06	-7.2483E-08
-1.5203E-10	-8.2640E-11	2.1078E-06	-3.9095E-07
-1.5131E-10	-8.2196E-11	1.5731E-06	-6.8385E-07
-1.5059E-10	-8.1754E-11	2.2518E-06	-6.2793E-07
-1.4987E-10	-8.1315E-11	1.4036E-06	-1.1896E-06
-1.4916E-10	-8.0878E-11	2.2675E-06	-2.6780E-07
-1.4845E-10	-8.0443E-11	2.0091E-06	-2.2291E-06
-1.4774E-10	-8.0010E-11	6.7459E-07	-9.4027E-07
-1.4704E-10	-7.9580E-11	1.4112E-06	-1.0651E-06
-1.4634E-10	-7.9152E-11	9.4664E-07	-3.2262E-07
-1.4564E-10	-7.8726E-11	2.2585E-06	-8.4377E-07
-1.4494E-10	-7.8302E-11	1.1010E-06	-1.4736E-06
-1.4425E-10	-7.7881E-11	9.4474E-07	-9.2332E-07
-1.4357E-10	-7.7462E-11	7.6306E-07	-2.5779E-07
-1.4288E-10	-7.7045E-11	1.7602E-06	-3.6002E-07
-1.4220E-10	-7.6630E-11	1.0287E-06	-3.9539E-07
-1.4152E-10	-7.6218E-11	2.3612E-06	3.7564E-08
-1.4085E-10	-7.5808E-11	1.7392E-06	-1.3954E-06
-1.4018E-10	-7.5399E-11	1.5478E-06	-1.4591E-07
-1.3951E-10	-7.4993E-11	2.6570E-06	-1.1395E-06
-1.3884E-10	-7.4589E-11	1.3652E-06	-1.9498E-06
-1.3818E-10	-7.4188E-11	8.1357E-07	-9.1453E-07
-1.3752E-10	-7.3788E-11	1.3617E-06	-8.7676E-07
-1.3687E-10	-7.3391E-11	9.4304E-07	-7.1184E-07
-1.3621E-10	-7.2995E-11	1.4985E-06	-5.4708E-07
-1.3556E-10	-7.2602E-11	1.1183E-06	-4.1188E-07
-1.3492E-10	-7.2211E-11	2.4946E-06	-3.3550E-07
-1.3427E-10	-7.1821E-11	1.5542E-06	-1.9721E-06
-1.3363E-10	-7.1434E-11	8.9960E-07	-7.6735E-07
-1.3300E-10	-7.1049E-11	1.2312E-06	-8.3481E-07
-1.3236E-10	-7.0666E-11	1.5336E-06	-6.0393E-07
-1.3173E-10	-7.0285E-11	1.2098E-06	-1.2434E-06
-1.3110E-10	-6.9906E-11	1.1264E-06	-5.2859E-07
-1.3048E-10	-6.9529E-11	1.0425E-06	-6.7011E-07
-1.2985E-10	-6.9154E-11	2.2368E-06	6.4564E-08
-1.2923E-10	-6.8781E-11	1.8835E-06	-2.7152E-06
-1.2862E-10	-6.8410E-11	-5.4462E-07	-6.3999E-07
-1.2800E-10	-6.8041E-11	1.5030E-06	-1.5883E-07
-1.2739E-10	-6.7674E-11	7.9747E-07	-4.2517E-07
-1.2678E-10	-6.7309E-11	1.7964E-06	-1.0899E-07
-1.2618E-10	-6.6946E-11	1.6141E-06	-8.3786E-07
-1.2557E-10	-6.6584E-11	1.4003E-06	-9.5263E-07
-1.2497E-10	-6.6225E-11	1.1091E-06	-5.6588E-07
-1.2438E-10	-6.5868E-11	1.5182E-06	-8.3020E-07
-1.2378E-10	-6.5512E-11	9.2554E-07	-4.6485E-07
-1.2319E-10	-6.5158E-11	1.9469E-06	-5.0562E-07
-1.2260E-10	-6.4807E-11	1.1241E-06	-1.2260E-06
-1.2202E-10	-6.4457E-11	1.0109E-06	-3.3124E-07
-1.2143E-10	-6.4109E-11	1.7017E-06	-3.0150E-07
-1.2085E-10	-6.3762E-11	1.8147E-06	-1.0308E-06
-1.2028E-10	-6.3418E-11	1.3384E-06	-8.8183E-07
-1.1970E-10	-6.3075E-11	1.6017E-06	-1.2841E-06
-1.1913E-10	-6.2735E-11	6.7241E-07	-1.0713E-06
-1.1856E-10	-6.2396E-11	1.2182E-06	-7.7129E-07
-1.1799E-10	-6.2059E-11	6.4006E-07	-7.9942E-07
-1.1743E-10	-6.1723E-11	1.2319E-06	-3.5341E-07
-1.1687E-10	-6.1390E-11	9.7671E-07	-5.8699E-07
-1.1631E-10	-6.1058E-11	1.6104E-06	-4.0561E-07
-1.1575E-10	-6.0728E-11	9.4277E-07	-1.0124E-06
-1.1520E-10	-6.0400E-11	1.4849E-06	-6.5314E-09
-1.1465E-10	-6.0073E-11	1.7676E-06	-1.6339E-06
-1.1410E-10	-5.9748E-11	4.5326E-08	-9.3007E-07
-1.1355E-10	-5.9425E-11	1.1839E-06	7.5837E-08
-1.1301E-10	-5.9104E-11	1.2495E-06	-9.4825E-07
-1.1247E-10	-5.8784E-11	5.6259E-07	-2.2866E-07
-1.1193E-10	-5.8466E-11	1.7195E-06	1.0088E-07
-1.1140E-10	-5.8150E-11	1.7769E-06	-1.2113E-06
-1.1086E-10	-5.7836E-11	3.0321E-07	-9.4383E-07
-1.1033E-10	-5.7523E-11	1.2463E-06	6.0127E-07
-1.0980E-10	-5.7212E-11	2.1632E-06	-1.0564E-06
-1.0928E-10	-5.6902E-11	7.5563E-07	-6.0897E-07
-1.0876E-10	-5.6594E-11	2.1894E-06	-6.3290E-07
-1.0824E-10	-5.6288E-11	9.7183E-07	-1.7760E-06
-1.0772E-10	-5.5984E-11	7.7049E-07	-9.4827E-07
-1.0720E-10	-5.5681E-11	2.6062E-07	-1.2626E-06
-1.0669E-10	-5.5379E-11	-3.1553E-07	-1.2128E-08
-1.0618E-10	-5.5079E-11	9.6428E-07	1.2750E-06
-1.0567E-10	-5.4781E-11	2.8019E-06	-2.8678E-07
-1.0516E-10	-5.4485E-11	9.0918E-07	-1.2255E-06
-1.0466E-10	-5.4190E-11	1.9026E-06	-2.0299E-07
-1.0416E-10	-5.3896E-11	1.0493E-06	-2.1357E-06
-1.0366E-10	-5.3605E-11	-5.6078E-08	-3.7127E-07
-1.0316E-10	-5.3314E-11	7.4692E-07	-3.2424E-07
-1.0267E-10	-5.3026E-11	8.4462E-07	1.7596E-07
-1.0218E-10	-5.2738E-11	1.4551E-06	-2.7715E-07
-1.0169E-10	-5.2453E-11	1.6175E-06	-4.7520E-07
-1.0120E-10	-5.2169E-11	1.0373E-06	-1.6819E-06
-1.0071E-10	-5.1886E-11	-1.8825E-07	-4.0535E-07
-1.0023E-10	-5.1605E-11	6.7768E-07	-1.2825E-07
-9.9751E-11	-5.1325E-11	5.0088E-07	2.8700E-07
-9.9273E-11	-5.1047E-11	1.2843E-06	-9.0267E-08
-9.8797E-11	-5.0771E-11	5.5229E-07	2.9563E-07
-9.8323E-11	-5.0496E-11	2.0802E-06	1.4551E-07
-9.7852E-11	-5.0222E-11	4.9089E-07	-9.0846E-07
-9.7382E-11	-4.9950E-11	1.0465E-06	1.2446E-06
-9.6916E-11	-4.9679E-11	2.5606E-06	-2.8900E-07
-9.6451E-11	-4.9410E-11	1.5005E-06	-9.4763E-07
-9.5988E-11	-4.9142E-11	1.0140E-06	-9.8275E-07
-9.5528E-11	-4.8876E-11	4.5980E-07	-1.6065E-07
-9.5070E-11	-4.8611E-11	1.3607E-06	5.7643E-08
-9.4614E-11	-4.8347E-11	9.1912E-07	-3.4394E-07
-9.4160E-11	-4.8085E-11	1.2349E-06	6.0328E-07
-9.3708E-11	-4.7824E-11	2.4295E-06	-1.8771E-07
-9.3258E-11	-4.7565E-11	1.5480E-06	-1.3317E-06
-9.2811E-11	-4.7307E-11	7.7967E-07	-6.9840E-07
-9.2365E-11	-4.7051E-11	9.7236E-07	-3.0903E-07
-9.1922E-11	-4.6796E-11	1.4574E-06	-2.6451E-07
-9.1481E-11	-4.6542E-11	1.1878E-06	-1.1408E-06
-9.1042E-11	-4.6289E-11	4.7304E-07	-4.1944E-07
-9.0605E-11	-4.6038E-11	8.2757E-07	-6.3835E-07
-9.0170E-11	-4.5788E-11	-3.0219E-08	2.4303E-07
-8.9737E-11	-4.5540E-11	1.5592E-06	5.6315E-07
-8.9306E-11	-4.5293E-11	1.0399E-06	-1.4341E-07
-8.8878E-11	-4.5047E-11	1.7833E-06	-1.9536E-08
-8.8451E-11	-4.4803E-11	4.7840E-07	-9.0886E-07
-8.8026E-11	-4.4560E-11	7.9458E-07	1.0465E-06
-8.7603E-11	-4.4318E-11	1.8497E-06	-9.4495E-08
-8.7183E-11	-4.4078E-11	1.0460E-06	3.0270E-08
-8.6764E-11	-4.3838E-11	1.4728E-06	4.7205E-07
-8.6347E-11	-4.3600E-11	2.2843E-06	2.8421E-08
-8.5932E-11	-4.3364E-11	1.2660E-06	-7.5221E-07
-8.5520E-11	-4.3128E-11	1.9266E-06	7.0843E-07
-8.5109E-11	-4.2894E-11	2.6379E-06	-1.5702E-06
-8.4700E-11	-4.2661E-11	4.9172E-07	-9.7728E-07
-8.4293E-11	-4.2430E-11	1.3375E-06	-4.7691E-07
-8.3888E-11	-4.2200E-11	6.5424E-07	-3.6182E-07
-8.3485E-11	-4.1970E-11	1.5222E-06	2.2453E-07
-8.3084E-11	-4.1743E-11	1.8068E-06	-4.0243E-07
-8.2684E-11	-4.1516E-11	1.6445E-06	-9.8590E-07
-8.2287E-11	-4.1291E-11	8.4397E-07	-7.2253E-07
-8.1891E-11	-4.1066E-11	1.3996E-06	-5.2861E-07
-8.1498E-11	-4.0843E-11	6.5807E-07	-8.8613E-07
-8.1106E-11	-4.0622E-11	8.9249E-07	2.4595E-07
-8.0716E-11	-4.0401E-11	1.8369E-06	-4.3951E-07
-8.0328E-11	-4.0182E-11	1.0460E-06	-1.0884E-06
-7.9942E-11	-3.9963E-11	6.8373E-07	-4.3771E-07
-7.9557E-11	-3.9746E-11	1.0813E-06	-4.6472E-07
-7.9175E-11	-3.9530E-11	7.0151E-07	-7.4603E-07
-7.8794E-11	-3.9316E-11	1.6014E-07	-2.4447E-07
-7.8415E-11	-3.9102E-11	6.0440E-07	7.1966E-07
-7.8038E-11	-3.8890E-11	1.6923E-06	4.5882E-07
-7.7662E-11	-3.8678E-11	1.8000E-06	-5.6002E-07
-7.7289E-11	-3.8468E-11	4.0702E-07	-9.6570E-07
-7.6917E-11	-3.8259E-11	3.2504E-07	1.2964E-06
-7.6547E-11	-3.8051E-11	3.0579E-06	4.4972E-07
-7.6179E-11	-3.7845E-11	1.5800E-06	-1.7143E-06
-7.5812E-11	-3.7639E-11	4.6692E-07	-6.3015E-07
-7.5447E-11	-3.7434E-11	5.5186E-07	-6.6759E-08
-7.5084E-11	-3.7231E-11	1.2569E-06	4.7366E-07
-7.4723E-11	-3.7029E-11	1.7091E-06	-5.5776E-07
-7.4363E-11	-3.6827E-11	5.0558E-07	-6.1327E-07
-7.4005E-11	-3.6627E-11	7.6987E-07	5.8731E-07
-7.3649E-11	-3.6428E-11	1.6898E-06	1.5658E-07
-7.3294E-11	-3.6230E-11	1.3086E-06	-1.1657E-07
-7.2942E-11	-3.6033E-11	1.7346E-06	-8.0701E-08
-7.2590E-11	-3.5837E-11	1.2847E-06	-7.5115E-07
-7.2241E-11	-3.5643E-11	9.5389E-07	1.5628E-08
-7.1893E-11	-3.5449E-11	1.7255E-06	-2.7131E-07
-7.1547E-11	-3.5256E-11	9.0614E-07	-7.8852E-07
-7.1202E-11	-3.5065E-11	7.9984E-07	2.2537E-07
-7.0860E-11	-3.4874E-11	1.5451E-06	-4.4553E-08
-7.0518E-11	-3.4684E-11	1.2017E-06	-2.4992E-07
-7.0179E-11	-3.4496E-11	1.3013E-06	-1.7758E-07
-6.9841E-11	-3.4308E-11	1.0757E-06	-5.2655E-08
-6.9504E-11	-3.4122E-11	1.6297E-06	1.8695E-07
-6.9169E-11	-3.3936E-11	1.6329E-06	-3.9982E-07
-6.8836E-11	-3.3752E-11	1.6643E-06	-1.6480E-07
-6.8505E-11	-3.3568E-11	1.9094E-06	-1.1799E-06
-6.8174E-11	-3.3385E-11	2.1719E-07	-1.1036E-06
-6.7846E-11	-3.3204E-11	6.5781E-07	2.6445E-07
-6.7519E-11	-3.3023E-11	7.4784E-07	1.6282E-07
-6.7194E-11	-3.2844E-11	1.9705E-06	1.0514E-06
-6.6870E-11	-3.2665E-11	2.2384E-06	-1.2859E-06
-6.6548E-11	-3.2487E-11	6.6106E-07	5.5096E-08
-6.6227E-11	-3.2311E-11	2.3493E-06	-6.5696E-07
-6.5908E-11	-3.2135E-11	4.1422E-07	-5.4950E-07
-6.5590E-11	-3.1960E-11	2.3304E-06	-6.1749E-08
-6.5274E-11	-3.1786E-11	5.0983E-07	-1.3410E-06
-6.4959E-11	-3.1614E-11	1.6079E-06	7.0082E-07
-6.4646E-11	-3.1442E-11	1.6641E-06	-1.6037E-06
-6.4334E-11	-3.1271E-11	3.3003E-07	-7.6419E-08
-6.4024E-11	-3.1100E-11	1.5247E-06	1.1587E-07
-6.3715E-11	-3.0931E-11	2.0865E-06	-1.3636E-07
-6.3408E-11	-3.0763E-11	1.7793E-06	-1.5420E-06
-6.3102E-11	-3.0596E-11	7.9690E-07	-6.4322E-07
-6.2798E-11	-3.0429E-11	1.5168E-06	-9.8825E-07
-6.2495E-11	-3.0264E-11	6.3939E-07	-8.3686E-07
-6.2194E-11	-3.0099E-11	1.2548E-06	-6.0647E-07
-6.1894E-11	-2.9935E-11	8.4398E-07	-1.0022E-06
-6.1595E-11	-2.9772E-11	6.5306E-07	-6.8069E-07
-6.1298E-11	-2.9610E-11	6.9337E-07	-3.9829E-07
-6.1002E-11	-2.9449E-11	8.1158E-07	-4.8551E-07
-6.0708E-11	-2.9289E-11	7.2558E-07	1.9641E-07
-6.0415E-11	-2.9130E-11	2.4032E-06	-2.8999E-07
-6.0124E-11	-2.8971E-11	9.4464E-07	-2.3562E-06
-5.9834E-11	-2.8813E-11	-4.3072E-07	-1.6197E-07
-5.9545E-11	-2.8657E-11	1.7480E-06	-3.2124E-07
-5.9258E-11	-2.8501E-11	2.2492E-07	-1.6155E-06
-5.8972E-11	-2.8346E-11	2.1006E-07	-4.9899E-08
-5.8687E-11	-2.8191E-11	5.0184E-07	-7.3216E-07
-5.8404E-11	-2.8038E-11	2.8849E-07	5.6231E-08
-5.8122E-11	-2.7885E-11	5.8464E-07	-6.9528E-07
-5.7841E-11	-2.7733E-11	-3.7864E-07	5.5049E-07
-5.7562E-11	-2.7583E-11	1.6930E-06	7.5804E-07
-5.7284E-11	-2.7432E-11	1.1987E-06	-7.1889E-07
-5.7008E-11	-2.7283E-11	6.9708E-07	-2.2968E-07
-5.6732E-11	-2.7135E-11	1.1137E-06	-5.0377E-08
-5.6458E-11	-2.6987E-11	1.2838E-06	-1.0468E-06
-5.6186E-11	-2.6840E-11	-4.0598E-07	-7.5773E-07
-5.5915E-11	-2.6694E-11	5.5782E-07	7.0855E-07
-5.5645E-11	-2.6549E-11	1.0050E-06	-3.8835E-07
-5.5376E-11	-2.6404E-11	2.0970E-07	-1.3788E-07
-5.5108E-11	-2.6260E-11	4.0496E-07	7.0141E-07
-5.4842E-11	-2.6117E-11	1.6158E-06	5.9967E-07
-5.4577E-11	-2.5975E-11	1.2111E-06	-3.5454E-07
-5.4314E-11	-2.5834E-11	1.3887E-06	8.4948E-08
-5.4052E-11	-2.5693E-11	1.0726E-06	-8.9663E-07
-5.3790E-11	-2.5553E-11	6.4356E-07	1.2662E-07
-5.3531E-11	-2.5414E-11	1.1446E-06	-6.1619E-07
-5.3272E-11	-2.5276E-11	9.8243E-08	3.3212E-07
-5.3015E-11	-2.5138E-11	1.9034E-06	6.9661E-07
-5.2758E-11	-2.5001E-11	1.7843E-06	-6.6539E-07
-5.2504E-11	-2.4865E-11	1.3354E-06	-7.1644E-07
-5.2250E-11	-2.4730E-11	1.3395E-06	-7.5381E-07
-5.1997E-11	-2.4595E-11	1.0775E-06	-1.5320E-06
-5.1746E-11	-2.4461E-11	-3.0827E-07	-9.1370E-07
-5.1496E-11	-2.4328E-11	4.5830E-07	1.4090E-07
-5.1247E-11	-2.4196E-11	9.5204E-07	-2.2071E-07
-5.1000E-11	-2.4064E-11	9.4034E-07	-8.9367E-07
-5.0753E-11	-2.3933E-11	-1.2523E-07	-4.4257E-07
-5.0508E-11	-2.3803E-11	1.0400E-06	2.3359E-08
-5.0264E-11	-2.3673E-11	1.5384E-07	-9.2986E-07
-5.0021E-11	-2.3544E-11	4.3721E-07	5.2037E-07
-4.9779E-11	-2.3416E-11	1.0460E-06	-8.6387E-07
-4.9538E-11	-2.3288E-11	-5.2877E-07	-2.7199E-07
-4.9299E-11	-2.3162E-11	5.7274E-07	9.3517E-07
-4.9060E-11	-2.3035E-11	1.2980E-06	-8.1725E-08
-4.8823E-11	-2.2910E-11	5.6355E-07	-1.1360E-07
-4.8587E-11	-2.2785E-11	1.2588E-06	7.1323E-08
-4.8352E-11	-2.2661E-11	7.7731E-07	-5.8186E-07
-4.8119E-11	-2.2538E-11	1.1699E-06	-6.6456E-08
-4.7886E-11	-2.2415E-11	8.3681E-07	-1.4575E-06
-4.7654E-11	-2.2293E-11	-4.6430E-07	-2.9824E-07
-4.7424E-11	-2.2172E-11	6.9291E-07	1.8195E-07
-4.7194E-11	-2.2051E-11	6.4719E-07	-6.2960E-07
-4.6966E-11	-2.1931E-11	-3.0699E-07	-4.8124E-07
-4.6739E-11	-2.1811E-11	1.5056E-07	7.7564E-07
-4.6513E-11	-2.1693E-11	8.9940E-07	-2.0450E-07
-4.6288E-11	-2.1574E-11	-3.4044E-08	2.5796E-07
-4.6064E-11	-2.1457E-11	1.0494E-06	2.9579E-07
-4.5841E-11	-2.1340E-11	1.6968E-07	-4.4217E-08
-4.5620E-11	-2.1224E-11	1.1873E-06	8.4023E-07
-4.5399E-11	-2.1108E-11	1.2266E-06	-8.1555E-07
-4.5179E-11	-2.0993E-11	1.2575E-07	-6.6751E-08
-4.4961E-11	-2.0879E-11	8.4610E-07	-1.9826E-08
-4.4743E-11	-2.0765E-11	3.6036E-07	2.2360E-09
-4.4527E-11	-2.0652E-11	1.0145E-06	1.8223E-07
-4.4311E-11	-2.0540E-11	7.1336E-07	-3.3849E-07
-4.4097E-11	-2.0428E-11	7.7298E-07	-1.7433E-07
-4.3883E-11	-2.0317E-11	3.6537E-07	-3.3988E-07
-4.3671E-11	-2.0206E-11	7.9472E-07	1.2031E-07
-4.3460E-11	-2.0096E-11	5.5700E-07	-7.4457E-07
-4.3249E-11	-1.9986E-11	5.9220E-08	-1.3493E-07
-4.3040E-11	-1.9878E-11	-1.5554E-07	-1.5624E-07
-4.2832E-11	-1.9769E-11	1.0564E-07	1.2536E-06
-4.2624E-11	-1.9662E-11	1.5529E-06	2.6161E-07
-4.2418E-11	-1.9554E-11	5.9896E-07	-4.7850E-08
-4.2213E-11	-1.9448E-11	1.0095E-06	-1.9136E-08
-4.2009E-11	-1.9342E-11	5.8162E-07	1.9899E-07
-4.1805E-11	-1.9237E-11	1.7157E-06	-2.7210E-07
-4.1603E-11	-1.9132E-11	-3.9905E-08	-1.0810E-06
-4.1401E-11	-1.9028E-11	5.5875E-07	7.2352E-07
-4.1201E-11	-1.8924E-11	9.5300E-07	-7.0275E-07
-4.1002E-11	-1.8821E-11	3.2015E-07	4.1652E-07
-4.0803E-11	-1.8718E-11	1.7407E-06	-5.6995E-07
-4.0605E-11	-1.8617E-11	-1.1909E-07	-1.0601E-06
-4.0409E-11	-1.8515E-11	5.6554E-07	3.5154E-07
-4.0213E-11	-1.8414E-11	9.7349E-07	-8.5363E-07
-4.0018E-11	-1.8314E-11	3.1676E-08	-6.3442E-07
-3.9825E-11	-1.8214E-11	3.8098E-07	-2.8607E-07
-3.9632E-11	-1.8115E-11	2.3275E-07	-6.4529E-07
-3.9440E-11	-1.8016E-11	-1.3091E-07	-2.1443E-07
-3.9249E-11	-1.7918E-11	3.2397E-07	4.1735E-08
-3.9059E-11	-1.7821E-11	5.4178E-07	-6.3436E-08
-3.8870E-11	-1.7724E-11	1.0027E-06	-5.9968E-07
-3.8681E-11	-1.7627E-11	3.9734E-08	-1.2436E-06
-3.8494E-11	-1.7531E-11	4.3490E-09	-3.3905E-07
-3.8308E-11	-1.7435E-11	3.3500E-07	-1.2451E-06
-3.8122E-11	-1.7340E-11	-9.3765E-07	-1.0600E-06
-3.7937E-11	-1.7246E-11	-4.6929E-07	-2.9396E-07
-3.7754E-11	-1.7152E-11	-5.3831E-07	-1.2749E-06
