jMRUI Data Textfile

Filename: Export_to_jmrui.txt

PointsInDataset: 2048
DatasetsInFile: 1
SamplingInterval: 0.250000
ZeroOrderPhase: 0E0
BeginTime: 0E0
TransmitterFrequency: 1.2326E8
MagneticField: 2.8936E0
TypeOfNucleus:  
NameOfPatient:  
DateOfExperiment:  
Spectrometer:  
AdditionalInfo: 
SignalNames:  


Signal and FFT
sig(real)	sig(imag)	fft(real)	fft(imag)
Signal 1 out of 1 in file
2.7079E-06	5.4005E-07	-7.0359E-07	2.8954E-08
2.7003E-06	-2.9181E-07	-4.9861E-07	9.6188E-07
1.8395E-06	-1.2226E-06	4.4525E-07	7.4501E-07
1.1584E-06	-1.5995E-06	-2.4710E-07	8.5362E-07
1.9041E-08	-1.6165E-06	1.3058E-06	1.1249E-06
-6.4954E-07	-1.1998E-06	3.7075E-08	-3.9602E-07
-1.0663E-06	-5.8026E-07	4.2874E-07	1.5833E-06
-8.3929E-07	-2.5880E-08	1.0452E-06	-4.3977E-07
-4.4587E-07	3.6139E-07	-4.3785E-07	6.8929E-07
1.6242E-07	4.2610E-07	6.6233E-07	4.3687E-07
4.9577E-07	1.4821E-07	-4.4022E-07	5.3407E-07
6.6146E-07	-1.7822E-07	6.1321E-09	1.4783E-06
4.6999E-07	-4.6791E-07	1.0341E-06	1.5690E-06
2.2260E-07	-6.2014E-07	9.7358E-07	2.1553E-07
-1.0011E-07	-5.6438E-07	1.2494E-07	1.2474E-06
-2.2289E-07	-4.1447E-07	1.4324E-06	9.6279E-07
-3.2922E-07	-2.3526E-07	8.2691E-07	5.0763E-07
-2.6806E-07	-1.3838E-07	1.0171E-06	3.9092E-07
-2.3997E-07	-6.6315E-08	5.9239E-07	5.2905E-07
-1.5073E-07	-1.1569E-07	1.1103E-06	6.6183E-08
-2.3368E-07	-1.5257E-07	-3.0710E-07	-1.7677E-09
-2.9419E-07	-7.8236E-08	4.0614E-07	1.1337E-06
-3.5325E-07	1.2788E-08	3.0039E-07	1.9556E-07
-3.3499E-07	1.3251E-07	-2.4433E-07	1.2710E-06
-2.1613E-07	2.0429E-07	8.9150E-07	1.2804E-06
-7.6474E-08	2.1174E-07	5.5520E-07	6.6334E-07
4.0480E-08	1.0184E-07	3.7882E-07	1.0288E-06
9.4633E-08	5.2064E-08	5.1711E-07	1.1771E-06
3.9535E-08	-7.8381E-08	8.0856E-07	1.2469E-06
-7.1684E-08	-9.6441E-08	9.8615E-07	1.0540E-06
-1.9637E-07	-1.0155E-08	9.2173E-07	5.6833E-07
-2.8844E-07	1.3208E-07	-6.8833E-09	1.2014E-06
-2.6490E-07	2.6086E-07	1.8153E-06	1.9236E-06
-1.0243E-07	3.2262E-07	1.4058E-06	-4.0341E-07
3.5073E-08	3.2231E-07	7.0908E-08	9.3747E-07
1.6728E-07	2.5470E-07	1.0831E-06	8.3741E-07
2.0980E-07	1.4943E-07	5.5085E-07	6.9735E-07
2.1660E-07	1.0676E-07	4.8661E-07	9.6336E-07
1.3886E-07	-4.9602E-09	1.0681E-06	1.4435E-06
1.3029E-07	-6.0939E-09	1.1300E-06	8.0380E-08
1.2079E-07	3.9038E-08	-1.4094E-07	1.0665E-06
1.3569E-07	2.4929E-08	8.7981E-07	1.2069E-06
1.6791E-07	3.9995E-09	2.3229E-07	1.4777E-06
1.6693E-07	-6.0689E-08	1.4523E-06	1.9326E-06
1.6535E-07	-1.6099E-07	1.7300E-06	1.0965E-06
1.0107E-07	-1.9015E-07	1.5037E-06	3.0560E-07
-7.0490E-09	-2.1569E-07	3.5823E-07	8.0179E-07
-8.5386E-08	-1.7217E-07	1.2915E-06	1.3481E-06
-1.0818E-07	-8.3441E-08	9.2130E-07	8.9680E-07
-9.4189E-08	4.8442E-08	1.4513E-06	1.5925E-06
1.6274E-08	4.2460E-08	2.0504E-06	6.3996E-07
3.6815E-08	5.9572E-08	1.2352E-06	1.0431E-07
1.1238E-07	-6.5267E-08	1.0189E-06	8.1640E-07
8.7301E-08	-1.4822E-07	1.5396E-06	2.9451E-07
-1.8665E-09	-1.5635E-07	7.4229E-07	4.2633E-07
-8.2777E-08	-1.4309E-07	1.4702E-06	3.4545E-07
-2.0707E-07	-6.8963E-08	2.8452E-07	-1.6452E-07
-1.6721E-07	-1.0294E-08	3.9877E-07	9.4590E-07
-9.6829E-08	9.5258E-08	4.5648E-07	8.9040E-07
8.3989E-09	7.6065E-08	1.2101E-06	1.4001E-06
6.8517E-08	7.5295E-09	1.2331E-06	1.6433E-07
1.4885E-07	-8.6647E-08	5.4187E-07	8.0925E-07
3.6273E-08	-1.6171E-07	1.2232E-06	3.4226E-07
-8.8257E-09	-1.1116E-07	-1.9924E-07	1.3070E-07
-1.4664E-07	-1.3622E-07	1.4187E-07	1.7200E-06
-2.2849E-07	-3.6452E-08	8.6365E-07	1.0372E-06
-1.9633E-07	6.9896E-08	4.9519E-07	1.7353E-06
-1.2097E-07	1.2100E-07	1.8405E-06	9.3994E-07
-8.6672E-08	1.2476E-07	-4.1519E-08	5.6640E-07
4.3235E-08	1.1555E-07	1.1260E-06	2.0979E-06
3.6518E-08	6.6174E-08	1.0379E-06	7.2462E-07
4.5276E-08	7.6137E-10	9.3943E-07	1.8433E-06
-4.1201E-08	-1.7082E-08	1.3884E-06	1.1206E-06
-6.2502E-08	1.0220E-08	1.5402E-06	1.8313E-06
-8.2933E-08	2.6793E-08	2.1383E-06	3.8128E-07
-1.2708E-08	1.0308E-07	8.5840E-07	9.8408E-07
-1.9876E-08	8.8908E-08	2.0904E-06	8.3047E-07
1.3355E-08	5.6725E-08	1.0640E-06	1.9763E-07
3.5975E-08	3.6302E-08	1.2538E-06	7.4066E-07
9.0703E-09	1.1315E-08	9.3170E-07	3.8740E-07
-4.5552E-09	-3.1146E-08	7.1384E-07	1.0380E-06
-4.5334E-08	4.6079E-08	1.4372E-06	1.3603E-06
-5.1546E-08	1.1844E-07	1.7571E-06	4.1416E-07
-4.4088E-08	1.3808E-07	8.7818E-07	6.6092E-07
6.3455E-08	1.5842E-07	1.7333E-06	8.3310E-07
1.4828E-07	9.1969E-08	1.3611E-06	2.0832E-07
1.5337E-07	5.0505E-08	1.6583E-06	-5.2700E-08
1.5455E-07	-7.2860E-08	6.6920E-09	-9.1812E-07
8.0847E-08	-1.0762E-07	-6.0205E-07	1.3264E-06
2.6487E-08	-1.0830E-07	7.2037E-07	1.5171E-06
-8.3464E-08	-9.1593E-08	1.0274E-06	1.6462E-06
-1.0853E-07	-6.4202E-08	1.7702E-06	9.6710E-07
-1.2201E-07	9.6831E-08	1.1971E-06	6.4965E-07
-3.4989E-08	1.6069E-07	1.5110E-06	5.9049E-07
8.9062E-09	1.4582E-07	1.0266E-06	8.4766E-08
1.4857E-07	6.0529E-08	6.4743E-07	2.6965E-07
1.6280E-07	2.0527E-08	1.7175E-07	5.6876E-07
1.3003E-07	-6.4962E-08	4.3064E-07	1.3499E-06
1.0014E-07	-1.4236E-07	1.0402E-06	1.3122E-06
2.4282E-08	-1.4600E-07	1.2473E-06	8.3224E-07
-3.5441E-08	-1.0893E-07	5.9999E-07	9.0170E-07
-8.7806E-08	-8.7414E-08	1.5748E-06	1.5193E-06
-9.1734E-08	-4.6418E-08	1.5087E-06	-1.3747E-07
-1.0841E-07	-1.2052E-08	3.4741E-07	7.6067E-07
-6.1430E-08	2.7765E-09	1.2756E-06	5.4982E-07
-9.2507E-08	5.3115E-09	2.1664E-07	4.0352E-07
-8.1731E-08	-2.8907E-08	6.1307E-07	1.0126E-06
-7.2285E-08	1.9631E-09	2.3750E-07	9.6640E-07
-5.3354E-08	3.0213E-08	8.6145E-07	1.7656E-06
-6.2444E-09	6.5345E-08	1.5008E-06	9.3588E-07
1.7901E-08	5.2460E-09	8.2411E-07	4.3850E-07
5.9300E-08	7.8872E-08	4.3751E-07	1.0818E-06
8.6234E-08	-9.3856E-09	1.0689E-06	9.9052E-07
2.6005E-08	-1.4648E-08	3.3403E-07	6.6194E-07
-1.0856E-08	-7.6699E-08	3.3607E-07	1.5711E-06
-4.2332E-08	-7.7369E-08	9.0523E-07	1.6094E-06
-1.1508E-07	1.0066E-08	1.0957E-06	1.3977E-06
-9.6296E-08	1.3127E-08	1.1396E-06	1.2879E-06
-2.5149E-08	5.9480E-08	8.6800E-07	9.1459E-07
-8.7971E-09	8.9640E-08	4.5126E-07	2.0660E-06
1.1972E-08	7.9091E-08	2.3168E-06	1.7584E-06
3.9413E-08	7.2661E-08	1.1549E-06	6.7604E-07
4.9541E-08	9.1024E-10	1.8902E-06	1.5386E-06
4.7687E-08	-4.0513E-08	1.3648E-06	-3.2267E-08
3.0535E-08	-2.2193E-08	6.7031E-07	1.3378E-06
-3.8194E-08	-1.4974E-08	1.4540E-06	1.0634E-06
9.8153E-09	-1.1556E-08	1.5924E-06	1.1426E-06
-2.3447E-08	2.8856E-08	1.3990E-06	2.9518E-08
-1.5747E-08	7.4806E-09	4.2041E-07	1.2886E-06
3.2281E-08	3.9212E-08	2.1827E-06	1.0351E-06
1.9231E-08	-1.8077E-09	1.0693E-06	-2.3520E-07
3.4715E-08	-1.3771E-08	6.4758E-07	6.0995E-07
1.1337E-08	-8.8893E-09	7.3631E-07	3.1989E-07
1.6906E-08	-5.3300E-09	-1.0016E-07	7.1932E-07
-1.9738E-08	3.4868E-08	5.1724E-07	1.7757E-06
5.9298E-09	2.6677E-08	1.1939E-06	9.6797E-07
6.5774E-08	5.2745E-08	3.4287E-07	1.0687E-06
7.2295E-08	-2.6609E-08	9.8710E-07	1.5405E-06
7.2254E-08	-4.8644E-08	7.5208E-07	1.0184E-06
1.1258E-07	-7.0109E-08	9.3574E-07	1.6686E-06
2.4127E-08	-3.9073E-08	1.0463E-06	7.0554E-07
-4.0539E-08	-7.0992E-08	-5.6847E-08	1.9430E-06
-3.5864E-08	-2.0160E-08	2.1828E-06	2.2139E-06
-6.6373E-08	-6.1108E-08	1.2689E-06	2.9892E-07
-3.1752E-08	-1.4267E-08	5.5323E-07	1.7081E-06
1.6137E-09	2.3242E-08	1.5721E-06	1.6026E-06
2.8615E-08	4.1179E-08	1.3246E-06	1.1375E-06
2.0201E-08	-4.1269E-08	1.2435E-06	1.5902E-06
1.3486E-08	-8.9767E-09	2.0964E-06	1.0127E-06
1.6184E-08	-2.1211E-08	6.0394E-07	4.0260E-07
3.6333E-08	-4.1378E-08	9.8571E-07	2.1569E-06
-4.0851E-08	-7.5753E-08	2.0429E-06	1.2526E-06
-3.1562E-08	-2.7112E-08	1.7106E-06	7.8769E-07
-6.3805E-08	1.2556E-08	9.5862E-07	5.6521E-07
-5.0719E-08	3.6877E-09	1.1911E-06	1.6167E-06
-2.8572E-08	9.2035E-09	1.5083E-06	8.0047E-07
6.6725E-09	4.5388E-08	1.2686E-06	1.5893E-06
-1.9282E-08	7.3277E-08	2.0990E-06	6.0971E-07
-2.8596E-09	1.9797E-08	7.8658E-07	8.2942E-07
2.0035E-08	3.3745E-08	1.8764E-06	1.3828E-06
1.7886E-08	-1.5683E-08	1.7297E-06	2.8844E-07
1.1218E-08	-1.3957E-08	1.0542E-06	4.1249E-07
-4.1123E-09	-3.6333E-09	7.3877E-07	7.9230E-07
-3.5048E-09	-1.7783E-08	1.1347E-06	1.6458E-06
-1.1179E-08	-5.2038E-08	2.4012E-06	8.8617E-07
-3.9859E-09	-1.0457E-09	1.3833E-06	-1.0525E-07
-2.4834E-08	-8.6082E-09	1.4260E-06	1.1494E-07
-5.0163E-08	2.2947E-08	-2.1091E-07	-4.6602E-07
-3.7663E-08	4.2695E-08	2.4703E-07	2.3517E-06
-7.5666E-09	2.0881E-08	2.1422E-06	3.4338E-07
-1.1549E-08	3.5550E-08	1.0411E-07	3.3433E-07
3.6722E-08	5.3546E-08	6.4433E-07	8.4011E-07
6.0822E-08	2.2597E-08	3.2313E-08	1.3150E-06
4.7613E-08	4.9124E-08	1.2342E-06	1.5704E-06
3.2951E-08	4.4955E-10	6.6315E-07	8.4306E-07
3.8741E-08	-2.4494E-08	5.7084E-07	1.6623E-06
2.2132E-08	-7.8997E-09	1.2950E-06	1.7789E-06
1.0626E-08	-1.1691E-08	1.5261E-06	1.1987E-06
-7.6872E-10	-1.9833E-08	1.5704E-06	1.1473E-06
1.8092E-09	1.5312E-08	1.3348E-06	1.1296E-07
6.5956E-09	-3.2576E-09	1.1085E-07	1.0070E-06
6.5994E-08	-3.6538E-08	9.4212E-07	1.1939E-06
1.6969E-08	-2.4130E-08	1.5921E-07	1.6687E-06
4.2341E-08	-4.0525E-08	1.7151E-06	2.2670E-06
1.5310E-08	-3.8758E-08	1.8255E-06	1.2829E-06
-1.2913E-08	1.4556E-08	2.1743E-06	6.7913E-07
-1.0879E-09	-6.0642E-08	6.8931E-07	1.7781E-07
-2.7559E-08	-3.8642E-08	1.3050E-06	1.2278E-06
-5.2683E-08	-4.0929E-08	4.8720E-07	6.6048E-08
-2.2857E-08	-2.2882E-08	4.1648E-07	2.3112E-06
4.9999E-09	-2.3063E-09	2.2769E-06	7.7069E-07
2.2607E-08	-1.0104E-08	2.6071E-07	2.6442E-07
-2.8158E-08	-2.3559E-08	3.7324E-07	1.5017E-06
1.9263E-08	1.5655E-08	7.5398E-07	1.7600E-06
-1.8264E-09	-3.9590E-08	1.0944E-06	1.6715E-06
-3.8452E-08	2.5833E-08	1.3388E-06	2.2327E-06
1.8360E-08	-1.0895E-09	2.6548E-06	1.0937E-06
-5.7806E-09	1.0397E-08	8.9497E-07	5.4653E-07
2.8813E-08	-4.4879E-08	1.9722E-06	1.4635E-06
2.1164E-08	-3.5619E-09	1.1127E-06	6.1322E-08
-6.9853E-08	1.9910E-08	1.2925E-06	1.6027E-06
1.6221E-08	1.8914E-08	1.6710E-06	-7.2341E-08
-9.3074E-10	-2.4081E-09	3.4856E-07	7.9137E-07
1.0076E-08	1.1895E-08	8.2807E-07	9.2329E-07
-1.2165E-08	-2.2819E-08	9.3874E-07	1.5115E-06
1.5760E-08	-6.0154E-09	1.3033E-06	4.8495E-07
-4.4450E-09	1.5626E-08	2.9099E-07	1.3233E-06
2.2221E-08	5.3900E-09	1.1605E-06	1.2462E-06
-4.6829E-08	2.4244E-08	8.6443E-07	1.9663E-06
1.4243E-08	2.7685E-08	2.7491E-06	8.5820E-07
-9.3154E-09	2.7141E-08	4.4523E-07	-4.2728E-07
2.0311E-08	1.6301E-08	2.7120E-07	1.2518E-06
-3.1452E-09	4.9146E-08	4.5142E-07	1.3746E-06
2.6364E-08	5.2715E-08	1.1010E-06	1.7592E-06
8.8252E-09	-4.8438E-09	1.0526E-06	1.3354E-06
4.7486E-08	2.2646E-08	1.5142E-06	1.6026E-06
-1.2707E-09	3.4783E-08	1.3552E-06	7.2219E-07
1.2720E-08	3.4186E-08	7.9986E-07	1.3859E-06
3.9664E-08	-8.7254E-10	1.7164E-06	1.6182E-06
1.3946E-08	2.5969E-08	2.0891E-06	5.2866E-07
3.5210E-08	1.6909E-08	8.6592E-07	-1.5203E-07
6.5945E-10	-3.7310E-09	1.3105E-07	1.0406E-06
5.3983E-08	-5.0321E-08	1.1904E-06	1.4657E-06
5.0723E-08	-3.6194E-08	1.1481E-06	5.5479E-07
1.5430E-08	-1.2803E-09	4.4839E-07	8.0780E-07
4.4322E-08	-1.0518E-08	5.2010E-07	1.3515E-06
-2.3058E-08	-5.9960E-08	1.1243E-06	1.2390E-06
-2.8705E-09	-5.5420E-08	1.0106E-07	7.7753E-07
1.7571E-08	2.4311E-08	6.0972E-07	3.0016E-06
3.9731E-08	-3.0559E-09	2.9792E-06	1.1570E-06
1.5956E-08	-3.4617E-08	7.8133E-07	-1.5545E-07
5.0211E-08	4.3035E-09	3.6574E-07	1.1508E-06
-1.6146E-08	2.8325E-08	8.8955E-07	1.6516E-06
2.0450E-08	9.2386E-09	1.7322E-06	9.3974E-07
2.4567E-08	-3.4599E-08	7.4930E-07	1.1316E-07
2.0787E-10	-3.6050E-09	-3.0134E-07	6.3369E-07
-9.6729E-09	5.6748E-09	-1.3801E-07	2.3575E-06
1.7136E-10	-1.4557E-08	1.3929E-06	1.6270E-06
-5.6139E-09	-2.0060E-08	2.9480E-07	1.9488E-06
-1.7239E-08	-2.8690E-08	2.4693E-06	1.8069E-06
8.3678E-09	-3.9074E-08	4.5543E-07	-1.2487E-07
-3.0492E-08	-1.6586E-08	2.7395E-07	2.1651E-06
1.0474E-09	2.3220E-08	1.1259E-06	1.4424E-06
-4.8823E-09	7.2714E-09	9.3796E-07	1.7058E-06
-4.1487E-09	4.8514E-10	1.0742E-06	1.5097E-06
-8.8253E-09	-2.5738E-08	1.4075E-06	1.4605E-06
-8.7792E-09	1.6301E-08	5.4038E-07	8.6768E-07
7.4790E-09	-4.5129E-08	6.7186E-07	2.3512E-06
-1.4137E-08	2.6492E-08	1.5522E-06	1.6645E-06
-1.9962E-08	1.8231E-08	1.4119E-06	1.7146E-06
-3.8332E-08	3.4542E-08	1.4983E-06	1.2289E-06
-3.9582E-08	-9.2176E-09	1.5138E-06	1.5251E-06
-1.3319E-08	2.6059E-08	1.5261E-06	6.3121E-07
-2.4192E-08	3.1907E-08	7.6798E-07	1.1925E-06
-4.2655E-08	4.2405E-08	1.1248E-06	1.2833E-06
-1.3535E-08	1.3427E-08	1.6184E-06	1.4644E-06
4.5757E-08	-6.8912E-10	1.2451E-06	-3.6296E-07
1.7257E-08	2.0956E-08	-9.7572E-07	1.4175E-06
3.2295E-08	-2.1283E-08	1.0894E-06	2.5797E-06
3.1254E-08	1.3199E-08	1.5273E-06	1.9624E-06
2.6618E-08	1.3825E-08	2.1271E-06	8.9812E-07
3.8592E-08	3.2565E-08	8.1003E-07	7.9843E-07
2.5941E-08	-5.3237E-09	1.4511E-06	4.0039E-07
1.7331E-09	2.3690E-08	-8.3737E-07	7.6733E-07
3.8480E-08	-6.4803E-10	1.1704E-06	2.1632E-06
1.9870E-08	-3.5265E-08	-4.0847E-07	6.3752E-07
6.0979E-08	-4.4480E-08	4.1021E-07	3.3504E-06
-3.1503E-08	-5.7279E-09	9.8379E-07	1.7374E-06
1.0257E-08	1.0107E-08	1.4496E-06	3.2823E-06
-3.3225E-10	-1.8621E-08	2.0595E-06	1.0331E-06
1.0195E-08	-4.0674E-08	1.3171E-06	2.6558E-06
9.1287E-10	-5.3048E-09	2.8894E-06	4.0011E-07
1.6773E-08	-1.4018E-08	1.4924E-08	1.0282E-06
1.4681E-08	-1.0190E-08	1.7598E-06	1.9061E-06
5.8789E-08	-4.1538E-08	1.2265E-06	1.2594E-06
2.2853E-08	8.4287E-09	1.7230E-06	1.1575E-06
-3.9152E-08	-3.9332E-08	8.3373E-07	9.1145E-07
-1.1122E-08	-5.3533E-08	9.5149E-07	1.2874E-06
-2.0017E-08	-1.3805E-08	7.2014E-07	1.7805E-06
-3.1800E-09	-5.2265E-09	1.6149E-06	1.5140E-06
-5.1371E-08	-2.6554E-08	8.0008E-07	1.5828E-06
-1.5316E-08	-4.1661E-09	2.1042E-06	1.6824E-06
8.5965E-09	-4.2770E-08	9.2988E-07	4.6828E-07
-2.0835E-08	-2.5556E-08	8.4413E-07	2.1089E-06
-1.7880E-08	1.9889E-09	2.2535E-06	1.2783E-06
-2.8406E-09	-2.2694E-08	9.2059E-07	-1.0920E-08
5.6664E-10	-1.0500E-08	-1.8435E-07	1.8115E-06
-1.3230E-09	3.2492E-08	1.7197E-06	2.1487E-06
-4.6758E-08	3.2478E-08	1.2313E-06	1.1740E-06
-4.8953E-08	1.2964E-08	1.6900E-06	1.6439E-06
1.4472E-08	4.5205E-08	1.4147E-06	3.3831E-07
3.9479E-09	2.6496E-08	1.8643E-07	1.3005E-06
-5.4619E-09	-5.9393E-09	1.3676E-06	1.8794E-06
4.3194E-08	2.6759E-08	1.0779E-06	1.1291E-06
3.3009E-08	1.6756E-08	1.5888E-06	2.0098E-06
1.3020E-08	3.1335E-08	2.1972E-06	2.7604E-08
1.3523E-08	-2.4505E-08	-1.2363E-07	2.4577E-07
3.8460E-08	3.0679E-08	3.2550E-07	1.5623E-06
2.5135E-08	-5.2041E-09	7.8425E-07	1.6989E-06
-1.3679E-08	-3.2879E-09	1.1504E-06	1.0872E-06
-1.1989E-08	-3.7699E-09	5.7869E-07	1.2583E-06
1.3370E-08	2.2682E-08	6.6557E-07	5.8051E-07
1.7537E-08	5.2132E-09	-1.1737E-06	1.9490E-06
1.9962E-08	1.3582E-08	1.2964E-06	3.2883E-06
-3.9431E-08	3.8502E-08	1.4755E-06	1.8039E-06
-3.7375E-08	-3.2705E-09	1.8512E-06	1.3649E-06
-9.7994E-09	-1.8845E-08	3.9582E-08	6.8744E-07
-3.0246E-08	3.6290E-08	5.4787E-07	2.8032E-06
-8.6777E-09	-7.0299E-09	1.4144E-06	1.7843E-06
3.6498E-08	3.6307E-08	1.2219E-06	1.9511E-06
3.3365E-08	1.6486E-08	1.2325E-06	1.4850E-06
2.0289E-08	-6.3921E-09	1.0702E-06	1.7688E-06
3.0716E-08	-1.2518E-08	9.6789E-07	1.6946E-06
-1.2747E-08	8.3560E-09	1.3859E-06	2.0988E-06
1.4652E-08	-7.9264E-09	1.3309E-06	1.3354E-06
4.3390E-08	-1.5706E-08	1.0243E-06	1.9293E-06
-2.0701E-08	1.1385E-08	1.4906E-06	1.7204E-06
2.0107E-08	-2.6812E-09	1.4313E-06	1.6525E-06
1.1939E-08	-1.8716E-08	1.3995E-06	1.3663E-06
2.5595E-08	6.0794E-09	1.1666E-06	1.6012E-06
-1.7094E-08	-4.7401E-09	1.5701E-06	1.6962E-06
-3.2735E-08	-3.7290E-08	1.8395E-06	9.9569E-07
-8.0694E-09	4.0182E-08	7.6934E-07	5.7679E-07
-3.8819E-08	-9.6510E-09	4.8961E-07	1.5155E-06
-1.0236E-08	-4.2899E-08	7.1539E-07	1.9067E-06
-1.6051E-08	1.6464E-08	1.8841E-06	2.0817E-06
-2.2412E-08	-9.9855E-09	1.4982E-06	1.8320E-07
1.1761E-08	-3.2733E-08	-4.8998E-09	1.4193E-06
-4.2100E-08	-1.9374E-08	1.1571E-06	1.4332E-06
-2.7552E-09	1.2922E-08	-1.8536E-07	1.5241E-06
7.7519E-09	9.4115E-09	1.3299E-06	2.9851E-06
-1.4766E-08	2.3839E-08	1.8026E-06	1.1593E-06
-1.5586E-08	2.4262E-08	1.1579E-06	1.6027E-06
-2.9909E-08	2.8172E-09	1.5101E-06	5.7510E-07
7.9207E-09	4.5659E-09	-1.4404E-07	9.2347E-07
-3.2426E-08	-1.6411E-08	3.3019E-07	1.7646E-06
2.1546E-09	2.7369E-08	1.9177E-07	1.9752E-06
1.6874E-08	-1.8109E-08	7.3408E-07	2.0036E-06
-3.5272E-08	1.4950E-08	2.7872E-08	2.2541E-06
-1.3573E-08	-1.7458E-08	1.1862E-06	2.9749E-06
1.2713E-08	4.0218E-09	1.0544E-06	2.2040E-06
1.1117E-08	1.8416E-08	1.6659E-06	2.9427E-06
2.1405E-08	8.4749E-09	2.2088E-06	1.4743E-06
3.7340E-08	2.3364E-08	9.6647E-07	1.3044E-06
7.7913E-09	-3.2170E-09	7.8475E-07	2.0295E-06
1.2735E-08	-2.4846E-08	1.2684E-06	2.3987E-06
-1.8413E-08	1.0929E-08	1.7455E-06	2.1438E-06
-1.3683E-08	2.2351E-08	1.8336E-06	1.5255E-06
-4.3509E-08	1.3227E-08	1.0757E-06	1.2887E-06
-1.6510E-09	1.5991E-09	8.4130E-07	1.9745E-06
4.2929E-09	5.5618E-08	1.4466E-06	2.4039E-06
7.4975E-10	4.3751E-08	2.0119E-06	1.5503E-06
5.8288E-08	-2.9012E-08	9.7943E-07	1.4989E-06
3.2366E-08	-7.0000E-09	1.7703E-06	1.9499E-06
1.4769E-08	-3.2197E-08	1.2198E-06	9.8274E-07
1.2201E-08	-3.3223E-08	7.9650E-07	1.8701E-06
3.7497E-08	-3.0283E-08	1.2540E-06	2.0121E-06
1.4538E-08	1.7336E-08	1.6355E-06	1.6880E-06
-1.0718E-08	-7.8479E-09	7.7100E-07	1.5255E-06
-1.5485E-08	-1.5016E-08	1.7594E-06	2.5479E-06
-5.5600E-09	-3.2790E-08	1.7443E-06	5.3950E-07
-1.6762E-08	-9.7454E-09	2.5727E-08	2.0131E-06
-7.2338E-09	-3.3772E-08	2.0517E-06	2.3657E-06
-1.5805E-08	-2.6162E-08	1.0738E-06	9.8639E-07
-2.7003E-08	-1.0655E-08	8.3970E-07	2.5769E-06
-9.2934E-09	-1.0812E-08	2.2999E-06	1.9105E-06
-6.3461E-09	-9.0534E-09	1.3562E-06	1.0758E-06
1.7789E-08	5.5344E-09	1.2000E-06	1.7004E-06
1.6305E-08	3.1891E-08	1.3890E-06	1.5587E-06
-2.5401E-08	9.0106E-09	1.2884E-06	1.4370E-06
3.2448E-08	2.9958E-08	1.0428E-06	1.5106E-06
-3.8366E-08	3.3951E-08	1.1020E-06	1.5442E-06
-2.7121E-08	-3.4344E-08	6.7043E-07	1.7345E-06
-6.7637E-09	-3.1122E-09	1.1403E-06	2.2668E-06
-3.6019E-08	-4.3136E-08	1.2643E-06	1.9152E-06
-2.6827E-10	1.5801E-09	1.2272E-06	2.2812E-06
1.4607E-08	2.7383E-08	2.0100E-06	2.2976E-06
-2.9585E-08	-1.2618E-08	1.9783E-06	1.1050E-06
-4.1319E-08	2.4135E-08	9.1247E-07	1.8934E-06
5.0417E-08	4.5395E-09	2.6347E-06	1.6713E-06
-1.8908E-09	1.5243E-08	7.0249E-07	2.4915E-07
5.3311E-08	-1.0514E-09	8.4468E-07	2.6373E-06
-1.7706E-08	-1.1145E-08	2.1301E-06	1.4543E-06
-4.8190E-08	-1.1441E-08	1.5313E-06	1.2131E-06
-1.5385E-08	7.6352E-09	1.0922E-06	7.7200E-07
-3.0189E-10	-1.9792E-08	7.5449E-07	1.7971E-06
-9.3064E-09	1.5755E-08	1.4525E-06	1.1134E-06
1.1055E-08	5.4160E-08	1.6760E-07	1.3684E-06
-1.3828E-09	9.8788E-09	7.8100E-07	2.4644E-06
-1.2238E-08	-3.2458E-08	1.6120E-06	2.3328E-06
-3.0112E-08	-5.6331E-09	1.9566E-06	1.5388E-06
-1.0408E-08	4.6147E-09	1.4925E-06	1.2513E-06
6.8995E-09	-9.5298E-09	1.4314E-06	8.0685E-07
5.1866E-08	4.0342E-08	9.3201E-08	9.5671E-07
7.5501E-10	-1.2724E-08	5.0598E-07	2.3771E-06
3.6612E-09	-1.3190E-08	1.2263E-06	2.1367E-06
9.1421E-09	1.9766E-08	1.8488E-06	1.8979E-06
7.3721E-09	4.0550E-08	9.8348E-07	4.7700E-07
-3.4116E-08	-1.3684E-08	1.6571E-08	2.5622E-06
5.8262E-10	1.9839E-08	2.3303E-06	1.8529E-06
-2.5118E-08	-2.3357E-08	4.3594E-07	8.5927E-07
-1.2052E-08	-2.4084E-09	8.1407E-07	2.1232E-06
-1.1868E-08	2.5204E-08	6.3095E-07	1.8416E-06
-5.4935E-08	-4.0743E-08	1.1639E-06	2.3863E-06
-1.9717E-08	6.0258E-09	1.0014E-06	2.0973E-06
2.0224E-08	-1.2112E-08	1.8433E-06	2.4350E-06
-1.4821E-08	-2.0733E-08	1.5181E-06	1.3961E-06
-7.9160E-09	1.5392E-08	1.4985E-06	1.8348E-06
1.8285E-08	-1.5540E-08	1.1351E-06	1.4437E-06
-4.0041E-08	-7.8150E-09	1.7299E-06	2.0601E-06
1.0526E-08	1.5627E-08	1.4341E-06	7.2320E-07
-1.4818E-09	-1.4916E-08	8.5993E-07	1.5830E-06
1.6989E-08	3.4764E-08	8.8736E-07	1.0928E-06
4.1418E-08	1.9212E-08	5.3314E-07	2.0016E-06
-7.4767E-09	-1.9070E-08	1.0638E-06	1.6276E-06
1.3832E-08	-6.0990E-09	6.5184E-07	2.0221E-06
-2.4196E-08	-9.8394E-09	1.1826E-06	2.0847E-06
3.2520E-09	2.0200E-08	1.3531E-06	1.7465E-06
3.7656E-08	1.1160E-08	4.7014E-07	1.5960E-06
-1.0503E-08	-1.1915E-08	1.3597E-06	3.1480E-06
2.2123E-08	2.2337E-08	2.4026E-06	1.1094E-06
-1.4405E-08	2.0914E-08	7.1532E-07	1.3554E-06
-2.9107E-08	9.6833E-09	1.5299E-06	1.4628E-06
-5.4004E-09	-3.5857E-09	5.2117E-07	1.0670E-06
1.8717E-08	-8.6552E-10	6.7918E-07	2.1448E-06
-6.3470E-09	-3.2289E-08	1.5092E-06	1.4716E-06
-1.8767E-08	-1.9914E-09	7.3026E-08	9.8955E-07
5.7583E-09	-4.5998E-09	3.9156E-07	2.7701E-06
3.0229E-08	-2.0857E-08	1.3320E-06	1.7314E-06
-3.0172E-08	6.2746E-09	5.6191E-07	1.8344E-06
-1.3330E-08	-6.1023E-09	3.2867E-07	1.9039E-06
-1.8772E-08	3.4084E-08	6.1366E-07	3.2819E-06
1.5063E-09	4.1954E-08	1.8725E-06	2.2177E-06
1.5325E-08	-2.3974E-08	1.1914E-06	2.4800E-06
-2.1227E-08	-2.1769E-08	2.1966E-06	1.5673E-06
-1.5606E-08	3.4882E-08	5.7488E-07	1.5895E-06
-3.7287E-08	8.3130E-09	1.6771E-06	2.0473E-06
-2.5538E-09	-1.5222E-08	7.7543E-07	1.3301E-06
1.6515E-08	7.3794E-09	9.4824E-07	2.1856E-06
-1.8059E-08	2.9023E-09	1.1552E-06	2.0844E-06
-4.0103E-09	1.7902E-08	1.6319E-06	1.7507E-06
3.5106E-08	-1.4574E-09	8.8848E-07	1.3696E-06
-8.8974E-09	1.1712E-08	9.3646E-07	1.6469E-06
1.2626E-08	2.5770E-08	4.5157E-07	1.8770E-06
3.3338E-08	1.1311E-09	1.2437E-06	1.9788E-06
-1.2432E-08	-1.3520E-08	1.7497E-07	1.6287E-06
-2.1439E-08	6.0267E-09	1.0260E-06	2.8124E-06
-2.5746E-08	-5.3070E-09	9.1420E-07	1.6848E-06
3.9785E-08	3.5990E-09	9.0124E-07	2.6111E-06
-1.5182E-08	-6.2692E-09	7.7967E-07	1.7623E-06
4.2650E-08	1.8704E-09	6.7610E-07	3.6659E-06
1.1136E-08	3.5588E-08	3.1176E-06	2.3608E-06
-1.4321E-08	-4.2646E-08	1.6002E-06	8.4716E-07
2.7850E-08	2.9618E-09	1.1133E-06	1.2086E-06
1.2285E-08	1.3982E-08	5.2604E-07	1.3339E-06
-8.7909E-09	3.1975E-08	3.3660E-07	1.6677E-06
5.1498E-09	1.5370E-08	6.2245E-08	2.6766E-06
-1.6503E-08	1.8290E-08	1.7166E-06	2.6384E-06
6.1567E-10	1.0539E-08	6.0531E-07	1.5402E-06
-1.8169E-08	-3.1138E-08	1.1077E-06	3.1757E-06
-3.1458E-08	-2.1451E-08	2.1002E-06	1.3457E-06
4.2508E-09	-1.0662E-08	1.9756E-07	1.3180E-06
-2.8526E-08	3.6636E-08	3.3475E-07	2.3722E-06
-1.6060E-08	1.9715E-08	6.5445E-07	2.9114E-06
-6.5677E-09	2.4717E-10	1.8625E-06	2.6797E-06
4.4137E-09	3.1241E-08	1.3795E-06	1.3734E-06
5.9043E-09	-1.7433E-08	3.0449E-07	1.9545E-06
2.0797E-08	2.1027E-09	8.0590E-07	2.9439E-06
1.7480E-08	-1.1970E-08	1.8790E-06	2.3566E-06
-3.1491E-09	5.6813E-08	9.4147E-07	1.4167E-06
1.3997E-08	1.0571E-08	5.7287E-07	2.5366E-06
-1.2412E-08	1.4657E-08	1.2419E-06	2.1769E-06
4.9085E-09	4.5665E-08	4.6631E-07	2.3933E-06
-2.5024E-08	-3.0615E-08	1.2666E-06	3.1522E-06
-2.7112E-08	3.9048E-09	1.8102E-06	2.4376E-06
-1.6263E-08	-2.6604E-08	1.4508E-06	2.2124E-06
7.6050E-09	-8.0768E-09	1.7788E-06	2.3878E-06
-2.8102E-08	-9.1035E-09	1.7488E-06	1.4789E-06
4.1330E-09	-3.7943E-08	8.9748E-07	2.0520E-06
2.5102E-08	1.3225E-08	2.0210E-06	1.9997E-06
2.0172E-08	2.4994E-09	1.0688E-06	8.7591E-07
-4.3277E-08	2.4783E-08	3.0793E-07	1.8097E-06
7.2832E-09	-4.5692E-08	6.2982E-07	2.5627E-06
2.8179E-08	1.2609E-08	1.8291E-06	2.3360E-06
-9.7740E-09	-2.2525E-08	8.8010E-07	9.4934E-07
-5.5127E-09	-2.5753E-09	2.9764E-08	2.6073E-06
-3.3961E-08	1.4464E-08	1.6432E-06	2.5860E-06
1.9203E-08	6.5408E-09	1.0760E-06	1.6922E-06
3.6407E-10	-3.0092E-10	1.1651E-06	2.1693E-06
1.6569E-08	-7.9854E-09	9.6879E-07	1.2301E-06
-1.1434E-08	4.2041E-08	-1.3092E-07	2.2602E-06
-1.7227E-08	-7.8191E-11	1.1121E-06	2.5178E-06
4.6254E-09	2.5494E-08	2.0824E-07	2.0884E-06
-3.1869E-09	1.2137E-08	8.9793E-07	3.3214E-06
-2.0791E-08	-2.2838E-08	1.4638E-06	2.3362E-06
-2.8436E-09	1.2102E-08	1.0823E-06	2.5175E-06
2.4243E-08	-2.1764E-09	1.5150E-06	2.3048E-06
-2.3307E-08	-3.2485E-08	1.1655E-06	1.8625E-06
1.9380E-08	4.3641E-08	8.8744E-07	2.2282E-06
-3.1118E-08	6.5183E-09	1.1530E-06	1.7938E-06
-2.6473E-08	-6.1699E-09	-2.6282E-07	2.2296E-06
1.9189E-08	-2.7699E-09	1.2236E-06	3.8647E-06
3.2240E-08	1.3930E-08	2.0461E-06	2.0394E-06
-1.6561E-08	-7.2432E-09	8.5416E-07	2.0777E-06
-2.4134E-08	-8.1025E-09	1.0413E-06	2.6460E-06
-3.5630E-08	-6.2616E-09	1.5735E-06	2.7547E-06
-3.0455E-08	-2.8927E-08	2.1722E-06	2.2584E-06
3.9229E-09	-1.6075E-08	2.0277E-06	8.1307E-07
-7.9944E-09	1.5329E-08	-6.6093E-09	9.4687E-07
-4.9843E-09	3.0937E-10	5.6150E-07	2.0365E-06
5.2695E-09	-9.0849E-10	-5.2712E-07	1.6956E-06
2.7965E-08	3.3054E-08	3.9414E-07	3.8828E-06
-1.0553E-08	2.9883E-08	1.3232E-06	2.0948E-06
1.3229E-08	-2.5028E-08	1.0825E-07	3.0939E-06
-1.5128E-08	-6.6467E-09	1.5912E-06	3.4362E-06
-1.5638E-08	1.0768E-08	2.1384E-06	2.5512E-06
3.0238E-08	-4.1486E-10	1.4381E-06	1.4713E-06
-2.5737E-09	9.8702E-10	9.4524E-07	2.2710E-06
9.4433E-09	2.0569E-09	1.0920E-06	1.5279E-06
-9.6648E-09	1.8727E-09	-2.1103E-08	2.3516E-06
1.6373E-08	2.3317E-09	8.0429E-07	3.0151E-06
-1.1538E-08	-8.9416E-09	1.3923E-06	2.9825E-06
-6.1168E-09	9.7278E-09	1.7699E-06	2.1002E-06
1.4361E-08	1.2939E-08	1.1552E-06	1.6872E-06
1.2630E-08	8.4791E-09	3.1778E-07	1.7364E-06
-3.4758E-08	-4.0447E-09	5.1767E-07	2.8496E-06
-9.1374E-09	-4.9997E-09	6.7111E-07	2.2761E-06
1.4658E-08	7.6434E-09	8.9864E-07	3.4681E-06
-1.0740E-08	3.0348E-08	1.8578E-06	1.7861E-06
-3.2102E-08	3.8463E-08	2.0744E-07	2.3640E-06
-3.1295E-09	3.5777E-08	1.1871E-06	2.2068E-06
2.8276E-08	3.5185E-08	-2.8491E-07	2.7106E-06
-1.7957E-08	5.8645E-09	1.4040E-06	3.6186E-06
8.8139E-09	4.1268E-08	1.2171E-06	2.7042E-06
4.9808E-09	2.7613E-08	1.7908E-06	2.9749E-06
1.9226E-08	6.2889E-09	1.6552E-06	2.1080E-06
9.3334E-09	-1.3956E-08	1.5906E-06	2.0482E-06
1.1147E-08	7.1156E-09	9.8078E-07	1.4443E-06
-7.0340E-09	-8.7924E-09	2.6680E-07	2.2849E-06
-2.5353E-08	-1.5041E-08	1.2011E-06	2.7009E-06
-9.1109E-09	-6.3078E-08	8.6940E-07	1.6658E-06
-1.3451E-09	4.2807E-09	3.4561E-07	2.7401E-06
-7.3665E-09	-2.6726E-08	1.0474E-06	2.1933E-06
-2.6140E-08	-1.7073E-08	3.0273E-07	3.0006E-06
-8.4360E-09	6.7853E-10	2.0451E-06	2.4242E-06
3.6132E-09	1.5456E-08	2.6516E-07	1.3845E-06
1.3629E-08	2.0562E-08	2.0402E-07	2.6446E-06
2.1286E-08	1.0924E-08	2.3871E-07	3.1433E-06
-6.3980E-09	8.9602E-09	1.8513E-06	3.0280E-06
-1.0703E-08	3.6030E-08	6.4957E-07	1.6486E-06
9.1946E-09	2.4918E-08	9.2437E-07	2.8295E-06
1.2560E-08	2.7910E-09	4.9984E-07	1.5091E-06
2.3632E-08	-3.2309E-08	-1.0793E-07	3.1866E-06
3.0253E-08	9.8603E-09	1.0486E-06	2.4905E-06
-7.6938E-09	2.6523E-08	8.3060E-08	2.6524E-06
9.0762E-09	6.1995E-09	6.9024E-07	2.7223E-06
-2.2540E-08	5.1058E-09	-3.6512E-07	2.7056E-06
2.7655E-08	9.1161E-09	2.6021E-07	4.4913E-06
4.0204E-08	8.7008E-09	2.2983E-06	3.6845E-06
8.6554E-09	-3.0832E-09	1.5181E-06	1.9779E-06
5.0523E-08	5.2375E-09	8.5064E-07	2.6716E-06
3.4954E-08	5.2810E-09	1.1802E-06	1.9990E-06
-2.8251E-09	2.1348E-08	-2.0243E-07	2.2652E-06
3.0876E-08	-7.1344E-09	3.1795E-07	3.1884E-06
1.5948E-08	4.8976E-09	2.4044E-07	3.1392E-06
2.7474E-08	-2.4740E-08	8.5807E-07	3.5389E-06
1.3711E-08	-9.7576E-09	5.8938E-07	3.0313E-06
-4.6962E-08	3.0046E-08	1.0831E-06	3.9096E-06
-2.6035E-08	8.1724E-09	1.5305E-06	2.6266E-06
-5.2354E-09	-3.0376E-08	6.6529E-07	3.1730E-06
-3.1832E-08	-2.4234E-08	1.5457E-06	2.8285E-06
2.9893E-09	-2.6226E-08	4.2620E-07	2.5128E-06
-1.5437E-08	-1.2317E-08	6.8454E-07	3.5147E-06
2.8099E-08	-6.7493E-09	1.2275E-06	3.3123E-06
-1.0444E-08	9.6314E-09	1.5120E-06	3.0916E-06
1.6541E-08	9.9220E-09	1.4481E-06	2.2668E-06
3.0529E-08	2.0106E-08	3.4801E-07	2.5099E-06
2.6097E-09	8.3859E-09	1.2713E-06	3.0607E-06
5.1886E-08	6.9412E-09	3.1863E-07	1.6120E-06
1.8718E-09	-8.0468E-10	-5.6779E-07	3.7600E-06
4.1023E-09	-3.9226E-09	9.5763E-07	3.4062E-06
2.2134E-08	1.4868E-08	2.1827E-07	3.7229E-06
-1.4110E-08	1.7912E-08	1.2623E-06	3.6482E-06
4.3383E-08	4.7180E-09	7.1755E-07	3.7600E-06
1.0474E-09	2.7723E-08	1.7989E-06	3.3943E-06
-7.4886E-09	-1.5466E-08	3.3599E-07	3.3837E-06
-3.1837E-08	2.4089E-08	2.2845E-06	4.5480E-06
-4.8993E-08	5.7355E-09	2.2090E-06	2.1638E-06
2.7426E-08	2.3498E-08	1.1877E-06	2.7710E-06
-4.8281E-09	-3.5854E-09	1.2408E-06	2.4222E-06
2.3575E-08	-1.0934E-08	5.8449E-07	3.0089E-06
-4.3905E-09	5.0995E-10	1.3762E-06	3.5098E-06
-2.6350E-08	7.3690E-09	1.9035E-06	2.5530E-06
1.3213E-09	3.5401E-08	7.3661E-07	2.0573E-06
1.8731E-08	-7.5239E-09	5.6400E-07	3.0298E-06
-4.5942E-09	2.7970E-08	1.0096E-06	2.8939E-06
-1.4031E-08	-1.7240E-08	7.2529E-07	2.6750E-06
-2.6659E-08	2.7200E-08	4.1059E-07	3.2298E-06
-1.0494E-08	-1.1213E-08	1.3390E-06	3.2832E-06
1.1823E-08	-1.2107E-08	7.0773E-07	2.3580E-06
-1.4928E-08	2.1781E-08	2.1985E-07	3.2030E-06
-2.0665E-08	-1.0666E-08	3.4513E-07	3.5037E-06
-2.5829E-09	-5.4046E-08	1.1803E-06	4.1930E-06
-2.3480E-08	3.5998E-08	1.7190E-06	2.5865E-06
-3.4275E-08	-2.1684E-08	-4.8680E-08	3.0555E-06
1.7700E-08	-5.2143E-08	1.2171E-06	4.1859E-06
-2.3591E-08	2.7961E-08	1.5254E-06	3.0787E-06
-3.0710E-08	1.8534E-08	1.2700E-06	3.0602E-06
-1.9215E-08	-2.1433E-08	8.6956E-07	2.5793E-06
-3.8272E-09	-1.6148E-08	2.4454E-07	3.5262E-06
-2.7103E-10	-2.4045E-08	1.3181E-06	3.9382E-06
2.4441E-08	-2.3334E-08	1.6300E-06	3.1913E-06
2.8357E-08	-4.4204E-09	1.2446E-06	2.8604E-06
4.0460E-10	2.9434E-08	1.1192E-06	3.0209E-06
2.7962E-08	5.2838E-09	9.1445E-07	2.8055E-06
-2.3748E-08	-2.1367E-08	8.0650E-07	3.6093E-06
3.0081E-08	-1.3175E-08	2.0258E-06	3.0478E-06
-2.9366E-08	6.2858E-09	9.5035E-07	1.8993E-06
-4.2481E-08	1.4517E-08	6.4163E-08	2.8318E-06
-2.8046E-08	2.9538E-08	6.5841E-07	3.6101E-06
-2.3515E-08	7.3785E-09	1.3185E-06	3.0217E-06
2.9822E-08	-1.2065E-08	7.6455E-07	2.7120E-06
-2.1520E-09	-2.0861E-09	7.8063E-07	2.7125E-06
-6.6919E-09	3.0958E-08	1.8715E-07	2.6319E-06
7.6968E-09	2.5181E-08	-4.3194E-08	3.0909E-06
2.0516E-09	-2.1831E-08	-1.8103E-07	3.8610E-06
1.6498E-08	2.7467E-08	1.0308E-06	4.2113E-06
-1.6412E-08	-5.0101E-08	1.2226E-06	3.2303E-06
-1.0172E-08	-4.1825E-08	7.0232E-07	2.9286E-06
2.1437E-08	3.5438E-08	2.2107E-07	3.6224E-06
3.4987E-08	-3.4593E-08	1.4922E-06	3.5066E-06
2.8703E-09	-1.8868E-08	2.7332E-07	2.3670E-06
3.2236E-08	1.0264E-08	1.3317E-07	3.7194E-06
4.5691E-09	-1.2903E-08	2.0216E-07	3.2358E-06
-1.1470E-08	5.8683E-09	2.4020E-07	4.2622E-06
-3.1424E-08	-1.5216E-08	6.3486E-07	3.5735E-06
-1.0003E-08	2.7116E-08	5.5042E-07	4.7887E-06
3.5948E-08	1.4696E-09	2.3046E-06	3.3726E-06
2.2326E-08	-9.1078E-10	2.3478E-07	2.7549E-06
-2.8774E-08	1.3343E-08	9.2583E-07	3.8957E-06
-4.4180E-09	-1.4479E-08	9.1205E-07	3.2371E-06
-5.1460E-10	1.6211E-09	1.2508E-06	2.9280E-06
-6.8007E-09	-2.4177E-11	-6.2281E-07	2.2533E-06
1.1300E-08	-5.1141E-08	-2.6113E-07	4.9755E-06
2.9359E-08	1.3231E-08	1.4321E-06	3.3126E-06
-2.2855E-08	1.4500E-08	-3.7593E-07	3.3599E-06
-2.2807E-08	7.8899E-09	2.2223E-07	4.3636E-06
-1.1416E-08	-5.4386E-09	9.3621E-07	4.4169E-06
5.1521E-08	3.4841E-09	1.0418E-06	3.0803E-06
1.3228E-08	-3.6243E-09	-3.4833E-07	4.3357E-06
-8.6941E-09	2.0530E-08	2.0696E-06	4.1229E-06
-1.7028E-08	3.8500E-08	-2.1501E-08	2.5408E-06
-2.5281E-08	5.3561E-09	5.0164E-07	4.5614E-06
1.3041E-08	-6.8184E-09	6.8362E-07	3.0069E-06
-1.7036E-08	1.6944E-08	-1.3247E-07	3.9283E-06
-2.6756E-08	2.7258E-08	-1.5304E-07	3.9624E-06
-1.1119E-08	-3.5139E-09	4.4771E-07	5.3111E-06
-2.4865E-08	-1.0924E-09	1.3959E-06	3.7933E-06
8.8505E-09	-2.8907E-08	3.8610E-07	4.5794E-06
3.7932E-09	3.0447E-08	2.0972E-06	3.8211E-06
-5.8856E-10	-1.1347E-08	2.7630E-07	2.8723E-06
3.8730E-09	1.4870E-08	4.1808E-07	3.9230E-06
-2.6625E-08	-9.1513E-09	2.1595E-08	3.9818E-06
-8.5031E-09	-3.9142E-09	1.4112E-06	4.5662E-06
2.1980E-08	-1.9596E-09	5.8790E-07	2.3998E-06
2.9676E-08	1.3199E-08	-5.8853E-07	4.5771E-06
-5.3374E-08	-1.1240E-09	1.2083E-06	3.7368E-06
-8.9549E-09	-4.3898E-08	-6.8964E-07	3.7694E-06
-4.1018E-08	1.9271E-09	6.9585E-07	4.8208E-06
1.0202E-08	-9.8249E-09	2.2599E-07	3.7828E-06
4.6644E-09	-1.2171E-08	3.1713E-07	4.7321E-06
-2.2964E-09	-1.2295E-08	8.0744E-07	4.3795E-06
-1.8979E-09	-2.7338E-08	1.1088E-06	3.8382E-06
-8.7209E-09	-1.5248E-08	-2.5061E-07	3.4056E-06
1.1327E-09	1.1525E-08	2.8516E-07	4.9104E-06
-2.0078E-08	-1.0696E-08	5.4528E-07	3.5073E-06
1.4170E-08	-3.2672E-08	-5.5771E-07	4.5097E-06
-3.6174E-08	-1.6504E-08	2.3888E-07	4.8145E-06
-2.1610E-08	-1.7882E-08	4.1878E-07	5.2050E-06
1.8629E-09	-8.6325E-09	1.5561E-06	4.6509E-06
-2.6648E-09	-4.8039E-09	1.0278E-06	3.4868E-06
3.9470E-08	2.2156E-09	-1.1891E-08	3.7244E-06
1.3943E-08	-1.5571E-08	5.0559E-07	4.4061E-06
2.5742E-08	-1.0342E-08	2.1430E-07	3.2514E-06
4.3141E-09	1.8897E-08	-8.3415E-07	4.4954E-06
-1.0106E-08	-1.3731E-08	3.4908E-07	4.6412E-06
3.9250E-08	-3.4538E-08	1.6386E-08	4.1418E-06
-7.9381E-09	2.0412E-09	-4.6797E-07	4.0592E-06
-1.8813E-08	-1.0464E-08	-8.3005E-07	5.2361E-06
-1.2479E-08	-3.2730E-08	4.5882E-07	5.0652E-06
-3.5430E-08	-1.2017E-08	-2.1699E-07	4.6401E-06
6.6312E-09	-2.2259E-08	3.0499E-08	4.9777E-06
-1.1287E-08	3.9785E-08	-1.6673E-07	4.9996E-06
-3.8351E-09	2.2216E-09	2.7237E-07	4.9783E-06
2.2777E-08	1.4889E-08	-4.4867E-07	4.8335E-06
5.8719E-09	1.7772E-08	1.1690E-07	5.9802E-06
-1.0635E-08	4.5982E-09	1.4412E-06	4.7519E-06
-1.0224E-08	1.9175E-08	-5.7913E-07	3.3469E-06
8.4917E-09	-2.2181E-08	-1.3867E-06	6.0136E-06
-2.0570E-09	-1.2181E-08	5.9680E-07	5.4939E-06
-2.2936E-08	3.3489E-08	-3.9561E-07	5.6555E-06
-2.1799E-08	9.8517E-09	1.2853E-06	5.0734E-06
-2.4973E-08	3.3826E-10	-1.2973E-06	4.3058E-06
2.0873E-08	6.0157E-09	-2.3978E-09	6.6484E-06
1.5905E-08	-7.0233E-09	3.9737E-08	4.9355E-06
4.1994E-08	4.6150E-08	-5.4482E-08	6.4033E-06
-2.1147E-08	4.9918E-09	8.0239E-07	5.1443E-06
1.6579E-08	-3.6603E-09	-1.2800E-07	5.2050E-06
-1.1371E-08	1.4828E-08	-5.8084E-07	5.3415E-06
2.9562E-08	4.7276E-08	-2.6163E-07	6.8415E-06
1.8179E-08	-6.3882E-09	1.1783E-06	5.9285E-06
-1.6522E-08	6.0643E-09	5.2548E-07	5.4263E-06
2.6194E-08	2.5439E-08	5.1071E-07	5.1577E-06
2.4567E-08	-1.4473E-08	-1.7617E-07	5.4736E-06
-4.3104E-09	-3.3367E-08	6.6359E-07	5.7519E-06
2.0036E-09	5.0500E-08	3.5477E-07	4.4638E-06
5.9076E-09	3.9009E-09	-1.1395E-06	5.0626E-06
-3.8812E-08	2.1297E-08	-5.7035E-07	6.0665E-06
-2.3763E-08	1.4431E-08	-6.8694E-07	5.8532E-06
4.3958E-09	2.6807E-08	-3.7544E-07	6.7459E-06
-7.8486E-10	-3.4373E-09	4.1606E-07	6.2537E-06
-2.7362E-08	2.2686E-08	2.7276E-07	5.7460E-06
-3.4691E-09	6.5015E-09	-2.9354E-07	5.5498E-06
-2.2448E-08	-1.8297E-09	-5.0454E-07	5.9195E-06
3.1926E-10	-4.4812E-08	-8.5898E-07	6.3564E-06
-1.9124E-08	4.7833E-09	2.3084E-07	6.9425E-06
2.0263E-08	6.4839E-09	6.8781E-08	5.7749E-06
-2.0963E-08	1.5569E-08	7.6359E-08	6.2893E-06
3.8751E-08	3.0916E-08	-4.9346E-07	5.1232E-06
-1.7019E-08	3.6940E-08	-1.1826E-06	6.7608E-06
9.5121E-09	2.7263E-08	-3.3727E-07	6.0652E-06
1.4786E-08	-1.3785E-09	-1.1349E-06	6.9738E-06
5.5865E-08	-2.8382E-08	1.8303E-07	6.3819E-06
-4.4590E-09	1.5357E-08	-1.1400E-06	6.0487E-06
-3.8237E-09	-1.8268E-08	-1.0610E-06	6.3562E-06
3.4363E-08	-1.8445E-08	-1.9753E-06	6.9241E-06
-1.5883E-08	-3.1148E-08	-1.2460E-06	7.8272E-06
1.4651E-08	1.5626E-08	-7.4388E-07	7.9613E-06
-1.1301E-08	-4.9524E-08	-1.4484E-07	7.0437E-06
-1.3689E-08	4.3032E-08	-1.5896E-06	7.1301E-06
8.2992E-09	8.2285E-09	-8.3878E-07	8.0041E-06
-3.1012E-08	-1.2170E-08	-1.0542E-06	7.5226E-06
5.6221E-09	-1.4033E-09	-1.0558E-06	7.9911E-06
-1.1239E-08	-5.7128E-09	-1.0266E-06	7.9566E-06
6.5487E-09	1.7146E-08	-1.2522E-06	8.0707E-06
4.2851E-08	2.0993E-08	-1.0531E-06	8.9339E-06
1.0630E-09	-3.0191E-08	-1.3486E-07	7.8955E-06
3.8496E-09	-1.7741E-08	-2.0449E-06	8.0661E-06
-4.2691E-08	4.6791E-09	-9.1454E-07	9.4005E-06
-2.8176E-08	-1.3895E-08	-1.1493E-06	8.7852E-06
1.5686E-08	1.6315E-08	-4.1762E-07	9.5007E-06
-1.1769E-08	-4.7552E-10	-8.7790E-07	8.2429E-06
-1.7936E-08	-1.9219E-08	-1.4605E-06	9.8381E-06
1.5975E-08	-6.7815E-09	1.2330E-08	9.6153E-06
9.7746E-10	-4.0381E-08	-2.2954E-07	8.7774E-06
1.8087E-08	-9.5235E-09	-7.7426E-07	8.3712E-06
-9.1399E-09	3.1451E-08	-1.7895E-06	8.5521E-06
8.1967E-09	3.3507E-09	-2.3653E-06	9.6136E-06
1.1524E-08	-1.1663E-08	-1.6789E-06	1.0553E-05
-4.0260E-09	7.5406E-09	-1.2579E-06	1.0045E-05
3.9367E-08	1.2592E-08	-1.9282E-06	1.0188E-05
8.3148E-09	2.4614E-08	-1.9667E-06	1.0640E-05
8.9590E-09	3.1962E-08	-2.4578E-06	1.1173E-05
3.5064E-08	-1.7511E-08	-1.7235E-06	1.2272E-05
2.0741E-09	4.6906E-10	-1.3851E-06	1.1468E-05
-8.2331E-09	-2.1177E-08	-2.1886E-06	1.2342E-05
6.8968E-09	-5.2108E-08	-1.3308E-06	1.2659E-05
-4.4191E-09	6.2396E-09	-1.5994E-06	1.2753E-05
-2.3179E-08	-2.8415E-09	-1.4462E-06	1.2529E-05
-3.3013E-08	-1.6816E-08	-2.9220E-06	1.3455E-05
3.9424E-08	-4.7524E-08	-1.5087E-06	1.4822E-05
1.2276E-08	-3.5826E-09	-2.1916E-06	1.4245E-05
-3.8173E-08	-3.2156E-08	-1.8715E-06	1.6418E-05
-2.7096E-08	1.0803E-08	-5.9854E-07	1.5839E-05
2.2152E-08	-3.1016E-08	-1.6932E-06	1.5952E-05
4.5821E-08	-1.6024E-08	-2.0496E-06	1.7878E-05
1.2150E-08	9.8111E-09	-5.7359E-07	1.9041E-05
-6.2559E-09	-5.1587E-09	-9.8026E-07	1.9542E-05
1.2770E-08	-8.6121E-09	6.8502E-07	2.2300E-05
-3.5842E-10	2.5300E-08	2.4383E-06	2.1632E-05
-2.6212E-08	1.1228E-08	2.9265E-06	2.3777E-05
-2.7004E-10	7.3269E-08	6.3889E-06	2.3918E-05
-2.4588E-08	2.3085E-09	7.4148E-06	2.3989E-05
-6.6137E-08	-1.2167E-08	1.0938E-05	2.4046E-05
9.6925E-09	-7.3236E-09	1.2752E-05	2.2145E-05
3.0700E-08	-3.7782E-08	1.5190E-05	2.0803E-05
2.4157E-08	6.3252E-09	1.6121E-05	1.7251E-05
-5.4896E-11	3.3096E-08	1.5377E-05	1.5436E-05
-9.9024E-09	-6.6387E-09	1.4917E-05	1.4327E-05
1.3516E-08	2.8144E-08	1.5500E-05	1.3826E-05
-1.7575E-08	-2.6046E-08	1.6160E-05	1.1219E-05
-2.5723E-09	-8.8243E-09	1.4726E-05	8.9700E-06
-3.5642E-08	-4.7560E-09	1.2725E-05	7.4664E-06
2.9823E-08	7.7213E-09	1.0311E-05	7.6380E-06
1.3160E-08	2.0290E-08	8.9238E-06	8.3901E-06
1.1372E-09	3.6061E-08	8.3598E-06	1.0048E-05
-9.4832E-10	2.6037E-09	9.2971E-06	9.7878E-06
2.5218E-08	-1.4743E-08	7.6202E-06	9.7942E-06
3.0887E-08	-2.1430E-08	8.0917E-06	1.1330E-05
-6.1512E-09	-1.6927E-09	8.2166E-06	1.1058E-05
-3.2943E-08	1.7527E-08	8.2105E-06	1.1740E-05
1.0151E-08	-2.2983E-08	8.4876E-06	1.2000E-05
3.2260E-08	2.2246E-08	9.1651E-06	1.2111E-05
-4.2181E-08	-6.3195E-09	8.7246E-06	1.1516E-05
8.1365E-09	6.8377E-09	8.4808E-06	1.2691E-05
2.7473E-08	-2.5283E-08	9.4226E-06	1.2928E-05
-1.9776E-08	9.7277E-09	9.7503E-06	1.3022E-05
-4.1086E-09	8.2936E-09	1.0646E-05	1.3046E-05
-2.1820E-08	3.8069E-08	1.0947E-05	1.1944E-05
-4.0041E-08	2.3381E-08	9.8164E-06	1.2212E-05
7.3315E-09	2.1149E-09	1.0789E-05	1.3283E-05
-2.2457E-08	1.5000E-08	1.1358E-05	1.2787E-05
-1.1657E-08	1.5597E-09	1.1998E-05	1.3024E-05
2.2648E-09	-5.0529E-09	1.2739E-05	1.2422E-05
8.4102E-09	-4.6250E-09	1.3432E-05	1.1591E-05
-5.7011E-09	-2.7803E-08	1.2580E-05	1.0346E-05
-3.4637E-09	1.0681E-08	1.2341E-05	1.0933E-05
-4.9127E-09	-2.1518E-08	1.1823E-05	1.0370E-05
5.4892E-08	5.1274E-11	1.2108E-05	1.2328E-05
-2.3727E-08	-1.5376E-08	1.4452E-05	1.0733E-05
4.6811E-08	2.1805E-09	1.2923E-05	9.3805E-06
-1.6383E-08	-1.9035E-08	1.2724E-05	9.7701E-06
-1.7202E-08	-4.7143E-08	1.2523E-05	9.4524E-06
-7.2804E-09	-4.1583E-08	1.1765E-05	9.3336E-06
-1.3286E-09	-2.1575E-08	1.1473E-05	1.0695E-05
1.1226E-09	-1.8393E-08	1.2579E-05	1.0419E-05
-1.9481E-08	-1.0495E-08	1.1520E-05	1.0790E-05
8.2358E-09	1.7262E-08	1.2985E-05	1.2143E-05
1.1685E-08	-4.1131E-08	1.3867E-05	1.1369E-05
1.0004E-08	-2.6094E-08	1.4510E-05	1.1623E-05
-2.3078E-08	4.0278E-09	1.5882E-05	1.0758E-05
6.2250E-09	-4.3400E-09	1.5901E-05	9.4191E-06
-2.2519E-08	-1.4941E-08	1.6040E-05	8.9195E-06
2.1962E-09	-1.9431E-08	1.5745E-05	7.2912E-06
5.0484E-09	-2.4716E-08	1.4371E-05	7.6988E-06
-1.6098E-09	-1.6607E-08	1.5358E-05	7.2736E-06
1.8254E-09	-7.1715E-09	1.3607E-05	6.1538E-06
2.3892E-08	-1.2147E-08	1.2990E-05	7.4979E-06
-3.5332E-08	1.5740E-09	1.3179E-05	7.7065E-06
2.8093E-09	-1.9473E-08	1.3251E-05	7.8260E-06
-8.0883E-10	-1.8273E-08	1.2915E-05	8.0042E-06
-2.3118E-08	-3.9720E-09	1.3087E-05	8.1945E-06
1.0489E-08	6.6309E-09	1.2273E-05	8.9682E-06
-3.7558E-08	2.3923E-08	1.4294E-05	1.0162E-05
7.9429E-09	-1.6462E-08	1.4308E-05	7.9672E-06
4.8797E-09	-3.5250E-09	1.2997E-05	9.3586E-06
3.1158E-08	1.3088E-08	1.4232E-05	9.8795E-06
-2.5534E-08	-3.4094E-08	1.4205E-05	9.8564E-06
2.6284E-08	9.4565E-09	1.4448E-05	1.0812E-05
1.7648E-08	1.6378E-08	1.6014E-05	1.1424E-05
-2.2700E-08	7.1010E-09	1.6593E-05	1.0830E-05
2.0655E-08	-2.2118E-08	1.7516E-05	1.1862E-05
8.5860E-09	8.1259E-09	1.9540E-05	1.1279E-05
1.1432E-08	-1.4575E-08	2.0597E-05	1.0573E-05
2.9923E-08	-8.3505E-09	2.1689E-05	1.0027E-05
4.7905E-08	1.2181E-08	2.4458E-05	9.3898E-06
2.4515E-09	-1.9209E-09	2.5838E-05	4.6865E-06
1.0989E-08	2.4036E-08	2.3563E-05	2.9213E-06
2.6736E-10	4.9603E-08	2.3972E-05	1.4517E-06
3.1256E-08	-2.2131E-09	2.2069E-05	-1.0721E-06
-6.5986E-09	3.4157E-09	1.9870E-05	-1.4881E-06
-2.7055E-08	-1.6086E-08	1.8589E-05	-1.3127E-06
-5.7637E-09	-1.1105E-08	1.7360E-05	-1.7173E-06
5.6168E-08	3.2068E-08	1.5738E-05	-8.3444E-07
3.2260E-09	-2.8104E-09	1.5144E-05	-2.6334E-07
4.7982E-08	2.3212E-08	1.4216E-05	1.5590E-06
-5.8683E-09	2.3871E-08	1.5970E-05	2.4813E-06
-1.1902E-08	-5.1607E-09	1.5932E-05	1.7390E-06
1.1837E-08	1.0206E-08	1.5479E-05	2.4522E-06
2.1699E-08	4.4852E-09	1.6532E-05	4.0564E-06
2.3245E-09	4.3650E-08	1.8855E-05	2.8280E-06
-3.4120E-08	4.0860E-08	1.7980E-05	2.2707E-06
1.2435E-08	1.6487E-08	2.0277E-05	2.4893E-06
-9.0854E-09	4.1978E-09	2.0492E-05	-2.2015E-07
-4.5685E-08	-7.6068E-09	2.0342E-05	-1.0697E-06
-3.0309E-08	3.4727E-08	1.9350E-05	-2.9986E-06
-4.0375E-08	4.9437E-08	1.8174E-05	-2.5446E-06
-3.1594E-09	2.8750E-08	1.8516E-05	-2.9454E-06
-2.1551E-08	-7.3767E-10	1.8516E-05	-3.7980E-06
-4.2965E-08	1.5124E-08	1.7758E-05	-5.4248E-06
-1.2297E-08	1.1793E-08	1.5912E-05	-5.6291E-06
9.4861E-09	-2.1797E-08	1.5337E-05	-5.1464E-06
1.4561E-09	2.7665E-08	1.5047E-05	-5.3558E-06
1.1551E-08	-6.8544E-09	1.4405E-05	-5.7235E-06
-2.8246E-09	3.2933E-08	1.3458E-05	-5.8032E-06
1.3384E-08	-3.0455E-08	1.3136E-05	-5.6259E-06
-2.1144E-08	1.1996E-08	1.1779E-05	-6.7580E-06
1.7159E-08	-1.0347E-08	9.2620E-06	-4.3561E-06
-2.2594E-08	3.5988E-08	1.1656E-05	-2.6940E-06
-1.5756E-08	-3.9906E-09	1.1263E-05	-4.1859E-06
1.3796E-08	1.4776E-08	1.0860E-05	-3.2205E-06
-2.4893E-08	-9.7455E-09	1.0785E-05	-3.0824E-06
1.8440E-09	-2.3827E-08	1.1727E-05	-2.6694E-06
3.4363E-08	1.4946E-08	1.0946E-05	-4.3146E-06
4.8842E-09	-1.6288E-09	9.8388E-06	-2.5835E-06
-1.8271E-08	1.4203E-08	1.0950E-05	-2.5814E-06
2.4934E-08	-2.6586E-08	1.0925E-05	-2.4775E-06
2.8699E-08	-3.6675E-08	1.1438E-05	-3.6716E-06
-2.4664E-08	1.2871E-08	9.3748E-06	-3.8006E-06
-1.6761E-08	-1.8194E-08	9.8352E-06	-2.3209E-06
-1.7606E-08	-9.3555E-09	9.9665E-06	-3.5289E-06
3.0671E-08	1.5398E-09	8.0403E-06	-2.7499E-06
3.0640E-08	-4.3999E-08	9.0640E-06	-1.0003E-06
3.8375E-10	-1.7270E-08	9.3800E-06	-2.0261E-06
-1.4204E-08	3.6350E-08	8.5554E-06	-7.0601E-07
-1.7595E-09	-1.9916E-09	1.0378E-05	-6.0759E-07
-9.0666E-09	1.3252E-08	9.3664E-06	-1.6770E-06
-4.4940E-09	-3.1570E-08	9.4237E-06	-2.7264E-08
4.6387E-09	1.4989E-08	1.0500E-05	-8.1463E-07
-2.9685E-08	1.9224E-08	9.6402E-06	-5.4898E-07
-2.4445E-08	-6.2009E-09	1.0517E-05	-1.4518E-07
-3.0392E-09	-4.1542E-08	1.0467E-05	-3.1589E-08
3.8121E-08	-2.2807E-10	1.2107E-05	-8.6341E-08
-2.4823E-08	6.6903E-09	1.1593E-05	-2.0206E-06
-3.7465E-09	-3.8811E-08	1.0611E-05	-1.5331E-06
3.4619E-09	-9.5637E-09	1.0392E-05	-1.1191E-06
-1.9604E-10	6.7752E-09	1.1104E-05	-4.3495E-07
-9.4236E-09	-4.2464E-08	1.1268E-05	-7.4796E-07
2.3550E-08	-1.3180E-08	1.2736E-05	9.9662E-08
-4.0690E-09	6.4460E-09	1.4196E-05	-2.3955E-06
-3.5541E-08	1.1029E-08	1.3437E-05	-4.0093E-06
-7.8771E-09	-1.3115E-08	1.1750E-05	-6.0918E-06
3.1413E-08	2.6325E-08	9.0901E-06	-4.6150E-06
3.7395E-08	-1.7558E-09	9.7149E-06	-3.8279E-06
-1.2352E-08	-4.5121E-08	9.3218E-06	-3.5593E-06
-2.1258E-08	-3.3486E-08	9.4289E-06	-4.2817E-06
-1.9472E-08	-3.3600E-08	7.4092E-06	-3.2215E-06
6.3721E-09	-2.2280E-09	9.2826E-06	-1.9295E-06
1.6429E-08	1.9369E-08	8.7743E-06	-3.4013E-06
-7.3941E-09	-4.1187E-08	8.1264E-06	-2.1269E-06
5.6977E-09	-2.5845E-08	9.1461E-06	-1.4653E-06
-2.7321E-09	1.8787E-09	1.0631E-05	-2.5517E-06
6.8092E-09	-2.2049E-08	9.2277E-06	-4.4780E-06
-1.2435E-08	3.5481E-08	7.9019E-06	-3.6777E-06
-5.2587E-09	-3.5451E-09	7.3872E-06	-3.2394E-06
1.3844E-08	-3.0030E-08	7.7760E-06	-2.2893E-06
3.3136E-09	2.1670E-09	7.7950E-06	-3.4221E-06
1.5783E-08	-1.8140E-08	6.2936E-06	-2.4898E-06
1.4543E-08	6.3373E-08	7.1128E-06	-1.6152E-06
2.5427E-08	-1.1858E-08	7.3200E-06	-1.8213E-06
-3.6783E-09	-6.0970E-09	7.2081E-06	-2.5232E-06
3.3706E-08	-1.5949E-08	5.4548E-06	-1.9457E-06
2.9281E-08	-2.5455E-08	6.4437E-06	-5.6194E-07
-2.1901E-08	4.6341E-10	5.5413E-06	-1.5276E-06
-2.0850E-08	5.1460E-09	5.1075E-06	1.4168E-06
2.2806E-08	-3.7525E-08	7.7463E-06	9.5597E-07
-3.8522E-09	-2.0372E-08	6.6299E-06	1.3236E-07
5.4943E-10	-1.7484E-08	6.7304E-06	9.9897E-07
-8.4134E-09	1.4620E-08	6.6895E-06	1.2375E-06
2.2771E-08	-4.2277E-08	6.7564E-06	1.8517E-06
-8.1202E-09	2.7231E-08	7.3268E-06	2.9111E-06
-1.7792E-08	-7.3645E-09	8.4366E-06	2.2499E-06
-2.3449E-08	-1.8319E-09	7.3261E-06	3.3219E-06
-1.2299E-08	2.0906E-08	1.0734E-05	4.2637E-06
-1.9495E-08	2.6636E-11	1.0480E-05	9.3824E-07
-1.1540E-08	4.9766E-08	9.1406E-06	2.0169E-06
5.9630E-09	-3.7168E-08	9.3395E-06	1.8989E-06
-8.9301E-09	-3.0676E-08	9.0487E-06	3.3457E-06
7.8076E-10	-2.0164E-08	1.0968E-05	3.6082E-06
1.3847E-08	-3.8963E-08	1.1241E-05	2.5408E-06
-6.1130E-09	2.0338E-08	1.1002E-05	3.0338E-06
2.8474E-08	6.5714E-09	1.2534E-05	2.7801E-06
2.6030E-08	-3.8101E-08	1.1377E-05	1.6526E-06
2.5154E-08	2.2179E-08	1.2028E-05	3.6126E-06
2.3270E-08	-8.4946E-09	1.3222E-05	2.1101E-06
-5.9865E-09	-1.6197E-08	1.2811E-05	2.6059E-06
3.9852E-09	1.4986E-08	1.3228E-05	1.9223E-06
6.8175E-09	-2.4240E-08	1.3199E-05	3.7584E-06
-4.4830E-08	-3.0277E-08	1.6188E-05	2.5532E-06
2.8820E-08	-2.0917E-08	1.5161E-05	1.5777E-06
-5.7411E-09	-1.3721E-10	1.6688E-05	1.2985E-06
1.3749E-08	-1.6545E-08	1.5633E-05	2.0942E-08
-1.1964E-08	-2.3967E-08	1.5857E-05	8.4587E-07
-1.3156E-08	-1.8957E-08	1.5871E-05	1.4248E-06
9.3319E-09	-6.6808E-09	1.8751E-05	2.9081E-06
-1.9974E-08	-9.3815E-09	2.1973E-05	4.7710E-07
-1.1961E-09	-3.4078E-08	2.3287E-05	-2.5243E-06
3.4056E-09	-6.6914E-09	2.3719E-05	-6.2972E-06
-7.0782E-09	-9.0456E-09	2.1586E-05	-1.0536E-05
-2.0715E-08	4.2223E-09	1.7409E-05	-1.1203E-05
2.9687E-08	6.9849E-09	1.6390E-05	-1.0785E-05
-1.0507E-08	6.9888E-10	1.3953E-05	-1.0845E-05
-3.3920E-08	-9.9206E-09	1.4210E-05	-9.1562E-06
-4.3504E-08	-9.3888E-09	1.3936E-05	-1.0639E-05
-3.0828E-08	-3.0768E-08	1.2731E-05	-1.0305E-05
9.2789E-09	-4.1332E-08	1.1910E-05	-1.0597E-05
-2.2889E-08	-3.7388E-08	1.1300E-05	-9.8571E-06
-5.6837E-09	-9.2287E-09	1.0826E-05	-1.0306E-05
2.7538E-08	1.0966E-08	1.0075E-05	-9.5800E-06
-3.3435E-08	-2.1329E-08	9.7807E-06	-9.7963E-06
2.5459E-08	1.4109E-08	9.1520E-06	-9.1130E-06
1.9062E-08	1.0371E-08	8.7063E-06	-9.2418E-06
2.3217E-09	2.3269E-08	8.3826E-06	-7.6680E-06
1.0650E-08	3.4903E-09	9.5074E-06	-8.5140E-06
5.6615E-09	-1.8472E-08	7.9395E-06	-8.1368E-06
-2.8696E-08	6.1629E-09	9.1522E-06	-7.7756E-06
-1.4305E-08	7.7126E-09	7.7009E-06	-8.3534E-06
-3.0686E-08	2.4118E-08	8.5476E-06	-6.5837E-06
-1.3643E-08	-4.3275E-09	9.1608E-06	-8.4838E-06
-1.5978E-09	-2.3164E-08	7.1739E-06	-7.9420E-06
-3.1699E-09	-1.6054E-08	8.2535E-06	-6.6474E-06
4.4412E-08	-5.8389E-09	8.6005E-06	-8.0116E-06
2.9623E-08	2.2537E-09	7.1710E-06	-7.5731E-06
-2.0900E-08	2.2356E-08	7.9130E-06	-6.5040E-06
1.8394E-08	6.4932E-09	8.6413E-06	-6.8255E-06
2.9986E-08	1.0218E-08	9.1527E-06	-7.7815E-06
-5.9127E-09	-1.6237E-08	7.9209E-06	-8.5590E-06
-2.1570E-08	-1.3531E-08	7.8697E-06	-7.9828E-06
-5.6945E-09	-4.0222E-08	7.1714E-06	-8.4861E-06
-5.4067E-09	2.1121E-08	7.5903E-06	-7.4838E-06
-3.1515E-08	-4.5938E-08	7.1866E-06	-9.3586E-06
2.3243E-08	1.1915E-08	5.6845E-06	-7.2086E-06
1.1760E-08	1.9858E-08	7.9786E-06	-8.0317E-06
-5.1700E-09	-1.0620E-08	5.7384E-06	-8.7905E-06
1.8138E-08	-1.5103E-08	6.2918E-06	-7.7423E-06
-1.1659E-08	2.1443E-08	5.8114E-06	-8.0098E-06
2.5362E-09	4.6076E-09	6.4420E-06	-8.4388E-06
-1.5016E-08	3.4737E-08	4.0001E-06	-8.8199E-06
-2.6677E-08	-1.0505E-09	4.5735E-06	-6.7425E-06
-6.8303E-09	-2.6580E-08	4.1749E-06	-6.7621E-06
-1.9131E-08	-1.1593E-08	6.1546E-06	-5.7476E-06
1.2972E-08	1.1675E-08	5.0638E-06	-8.2228E-06
-6.5838E-10	-3.1589E-08	5.0305E-06	-5.6562E-06
-7.4422E-09	-6.5937E-09	4.2056E-06	-7.7502E-06
-2.3562E-09	-2.5692E-09	6.1273E-06	-5.6868E-06
-2.2908E-09	-2.4780E-09	4.7157E-06	-8.0674E-06
-2.2327E-09	-2.3840E-09	3.8464E-06	-6.7797E-06
-2.1822E-09	-2.2876E-09	3.7777E-06	-6.2754E-06
-2.1393E-09	-2.1897E-09	4.0308E-06	-5.5282E-06
-2.1042E-09	-2.0907E-09	4.4079E-06	-5.6285E-06
-2.0770E-09	-1.9913E-09	4.4934E-06	-4.9349E-06
-2.0576E-09	-1.8922E-09	5.7553E-06	-5.5918E-06
-2.0461E-09	-1.7940E-09	4.8123E-06	-6.1578E-06
-2.0422E-09	-1.6972E-09	5.2750E-06	-6.0345E-06
-2.0459E-09	-1.6026E-09	4.4046E-06	-6.4024E-06
-2.0570E-09	-1.5107E-09	5.0295E-06	-6.0937E-06
-2.0752E-09	-1.4221E-09	3.5484E-06	-6.8560E-06
-2.1003E-09	-1.3374E-09	4.2495E-06	-4.6831E-06
-2.1318E-09	-1.2571E-09	4.9917E-06	-6.9352E-06
-2.1694E-09	-1.1818E-09	2.9313E-06	-5.8908E-06
-2.2126E-09	-1.1117E-09	4.0837E-06	-5.5031E-06
-2.2611E-09	-1.0476E-09	3.2560E-06	-5.3404E-06
-2.3143E-09	-9.8957E-10	4.4372E-06	-4.9385E-06
-2.3717E-09	-9.3815E-10	3.5198E-06	-5.8729E-06
-2.4327E-09	-8.9359E-10	3.7858E-06	-4.3208E-06
-2.4967E-09	-8.5615E-10	4.4919E-06	-5.8127E-06
-2.5632E-09	-8.2605E-10	2.9343E-06	-4.8522E-06
-2.6315E-09	-8.0344E-10	4.6363E-06	-5.0824E-06
-2.7011E-09	-7.8843E-10	1.9741E-06	-5.2119E-06
-2.7712E-09	-7.8109E-10	4.9035E-06	-2.2482E-06
-2.8413E-09	-7.8140E-10	3.4496E-06	-5.5534E-06
-2.9107E-09	-7.8934E-10	3.2571E-06	-3.4532E-06
-2.9788E-09	-8.0479E-10	6.8823E-06	-5.2393E-06
-3.0450E-09	-8.2761E-10	3.0897E-06	-6.8776E-06
-3.1086E-09	-8.5759E-10	3.6443E-06	-4.3578E-06
-3.1692E-09	-8.9448E-10	4.1328E-06	-5.1733E-06
-3.2261E-09	-9.3800E-10	4.1621E-06	-5.3855E-06
-3.2788E-09	-9.8779E-10	2.9654E-06	-5.5878E-06
-3.3269E-09	-1.0435E-09	3.5792E-06	-4.0066E-06
-3.3697E-09	-1.1046E-09	4.5677E-06	-5.5933E-06
-3.4071E-09	-1.1708E-09	2.4472E-06	-5.8350E-06
-3.4384E-09	-1.2414E-09	2.8730E-06	-3.8624E-06
-3.4634E-09	-1.3161E-09	3.8204E-06	-5.0159E-06
-3.4818E-09	-1.3942E-09	2.4900E-06	-4.4775E-06
-3.4933E-09	-1.4751E-09	3.7707E-06	-4.0562E-06
-3.4977E-09	-1.5583E-09	3.1353E-06	-4.6912E-06
-3.4949E-09	-1.6431E-09	3.5950E-06	-4.1923E-06
-3.4847E-09	-1.7290E-09	3.1501E-06	-4.8572E-06
-3.4672E-09	-1.8153E-09	3.1353E-06	-4.2552E-06
-3.4422E-09	-1.9014E-09	2.7783E-06	-4.6176E-06
-3.4099E-09	-1.9867E-09	2.8281E-06	-3.5447E-06
-3.3703E-09	-2.0704E-09	3.4222E-06	-4.1775E-06
-3.3235E-09	-2.1521E-09	2.7506E-06	-3.7108E-06
-3.2699E-09	-2.2312E-09	3.8078E-06	-3.5708E-06
-3.2097E-09	-2.3070E-09	3.3101E-06	-4.4214E-06
-3.1430E-09	-2.3790E-09	3.1538E-06	-3.7334E-06
-3.0704E-09	-2.4467E-09	3.3043E-06	-4.1181E-06
-2.9921E-09	-2.5096E-09	3.2467E-06	-3.4787E-06
-2.9086E-09	-2.5672E-09	3.9139E-06	-4.4978E-06
-2.8204E-09	-2.6191E-09	2.4446E-06	-4.2323E-06
-2.7278E-09	-2.6650E-09	3.2949E-06	-3.9415E-06
-2.6316E-09	-2.7044E-09	1.9481E-06	-3.8052E-06
-2.5321E-09	-2.7371E-09	3.8329E-06	-2.4350E-06
-2.4300E-09	-2.7629E-09	3.6307E-06	-4.8264E-06
-2.3259E-09	-2.7814E-09	2.4107E-06	-3.6578E-06
-2.2204E-09	-2.7927E-09	2.7350E-06	-3.5029E-06
-2.1140E-09	-2.7965E-09	3.4704E-06	-2.5769E-06
-2.0075E-09	-2.7928E-09	4.2855E-06	-4.8593E-06
-1.9013E-09	-2.7817E-09	1.2548E-06	-4.4654E-06
-1.7963E-09	-2.7631E-09	2.5068E-06	-2.1159E-06
-1.6928E-09	-2.7373E-09	3.5400E-06	-3.3691E-06
-1.5917E-09	-2.7042E-09	2.5532E-06	-3.3518E-06
-1.4933E-09	-2.6642E-09	3.0737E-06	-2.5019E-06
-1.3984E-09	-2.6175E-09	3.7662E-06	-2.9884E-06
-1.3075E-09	-2.5644E-09	3.7606E-06	-3.4563E-06
-1.2210E-09	-2.5051E-09	3.3604E-06	-3.9821E-06
-1.1395E-09	-2.4403E-09	2.8409E-06	-3.4412E-06
-1.0634E-09	-2.3701E-09	3.4881E-06	-3.6131E-06
-9.9315E-10	-2.2951E-09	2.5473E-06	-4.1367E-06
-9.2910E-10	-2.2158E-09	2.2600E-06	-3.1243E-06
-8.7161E-10	-2.1327E-09	2.6277E-06	-2.8314E-06
-8.2095E-10	-2.0464E-09	3.3507E-06	-2.6724E-06
-7.7738E-10	-1.9573E-09	3.2724E-06	-3.8369E-06
-7.4108E-10	-1.8662E-09	2.3653E-06	-3.2159E-06
-7.1222E-10	-1.7736E-09	2.8940E-06	-3.2829E-06
-6.9088E-10	-1.6801E-09	2.0160E-06	-3.0946E-06
-6.7711E-10	-1.5863E-09	2.5792E-06	-2.1101E-06
-6.7091E-10	-1.4929E-09	3.5450E-06	-2.3873E-06
-6.7222E-10	-1.4004E-09	3.3083E-06	-3.7212E-06
-6.8092E-10	-1.3095E-09	1.9517E-06	-2.7943E-06
-6.9688E-10	-1.2208E-09	3.2118E-06	-2.5482E-06
-7.1987E-10	-1.1348E-09	2.0894E-06	-2.7257E-06
-7.4965E-10	-1.0522E-09	3.5250E-06	-1.5311E-06
-7.8591E-10	-9.7336E-10	3.6031E-06	-3.3825E-06
-8.2832E-10	-8.9892E-10	2.6330E-06	-2.6670E-06
-8.7649E-10	-8.2933E-10	3.2970E-06	-2.5259E-06
-9.2999E-10	-7.6505E-10	3.1674E-06	-3.1241E-06
-9.8837E-10	-7.0647E-10	2.4662E-06	-2.5989E-06
-1.0511E-09	-6.5398E-10	3.4901E-06	-2.4511E-06
-1.1178E-09	-6.0790E-10	2.5818E-06	-3.0532E-06
-1.1877E-09	-5.6852E-10	3.3197E-06	-2.0406E-06
-1.2604E-09	-5.3609E-10	3.1180E-06	-3.4882E-06
-1.3353E-09	-5.1080E-10	2.4149E-06	-2.3182E-06
-1.4118E-09	-4.9278E-10	3.2729E-06	-2.6750E-06
-1.4892E-09	-4.8214E-10	2.7472E-06	-2.9754E-06
-1.5670E-09	-4.7891E-10	2.1614E-06	-2.7584E-06
-1.6445E-09	-4.8309E-10	2.4255E-06	-1.7633E-06
-1.7211E-09	-4.9462E-10	2.9328E-06	-2.1443E-06
-1.7963E-09	-5.1339E-10	2.9300E-06	-1.8423E-06
-1.8694E-09	-5.3925E-10	3.2936E-06	-2.3002E-06
-1.9398E-09	-5.7198E-10	2.8751E-06	-2.2329E-06
-2.0071E-09	-6.1133E-10	3.0188E-06	-1.9686E-06
-2.0705E-09	-6.5700E-10	3.5458E-06	-1.8887E-06
-2.1298E-09	-7.0865E-10	3.8156E-06	-2.7037E-06
-2.1842E-09	-7.6590E-10	3.0981E-06	-3.5436E-06
-2.2336E-09	-8.2832E-10	1.2251E-06	-2.6872E-06
-2.2773E-09	-8.9546E-10	2.9749E-06	-5.9397E-07
-2.3151E-09	-9.6683E-10	3.5894E-06	-3.0652E-06
-2.3466E-09	-1.0419E-09	1.6889E-06	-1.8910E-06
-2.3715E-09	-1.1202E-09	2.9828E-06	-1.2310E-06
-2.3896E-09	-1.2010E-09	3.2544E-06	-1.3033E-06
-2.4008E-09	-1.2839E-09	3.7618E-06	-2.1239E-06
-2.4048E-09	-1.3682E-09	2.7721E-06	-1.9790E-06
-2.4016E-09	-1.4534E-09	3.5681E-06	-1.7857E-06
-2.3911E-09	-1.5387E-09	2.7815E-06	-2.5699E-06
-2.3733E-09	-1.6237E-09	1.9260E-06	-1.3267E-06
-2.3484E-09	-1.7077E-09	3.2247E-06	1.2530E-07
-2.3164E-09	-1.7900E-09	5.1506E-06	-1.0768E-06
-2.2775E-09	-1.8702E-09	4.0805E-06	-2.8790E-06
-2.2318E-09	-1.9477E-09	2.7625E-06	-1.5748E-06
-2.1797E-09	-2.0218E-09	4.8155E-06	-1.1346E-06
-2.1215E-09	-2.0921E-09	3.7141E-06	-3.4387E-06
-2.0574E-09	-2.1580E-09	2.8044E-06	-1.0169E-06
-1.9878E-09	-2.2191E-09	4.6271E-06	-2.3107E-06
-1.9133E-09	-2.2750E-09	2.7376E-06	-1.6677E-06
-1.8342E-09	-2.3252E-09	5.1694E-06	-1.6567E-06
-1.7510E-09	-2.3694E-09	2.9206E-06	-3.2038E-06
-1.6642E-09	-2.4073E-09	3.6650E-06	-6.9765E-07
-1.5745E-09	-2.4385E-09	4.7992E-06	-2.3133E-06
-1.4822E-09	-2.4629E-09	4.3634E-06	-2.6961E-06
-1.3881E-09	-2.4803E-09	3.3271E-06	-3.4498E-06
-1.2926E-09	-2.4904E-09	2.8951E-06	-1.9201E-06
-1.1965E-09	-2.4933E-09	3.5214E-06	-2.3168E-06
-1.1003E-09	-2.4890E-09	3.3866E-06	-1.8120E-06
-1.0046E-09	-2.4773E-09	3.4156E-06	-2.5758E-06
-9.0997E-10	-2.4584E-09	2.8247E-06	-1.0082E-06
-8.1707E-10	-2.4325E-09	4.7520E-06	-1.6809E-06
-7.2645E-10	-2.3995E-09	3.6735E-06	-1.9814E-06
-6.3869E-10	-2.3599E-09	4.9559E-06	-2.1912E-06
-5.5433E-10	-2.3137E-09	3.5457E-06	-3.3705E-06
-4.7389E-10	-2.2614E-09	2.9059E-06	-2.4691E-06
-3.9787E-10	-2.2033E-09	2.7523E-06	-1.0529E-06
-3.2674E-10	-2.1397E-09	5.1990E-06	-1.1436E-06
-2.6092E-10	-2.0710E-09	4.4183E-06	-2.6936E-06
-2.0082E-10	-1.9978E-09	4.9008E-06	-2.8708E-06
-1.4680E-10	-1.9205E-09	2.9287E-06	-3.6122E-06
-9.9159E-11	-1.8396E-09	3.8437E-06	-2.0376E-06
-5.8183E-11	-1.7557E-09	2.6820E-06	-3.4328E-06
-2.4095E-11	-1.6693E-09	3.0788E-06	-7.8357E-07
2.9243E-12	-1.5809E-09	4.1147E-06	-2.3277E-06
2.2745E-11	-1.4913E-09	4.0719E-06	-1.3872E-06
3.5284E-11	-1.4009E-09	4.6386E-06	-3.1792E-06
4.0509E-11	-1.3104E-09	3.2432E-06	-2.5251E-06
3.8436E-11	-1.2203E-09	3.4662E-06	-2.3002E-06
2.9134E-11	-1.1313E-09	4.1622E-06	-1.4497E-06
1.2718E-11	-1.0440E-09	4.4866E-06	-3.0577E-06
-1.0648E-11	-9.5893E-10	3.9231E-06	-2.3100E-06
-4.0752E-11	-8.7663E-10	3.7820E-06	-3.4858E-06
-7.7336E-11	-7.9768E-10	3.0788E-06	-1.4413E-06
-1.2010E-10	-7.2258E-10	4.9164E-06	-2.4900E-06
-1.6870E-10	-6.5184E-10	4.3253E-06	-2.1791E-06
-2.2275E-10	-5.8590E-10	5.4563E-06	-4.1262E-06
-2.8184E-10	-5.2521E-10	2.6455E-06	-3.9883E-06
-3.4550E-10	-4.7015E-10	3.3392E-06	-2.9993E-06
-4.1327E-10	-4.2107E-10	3.0936E-06	-2.3385E-06
-4.8461E-10	-3.7829E-10	4.6209E-06	-3.1740E-06
-5.5901E-10	-3.4207E-10	2.9530E-06	-3.5423E-06
-6.3591E-10	-3.1264E-10	3.8511E-06	-3.3209E-06
-7.1472E-10	-2.9017E-10	2.2874E-06	-3.8250E-06
-7.9487E-10	-2.7479E-10	2.6345E-06	-2.3790E-06
-8.7577E-10	-2.6659E-10	3.1074E-06	-2.6196E-06
-9.5682E-10	-2.6558E-10	2.9768E-06	-3.0265E-06
-1.0374E-09	-2.7176E-10	2.3948E-06	-1.9841E-06
-1.1170E-09	-2.8504E-10	4.2401E-06	-2.0945E-06
-1.1949E-09	-3.0532E-10	3.5215E-06	-3.5577E-06
-1.2707E-09	-3.3243E-10	2.6164E-06	-3.3100E-06
-1.3436E-09	-3.6615E-10	2.4347E-06	-2.2858E-06
-1.4133E-09	-4.0623E-10	3.0964E-06	-2.6506E-06
-1.4792E-09	-4.5237E-10	2.5924E-06	-1.8457E-06
-1.5408E-09	-5.0422E-10	4.1268E-06	-2.6317E-06
-1.5976E-09	-5.6140E-10	2.4088E-06	-2.9411E-06
-1.6492E-09	-6.2349E-10	3.2615E-06	-2.2282E-06
-1.6953E-09	-6.9005E-10	2.8324E-06	-2.2140E-06
-1.7355E-09	-7.6058E-10	4.0235E-06	-2.6714E-06
-1.7695E-09	-8.3459E-10	2.2253E-06	-2.8365E-06
-1.7969E-09	-9.1153E-10	4.0343E-06	-2.0332E-06
-1.8177E-09	-9.9086E-10	2.4954E-06	-3.7488E-06
-1.8316E-09	-1.0720E-09	2.5776E-06	-1.8027E-06
-1.8385E-09	-1.1544E-09	2.8730E-06	-2.4592E-06
-1.8383E-09	-1.2374E-09	3.2359E-06	-1.9453E-06
-1.8310E-09	-1.3205E-09	3.0094E-06	-2.5090E-06
-1.8166E-09	-1.4031E-09	3.5087E-06	-2.4074E-06
-1.7953E-09	-1.4845E-09	1.7621E-06	-2.8127E-06
-1.7670E-09	-1.5643E-09	3.4123E-06	7.6988E-08
-1.7320E-09	-1.6417E-09	5.0847E-06	-3.1064E-06
-1.6905E-09	-1.7164E-09	2.6536E-06	-2.8498E-06
-1.6427E-09	-1.7876E-09	3.5354E-06	-1.9869E-06
-1.5890E-09	-1.8551E-09	3.7762E-06	-2.5589E-06
-1.5297E-09	-1.9181E-09	3.3829E-06	-2.5457E-06
-1.4652E-09	-1.9764E-09	4.1725E-06	-2.4901E-06
-1.3959E-09	-2.0295E-09	3.4185E-06	-3.5816E-06
-1.3221E-09	-2.0769E-09	3.4670E-06	-2.6715E-06
-1.2446E-09	-2.1185E-09	3.0212E-06	-3.9268E-06
-1.1636E-09	-2.1538E-09	2.4343E-06	-1.8786E-06
-1.0798E-09	-2.1825E-09	4.4253E-06	-3.3375E-06
-9.9370E-10	-2.2046E-09	1.8297E-06	-3.5791E-06
-9.0587E-10	-2.2198E-09	3.3867E-06	-1.7790E-06
-8.1689E-10	-2.2280E-09	3.6307E-06	-3.9071E-06
-7.2733E-10	-2.2291E-09	2.1320E-06	-3.4525E-06
-6.3780E-10	-2.2231E-09	1.9662E-06	-2.9132E-06
-5.4887E-10	-2.2100E-09	2.2350E-06	-1.6182E-06
-4.6113E-10	-2.1900E-09	3.9095E-06	-2.6469E-06
-3.7515E-10	-2.1630E-09	1.9964E-06	-3.4955E-06
-2.9150E-10	-2.1294E-09	2.1522E-06	-1.8062E-06
-2.1072E-10	-2.0893E-09	2.6308E-06	-1.8259E-06
-1.3334E-10	-2.0429E-09	3.5775E-06	-1.4425E-06
-5.9857E-11	-1.9906E-09	3.8730E-06	-2.5744E-06
9.2434E-12	-1.9327E-09	3.8257E-06	-2.5980E-06
7.3520E-11	-1.8696E-09	3.6883E-06	-3.5401E-06
1.3256E-10	-1.8017E-09	2.9045E-06	-3.3855E-06
1.8599E-10	-1.7295E-09	2.6412E-06	-3.2101E-06
2.3346E-10	-1.6534E-09	2.7155E-06	-2.6381E-06
2.7469E-10	-1.5739E-09	3.1463E-06	-2.8210E-06
3.0941E-10	-1.4916E-09	3.2102E-06	-3.1249E-06
3.3742E-10	-1.4071E-09	2.8757E-06	-3.4131E-06
3.5856E-10	-1.3208E-09	2.7637E-06	-3.5193E-06
3.7271E-10	-1.2333E-09	1.7708E-06	-3.3706E-06
3.7979E-10	-1.1453E-09	2.5479E-06	-2.2659E-06
3.7980E-10	-1.0573E-09	2.4377E-06	-3.2744E-06
3.7276E-10	-9.6992E-10	2.4257E-06	-1.9225E-06
3.5874E-10	-8.8371E-10	3.6946E-06	-3.1039E-06
3.3787E-10	-7.9924E-10	2.5901E-06	-3.4321E-06
3.1032E-10	-7.1708E-10	2.9133E-06	-3.2173E-06
2.7631E-10	-6.3777E-10	2.9855E-06	-3.9636E-06
2.3610E-10	-5.6183E-10	1.5190E-06	-4.6844E-06
1.8999E-10	-4.8976E-10	6.8051E-07	-2.8931E-06
1.3833E-10	-4.2203E-10	1.3986E-06	-2.6128E-06
8.1488E-11	-3.5908E-10	1.7700E-06	-1.6748E-06
1.9891E-11	-3.0132E-10	3.0001E-06	-3.0558E-06
-4.6016E-11	-2.4912E-10	1.2690E-06	-2.9862E-06
-1.1576E-10	-2.0282E-10	2.3112E-06	-2.4563E-06
-1.8883E-10	-1.6271E-10	1.4713E-06	-2.8731E-06
-2.6470E-10	-1.2903E-10	2.2520E-06	-2.0381E-06
-3.4284E-10	-1.0200E-10	2.3235E-06	-3.1159E-06
-4.2268E-10	-8.1767E-11	1.6230E-06	-3.1988E-06
-5.0364E-10	-6.8453E-11	8.9929E-07	-2.4217E-06
-5.8517E-10	-6.2120E-11	2.2128E-06	-1.9032E-06
-6.6666E-10	-6.2785E-11	1.4378E-06	-3.1908E-06
-7.4756E-10	-7.0418E-11	9.9829E-07	-1.5414E-06
-8.2727E-10	-8.4939E-11	2.0990E-06	-1.8139E-06
-9.0523E-10	-1.0622E-10	1.9608E-06	-1.7911E-06
-9.8089E-10	-1.3410E-10	2.4308E-06	-2.1861E-06
-1.0537E-09	-1.6834E-10	1.7827E-06	-2.4062E-06
-1.1232E-09	-2.0870E-10	1.8945E-06	-1.7264E-06
-1.1888E-09	-2.5486E-10	2.6109E-06	-2.2505E-06
-1.2501E-09	-3.0649E-10	1.4121E-06	-2.6170E-06
-1.3067E-09	-3.6321E-10	2.0542E-06	-1.1321E-06
-1.3581E-09	-4.2459E-10	2.6940E-06	-2.5513E-06
-1.4040E-09	-4.9020E-10	1.8554E-06	-1.8999E-06
-1.4440E-09	-5.5956E-10	2.7248E-06	-2.4712E-06
-1.4779E-09	-6.3217E-10	1.7228E-06	-2.3641E-06
-1.5054E-09	-7.0750E-10	2.4356E-06	-2.4347E-06
-1.5263E-09	-7.8502E-10	1.3666E-06	-2.4711E-06
-1.5405E-09	-8.6416E-10	2.2825E-06	-1.7601E-06
-1.5478E-09	-9.4437E-10	2.1222E-06	-2.7730E-06
-1.5482E-09	-1.0251E-09	1.4169E-06	-2.5569E-06
-1.5417E-09	-1.1057E-09	1.2475E-06	-1.7273E-06
-1.5283E-09	-1.1856E-09	2.1609E-06	-1.8459E-06
-1.5081E-09	-1.2643E-09	1.3984E-06	-2.0324E-06
-1.4812E-09	-1.3413E-09	2.0104E-06	-1.4072E-06
-1.4478E-09	-1.4159E-09	1.9398E-06	-1.6302E-06
-1.4081E-09	-1.4876E-09	2.7965E-06	-1.4983E-06
-1.3623E-09	-1.5559E-09	2.4694E-06	-2.4913E-06
-1.3109E-09	-1.6203E-09	2.3643E-06	-2.4231E-06
-1.2540E-09	-1.6805E-09	1.5594E-06	-2.6812E-06
-1.1922E-09	-1.7358E-09	1.9065E-06	-1.9352E-06
-1.1257E-09	-1.7860E-09	1.4431E-06	-2.4676E-06
-1.0551E-09	-1.8306E-09	1.8102E-06	-1.4343E-06
-9.8084E-10	-1.8695E-09	1.8779E-06	-2.4636E-06
-9.0339E-10	-1.9021E-09	1.4895E-06	-1.5521E-06
-8.2329E-10	-1.9284E-09	1.9730E-06	-2.1810E-06
-7.4107E-10	-1.9482E-09	1.1959E-06	-1.6781E-06
-6.5729E-10	-1.9612E-09	1.8910E-06	-1.3350E-06
-5.7250E-10	-1.9674E-09	1.9227E-06	-1.8244E-06
-4.8728E-10	-1.9667E-09	1.0937E-06	-1.3003E-06
-4.0220E-10	-1.9591E-09	2.7067E-06	-1.3257E-07
-3.1783E-10	-1.9446E-09	3.2726E-06	-2.2352E-06
-2.3473E-10	-1.9234E-09	2.2411E-06	-2.0186E-06
-1.5347E-10	-1.8955E-09	2.0088E-06	-2.4379E-06
-7.4578E-11	-1.8611E-09	1.5957E-06	-9.8611E-07
1.4097E-12	-1.8205E-09	3.2134E-06	-1.7288E-06
7.3989E-11	-1.7739E-09	2.0657E-06	-2.0539E-06
1.4268E-10	-1.7216E-09	2.9930E-06	-1.8309E-06
2.0702E-10	-1.6640E-09	2.2017E-06	-2.8045E-06
2.6659E-10	-1.6014E-09	2.0819E-06	-1.7575E-06
3.2099E-10	-1.5343E-09	3.0353E-06	-2.7058E-06
3.6986E-10	-1.4630E-09	1.1589E-06	-3.4959E-06
4.1290E-10	-1.3881E-09	9.4317E-07	-1.3416E-06
4.4981E-10	-1.3101E-09	2.2871E-06	-1.9002E-06
4.8037E-10	-1.2295E-09	1.6137E-06	-1.9527E-06
5.0437E-10	-1.1468E-09	2.1515E-06	-1.8708E-06
5.2168E-10	-1.0625E-09	1.8723E-06	-2.1819E-06
5.3219E-10	-9.7728E-10	1.6268E-06	-2.0646E-06
5.3584E-10	-8.9164E-10	1.8113E-06	-1.3831E-06
5.3263E-10	-8.0616E-10	2.6420E-06	-2.0361E-06
5.2260E-10	-7.2140E-10	2.0782E-06	-2.3322E-06
5.0583E-10	-6.3793E-10	2.2403E-06	-2.7729E-06
4.8245E-10	-5.5630E-10	1.0666E-06	-2.6431E-06
4.5265E-10	-4.7704E-10	1.8422E-06	-2.0782E-06
4.1664E-10	-4.0069E-10	1.0391E-06	-3.1309E-06
3.7468E-10	-3.2773E-10	2.7057E-07	-1.4514E-06
3.2709E-10	-2.5866E-10	2.0342E-06	-1.4451E-06
2.7420E-10	-1.9392E-10	9.5592E-07	-2.9569E-06
2.1640E-10	-1.3393E-10	-2.0766E-07	-1.1305E-06
1.5409E-10	-7.9077E-11	1.1868E-06	-2.7786E-07
8.7717E-11	-2.9721E-11	2.1817E-06	-2.9986E-07
1.7753E-11	1.3828E-11	3.0451E-06	-1.9412E-06
-5.5309E-11	5.1294E-11	1.1077E-06	-2.3101E-06
-1.3095E-10	8.2445E-11	1.8665E-06	-1.2302E-06
-2.0864E-10	1.0709E-10	1.3569E-06	-2.4916E-06
-2.8784E-10	1.2509E-10	4.6221E-07	-8.5382E-07
-3.6798E-10	1.3635E-10	2.1322E-06	-5.6320E-07
-4.4851E-10	1.4080E-10	2.0971E-06	-1.4522E-06
-5.2885E-10	1.3846E-10	2.1773E-06	-1.5148E-06
-6.0846E-10	1.2935E-10	1.6246E-06	-2.1780E-06
-6.8676E-10	1.1357E-10	1.0920E-06	-1.0586E-06
-7.6322E-10	9.1249E-11	2.3729E-06	-1.1032E-06
-8.3730E-10	6.2567E-11	2.0307E-06	-2.1351E-06
-9.0848E-10	2.7747E-11	1.1315E-06	-2.0935E-06
-9.7626E-10	-1.2947E-11	7.0623E-07	-1.0515E-06
-1.0402E-09	-5.9211E-11	1.6349E-06	-3.5256E-07
-1.0998E-09	-1.1070E-10	2.6698E-06	-6.8252E-07
-1.1546E-09	-1.6704E-10	2.7366E-06	-2.2107E-06
-1.2044E-09	-2.2782E-10	1.2509E-06	-1.8675E-06
-1.2487E-09	-2.9260E-10	2.2966E-06	-1.5059E-06
-1.2872E-09	-3.6091E-10	1.1684E-06	-2.5861E-06
-1.3196E-09	-4.3225E-10	8.1190E-07	-9.0894E-07
-1.3458E-09	-5.0612E-10	1.7883E-06	-1.2803E-06
-1.3656E-09	-5.8198E-10	1.2223E-06	-1.2139E-06
-1.3787E-09	-6.5929E-10	1.7684E-06	-8.6973E-07
-1.3852E-09	-7.3750E-10	1.8355E-06	-1.2423E-06
-1.3849E-09	-8.1605E-10	1.8630E-06	-1.2507E-06
-1.3779E-09	-8.9438E-10	1.5905E-06	-1.4884E-06
-1.3641E-09	-9.7193E-10	1.5051E-06	-8.3401E-07
-1.3438E-09	-1.0481E-09	2.2860E-06	-1.0710E-06
-1.3170E-09	-1.1225E-09	1.9669E-06	-1.7456E-06
-1.2839E-09	-1.1944E-09	1.1172E-06	-1.6882E-06
-1.2447E-09	-1.2635E-09	9.7195E-07	-1.6714E-07
-1.1997E-09	-1.3291E-09	3.0876E-06	-2.3809E-07
-1.1492E-09	-1.3908E-09	2.5146E-06	-2.2060E-06
-1.0936E-09	-1.4483E-09	1.3848E-06	-1.1499E-06
-1.0332E-09	-1.5010E-09	2.7446E-06	-1.0266E-06
-9.6839E-10	-1.5486E-09	2.0884E-06	-2.2150E-06
-8.9967E-10	-1.5907E-09	1.9148E-06	-1.3370E-06
-8.2748E-10	-1.6271E-09	2.1381E-06	-2.5824E-06
-7.5232E-10	-1.6575E-09	4.3892E-07	-1.6391E-06
-6.7470E-10	-1.6816E-09	1.8275E-06	-1.1334E-06
-5.9514E-10	-1.6993E-09	7.3288E-07	-1.5353E-06
-5.1419E-10	-1.7104E-09	1.6742E-06	-1.6871E-07
-4.3238E-10	-1.7149E-09	2.1265E-06	-1.0968E-06
-3.5029E-10	-1.7127E-09	2.5426E-06	-1.2144E-06
-2.6845E-10	-1.7038E-09	1.4683E-06	-2.3722E-06
-1.8743E-10	-1.6882E-09	1.4694E-06	-5.5532E-07
-1.0778E-10	-1.6661E-09	2.1789E-06	-2.4587E-06
-3.0030E-11	-1.6375E-09	-1.6492E-07	-7.6551E-07
4.5293E-11	-1.6027E-09	3.1343E-06	3.6238E-08
1.1768E-10	-1.5619E-09	2.0805E-06	-2.9779E-06
1.8664E-10	-1.5154E-09	3.6979E-07	-1.4459E-06
2.5172E-10	-1.4634E-09	1.1771E-06	-7.4549E-07
3.1248E-10	-1.4063E-09	1.3156E-06	-9.7866E-07
3.6851E-10	-1.3445E-09	9.6520E-07	-4.3298E-07
4.1943E-10	-1.2783E-09	2.2164E-06	1.1825E-08
4.6491E-10	-1.2083E-09	2.2457E-06	-1.2144E-06
5.0465E-10	-1.1349E-09	1.7392E-06	-9.3023E-07
5.3839E-10	-1.0586E-09	1.6796E-06	-6.6850E-07
5.6591E-10	-9.7979E-10	2.7687E-06	-2.4106E-07
5.8702E-10	-8.9913E-10	2.7473E-06	-2.0916E-06
6.0161E-10	-8.1711E-10	1.5096E-06	-1.2294E-06
6.0957E-10	-7.3429E-10	2.6185E-06	-1.4014E-06
6.1088E-10	-6.5121E-10	1.8126E-06	-2.3195E-06
6.0552E-10	-5.6842E-10	7.0482E-07	-1.7046E-06
5.9356E-10	-4.8648E-10	1.6451E-06	-4.5258E-07
5.7508E-10	-4.0592E-10	1.7817E-06	-2.3305E-06
5.5023E-10	-3.2728E-10	-8.9272E-08	-6.2701E-07
5.1919E-10	-2.5109E-10	1.9460E-06	-7.1531E-08
4.8218E-10	-1.7784E-10	1.8086E-06	-3.9703E-07
4.3947E-10	-1.0802E-10	2.8204E-06	-1.3804E-06
3.9136E-10	-4.2086E-11	6.5773E-07	-1.5208E-06
3.3820E-10	1.9532E-11	2.0041E-06	-1.6877E-07
2.8037E-10	7.6430E-11	1.5017E-06	-1.1778E-06
2.1826E-10	1.2824E-10	2.0992E-06	-1.2346E-07
1.5233E-10	1.7463E-10	2.4117E-06	-1.1920E-06
8.3030E-11	2.1530E-10	2.2946E-06	-1.4578E-06
1.0847E-11	2.4999E-10	1.0057E-06	-1.7142E-06
-6.3712E-11	2.7849E-10	1.7592E-06	-1.6703E-07
-1.4013E-10	3.0063E-10	1.8814E-06	-1.8062E-06
-2.1786E-10	3.1627E-10	7.1020E-07	-2.1439E-07
-2.9637E-10	3.2534E-10	2.8228E-06	-2.6360E-07
-3.7512E-10	3.2779E-10	1.7819E-06	-1.8491E-06
-4.5355E-10	3.2363E-10	1.0210E-06	-2.5601E-07
-5.3111E-10	3.1291E-10	2.5774E-06	-2.9858E-07
-6.0728E-10	2.9573E-10	2.1185E-06	-1.0086E-06
-6.8151E-10	2.7223E-10	2.3949E-06	-8.6867E-07
-7.5329E-10	2.4259E-10	2.0985E-06	-1.2705E-06
-8.2213E-10	2.0705E-10	2.0017E-06	-1.3356E-06
-8.8754E-10	1.6585E-10	1.3799E-06	-7.2866E-07
-9.4908E-10	1.1932E-10	2.8156E-06	-7.5243E-07
-1.0063E-09	6.7796E-11	1.5313E-06	-1.4459E-06
-1.0588E-09	1.1649E-11	2.9702E-06	-5.4386E-07
-1.1063E-09	-4.8713E-11	1.7648E-06	-2.7511E-06
-1.1484E-09	-1.1285E-10	1.2650E-06	-7.4222E-07
-1.1848E-09	-1.8031E-10	1.0591E-06	-1.7131E-06
-1.2152E-09	-2.5060E-10	1.4103E-06	1.1231E-06
-1.2395E-09	-3.2322E-10	3.9511E-06	-1.7145E-06
-1.2575E-09	-3.9765E-10	8.4938E-07	-1.7132E-06
-1.2690E-09	-4.7336E-10	2.2553E-06	-7.5359E-07
-1.2740E-09	-5.4981E-10	1.5217E-06	-1.2208E-06
-1.2724E-09	-6.2646E-10	2.4047E-06	-7.9213E-07
-1.2643E-09	-7.0277E-10	1.8490E-06	-1.7646E-06
-1.2497E-09	-7.7818E-10	1.5456E-06	-1.1026E-06
-1.2287E-09	-8.5218E-10	1.5674E-06	-1.1003E-06
-1.2014E-09	-9.2423E-10	1.8497E-06	-6.0247E-07
-1.1681E-09	-9.9381E-10	2.3127E-06	-1.3567E-06
-1.1289E-09	-1.0605E-09	1.3770E-06	-1.1908E-06
-1.0841E-09	-1.1237E-09	2.3256E-06	-8.0440E-07
-1.0341E-09	-1.1830E-09	1.7274E-06	-1.6891E-06
-9.7908E-10	-1.2380E-09	2.0534E-06	-9.3774E-07
-9.1955E-10	-1.2884E-09	1.5477E-06	-2.1710E-06
-8.5587E-10	-1.3337E-09	1.2303E-06	-4.7661E-07
-7.8848E-10	-1.3736E-09	2.2983E-06	-2.0541E-06
-7.1783E-10	-1.4079E-09	9.6125E-08	-1.3429E-06
-6.4440E-10	-1.4363E-09	1.5612E-06	-2.0646E-07
-5.6870E-10	-1.4585E-09	1.6948E-06	-9.6990E-07
-4.9124E-10	-1.4745E-09	1.4488E-06	-1.0849E-06
-4.1256E-10	-1.4840E-09	1.4967E-06	-4.5153E-07
-3.3317E-10	-1.4871E-09	2.1341E-06	-1.5624E-06
-2.5364E-10	-1.4837E-09	2.7346E-07	-1.0449E-06
-1.7448E-10	-1.4737E-09	1.8200E-06	9.0876E-08
-9.6252E-11	-1.4574E-09	1.6678E-06	-1.1171E-06
-1.9475E-11	-1.4346E-09	1.3387E-06	-6.5948E-07
5.5328E-11	-1.4057E-09	1.2703E-06	-2.8685E-07
1.2765E-10	-1.3708E-09	2.4182E-06	-1.1455E-07
1.9700E-10	-1.3300E-09	2.1035E-06	-1.4932E-06
2.6292E-10	-1.2838E-09	1.3083E-06	-1.0977E-06
3.2495E-10	-1.2324E-09	1.0430E-06	-8.2577E-07
3.8269E-10	-1.1760E-09	1.2731E-06	-3.5934E-08
4.3573E-10	-1.1152E-09	1.7892E-06	-1.7467E-07
4.8374E-10	-1.0503E-09	2.1582E-06	-1.6812E-07
5.2638E-10	-9.8175E-10	2.0174E-06	-9.5777E-07
5.6338E-10	-9.0998E-10	1.5849E-06	-2.2658E-08
5.9449E-10	-8.3550E-10	2.9700E-06	-6.4768E-07
6.1951E-10	-7.5879E-10	1.4834E-06	-1.3862E-06
6.3827E-10	-6.8038E-10	2.0205E-06	-1.1021E-07
6.5066E-10	-6.0078E-10	2.0695E-06	-1.3052E-06
6.5661E-10	-5.2052E-10	1.4303E-06	-1.1629E-07
6.5608E-10	-4.4015E-10	2.9607E-06	-5.5088E-07
6.4908E-10	-3.6020E-10	1.9078E-06	-1.6181E-06
6.3569E-10	-2.8121E-10	1.4456E-06	-4.7570E-07
6.1599E-10	-2.0369E-10	2.6034E-06	-5.1168E-07
5.9014E-10	-1.2817E-10	2.0692E-06	-1.5432E-06
5.5832E-10	-5.5152E-11	1.6355E-06	-8.1551E-07
5.2077E-10	1.4887E-11	1.7576E-06	-9.6912E-07
4.7775E-10	8.1478E-11	1.9823E-06	-4.6131E-08
4.2956E-10	1.4418E-10	3.2829E-06	-1.4647E-06
3.7656E-10	2.0259E-10	1.2691E-06	-2.0751E-06
3.1910E-10	2.5632E-10	1.5204E-06	-9.0336E-07
2.5761E-10	3.0501E-10	1.2726E-06	-1.1991E-06
1.9249E-10	3.4836E-10	1.6915E-06	-3.1620E-07
1.2423E-10	3.8608E-10	2.1273E-06	-1.4930E-06
5.3282E-11	4.1793E-10	6.2182E-07	-1.0337E-06
-1.9847E-11	4.4372E-10	1.8594E-06	2.9094E-07
-9.4650E-11	4.6328E-10	2.5957E-06	-1.3720E-06
-1.7060E-10	4.7651E-10	1.0180E-06	-1.4107E-06
-2.4718E-10	4.8332E-10	1.4415E-06	-4.1773E-07
-3.2385E-10	4.8370E-10	1.6561E-06	-1.0252E-06
-4.0008E-10	4.7767E-10	1.0509E-06	-6.2789E-07
-4.7533E-10	4.6527E-10	1.6165E-06	-4.1764E-07
-5.4909E-10	4.4662E-10	8.9232E-07	-4.5399E-07
-6.2085E-10	4.2186E-10	1.9517E-06	1.1266E-06
-6.9010E-10	3.9119E-10	3.4477E-06	-6.9011E-07
-7.5637E-10	3.5483E-10	2.1045E-06	-1.3292E-06
-8.1920E-10	3.1306E-10	2.0834E-06	-1.2406E-06
-8.7815E-10	2.6617E-10	1.6018E-06	-1.3384E-06
-9.3281E-10	2.1451E-10	1.0937E-06	-1.5222E-06
-9.8282E-10	1.5845E-10	7.5156E-08	-7.3924E-08
-1.0278E-09	9.8399E-11	1.9995E-06	8.6047E-07
-1.0675E-09	3.4781E-11	2.1636E-06	-4.1228E-07
-1.1016E-09	-3.1947E-11	1.8568E-06	9.0786E-08
-1.1298E-09	-1.0131E-10	2.7175E-06	1.6005E-07
-1.1520E-09	-1.7282E-10	3.0821E-06	-8.0714E-07
-1.1681E-09	-2.4596E-10	2.5009E-06	-1.2552E-06
-1.1778E-09	-3.2022E-10	2.1413E-06	-1.4935E-06
-1.1812E-09	-3.9507E-10	1.4367E-06	-9.5145E-07
-1.1782E-09	-4.6998E-10	2.2019E-06	-5.9356E-07
-1.1689E-09	-5.4443E-10	2.1244E-06	-1.1192E-06
-1.1532E-09	-6.1788E-10	2.0230E-06	-1.3276E-06
-1.1314E-09	-6.8983E-10	1.2766E-06	-1.1665E-06
-1.1035E-09	-7.5976E-10	1.8548E-06	-6.3677E-07
-1.0697E-09	-8.2718E-10	1.5340E-06	-1.2388E-06
-1.0304E-09	-8.9161E-10	1.4404E-06	-5.1630E-07
-9.8566E-10	-9.5261E-10	1.7279E-06	-7.9517E-07
-9.3589E-10	-1.0097E-09	1.6380E-06	-5.9786E-07
-8.8141E-10	-1.0626E-09	1.6513E-06	-8.9970E-07
-8.2260E-10	-1.1108E-09	1.2984E-06	-3.5180E-07
-7.5986E-10	-1.1540E-09	1.9936E-06	-3.6209E-07
-6.9361E-10	-1.1919E-09	1.5858E-06	-5.1119E-07
-6.2430E-10	-1.2243E-09	2.0891E-06	-9.1213E-08
-5.5242E-10	-1.2508E-09	2.1308E-06	-4.4621E-07
-4.7846E-10	-1.2714E-09	2.8969E-06	-2.4465E-07
-4.0290E-10	-1.2859E-09	2.7653E-06	-2.0367E-06
-3.2628E-10	-1.2940E-09	1.3254E-06	-1.3513E-06
-2.4911E-10	-1.2959E-09	2.0752E-06	-1.5525E-06
-1.7192E-10	-1.2915E-09	2.9436E-07	-1.9318E-06
-9.5232E-11	-1.2807E-09	7.2394E-08	5.1708E-07
-1.9569E-11	-1.2637E-09	2.5742E-06	6.9505E-07
5.4555E-11	-1.2405E-09	2.0394E-06	-1.3648E-06
1.2664E-10	-1.2114E-09	1.4807E-06	2.3679E-07
1.9619E-10	-1.1765E-09	2.9049E-06	-1.3917E-06
2.6274E-10	-1.1360E-09	3.4592E-07	-1.0284E-06
3.2585E-10	-1.0902E-09	2.0449E-06	1.1366E-07
3.8507E-10	-1.0394E-09	1.1249E-06	-7.4426E-07
4.4002E-10	-9.8402E-10	1.9849E-06	5.3075E-07
4.9033E-10	-9.2433E-10	2.1452E-06	-5.0540E-07
5.3566E-10	-8.6077E-10	2.3888E-06	-1.5281E-07
5.7570E-10	-7.9376E-10	2.1252E-06	-1.0225E-06
6.1019E-10	-7.2376E-10	1.8204E-06	-4.6536E-07
6.3891E-10	-6.5122E-10	1.7892E-06	-2.4953E-07
6.6166E-10	-5.7665E-10	3.0806E-06	-1.2579E-07
6.7830E-10	-5.0055E-10	1.9376E-06	-1.9457E-06
6.8872E-10	-4.2342E-10	1.5147E-06	5.4426E-07
6.9287E-10	-3.4579E-10	3.8515E-06	-1.0723E-06
6.9072E-10	-2.6817E-10	1.7731E-06	-2.0481E-06
6.8230E-10	-1.9109E-10	1.8759E-06	-1.3260E-06
6.6768E-10	-1.1507E-10	1.1240E-06	-1.4952E-06
6.4696E-10	-4.0610E-11	1.4460E-06	-5.0297E-07
6.2031E-10	3.1786E-11	1.6861E-06	-1.1251E-06
5.8790E-10	1.0163E-10	1.3396E-06	-7.5101E-07
5.4998E-10	1.6847E-10	1.4415E-06	-1.0450E-06
5.0682E-10	2.3185E-10	8.6756E-07	-3.3983E-07
4.5872E-10	2.9134E-10	1.8194E-06	-2.4132E-07
4.0601E-10	3.4656E-10	1.4667E-06	-4.2987E-07
3.4908E-10	3.9715E-10	1.9914E-06	-7.7178E-07
2.8831E-10	4.4276E-10	1.3699E-07	-6.8522E-07
2.2415E-10	4.8310E-10	1.6155E-06	1.8496E-06
1.5703E-10	5.1791E-10	3.3078E-06	1.3063E-07
8.7420E-11	5.4697E-10	3.1326E-06	-4.7824E-07
1.5813E-11	5.7009E-10	2.4950E-06	-1.9515E-06
-5.7296E-11	5.8712E-10	1.0165E-06	-6.3777E-07
-1.3140E-10	5.9798E-10	2.2468E-06	-4.4477E-07
-2.0598E-10	6.0259E-10	1.4915E-06	-5.1445E-07
-2.8052E-10	6.0095E-10	2.6172E-06	4.7457E-08
-3.5450E-10	5.9307E-10	2.3187E-06	-1.2600E-06
-4.2741E-10	5.7904E-10	1.9081E-06	-2.1058E-07
-4.9874E-10	5.5896E-10	3.1753E-06	-9.1842E-07
-5.6800E-10	5.3298E-10	2.1947E-06	-1.9235E-06
-6.3472E-10	5.0131E-10	1.4216E-06	-1.7342E-06
-6.9841E-10	4.6417E-10	8.3962E-07	-7.7530E-07
-7.5866E-10	4.2183E-10	1.9245E-06	-5.6463E-07
-8.1504E-10	3.7460E-10	1.1550E-06	-9.9817E-07
-8.6715E-10	3.2282E-10	1.6109E-06	-1.7423E-07
-9.1465E-10	2.6686E-10	1.4771E-06	-3.3960E-07
-9.5720E-10	2.0712E-10	2.7476E-06	1.2885E-07
-9.9451E-10	1.4402E-10	2.2981E-06	-1.7804E-06
-1.0263E-09	7.8004E-11	1.5875E-06	-7.9732E-07
-1.0524E-09	9.5466E-12	1.4568E-06	-1.4924E-06
-1.0726E-09	-6.0872E-11	1.0199E-06	-7.2072E-09
-1.0868E-09	-1.3276E-10	2.1010E-06	-7.3182E-07
-1.0948E-09	-2.0560E-10	1.3278E-06	-2.3409E-07
-1.0966E-09	-2.7889E-10	2.3722E-06	-5.3490E-07
-1.0922E-09	-3.5212E-10	1.6300E-06	-6.9704E-07
-1.0817E-09	-4.2476E-10	2.0560E-06	-6.4659E-07
-1.0650E-09	-4.9632E-10	1.6248E-06	-4.2274E-07
-1.0424E-09	-5.6628E-10	2.7639E-06	-5.0119E-07
-1.0139E-09	-6.3417E-10	1.9208E-06	-1.8005E-06
-9.7977E-10	-6.9949E-10	1.1769E-06	-5.4538E-07
-9.4025E-10	-7.6181E-10	2.6650E-06	-9.4685E-07
-8.9559E-10	-8.2067E-10	5.7177E-07	-2.1460E-06
-8.4611E-10	-8.7567E-10	9.0314E-07	1.0480E-06
-7.9213E-10	-9.2643E-10	3.0762E-06	-1.1138E-06
-7.3404E-10	-9.7258E-10	1.0813E-06	-8.3147E-07
-6.7222E-10	-1.0138E-09	2.4739E-06	-1.2134E-06
-6.0711E-10	-1.0498E-09	3.9800E-07	-1.3325E-06
-5.3914E-10	-1.0804E-09	1.5321E-06	-2.5935E-07
-4.6878E-10	-1.1052E-09	8.2194E-07	-4.6199E-07
-3.9651E-10	-1.1242E-09	2.2150E-06	1.0800E-10
-3.2282E-10	-1.1372E-09	1.1253E-06	-9.3444E-07
-2.4822E-10	-1.1441E-09	2.1316E-06	1.0428E-07
-1.7321E-10	-1.1449E-09	1.3238E-06	-1.2969E-06
-9.8311E-11	-1.1395E-09	1.7935E-06	2.4344E-07
-2.4026E-11	-1.1279E-09	1.5742E-06	-1.7856E-06
4.9138E-11	-1.1104E-09	8.2760E-08	4.7301E-07
1.2068E-10	-1.0869E-09	2.4035E-06	6.9477E-07
1.9013E-10	-1.0576E-09	2.4218E-06	-5.1947E-07
2.5700E-10	-1.0227E-09	1.5759E-06	-8.9962E-07
3.2084E-10	-9.8253E-10	1.5282E-06	1.9961E-07
3.8122E-10	-9.3725E-10	2.1651E-06	-3.1612E-07
4.3773E-10	-8.8720E-10	2.0534E-06	1.0793E-07
4.9000E-10	-8.3272E-10	2.7864E-06	-7.1706E-07
5.3766E-10	-7.7418E-10	1.9779E-06	-8.0505E-07
5.8041E-10	-7.1197E-10	2.2310E-06	-1.0537E-06
6.1796E-10	-6.4652E-10	1.2970E-06	-6.6867E-07
6.5005E-10	-5.7826E-10	2.5005E-06	-1.1433E-07
6.7648E-10	-5.0767E-10	2.4404E-06	-1.3554E-06
6.9706E-10	-4.3521E-10	1.9698E-06	-1.2945E-06
7.1168E-10	-3.6139E-10	1.5764E-06	-1.8426E-06
7.2024E-10	-2.8669E-10	3.8107E-07	-1.0278E-06
7.2269E-10	-2.1162E-10	1.3874E-06	-8.4475E-08
7.1901E-10	-1.3670E-10	1.2639E-06	-8.8273E-07
7.0926E-10	-6.2425E-11	1.1472E-06	6.8822E-08
6.9349E-10	1.0702E-11	1.7330E-06	-4.4800E-07
6.7184E-10	8.2187E-11	1.2919E-06	3.2894E-10
6.4445E-10	1.5155E-10	2.0888E-06	-8.9259E-08
6.1153E-10	2.1832E-10	1.8545E-06	-3.3964E-07
5.7330E-10	2.8206E-10	1.9338E-06	-3.4265E-07
5.3005E-10	3.4233E-10	2.1698E-06	3.7607E-08
4.8207E-10	3.9873E-10	3.0767E-06	-1.0413E-06
4.2971E-10	4.5088E-10	1.5435E-06	-1.9509E-06
3.7333E-10	4.9844E-10	7.0717E-07	-8.8822E-07
3.1333E-10	5.4110E-10	1.1053E-06	2.1513E-07
2.5013E-10	5.7857E-10	2.3676E-06	-5.9551E-08
1.8416E-10	6.1060E-10	1.9048E-06	-9.7387E-07
1.1589E-10	6.3700E-10	1.4602E-06	-3.5697E-07
4.5801E-11	6.5758E-10	2.4106E-06	-2.0358E-07
-2.5631E-11	6.7222E-10	2.0424E-06	-1.5932E-06
-9.7905E-11	6.8084E-10	8.4541E-07	-3.2034E-07
-1.7052E-10	6.8338E-10	2.7076E-06	-6.3784E-08
-2.4297E-10	6.7984E-10	2.3308E-06	-1.8258E-06
-3.1475E-10	6.7026E-10	6.4950E-07	-1.7140E-06
-3.8537E-10	6.5472E-10	5.0515E-07	3.7672E-07
-4.5434E-10	6.3333E-10	2.6950E-06	1.2013E-08
-5.2118E-10	6.0625E-10	1.9224E-06	-1.2625E-06
-5.8542E-10	5.7369E-10	1.8120E-06	-1.1544E-06
-6.4663E-10	5.3588E-10	9.6333E-07	-1.4900E-06
-7.0438E-10	4.9309E-10	4.1489E-07	-6.1990E-07
-7.5827E-10	4.4562E-10	9.1361E-07	7.1481E-07
-8.0794E-10	3.9381E-10	2.8319E-06	-3.4313E-07
-8.5302E-10	3.3804E-10	7.4867E-07	-1.3634E-06
-8.9323E-10	2.7869E-10	1.4223E-06	4.9060E-07
-9.2828E-10	2.1618E-10	1.7401E-06	-6.3566E-07
-9.5792E-10	1.5095E-10	1.7679E-06	-5.7346E-08
-9.8196E-10	8.3459E-11	1.4915E-06	-9.9835E-07
-1.0002E-09	1.4182E-11	1.1929E-06	7.5717E-07
-1.0126E-09	-5.6397E-11	3.5224E-06	-2.7290E-07
-1.0190E-09	-1.2779E-10	2.0080E-06	-2.0579E-06
-1.0193E-09	-1.9948E-10	1.2963E-06	-1.2747E-06
-1.0137E-09	-2.7099E-10	8.0247E-07	-1.6379E-06
-1.0020E-09	-3.4181E-10	-1.1090E-07	-2.2693E-07
-9.8446E-10	-4.1145E-10	1.1149E-06	4.3462E-07
-9.6111E-10	-4.7943E-10	1.2850E-06	4.3370E-07
-9.3213E-10	-5.4526E-10	2.3245E-06	3.0301E-07
-8.9772E-10	-6.0849E-10	2.1980E-06	-5.2814E-07
-8.5812E-10	-6.6869E-10	2.1988E-06	-1.1262E-06
-8.1360E-10	-7.2543E-10	8.3622E-07	-1.3246E-06
-7.6447E-10	-7.7832E-10	7.2942E-07	-5.1393E-07
-7.1106E-10	-8.2700E-10	1.5144E-07	5.4366E-07
-6.5374E-10	-8.7111E-10	2.7846E-06	1.3491E-06
-5.9290E-10	-9.1036E-10	2.3196E-06	-1.4102E-06
-5.2895E-10	-9.4448E-10	1.3411E-06	-1.7826E-07
-4.6234E-10	-9.7322E-10	1.7292E-06	-7.4916E-07
-3.9353E-10	-9.9639E-10	1.4119E-06	-2.1607E-07
-3.2297E-10	-1.0138E-09	1.3635E-06	-8.2397E-07
-2.5116E-10	-1.0254E-09	8.5242E-07	5.4843E-07
-1.7858E-10	-1.0310E-09	2.7321E-06	1.5148E-07
-1.0573E-10	-1.0307E-09	1.8032E-06	-1.2902E-06
-3.3111E-11	-1.0244E-09	1.0918E-06	-5.6042E-07
3.8791E-11	-1.0121E-09	1.0416E-06	-7.1318E-07
1.0948E-10	-9.9397E-10	2.6460E-07	6.4075E-07
1.7848E-10	-9.7011E-10	2.6116E-06	8.6411E-07
2.4532E-10	-9.4068E-10	1.4005E-06	-7.7821E-07
3.0955E-10	-9.0587E-10	1.7328E-06	7.6109E-07
3.7072E-10	-8.6593E-10	1.7718E-06	-2.8949E-07
4.2843E-10	-8.2113E-10	2.2602E-06	8.2081E-07
4.8229E-10	-7.7177E-10	2.3311E-06	-1.0090E-06
5.3193E-10	-7.1818E-10	1.6013E-06	5.2667E-07
5.7702E-10	-6.6074E-10	2.7295E-06	-6.7595E-07
6.1726E-10	-5.9983E-10	1.6681E-06	6.0343E-08
6.5237E-10	-5.3587E-10	3.1946E-06	-7.1621E-07
6.8213E-10	-4.6930E-10	1.5972E-06	-1.6330E-06
7.0633E-10	-4.0056E-10	7.8856E-07	-8.2750E-07
7.2483E-10	-3.3013E-10	1.0673E-06	8.9524E-07
7.3749E-10	-2.5849E-10	3.2285E-06	1.2788E-07
7.4425E-10	-1.8612E-10	2.1777E-06	-1.4109E-06
7.4506E-10	-1.1351E-10	1.1996E-06	-7.1741E-07
7.3992E-10	-4.1165E-11	1.9332E-06	1.9612E-07
7.2889E-10	3.0432E-11	2.3557E-06	-1.0896E-06
7.1203E-10	1.0080E-10	1.2482E-06	-4.6443E-07
6.8949E-10	1.6945E-10	2.3236E-06	-3.8605E-07
6.6142E-10	2.3592E-10	1.9936E-06	-1.0470E-06
6.2801E-10	2.9977E-10	1.4686E-06	-1.3777E-06
5.8952E-10	3.6056E-10	7.8957E-07	-3.2037E-07
5.4621E-10	4.1788E-10	2.0385E-06	-3.5854E-07
4.9839E-10	4.7135E-10	1.1873E-06	-1.0445E-06
4.4639E-10	5.2061E-10	1.0280E-06	2.2651E-08
3.9057E-10	5.6533E-10	2.2106E-06	-1.2482E-07
3.3133E-10	6.0521E-10	1.2907E-06	-1.2720E-06
2.6908E-10	6.3998E-10	1.2468E-06	4.2503E-07
2.0426E-10	6.6942E-10	2.2427E-06	-1.2003E-06
1.3731E-10	6.9333E-10	5.1664E-07	-3.9478E-07
6.8707E-11	7.1156E-10	1.7495E-06	-6.3694E-07
-1.0823E-12	7.2399E-10	-1.6097E-07	-1.3362E-07
-7.1570E-11	7.3054E-10	1.7870E-06	1.3099E-06
-1.4227E-10	7.3119E-10	1.8280E-06	2.2449E-07
-2.1268E-10	7.2594E-10	2.5621E-06	6.8377E-07
-2.8233E-10	7.1483E-10	2.9054E-06	-6.2206E-07
-3.5073E-10	6.9794E-10	2.0455E-06	-1.2176E-06
-4.1741E-10	6.7541E-10	1.3295E-06	-4.3925E-07
-4.8190E-10	6.4740E-10	2.2103E-06	-3.7731E-07
-5.4377E-10	6.1411E-10	1.8901E-06	-6.6633E-07
-6.0258E-10	5.7578E-10	2.3329E-06	-1.2300E-06
-6.5792E-10	5.3267E-10	8.2738E-07	-1.5898E-06
-7.0943E-10	4.8511E-10	7.2804E-07	-6.3108E-07
-7.5674E-10	4.3341E-10	5.1619E-07	6.5749E-09
-7.9953E-10	3.7795E-10	1.6465E-06	2.3353E-07
-8.3750E-10	3.1911E-10	1.1893E-06	-8.0534E-08
-8.7039E-10	2.5730E-10	2.0762E-06	-6.2983E-09
-8.9798E-10	1.9297E-10	8.9000E-07	-6.2237E-07
-9.2007E-10	1.2655E-10	1.6500E-06	9.1754E-07
-9.3652E-10	5.8507E-11	2.4279E-06	-3.7461E-07
-9.4722E-10	-1.0681E-11	1.6678E-06	-7.2460E-07
-9.5208E-10	-8.0535E-11	1.2343E-06	-4.3735E-08
-9.5109E-10	-1.5057E-10	2.4375E-06	-3.3976E-07
-9.4424E-10	-2.2030E-10	7.1671E-07	-1.1589E-06
-9.3158E-10	-2.8924E-10	1.2278E-06	7.3842E-07
-9.1321E-10	-3.5691E-10	1.6164E-06	-5.1396E-09
-8.8924E-10	-4.2284E-10	2.4759E-06	5.5565E-07
-8.5985E-10	-4.8658E-10	1.8701E-06	-1.6446E-06
-8.2523E-10	-5.4769E-10	3.7406E-07	6.9238E-07
-7.8563E-10	-6.0574E-10	2.7720E-06	5.9709E-07
-7.4132E-10	-6.6033E-10	2.2338E-06	-4.2172E-07
-6.9260E-10	-7.1108E-10	2.2417E-06	-4.4821E-07
-6.3981E-10	-7.5765E-10	2.2259E-06	-5.7572E-07
-5.8331E-10	-7.9971E-10	2.0106E-06	-1.4831E-06
-5.2349E-10	-8.3698E-10	3.9624E-07	-7.8456E-07
-4.6075E-10	-8.6919E-10	1.4670E-06	6.5369E-07
-3.9553E-10	-8.9612E-10	2.3119E-06	-3.9033E-07
-3.2828E-10	-9.1759E-10	1.3818E-06	-7.4869E-07
-2.5945E-10	-9.3345E-10	1.3881E-06	8.0857E-08
-1.8952E-10	-9.4359E-10	1.7425E-06	-9.6701E-08
-1.1896E-10	-9.4794E-10	1.9624E-06	4.9604E-07
-4.8261E-11	-9.4647E-10	3.2563E-06	-7.4275E-07
2.2100E-11	-9.3919E-10	1.1125E-06	-1.5926E-06
9.1641E-11	-9.2615E-10	1.7612E-06	3.2192E-07
1.5989E-10	-9.0745E-10	2.1006E-06	-1.4801E-06
2.2638E-10	-8.8320E-10	8.8071E-07	-5.6613E-08
2.9066E-10	-8.5358E-10	2.6560E-06	-7.1034E-07
3.5229E-10	-8.1879E-10	9.6192E-07	-1.2109E-06
4.1085E-10	-7.7906E-10	1.7399E-06	-5.3493E-07
4.6595E-10	-7.3468E-10	7.4025E-07	-1.0777E-06
5.1721E-10	-6.8594E-10	1.4600E-06	7.9788E-08
5.6429E-10	-6.3319E-10	1.2644E-06	-1.3265E-06
6.0687E-10	-5.7677E-10	2.0766E-07	-1.5252E-07
6.4467E-10	-5.1708E-10	1.1198E-06	3.5059E-07
6.7742E-10	-4.5453E-10	1.2232E-06	-7.9388E-08
7.0492E-10	-3.8954E-10	7.2313E-07	5.3631E-07
7.2698E-10	-3.2256E-10	2.2088E-06	9.9239E-07
7.4345E-10	-2.5405E-10	1.9235E-06	-4.8583E-07
7.5423E-10	-1.8447E-10	1.5159E-06	5.8863E-07
7.5926E-10	-1.1430E-10	2.7293E-06	2.9891E-08
7.5850E-10	-4.4025E-11	2.1034E-06	-9.8587E-07
7.5197E-10	2.5885E-11	1.1955E-06	-6.8939E-07
7.3972E-10	9.4950E-11	1.2582E-06	-2.8619E-08
7.2184E-10	1.6270E-10	1.5088E-06	3.5890E-07
6.9847E-10	2.2867E-10	2.5015E-06	1.1162E-07
6.6976E-10	2.9242E-10	1.9402E-06	-7.5505E-07
6.3593E-10	3.5351E-10	1.9939E-06	-6.1248E-07
5.9721E-10	4.1153E-10	8.7210E-07	-9.9537E-07
5.5388E-10	4.6609E-10	1.4393E-06	6.2179E-07
5.0624E-10	5.1681E-10	1.7699E-06	-7.9661E-07
4.5462E-10	5.6336E-10	9.6268E-07	5.4838E-07
3.9939E-10	6.0542E-10	2.5339E-06	5.3857E-08
3.4093E-10	6.4270E-10	1.5103E-06	-5.7552E-07
2.7964E-10	6.7497E-10	1.5984E-06	3.2944E-07
2.1596E-10	7.0201E-10	2.5401E-06	-1.8298E-07
1.5032E-10	7.2363E-10	1.1688E-06	-7.9890E-07
8.3188E-11	7.3969E-10	2.0321E-06	1.2774E-06
1.5019E-11	7.5010E-10	3.3939E-06	-1.0533E-06
-5.3711E-11	7.5479E-10	1.5359E-06	-7.6805E-07
-1.2253E-10	7.5373E-10	2.5060E-06	-8.7035E-07
-1.9095E-10	7.4695E-10	1.4502E-06	-1.0597E-06
-2.5852E-10	7.3448E-10	2.1021E-06	-1.0437E-06
-3.2475E-10	7.1644E-10	6.9826E-07	-1.7053E-06
-3.8919E-10	6.9294E-10	1.9539E-07	-2.2055E-09
-4.5141E-10	6.6416E-10	1.4174E-06	6.8594E-07
-5.1097E-10	6.3030E-10	2.1066E-06	1.8469E-08
-5.6745E-10	5.9161E-10	2.1932E-06	-3.0589E-07
-6.2048E-10	5.4835E-10	1.8466E-06	-1.2335E-06
-6.6968E-10	5.0083E-10	8.5261E-07	-3.0415E-07
-7.1473E-10	4.4938E-10	1.9340E-06	-1.1502E-07
-7.5530E-10	3.9437E-10	1.6457E-06	-4.5741E-07
-7.9112E-10	3.3617E-10	2.0102E-06	-6.0861E-07
-8.2195E-10	2.7519E-10	1.5199E-06	-1.0106E-06
-8.4758E-10	2.1185E-10	9.9139E-07	-1.0255E-06
-8.6782E-10	1.4661E-10	5.8347E-07	3.1081E-07
-8.8255E-10	7.9897E-11	2.4670E-06	7.9409E-09
-8.9166E-10	1.2190E-11	1.1413E-06	-1.0868E-06
-8.9509E-10	-5.6046E-11	1.6286E-06	2.3285E-07
-8.9283E-10	-1.2434E-10	2.0741E-06	-1.2998E-06
-8.8487E-10	-1.9222E-10	4.2781E-07	-1.0819E-06
-8.7130E-10	-2.5921E-10	9.0435E-07	6.2277E-08
-8.5219E-10	-3.2486E-10	9.0240E-07	-7.2241E-07
-8.2768E-10	-3.8870E-10	4.9249E-08	9.5632E-07
-7.9794E-10	-4.5031E-10	2.8270E-06	9.9640E-07
-7.6318E-10	-5.0924E-10	1.6494E-06	-1.2665E-06
-7.2363E-10	-5.6511E-10	8.7692E-07	2.9642E-07
-6.7958E-10	-6.1752E-10	1.7981E-06	1.8816E-07
-6.3132E-10	-6.6611E-10	1.7852E-06	-1.5506E-07
-5.7918E-10	-7.1056E-10	1.2405E-06	-6.4862E-08
-5.2353E-10	-7.5054E-10	2.3884E-06	8.8814E-07
-4.6475E-10	-7.8580E-10	3.0694E-06	-1.6086E-06
-4.0323E-10	-8.1609E-10	2.1031E-07	-1.3532E-06
-3.3941E-10	-8.4119E-10	1.1438E-06	5.0585E-07
-2.7372E-10	-8.6095E-10	1.6263E-06	-5.1206E-09
-2.0662E-10	-8.7522E-10	2.3122E-06	-2.0993E-07
-1.3855E-10	-8.8391E-10	9.6178E-07	-1.3254E-06
-6.9996E-11	-8.8695E-10	1.2270E-06	9.9004E-07
-1.4153E-12	-8.8434E-10	2.5178E-06	-1.1977E-06
6.6719E-11	-8.7609E-10	3.1867E-07	-1.6905E-07
1.3394E-10	-8.6226E-10	2.1585E-06	-8.4928E-08
1.9979E-10	-8.4294E-10	7.5506E-07	-1.6188E-07
2.6383E-10	-8.1828E-10	2.5131E-06	1.8331E-07
3.2560E-10	-7.8843E-10	1.0723E-06	-8.9128E-07
3.8470E-10	-7.5361E-10	2.0826E-06	2.5792E-07
4.4073E-10	-7.1405E-10	1.3598E-06	-1.2586E-06
4.9329E-10	-6.7004E-10	1.1876E-06	8.7643E-08
5.4203E-10	-6.2187E-10	1.2817E-06	-4.8134E-07
5.8664E-10	-5.6988E-10	1.5470E-06	3.0100E-07
6.2679E-10	-5.1441E-10	1.6461E-06	-5.7829E-07
6.6223E-10	-4.5587E-10	1.5073E-06	-5.1402E-08
6.9271E-10	-3.9464E-10	1.2742E-06	-5.2365E-07
7.1804E-10	-3.3114E-10	1.6983E-06	6.1503E-07
7.3804E-10	-2.6582E-10	2.3589E-06	-1.0370E-06
7.5258E-10	-1.9912E-10	9.2563E-07	-6.1450E-07
7.6157E-10	-1.3149E-10	1.3789E-06	-4.2698E-07
7.6495E-10	-6.3411E-11	1.0115E-06	1.3426E-08
7.6271E-10	4.6654E-12	1.8648E-06	-1.4093E-07
7.5487E-10	7.2270E-11	1.1462E-06	-5.3424E-07
7.4149E-10	1.3894E-10	1.2716E-06	1.8602E-07
7.2266E-10	2.0422E-10	1.7363E-06	-7.7681E-08
6.9853E-10	2.6767E-10	1.3603E-06	-2.7317E-07
6.6926E-10	3.2884E-10	1.5321E-06	4.2630E-07
6.3506E-10	3.8734E-10	2.5508E-06	-1.4083E-07
5.9618E-10	4.4275E-10	1.7294E-06	-1.1991E-06
5.5288E-10	4.9471E-10	1.1121E-06	-2.8164E-07
5.0547E-10	5.4285E-10	1.8310E-06	-5.7058E-07
4.5427E-10	5.8686E-10	7.8682E-07	-6.2255E-07
3.9966E-10	6.2644E-10	1.3468E-06	2.9910E-07
3.4200E-10	6.6131E-10	1.6936E-06	6.8587E-08
2.8170E-10	6.9125E-10	2.3755E-06	-5.4744E-07
2.1917E-10	7.1606E-10	5.7484E-07	-1.1124E-06
1.5485E-10	7.3557E-10	1.5662E-06	1.1490E-06
8.9190E-11	7.4965E-10	2.7231E-06	-9.9430E-07
2.2635E-11	7.5822E-10	1.2740E-06	-9.6515E-07
-4.4351E-11	7.6121E-10	1.0762E-06	-8.0367E-07
-1.1131E-10	7.5862E-10	1.2660E-06	1.1898E-07
-1.7777E-10	7.5048E-10	1.7660E-06	-9.3924E-07
-2.4327E-10	7.3683E-10	7.3869E-07	-3.8522E-07
-3.0738E-10	7.1779E-10	1.2967E-06	-1.0458E-07
-3.6964E-10	6.9348E-10	1.7524E-06	1.5612E-07
-4.2962E-10	6.6409E-10	1.9435E-06	-1.2784E-06
-4.8692E-10	6.2981E-10	6.0453E-07	-5.1635E-07
-5.4114E-10	5.9090E-10	1.3405E-06	-5.9596E-07
-5.9191E-10	5.4762E-10	6.1723E-07	5.5809E-08
-6.3887E-10	5.0028E-10	1.9863E-06	-3.5553E-07
-6.8172E-10	4.4920E-10	4.8877E-07	-5.7050E-07
-7.2014E-10	3.9475E-10	1.7346E-06	2.3012E-07
-7.5389E-10	3.3730E-10	1.0094E-06	-9.7700E-07
-7.8273E-10	2.7725E-10	8.1486E-07	2.9821E-07
-8.0647E-10	2.1501E-10	1.7694E-06	-3.0241E-08
-8.2493E-10	1.5103E-10	1.3949E-06	-1.0182E-06
-8.3801E-10	8.5733E-11	-3.4888E-08	-2.1397E-07
-8.4561E-10	1.9581E-11	1.3836E-06	1.2476E-06
-8.4768E-10	-4.6971E-11	2.5221E-06	-1.3691E-07
-8.4420E-10	-1.1346E-10	1.6587E-06	-1.2456E-06
-8.3521E-10	-1.7944E-10	5.4927E-07	-6.0030E-07
-8.2077E-10	-2.4444E-10	1.1771E-06	-2.1988E-07
-8.0099E-10	-3.0802E-10	4.8318E-07	-3.3810E-07
-7.7599E-10	-3.6974E-10	1.1348E-06	5.4749E-07
-7.4595E-10	-4.2918E-10	1.1620E-06	-1.8363E-07
-7.1108E-10	-4.8592E-10	1.0830E-06	5.6867E-07
-6.7163E-10	-5.3959E-10	1.8780E-06	2.3697E-07
-6.2787E-10	-5.8980E-10	1.7702E-06	-4.2283E-07
-5.8009E-10	-6.3622E-10	9.0870E-07	-5.1010E-07
-5.2862E-10	-6.7853E-10	1.0374E-06	5.2058E-07
-4.7384E-10	-7.1644E-10	1.8133E-06	3.2270E-07
-4.1610E-10	-7.4968E-10	2.0813E-06	-9.5197E-08
-3.5580E-10	-7.7804E-10	1.7770E-06	-8.1266E-07
-2.9337E-10	-8.0132E-10	1.1658E-06	-6.6275E-07
-2.2923E-10	-8.1936E-10	8.2750E-07	-3.1113E-07
-1.6382E-10	-8.3204E-10	1.3579E-06	4.7250E-07
-9.7593E-11	-8.3928E-10	2.1107E-06	-3.5540E-07
-3.0998E-11	-8.4102E-10	1.5891E-06	-9.5041E-07
3.5507E-11	-8.3726E-10	6.7800E-07	-1.1535E-06
1.0147E-10	-8.2803E-10	3.0817E-07	2.4950E-07
1.6643E-10	-8.1340E-10	1.4045E-06	-5.6945E-08
2.2995E-10	-7.9346E-10	4.9754E-07	9.2586E-08
2.9159E-10	-7.6835E-10	1.6042E-06	7.7027E-07
3.5094E-10	-7.3825E-10	1.8396E-06	1.0369E-07
4.0759E-10	-7.0338E-10	2.4255E-06	-5.7133E-07
4.6116E-10	-6.6396E-10	6.4446E-07	-1.5854E-06
5.1127E-10	-6.2028E-10	5.6676E-07	4.5798E-07
5.5759E-10	-5.7264E-10	1.2055E-06	-4.5778E-07
5.9981E-10	-5.2136E-10	6.8842E-07	9.0306E-07
6.3763E-10	-4.6679E-10	2.9171E-06	-1.1260E-07
6.7081E-10	-4.0933E-10	7.8099E-07	-1.6262E-06
6.9913E-10	-3.4935E-10	5.8303E-07	2.7388E-07
7.2238E-10	-2.8727E-10	1.3569E-06	-3.4872E-07
7.4042E-10	-2.2353E-10	8.1458E-07	-9.0837E-08
7.5313E-10	-1.5855E-10	1.4921E-06	-4.2623E-07
7.6043E-10	-9.2788E-11	-4.1412E-08	-9.4211E-07
7.6227E-10	-2.6689E-11	-1.5300E-07	1.2768E-06
7.5865E-10	3.9293E-11	1.7231E-06	1.2189E-06
7.4959E-10	1.0470E-10	1.8996E-06	1.9196E-07
7.3516E-10	1.6910E-10	1.3226E-06	-1.2358E-07
7.1548E-10	2.3203E-10	1.5020E-06	3.3790E-07
6.9067E-10	2.9308E-10	1.3484E-06	-5.5325E-07
6.6091E-10	3.5182E-10	5.0021E-07	6.6075E-07
6.2642E-10	4.0786E-10	1.9889E-06	7.3665E-07
5.8744E-10	4.6081E-10	1.7863E-06	2.3798E-07
5.4424E-10	5.1031E-10	2.1706E-06	-3.4042E-07
4.9711E-10	5.5602E-10	9.6217E-07	-1.4608E-07
4.4640E-10	5.9764E-10	2.3400E-06	2.0799E-07
3.9245E-10	6.3489E-10	1.0241E-06	-9.0564E-07
3.3563E-10	6.6751E-10	1.9175E-06	9.4470E-07
2.7634E-10	6.9528E-10	2.5973E-06	-1.6752E-06
2.1499E-10	7.1802E-10	2.0835E-07	-1.0379E-06
1.5201E-10	7.3557E-10	8.0610E-07	-7.9821E-08
8.7833E-11	7.4783E-10	1.0970E-06	2.5696E-07
2.2897E-11	7.5470E-10	1.7487E-06	-7.6311E-07
-4.2346E-11	7.5616E-10	-2.4486E-07	-6.8535E-07
-1.0745E-10	7.5219E-10	5.8299E-07	1.3193E-06
-1.7196E-10	7.4282E-10	1.6887E-06	6.1830E-07
-2.3543E-10	7.2814E-10	1.6872E-06	4.6469E-07
-2.9743E-10	7.0823E-10	1.9216E-06	-3.1811E-09
-3.5754E-10	6.8325E-10	1.4151E-06	3.1667E-08
-4.1533E-10	6.5338E-10	2.1689E-06	4.5147E-07
-4.7041E-10	6.1881E-10	2.4392E-06	-9.8970E-07
-5.2241E-10	5.7980E-10	9.6893E-07	-9.1329E-07
-5.7096E-10	5.3661E-10	1.2895E-06	-1.7806E-07
-6.1574E-10	4.8955E-10	1.3303E-06	-1.3056E-07
-6.5644E-10	4.3895E-10	2.0834E-06	-3.4202E-07
-6.9278E-10	3.8515E-10	1.2394E-06	-1.1293E-06
-7.2451E-10	3.2854E-10	1.3580E-06	-4.4549E-07
-7.5142E-10	2.6949E-10	7.8176E-07	-1.2577E-06
-7.7332E-10	2.0843E-10	5.8649E-07	4.2792E-07
-7.9007E-10	1.4577E-10	2.0884E-06	-7.7532E-07
-8.0156E-10	8.1947E-11	1.1663E-07	-1.2974E-06
-8.0770E-10	1.7401E-11	1.0864E-07	4.1424E-07
-8.0846E-10	-4.7423E-11	1.3180E-06	5.9180E-07
-8.0383E-10	-1.1208E-10	1.5614E-06	-3.7010E-07
-7.9386E-10	-1.7612E-10	9.1187E-07	-3.0312E-07
-7.7861E-10	-2.3910E-10	1.0531E-06	-1.4835E-07
-7.5818E-10	-3.0060E-10	1.0693E-06	1.5937E-07
-7.3273E-10	-3.6018E-10	1.7081E-06	-2.9867E-07
-7.0244E-10	-4.1745E-10	9.1900E-07	-5.2949E-07
-6.6750E-10	-4.7200E-10	1.5406E-06	-2.2247E-07
-6.2816E-10	-5.2346E-10	8.4989E-07	-1.3328E-06
-5.8470E-10	-5.7149E-10	3.3300E-08	-9.5422E-08
-5.3742E-10	-6.1574E-10	8.1876E-07	-6.4435E-08
-4.8664E-10	-6.5593E-10	2.6858E-07	1.6069E-07
-4.3271E-10	-6.9177E-10	9.8818E-07	6.1608E-07
-3.7601E-10	-7.2302E-10	9.9935E-07	5.9742E-07
-3.1692E-10	-7.4947E-10	2.2165E-06	5.5244E-07
-2.5586E-10	-7.7094E-10	1.5235E-06	-8.7835E-07
-1.9324E-10	-7.8729E-10	1.4693E-06	1.2146E-07
-1.2950E-10	-7.9840E-10	1.7554E-06	-1.4111E-06
-6.5062E-11	-8.0420E-10	7.9070E-08	-7.0821E-07
-3.8160E-13	-8.0466E-10	9.7897E-07	-1.7008E-07
6.4101E-11	-7.9977E-10	4.5770E-07	-6.9359E-07
1.2794E-10	-7.8957E-10	7.8991E-08	3.4615E-07
1.9071E-10	-7.7414E-10	1.5510E-06	5.0168E-07
2.5197E-10	-7.5358E-10	6.2191E-07	-1.0203E-06
3.1131E-10	-7.2804E-10	2.7075E-07	1.0808E-06
3.6831E-10	-6.9769E-10	1.8918E-06	-3.6969E-07
4.2259E-10	-6.6276E-10	-1.4744E-07	1.8616E-08
4.7379E-10	-6.2347E-10	1.5270E-06	9.7262E-07
5.2155E-10	-5.8010E-10	1.3193E-06	-3.0740E-08
5.6554E-10	-5.3296E-10	1.5837E-06	3.1285E-07
6.0547E-10	-4.8237E-10	1.8088E-06	-2.2333E-07
6.4107E-10	-4.2867E-10	1.6979E-06	-7.5757E-07
6.7210E-10	-3.7224E-10	1.1982E-06	-8.7983E-07
6.9834E-10	-3.1347E-10	8.0304E-07	-1.1878E-06
7.1963E-10	-2.5276E-10	1.4279E-07	-8.2535E-08
7.3582E-10	-1.9053E-10	1.7076E-06	-4.2608E-07
7.4681E-10	-1.2721E-10	1.5399E-07	-1.5610E-06
7.5252E-10	-6.3236E-11	-2.7810E-07	6.0271E-08
7.5292E-10	9.5808E-13	8.2384E-07	1.7490E-07
7.4801E-10	6.4929E-11	5.3376E-07	-8.6451E-07
7.3783E-10	1.2824E-10	-3.9845E-07	1.7326E-07
7.2245E-10	1.9045E-10	6.9076E-07	2.2075E-07
7.0199E-10	2.5114E-10	8.2764E-08	2.3045E-07
6.7660E-10	3.0990E-10	7.0737E-07	8.1609E-08
6.4644E-10	3.6631E-10	-5.5337E-07	6.7438E-07
6.1174E-10	4.2001E-10	1.5302E-06	1.6442E-06
5.7273E-10	4.7061E-10	1.4402E-06	1.9753E-07
5.2968E-10	5.1778E-10	2.2396E-06	8.4121E-08
4.8291E-10	5.6119E-10	7.5393E-07	-1.9057E-06
4.3272E-10	6.0055E-10	-4.9471E-07	2.2637E-08
3.7948E-10	6.3560E-10	3.1037E-07	1.3912E-07
3.2354E-10	6.6609E-10	-1.1188E-07	4.4105E-07
2.6530E-10	6.9182E-10	3.0408E-07	1.3335E-06
2.0517E-10	7.1262E-10	1.5789E-06	1.0481E-06
1.4354E-10	7.2835E-10	1.1956E-06	4.0033E-07
8.0860E-11	7.3891E-10	1.8552E-06	5.5587E-07
1.7551E-11	7.4422E-10	1.5838E-06	-4.1860E-07
-4.5948E-11	7.4427E-10	1.5895E-06	-5.1484E-07
-1.0920E-10	7.3904E-10	5.7485E-07	-1.1571E-06
-1.7177E-10	7.2858E-10	3.5757E-07	-2.1946E-07
-2.3323E-10	7.1297E-10	1.2058E-07	-1.2372E-07
-2.9315E-10	6.9232E-10	1.1578E-06	4.6423E-07
-3.5112E-10	6.6678E-10	4.4633E-07	-1.1001E-06
-4.0675E-10	6.3652E-10	1.8833E-08	7.3577E-07
-4.5966E-10	6.0176E-10	1.1132E-06	-4.1542E-07
-5.0947E-10	5.6274E-10	-1.9412E-07	1.8710E-07
-5.5586E-10	5.1974E-10	1.2088E-06	3.9684E-07
-5.9850E-10	4.7304E-10	5.7472E-07	-6.3406E-07
-6.3710E-10	4.2299E-10	2.5654E-07	2.4016E-08
-6.7141E-10	3.6992E-10	6.7637E-07	-3.2622E-07
-7.0117E-10	3.1420E-10	-1.5259E-07	-6.8595E-07
