jMRUI Data Textfile

Filename: Export_to_jmrui.txt

PointsInDataset: 2048
DatasetsInFile: 1
SamplingInterval: 0.250000
ZeroOrderPhase: 0E0
BeginTime: 0E0
TransmitterFrequency: 1.2326E8
MagneticField: 2.8936E0
TypeOfNucleus:  
NameOfPatient:  
DateOfExperiment:  
Spectrometer:  
AdditionalInfo: 
SignalNames:  


Signal and FFT
sig(real)	sig(imag)	fft(real)	fft(imag)
Signal 1 out of 1 in file
3.1333E-06	1.0525E-06	-3.7370E-06	2.8237E-07
5.3898E-06	-3.8164E-07	-4.0671E-06	5.1279E-07
3.0886E-06	-2.1852E-06	-3.8960E-06	1.7605E-06
1.6367E-06	-2.9267E-06	-2.5790E-06	1.7176E-06
-1.0655E-06	-2.8458E-06	-3.0910E-06	1.1388E-06
-2.3626E-06	-1.8801E-06	-2.8937E-06	2.1693E-06
-3.2701E-06	-5.0405E-07	-2.0867E-06	1.8263E-06
-2.6135E-06	8.5958E-07	-2.1088E-06	1.6893E-06
-1.6881E-06	1.5305E-06	-1.9620E-06	1.5398E-06
-2.3067E-07	1.5238E-06	-1.9019E-06	1.6203E-06
4.8901E-07	9.2527E-07	-1.6246E-06	1.2175E-06
8.6004E-07	3.0031E-07	-2.2016E-06	1.1666E-06
4.8704E-07	-3.5896E-07	-1.6262E-06	1.5026E-06
5.3702E-08	-6.5957E-07	-2.0921E-06	2.5020E-07
-6.0454E-07	-6.2204E-07	-3.4447E-06	1.7220E-06
-8.7003E-07	-4.0540E-07	-1.5804E-06	2.1987E-06
-1.1455E-06	-1.8055E-07	-2.3977E-06	8.6422E-07
-1.0023E-06	6.9758E-08	-2.9828E-06	2.2384E-06
-1.0265E-06	1.6108E-07	-2.2192E-06	2.5635E-06
-9.3622E-07	2.6576E-07	-1.9227E-06	2.8749E-06
-1.0573E-06	3.9290E-07	-9.1685E-07	2.8968E-06
-1.0616E-06	5.4650E-07	-5.4238E-07	1.8400E-06
-1.0207E-06	7.8524E-07	-1.0731E-06	1.5371E-06
-7.3147E-07	9.1223E-07	-1.2299E-06	1.2736E-06
-4.2894E-07	9.7732E-07	-1.7870E-06	1.6628E-06
-2.0259E-09	8.1746E-07	-1.4365E-06	1.5124E-06
1.5936E-07	4.8649E-07	-2.4160E-06	2.3131E-06
2.3152E-07	1.8966E-07	-1.9458E-07	2.7672E-06
-2.6232E-08	-3.3345E-08	-1.4322E-06	7.3753E-07
-2.6801E-07	2.4029E-08	-1.4798E-06	2.7322E-06
-5.8103E-07	1.7701E-07	-9.7611E-07	1.1551E-06
-6.9018E-07	4.5412E-07	-2.0459E-06	3.0048E-06
-6.8465E-07	7.6591E-07	6.0741E-07	2.2010E-06
-3.0739E-07	9.1946E-07	-1.3360E-06	8.8235E-07
-7.5056E-08	9.4544E-07	-7.3806E-07	2.2709E-06
2.8848E-07	7.7470E-07	-8.4346E-07	8.5993E-07
4.6911E-07	4.9801E-07	-1.6830E-06	2.1559E-06
5.3589E-07	4.4106E-07	-1.2172E-07	1.9481E-06
4.7544E-07	2.1564E-07	-8.6357E-07	8.2658E-07
4.6646E-07	1.4271E-07	-1.5032E-06	1.4144E-06
4.1441E-07	1.3918E-07	-1.1305E-06	1.9101E-06
4.6851E-07	4.9996E-09	-7.1151E-07	1.3350E-06
4.1948E-07	-1.1343E-07	-1.5437E-06	1.2752E-06
4.4276E-07	-2.9995E-07	-1.2093E-06	1.9022E-06
2.6517E-07	-4.3833E-07	-9.0124E-07	1.5620E-06
1.0657E-07	-4.0918E-07	-1.0452E-06	9.6738E-07
-1.5589E-07	-3.2172E-07	-2.3397E-06	1.1274E-06
-1.6854E-07	-1.0284E-07	-2.1818E-06	2.6782E-06
-1.1247E-07	1.1183E-07	-9.0477E-07	2.9692E-06
1.0894E-07	2.2911E-07	-1.7335E-07	1.8000E-06
2.6633E-07	1.9774E-07	-1.4187E-06	1.4473E-06
3.8599E-07	4.3372E-08	-9.5102E-07	2.1699E-06
4.0082E-07	-1.9329E-07	-1.3095E-06	1.7211E-06
2.5461E-07	-3.1105E-07	-7.4301E-07	2.4967E-06
2.1788E-08	-3.8713E-07	-7.7087E-07	1.3162E-06
-2.3320E-07	-2.7511E-07	-1.2631E-06	2.3063E-06
-3.2193E-07	-8.6388E-08	-2.0893E-07	1.6956E-06
-2.2751E-07	1.6133E-07	-1.0660E-06	1.0747E-06
-1.3512E-08	2.8997E-07	-1.6295E-06	1.3680E-06
2.2670E-07	2.9253E-07	-1.7799E-06	2.1639E-06
4.1751E-07	1.7323E-07	-1.0269E-06	2.1801E-06
5.1920E-07	-6.2374E-08	-1.4930E-06	1.6933E-06
3.9203E-07	-1.9178E-07	-1.8405E-06	2.6328E-06
1.7989E-07	-2.3921E-07	-7.5375E-07	2.8353E-06
5.5732E-08	-1.3377E-07	-9.0158E-07	2.1267E-06
-7.8053E-08	-6.0216E-09	-1.0084E-06	2.4154E-06
-5.3326E-08	1.3117E-07	-1.2398E-06	2.3796E-06
5.3804E-08	2.7275E-07	-7.7047E-07	3.3776E-06
1.5362E-07	1.9745E-07	3.8960E-07	2.4086E-06
3.1666E-07	1.0766E-07	-3.9710E-07	1.8266E-06
2.4990E-07	-6.2533E-08	-3.9677E-07	1.8472E-06
2.3404E-07	-1.3623E-07	-1.0746E-06	1.9317E-06
9.4673E-08	-1.4293E-07	-3.8957E-07	2.7401E-06
1.6083E-08	-4.1823E-08	4.4627E-08	1.7174E-06
1.1631E-08	8.8398E-08	-5.8937E-07	1.5882E-06
8.2714E-08	1.7023E-07	-9.3411E-07	1.6815E-06
1.6568E-07	2.3078E-07	-5.6217E-07	2.3025E-06
3.0250E-07	1.7195E-07	-5.4947E-07	1.0253E-06
2.6494E-07	4.5892E-08	-1.9264E-06	2.2748E-06
2.5567E-07	-4.2075E-08	-4.4091E-07	2.4475E-06
1.8757E-07	-8.2583E-08	-1.1503E-06	2.5119E-06
4.8728E-08	-6.2434E-08	4.8820E-07	2.3211E-06
2.5850E-08	7.7036E-08	-1.1763E-06	1.0624E-06
1.2880E-07	1.2630E-07	-9.2040E-07	2.5728E-06
2.2066E-07	1.7485E-07	-9.0037E-07	1.9812E-06
2.9982E-07	1.3706E-07	-5.3834E-07	2.5527E-06
4.0172E-07	5.0407E-09	-6.6602E-07	1.9827E-06
3.8675E-07	-1.3257E-07	-1.5356E-07	2.1029E-06
2.5263E-07	-2.3742E-07	-1.5343E-06	1.0405E-06
1.5172E-07	-2.6522E-07	-1.6824E-06	3.5999E-06
-2.2653E-08	-1.8352E-07	4.5448E-07	2.8493E-06
-2.7344E-08	-7.5631E-08	2.5159E-10	1.5190E-06
-3.9949E-08	1.1421E-07	-1.3540E-06	1.4640E-06
5.1316E-08	2.3389E-07	-1.0746E-06	2.7830E-06
1.9559E-07	1.5700E-07	-8.3432E-07	1.9955E-06
2.7776E-07	9.5645E-08	-1.5770E-06	2.9370E-06
3.0871E-07	-7.6165E-09	-4.4299E-07	3.7750E-06
3.0255E-07	-1.4249E-07	1.0588E-06	2.7359E-06
1.8634E-07	-2.1853E-07	-4.4706E-07	1.1177E-06
6.1042E-08	-2.7455E-07	-9.6703E-07	2.8007E-06
-4.8667E-08	-2.2004E-07	-2.2211E-07	2.2572E-06
-5.9720E-08	-2.0052E-07	-7.9071E-07	2.4557E-06
-1.1749E-07	-1.7348E-07	-8.2664E-07	3.0157E-06
-1.0042E-07	-1.1007E-07	4.9083E-07	3.5502E-06
-1.2825E-07	-1.2466E-07	6.6417E-07	2.0876E-06
-1.4834E-07	-1.9583E-08	7.0629E-07	2.0235E-06
-1.7569E-07	-4.1011E-08	-8.3535E-07	7.4347E-07
-1.3721E-07	6.2410E-09	-9.1431E-07	3.8528E-06
-1.4439E-07	6.0730E-08	1.4370E-06	1.7203E-06
-4.7652E-08	8.7542E-08	-8.3458E-07	1.7551E-06
3.2069E-08	4.4132E-08	3.7076E-07	2.1830E-06
3.7289E-08	-2.2642E-08	-1.7374E-07	1.5371E-06
6.7761E-08	-1.0475E-07	-6.6940E-07	1.3268E-06
1.1765E-08	-1.5623E-07	-1.2949E-06	2.8010E-06
-8.5093E-08	-2.0959E-07	4.6434E-07	2.5274E-06
-1.1026E-07	-1.7221E-07	-3.3117E-07	2.0110E-06
-1.8206E-07	-1.3092E-07	1.6015E-07	1.9143E-06
-1.9693E-07	-2.0513E-08	-7.0255E-07	1.9346E-06
-1.8305E-07	6.3735E-09	4.2541E-10	2.1107E-06
-5.6322E-08	-1.0472E-08	-7.8324E-07	2.1732E-06
1.2951E-08	2.0348E-08	8.8211E-07	2.6268E-06
5.5086E-08	-6.3696E-08	2.7354E-07	2.1412E-08
4.7653E-08	-1.4871E-07	-2.4057E-06	1.0586E-06
-4.5303E-09	-1.8453E-07	-1.4405E-06	3.4055E-06
-9.3035E-08	-1.7586E-07	-1.0321E-07	2.1328E-06
-1.1641E-07	-2.0415E-07	-1.7524E-06	2.6152E-06
-2.2525E-07	-7.7682E-08	1.2523E-07	3.7925E-06
-1.4034E-07	-3.5770E-08	2.8982E-07	2.2453E-06
-6.5190E-08	-2.7634E-08	1.9565E-07	2.4974E-06
-7.7829E-08	-5.2446E-09	1.8616E-07	1.7609E-06
-5.7506E-08	-5.8987E-08	-2.5396E-07	1.7256E-06
-1.3627E-09	-1.3261E-07	-9.2544E-07	1.7653E-06
-9.2860E-08	-1.1564E-07	-7.7910E-07	2.8538E-06
-6.6943E-08	-7.5954E-08	1.5974E-07	2.7415E-06
-6.2667E-08	-7.2295E-08	7.0069E-07	1.7292E-06
-3.4349E-08	-5.8740E-08	-1.0551E-06	7.4561E-07
-1.6088E-08	-9.6348E-08	-1.2492E-06	2.8574E-06
7.5966E-08	-6.3586E-08	-4.1475E-07	1.5258E-06
-4.3596E-09	-1.1354E-07	-2.3485E-06	3.0163E-06
-1.6271E-09	-1.1253E-07	5.1111E-07	3.8725E-06
-2.7244E-08	-2.0134E-07	-3.4124E-07	1.5172E-06
-1.0561E-07	-1.7534E-07	-1.5147E-06	3.3351E-06
-1.6783E-07	-1.7094E-07	4.2865E-07	4.0327E-06
-1.4376E-07	-1.4621E-07	1.0324E-06	2.1726E-06
-1.6237E-07	-6.2142E-08	-4.7270E-07	2.3013E-06
-1.6275E-07	-3.3006E-08	6.8071E-07	2.7400E-06
-8.0484E-08	-2.3761E-08	-7.7006E-08	1.5152E-06
-5.3523E-08	-8.4847E-09	-4.9276E-07	2.4070E-06
-3.3083E-08	-3.9456E-08	-3.8320E-07	2.5598E-06
-3.0076E-08	-9.8047E-08	4.6775E-07	2.6317E-06
-9.8339E-08	-1.6497E-07	-3.9437E-07	1.3869E-06
-7.2281E-08	-1.1880E-07	-1.0364E-06	2.9344E-06
-1.7071E-07	-1.1031E-07	-4.6700E-08	3.0587E-06
-2.2320E-07	-1.3332E-08	5.0255E-07	2.9077E-06
-1.4476E-07	-2.8216E-08	3.1409E-07	1.9169E-06
-1.7121E-07	4.2821E-08	-1.7677E-07	2.4679E-06
-1.3154E-07	1.3348E-08	8.4050E-08	2.3801E-06
-7.3314E-08	1.2368E-08	4.7463E-07	2.5529E-06
-8.4890E-08	4.1871E-08	3.0524E-07	1.4411E-06
-5.1292E-08	-3.6300E-08	-2.4278E-07	2.0646E-06
-6.2644E-08	-5.8057E-08	-2.9667E-07	1.2061E-06
-9.9886E-08	-5.1583E-08	-1.5314E-06	2.5300E-06
-1.0305E-07	-6.2067E-08	-6.3419E-08	2.6499E-06
-1.0935E-07	-2.1747E-08	-1.1728E-06	2.3974E-06
-1.6027E-07	-5.6832E-08	-2.9970E-07	3.9122E-06
-1.6831E-07	-1.0635E-09	1.2211E-06	2.7701E-06
-1.9886E-07	4.1622E-09	-7.9495E-09	1.2439E-06
-1.4845E-07	5.1377E-08	-1.2741E-06	2.7862E-06
-1.6951E-07	2.9217E-08	2.1471E-07	3.5814E-06
-1.7865E-07	1.1064E-07	8.4138E-07	2.7781E-06
-1.3337E-07	8.8034E-08	6.9845E-07	2.1705E-06
-9.4333E-08	8.9384E-08	7.1971E-07	2.0982E-06
-7.2181E-08	3.3179E-08	5.2177E-07	9.0755E-07
-8.2664E-08	3.0221E-08	-1.3877E-06	1.3364E-06
-6.0372E-08	1.3495E-08	-9.0598E-07	3.1851E-06
-1.2975E-07	-7.9963E-09	8.0111E-07	2.7143E-06
-1.2860E-07	-2.0318E-08	-1.2209E-07	1.0309E-06
-5.8245E-08	1.8003E-09	-1.0891E-06	2.6433E-06
-1.4149E-07	1.3738E-09	4.3910E-07	1.9790E-06
-1.5584E-07	2.6425E-08	-1.5338E-06	1.5637E-06
-1.6365E-07	-4.1753E-09	-8.4932E-07	3.3621E-06
-1.0743E-07	3.0534E-08	-2.3426E-07	2.5181E-06
-1.2620E-07	4.3243E-08	-5.4660E-07	2.7131E-06
-1.5505E-07	1.9360E-08	-5.0888E-07	2.5284E-06
-1.3782E-07	1.4319E-08	-8.7340E-07	3.0400E-06
-1.5346E-07	2.4688E-08	-2.7983E-07	3.3282E-06
-1.4926E-07	-7.1691E-09	-1.7538E-07	3.4039E-06
-1.5394E-07	-1.7863E-08	7.5915E-07	3.2526E-06
-1.0870E-07	5.7450E-08	1.3205E-07	2.2140E-06
-1.3445E-07	1.8439E-08	-1.7724E-08	3.2683E-06
-1.5832E-07	-4.4820E-09	7.9097E-07	2.5346E-06
-1.8307E-07	9.0802E-08	3.1472E-07	2.3428E-06
-1.7447E-07	7.6996E-08	2.0895E-07	1.6272E-06
-1.5781E-07	4.5002E-08	-1.3899E-06	2.2651E-06
-1.8370E-07	7.1803E-08	-4.5029E-07	3.7928E-06
-2.1112E-07	7.6432E-08	5.1178E-07	3.1681E-06
-1.6153E-07	9.0602E-08	2.3599E-07	2.7219E-06
-1.2652E-07	8.4858E-08	2.1440E-07	3.0544E-06
-1.4073E-07	1.0521E-07	6.5668E-07	2.7906E-06
-1.4040E-07	6.0288E-08	4.9488E-07	2.5470E-06
-1.2859E-07	9.0012E-08	5.3703E-07	2.2921E-06
-1.2979E-07	6.1169E-08	-5.9056E-08	2.1825E-06
-1.4399E-07	8.6144E-08	8.1356E-09	2.9686E-06
-1.4184E-07	9.7685E-08	1.0345E-06	2.4080E-06
-1.4006E-07	6.2834E-08	-3.8908E-07	1.2652E-06
-1.6367E-07	8.2640E-08	-1.1143E-06	3.4061E-06
-1.3386E-07	9.9461E-08	8.2279E-07	3.3181E-06
-1.3791E-07	7.6464E-08	1.1004E-07	2.4899E-06
-1.0873E-07	9.4098E-08	4.4064E-07	3.4388E-06
-1.1944E-07	9.8144E-08	1.4076E-06	2.5174E-06
-1.3447E-07	1.0917E-07	4.4026E-07	1.8545E-06
-1.1985E-07	6.3812E-08	5.0126E-07	2.3922E-06
-1.2137E-07	8.4175E-08	1.9685E-07	1.8136E-06
-1.1759E-07	9.3323E-08	7.1034E-09	2.7657E-06
-1.3401E-07	1.5014E-07	7.0545E-07	2.1288E-06
-1.1059E-07	1.0812E-07	-1.2794E-07	2.2578E-06
-8.5821E-08	8.3820E-08	3.6397E-07	2.7060E-06
-1.2018E-07	1.2311E-07	8.2088E-07	2.4890E-06
-1.0440E-07	1.2454E-07	6.9908E-07	1.6293E-06
-1.0392E-07	6.4041E-08	1.7042E-07	2.0256E-06
-9.3627E-08	9.0462E-08	3.4975E-07	1.3007E-06
-5.0255E-08	1.1241E-07	-1.1784E-06	2.0873E-06
-7.9937E-08	9.9843E-08	2.1745E-07	3.1293E-06
-7.2181E-08	1.0242E-07	4.2466E-07	2.2817E-06
-5.1590E-08	7.2623E-08	4.7342E-07	2.2511E-06
-1.6739E-07	7.5007E-08	4.7626E-07	2.0637E-06
-1.3828E-07	5.0407E-08	6.0166E-07	1.4004E-06
-1.0411E-07	7.3384E-08	-6.7738E-07	1.5386E-06
-9.3290E-08	1.1436E-07	2.9120E-07	2.2760E-06
-8.8386E-08	1.0225E-07	-2.3224E-07	8.5409E-07
-1.0776E-07	1.2500E-07	-1.4269E-06	1.8423E-06
-8.1399E-08	1.2581E-07	-1.1576E-06	2.8291E-06
-6.4850E-08	1.2064E-07	7.3067E-08	3.2880E-06
-6.9316E-08	1.3154E-07	3.4777E-07	1.9097E-06
-7.8903E-08	1.0394E-07	-4.8350E-07	2.2471E-06
-9.0256E-08	1.2152E-07	-2.2761E-08	2.2356E-06
-1.0747E-07	1.0256E-07	-2.2572E-07	2.1707E-06
-1.2216E-07	1.3737E-07	-5.3647E-08	1.7581E-06
-1.0309E-07	9.6847E-08	-9.3769E-07	1.8047E-06
-1.0525E-07	1.2962E-07	-6.7019E-07	2.2321E-06
-1.3257E-07	1.3650E-07	-1.0862E-06	2.2292E-06
-8.7770E-08	1.4563E-07	-5.1892E-07	2.7296E-06
-1.2699E-07	9.5244E-08	-7.4935E-07	1.8679E-06
-8.6635E-08	1.2482E-07	-1.4405E-06	2.4981E-06
-7.7434E-08	1.5142E-07	-1.3355E-06	2.8937E-06
-9.8822E-08	1.0337E-07	-1.1508E-06	3.3906E-06
-7.7300E-08	1.0423E-07	-8.5080E-07	3.5440E-06
-8.2889E-08	1.1545E-07	-1.6102E-07	3.7586E-06
-9.5002E-08	1.1878E-07	-6.0833E-08	2.7012E-06
-6.0819E-08	1.2994E-07	-1.1444E-06	3.2423E-06
-8.9263E-08	1.4036E-07	-1.6550E-07	4.3870E-06
-1.1791E-07	1.4340E-07	1.2201E-06	3.2011E-06
-7.8427E-08	1.2566E-07	-3.6309E-07	1.9790E-06
-9.2285E-08	1.5974E-07	-6.9223E-07	3.8825E-06
-1.2193E-07	1.5746E-07	8.5770E-07	3.3892E-06
-1.4248E-07	1.5009E-07	4.9025E-07	2.5814E-06
-9.5579E-08	1.4830E-07	4.1522E-08	2.3097E-06
-8.7778E-08	1.2103E-07	-3.8200E-07	2.6418E-06
-6.8849E-08	1.1397E-07	-6.6140E-07	2.8752E-06
-4.2133E-08	1.1842E-07	-1.3739E-09	3.9724E-06
-5.6333E-08	1.1722E-07	9.2677E-07	2.3650E-06
-8.2422E-08	1.0497E-07	-8.7323E-07	2.7477E-06
-6.7745E-08	9.7054E-08	5.6629E-07	3.4697E-06
-5.5609E-08	1.4550E-07	2.2627E-08	2.3331E-06
-6.7960E-08	1.4033E-07	4.9588E-08	3.1361E-06
-7.1282E-08	1.3794E-07	1.7057E-07	2.2799E-06
-1.1016E-07	1.2221E-07	-6.4744E-07	2.9342E-06
-8.0975E-08	1.2572E-07	2.9896E-07	3.1256E-06
-6.6324E-08	7.7722E-08	-8.2352E-08	2.4035E-06
-8.1392E-08	1.1931E-07	-4.1427E-07	2.6953E-06
-4.8971E-08	7.4646E-08	-8.7101E-07	2.9392E-06
-6.0817E-08	1.0085E-07	-3.8781E-07	4.0201E-06
-1.8676E-08	5.4285E-08	6.2541E-07	3.5073E-06
-7.2927E-08	6.1762E-08	4.4775E-07	2.7999E-06
-7.0294E-08	5.9017E-08	-2.1678E-07	2.9836E-06
-7.8388E-08	4.8662E-08	5.6750E-07	3.3054E-06
-7.4836E-08	7.9691E-08	-2.6503E-07	2.4910E-06
-9.8218E-08	7.9854E-08	3.0117E-07	4.2126E-06
-7.3567E-08	5.2602E-08	1.3255E-06	2.2748E-06
-6.2811E-08	6.7042E-08	-4.0396E-08	2.6395E-06
-9.0570E-08	4.8210E-08	2.9087E-07	2.2626E-06
-8.5110E-08	1.2511E-07	-3.9060E-07	3.3128E-06
-9.1904E-08	1.0499E-07	1.0370E-06	2.5200E-06
-1.4179E-08	9.2003E-08	-4.3701E-07	2.6302E-06
-5.1654E-08	7.9928E-08	1.1743E-06	2.5843E-06
-7.8164E-08	7.8875E-08	-7.0398E-07	1.1576E-06
-7.7816E-08	1.0178E-07	-1.2258E-06	3.1190E-06
-1.1915E-07	1.1599E-07	-2.6831E-07	3.4818E-06
-6.2723E-08	4.9336E-08	2.8688E-07	3.0488E-06
-6.2692E-08	8.7661E-08	6.5238E-08	2.8690E-06
-4.0579E-08	8.1449E-08	3.4194E-07	2.3964E-06
-4.9902E-08	8.7196E-08	-7.2190E-07	2.3188E-06
-4.8051E-08	1.2264E-07	-5.6070E-07	3.1137E-06
-5.6321E-08	7.6185E-08	4.4975E-09	3.2885E-06
-3.7146E-08	9.6040E-08	1.1880E-07	1.9594E-06
-4.9657E-08	1.0098E-07	-1.7228E-06	3.1112E-06
-6.4903E-08	7.0862E-08	4.3397E-07	3.5568E-06
-5.9953E-08	9.4712E-08	-1.2728E-06	2.4854E-06
-2.9827E-08	7.1846E-08	-1.6886E-07	4.3434E-06
-2.5268E-08	9.1301E-08	-3.8119E-07	2.6612E-06
-7.0505E-08	8.1842E-08	-6.1596E-07	4.4904E-06
-3.2123E-08	5.9568E-08	7.4969E-07	3.4832E-06
-7.1057E-08	7.7369E-08	7.5344E-08	3.3762E-06
-6.0549E-08	3.8768E-08	4.2279E-07	3.1961E-06
-8.7688E-08	7.8604E-08	2.4876E-08	2.9350E-06
-9.0235E-08	4.7629E-08	-3.9943E-07	3.2692E-06
-6.5260E-08	8.1446E-08	1.1737E-08	3.9062E-06
-7.8826E-08	6.3791E-08	7.1001E-07	3.7786E-06
-8.4953E-08	5.5408E-08	1.1097E-06	2.5763E-06
-7.2699E-08	1.1318E-07	-9.0219E-07	2.8043E-06
-6.4024E-08	8.1553E-08	1.4404E-06	4.3046E-06
-8.2707E-08	6.6397E-08	4.2712E-07	5.5579E-07
-4.7931E-08	2.3100E-08	-2.0158E-06	3.8855E-06
-4.0187E-08	5.4396E-08	8.8021E-07	3.5953E-06
-3.9924E-08	8.1770E-08	-6.6402E-07	3.0866E-06
-5.7210E-08	9.8688E-08	5.1254E-08	3.9884E-06
-8.7570E-08	6.4744E-09	6.2277E-07	4.1610E-06
-1.8216E-08	3.8600E-08	1.5093E-06	2.6937E-06
-8.0344E-08	7.0146E-08	-1.9580E-07	2.8961E-06
-8.2752E-08	7.2002E-08	1.3007E-06	2.8590E-06
-6.7205E-08	6.7829E-08	-6.1557E-07	1.9833E-06
-4.3743E-08	5.7204E-08	2.9270E-07	3.5148E-06
-7.7301E-08	2.5783E-08	-5.8619E-08	1.9542E-06
-5.3597E-08	-5.0956E-09	-8.8297E-07	2.9217E-06
-1.1896E-08	8.7985E-08	-1.1219E-06	3.3374E-06
-6.9975E-08	4.1587E-08	-3.0845E-07	4.3677E-06
-9.5757E-08	3.8593E-08	-2.2023E-07	3.8033E-06
-6.1646E-08	1.7262E-08	6.4415E-07	4.8861E-06
-5.7888E-08	5.5576E-08	1.4566E-06	3.0554E-06
-7.6538E-08	7.3481E-08	3.3082E-07	3.2472E-06
-3.2305E-08	3.7416E-08	6.6471E-07	3.2276E-06
-8.8537E-08	6.0931E-08	7.5237E-07	3.5386E-06
-3.4407E-08	1.4644E-09	1.2702E-06	2.4887E-06
-8.8743E-08	5.5341E-08	-9.0480E-08	2.4502E-06
-7.8775E-08	1.9229E-08	2.3944E-07	3.3108E-06
-7.9298E-08	5.6701E-08	7.9979E-07	3.1123E-06
-5.4899E-08	7.7433E-09	1.0183E-06	2.3637E-06
-5.2116E-08	-1.0268E-08	1.1216E-07	1.5235E-06
-4.1370E-08	1.9292E-08	-1.3369E-06	2.5392E-06
-2.6404E-08	2.9548E-08	5.7201E-08	3.8172E-06
-7.8946E-08	3.2707E-08	1.8274E-07	2.2512E-06
-2.9583E-08	3.6745E-08	-6.3859E-07	2.9835E-06
-1.1060E-07	6.8892E-09	-5.1557E-07	2.6459E-06
-3.9552E-08	1.7786E-08	-1.2584E-06	3.7576E-06
-9.4756E-08	1.0339E-08	3.4724E-08	4.1088E-06
-4.1448E-08	5.9915E-08	1.2895E-07	3.6450E-06
-7.1445E-08	-1.0345E-08	4.4997E-08	3.4506E-06
-6.5240E-08	-9.3195E-09	-7.0588E-08	4.0019E-06
-8.3357E-08	1.8078E-08	7.8695E-07	3.9482E-06
-7.8861E-08	5.4708E-08	9.9762E-07	3.3679E-06
-7.6106E-08	-4.1766E-08	6.3226E-07	2.9160E-06
-9.3383E-08	2.0978E-08	8.9751E-07	3.2723E-06
-9.1640E-08	4.2349E-09	8.2461E-07	1.8154E-06
-5.9657E-08	2.3706E-08	-7.8858E-07	2.6552E-06
-5.6871E-08	-2.0831E-08	3.1787E-07	3.2419E-06
-7.9662E-08	-3.0097E-08	1.0078E-07	2.3623E-06
-6.2240E-08	-1.8144E-08	-8.6514E-07	2.5445E-06
-6.1817E-08	2.6096E-08	-7.4843E-07	3.7753E-06
-7.6748E-08	1.0581E-08	1.3794E-08	3.4461E-06
-6.6115E-08	-3.7686E-08	-1.2391E-07	3.5324E-06
-5.3764E-08	-3.6006E-09	-2.0154E-07	3.2331E-06
-7.2424E-08	1.3077E-08	-5.7148E-08	4.3039E-06
-4.8837E-08	2.0432E-08	9.7174E-07	3.0861E-06
-3.3651E-08	-2.1698E-08	-1.0768E-07	3.5118E-06
-7.4485E-08	-3.1960E-08	1.1484E-06	2.8465E-06
-5.0504E-08	-3.3086E-08	-8.3236E-07	2.6014E-06
-6.3271E-08	-5.7216E-08	3.0668E-07	4.2065E-06
-4.4264E-08	9.9990E-09	1.2400E-06	2.8207E-06
-4.5092E-08	-3.6887E-09	4.2587E-08	1.5873E-06
-9.7392E-08	-1.9600E-08	-1.2627E-06	3.0789E-06
-1.1799E-07	-4.1044E-08	2.9071E-08	2.9893E-06
-7.3899E-08	-1.9253E-08	-1.4736E-06	3.3297E-06
-4.2543E-08	-3.5550E-08	5.2274E-07	4.2519E-06
-9.0080E-08	-6.1647E-08	-3.1336E-07	2.4665E-06
-4.6646E-08	-1.0242E-08	-5.8119E-07	3.8034E-06
-1.0886E-07	-2.1861E-08	-4.4355E-07	3.2133E-06
-9.5542E-08	-2.0920E-08	-8.1499E-07	4.3262E-06
-6.0738E-08	-2.1689E-08	6.4112E-07	4.4362E-06
-5.5537E-08	-2.5162E-08	8.0411E-07	3.1014E-06
-8.7617E-09	-1.6551E-08	-2.6821E-07	2.9073E-06
-5.8294E-08	-9.7543E-09	-7.6194E-07	3.5797E-06
-7.4427E-08	-4.2748E-09	-4.8324E-08	4.8839E-06
-5.0565E-08	-1.8014E-08	1.4620E-06	3.3200E-06
-6.4880E-08	-3.0471E-08	-6.6010E-07	3.2594E-06
-8.5562E-08	-2.6112E-08	1.1620E-06	4.4300E-06
-4.7162E-08	-9.8559E-08	7.2782E-07	2.4963E-06
-5.5215E-08	1.3238E-08	4.3531E-07	3.2873E-06
-4.9004E-08	-1.0907E-08	2.6081E-07	2.3229E-06
-1.0247E-07	5.5341E-09	-4.8958E-07	3.0976E-06
-7.9614E-08	-1.9727E-08	-2.0397E-07	3.2289E-06
-5.2757E-08	-8.9280E-09	1.2625E-09	3.5343E-06
-6.0803E-08	-3.6363E-08	2.5093E-07	2.8016E-06
-7.5381E-08	-6.3622E-08	-8.9455E-07	2.8689E-06
-6.8193E-08	-5.5163E-08	-6.2073E-07	4.2020E-06
-5.9705E-08	-4.5283E-08	5.0293E-07	3.7723E-06
-9.1483E-08	-1.9257E-08	2.8285E-07	3.4443E-06
-5.9338E-08	-3.4776E-08	7.8285E-07	2.7125E-06
-6.5115E-08	-8.7208E-08	-9.4837E-07	2.1498E-06
-6.8283E-08	-4.4330E-08	-1.0588E-06	3.8559E-06
-4.3070E-08	-3.2086E-08	-7.7007E-08	3.8964E-06
-5.5374E-08	-3.3241E-08	2.7091E-07	3.0966E-06
-8.2436E-08	-9.0386E-08	-9.0498E-07	2.7782E-06
-6.4072E-08	-8.1657E-08	-9.8805E-07	3.7726E-06
-7.8876E-08	-1.5225E-08	-7.5030E-07	4.1924E-06
-6.5869E-08	-7.0186E-08	3.0168E-07	4.0085E-06
-8.6806E-08	-3.4976E-08	-7.8137E-07	3.1967E-06
-4.9277E-08	-2.4452E-08	-4.3398E-07	4.7283E-06
-6.8049E-08	-9.3290E-09	2.8634E-07	3.5900E-06
-7.2820E-08	-6.3858E-08	-7.2574E-07	3.9829E-06
-9.7733E-08	-4.5556E-08	8.1418E-08	4.8158E-06
-4.3714E-08	-6.2102E-08	1.1922E-06	3.9882E-06
-5.4184E-08	-3.6354E-08	1.7458E-07	2.8203E-06
-9.4979E-08	-6.3721E-08	-4.2635E-07	4.0291E-06
-1.2201E-07	-5.4546E-08	7.8966E-07	4.1058E-06
-1.0511E-07	-4.5936E-08	8.5457E-07	2.8588E-06
-5.0544E-08	-3.8668E-08	-2.2296E-07	2.6900E-06
-7.0110E-08	-3.5124E-08	-4.9921E-07	2.8591E-06
-6.3705E-08	-1.1873E-08	-1.4354E-06	3.7857E-06
-6.7178E-08	-5.6030E-08	4.7211E-07	4.6706E-06
-8.4767E-08	-3.7279E-09	2.0510E-07	2.6519E-06
-4.9004E-08	-6.4030E-08	-8.2185E-07	3.4482E-06
-5.9979E-09	-1.6996E-08	-7.8203E-07	3.7651E-06
-6.6426E-08	-3.5816E-08	-1.5845E-07	4.2136E-06
-4.1597E-08	-4.9394E-08	-5.7267E-07	3.5207E-06
-2.0050E-08	-7.6002E-08	-5.6774E-08	4.7436E-06
-8.0541E-08	-6.0540E-08	3.1262E-07	2.9793E-06
-4.2509E-08	-8.0264E-08	-1.0210E-06	4.1342E-06
-7.0644E-09	-5.4939E-08	1.6733E-07	3.9273E-06
-3.4768E-08	-6.4977E-08	-6.9154E-07	4.2685E-06
-3.6350E-08	-3.3251E-08	8.5486E-07	4.4285E-06
-5.8421E-08	-4.1325E-08	3.4428E-07	2.9947E-06
1.3396E-08	-6.8366E-08	-4.5865E-07	3.2648E-06
-4.4910E-08	-5.4250E-08	-7.7400E-07	3.7921E-06
-3.8073E-08	-2.9897E-08	-1.9965E-07	4.3818E-06
-6.3977E-08	5.0484E-09	4.2743E-07	3.6425E-06
-1.4210E-08	-3.1642E-08	-5.4668E-07	3.1022E-06
-6.4863E-08	-7.3115E-08	-7.9471E-07	4.0134E-06
-1.1136E-08	-2.6307E-08	-5.6527E-07	4.1615E-06
-3.8010E-09	-8.8677E-08	3.1437E-07	4.6251E-06
-7.4395E-08	-1.3941E-08	5.0326E-07	2.4953E-06
-3.3155E-08	-4.4851E-08	-2.1692E-06	3.4473E-06
9.5957E-09	-5.9145E-08	-2.8719E-07	5.3420E-06
-4.6914E-08	-4.9651E-08	1.5631E-07	3.3050E-06
-2.7859E-08	-5.5050E-08	-1.5357E-06	4.1161E-06
-3.5216E-08	-6.4762E-08	-5.2366E-09	5.0555E-06
-7.5915E-08	-4.1787E-08	-3.6125E-07	3.5692E-06
-8.3538E-08	-5.9283E-08	-8.7044E-07	5.0684E-06
-4.5500E-08	-7.3272E-08	4.1622E-07	4.3324E-06
-6.1270E-08	-1.0254E-07	-5.9521E-07	4.5175E-06
-3.4993E-08	-6.2346E-08	7.1338E-07	4.6706E-06
-3.3578E-09	-3.7017E-08	2.0804E-07	3.5367E-06
1.1883E-08	-5.4594E-08	-3.2124E-07	3.5750E-06
-7.4341E-08	-2.1593E-08	-1.0336E-06	4.0381E-06
-3.4244E-08	-3.1613E-08	-6.3329E-07	4.6055E-06
-4.3673E-08	-5.0528E-08	-7.5550E-07	5.0761E-06
-6.0727E-08	-6.4738E-08	7.1887E-07	5.3077E-06
-5.4610E-08	-6.5831E-08	5.1382E-07	3.9205E-06
-5.8769E-08	-8.9048E-08	3.0778E-09	4.1388E-06
-7.8852E-08	-2.0586E-08	-3.0683E-07	4.3781E-06
-5.1791E-08	-3.8399E-08	4.9563E-07	4.9412E-06
-4.8311E-08	-1.3159E-08	8.9584E-07	3.9173E-06
-4.7657E-08	-2.3609E-08	4.8399E-07	3.3894E-06
-3.3273E-08	-8.8243E-08	-4.1543E-07	3.2959E-06
-5.0578E-08	-2.1880E-08	-3.1127E-07	3.8344E-06
-1.0983E-07	-5.0413E-08	-8.4215E-07	3.5905E-06
-4.3459E-08	-1.9005E-08	-6.1298E-07	4.3766E-06
-3.3022E-08	-7.8921E-08	-1.0346E-06	3.9402E-06
-2.3131E-08	-2.6744E-08	-6.0365E-07	5.3919E-06
-8.4211E-08	-1.9934E-08	7.4231E-08	3.9549E-06
-2.3204E-08	-1.6020E-08	-1.0888E-06	4.8955E-06
-2.2793E-08	-5.6067E-08	1.4307E-07	4.8700E-06
1.2978E-08	-3.5898E-08	-3.6708E-07	4.8840E-06
-3.1418E-08	-3.2703E-08	6.8539E-07	4.7891E-06
-3.3587E-08	-4.5789E-08	1.3394E-07	3.8013E-06
-5.1519E-08	-1.5198E-08	-5.2323E-07	3.9025E-06
-2.1927E-08	-6.3763E-08	-1.0727E-06	4.5707E-06
-4.3021E-08	-4.0881E-08	-6.1352E-07	5.2121E-06
-1.9244E-08	-6.8358E-08	-2.3887E-07	5.3831E-06
-4.3361E-08	-1.2974E-08	7.0462E-08	5.3403E-06
-4.8595E-08	3.3879E-08	5.9618E-07	5.7832E-06
-4.4588E-08	-4.5209E-08	1.6143E-06	4.7491E-06
-2.6120E-08	-7.9782E-08	1.0821E-06	4.1602E-06
-3.6497E-08	-3.5332E-08	1.0815E-06	3.2309E-06
1.8922E-08	-8.7271E-08	-5.7716E-07	3.5161E-06
-4.9315E-08	-4.4486E-08	1.9729E-07	4.0673E-06
-7.3595E-09	-6.5449E-08	-7.8515E-07	3.8869E-06
1.0173E-08	2.9816E-09	2.9021E-07	4.6471E-06
-3.9794E-08	1.8998E-08	-7.7439E-07	3.4096E-06
-2.7571E-08	-2.9831E-08	-6.0625E-07	5.5928E-06
-5.6707E-08	-1.2448E-08	6.7245E-07	4.0502E-06
-3.7859E-08	-2.7450E-08	-6.8263E-07	4.5037E-06
-3.2487E-08	-4.3927E-09	4.9200E-07	4.4886E-06
-1.4153E-08	-1.4631E-08	-5.6815E-07	3.8972E-06
-1.8342E-08	-1.6256E-08	-3.6118E-07	4.8870E-06
5.7320E-09	-4.0267E-08	-1.1982E-07	4.6407E-06
2.0669E-08	-7.2134E-08	4.3257E-07	5.0156E-06
-2.5274E-08	-1.5330E-08	9.2918E-07	3.4475E-06
-1.9295E-08	-4.0886E-08	-1.0831E-06	3.1167E-06
1.0268E-08	-6.8522E-09	-1.3829E-06	4.6843E-06
2.5061E-08	-7.8858E-09	-6.5264E-07	5.2554E-06
1.7832E-09	1.4314E-09	2.2089E-07	4.9884E-06
-3.1456E-08	-4.0653E-08	-7.7862E-08	4.1323E-06
6.1914E-09	-3.0666E-08	-6.6545E-07	4.4395E-06
-3.2371E-08	-2.8636E-08	-6.0445E-07	4.9374E-06
1.1842E-08	-3.6189E-08	1.9176E-07	4.9520E-06
-9.2105E-09	-6.5627E-08	-2.1914E-07	3.7845E-06
-3.5924E-08	2.5954E-08	-1.3854E-06	4.7539E-06
-3.7752E-08	-3.0943E-09	-2.6007E-07	5.5127E-06
-2.1264E-08	7.4484E-09	1.9292E-08	4.5412E-06
-1.9045E-08	-6.2257E-08	-1.0047E-06	4.6592E-06
-4.2218E-08	-2.7299E-08	-3.2087E-07	6.0050E-06
-1.0576E-08	-4.1264E-08	1.0499E-06	4.4575E-06
1.4856E-08	-2.5848E-09	-1.1454E-06	3.7014E-06
-5.3453E-09	-4.2743E-08	-1.1737E-06	5.6708E-06
-6.2164E-08	2.3206E-08	-5.9617E-08	5.6410E-06
-4.6363E-08	-3.7932E-08	4.4574E-07	4.9422E-06
-3.0627E-08	-1.0636E-08	-7.2333E-07	4.1955E-06
-3.0322E-08	-4.7306E-09	-1.0291E-06	5.8018E-06
-4.9863E-08	-1.0333E-08	1.2422E-08	5.7450E-06
-4.0523E-08	5.1720E-09	4.4981E-07	5.7806E-06
-4.4036E-08	2.5769E-08	7.8956E-07	4.4565E-06
-8.8396E-09	-2.3888E-08	-7.2274E-07	4.8322E-06
-2.2153E-08	-3.3314E-08	4.0145E-07	5.6773E-06
-5.0525E-08	-1.9258E-08	5.6497E-07	4.4814E-06
9.8032E-10	9.3532E-09	-3.1004E-07	4.5349E-06
-1.8093E-08	-2.8941E-08	-1.5202E-07	5.1675E-06
-3.4744E-08	-4.2114E-08	4.0315E-07	4.7617E-06
-5.6806E-08	-1.9611E-08	-1.3087E-07	4.0841E-06
9.6312E-09	-1.2054E-08	-1.1254E-06	4.5241E-06
-1.2072E-08	-2.4313E-08	-7.6353E-07	5.6020E-06
1.5972E-08	-2.0374E-08	-1.7892E-07	5.3943E-06
3.5791E-09	-1.3814E-08	1.6698E-07	5.3040E-06
-7.8444E-09	-3.7324E-08	-1.7266E-07	4.3440E-06
-4.9303E-08	-2.5427E-08	-1.1293E-06	5.1303E-06
-2.3319E-08	2.1849E-09	-8.3411E-07	5.8010E-06
-5.2594E-08	6.8902E-09	2.4843E-07	6.5030E-06
3.4697E-09	-1.7689E-08	7.9631E-07	4.6815E-06
-2.7432E-08	4.4458E-09	-4.8015E-07	5.4780E-06
-6.6153E-08	4.7585E-08	8.2636E-07	4.8638E-06
-5.0777E-08	5.1161E-08	-7.8513E-07	4.7172E-06
-1.7832E-08	-4.4053E-08	-2.6286E-09	5.1585E-06
-4.4026E-09	-4.8476E-10	-1.0702E-06	5.1736E-06
-2.3764E-08	-2.4534E-08	-7.2132E-08	6.0246E-06
-4.0692E-08	-2.4341E-08	-1.6529E-07	5.8428E-06
-3.8225E-08	-2.4251E-08	1.1476E-06	5.4115E-06
-2.0501E-08	-5.7765E-08	-8.0227E-07	4.4718E-06
-2.5456E-08	1.0114E-08	2.3455E-07	6.5414E-06
-4.3961E-08	-1.6802E-08	7.4101E-07	4.6972E-06
-2.3537E-08	4.9841E-08	2.4191E-07	5.1992E-06
3.2558E-08	-2.5725E-08	1.6611E-07	4.2633E-06
-2.2249E-08	-1.6439E-08	-5.8721E-07	4.8754E-06
-2.2954E-08	2.9055E-08	-8.1616E-07	4.6889E-06
-1.0292E-08	-2.3362E-08	-1.2543E-06	6.0901E-06
7.2773E-09	-2.1836E-08	1.6391E-07	6.1916E-06
-1.3870E-08	-1.4539E-08	2.6321E-08	5.6260E-06
4.1319E-08	-5.0983E-09	8.4911E-08	6.0987E-06
-9.0360E-09	-1.0468E-08	1.3040E-06	5.7458E-06
4.1535E-09	-3.6905E-08	4.7655E-07	4.0256E-06
-2.2387E-08	-8.8709E-09	-7.5393E-07	5.3741E-06
-1.8466E-08	-2.1068E-08	6.2159E-07	5.5787E-06
3.0760E-08	-1.3764E-09	3.4794E-07	4.6661E-06
2.3021E-08	-1.1190E-08	-1.0463E-07	4.5861E-06
2.3226E-08	-1.2825E-08	-6.8658E-07	4.9319E-06
-7.3385E-09	-1.2570E-08	-7.8815E-08	5.4330E-06
-1.6835E-08	4.5683E-10	-3.6380E-07	4.5032E-06
-4.6065E-08	-7.5519E-09	-1.1482E-06	5.7254E-06
-1.3132E-08	-1.5531E-08	3.2342E-07	5.8459E-06
-1.0826E-09	2.2943E-08	1.7022E-07	5.0364E-06
-1.9784E-08	-2.8767E-08	1.6494E-08	4.3199E-06
-4.4627E-09	-3.6350E-08	-1.8309E-06	4.8594E-06
-3.8485E-08	1.8778E-09	-2.5488E-07	6.4238E-06
-1.9800E-08	-1.5694E-08	-4.2873E-07	4.6354E-06
1.5848E-08	-1.6326E-08	-1.0522E-06	6.1417E-06
-1.2667E-08	-2.4641E-08	9.7604E-08	5.3175E-06
-3.2222E-08	1.4580E-08	-1.2507E-06	5.4503E-06
2.2076E-09	-2.4480E-08	-2.5075E-07	6.4098E-06
2.1103E-08	-2.0834E-08	7.3024E-08	5.2196E-06
3.0824E-08	-6.2997E-09	-1.0172E-06	5.4253E-06
3.7959E-08	-3.4931E-08	-4.8852E-07	6.2416E-06
-1.4887E-08	-2.5399E-08	9.0794E-09	5.6599E-06
-9.1192E-09	-2.1840E-08	-6.5096E-07	5.1181E-06
-1.9474E-08	-2.8685E-08	-1.5780E-06	6.3495E-06
1.2663E-08	-1.9797E-08	4.4713E-07	7.3946E-06
-4.5480E-08	1.4411E-08	1.2235E-06	5.3182E-06
-6.6047E-09	-1.2524E-08	1.1898E-07	4.5018E-06
-2.9448E-08	-1.4621E-08	-1.3053E-06	4.5507E-06
-1.3377E-08	1.2248E-08	-1.5413E-06	6.3923E-06
-3.6836E-08	-4.9661E-08	-8.6859E-10	6.4119E-06
4.1147E-08	-2.1454E-08	-9.1570E-08	5.3729E-06
3.1495E-10	4.7238E-09	-9.2288E-07	5.5321E-06
-3.9505E-08	-4.1962E-09	-4.0865E-07	6.0623E-06
1.2318E-08	1.6735E-08	-5.9439E-07	5.0422E-06
1.6889E-09	4.8027E-11	-1.9731E-06	5.7912E-06
-2.3657E-08	-4.1551E-08	-1.3418E-06	7.3588E-06
-2.6567E-08	-4.3432E-09	1.4281E-07	7.1413E-06
-2.0811E-08	3.4158E-09	1.4509E-07	6.3058E-06
-3.0017E-08	-1.3210E-08	2.9579E-07	6.0840E-06
7.4217E-09	-3.8929E-08	-2.6056E-07	5.4149E-06
-1.7591E-08	-1.6637E-08	-8.0455E-07	5.8702E-06
-2.9125E-08	1.3698E-08	-1.0701E-06	6.5176E-06
-1.6079E-08	1.0885E-08	4.1053E-07	7.2439E-06
1.7445E-09	2.5028E-08	6.6372E-07	5.0314E-06
1.3496E-08	-2.7461E-08	-1.2454E-06	5.5159E-06
-3.7038E-08	5.3945E-10	-7.2460E-07	6.4294E-06
-1.1980E-08	-2.7014E-08	-5.4357E-07	6.4655E-06
-1.3123E-08	1.1086E-08	1.4255E-08	6.4426E-06
8.8498E-09	1.3389E-08	-3.0649E-07	5.5039E-06
-2.4266E-08	-2.4347E-08	-1.4629E-06	6.5958E-06
-3.5408E-08	-6.7682E-09	4.1298E-07	7.3429E-06
-1.9669E-08	-1.4609E-08	1.9400E-07	5.8179E-06
4.6296E-09	-2.1972E-09	3.7338E-07	6.4181E-06
2.0872E-08	-3.4170E-09	1.9594E-07	4.8342E-06
-3.1780E-09	1.2192E-08	-1.0475E-06	5.7282E-06
-1.0120E-08	-2.5320E-08	-7.3425E-07	5.8927E-06
-2.9664E-08	-2.1518E-08	-3.8236E-07	6.6017E-06
2.3105E-08	-1.3139E-08	1.0723E-07	4.8597E-06
-1.3093E-08	-3.4081E-12	-2.3445E-06	5.6726E-06
6.3017E-09	-2.4159E-08	-8.0648E-07	7.4617E-06
-1.2843E-08	3.0991E-08	2.2401E-07	6.3354E-06
-1.1449E-08	-2.2534E-08	-4.2036E-07	5.2800E-06
-1.0454E-08	-2.1540E-08	-1.5062E-06	6.1225E-06
-1.4102E-08	-5.3675E-09	-2.2508E-07	6.4098E-06
-2.1580E-08	-1.9389E-08	-1.1366E-06	5.0046E-06
-4.0795E-08	7.8981E-09	-2.2527E-06	6.6809E-06
9.3386E-09	-3.0226E-08	-5.2288E-07	7.0114E-06
-2.0189E-08	-1.3061E-09	-1.2703E-06	5.9095E-06
4.1675E-08	4.2246E-09	-1.3900E-06	7.0543E-06
-2.3253E-08	-1.5545E-09	-1.0678E-06	6.8703E-06
4.2798E-08	3.5847E-09	-1.5312E-07	7.3368E-06
-3.7769E-08	-1.2126E-08	-4.4233E-07	5.1036E-06
1.2931E-08	-1.6259E-08	-2.2519E-06	6.8203E-06
2.0764E-08	6.7022E-08	-7.5027E-07	6.7895E-06
-4.5825E-08	3.2115E-08	-1.4748E-06	7.2612E-06
-1.9572E-08	-3.4387E-08	2.3775E-07	6.5630E-06
-2.4608E-08	2.4798E-08	-1.7530E-06	5.6587E-06
3.3814E-09	6.1517E-10	-1.5078E-06	6.8153E-06
-5.3090E-09	-2.4942E-08	-2.0477E-06	6.7956E-06
4.2348E-08	3.1977E-08	-1.4087E-06	7.6131E-06
-2.2253E-08	-3.6864E-08	-1.5532E-06	7.4874E-06
-5.3769E-08	3.9504E-09	-5.7761E-07	8.1573E-06
-3.0580E-09	3.7044E-08	8.7304E-08	7.0816E-06
-2.4182E-08	-6.5011E-09	-2.9161E-07	5.8464E-06
4.6526E-08	2.3996E-09	-2.3476E-06	6.1549E-06
1.1761E-08	-1.5127E-08	-1.4897E-06	7.8846E-06
3.0487E-08	2.5350E-08	-9.9519E-07	7.1765E-06
-1.0073E-08	-9.6462E-09	-7.4811E-07	7.0940E-06
-3.7632E-08	3.2182E-08	-1.5029E-06	6.4831E-06
3.4143E-08	1.2653E-08	-1.4425E-06	7.3270E-06
-2.7648E-08	3.3286E-08	-1.7199E-06	6.9074E-06
-3.5376E-09	-6.6018E-09	-1.3009E-06	7.8981E-06
-2.0346E-09	-2.2624E-08	-1.2213E-06	6.5145E-06
-3.1177E-08	1.6727E-08	-2.3748E-06	7.8130E-06
2.2777E-09	-3.0008E-08	-9.2277E-07	7.9809E-06
-1.4863E-08	1.0907E-08	-1.1428E-06	7.4614E-06
-2.3663E-08	5.3399E-08	-9.0841E-07	7.3029E-06
1.0162E-08	-7.5913E-09	-1.1746E-06	6.8842E-06
-1.8105E-08	2.8781E-08	-1.7413E-06	6.5616E-06
-3.5635E-08	-2.2529E-08	-2.4597E-06	7.4114E-06
2.0537E-08	4.2970E-09	-1.6170E-06	7.4823E-06
-2.8935E-08	-1.9340E-08	-2.7663E-06	7.1630E-06
-3.1620E-09	-3.2431E-08	-2.3441E-06	8.8938E-06
1.7777E-08	-1.1775E-08	-1.1088E-06	8.0078E-06
-1.2562E-08	4.7880E-09	-1.8495E-06	7.6149E-06
1.7029E-08	-2.7803E-09	-1.8515E-06	7.7256E-06
-2.4876E-08	-3.9513E-09	-2.2859E-06	7.7098E-06
-2.7198E-08	-8.6424E-11	-2.4059E-06	8.2706E-06
-4.2098E-08	9.1931E-09	-1.7517E-06	8.4063E-06
-3.1341E-09	3.9239E-08	-2.2557E-06	7.3780E-06
7.7096E-09	-1.1685E-09	-3.3101E-06	8.9012E-06
-1.0659E-08	-2.8425E-08	-1.5685E-06	8.9983E-06
8.3443E-09	1.0134E-08	-2.6098E-06	8.2829E-06
-6.0553E-09	2.7776E-08	-2.2286E-06	9.2900E-06
-4.4119E-09	-3.2674E-08	-2.1531E-06	8.9522E-06
1.0329E-08	-1.8538E-08	-1.8752E-06	9.1350E-06
2.7245E-08	8.7901E-09	-2.4005E-06	9.1153E-06
-2.0506E-08	2.0463E-08	-1.2786E-06	9.9525E-06
-1.5974E-08	2.9322E-08	-9.9854E-07	8.2142E-06
1.2998E-09	-3.8950E-08	-2.3499E-06	8.1100E-06
2.7816E-08	3.0934E-08	-3.1020E-06	9.2470E-06
1.1824E-08	-1.2460E-08	-1.3691E-06	9.8858E-06
-1.4534E-08	-5.8371E-09	-2.5063E-06	8.0068E-06
6.0415E-09	-2.5490E-08	-2.9208E-06	1.0751E-05
-2.6260E-11	-2.4845E-08	-8.1177E-07	9.2177E-06
3.6600E-08	3.0656E-08	-2.6875E-06	9.1861E-06
1.8325E-08	-4.3399E-08	-1.5602E-06	9.6157E-06
5.3615E-09	-3.3994E-08	-2.6201E-06	8.8253E-06
4.0511E-09	1.0157E-08	-2.8101E-06	1.0249E-05
2.3281E-08	1.2084E-08	-1.7602E-06	1.0138E-05
-8.2473E-09	-1.9583E-08	-2.3585E-06	9.6668E-06
1.5397E-08	1.9897E-08	-2.0077E-06	1.0782E-05
-1.0064E-08	-1.0292E-08	-1.1687E-06	9.7467E-06
2.4113E-10	-3.6913E-08	-1.8121E-06	9.8012E-06
2.5279E-08	4.6923E-08	-1.4076E-06	9.0499E-06
-1.1196E-08	-9.0575E-09	-3.0355E-06	9.1953E-06
-1.9699E-08	1.2667E-08	-2.2331E-06	1.0186E-05
1.3229E-09	5.1955E-08	-2.4879E-06	9.0799E-06
2.3114E-08	-2.7103E-09	-3.8727E-06	9.8326E-06
9.8178E-09	1.4712E-08	-3.3510E-06	1.1496E-05
-1.4590E-08	-3.3801E-09	-1.8775E-06	1.1146E-05
-1.8983E-08	-2.9945E-08	-2.1418E-06	1.0210E-05
-1.5072E-08	2.7306E-08	-2.9482E-06	1.0049E-05
2.2600E-08	3.7601E-08	-3.5425E-06	1.1225E-05
-2.1642E-08	3.3595E-09	-2.3577E-06	1.1576E-05
-9.7869E-09	-1.2967E-09	-2.6192E-06	1.1242E-05
-3.5892E-09	5.2099E-08	-1.8731E-06	1.1474E-05
7.5567E-09	4.1777E-09	-2.4384E-06	1.0339E-05
-1.0771E-09	1.0924E-08	-3.0614E-06	1.1481E-05
3.2837E-08	4.0528E-08	-2.2224E-06	1.1276E-05
-1.1423E-08	-4.6052E-09	-2.6585E-06	1.1147E-05
-1.9866E-08	1.2132E-08	-2.4855E-06	1.0749E-05
-2.8502E-08	-4.8553E-08	-4.0585E-06	1.0907E-05
7.3319E-09	-6.2389E-10	-3.3428E-06	1.2592E-05
1.5921E-08	-1.8918E-08	-2.8482E-06	1.1752E-05
2.0194E-09	-2.2246E-08	-2.9478E-06	1.2219E-05
-6.7247E-09	2.8480E-08	-2.9644E-06	1.1087E-05
-5.6763E-09	-1.1660E-08	-4.7795E-06	1.2115E-05
9.6090E-09	-1.5737E-08	-3.7853E-06	1.3565E-05
-2.8925E-08	1.9022E-08	-3.0190E-06	1.3354E-05
8.3008E-09	2.4529E-08	-3.3051E-06	1.2766E-05
2.4705E-08	-1.0807E-08	-3.8503E-06	1.4250E-05
-4.3807E-08	-1.7216E-08	-1.5568E-06	1.4120E-05
1.9382E-08	1.7209E-08	-2.5494E-06	1.2431E-05
2.1192E-08	-7.8226E-09	-2.9473E-06	1.3310E-05
-2.0745E-08	1.7014E-08	-3.0981E-06	1.2987E-05
3.5783E-08	-1.6206E-08	-3.1980E-06	1.3672E-05
4.1557E-08	-1.4048E-08	-3.1631E-06	1.3157E-05
-1.6213E-08	1.3066E-09	-3.8257E-06	1.3935E-05
-1.0073E-08	1.3983E-08	-3.2946E-06	1.3869E-05
-2.7635E-08	-1.3302E-08	-4.2055E-06	1.4464E-05
-6.1078E-09	1.1890E-08	-2.7479E-06	1.4977E-05
5.2632E-09	-3.9300E-08	-3.8769E-06	1.3654E-05
7.6819E-10	1.8827E-08	-4.2507E-06	1.5830E-05
1.9417E-08	-2.2106E-10	-2.8655E-06	1.5155E-05
9.7565E-09	-4.6838E-09	-4.0156E-06	1.5181E-05
-2.7551E-08	1.5771E-09	-3.7414E-06	1.6104E-05
1.7160E-08	1.2005E-09	-3.2912E-06	1.6507E-05
-1.2468E-08	2.0456E-08	-2.6038E-06	1.6334E-05
-2.6358E-08	1.1420E-08	-2.7134E-06	1.5829E-05
-9.8587E-09	-1.8074E-08	-3.1585E-06	1.6039E-05
1.7067E-08	9.5795E-09	-2.6236E-06	1.6022E-05
3.9320E-08	-3.0269E-08	-4.0046E-06	1.5333E-05
1.4591E-08	2.5052E-09	-3.9671E-06	1.7512E-05
3.8575E-08	1.4684E-08	-3.0982E-06	1.6227E-05
-2.2663E-08	-1.2684E-08	-4.6151E-06	1.7292E-05
-7.6303E-09	1.2224E-09	-3.7222E-06	1.7621E-05
-4.7375E-08	-7.3239E-09	-4.1990E-06	1.8543E-05
-4.9421E-08	6.0749E-09	-2.8428E-06	1.8151E-05
-3.1334E-08	-3.7355E-08	-4.2394E-06	1.8310E-05
-1.1151E-08	-2.1947E-09	-3.3376E-06	1.9016E-05
-1.2499E-08	1.5696E-08	-3.7287E-06	1.9347E-05
2.4086E-08	1.1469E-08	-2.5467E-06	1.8938E-05
3.5393E-09	2.1810E-08	-4.5126E-06	1.9075E-05
2.6603E-08	-4.7366E-09	-2.7051E-06	2.0139E-05
-1.5771E-08	1.4367E-08	-4.6425E-06	1.8725E-05
2.5773E-09	-1.5565E-08	-4.2364E-06	2.1699E-05
2.9706E-08	1.0102E-08	-3.6691E-06	2.0370E-05
1.9302E-08	9.3734E-09	-4.3064E-06	2.2235E-05
1.7977E-08	-2.7170E-08	-2.7401E-06	2.1652E-05
-5.0748E-09	3.0510E-10	-4.0094E-06	2.1285E-05
1.1136E-08	-1.1555E-08	-4.7393E-06	2.2390E-05
-3.7324E-08	1.6346E-08	-4.3582E-06	2.3915E-05
2.0498E-10	-2.8506E-08	-3.5655E-06	2.4040E-05
2.0663E-08	-1.2349E-08	-3.5663E-06	2.4322E-05
3.0235E-08	-8.6980E-09	-3.8946E-06	2.4407E-05
5.5359E-09	2.6040E-08	-4.2123E-06	2.5962E-05
3.5158E-09	-2.7723E-08	-3.0682E-06	2.6057E-05
8.3802E-09	-2.4213E-08	-4.5201E-06	2.6386E-05
5.6064E-08	4.8345E-08	-3.7365E-06	2.8754E-05
8.8601E-09	3.3310E-08	-3.0069E-06	2.8361E-05
-1.9265E-10	1.2453E-09	-3.5667E-06	2.9781E-05
1.9419E-08	2.5475E-09	-2.8136E-06	3.0498E-05
-2.2890E-08	-8.6995E-09	-3.0659E-06	3.1898E-05
1.4232E-08	-1.8673E-08	-2.3138E-06	3.2780E-05
-2.7284E-08	-2.7685E-09	-2.9133E-06	3.5099E-05
1.5759E-08	3.3677E-09	-1.0887E-07	3.7293E-05
-2.4692E-08	-9.1397E-09	7.2914E-07	3.7464E-05
-3.8195E-08	-4.3170E-08	2.0357E-06	3.9274E-05
2.4614E-08	-8.1864E-10	3.4724E-06	4.0774E-05
1.2272E-09	3.0720E-08	6.2903E-06	4.2185E-05
1.5987E-08	-1.6556E-09	7.9121E-06	4.2949E-05
2.4884E-08	6.5323E-10	1.1538E-05	4.4747E-05
3.7010E-08	1.9355E-08	1.4967E-05	4.4505E-05
7.1278E-10	-4.8668E-09	1.9454E-05	4.4237E-05
1.9312E-09	1.2102E-08	2.2301E-05	4.1714E-05
-2.8805E-08	-2.5934E-08	2.5954E-05	4.0998E-05
2.1291E-08	3.4094E-08	2.9692E-05	3.6537E-05
-1.1130E-08	-5.3943E-08	3.0924E-05	3.2784E-05
4.0334E-09	-4.1720E-08	3.2027E-05	2.8550E-05
-4.0531E-11	-1.9870E-08	3.2083E-05	2.3990E-05
-2.1672E-08	-9.3277E-09	2.9243E-05	1.9402E-05
2.9715E-08	1.0108E-09	2.6838E-05	1.8712E-05
-2.0457E-08	1.0129E-08	2.5738E-05	1.6040E-05
1.0438E-08	2.2650E-09	2.2808E-05	1.4585E-05
2.5035E-08	6.8844E-09	2.0037E-05	1.3262E-05
1.6941E-08	-3.1810E-09	1.6533E-05	1.3858E-05
3.3010E-09	6.9921E-09	1.3978E-05	1.5180E-05
-2.2988E-08	2.1115E-08	1.2996E-05	1.7941E-05
2.4719E-08	-2.8775E-08	1.2770E-05	1.8169E-05
4.1759E-09	5.0450E-09	1.1290E-05	2.0735E-05
2.6862E-08	3.4308E-08	1.2697E-05	2.1856E-05
3.4905E-08	-2.0936E-08	1.1988E-05	2.3047E-05
1.0540E-08	1.2617E-08	1.3281E-05	2.4626E-05
4.1623E-08	4.8279E-09	1.4417E-05	2.5675E-05
2.3746E-08	-2.8903E-10	1.6473E-05	2.4675E-05
1.1934E-08	1.7412E-08	1.4761E-05	2.4418E-05
8.4769E-10	-4.5785E-09	1.6147E-05	2.6292E-05
-2.9197E-08	6.8676E-09	1.6786E-05	2.5724E-05
-2.3547E-08	-8.4335E-09	1.7633E-05	2.6287E-05
1.2980E-08	8.1235E-09	1.7628E-05	2.5689E-05
3.3374E-08	-9.2062E-11	1.7636E-05	2.7238E-05
2.6918E-08	-4.3099E-09	1.9370E-05	2.8199E-05
5.1858E-08	-3.2761E-08	2.1298E-05	2.7831E-05
1.0422E-08	-1.2867E-08	2.1430E-05	2.7422E-05
-3.5421E-09	2.2012E-08	2.3510E-05	2.8735E-05
-2.7353E-09	3.6282E-08	2.5990E-05	2.6781E-05
1.9720E-08	1.6567E-10	2.6525E-05	2.5349E-05
4.6668E-10	2.0446E-08	2.6626E-05	2.3810E-05
-4.6299E-09	-1.2498E-08	2.6847E-05	2.4426E-05
1.0696E-08	-8.1227E-09	2.9752E-05	2.2825E-05
-4.1708E-09	-4.4419E-09	2.9488E-05	1.9110E-05
8.2478E-09	2.8077E-08	2.7329E-05	1.7324E-05
2.6375E-08	3.0132E-08	2.5678E-05	1.7549E-05
-9.9094E-09	2.2741E-08	2.5144E-05	1.7421E-05
-4.3762E-09	5.4478E-08	2.4324E-05	1.7792E-05
-2.9234E-09	-1.7088E-08	2.4024E-05	1.7312E-05
1.1474E-08	-4.0853E-08	2.1962E-05	1.8675E-05
-3.1396E-08	-7.3810E-09	2.3883E-05	2.0854E-05
2.3697E-10	-5.1168E-09	2.4795E-05	1.9754E-05
1.4300E-08	3.1541E-09	2.4886E-05	2.0157E-05
-1.8943E-09	7.5136E-09	2.5647E-05	2.0177E-05
-2.4424E-08	1.8842E-09	2.6526E-05	1.9870E-05
-1.3436E-09	-4.1435E-08	2.6708E-05	1.9425E-05
8.4519E-09	-1.3180E-08	2.7951E-05	1.9112E-05
3.0249E-09	2.4676E-08	2.7731E-05	1.7249E-05
-3.0807E-09	-1.9521E-08	2.7248E-05	1.7124E-05
8.1857E-09	2.2172E-09	2.6392E-05	1.6131E-05
-1.4064E-08	-3.5963E-08	2.5628E-05	1.7461E-05
5.8542E-08	-2.0586E-10	2.6266E-05	1.6996E-05
-2.5985E-08	3.2919E-09	2.5393E-05	1.7610E-05
3.3198E-08	1.5609E-08	2.6035E-05	1.7518E-05
-1.3775E-08	9.3029E-09	2.4759E-05	1.8195E-05
7.7075E-12	-8.5768E-09	2.5983E-05	1.9298E-05
9.0811E-10	9.1911E-09	2.5376E-05	1.9235E-05
2.5248E-08	9.0898E-09	2.6193E-05	2.1017E-05
-4.9672E-08	2.2251E-08	2.6516E-05	2.1146E-05
-1.9940E-08	1.7144E-08	2.7804E-05	2.3452E-05
-8.3169E-09	-6.2200E-09	3.0003E-05	2.2532E-05
8.8665E-09	1.9661E-08	2.9591E-05	2.3506E-05
8.3139E-09	1.2251E-08	3.2132E-05	2.4919E-05
-1.2057E-08	1.1866E-08	3.4279E-05	2.4787E-05
-1.0350E-08	2.4259E-08	3.5946E-05	2.4253E-05
1.3132E-08	1.4098E-08	3.7109E-05	2.5643E-05
-2.0030E-09	-5.5643E-09	4.2230E-05	2.5906E-05
-8.2086E-09	2.3450E-08	4.4768E-05	2.3029E-05
-2.5714E-08	-1.1195E-10	4.7699E-05	2.2242E-05
-1.5771E-08	1.1512E-08	5.1346E-05	1.8633E-05
2.2090E-08	-1.2511E-08	5.3306E-05	1.4626E-05
-1.7456E-08	8.5450E-09	5.4475E-05	9.4419E-06
-4.1577E-08	7.8644E-09	5.3154E-05	4.4976E-06
-5.6163E-09	2.9316E-09	5.0816E-05	1.0080E-06
3.3377E-08	-4.8722E-08	4.8231E-05	-1.3982E-06
-3.7898E-08	3.8957E-08	4.5243E-05	-2.8460E-06
1.2093E-09	1.9781E-08	4.2641E-05	-2.6147E-06
6.7351E-09	1.6156E-08	4.1723E-05	-1.7393E-06
-1.7320E-08	-9.2583E-09	4.1614E-05	-2.1758E-06
2.9441E-08	1.9188E-08	4.0208E-05	-2.0331E-06
2.5726E-08	2.3262E-09	4.1205E-05	-9.7927E-07
1.0541E-08	2.8120E-08	4.1902E-05	-2.5332E-06
-2.2006E-09	3.1991E-09	4.1682E-05	-2.8669E-06
-1.6076E-08	6.5942E-10	4.2253E-05	-3.6149E-06
-8.6496E-09	1.2771E-08	4.3342E-05	-4.0585E-06
-1.4090E-08	-2.3992E-08	4.5077E-05	-7.1312E-06
7.1646E-09	2.6615E-08	4.3588E-05	-1.0046E-05
2.5128E-08	7.0006E-09	4.3577E-05	-1.1632E-05
1.0134E-08	2.2858E-08	4.2050E-05	-1.5739E-05
-3.6183E-08	-5.1376E-09	3.8009E-05	-1.6519E-05
-4.8370E-10	2.8038E-08	3.7326E-05	-1.6267E-05
4.5121E-09	5.6122E-08	3.5564E-05	-1.7942E-05
-9.0197E-09	1.0704E-08	3.4079E-05	-1.7586E-05
2.5892E-08	-3.0626E-08	3.3583E-05	-1.9610E-05
-1.9551E-08	1.2947E-08	2.9687E-05	-2.0593E-05
8.1175E-09	-5.0376E-09	2.8400E-05	-1.8877E-05
2.0511E-08	4.6446E-08	2.7706E-05	-2.0253E-05
-3.2539E-08	-2.5532E-09	2.4692E-05	-2.0184E-05
-3.2945E-08	5.6627E-09	2.3332E-05	-1.9853E-05
9.1013E-09	-1.9166E-08	1.9870E-05	-1.9188E-05
-6.4252E-09	2.1933E-08	1.9187E-05	-1.5577E-05
-9.0498E-10	9.3954E-09	2.0170E-05	-1.5579E-05
2.5591E-08	-3.0299E-08	1.8378E-05	-1.5416E-05
-3.2695E-09	-1.1241E-08	1.7424E-05	-1.3356E-05
-2.1610E-08	-1.4268E-09	1.8198E-05	-1.1870E-05
-1.3284E-08	-3.6270E-08	1.8451E-05	-1.1560E-05
3.3773E-08	3.1750E-09	1.9331E-05	-1.0629E-05
2.6131E-08	1.7191E-08	2.0089E-05	-1.2195E-05
1.1637E-08	-5.4990E-09	1.8397E-05	-1.2113E-05
-2.0960E-08	-1.5244E-08	1.9188E-05	-1.1811E-05
5.3320E-09	1.3049E-08	1.7629E-05	-1.3046E-05
-1.5903E-08	1.6836E-08	1.6668E-05	-1.1021E-05
-4.5975E-09	-1.1319E-08	1.7870E-05	-1.1341E-05
2.9258E-08	3.8511E-08	1.6382E-05	-1.1986E-05
-1.5784E-08	5.9290E-09	1.5697E-05	-1.0746E-05
2.6442E-08	-1.0485E-09	1.5936E-05	-1.0356E-05
-3.4956E-09	7.0906E-09	1.5747E-05	-1.0513E-05
-3.1004E-08	5.1338E-09	1.4775E-05	-1.0565E-05
-5.9916E-09	1.6099E-08	1.3775E-05	-9.3702E-06
-2.2322E-08	-5.3214E-08	1.4276E-05	-8.2757E-06
-7.6196E-09	2.0946E-08	1.4213E-05	-8.4033E-06
1.4834E-09	2.8633E-08	1.3589E-05	-7.7257E-06
-7.4772E-09	-1.2266E-08	1.3097E-05	-6.6594E-06
-8.9613E-09	-5.9951E-09	1.3850E-05	-4.8130E-06
-5.0533E-09	1.3935E-08	1.4955E-05	-4.9796E-06
1.3176E-08	1.4256E-08	1.5015E-05	-3.9362E-06
9.2036E-09	2.8428E-08	1.6656E-05	-3.9178E-06
2.3436E-08	3.2882E-08	1.6697E-05	-3.8497E-06
1.9224E-08	-3.2014E-08	1.7938E-05	-3.6071E-06
5.2364E-08	-6.6362E-10	1.8771E-05	-3.3654E-06
1.9514E-08	8.2875E-09	2.0997E-05	-4.5224E-06
1.5171E-08	1.8516E-08	2.0528E-05	-5.9576E-06
-8.9092E-09	1.0003E-08	2.1735E-05	-6.6862E-06
-1.2952E-09	3.0941E-08	2.0993E-05	-8.3864E-06
3.2781E-08	-9.0098E-10	2.1873E-05	-9.1480E-06
-2.8771E-09	1.1649E-08	2.0242E-05	-1.2050E-05
-8.6582E-09	1.1718E-08	1.8484E-05	-1.1752E-05
-7.9163E-09	1.3776E-08	1.7062E-05	-1.2281E-05
2.7182E-08	-2.8592E-08	1.5984E-05	-1.1386E-05
4.6608E-09	-9.4377E-09	1.4889E-05	-1.0907E-05
-2.3429E-09	-4.7079E-09	1.5611E-05	-9.4559E-06
-2.7257E-08	6.9160E-09	1.5234E-05	-1.0750E-05
1.2850E-08	2.0216E-09	1.4626E-05	-9.0447E-06
4.1020E-09	-2.1694E-08	1.5506E-05	-9.5059E-06
-2.5174E-08	1.6237E-08	1.5537E-05	-8.8080E-06
-4.6940E-09	2.4310E-09	1.6895E-05	-1.0040E-05
4.8484E-09	-2.4186E-08	1.6267E-05	-1.1248E-05
2.9597E-08	3.0870E-09	1.5676E-05	-1.2685E-05
-1.1803E-09	8.8100E-09	1.3651E-05	-1.3463E-05
-4.3781E-09	9.7979E-09	1.1552E-05	-1.2968E-05
-2.2006E-08	2.2589E-08	1.1068E-05	-1.1418E-05
1.1114E-08	-1.2969E-08	1.0458E-05	-1.1835E-05
2.2490E-08	-6.1161E-09	9.4370E-06	-1.0243E-05
3.3079E-09	-3.1796E-09	9.6755E-06	-1.0577E-05
9.6785E-09	-3.7511E-09	7.9817E-06	-9.5393E-06
-4.7411E-09	-2.9074E-08	8.3638E-06	-8.8691E-06
1.9646E-08	5.8488E-10	6.7958E-06	-8.6197E-06
1.4105E-09	1.1260E-08	5.4783E-06	-6.4633E-06
1.9351E-08	2.5368E-08	6.4565E-06	-3.2587E-06
2.8026E-08	1.7410E-08	8.8137E-06	-3.7027E-06
2.9284E-08	1.3614E-08	7.4630E-06	-3.5934E-06
-1.8196E-08	3.5194E-09	7.9594E-06	-1.8605E-06
2.0308E-08	9.3619E-09	8.3140E-06	-4.3640E-07
-5.5347E-09	-2.1313E-08	1.0510E-05	5.8085E-07
6.0744E-09	1.6631E-09	1.0811E-05	1.0589E-08
-8.0878E-09	-3.4201E-09	1.1391E-05	1.4788E-06
9.9671E-09	3.4180E-09	1.2890E-05	2.2351E-06
-3.3826E-09	4.5437E-08	1.5470E-05	2.6663E-06
9.7738E-09	-1.6839E-09	1.6898E-05	2.4933E-07
1.0822E-08	-1.7830E-08	1.5987E-05	3.6076E-07
-1.4346E-08	-2.6813E-08	1.7906E-05	2.1455E-07
-8.4140E-09	-9.1648E-09	1.7166E-05	-1.1983E-06
4.8128E-10	-1.3441E-08	1.7317E-05	1.7644E-07
6.3530E-08	6.7382E-09	1.8504E-05	3.1985E-07
3.9083E-09	-4.5589E-09	2.0324E-05	5.7581E-07
3.3174E-08	-1.7737E-08	2.1560E-05	-1.1467E-06
7.2952E-09	-3.3854E-08	2.2088E-05	-1.6199E-06
2.2948E-08	1.9606E-08	2.2409E-05	-3.3811E-06
-5.8790E-08	4.4515E-09	2.1778E-05	-2.6173E-06
-2.7282E-08	1.6853E-08	2.3962E-05	-2.8841E-06
-1.4993E-08	3.0538E-08	2.4753E-05	-4.2659E-06
1.6880E-08	-1.3807E-08	2.5276E-05	-5.9597E-06
-3.5905E-08	1.5488E-08	2.4642E-05	-6.3342E-06
2.7366E-08	-2.6051E-08	2.6079E-05	-6.9250E-06
2.2241E-08	1.1942E-08	2.5804E-05	-8.3459E-06
-9.4280E-09	-8.7316E-10	2.6640E-05	-8.2741E-06
7.8330E-09	-2.2700E-08	2.7815E-05	-1.0010E-05
1.3437E-09	-2.4289E-08	2.7721E-05	-1.1061E-05
-2.0309E-08	2.5336E-08	2.9439E-05	-1.1452E-05
-7.2461E-09	-3.2079E-09	3.1761E-05	-1.4583E-05
3.5692E-08	-9.1544E-09	3.2018E-05	-1.8816E-05
2.0404E-08	2.0178E-08	3.0561E-05	-2.3124E-05
2.7349E-08	-4.3037E-08	2.7654E-05	-2.6024E-05
2.0812E-08	-2.0356E-08	2.4603E-05	-2.7797E-05
1.6210E-08	1.3040E-08	2.2319E-05	-2.8405E-05
-1.0451E-08	-2.8959E-08	1.9811E-05	-3.0300E-05
1.2204E-08	9.5639E-09	1.6219E-05	-2.9585E-05
-1.5098E-08	4.6534E-09	1.5166E-05	-2.9538E-05
-1.4515E-08	6.2450E-09	1.2306E-05	-2.9023E-05
-8.5890E-09	-3.0707E-08	1.2500E-05	-2.8027E-05
-2.3710E-08	7.8932E-09	1.1004E-05	-2.9979E-05
5.6924E-09	-3.5073E-09	7.7542E-06	-2.9842E-05
-1.5547E-08	2.0713E-08	5.3227E-06	-2.8105E-05
1.6693E-08	-1.3427E-08	4.8758E-06	-2.6007E-05
-2.3054E-08	-2.1519E-08	5.4004E-06	-2.5738E-05
-2.6542E-08	2.2744E-08	4.0525E-06	-2.6819E-05
1.8398E-08	-1.5109E-08	1.7431E-06	-2.5140E-05
-1.5723E-08	-1.7559E-09	2.5048E-06	-2.3793E-05
-2.0569E-08	-1.2950E-08	2.4632E-06	-2.4202E-05
1.3935E-08	-5.3329E-09	1.8333E-06	-2.5346E-05
2.4179E-08	-1.0477E-08	-1.1661E-06	-2.4988E-05
2.8023E-08	-1.3754E-08	-1.0149E-06	-2.2962E-05
4.8946E-08	-8.6069E-10	-1.2269E-06	-2.3841E-05
-8.3288E-09	1.9188E-10	-2.4538E-06	-2.3886E-05
4.0259E-09	3.6817E-08	-4.0627E-06	-2.4009E-05
-4.6554E-08	-2.6435E-08	-5.4185E-06	-2.3355E-05
-1.2971E-08	-8.2970E-09	-7.1271E-06	-2.3144E-05
1.7918E-08	2.1150E-08	-8.8170E-06	-2.1881E-05
-3.3284E-09	-6.8921E-09	-9.8508E-06	-2.0528E-05
-2.7793E-08	-2.0735E-09	-9.9690E-06	-2.0269E-05
5.0684E-09	-1.1360E-08	-1.3045E-05	-2.0738E-05
1.6035E-08	-3.5697E-10	-1.4925E-05	-1.7740E-05
-2.2897E-08	-7.7067E-09	-1.6065E-05	-1.7701E-05
1.6610E-08	1.0847E-08	-1.9722E-05	-1.5417E-05
-1.3132E-08	2.0959E-09	-2.2168E-05	-1.2693E-05
-2.3131E-08	-4.3594E-09	-2.5532E-05	-7.2529E-06
2.1102E-09	3.0266E-08	-2.5434E-05	-1.6156E-06
1.8067E-08	2.2962E-08	-2.7324E-05	5.7706E-06
1.2363E-08	-1.2142E-08	-2.1819E-05	1.7454E-05
-1.0115E-08	-1.5399E-08	-1.0550E-05	2.3543E-05
9.3962E-09	5.3231E-10	4.5361E-06	2.4103E-05
-1.2786E-08	4.3809E-09	1.7140E-05	1.2457E-05
3.4834E-08	-1.2132E-08	1.7705E-05	-2.5994E-06
3.0337E-08	3.5190E-08	9.1621E-06	-1.2189E-05
8.4854E-09	1.4133E-08	1.6844E-06	-1.2224E-05
-7.4378E-09	-7.8856E-09	-2.8801E-06	-1.6100E-05
5.4444E-09	2.4052E-08	-1.8696E-05	-1.4472E-05
7.8017E-10	-3.6005E-08	-2.7563E-05	5.3223E-06
-1.3488E-13	2.0256E-13	-1.4471E-05	2.7093E-05
-1.3375E-13	1.9859E-13	1.4246E-05	2.7004E-05
-1.3263E-13	1.9470E-13	2.5930E-05	1.8385E-06
-1.3150E-13	1.9087E-13	1.1648E-05	-1.5321E-05
-1.3037E-13	1.8711E-13	-4.4459E-06	-1.2474E-05
-1.2924E-13	1.8341E-13	-9.2046E-06	-1.0603E-06
-1.2811E-13	1.7978E-13	-2.7498E-06	6.6929E-06
-1.2698E-13	1.7622E-13	4.3209E-06	3.6369E-06
-1.2585E-13	1.7272E-13	3.3844E-06	-8.3289E-07
-1.2472E-13	1.6928E-13	1.3155E-06	-1.9508E-06
-1.2359E-13	1.6590E-13	-1.7386E-06	-9.8252E-07
-1.2246E-13	1.6259E-13	-8.9414E-07	2.3757E-06
-1.2133E-13	1.5933E-13	7.4284E-07	1.1292E-06
-1.2020E-13	1.5613E-13	-1.1936E-06	1.1886E-06
-1.1907E-13	1.5299E-13	-1.3071E-06	3.0621E-06
-1.1795E-13	1.4990E-13	-1.2336E-06	4.1896E-06
-1.1682E-13	1.4687E-13	-2.8287E-07	6.1981E-06
-1.1570E-13	1.4390E-13	1.2464E-06	6.1981E-06
-1.1458E-13	1.4097E-13	9.7696E-07	7.5310E-06
-1.1347E-13	1.3811E-13	3.8264E-06	9.0876E-06
-1.1236E-13	1.3529E-13	5.2653E-06	7.8996E-06
-1.1125E-13	1.3252E-13	5.8752E-06	8.4992E-06
-1.1014E-13	1.2981E-13	7.7077E-06	8.9796E-06
-1.0904E-13	1.2714E-13	1.0134E-05	8.6133E-06
-1.0794E-13	1.2453E-13	1.1892E-05	7.1572E-06
-1.0685E-13	1.2196E-13	1.3477E-05	5.6742E-06
-1.0576E-13	1.1944E-13	1.4273E-05	3.3188E-06
-1.0468E-13	1.1696E-13	1.4532E-05	1.3977E-06
-1.0360E-13	1.1453E-13	1.4070E-05	-1.3106E-06
-1.0252E-13	1.1215E-13	1.1697E-05	-3.0113E-06
-1.0145E-13	1.0981E-13	9.3350E-06	-2.1295E-06
-1.0039E-13	1.0751E-13	1.0042E-05	-4.7766E-07
-9.9325E-14	1.0525E-13	1.1051E-05	-2.0388E-06
-9.8271E-14	1.0304E-13	9.1759E-06	-2.9184E-06
-9.7221E-14	1.0087E-13	8.6152E-06	-1.4013E-06
-9.6178E-14	9.8737E-14	9.7904E-06	-1.6819E-06
-9.5140E-14	9.6646E-14	8.7994E-06	-2.3605E-06
-9.4108E-14	9.4593E-14	9.1218E-06	-1.5445E-06
-9.3082E-14	9.2579E-14	8.9269E-06	-2.7006E-06
-9.2062E-14	9.0603E-14	7.7972E-06	-1.4467E-06
-9.1049E-14	8.8663E-14	9.3177E-06	-6.1645E-07
-9.0041E-14	8.6761E-14	1.0416E-05	-1.4034E-06
-8.9040E-14	8.4894E-14	1.0677E-05	-2.8891E-06
-8.8046E-14	8.3063E-14	9.6623E-06	-3.4720E-06
-8.7058E-14	8.1266E-14	9.7747E-06	-3.6051E-06
-8.6076E-14	7.9503E-14	8.8522E-06	-4.5400E-06
-8.5101E-14	7.7774E-14	8.0082E-06	-3.5194E-06
-8.4133E-14	7.6078E-14	8.9357E-06	-3.5526E-06
-8.3172E-14	7.4414E-14	8.2865E-06	-4.3867E-06
-8.2218E-14	7.2782E-14	7.8930E-06	-3.8522E-06
-8.1270E-14	7.1182E-14	8.1949E-06	-4.2982E-06
-8.0329E-14	6.9612E-14	7.0085E-06	-4.7164E-06
-7.9396E-14	6.8072E-14	6.6938E-06	-3.3616E-06
-7.8469E-14	6.6562E-14	7.5081E-06	-3.9375E-06
-7.7550E-14	6.5081E-14	6.0113E-06	-3.6441E-06
-7.6638E-14	6.3629E-14	7.4143E-06	-2.5204E-06
-7.5733E-14	6.2204E-14	6.9560E-06	-4.1499E-06
-7.4835E-14	6.0808E-14	6.3064E-06	-2.5952E-06
-7.3944E-14	5.9439E-14	7.2586E-06	-3.3044E-06
-7.3061E-14	5.8096E-14	5.9371E-06	-2.7366E-06
-7.2184E-14	5.6780E-14	7.2546E-06	-1.7072E-06
-7.1316E-14	5.5489E-14	7.8070E-06	-2.4909E-06
-7.0454E-14	5.4224E-14	7.8179E-06	-2.8737E-06
-6.9600E-14	5.2984E-14	7.4232E-06	-2.8731E-06
-6.8753E-14	5.1768E-14	8.1383E-06	-2.4670E-06
-6.7913E-14	5.0576E-14	8.6026E-06	-3.7162E-06
-6.7081E-14	4.9408E-14	7.5106E-06	-4.2438E-06
-6.6256E-14	4.8262E-14	7.0870E-06	-3.7130E-06
-6.5438E-14	4.7140E-14	7.1593E-06	-3.4628E-06
-6.4628E-14	4.6040E-14	7.5367E-06	-3.3188E-06
-6.3825E-14	4.4962E-14	7.7087E-06	-4.1655E-06
-6.3030E-14	4.3905E-14	6.6213E-06	-4.0260E-06
-6.2242E-14	4.2870E-14	7.4765E-06	-3.5076E-06
-6.1461E-14	4.1855E-14	6.8361E-06	-4.8913E-06
-6.0687E-14	4.0861E-14	5.8847E-06	-3.5033E-06
-5.9921E-14	3.9887E-14	6.8495E-06	-3.6109E-06
-5.9162E-14	3.8932E-14	6.5159E-06	-3.4613E-06
-5.8411E-14	3.7997E-14	7.0706E-06	-4.4136E-06
-5.7666E-14	3.7081E-14	4.6971E-06	-3.9298E-06
-5.6929E-14	3.6184E-14	6.7012E-06	-1.8482E-06
-5.6199E-14	3.5304E-14	6.9697E-06	-4.2094E-06
-5.5476E-14	3.4443E-14	5.8126E-06	-3.2348E-06
-5.4761E-14	3.3600E-14	6.1099E-06	-3.6142E-06
-5.4052E-14	3.2773E-14	5.1909E-06	-2.2013E-06
-5.3351E-14	3.1964E-14	7.5685E-06	-1.8574E-06
-5.2657E-14	3.1172E-14	7.0366E-06	-3.7721E-06
-5.1970E-14	3.0395E-14	6.2827E-06	-2.8412E-06
-5.1290E-14	2.9635E-14	6.9096E-06	-2.8198E-06
-5.0617E-14	2.8891E-14	7.1201E-06	-2.8494E-06
-4.9951E-14	2.8162E-14	7.2355E-06	-3.5674E-06
-4.9292E-14	2.7448E-14	6.8517E-06	-3.1573E-06
-4.8640E-14	2.6750E-14	7.6790E-06	-4.1803E-06
-4.7994E-14	2.6066E-14	5.5210E-06	-4.6241E-06
-4.7356E-14	2.5396E-14	5.5707E-06	-2.8296E-06
-4.6724E-14	2.4741E-14	6.3187E-06	-2.3454E-06
-4.6099E-14	2.4099E-14	7.8372E-06	-3.0727E-06
-4.5481E-14	2.3471E-14	6.3397E-06	-4.3861E-06
-4.4870E-14	2.2856E-14	6.5257E-06	-3.2644E-06
-4.4265E-14	2.2254E-14	5.8763E-06	-4.0803E-06
-4.3667E-14	2.1666E-14	6.3483E-06	-2.5904E-06
-4.3076E-14	2.1089E-14	6.4472E-06	-4.2527E-06
-4.2491E-14	2.0526E-14	5.7521E-06	-2.7849E-06
-4.1912E-14	1.9974E-14	6.6247E-06	-3.9776E-06
-4.1340E-14	1.9434E-14	5.2926E-06	-3.1100E-06
-4.0775E-14	1.8906E-14	6.4183E-06	-3.4146E-06
-4.0215E-14	1.8389E-14	5.0213E-06	-3.1772E-06
-3.9662E-14	1.7884E-14	6.1610E-06	-2.1217E-06
-3.9116E-14	1.7389E-14	6.7967E-06	-3.0140E-06
-3.8575E-14	1.6906E-14	6.0669E-06	-3.8214E-06
-3.8041E-14	1.6433E-14	5.5444E-06	-2.8940E-06
-3.7513E-14	1.5970E-14	5.8342E-06	-3.4038E-06
-3.6991E-14	1.5518E-14	4.9725E-06	-2.3249E-06
-3.6476E-14	1.5075E-14	6.2773E-06	-2.3514E-06
-3.5966E-14	1.4643E-14	5.7265E-06	-2.3242E-06
-3.5462E-14	1.4220E-14	6.4821E-06	-2.6738E-06
-3.4964E-14	1.3806E-14	5.2860E-06	-2.2799E-06
-3.4472E-14	1.3402E-14	6.8840E-06	-1.8233E-06
-3.3986E-14	1.3007E-14	6.1997E-06	-2.7819E-06
-3.3505E-14	1.2621E-14	6.5655E-06	-2.5361E-06
-3.3031E-14	1.2243E-14	5.4842E-06	-2.8484E-06
-3.2562E-14	1.1874E-14	5.9395E-06	-1.9169E-06
-3.2098E-14	1.1513E-14	5.1601E-06	-1.6853E-06
-3.1641E-14	1.1161E-14	7.2665E-06	-1.4733E-07
-3.1189E-14	1.0817E-14	7.4415E-06	-2.7643E-06
-3.0742E-14	1.0480E-14	6.4776E-06	-1.4771E-06
-3.0301E-14	1.0151E-14	7.2592E-06	-2.0827E-06
-2.9865E-14	9.8303E-15	7.1209E-06	-1.3886E-06
-2.9434E-14	9.5166E-15	7.8415E-06	-2.8915E-06
-2.9009E-14	9.2102E-15	5.4447E-06	-1.9801E-06
-2.8589E-14	8.9110E-15	7.4931E-06	2.0224E-07
-2.8175E-14	8.6188E-15	9.2262E-06	-1.1799E-06
-2.7765E-14	8.3335E-15	9.1078E-06	-2.5593E-06
-2.7361E-14	8.0548E-15	8.3405E-06	-2.5814E-06
-2.6961E-14	7.7828E-15	9.1296E-06	-2.6464E-06
-2.6567E-14	7.5172E-15	8.5687E-06	-3.7018E-06
-2.6178E-14	7.2580E-15	8.2848E-06	-3.2695E-06
-2.5793E-14	7.0050E-15	8.1689E-06	-3.6951E-06
-2.5414E-14	6.7580E-15	8.0231E-06	-2.8891E-06
-2.5039E-14	6.5170E-15	9.4427E-06	-3.4524E-06
-2.4669E-14	6.2818E-15	8.8074E-06	-5.1058E-06
-2.4304E-14	6.0524E-15	7.4933E-06	-5.0028E-06
-2.3944E-14	5.8285E-15	7.4108E-06	-4.3573E-06
-2.3588E-14	5.6101E-15	7.5894E-06	-4.7900E-06
-2.3237E-14	5.3971E-15	6.6751E-06	-5.0481E-06
-2.2890E-14	5.1894E-15	5.8697E-06	-4.3488E-06
-2.2548E-14	4.9868E-15	6.0430E-06	-2.9734E-06
-2.2211E-14	4.7892E-15	7.3902E-06	-3.1536E-06
-2.1877E-14	4.5966E-15	6.5953E-06	-3.5204E-06
-2.1548E-14	4.4088E-15	7.7182E-06	-2.3607E-06
-2.1224E-14	4.2258E-15	8.2923E-06	-4.3745E-06
-2.0904E-14	4.0474E-15	6.7255E-06	-3.8096E-06
-2.0588E-14	3.8735E-15	7.9178E-06	-3.5428E-06
-2.0276E-14	3.7041E-15	7.2527E-06	-4.4532E-06
-1.9968E-14	3.5390E-15	6.7767E-06	-3.8409E-06
-1.9665E-14	3.3782E-15	6.8617E-06	-3.1919E-06
-1.9365E-14	3.2216E-15	7.8780E-06	-3.0086E-06
-1.9070E-14	3.0690E-15	8.1215E-06	-3.7195E-06
-1.8778E-14	2.9204E-15	8.0941E-06	-4.3567E-06
-1.8490E-14	2.7758E-15	6.7736E-06	-4.1882E-06
-1.8207E-14	2.6350E-15	8.0182E-06	-2.7015E-06
-1.7927E-14	2.4979E-15	8.6200E-06	-4.5554E-06
-1.7651E-14	2.3645E-15	7.4085E-06	-3.7009E-06
-1.7378E-14	2.2346E-15	9.3501E-06	-3.3612E-06
-1.7110E-14	2.1083E-15	9.5700E-06	-5.5114E-06
-1.6845E-14	1.9854E-15	8.0789E-06	-5.6699E-06
-1.6584E-14	1.8659E-15	8.7057E-06	-5.4429E-06
-1.6326E-14	1.7496E-15	7.7063E-06	-6.5373E-06
-1.6072E-14	1.6366E-15	7.7554E-06	-5.2584E-06
-1.5821E-14	1.5267E-15	8.1537E-06	-7.0374E-06
-1.5574E-14	1.4199E-15	6.1990E-06	-6.4189E-06
-1.5330E-14	1.3161E-15	6.8437E-06	-5.8102E-06
-1.5090E-14	1.2152E-15	6.6019E-06	-5.6361E-06
-1.4853E-14	1.1172E-15	7.5158E-06	-5.7631E-06
-1.4619E-14	1.0221E-15	7.0384E-06	-7.0634E-06
-1.4389E-14	9.2962E-16	5.4343E-06	-6.7255E-06
-1.4162E-14	8.3987E-16	6.2353E-06	-5.2247E-06
-1.3938E-14	7.5275E-16	6.6833E-06	-7.1884E-06
-1.3717E-14	6.6820E-16	4.5647E-06	-6.3372E-06
-1.3499E-14	5.8616E-16	5.4705E-06	-5.7157E-06
-1.3285E-14	5.0657E-16	4.7594E-06	-5.3566E-06
-1.3073E-14	4.2938E-16	6.1056E-06	-4.9014E-06
-1.2864E-14	3.5454E-16	5.8704E-06	-6.0684E-06
-1.2659E-14	2.8198E-16	5.1405E-06	-6.1956E-06
-1.2456E-14	2.1167E-16	4.3000E-06	-5.3703E-06
-1.2256E-14	1.4354E-16	5.0823E-06	-4.7653E-06
-1.2060E-14	7.7546E-17	5.0930E-06	-4.7967E-06
-1.1865E-14	1.3639E-17	5.6333E-06	-5.1480E-06
-1.1674E-14	-4.8229E-17	4.4757E-06	-5.2403E-06
-1.1486E-14	-1.0811E-16	5.0890E-06	-4.2214E-06
-1.1300E-14	-1.6604E-16	5.1309E-06	-4.7479E-06
-1.1117E-14	-2.2207E-16	5.1335E-06	-4.3047E-06
-1.0937E-14	-2.7625E-16	5.1589E-06	-4.5661E-06
-1.0759E-14	-3.2862E-16	4.4544E-06	-3.9220E-06
-1.0584E-14	-3.7922E-16	5.7085E-06	-2.1117E-06
-1.0411E-14	-4.2809E-16	8.2089E-06	-3.8860E-06
-1.0241E-14	-4.7528E-16	6.5981E-06	-5.4575E-06
-1.0073E-14	-5.2082E-16	6.7110E-06	-5.0295E-06
-9.9082E-15	-5.6476E-16	5.9736E-06	-5.7866E-06
-9.7455E-15	-6.0713E-16	5.6749E-06	-5.0874E-06
-9.5852E-15	-6.4798E-16	5.5632E-06	-5.0258E-06
-9.4273E-15	-6.8733E-16	5.9323E-06	-4.5242E-06
-9.2717E-15	-7.2523E-16	6.2910E-06	-5.0118E-06
-9.1184E-15	-7.6170E-16	5.8696E-06	-5.1638E-06
-8.9674E-15	-7.9680E-16	6.2916E-06	-4.4817E-06
-8.8187E-15	-8.3054E-16	6.9951E-06	-5.9566E-06
-8.6722E-15	-8.6297E-16	5.3866E-06	-5.6334E-06
-8.5279E-15	-8.9411E-16	6.7846E-06	-5.8849E-06
-8.3857E-15	-9.2400E-16	4.3013E-06	-6.7321E-06
-8.2457E-15	-9.5267E-16	5.0413E-06	-4.1247E-06
-8.1078E-15	-9.8015E-16	5.9505E-06	-5.3561E-06
-7.9720E-15	-1.0065E-15	5.4793E-06	-5.0609E-06
-7.8382E-15	-1.0317E-15	5.9644E-06	-4.7981E-06
-7.7065E-15	-1.0558E-15	6.7222E-06	-5.8932E-06
-7.5768E-15	-1.0788E-15	4.7052E-06	-5.9776E-06
-7.4490E-15	-1.1007E-15	6.4838E-06	-4.6943E-06
-7.3232E-15	-1.1217E-15	5.3465E-06	-6.8952E-06
-7.1993E-15	-1.1417E-15	5.0061E-06	-4.4018E-06
-7.0772E-15	-1.1607E-15	6.4779E-06	-5.3435E-06
-6.9571E-15	-1.1787E-15	6.8565E-06	-5.6702E-06
-6.8388E-15	-1.1958E-15	5.7713E-06	-7.7704E-06
-6.7223E-15	-1.2121E-15	4.2216E-06	-5.4771E-06
-6.6076E-15	-1.2275E-15	5.9716E-06	-5.4568E-06
-6.4947E-15	-1.2420E-15	6.2314E-06	-5.7242E-06
-6.3835E-15	-1.2557E-15	6.1714E-06	-7.3574E-06
-6.2741E-15	-1.2687E-15	4.6934E-06	-6.4381E-06
-6.1663E-15	-1.2808E-15	5.5297E-06	-6.4494E-06
-6.0603E-15	-1.2922E-15	5.3564E-06	-6.0972E-06
-5.9558E-15	-1.3028E-15	6.1124E-06	-7.3231E-06
-5.8530E-15	-1.3128E-15	4.7432E-06	-7.1773E-06
-5.7518E-15	-1.3220E-15	5.1559E-06	-7.9208E-06
-5.6522E-15	-1.3306E-15	2.8942E-06	-6.6324E-06
-5.5542E-15	-1.3385E-15	6.2988E-06	-5.8712E-06
-5.4577E-15	-1.3458E-15	4.1996E-06	-9.3546E-06
-5.3627E-15	-1.3524E-15	2.8029E-06	-6.2900E-06
-5.2692E-15	-1.3585E-15	4.4328E-06	-6.9167E-06
-5.1772E-15	-1.3640E-15	3.5944E-06	-6.8854E-06
-5.0866E-15	-1.3689E-15	3.9974E-06	-7.0854E-06
-4.9975E-15	-1.3732E-15	3.1559E-06	-7.1187E-06
-4.9098E-15	-1.3770E-15	3.1847E-06	-6.4760E-06
-4.8234E-15	-1.3803E-15	3.8063E-06	-6.1535E-06
-4.7385E-15	-1.3832E-15	4.3804E-06	-7.5244E-06
-4.6549E-15	-1.3855E-15	2.4152E-06	-7.9836E-06
-4.5727E-15	-1.3873E-15	2.2733E-06	-6.6168E-06
-4.4917E-15	-1.3887E-15	2.4009E-06	-6.7134E-06
-4.4121E-15	-1.3896E-15	2.2592E-06	-6.3723E-06
-4.3337E-15	-1.3902E-15	2.0321E-06	-6.2626E-06
-4.2566E-15	-1.3903E-15	2.2092E-06	-5.4459E-06
-4.1808E-15	-1.3900E-15	3.0175E-06	-5.8005E-06
-4.1061E-15	-1.3893E-15	2.5269E-06	-6.4043E-06
-4.0327E-15	-1.3882E-15	1.9778E-06	-5.9201E-06
-3.9605E-15	-1.3868E-15	2.3876E-06	-5.5356E-06
-3.8894E-15	-1.3850E-15	2.3402E-06	-5.9662E-06
-3.8195E-15	-1.3829E-15	1.7537E-06	-5.4224E-06
-3.7507E-15	-1.3804E-15	2.8810E-06	-4.7923E-06
-3.6831E-15	-1.3776E-15	3.0701E-06	-6.6966E-06
-3.6165E-15	-1.3746E-15	7.7785E-07	-6.0005E-06
-3.5511E-15	-1.3712E-15	2.1089E-06	-4.5021E-06
-3.4867E-15	-1.3675E-15	2.0021E-06	-5.5193E-06
-3.4234E-15	-1.3636E-15	2.1219E-06	-4.2979E-06
-3.3611E-15	-1.3594E-15	3.4519E-06	-5.6016E-06
-3.2998E-15	-1.3549E-15	1.5039E-06	-6.6326E-06
-3.2396E-15	-1.3502E-15	8.6960E-07	-4.7604E-06
-3.1803E-15	-1.3453E-15	1.8724E-06	-4.9068E-06
-3.1221E-15	-1.3401E-15	9.3768E-07	-4.5638E-06
-3.0648E-15	-1.3347E-15	2.0241E-06	-3.8428E-06
-3.0084E-15	-1.3292E-15	1.6413E-06	-4.1923E-06
-2.9530E-15	-1.3233E-15	2.7965E-06	-3.2740E-06
-2.8985E-15	-1.3174E-15	2.9902E-06	-5.0253E-06
-2.8449E-15	-1.3112E-15	2.0416E-06	-4.2432E-06
-2.7923E-15	-1.3048E-15	3.0787E-06	-4.3768E-06
-2.7405E-15	-1.2983E-15	2.4608E-06	-5.2270E-06
-2.6895E-15	-1.2916E-15	1.8377E-06	-4.4145E-06
-2.6394E-15	-1.2847E-15	2.8186E-06	-4.3240E-06
-2.5902E-15	-1.2777E-15	2.2258E-06	-4.9918E-06
-2.5418E-15	-1.2706E-15	2.3234E-06	-4.4634E-06
-2.4942E-15	-1.2633E-15	2.0333E-06	-4.8377E-06
-2.4474E-15	-1.2559E-15	2.1080E-06	-4.2741E-06
-2.4015E-15	-1.2484E-15	1.9525E-06	-4.4148E-06
-2.3562E-15	-1.2407E-15	2.6354E-06	-3.8983E-06
-2.3118E-15	-1.2329E-15	2.3214E-06	-5.0456E-06
-2.2681E-15	-1.2251E-15	2.0563E-06	-3.9839E-06
-2.2252E-15	-1.2171E-15	2.5150E-06	-4.8690E-06
-2.1830E-15	-1.2090E-15	1.6795E-06	-4.2563E-06
-2.1415E-15	-1.2009E-15	2.3681E-06	-4.2414E-06
-2.1007E-15	-1.1927E-15	2.1094E-06	-4.3098E-06
-2.0607E-15	-1.1843E-15	2.2269E-06	-4.2583E-06
-2.0213E-15	-1.1760E-15	2.5498E-06	-4.2466E-06
-1.9826E-15	-1.1675E-15	2.2755E-06	-5.1986E-06
-1.9446E-15	-1.1590E-15	1.2272E-06	-4.5890E-06
-1.9072E-15	-1.1504E-15	1.4859E-06	-3.9025E-06
-1.8705E-15	-1.1417E-15	2.1250E-06	-3.5953E-06
-1.8344E-15	-1.1331E-15	2.4260E-06	-4.4452E-06
-1.7989E-15	-1.1243E-15	1.6206E-06	-4.6995E-06
-1.7641E-15	-1.1155E-15	6.2965E-07	-3.7818E-06
-1.7298E-15	-1.1067E-15	2.4323E-06	-2.0055E-06
-1.6962E-15	-1.0979E-15	3.8230E-06	-4.6237E-06
-1.6631E-15	-1.0890E-15	1.8303E-06	-4.9952E-06
-1.6306E-15	-1.0800E-15	1.6359E-06	-4.6229E-06
-1.5987E-15	-1.0711E-15	1.1937E-06	-3.8936E-06
-1.5674E-15	-1.0621E-15	1.7511E-06	-3.8720E-06
-1.5366E-15	-1.0532E-15	1.4569E-06	-3.3926E-06
-1.5064E-15	-1.0442E-15	2.5204E-06	-3.6118E-06
-1.4766E-15	-1.0352E-15	1.7712E-06	-4.2355E-06
-1.4475E-15	-1.0261E-15	1.8824E-06	-3.5856E-06
-1.4188E-15	-1.0171E-15	2.1941E-06	-4.2970E-06
-1.3906E-15	-1.0081E-15	8.4194E-07	-4.2984E-06
-1.3630E-15	-9.9905E-16	1.3415E-06	-2.6991E-06
-1.3358E-15	-9.9002E-16	2.1746E-06	-3.4573E-06
-1.3091E-15	-9.8100E-16	2.2736E-06	-3.4002E-06
-1.2829E-15	-9.7199E-16	1.7112E-06	-4.9777E-06
-1.2572E-15	-9.6298E-16	-2.2877E-07	-2.6604E-06
-1.2319E-15	-9.5398E-16	2.6495E-06	-1.8698E-06
-1.2071E-15	-9.4500E-16	2.5266E-06	-3.2175E-06
-1.1827E-15	-9.3604E-16	2.8680E-06	-3.6915E-06
-1.1588E-15	-9.2709E-16	1.3462E-06	-3.9724E-06
-1.1353E-15	-9.1816E-16	2.2138E-06	-2.5413E-06
-1.1122E-15	-9.0926E-16	2.6284E-06	-3.8170E-06
-1.0895E-15	-9.0037E-16	2.1026E-06	-3.6111E-06
-1.0673E-15	-8.9152E-16	2.1370E-06	-4.0319E-06
-1.0455E-15	-8.8269E-16	1.2792E-06	-3.7589E-06
-1.0240E-15	-8.7389E-16	1.5569E-06	-2.9543E-06
-1.0030E-15	-8.6512E-16	2.0011E-06	-3.0804E-06
-9.8230E-16	-8.5638E-16	1.9412E-06	-3.0377E-06
-9.6201E-16	-8.4767E-16	2.4020E-06	-2.7585E-06
-9.4210E-16	-8.3900E-16	3.2939E-06	-3.6632E-06
-9.2255E-16	-8.3037E-16	1.6665E-06	-5.1521E-06
-9.0336E-16	-8.2178E-16	3.6004E-07	-2.8009E-06
-8.8452E-16	-8.1322E-16	2.7380E-06	-2.5211E-06
-8.6604E-16	-8.0470E-16	2.0949E-06	-4.1579E-06
-8.4789E-16	-7.9623E-16	1.2193E-06	-3.4700E-06
-8.3008E-16	-7.8779E-16	1.3761E-06	-2.9364E-06
-8.1261E-16	-7.7940E-16	1.6147E-06	-2.6741E-06
-7.9545E-16	-7.7106E-16	2.0196E-06	-2.4201E-06
-7.7862E-16	-7.6276E-16	2.5296E-06	-2.7944E-06
-7.6210E-16	-7.5451E-16	2.4577E-06	-3.0561E-06
-7.4590E-16	-7.4630E-16	2.4924E-06	-3.5009E-06
-7.2999E-16	-7.3814E-16	1.7657E-06	-3.5464E-06
-7.1439E-16	-7.3003E-16	1.5553E-06	-2.9328E-06
-6.9908E-16	-7.2197E-16	2.1501E-06	-2.0435E-06
-6.8405E-16	-7.1397E-16	3.6405E-06	-2.9632E-06
-6.6931E-16	-7.0601E-16	2.7267E-06	-4.2037E-06
-6.5485E-16	-6.9810E-16	2.2652E-06	-4.2871E-06
-6.4067E-16	-6.9025E-16	8.0126E-07	-4.0062E-06
-6.2675E-16	-6.8245E-16	1.8936E-06	-2.1661E-06
-6.1310E-16	-6.7470E-16	2.6635E-06	-4.0883E-06
-5.9971E-16	-6.6701E-16	1.0785E-06	-3.4624E-06
-5.8657E-16	-6.5937E-16	2.0659E-06	-3.2833E-06
-5.7369E-16	-6.5178E-16	1.0975E-06	-3.5857E-06
-5.6105E-16	-6.4425E-16	1.2956E-06	-2.6606E-06
-5.4866E-16	-6.3678E-16	1.5822E-06	-2.3598E-06
-5.3651E-16	-6.2936E-16	2.7136E-06	-2.5696E-06
-5.2458E-16	-6.2200E-16	2.0394E-06	-3.7534E-06
-5.1289E-16	-6.1470E-16	1.4110E-06	-3.1007E-06
-5.0143E-16	-6.0745E-16	1.3807E-06	-2.4728E-06
-4.9019E-16	-6.0027E-16	2.7099E-06	-2.1630E-06
-4.7917E-16	-5.9313E-16	2.4968E-06	-3.6263E-06
-4.6836E-16	-5.8606E-16	1.9748E-06	-3.2372E-06
-4.5776E-16	-5.7904E-16	1.4632E-06	-3.3127E-06
-4.4737E-16	-5.7208E-16	2.2985E-06	-2.0206E-06
-4.3719E-16	-5.6518E-16	2.9639E-06	-4.0515E-06
-4.2720E-16	-5.5834E-16	1.3902E-06	-3.5433E-06
-4.1741E-16	-5.5156E-16	1.8896E-06	-3.7544E-06
-4.0782E-16	-5.4484E-16	6.1998E-07	-3.1718E-06
-3.9841E-16	-5.3817E-16	1.8015E-06	-2.3230E-06
-3.8919E-16	-5.3156E-16	1.9133E-06	-3.1645E-06
-3.8015E-16	-5.2501E-16	1.4313E-06	-3.1250E-06
-3.7130E-16	-5.1852E-16	1.2866E-06	-2.6341E-06
-3.6262E-16	-5.1209E-16	1.7491E-06	-2.1301E-06
-3.5411E-16	-5.0572E-16	2.9570E-06	-2.7377E-06
-3.4577E-16	-4.9940E-16	1.5369E-06	-4.3918E-06
-3.3760E-16	-4.9315E-16	5.1791E-07	-2.3532E-06
-3.2960E-16	-4.8695E-16	1.5907E-06	-2.2720E-06
-3.2175E-16	-4.8081E-16	2.1107E-06	-1.4566E-06
-3.1407E-16	-4.7473E-16	3.4687E-06	-3.5396E-06
-3.0654E-16	-4.6871E-16	9.2792E-07	-3.6003E-06
-2.9916E-16	-4.6274E-16	2.0094E-06	-2.6079E-06
-2.9193E-16	-4.5684E-16	1.0992E-06	-3.3995E-06
-2.8485E-16	-4.5099E-16	9.4733E-07	-1.6612E-06
-2.7791E-16	-4.4520E-16	3.0157E-06	-1.4498E-06
-2.7112E-16	-4.3946E-16	3.2630E-06	-3.9460E-06
-2.6446E-16	-4.3378E-16	1.1191E-06	-3.5720E-06
-2.5795E-16	-4.2816E-16	1.8288E-06	-2.9608E-06
-2.5156E-16	-4.2260E-16	1.2475E-06	-3.0646E-06
-2.4531E-16	-4.1709E-16	1.5378E-06	-2.8538E-06
-2.3919E-16	-4.1164E-16	9.0368E-07	-2.3159E-06
-2.3319E-16	-4.0625E-16	2.4760E-06	-1.8597E-06
-2.2732E-16	-4.0091E-16	2.2035E-06	-3.3425E-06
-2.2157E-16	-3.9563E-16	1.4249E-06	-2.9319E-06
-2.1595E-16	-3.9040E-16	1.7874E-06	-2.3740E-06
-2.1044E-16	-3.8523E-16	2.2396E-06	-3.3935E-06
-2.0504E-16	-3.8011E-16	5.3100E-07	-3.0363E-06
-1.9976E-16	-3.7504E-16	1.7505E-06	-1.7742E-06
-1.9459E-16	-3.7004E-16	1.9383E-06	-2.7826E-06
-1.8953E-16	-3.6508E-16	1.8085E-06	-2.5682E-06
-1.8458E-16	-3.6018E-16	1.8689E-06	-2.8324E-06
-1.7973E-16	-3.5533E-16	1.6329E-06	-3.0757E-06
-1.7499E-16	-3.5053E-16	1.2073E-06	-2.6047E-06
-1.7034E-16	-3.4579E-16	1.7919E-06	-2.8252E-06
-1.6580E-16	-3.4110E-16	8.3755E-07	-2.7540E-06
-1.6136E-16	-3.3646E-16	1.5223E-06	-2.3649E-06
-1.5701E-16	-3.3188E-16	5.4649E-07	-2.5054E-06
-1.5275E-16	-3.2734E-16	1.2647E-06	-1.1118E-06
-1.4859E-16	-3.2286E-16	2.0070E-06	-1.3245E-06
-1.4451E-16	-3.1842E-16	3.1736E-06	-1.7651E-06
-1.4053E-16	-3.1404E-16	2.5459E-06	-3.0425E-06
-1.3663E-16	-3.0971E-16	2.6975E-06	-3.0998E-06
-1.3282E-16	-3.0542E-16	1.1159E-06	-4.0389E-06
-1.2909E-16	-3.0119E-16	1.2694E-06	-2.1127E-06
-1.2544E-16	-2.9700E-16	1.4779E-06	-3.7934E-06
-1.2188E-16	-2.9286E-16	-4.7239E-07	-2.0406E-06
-1.1839E-16	-2.8878E-16	1.5711E-06	-7.7881E-07
-1.1498E-16	-2.8473E-16	2.3125E-06	-1.7947E-06
-1.1165E-16	-2.8074E-16	2.3233E-06	-2.4136E-06
-1.0839E-16	-2.7679E-16	1.5976E-06	-3.1159E-06
-1.0520E-16	-2.7289E-16	4.6769E-07	-1.8764E-06
-1.0209E-16	-2.6904E-16	2.2697E-06	-1.0861E-06
-9.9046E-17	-2.6523E-16	1.9542E-06	-2.3099E-06
-9.6071E-17	-2.6147E-16	2.6102E-06	-1.4798E-06
-9.3164E-17	-2.5775E-16	2.4592E-06	-3.4258E-06
-9.0322E-17	-2.5408E-16	1.4723E-06	-2.1313E-06
-8.7546E-17	-2.5045E-16	2.1459E-06	-3.2755E-06
-8.4833E-17	-2.4687E-16	2.4032E-07	-1.9521E-06
-8.2183E-17	-2.4333E-16	2.5703E-06	-1.3357E-06
-7.9593E-17	-2.3984E-16	1.6351E-06	-2.4709E-06
-7.7064E-17	-2.3638E-16	2.5674E-06	-1.3852E-06
-7.4593E-17	-2.3297E-16	2.7293E-06	-3.3440E-06
-7.2180E-17	-2.2960E-16	1.0930E-06	-2.8565E-06
-6.9823E-17	-2.2627E-16	1.3811E-06	-1.8308E-06
-6.7521E-17	-2.2299E-16	2.2912E-06	-1.5970E-06
-6.5275E-17	-2.1974E-16	2.6356E-06	-2.6124E-06
-6.3080E-17	-2.1654E-16	2.0028E-06	-2.4818E-06
-6.0938E-17	-2.1338E-16	2.7353E-06	-2.8831E-06
-5.8847E-17	-2.1025E-16	1.2862E-06	-3.7477E-06
-5.6806E-17	-2.0717E-16	8.6890E-07	-1.9812E-06
-5.4814E-17	-2.0412E-16	2.2047E-06	-2.1549E-06
-5.2869E-17	-2.0112E-16	1.6305E-06	-2.9097E-06
-5.0972E-17	-1.9815E-16	1.3092E-06	-1.9681E-06
-4.9120E-17	-1.9522E-16	2.6832E-06	-2.2241E-06
-4.7314E-17	-1.9233E-16	1.7001E-06	-3.6068E-06
-4.5552E-17	-1.8947E-16	1.1350E-06	-2.5813E-06
-4.3833E-17	-1.8665E-16	8.7890E-07	-2.9752E-06
-4.2157E-17	-1.8387E-16	6.2930E-07	-9.8437E-07
-4.0521E-17	-1.8113E-16	3.0479E-06	-2.0608E-06
-3.8927E-17	-1.7842E-16	9.5398E-07	-3.0868E-06
-3.7373E-17	-1.7574E-16	1.6214E-06	-1.4945E-06
-3.5857E-17	-1.7310E-16	1.9114E-06	-2.4356E-06
-3.4379E-17	-1.7050E-16	1.9410E-06	-2.2934E-06
-3.2939E-17	-1.6793E-16	1.3331E-06	-2.9075E-06
-3.1535E-17	-1.6539E-16	1.2901E-06	-1.7742E-06
-3.0168E-17	-1.6289E-16	1.6869E-06	-2.3947E-06
-2.8836E-17	-1.6042E-16	1.5638E-06	-1.6348E-06
-2.7537E-17	-1.5798E-16	2.3721E-06	-2.7443E-06
-2.6272E-17	-1.5558E-16	8.8217E-07	-2.3845E-06
-2.5040E-17	-1.5320E-16	2.2264E-06	-1.9947E-06
-2.3840E-17	-1.5086E-16	1.2053E-06	-3.0842E-06
-2.2672E-17	-1.4856E-16	1.1430E-06	-1.8976E-06
-2.1535E-17	-1.4628E-16	1.0308E-06	-2.4399E-06
-2.0428E-17	-1.4403E-16	8.4342E-07	-7.6969E-07
-1.9350E-17	-1.4182E-16	3.0010E-06	-1.4444E-06
-1.8301E-17	-1.3963E-16	1.7078E-06	-2.7452E-06
-1.7280E-17	-1.3747E-16	1.7475E-06	-1.4044E-06
-1.6288E-17	-1.3535E-16	2.7906E-06	-2.2308E-06
-1.5322E-17	-1.3325E-16	1.8948E-06	-2.9436E-06
-1.4382E-17	-1.3118E-16	1.6565E-06	-2.0541E-06
-1.3469E-17	-1.2914E-16	2.7391E-06	-2.7346E-06
-1.2581E-17	-1.2713E-16	1.0399E-06	-3.5927E-06
-1.1718E-17	-1.2514E-16	1.1678E-06	-1.7626E-06
-1.0878E-17	-1.2319E-16	1.9865E-06	-2.6672E-06
-1.0063E-17	-1.2126E-16	1.6024E-06	-2.6135E-06
-9.2709E-18	-1.1935E-16	1.1053E-06	-3.3648E-06
-8.5010E-18	-1.1748E-16	3.4150E-07	-1.6108E-06
-7.7539E-18	-1.1563E-16	2.1013E-06	-2.0726E-06
-7.0279E-18	-1.1380E-16	1.0932E-06	-2.1909E-06
-6.3233E-18	-1.1200E-16	2.4043E-06	-2.4406E-06
-5.6396E-18	-1.1023E-16	4.9675E-07	-3.4080E-06
-4.9757E-18	-1.0848E-16	9.1753E-07	-1.2930E-06
-4.3320E-18	-1.0676E-16	2.0504E-06	-2.4616E-06
-3.7073E-18	-1.0506E-16	1.1417E-06	-2.9667E-06
-3.1017E-18	-1.0339E-16	5.4401E-07	-2.4411E-06
-2.5150E-18	-1.0173E-16	1.1023E-06	-1.9943E-06
-1.9456E-18	-1.0011E-16	6.7452E-07	-2.7310E-06
-1.3943E-18	-9.8504E-17	-3.5120E-08	-1.2784E-06
-8.5985E-19	-9.6923E-17	2.0185E-06	-9.0630E-07
-3.4223E-19	-9.5365E-17	1.7938E-06	-3.0456E-06
1.5874E-19	-9.3829E-17	1.0840E-07	-2.3895E-06
6.4355E-19	-9.2315E-17	3.8363E-07	-1.5568E-06
1.1128E-18	-9.0823E-17	5.9882E-07	-7.4814E-07
1.5666E-18	-8.9353E-17	2.1110E-06	-1.0194E-06
2.0058E-18	-8.7904E-17	1.6390E-06	-2.2441E-06
2.4298E-18	-8.6477E-17	8.9373E-07	-2.1203E-06
2.8401E-18	-8.5070E-17	4.5838E-07	-1.1822E-06
3.2364E-18	-8.3683E-17	1.7513E-06	-7.4683E-07
3.6190E-18	-8.2317E-17	1.7794E-06	-1.6843E-06
3.9882E-18	-8.0971E-17	1.5116E-06	-1.5826E-06
4.3447E-18	-7.9645E-17	1.5429E-06	-1.4070E-06
4.6884E-18	-7.8338E-17	1.8833E-06	-1.6094E-06
5.0198E-18	-7.7050E-17	1.6980E-06	-1.5386E-06
5.3393E-18	-7.5782E-17	2.2266E-06	-2.1287E-06
5.6469E-18	-7.4532E-17	1.0013E-06	-2.0041E-06
5.9431E-18	-7.3301E-17	2.3165E-06	-1.6350E-06
6.2281E-18	-7.2088E-17	1.0833E-06	-2.8872E-06
6.5020E-18	-7.0894E-17	1.1154E-06	-1.5461E-06
6.7657E-18	-6.9717E-17	8.5685E-07	-1.9421E-06
7.0188E-18	-6.8558E-17	1.8533E-06	-8.6285E-07
7.2619E-18	-6.7416E-17	1.5432E-06	-3.0220E-06
7.4947E-18	-6.6291E-17	2.1373E-07	-1.0260E-06
7.7185E-18	-6.5183E-17	1.8467E-06	-1.4270E-06
7.9326E-18	-6.4092E-17	8.0952E-07	-1.2935E-06
8.1378E-18	-6.3017E-17	1.7941E-06	-6.2784E-07
8.3340E-18	-6.1959E-17	2.4718E-06	-1.0214E-06
8.5216E-18	-6.0917E-17	2.6762E-06	-2.2101E-06
8.7005E-18	-5.9890E-17	1.4567E-06	-2.1628E-06
8.8719E-18	-5.8879E-17	2.0848E-06	-1.4037E-06
9.0348E-18	-5.7884E-17	2.7902E-06	-2.4534E-06
9.1891E-18	-5.6904E-17	1.4337E-06	-3.5107E-06
9.3365E-18	-5.5939E-17	4.8010E-07	-2.2110E-06
9.4767E-18	-5.4988E-17	9.7183E-07	-1.7733E-06
9.6098E-18	-5.4052E-17	1.4734E-06	-1.2256E-06
9.7357E-18	-5.3131E-17	2.2472E-06	-2.4478E-06
9.8545E-18	-5.2223E-17	8.1748E-07	-2.6098E-06
9.9671E-18	-5.1330E-17	1.0598E-06	-1.9896E-06
1.0073E-17	-5.0451E-17	8.8386E-07	-1.8984E-06
1.0173E-17	-4.9585E-17	1.4853E-06	-1.9031E-06
1.0267E-17	-4.8732E-17	7.5550E-07	-2.6444E-06
1.0354E-17	-4.7894E-17	1.6472E-07	-1.5792E-06
1.0436E-17	-4.7067E-17	1.0324E-06	-1.3981E-06
1.0513E-17	-4.6254E-17	2.9735E-07	-1.9412E-06
1.0583E-17	-4.5454E-17	3.4707E-08	-5.4255E-08
1.0649E-17	-4.4666E-17	2.3886E-06	-2.6926E-09
1.0709E-17	-4.3891E-17	2.4749E-06	-1.6621E-06
1.0764E-17	-4.3127E-17	2.1465E-06	-2.0238E-06
1.0815E-17	-4.2376E-17	1.6218E-06	-2.9271E-06
1.0861E-17	-4.1636E-17	-1.2608E-07	-2.4814E-06
1.0902E-17	-4.0909E-17	3.4049E-07	-4.4529E-07
1.0939E-17	-4.0192E-17	1.9015E-06	-1.1571E-06
1.0971E-17	-3.9488E-17	1.2045E-06	-1.7914E-06
1.1000E-17	-3.8794E-17	1.1215E-06	-1.7322E-06
1.1023E-17	-3.8111E-17	3.2530E-07	-1.4790E-06
1.1044E-17	-3.7439E-17	9.0933E-07	-2.6948E-07
1.1060E-17	-3.6778E-17	1.9295E-06	-7.7109E-07
1.1073E-17	-3.6128E-17	1.8001E-06	-1.2424E-06
1.1082E-17	-3.5488E-17	1.9552E-06	-1.4485E-06
1.1088E-17	-3.4858E-17	1.4736E-06	-1.9056E-06
1.1090E-17	-3.4238E-17	1.4385E-06	-1.3142E-06
1.1089E-17	-3.3628E-17	1.6208E-06	-2.1536E-06
1.1085E-17	-3.3029E-17	3.8657E-07	-1.5460E-06
1.1078E-17	-3.2438E-17	1.3369E-06	-7.9485E-07
1.1068E-17	-3.1858E-17	1.4612E-06	-1.2855E-06
1.1055E-17	-3.1287E-17	1.4482E-06	-1.2978E-06
1.1039E-17	-3.0725E-17	1.5657E-06	-1.1008E-06
1.1021E-17	-3.0172E-17	1.9639E-06	-2.0590E-06
1.1000E-17	-2.9628E-17	1.9083E-07	-1.7582E-06
1.0977E-17	-2.9094E-17	1.5352E-06	-6.3285E-07
1.0951E-17	-2.8568E-17	6.4147E-07	-1.9247E-06
1.0923E-17	-2.8050E-17	6.1997E-07	5.3011E-07
1.0892E-17	-2.7541E-17	2.9168E-06	-4.4312E-07
1.0860E-17	-2.7040E-17	2.1859E-06	-1.5649E-06
1.0825E-17	-2.6548E-17	1.9844E-06	-1.5228E-06
1.0788E-17	-2.6063E-17	1.9476E-06	-1.8562E-06
1.0750E-17	-2.5587E-17	9.7460E-07	-2.0449E-06
1.0709E-17	-2.5119E-17	1.1528E-06	-6.1484E-07
1.0668E-17	-2.4658E-17	2.1079E-06	-1.5687E-06
1.0623E-17	-2.4205E-17	1.0133E-06	-1.3431E-06
1.0578E-17	-2.3759E-17	1.9384E-06	-1.0191E-06
1.0531E-17	-2.3322E-17	1.4296E-06	-1.6123E-06
1.0482E-17	-2.2891E-17	1.4286E-06	-8.6672E-07
1.0432E-17	-2.2467E-17	2.0831E-06	-8.6314E-07
1.0381E-17	-2.2051E-17	2.4707E-06	-1.4585E-06
1.0328E-17	-2.1641E-17	2.1331E-06	-1.9179E-06
1.0274E-17	-2.1239E-17	1.9666E-06	-2.1492E-06
1.0218E-17	-2.0843E-17	1.5354E-06	-2.2419E-06
1.0162E-17	-2.0453E-17	1.1448E-06	-2.5667E-06
1.0104E-17	-2.0071E-17	-2.0723E-07	-1.4590E-06
1.0046E-17	-1.9695E-17	1.6983E-06	-6.9370E-08
9.9862E-18	-1.9325E-17	2.1358E-06	-1.8841E-06
9.9256E-18	-1.8962E-17	1.4607E-06	-1.7664E-06
9.8640E-18	-1.8605E-17	9.7688E-07	-2.1105E-06
9.8020E-18	-1.8253E-17	7.0101E-07	-8.7408E-07
9.7387E-18	-1.7908E-17	1.6633E-06	-1.1326E-06
9.6745E-18	-1.7569E-17	1.5878E-06	-1.3609E-06
9.6097E-18	-1.7235E-17	1.0797E-06	-1.9534E-06
9.5446E-18	-1.6907E-17	7.5373E-07	-2.0094E-07
9.4783E-18	-1.6585E-17	2.9031E-06	-1.3989E-06
9.4117E-18	-1.6268E-17	5.6159E-07	-2.0441E-06
9.3444E-18	-1.5957E-17	1.9646E-06	-4.9387E-07
9.2764E-18	-1.5652E-17	1.4100E-06	-2.3520E-06
9.2084E-18	-1.5351E-17	9.8289E-07	-3.8406E-07
9.1396E-18	-1.5055E-17	2.7026E-06	-1.5957E-06
9.0704E-18	-1.4765E-17	1.1115E-06	-2.2079E-06
9.0013E-18	-1.4480E-17	1.3651E-06	-1.3392E-06
8.9311E-18	-1.4200E-17	1.3968E-06	-2.0233E-06
8.8611E-18	-1.3924E-17	5.0718E-07	-1.5890E-06
8.7903E-18	-1.3654E-17	1.1011E-06	-9.1226E-07
8.7196E-18	-1.3388E-17	9.7915E-07	-1.2514E-06
8.6486E-18	-1.3127E-17	1.5554E-06	-4.2725E-07
8.5774E-18	-1.2870E-17	1.9711E-06	-2.1872E-06
8.5057E-18	-1.2618E-17	-2.0804E-07	-1.2271E-06
8.4343E-18	-1.2371E-17	1.5936E-06	1.6677E-07
8.3629E-18	-1.2127E-17	1.9092E-06	-8.9895E-07
8.2907E-18	-1.1888E-17	2.2767E-06	-9.6712E-07
8.2187E-18	-1.1654E-17	1.8550E-06	-1.8205E-06
8.1468E-18	-1.1423E-17	1.6071E-06	-1.5115E-06
8.0747E-18	-1.1196E-17	1.3779E-06	-1.6480E-06
8.0028E-18	-1.0974E-17	1.5671E-06	-1.6631E-06
7.9308E-18	-1.0755E-17	4.1462E-07	-1.8555E-06
7.8589E-18	-1.0541E-17	9.2739E-07	-3.5445E-07
7.7870E-18	-1.0330E-17	1.2039E-06	-8.6538E-07
7.7150E-18	-1.0123E-17	2.1862E-06	-2.5886E-07
7.6432E-18	-9.9197E-18	1.5292E-06	-2.3125E-06
7.5716E-18	-9.7200E-18	8.5560E-07	6.6571E-08
7.4999E-18	-9.5239E-18	2.3364E-06	-1.5701E-06
7.4284E-18	-9.3312E-18	7.7872E-07	-5.4675E-08
7.3573E-18	-9.1426E-18	3.5468E-06	-8.7761E-07
7.2859E-18	-8.9566E-18	1.7572E-06	-1.7373E-06
7.2153E-18	-8.7745E-18	2.7963E-06	-1.9976E-06
7.1444E-18	-8.5955E-18	6.3960E-07	-2.2095E-06
7.0737E-18	-8.4197E-18	2.1217E-06	-1.3411E-06
7.0035E-18	-8.2472E-18	3.0356E-07	-2.3089E-06
6.9334E-18	-8.0780E-18	1.3550E-06	-6.4301E-08
6.8633E-18	-7.9117E-18	1.7366E-06	-1.6796E-06
6.7941E-18	-7.7483E-18	1.3088E-06	-8.7911E-07
6.7251E-18	-7.5880E-18	1.4734E-06	-1.0458E-06
6.6558E-18	-7.4310E-18	2.0884E-06	-3.5976E-07
6.5873E-18	-7.2765E-18	2.8240E-06	-1.5322E-06
6.5184E-18	-7.1249E-18	2.0332E-06	-2.1117E-06
6.4506E-18	-6.9762E-18	1.8301E-06	-1.5289E-06
6.3828E-18	-6.8303E-18	2.6696E-06	-2.7092E-06
6.3154E-18	-6.6870E-18	-6.9678E-08	-3.1158E-06
6.2480E-18	-6.5463E-18	5.8518E-07	-7.1562E-07
6.1815E-18	-6.4083E-18	8.7372E-07	-1.3483E-06
6.1154E-18	-6.2729E-18	1.5125E-06	-3.7328E-07
6.0491E-18	-6.1397E-18	1.8580E-06	-1.2650E-06
5.9834E-18	-6.0096E-18	2.7511E-06	-1.2475E-06
5.9182E-18	-5.8816E-18	1.2756E-06	-3.7016E-06
5.8533E-18	-5.7559E-18	-4.1269E-07	-6.4623E-07
5.7890E-18	-5.6327E-18	2.0757E-06	-6.9492E-07
5.7247E-18	-5.5119E-18	1.8868E-06	-1.3559E-06
5.6612E-18	-5.3931E-18	1.8196E-06	-2.5327E-06
5.5980E-18	-5.2769E-18	-9.2753E-08	-1.3733E-06
5.5350E-18	-5.1624E-18	2.2289E-06	-2.0203E-07
5.4727E-18	-5.0505E-18	2.2006E-06	-2.6855E-06
5.4106E-18	-4.9411E-18	3.5946E-07	-1.8565E-06
5.3493E-18	-4.8333E-18	1.5526E-06	-1.1434E-06
5.2879E-18	-4.7275E-18	9.7314E-07	-2.1494E-06
5.2272E-18	-4.6235E-18	7.4974E-07	-9.4208E-07
5.1668E-18	-4.5217E-18	1.4627E-06	-1.3160E-06
5.1071E-18	-4.4221E-18	1.4560E-06	-1.2912E-06
5.0477E-18	-4.3244E-18	1.4024E-06	-2.0750E-06
4.9889E-18	-4.2284E-18	5.3742E-07	-1.4906E-06
4.9307E-18	-4.1343E-18	1.0456E-06	-1.2603E-06
4.8725E-18	-4.0420E-18	8.8390E-07	-1.0934E-06
4.8147E-18	-3.9516E-18	1.4232E-06	-1.1699E-06
4.7577E-18	-3.8629E-18	9.4738E-07	-1.4526E-06
4.7012E-18	-3.7757E-18	1.1173E-06	-8.0151E-07
4.6448E-18	-3.6904E-18	1.6743E-06	-1.3029E-06
4.5893E-18	-3.6069E-18	1.0449E-06	-1.4377E-06
4.5339E-18	-3.5249E-18	1.5027E-06	-1.0136E-06
4.4793E-18	-3.4444E-18	1.5962E-06	-1.6815E-06
4.4249E-18	-3.3656E-18	1.2939E-06	-1.9007E-06
4.3710E-18	-3.2884E-18	5.8199E-07	-1.9929E-06
4.3175E-18	-3.2126E-18	3.8443E-07	-1.3653E-06
4.2647E-18	-3.1385E-18	1.7576E-07	-9.4295E-07
4.2124E-18	-3.0656E-18	9.5561E-07	-3.9362E-07
4.1601E-18	-2.9943E-18	6.5201E-07	-8.1803E-07
4.1087E-18	-2.9245E-18	1.4265E-06	3.3510E-07
4.0576E-18	-2.8559E-18	2.2246E-06	-1.1539E-06
4.0069E-18	-2.7890E-18	1.2775E-06	-1.1179E-06
3.9568E-18	-2.7230E-18	1.4549E-06	-7.8073E-07
3.9072E-18	-2.6586E-18	2.2161E-06	-9.0922E-07
3.8580E-18	-2.5955E-18	1.3257E-06	-2.1184E-06
3.8093E-18	-2.5334E-18	9.3939E-07	-2.8516E-07
3.7609E-18	-2.4727E-18	2.7336E-06	-1.0850E-06
3.7135E-18	-2.4134E-18	1.9532E-06	-2.4031E-06
3.6660E-18	-2.3553E-18	3.7973E-07	-2.1971E-06
3.6192E-18	-2.2984E-18	1.1317E-06	-3.2978E-07
3.5726E-18	-2.2423E-18	1.8339E-06	-2.1996E-06
3.5266E-18	-2.1877E-18	3.0359E-07	-9.4641E-07
3.4810E-18	-2.1340E-18	2.1803E-06	-1.1048E-06
3.4362E-18	-2.0814E-18	1.2256E-06	-2.1483E-06
3.3916E-18	-2.0301E-18	5.3330E-07	-1.9688E-06
3.3476E-18	-1.9797E-18	1.4083E-07	-5.8017E-07
3.3038E-18	-1.9303E-18	1.6926E-06	-8.1552E-07
3.2606E-18	-1.8820E-18	8.6602E-07	-1.3607E-06
3.2176E-18	-1.8350E-18	1.0056E-06	-9.3478E-07
3.1755E-18	-1.7886E-18	8.6931E-07	-5.5262E-07
3.1336E-18	-1.7431E-18	1.7968E-06	-3.6741E-07
3.0921E-18	-1.6989E-18	2.1659E-06	-9.7590E-07
3.0510E-18	-1.6554E-18	1.7347E-06	-1.8111E-06
3.0103E-18	-1.6128E-18	1.3130E-06	-5.8056E-07
2.9703E-18	-1.5709E-18	3.2819E-06	-1.6468E-06
2.9305E-18	-1.5303E-18	1.4815E-06	-3.2131E-06
2.8911E-18	-1.4903E-18	7.0666E-07	-2.5802E-06
2.8522E-18	-1.4516E-18	-2.0677E-07	-1.8775E-06
2.8140E-18	-1.4132E-18	6.5050E-07	-9.0988E-07
2.7759E-18	-1.3760E-18	7.4232E-07	-1.1486E-06
2.7382E-18	-1.3392E-18	1.4601E-06	-1.1375E-06
2.7010E-18	-1.3034E-18	8.0816E-07	-2.0109E-06
2.6642E-18	-1.2684E-18	5.0969E-07	-1.3168E-06
2.6277E-18	-1.2341E-18	3.1163E-07	-1.3110E-06
2.5918E-18	-1.2004E-18	5.6303E-07	-3.9995E-07
2.5564E-18	-1.1678E-18	1.3163E-06	-7.4729E-07
2.5212E-18	-1.1357E-18	1.3870E-06	-1.0122E-06
2.4866E-18	-1.1041E-18	1.2179E-06	-1.5642E-06
2.4520E-18	-1.0734E-18	6.7852E-07	-1.1153E-06
2.4182E-18	-1.0435E-18	1.2311E-06	-1.0998E-06
2.3846E-18	-1.0140E-18	7.6176E-07	-1.1538E-06
2.3513E-18	-9.8540E-19	1.5732E-06	-8.9079E-07
2.3185E-18	-9.5722E-19	9.9876E-07	-2.0772E-06
2.2862E-18	-9.2967E-19	4.2818E-07	-1.0295E-06
2.2541E-18	-9.0281E-19	8.8721E-07	-1.3469E-06
2.2225E-18	-8.7669E-19	4.8762E-07	-9.5831E-07
2.1912E-18	-8.5092E-19	7.2773E-07	-1.1254E-06
2.1605E-18	-8.2587E-19	4.1310E-07	-5.2570E-07
2.1296E-18	-8.0138E-19	1.1097E-06	-6.2533E-07
2.0995E-18	-7.7736E-19	9.2946E-07	-5.0065E-07
2.0695E-18	-7.5396E-19	1.4451E-06	-6.7302E-07
2.0405E-18	-7.3104E-19	1.4683E-06	-6.5464E-07
2.0110E-18	-7.0859E-19	1.7918E-06	-1.5107E-06
1.9825E-18	-6.8673E-19	7.4540E-07	-1.2938E-06
1.9544E-18	-6.6516E-19	1.3181E-06	-1.0954E-06
1.9261E-18	-6.4442E-19	1.0496E-06	-1.1763E-06
1.8985E-18	-6.2414E-19	1.2690E-06	-1.6430E-06
1.8711E-18	-6.0420E-19	2.6797E-07	-1.1376E-06
1.8438E-18	-5.8460E-19	1.5231E-06	-1.1881E-06
1.8172E-18	-5.6556E-19	-1.2400E-07	-2.0980E-06
1.7909E-18	-5.4710E-19	-2.8477E-07	-2.6388E-07
1.7648E-18	-5.2908E-19	2.8662E-07	-9.2563E-08
1.7390E-18	-5.1113E-19	8.3448E-07	5.2461E-07
1.7138E-18	-4.9405E-19	1.7796E-06	2.1714E-07
1.6886E-18	-4.7723E-19	1.9923E-06	-4.6544E-07
1.6641E-18	-4.6064E-19	2.0458E-06	-6.6963E-07
1.6394E-18	-4.4456E-19	1.8027E-06	-1.7741E-06
1.6154E-18	-4.2887E-19	3.9283E-07	-4.2658E-07
1.5916E-18	-4.1348E-19	3.1725E-06	-3.2411E-07
1.5681E-18	-3.9867E-19	1.3877E-06	-3.1410E-06
1.5448E-18	-3.8386E-19	-9.9462E-08	-8.1010E-07
1.5219E-18	-3.6980E-19	1.2753E-06	-2.4781E-07
1.4991E-18	-3.5606E-19	1.9911E-06	-8.6837E-07
1.4771E-18	-3.4259E-19	9.8565E-07	-1.4493E-06
1.4549E-18	-3.2923E-19	1.8146E-06	1.2243E-09
1.4332E-18	-3.1627E-19	2.4819E-06	-2.3752E-06
1.4116E-18	-3.0370E-19	9.1229E-08	-1.3891E-06
1.3905E-18	-2.9166E-19	2.1912E-06	-4.5334E-07
1.3696E-18	-2.7950E-19	1.7050E-06	-2.3798E-06
1.3490E-18	-2.6817E-19	7.9916E-07	-1.4695E-06
1.3286E-18	-2.5655E-19	1.5098E-06	-1.5869E-06
1.3086E-18	-2.4567E-19	7.7488E-07	-2.2188E-06
1.2887E-18	-2.3479E-19	2.5421E-08	-1.1057E-06
1.2693E-18	-2.2457E-19	1.5349E-06	-5.0138E-07
1.2496E-18	-2.1418E-19	1.5612E-06	-2.2939E-06
1.2308E-18	-2.0427E-19	-5.6849E-08	-1.7257E-06
1.2119E-18	-1.9454E-19	6.9143E-07	-7.1334E-07
1.1935E-18	-1.8501E-19	1.1124E-06	-1.3117E-06
1.1755E-18	-1.7579E-19	6.8002E-07	-1.4659E-06
1.1571E-18	-1.6705E-19	5.1519E-07	-1.1565E-06
1.1393E-18	-1.5848E-19	7.3699E-07	-8.3705E-07
1.1219E-18	-1.4989E-19	1.1185E-06	-1.2040E-06
1.1045E-18	-1.4144E-19	4.9357E-07	-1.0874E-06
1.0875E-18	-1.3375E-19	1.7262E-06	-8.5292E-07
1.0705E-18	-1.2562E-19	6.3818E-07	-2.8485E-06
1.0542E-18	-1.1814E-19	-7.9566E-07	-7.1433E-07
1.0375E-18	-1.1090E-19	7.9565E-07	-5.4521E-07
1.0216E-18	-1.0377E-19	5.5135E-07	-7.6178E-07
1.0056E-18	-9.6714E-20	5.0245E-07	-1.1089E-06
9.8992E-19	-8.9834E-20	1.3143E-08	2.6458E-07
9.7415E-19	-8.3161E-20	2.2572E-06	-1.6592E-07
9.5909E-19	-7.6965E-20	1.0706E-06	-1.6507E-06
9.4386E-19	-7.0476E-20	7.5408E-07	-7.8120E-07
9.2929E-19	-6.4559E-20	1.1336E-06	-6.6051E-07
9.1407E-19	-5.9127E-20	1.4838E-06	-1.3549E-06
9.0030E-19	-5.3270E-20	3.4816E-07	-1.2859E-06
8.8565E-19	-4.7196E-20	1.1078E-06	-6.0523E-07
8.7169E-19	-4.2092E-20	8.5928E-07	-1.3896E-06
8.5812E-19	-3.6884E-20	5.3686E-07	-6.8077E-07
8.4408E-19	-3.1593E-20	1.3993E-06	-6.8518E-07
8.3080E-19	-2.7037E-20	9.7021E-07	-1.9233E-06
8.1768E-19	-2.2193E-20	-3.8126E-07	-7.2684E-07
8.0452E-19	-1.7666E-20	1.0464E-06	-1.3000E-07
7.9166E-19	-1.3308E-20	7.4890E-07	-5.5524E-07
7.7908E-19	-8.6389E-21	1.4814E-06	-3.0746E-07
7.6684E-19	-4.5688E-21	1.0642E-06	-8.6235E-07
7.5422E-19	-5.6509E-22	1.6428E-06	-2.3097E-07
7.4194E-19	3.3753E-21	2.0150E-06	-1.3624E-06
7.3002E-19	7.3745E-21	1.2374E-06	-1.6375E-06
7.1829E-19	1.0827E-20	1.0857E-06	-1.3061E-06
7.0647E-19	1.4403E-20	9.2938E-07	-1.7608E-06
6.9493E-19	1.7934E-20	1.1723E-07	-4.5248E-07
6.8360E-19	2.0947E-20	2.7343E-06	-5.2915E-07
6.7258E-19	2.4463E-20	1.3371E-06	-3.1714E-06
6.6156E-19	2.7499E-20	1.2075E-07	-1.9264E-06
6.5077E-19	3.0500E-20	-4.3111E-07	-2.0861E-06
6.4016E-19	3.3185E-20	-8.5651E-07	-3.4612E-08
6.2993E-19	3.6185E-20	1.0135E-06	4.4015E-08
6.1914E-19	3.8755E-20	9.1478E-07	-6.6887E-07
6.0910E-19	4.1453E-20	1.0083E-06	-5.5808E-07
5.9869E-19	4.4108E-20	1.1569E-06	-7.7743E-07
5.8914E-19	4.6473E-20	1.1484E-06	-8.4168E-07
5.7945E-19	4.8682E-20	1.2633E-06	-1.1670E-06
5.6994E-19	5.0869E-20	6.3189E-07	-1.2199E-06
5.6036E-19	5.3208E-20	8.3458E-07	-5.0410E-07
5.5129E-19	5.4948E-20	1.4688E-06	-7.1449E-07
5.4184E-19	5.6937E-20	1.4792E-06	-1.2308E-06
5.3252E-19	5.9236E-20	1.3743E-06	-1.2220E-06
5.2416E-19	6.0704E-20	1.5384E-06	-2.0195E-06
5.1546E-19	6.2421E-20	2.3551E-08	-1.7605E-06
5.0669E-19	6.4156E-20	1.2954E-06	-7.0806E-07
4.9785E-19	6.5886E-20	8.3786E-07	-2.4534E-06
4.8996E-19	6.7162E-20	7.4459E-09	-7.4542E-07
4.8152E-19	6.8701E-20	1.7705E-06	-1.5456E-06
4.7331E-19	7.0267E-20	8.0851E-08	-2.4964E-06
4.6539E-19	7.1688E-20	-3.9078E-08	-1.2441E-06
4.5751E-19	7.3125E-20	2.1824E-07	-1.5544E-06
4.4997E-19	7.3893E-20	-1.8085E-07	-1.3325E-06
4.4227E-19	7.5104E-20	-1.6741E-07	-1.0062E-06
4.3453E-19	7.6163E-20	2.2968E-08	-8.3484E-07
4.2694E-19	7.7233E-20	-7.9889E-08	-7.8682E-07
4.1991E-19	7.8181E-20	2.9959E-07	-4.7319E-07
4.1268E-19	7.9116E-20	2.3491E-07	-9.4916E-07
4.0568E-19	7.9865E-20	1.9501E-07	-5.8652E-07
3.9880E-19	8.0684E-20	-2.9596E-07	-1.0682E-06
3.9178E-19	8.1446E-20	-5.4167E-07	9.8989E-07
3.8512E-19	8.2306E-20	2.0482E-06	3.1623E-07
3.7835E-19	8.2993E-20	8.4668E-07	-1.1387E-06
3.7204E-19	8.3622E-20	8.3392E-07	-2.7996E-07
3.6560E-19	8.4230E-20	1.2190E-06	-7.5020E-07
3.5919E-19	8.4763E-20	9.1151E-07	-1.0338E-06
3.5283E-19	8.5250E-20	8.6243E-07	-9.8155E-07
3.4679E-19	8.5776E-20	2.1742E-07	-1.4028E-06
3.4071E-19	8.6011E-20	3.6712E-08	2.4915E-07
3.3441E-19	8.6559E-20	1.5656E-06	-6.1609E-07
3.2903E-19	8.6693E-20	5.5100E-07	-3.8300E-07
3.2321E-19	8.7267E-20	2.1809E-06	-1.0479E-06
3.1769E-19	8.7508E-20	-1.1580E-07	-1.8547E-06
3.1169E-19	8.7617E-20	8.1749E-07	-1.1938E-07
3.0647E-19	8.8010E-20	7.4747E-07	-1.1748E-06
3.0093E-19	8.7710E-20	9.9637E-07	-6.0112E-07
2.9570E-19	8.7987E-20	6.1718E-07	-1.2016E-06
2.9068E-19	8.8473E-20	1.2051E-06	-5.7168E-07
2.8526E-19	8.8480E-20	5.8232E-07	-1.9332E-06
2.8022E-19	8.8220E-20	7.8920E-08	-1.3751E-07
2.7527E-19	8.8397E-20	1.7199E-06	-1.0310E-06
2.7044E-19	8.8944E-20	1.9595E-07	-1.7292E-06
2.6550E-19	8.8499E-20	4.3448E-07	-3.0881E-07
2.6084E-19	8.8295E-20	1.3743E-06	-1.3557E-06
2.5635E-19	8.8225E-20	6.0180E-09	-1.4391E-06
2.5174E-19	8.8079E-20	7.0569E-07	-7.6073E-07
2.4721E-19	8.7911E-20	2.7366E-07	-1.4587E-06
2.4269E-19	8.7946E-20	1.9081E-08	-6.6072E-07
2.3853E-19	8.7828E-20	6.4428E-07	-3.5302E-07
2.3435E-19	8.7386E-20	1.1777E-06	-1.3985E-06
2.2984E-19	8.7414E-20	-5.4807E-07	-1.1688E-06
2.2555E-19	8.7065E-20	1.0781E-06	-6.5405E-08
2.2135E-19	8.6990E-20	3.4137E-07	-2.0217E-06
2.1775E-19	8.6831E-20	-6.5918E-07	-2.7788E-07
2.1344E-19	8.6456E-20	3.9101E-07	1.9277E-07
2.0969E-19	8.6304E-20	1.5047E-06	-2.5225E-08
2.0577E-19	8.5739E-20	9.4692E-07	-1.6214E-06
2.0203E-19	8.5543E-20	-8.3370E-08	-3.0668E-07
1.9845E-19	8.5371E-20	1.3575E-06	1.0631E-07
1.9478E-19	8.4948E-20	1.9506E-06	-1.0618E-06
1.9121E-19	8.4737E-20	1.1114E-06	-1.9731E-06
1.8756E-19	8.4181E-20	1.9296E-07	-1.8533E-06
1.8417E-19	8.3733E-20	-4.2800E-07	-5.1046E-07
1.8080E-19	8.3524E-20	1.7333E-06	-3.7312E-07
1.7735E-19	8.2933E-20	3.6705E-07	-2.2506E-06
1.7412E-19	8.2371E-20	1.9429E-07	-4.5964E-07
1.7081E-19	8.2023E-20	5.4399E-07	-1.3173E-06
1.6782E-19	8.1653E-20	6.8420E-07	-4.7271E-07
1.6423E-19	8.1418E-20	6.7423E-07	-1.8616E-06
1.6174E-19	8.0897E-20	-8.4831E-08	-2.8126E-07
1.5859E-19	8.0499E-20	1.5820E-06	-1.1531E-06
1.5568E-19	7.9908E-20	2.7348E-07	-1.6562E-06
1.5265E-19	7.9454E-20	5.9355E-07	-1.1198E-06
1.4972E-19	7.8967E-20	6.3790E-07	-1.7860E-06
1.4700E-19	7.8565E-20	-6.1508E-07	-1.6741E-06
1.4421E-19	7.7931E-20	2.7575E-07	-1.6854E-07
1.4134E-19	7.7464E-20	7.9564E-07	-1.8880E-06
1.3895E-19	7.6712E-20	-3.0538E-07	-1.2227E-06
1.3611E-19	7.6219E-20	-5.5543E-08	-1.7812E-06
1.3356E-19	7.5708E-20	-1.3374E-06	-4.3352E-07
1.3095E-19	7.5430E-20	6.8970E-07	2.0007E-07
1.2852E-19	7.4988E-20	8.3502E-07	-1.0348E-06
1.2603E-19	7.4198E-20	4.3307E-07	-1.5692E-06
1.2330E-19	7.3708E-20	-3.7808E-07	-1.2552E-06
1.2108E-19	7.3082E-20	-5.4994E-08	-7.7535E-07
1.1899E-19	7.2546E-20	3.3375E-07	-1.0237E-06
1.1670E-19	7.1926E-20	-4.2619E-07	-1.8183E-06
1.1438E-19	7.1582E-20	-1.1074E-06	-3.2593E-07
1.1227E-19	7.0771E-20	-8.2550E-08	-5.0301E-07
1.0995E-19	7.0355E-20	-5.0505E-07	2.8770E-08
1.0800E-19	6.9752E-20	5.2316E-07	-5.2378E-07
1.0559E-19	6.9212E-20	-7.1073E-07	4.3704E-08
1.0362E-19	6.8671E-20	1.6270E-06	3.3232E-07
1.0167E-19	6.7943E-20	4.4108E-07	-1.7879E-06
9.9663E-20	6.7439E-20	-1.3445E-07	-5.2816E-07
9.7540E-20	6.7132E-20	-1.1393E-07	-6.0488E-07
9.5579E-20	6.6401E-20	5.0649E-07	1.7106E-07
9.3664E-20	6.5404E-20	8.5469E-07	-9.0745E-07
9.2233E-20	6.5412E-20	5.4626E-07	-5.6598E-07
9.0252E-20	6.4547E-20	8.7964E-07	-1.3737E-06
8.8277E-20	6.4038E-20	-1.9863E-07	-1.2613E-06
8.6678E-20	6.3649E-20	6.6844E-08	-6.6162E-07
8.4740E-20	6.2863E-20	3.4396E-07	-6.4457E-07
8.3124E-20	6.2289E-20	6.7694E-07	-1.1121E-06
8.1353E-20	6.1728E-20	3.9289E-09	-1.4392E-06
8.0114E-20	6.1407E-20	1.5227E-08	-1.1019E-06
7.8164E-20	6.0927E-20	-4.2232E-07	-1.4728E-06
7.6878E-20	5.9720E-20	-7.7195E-07	-4.9122E-07
7.5276E-20	5.9491E-20	-2.2895E-08	-6.3699E-07
7.3716E-20	5.8872E-20	-7.7340E-07	-5.1874E-07
7.2262E-20	5.8151E-20	1.6008E-07	5.3942E-07
7.0690E-20	5.7883E-20	1.2441E-06	-6.0305E-07
6.9131E-20	5.7423E-20	4.6546E-07	-1.7212E-06
6.7956E-20	5.6688E-20	-7.6524E-07	-1.4310E-06
6.6475E-20	5.6020E-20	-6.8702E-07	-2.8427E-07
6.4769E-20	5.5553E-20	-1.0905E-07	-4.7593E-07
6.3563E-20	5.4810E-20	-4.1218E-07	-4.1637E-08
6.2568E-20	5.4479E-20	1.0173E-06	-2.6673E-08
6.1027E-20	5.3813E-20	4.2697E-07	-1.7999E-06
6.0013E-20	5.3387E-20	-8.1706E-07	-9.9570E-07
5.8618E-20	5.2725E-20	-7.0694E-07	-5.5564E-07
5.7482E-20	5.2384E-20	-4.7007E-07	2.9541E-07
5.6123E-20	5.1614E-20	2.6883E-07	-3.7148E-07
5.5001E-20	5.1192E-20	-5.2582E-07	3.8941E-07
5.3934E-20	5.0308E-20	1.7287E-06	4.4588E-07
5.2816E-20	5.0050E-20	9.4434E-07	-1.8202E-06
5.1573E-20	4.9291E-20	-1.5008E-07	-1.1607E-06
5.0430E-20	4.8761E-20	-3.6668E-07	-9.3219E-07
4.9413E-20	4.8550E-20	-1.8242E-07	-2.4375E-07
4.8549E-20	4.7734E-20	2.7161E-07	-2.8596E-07
4.7685E-20	4.7305E-20	9.9189E-07	-6.8115E-07
4.6204E-20	4.6720E-20	1.3129E-07	-1.9019E-06
4.5335E-20	4.6416E-20	-5.9748E-07	-1.0556E-06
4.4412E-20	4.6049E-20	-9.1332E-07	-9.2204E-07
4.3677E-20	4.5222E-20	-2.7652E-07	5.7306E-07
4.2736E-20	4.4888E-20	9.5940E-07	-1.1249E-06
4.1665E-20	4.4305E-20	-8.3831E-07	-1.1381E-06
4.0896E-20	4.3806E-20	-3.2294E-07	-2.0419E-07
4.0001E-20	4.3177E-20	3.0458E-07	-4.0912E-07
3.8836E-20	4.2976E-20	-2.5340E-07	-1.6918E-06
3.8296E-20	4.2420E-20	-1.6462E-06	2.1841E-07
3.7376E-20	4.1868E-20	7.7595E-07	3.5447E-07
3.6584E-20	4.1333E-20	-2.0089E-07	-5.2413E-07
3.5572E-20	4.0735E-20	9.5499E-07	-1.4955E-07
3.4728E-20	4.0538E-20	-7.7671E-08	-1.6553E-06
3.4148E-20	3.9841E-20	-5.7259E-07	-3.6798E-07
3.3377E-20	3.9532E-20	-1.7200E-07	-3.2916E-07
3.2581E-20	3.8935E-20	2.6562E-07	-2.9569E-07
3.1904E-20	3.8540E-20	-8.1825E-09	-5.7929E-07
3.1202E-20	3.8282E-20	5.9596E-07	-5.6888E-07
3.0506E-20	3.7669E-20	-4.1507E-07	-1.1109E-06
2.9831E-20	3.7405E-20	6.3258E-07	-5.9315E-08
2.8945E-20	3.6786E-20	-9.2347E-08	-2.1971E-06
2.8420E-20	3.6556E-20	-1.0432E-06	2.1416E-07
2.7730E-20	3.5786E-20	7.5364E-07	-9.7435E-07
2.7079E-20	3.5483E-20	-8.5459E-07	-5.1817E-07
2.6390E-20	3.5026E-20	8.4011E-07	-4.3452E-07
2.5844E-20	3.4664E-20	-1.4985E-07	-1.3279E-06
2.5089E-20	3.4373E-20	2.1232E-08	-1.2156E-06
2.4828E-20	3.3555E-20	-1.3471E-06	-7.9616E-07
2.4253E-20	3.3324E-20	7.8007E-07	6.0898E-07
2.3479E-20	3.2461E-20	8.7396E-07	-2.1940E-06
2.3457E-20	3.2238E-20	-6.7915E-07	-1.4852E-06
2.2175E-20	3.1991E-20	-6.1952E-07	-1.6879E-06
2.1963E-20	3.1537E-20	-1.2812E-06	-7.4594E-07
2.1550E-20	3.1404E-20	-4.2945E-07	-9.0948E-07
2.1041E-20	3.0745E-20	-1.2728E-06	-7.0000E-07
2.0437E-20	3.0619E-20	-2.6551E-07	-1.6797E-08
1.9737E-20	3.0166E-20	1.3063E-07	-1.0491E-06
1.9682E-20	2.9664E-20	-7.5583E-07	-1.5829E-06
1.9001E-20	2.9365E-20	-1.2650E-06	-7.2767E-07
1.8436E-20	2.8989E-20	-9.8392E-07	-8.1698E-07
1.8092E-20	2.8776E-20	-1.3215E-06	2.1175E-07
1.7440E-20	2.8302E-20	5.0737E-07	-3.9934E-07
1.7326E-20	2.7699E-20	-1.2195E-06	-1.4565E-06
1.6797E-20	2.7682E-20	-9.9913E-07	-1.2523E-07
1.6171E-20	2.7166E-20	-1.1872E-06	-1.3690E-07
1.5872E-20	2.6547E-20	4.2134E-07	5.3735E-07
1.5474E-20	2.6356E-20	-1.6743E-07	-1.8468E-06
1.4979E-20	2.6142E-20	-1.3001E-06	-9.5223E-08
1.4704E-20	2.5878E-20	-9.3681E-08	-6.4218E-07
1.4437E-20	2.5539E-20	-8.4924E-07	-5.5694E-07
1.4178E-20	2.5123E-20	-5.6510E-07	-5.2896E-07
1.3715E-20	2.4950E-20	-4.4190E-07	-1.1655E-08
1.3365E-20	2.4264E-20	2.9622E-07	-1.0832E-06
1.3234E-20	2.4057E-20	-9.8345E-07	-1.0132E-06
1.2792E-20	2.3682E-20	-2.8563E-07	-7.1093E-07
1.2358E-20	2.3470E-20	-6.3317E-07	-1.0611E-06
1.2142E-20	2.3022E-20	-4.0632E-07	-1.5049E-06
1.1563E-20	2.3055E-20	-2.1484E-06	-1.6464E-06
1.1414E-20	2.2747E-20	-1.8969E-06	4.2579E-07
1.1324E-20	2.2177E-20	-4.4649E-07	3.1010E-07
1.0712E-20	2.2219E-20	-3.6819E-09	-5.9143E-07
1.0423E-20	2.1498E-20	-7.2979E-07	-1.2297E-06
1.0141E-20	2.1355E-20	-1.0854E-06	-8.0227E-07
9.8113E-21	2.1252E-20	-1.0985E-06	-5.4074E-07
9.6997E-21	2.0563E-20	-5.6799E-07	-5.1598E-07
9.7529E-21	2.0444E-20	-9.2494E-07	-9.3661E-07
9.2294E-21	2.0254E-20	-4.6884E-07	-6.0862E-07
9.0822E-21	2.0042E-20	-7.6140E-07	-1.8938E-06
8.5699E-21	1.9608E-20	-1.9884E-06	-1.3725E-06
8.3806E-21	1.9282E-20	-2.2792E-06	-5.8377E-07
8.1438E-21	1.9145E-20	-1.3077E-06	6.7640E-07
7.8592E-21	1.8959E-20	-1.0919E-07	-7.9635E-07
7.7386E-21	1.8563E-20	-1.2001E-06	-1.2610E-06
7.4112E-21	1.8409E-20	-1.6431E-06	-1.3818E-06
7.5123E-21	1.8258E-20	-2.2860E-06	1.2791E-08
7.2476E-21	1.7845E-20	-2.1498E-07	-1.1834E-07
6.8288E-21	1.7568E-20	-1.0191E-06	-1.7620E-06
6.6794E-21	1.7188E-20	-1.8580E-06	-1.6443E-06
6.5609E-21	1.7022E-20	-3.0016E-06	-9.9605E-07
6.2352E-21	1.6899E-20	-2.0864E-06	5.3242E-07
5.9668E-21	1.6792E-20	-1.0107E-06	-4.1302E-07
5.9674E-21	1.6384E-20	-1.7424E-06	-1.1626E-06
5.9722E-21	1.6071E-20	-2.4131E-06	-4.7600E-07
5.6106E-21	1.5946E-20	-1.7042E-06	-3.0973E-08
5.2794E-21	1.5772E-20	-1.1776E-06	-4.8379E-07
5.2699E-21	1.5599E-20	-1.3759E-06	-2.0150E-06
4.9466E-21	1.5377E-20	-3.9956E-06	-1.4987E-06
4.9183E-21	1.4979E-20	-2.8165E-06	8.4642E-07
4.8143E-21	1.4795E-20	-1.8454E-06	-4.0573E-07
4.3963E-21	1.4700E-20	-2.1978E-06	-6.1893E-07
4.5907E-21	1.4343E-20	-2.8161E-06	-1.4391E-06
4.0475E-21	1.4412E-20	-4.1211E-06	-5.0055E-07
