jMRUI Data Textfile

Filename: Export_to_jmrui.txt

PointsInDataset: 2048
DatasetsInFile: 1
SamplingInterval: 0.250000
ZeroOrderPhase: 0E0
BeginTime: 0E0
TransmitterFrequency: 1.2326E8
MagneticField: 2.8936E0
TypeOfNucleus:  
NameOfPatient:  
DateOfExperiment:  
Spectrometer:  
AdditionalInfo: 
SignalNames:  


Signal and FFT
sig(real)	sig(imag)	fft(real)	fft(imag)
Signal 1 out of 1 in file
1.6417E-06	7.9229E-07	-3.6313E-07	8.0073E-07
9.8920E-07	2.5725E-07	9.3847E-07	2.3415E-07
4.3707E-07	-2.2606E-07	-5.8404E-07	-5.0431E-07
3.2920E-07	-3.4479E-07	-1.1321E-06	7.5886E-07
-2.4736E-07	-4.1519E-07	-8.9165E-07	1.8487E-06
-4.3335E-07	-2.4030E-07	8.5372E-07	2.7226E-06
-6.4213E-07	5.3136E-08	2.2585E-06	6.0354E-07
-4.4915E-07	2.1358E-07	3.0860E-07	-2.5989E-07
-2.8762E-07	2.3570E-07	4.6801E-07	5.6680E-07
2.0668E-08	1.6702E-07	-3.4726E-07	3.2677E-07
7.2854E-08	6.4078E-08	4.9872E-07	1.7442E-06
8.4851E-08	-8.9923E-08	8.1641E-07	3.5168E-07
-6.4471E-08	-1.4049E-07	6.5862E-07	1.2148E-06
-2.3393E-07	-8.5324E-08	9.4306E-07	-3.2144E-07
-3.4196E-07	1.5576E-08	-5.6520E-07	1.0885E-06
-3.4232E-07	7.1731E-08	1.4397E-06	8.8001E-07
-2.7852E-07	1.7708E-07	-9.9666E-08	2.7008E-08
-1.0152E-07	2.1923E-07	4.0456E-07	1.2695E-06
-6.1865E-08	1.0021E-07	4.9929E-07	5.6087E-07
-8.9419E-08	3.7622E-08	4.3274E-07	1.2750E-06
-1.6664E-07	-8.3983E-08	1.3485E-06	7.6594E-07
-2.0757E-07	7.8547E-09	5.9661E-07	1.2643E-07
-2.5491E-07	3.5520E-08	7.8630E-07	9.6497E-07
-1.6843E-07	1.0930E-07	1.6349E-06	-3.9875E-07
-1.3771E-07	2.3608E-07	-4.7442E-07	-1.2252E-06
-2.2290E-08	2.2926E-07	-1.2770E-06	6.2182E-07
7.0032E-08	1.5226E-07	-4.7196E-07	1.2168E-06
1.1176E-07	2.9763E-08	-3.5636E-07	1.5925E-06
8.8557E-08	-5.3339E-08	8.4707E-07	1.7621E-06
-3.8145E-08	-5.0321E-08	6.0705E-07	3.9757E-07
-1.0374E-07	-7.3451E-08	-1.4801E-07	1.3259E-06
-1.3568E-07	6.4342E-08	7.7685E-07	1.1067E-06
-1.5377E-07	1.6962E-07	-2.7644E-08	9.6494E-07
-4.1373E-08	1.9918E-07	3.3470E-07	1.6485E-06
6.3390E-09	2.8845E-07	6.5124E-07	1.7894E-06
1.6185E-07	2.1092E-07	1.6948E-06	1.5110E-06
2.0698E-07	9.1772E-08	1.1423E-06	1.6275E-07
2.6781E-07	9.4266E-08	1.1034E-07	8.8946E-07
2.8435E-07	5.9226E-09	7.0685E-07	1.7141E-06
2.3255E-07	-6.6873E-08	1.6834E-06	1.4782E-06
1.8302E-07	-4.5926E-08	2.0097E-06	4.8646E-07
2.2529E-07	-7.9359E-08	1.4191E-06	-5.7212E-07
2.4958E-07	-6.0639E-08	-1.4843E-07	-3.2009E-07
2.6488E-07	-1.4053E-07	2.9546E-07	9.4210E-07
2.5864E-07	-1.6835E-07	4.4318E-07	1.9237E-07
2.2280E-07	-2.3769E-07	1.0560E-07	1.0513E-06
1.3447E-07	-2.2438E-07	9.5162E-07	2.6587E-07
9.7998E-08	-1.7935E-07	-6.3865E-07	2.1720E-07
1.0029E-07	-1.6311E-07	-2.3117E-07	1.5439E-06
1.6393E-07	-1.0890E-07	2.7997E-07	1.5686E-06
1.8993E-07	-1.1918E-07	8.9568E-07	1.4019E-06
2.0507E-07	-1.4719E-07	4.8829E-07	9.9590E-07
1.9380E-07	-2.1381E-07	1.0022E-06	1.3936E-06
1.5509E-07	-2.8178E-07	6.6180E-07	1.5662E-07
1.0379E-07	-2.8227E-07	-5.8717E-07	1.3502E-06
5.6919E-08	-2.6064E-07	6.5288E-07	2.2219E-06
5.2098E-09	-1.7090E-07	1.2737E-06	1.8370E-06
7.6025E-08	-9.6404E-08	1.8199E-06	1.2276E-06
9.6622E-08	-6.0338E-08	1.2187E-06	5.3357E-07
1.2390E-07	-1.0599E-07	1.2226E-06	8.6985E-07
1.9214E-07	-1.1221E-07	1.0340E-06	3.6033E-08
2.5624E-07	-1.7360E-07	-9.4118E-08	6.4608E-07
1.8485E-07	-2.3720E-07	4.7355E-07	1.6215E-06
8.6940E-08	-3.1422E-07	1.3592E-06	1.2995E-06
3.7060E-08	-2.2953E-07	7.8386E-07	4.3840E-07
-2.8585E-08	-1.8917E-07	3.9240E-07	1.8267E-06
-4.3744E-08	-1.5504E-07	2.2310E-06	1.3600E-06
-5.6374E-08	-9.7359E-08	1.4414E-06	6.9851E-08
-9.6791E-09	-8.2411E-08	1.0007E-06	1.9591E-07
5.1843E-08	-5.4343E-08	4.3678E-07	5.5949E-07
3.8844E-08	4.6657E-09	1.3901E-06	7.0136E-07
6.7918E-08	-1.0206E-07	3.4562E-07	-4.9876E-07
1.0238E-07	-1.0730E-07	-3.5842E-07	1.1941E-06
1.0787E-07	-7.8009E-08	1.0370E-06	1.1952E-06
9.1536E-08	-8.3837E-08	6.1590E-07	2.7441E-07
1.3218E-07	-1.0336E-07	-2.0485E-07	7.8126E-07
1.2394E-07	-1.1195E-07	-6.4051E-08	1.6121E-06
1.3215E-07	-1.3416E-07	6.3990E-07	2.4060E-06
4.2106E-08	-8.4446E-08	2.4822E-06	1.7250E-06
-1.8192E-08	-1.0396E-07	1.5503E-06	-5.1218E-07
-2.3677E-08	-7.0787E-08	-1.8905E-07	6.9646E-07
-1.4644E-08	-7.0356E-08	9.4273E-07	1.3429E-06
-1.9751E-08	-1.1432E-08	2.2293E-07	9.8244E-07
4.8315E-08	-2.0732E-08	1.4158E-06	2.7941E-06
7.3202E-08	-4.2125E-08	3.1151E-06	1.1507E-07
1.4104E-07	-2.3387E-08	6.3117E-07	-1.1739E-07
1.3080E-07	-9.9483E-08	1.7204E-06	7.8048E-08
8.0866E-08	-8.8931E-08	-4.2995E-07	-6.6687E-07
3.0199E-08	-1.8964E-07	1.9695E-07	1.5440E-06
1.3961E-08	-1.6417E-07	5.5444E-07	3.9593E-07
-5.8243E-08	-1.4343E-07	3.3332E-08	1.4378E-06
-6.8787E-08	-4.3748E-08	1.0945E-06	1.5772E-06
-7.4390E-08	-9.3814E-08	1.5086E-06	6.3434E-07
-4.6708E-08	-5.1533E-08	1.9847E-07	5.3186E-07
-2.4099E-08	-1.1861E-08	1.3518E-06	1.5018E-06
-8.0798E-10	-6.0714E-08	7.0502E-07	-1.8437E-07
-2.0454E-08	-1.2508E-07	3.8888E-07	1.7125E-06
-4.1089E-08	-1.3688E-07	1.5619E-06	7.8381E-08
-6.3091E-08	-1.3113E-07	-5.9922E-07	7.8578E-07
-1.1767E-07	-1.3186E-07	1.2074E-06	1.9797E-06
-6.8706E-08	-1.3326E-07	1.2676E-06	2.7831E-07
-1.2812E-07	-6.1100E-08	-1.1664E-07	9.5355E-07
-1.1196E-07	-4.5842E-08	1.2719E-06	2.2283E-06
-1.2534E-07	-2.5067E-08	2.0697E-06	2.7624E-07
-1.0686E-07	-5.8536E-08	5.5574E-07	5.0774E-07
-1.8081E-07	-1.1386E-07	1.4786E-06	3.6280E-07
-1.5887E-07	-6.3604E-08	-3.2318E-07	4.7292E-08
-1.7411E-07	-5.4503E-08	9.4399E-07	1.7848E-06
-2.1570E-07	-5.1566E-08	5.7309E-07	-3.3204E-07
-2.0202E-07	-8.4699E-09	-2.7056E-07	2.1896E-06
-1.4307E-07	1.4666E-08	1.8359E-06	6.6058E-07
-1.8709E-07	2.7227E-09	-2.4219E-07	1.4254E-06
-1.5037E-07	4.6804E-09	2.4104E-06	1.0580E-06
-1.4503E-07	-3.2285E-08	-6.6896E-07	1.2777E-07
-1.7278E-07	-2.9418E-08	1.7312E-06	2.8601E-06
-2.0323E-07	-8.1865E-10	1.7868E-06	-3.6277E-07
-2.1333E-07	-7.9390E-09	7.5829E-07	9.4592E-07
-2.5263E-07	7.1175E-08	9.7330E-07	1.8477E-07
-2.4632E-07	2.6253E-08	7.5010E-07	1.0430E-06
-2.2652E-07	2.5314E-08	1.1871E-06	3.4774E-07
-1.7318E-07	4.4927E-08	9.8689E-07	1.0254E-07
-1.7182E-07	6.2431E-08	-4.1334E-07	-3.0529E-07
-2.1664E-07	-6.2184E-09	-1.4668E-07	1.5863E-06
-1.5555E-07	-2.3298E-08	1.7435E-08	7.2652E-07
-2.0757E-07	1.8692E-09	6.0207E-08	2.4798E-06
-2.3848E-07	6.4407E-09	1.6013E-06	1.5387E-06
-2.7777E-07	2.7031E-08	1.4733E-06	1.0136E-06
-2.6050E-07	2.9625E-08	3.6264E-07	1.9437E-07
-2.5587E-07	1.1698E-08	7.6553E-07	2.5482E-06
-2.3207E-07	1.4648E-08	2.4916E-06	8.7460E-08
-2.4326E-07	1.0280E-07	2.6259E-07	2.7059E-07
-2.1841E-07	2.8650E-08	8.8264E-07	1.9058E-07
-2.6450E-07	5.4207E-08	-5.0616E-07	6.8772E-07
-1.7217E-07	1.6942E-08	1.3853E-07	1.5051E-06
-1.7350E-07	8.8575E-08	5.9621E-07	2.1183E-06
-1.8080E-07	5.9822E-08	1.5165E-06	1.0542E-06
-1.8437E-07	5.7504E-09	6.9774E-07	1.5123E-06
-1.7298E-07	3.3887E-08	1.9536E-06	6.6589E-07
-1.8968E-07	-3.5322E-08	2.0163E-07	4.1169E-07
-2.0947E-07	1.9484E-08	8.7813E-07	1.0730E-06
-2.7080E-07	7.2275E-09	3.2500E-07	1.0353E-06
-2.7661E-07	2.4346E-08	1.0887E-06	1.1234E-06
-2.1070E-07	3.8576E-08	9.2254E-08	9.9159E-07
-2.3565E-07	4.3805E-08	1.0634E-06	1.9684E-06
-2.2640E-07	3.9250E-08	1.3499E-06	9.8550E-07
-2.4119E-07	7.7411E-08	9.3833E-07	8.0768E-07
-2.4533E-07	1.8629E-08	6.1335E-07	1.2976E-06
-2.2188E-07	3.8651E-08	1.3913E-06	1.1233E-06
-2.1059E-07	5.3493E-08	6.8381E-07	9.1849E-07
-2.5199E-07	5.0232E-08	1.3511E-06	1.0116E-06
-2.8053E-07	1.4018E-08	1.5010E-07	5.8556E-07
-2.4408E-07	8.1546E-08	1.0338E-06	2.1710E-06
-2.1285E-07	3.2531E-08	1.6597E-06	2.5635E-07
-2.2464E-07	6.9023E-08	-2.4654E-07	8.5045E-07
-2.7810E-07	1.0985E-07	6.9786E-07	1.9089E-06
-1.9694E-07	1.2872E-07	4.2271E-07	1.8965E-06
-1.8035E-07	9.3149E-08	2.3379E-06	3.3134E-06
-1.7993E-07	9.5126E-08	3.5159E-06	-2.0034E-07
-2.2136E-07	1.1721E-07	6.0025E-07	3.9658E-07
-2.0640E-07	1.2735E-07	2.5417E-06	3.6607E-07
-2.2992E-07	1.3897E-07	-1.3594E-07	-5.9272E-07
-2.1781E-07	8.9933E-08	1.1495E-06	1.8048E-06
-2.1551E-07	1.3197E-07	1.2218E-06	-1.2634E-07
-2.5429E-07	1.1972E-07	8.7200E-07	8.7658E-07
-2.3992E-07	1.2457E-07	5.0080E-07	-1.1339E-07
-1.8069E-07	1.3381E-07	2.8140E-07	1.7230E-06
-2.2940E-07	1.0744E-07	1.3315E-06	4.8124E-07
-2.3944E-07	1.4180E-07	4.2035E-07	1.5779E-06
-2.6482E-07	1.4789E-07	2.4698E-06	4.1168E-07
-2.2003E-07	2.2150E-07	-2.0698E-07	-6.9942E-07
-2.1481E-07	1.7083E-07	6.4512E-09	1.5862E-06
-1.8647E-07	1.8401E-07	9.5903E-07	7.8845E-07
-1.7445E-07	1.9483E-07	-9.9539E-08	8.0179E-07
-1.5659E-07	1.8037E-07	5.0547E-07	2.1972E-06
-1.7873E-07	1.0619E-07	1.6204E-06	1.0237E-06
-1.9489E-07	1.2361E-07	4.5248E-07	1.2175E-06
-1.8263E-07	1.4427E-07	1.8083E-06	1.2766E-06
-1.7826E-07	1.7159E-07	5.8322E-07	3.0152E-07
-1.5647E-07	1.7037E-07	1.0561E-06	1.5434E-06
-1.6778E-07	1.5653E-07	1.2419E-06	2.6073E-07
-1.9388E-07	1.7030E-07	2.3376E-07	6.1672E-07
-1.5223E-07	1.5831E-07	1.0037E-07	1.4120E-06
-1.5290E-07	1.8553E-07	1.2224E-06	1.8774E-06
-2.2786E-07	1.4769E-07	1.2643E-06	9.3684E-07
-1.8723E-07	1.8995E-07	1.4643E-06	8.8028E-07
-1.8428E-07	1.3596E-07	1.7649E-07	3.6068E-08
-1.9986E-07	1.3200E-07	3.7672E-07	2.2609E-06
-2.1843E-07	1.4593E-07	1.4976E-06	6.0055E-07
-2.3406E-07	1.4138E-07	4.9842E-09	1.6926E-06
-2.0743E-07	1.8733E-07	1.9381E-06	1.6455E-06
-2.4646E-07	1.4246E-07	9.9461E-07	7.2565E-07
-2.2704E-07	2.2745E-07	1.0652E-06	1.3230E-06
-1.7215E-07	1.9727E-07	1.4456E-06	1.4227E-06
-2.2059E-07	1.5975E-07	1.9372E-06	4.6721E-07
-1.4432E-07	2.0484E-07	7.8389E-07	2.3832E-07
-1.6254E-07	1.7476E-07	8.6811E-07	4.0006E-07
-1.7562E-07	1.7276E-07	-1.5656E-07	4.4273E-07
-2.1931E-07	1.6420E-07	-3.5688E-07	1.8140E-06
-1.4747E-07	1.6797E-07	1.1406E-06	3.0570E-06
-1.5891E-07	1.4667E-07	2.8839E-06	7.3341E-07
-2.0355E-07	1.3771E-07	-3.0782E-07	2.6955E-07
-1.7909E-07	1.5954E-07	1.1417E-06	3.0904E-06
-1.8092E-07	1.2800E-07	2.5726E-06	1.3234E-06
-1.8753E-07	1.4956E-07	2.3162E-06	8.7427E-07
-1.7598E-07	1.7938E-07	1.9202E-06	-2.8270E-07
-1.7205E-07	1.8740E-07	7.2500E-07	1.1319E-07
-1.3662E-07	1.7607E-07	5.3895E-07	7.8693E-07
-1.6465E-07	2.2726E-07	1.3878E-06	1.5365E-06
-1.3899E-07	2.0485E-07	1.8098E-06	-3.9159E-08
-1.1768E-07	2.1330E-07	2.4705E-08	6.7179E-07
-1.0172E-07	2.3320E-07	1.7180E-06	1.7427E-06
-1.3953E-07	1.7464E-07	1.8259E-06	7.2899E-08
-8.2784E-08	1.8672E-07	1.1928E-06	3.3273E-07
-1.2019E-07	1.6025E-07	1.1063E-06	-2.3222E-07
-1.0937E-07	1.1654E-07	1.4161E-07	3.0131E-07
-1.2237E-07	1.0732E-07	6.1923E-07	7.2463E-07
-1.1274E-07	1.3786E-07	2.3799E-07	7.0031E-07
-9.5211E-08	1.7416E-07	4.6626E-07	1.6569E-06
-1.5728E-07	1.4852E-07	1.9556E-06	1.5067E-06
-1.0803E-07	1.2346E-07	1.6126E-06	-5.0733E-07
-8.0628E-08	9.4700E-08	-2.4236E-07	5.3548E-07
-8.3353E-08	1.3963E-07	1.0905E-06	1.2918E-06
-7.6098E-08	1.4568E-07	1.0523E-06	9.4052E-07
-1.2515E-07	8.2707E-08	2.0596E-06	9.0558E-08
-1.7160E-07	1.5968E-07	-5.6026E-07	-7.6072E-07
-1.5724E-07	1.5406E-07	4.4028E-07	2.0778E-06
-1.6319E-07	1.1776E-07	1.1620E-06	-2.6937E-07
-9.5673E-08	1.5964E-07	-2.5789E-07	1.2868E-06
-1.9661E-07	1.8575E-07	1.4765E-06	5.9932E-07
-8.6298E-08	1.7903E-07	-1.0368E-07	1.7440E-07
-9.8645E-08	1.6228E-07	5.5820E-08	9.8494E-07
-7.4847E-08	1.4332E-07	9.3971E-08	1.4240E-06
-8.6260E-08	9.4897E-08	7.4127E-07	1.2031E-06
-1.0359E-07	1.8560E-07	3.2497E-07	1.4778E-06
-1.2761E-07	1.4542E-07	1.3642E-06	1.2844E-06
-1.0486E-07	1.0919E-07	6.5190E-07	7.1720E-07
-9.1903E-08	1.4980E-07	8.5244E-07	7.2909E-07
-8.0411E-08	1.5723E-07	-4.5639E-07	9.2276E-07
-7.4691E-08	1.3601E-07	1.0442E-06	2.6160E-06
-7.4048E-08	1.3176E-07	1.7907E-06	3.7168E-07
-6.5122E-08	8.9410E-08	1.7130E-08	8.9138E-07
-5.0844E-08	1.4778E-07	1.1591E-06	1.6269E-06
-4.0803E-08	1.8027E-07	1.0988E-06	7.0623E-07
-1.2757E-07	9.7671E-08	1.0159E-06	9.8490E-07
-1.0995E-07	1.2895E-07	9.6176E-07	1.9079E-07
-7.6591E-08	1.5605E-07	4.1713E-08	6.0133E-07
-6.4238E-08	1.6262E-07	5.7723E-09	9.3400E-07
-1.3070E-07	9.4756E-08	2.9224E-07	2.0991E-06
-1.3395E-07	1.6425E-07	1.7930E-06	6.5602E-07
-7.4396E-08	1.3137E-07	-5.1321E-07	4.3801E-07
-6.3824E-08	1.0421E-07	6.2355E-07	1.5224E-06
-8.2298E-08	1.5406E-07	-6.8214E-07	9.6779E-07
-4.2635E-08	9.2259E-08	6.0192E-07	3.0996E-06
-5.1956E-08	1.5229E-07	1.3867E-06	1.2963E-06
-1.2467E-07	1.4878E-07	9.3795E-07	1.7119E-06
-1.1912E-07	1.2758E-07	8.6488E-07	1.2199E-06
-7.3769E-08	1.1167E-07	1.2839E-06	2.0363E-06
-1.1607E-07	7.0784E-08	1.4304E-06	4.5980E-07
-3.4722E-08	1.1278E-07	3.1212E-07	1.4553E-06
-6.2039E-08	1.5432E-07	1.1314E-06	1.3474E-06
-6.9085E-08	7.9453E-08	9.3244E-07	1.6100E-06
-9.0574E-08	1.1855E-07	1.4397E-06	9.6057E-07
-8.3450E-08	6.7778E-08	6.9040E-07	1.1447E-06
-8.6170E-08	8.5994E-08	1.0658E-06	9.4250E-07
-1.0227E-07	1.0832E-07	8.3162E-08	1.2191E-06
-2.8811E-08	1.1118E-07	7.2652E-07	2.3940E-06
-1.0162E-07	9.8896E-08	2.2975E-06	2.0452E-06
-1.3715E-07	1.0650E-07	1.9182E-06	-1.6504E-07
-6.5511E-08	8.4918E-08	-1.1031E-08	9.3192E-07
-5.6699E-08	8.4658E-08	1.3709E-06	1.3101E-06
-4.6159E-08	1.1635E-07	3.3751E-07	8.4291E-07
-3.6034E-08	1.2239E-07	1.0560E-06	1.7945E-06
-7.8797E-09	1.1743E-07	8.5488E-07	9.0675E-07
-1.7747E-08	7.1271E-08	7.1917E-07	1.9076E-06
-1.7211E-08	1.0903E-07	1.4896E-06	1.4470E-06
-8.1334E-08	7.9609E-08	1.1506E-06	1.4731E-06
-5.8786E-08	1.0170E-07	1.7289E-06	1.3259E-06
-1.1344E-07	1.3459E-07	1.3201E-06	8.6801E-07
-9.5063E-08	9.5957E-08	1.3705E-06	1.0554E-06
-9.5922E-08	1.0325E-07	1.1136E-06	9.3858E-07
-8.9185E-08	8.0707E-08	1.7966E-06	1.1875E-06
-9.2575E-08	9.3575E-08	1.1904E-06	-3.1893E-07
-3.6073E-08	7.0020E-08	1.5528E-07	1.3040E-06
-6.0048E-08	4.3828E-08	1.6856E-06	6.6613E-07
-9.7367E-08	1.0151E-07	-7.1479E-08	5.1382E-07
-1.2929E-07	5.9902E-08	9.6629E-07	1.6212E-06
-8.4527E-08	9.3378E-08	6.7917E-07	9.1307E-07
-1.2180E-07	7.9626E-08	1.1684E-06	1.4836E-06
-7.0003E-09	1.1243E-07	8.0606E-07	6.7052E-07
-8.3777E-08	9.2378E-08	8.4849E-07	1.6101E-06
-5.3430E-08	6.0500E-08	1.3631E-06	1.0676E-06
-8.2101E-08	3.8958E-08	1.5857E-06	6.8395E-07
-5.2575E-08	8.4113E-08	1.2480E-07	-2.8383E-07
-1.9428E-08	7.1735E-08	-9.3783E-08	2.0218E-06
-6.4516E-08	6.9516E-08	9.7826E-07	9.4876E-07
-6.9356E-08	6.2486E-08	2.5917E-07	2.2237E-06
-4.9264E-08	1.0053E-07	2.0651E-06	1.0942E-06
-7.5998E-08	1.0367E-07	2.9714E-07	1.2350E-06
-3.5236E-08	9.1485E-08	2.0979E-06	1.2115E-06
-4.5972E-08	6.6002E-08	2.1934E-07	1.6638E-07
-8.2927E-08	7.3052E-08	7.6479E-07	1.4897E-06
-1.0241E-07	7.2830E-08	2.7228E-07	9.9799E-07
-6.7852E-08	6.4125E-08	8.0102E-07	1.8477E-06
-5.1327E-08	4.6243E-08	7.1137E-07	1.7253E-06
-5.7590E-08	6.0665E-08	2.1291E-06	1.5985E-06
-6.8017E-08	8.1511E-08	4.4704E-07	1.7983E-07
-2.1552E-08	3.7031E-08	9.7408E-07	2.0763E-06
-7.1343E-08	1.1680E-07	7.6827E-07	4.9425E-07
-1.2235E-07	4.8254E-08	5.1747E-07	2.4531E-06
-5.3343E-08	2.6725E-08	1.7465E-06	1.3108E-06
-2.9870E-08	7.4904E-08	1.4602E-06	1.4941E-06
-8.5658E-08	9.0526E-08	9.8433E-07	1.1394E-07
-3.3382E-08	6.5125E-08	-1.4911E-07	2.6609E-06
-9.1847E-08	5.1337E-08	3.0184E-06	2.0043E-06
-4.6732E-08	4.9983E-08	1.7224E-06	3.2942E-07
-9.6431E-08	4.0798E-08	1.5368E-06	3.3575E-07
-1.3222E-07	6.1057E-08	3.7116E-07	4.9407E-07
-6.8022E-08	1.3389E-08	1.0465E-06	1.0404E-06
-8.7981E-08	5.0531E-08	-6.8363E-08	6.6092E-07
-1.2211E-07	4.1419E-08	5.2753E-07	2.7742E-06
-1.2124E-07	7.5291E-08	2.3983E-06	1.6070E-06
-6.7250E-08	6.4204E-08	1.6443E-06	5.0018E-07
-4.4982E-08	7.0727E-08	8.9449E-07	2.7444E-07
-5.3584E-08	7.1717E-08	4.7475E-08	1.2532E-06
-9.9175E-08	2.3988E-08	1.1296E-06	1.8527E-06
-3.3277E-08	4.4583E-08	1.1114E-06	1.4537E-06
-7.7397E-08	7.9588E-08	1.7362E-06	1.6225E-06
-6.7594E-08	5.6120E-08	1.6976E-06	6.1014E-07
-4.4693E-08	6.2799E-08	8.3978E-07	3.6230E-07
-4.4099E-08	8.5331E-08	-1.9314E-07	1.4956E-06
-7.9815E-08	6.8078E-08	1.5161E-06	2.8078E-06
-8.6924E-08	4.2702E-08	2.3559E-06	1.5814E-06
-2.1917E-08	4.5827E-08	2.7968E-06	9.9371E-07
-2.8585E-08	4.1507E-08	1.9437E-06	-4.6783E-07
-8.6049E-08	4.1559E-08	1.0980E-06	1.3460E-07
-9.4654E-08	5.9584E-08	6.8097E-07	1.9050E-07
-8.1216E-08	1.2634E-08	1.0870E-06	9.9538E-07
-1.0388E-07	5.2201E-08	1.0966E-06	1.6328E-07
-2.7383E-08	3.3214E-08	9.5360E-07	4.7359E-07
-7.1873E-08	2.3518E-08	1.1419E-07	3.1651E-08
-1.0836E-07	3.4548E-08	6.4104E-07	1.6213E-06
-9.8676E-08	-2.7554E-10	8.6131E-07	-1.0918E-08
-1.1001E-07	4.8129E-08	2.3402E-07	1.4395E-06
-7.6954E-08	3.0322E-08	8.7248E-07	-7.0301E-08
-5.6567E-08	4.0110E-08	-8.9768E-07	1.6622E-06
-1.1527E-07	2.3612E-08	1.3880E-06	1.5542E-06
-5.4460E-08	6.4225E-08	7.4201E-08	1.0165E-06
-5.8402E-08	4.2173E-08	5.8840E-07	1.5453E-06
-6.4969E-08	4.9706E-08	2.2375E-07	2.1726E-06
-8.0440E-08	8.3651E-08	1.9732E-06	2.0496E-06
-5.4918E-08	1.4602E-09	1.2867E-06	1.2982E-06
-1.0973E-07	-1.4639E-08	2.3790E-06	1.0988E-06
-8.3959E-08	2.8081E-08	8.6229E-07	-2.1706E-07
-7.7581E-08	1.2555E-08	9.9123E-07	1.0224E-06
-8.6722E-08	2.9443E-08	3.5685E-07	-9.3093E-08
-9.8255E-08	1.9675E-08	8.5995E-08	1.9590E-06
-7.6627E-08	1.9778E-08	1.4692E-06	4.1474E-07
-1.3631E-07	-7.7976E-09	-8.9610E-07	1.2963E-06
-5.5684E-08	3.1573E-09	1.7633E-06	2.5455E-06
-7.1484E-08	-1.7050E-08	1.1465E-06	1.9602E-07
-7.2874E-08	4.6793E-08	5.3465E-07	1.4189E-06
-1.1465E-07	2.6346E-08	9.2431E-07	1.0226E-06
-4.9264E-08	5.6518E-08	9.4938E-07	9.5781E-07
-1.0370E-07	1.8937E-08	-2.4337E-07	8.7017E-07
-8.0983E-08	4.6342E-08	1.2593E-06	2.7411E-06
-7.0672E-08	4.7328E-08	1.5596E-06	-2.9700E-07
-4.8286E-08	7.9357E-08	-6.7660E-07	1.6791E-06
-2.8498E-08	-7.8242E-09	1.5510E-06	1.6030E-06
-8.3925E-08	2.0769E-08	3.2597E-07	8.5048E-07
-8.6392E-08	9.1762E-09	3.0125E-07	1.6270E-06
-9.1524E-08	1.9803E-08	8.0515E-07	2.0217E-06
-3.9444E-08	-9.8388E-09	7.7407E-07	1.2428E-06
-7.8193E-08	6.2544E-08	5.6618E-07	2.6582E-06
-5.6683E-08	-1.4301E-08	2.2007E-06	1.5920E-06
-6.8885E-08	-1.9131E-08	1.1956E-06	1.4165E-06
-9.0030E-08	5.8730E-08	1.9919E-06	6.8786E-07
-3.9246E-08	3.2118E-09	1.0158E-07	5.0067E-07
-6.2772E-08	-4.3862E-09	4.8614E-07	1.7890E-06
-8.1069E-08	3.9942E-08	8.7714E-07	1.9293E-06
-5.9389E-08	3.7162E-08	1.3243E-06	1.6688E-06
-8.5543E-08	-8.9301E-10	1.4539E-06	1.8964E-06
-5.7396E-08	8.7366E-09	1.8166E-06	7.5767E-07
-9.8036E-08	-3.2304E-09	7.8423E-07	1.5705E-06
-4.0102E-08	2.3042E-08	2.1339E-06	7.6711E-07
-5.6749E-08	3.6342E-08	1.9161E-07	9.3505E-07
-6.5650E-08	5.4109E-08	2.0625E-06	1.4019E-06
-9.0609E-08	4.3482E-08	2.1235E-07	-1.2813E-07
-9.1425E-08	4.2335E-08	9.7670E-08	2.1495E-06
-3.6310E-08	-5.5511E-09	1.1672E-06	2.0056E-06
-7.5351E-08	5.4827E-08	1.7094E-06	1.7688E-06
-5.2875E-08	3.1071E-08	1.5962E-06	1.3049E-06
-9.2286E-08	4.2422E-09	1.8902E-06	1.0621E-06
-7.6745E-08	1.1192E-10	1.3484E-06	8.0383E-07
-6.5518E-08	1.1917E-08	1.9326E-06	6.0312E-07
-7.9660E-08	2.1696E-08	4.8795E-07	-2.5939E-07
-6.8248E-08	3.9621E-09	2.3173E-07	1.5022E-06
-1.3649E-07	9.2341E-08	1.3062E-06	1.2321E-06
-7.8399E-08	2.5176E-08	1.0624E-06	9.0527E-07
-8.6422E-08	1.8711E-08	1.3628E-06	8.1494E-07
-6.6517E-08	7.0642E-08	6.2691E-07	-1.5818E-07
-9.1165E-08	3.3411E-08	-3.3388E-07	1.3027E-06
-8.9332E-08	3.3358E-08	8.2858E-07	1.1663E-06
-1.0740E-07	2.9858E-08	-2.9812E-08	1.6225E-06
-1.2059E-07	2.6557E-08	1.4441E-06	1.4650E-06
-4.3036E-08	8.0867E-08	-8.7327E-08	1.3135E-06
-4.3970E-08	3.0571E-08	1.9227E-06	2.2905E-06
-7.8148E-08	-5.4347E-09	1.1006E-06	2.6908E-07
-7.3666E-08	4.7439E-08	1.2892E-06	1.2819E-06
-1.0355E-07	5.1414E-08	4.7589E-07	-3.9861E-07
-9.0117E-08	3.9293E-08	-3.9688E-07	1.3593E-06
-7.9729E-08	1.3477E-08	-3.4943E-07	8.1548E-07
-8.0636E-08	6.7149E-08	-9.9732E-07	3.1077E-06
-9.0273E-08	7.4221E-08	1.4520E-06	3.0469E-06
-8.2272E-08	2.6736E-08	1.3067E-06	2.5367E-06
-6.3758E-08	4.1667E-08	2.6498E-06	2.1226E-06
-6.4628E-08	-4.6491E-08	1.9442E-06	2.5399E-07
-7.1728E-08	3.3877E-08	5.0819E-07	8.3623E-07
-8.0784E-08	4.6931E-08	1.0710E-06	1.4080E-06
-1.1324E-07	7.5324E-09	4.8366E-07	7.7287E-07
-4.7182E-08	6.1057E-08	2.2110E-07	2.3720E-06
-8.3906E-08	4.2399E-08	1.9223E-06	1.7929E-06
-1.1684E-07	3.3095E-08	7.9621E-07	1.0021E-06
-8.6657E-08	2.0357E-08	9.8204E-07	1.7213E-06
-5.8349E-08	3.9290E-08	6.3345E-07	1.5161E-06
-9.8023E-08	5.1989E-08	1.2661E-06	2.6010E-06
-3.8695E-08	1.3683E-08	2.2097E-06	1.3801E-06
-8.0278E-08	1.9667E-09	1.3190E-06	8.8488E-07
-4.4864E-08	2.2367E-09	7.5780E-07	1.2202E-06
-6.3107E-08	4.9527E-08	1.2995E-06	2.0913E-06
-3.4381E-08	3.1828E-08	1.7084E-06	9.7358E-07
-3.1882E-08	1.8461E-08	9.7296E-07	1.7884E-06
-8.4110E-08	1.8859E-08	2.4274E-06	1.1134E-06
-4.8451E-08	3.3744E-08	9.4762E-07	3.0463E-07
-4.7064E-08	5.0843E-08	9.7035E-07	9.7140E-07
-9.7266E-08	-1.1878E-09	3.1746E-07	1.1743E-06
-4.6349E-08	4.6442E-08	1.4210E-06	2.1756E-06
-4.8781E-08	-1.9172E-09	2.0336E-06	5.8172E-07
-3.1611E-08	6.4992E-08	4.5370E-07	5.2737E-08
-8.8852E-08	5.3927E-08	-2.0963E-07	1.5382E-06
-4.8995E-08	7.2610E-09	7.9678E-07	1.8452E-06
-6.1870E-08	4.8234E-08	6.2417E-07	1.9869E-06
-6.4221E-08	7.2188E-08	1.5676E-06	1.8483E-06
-5.3231E-08	2.9318E-08	7.1121E-07	1.5701E-06
-4.7087E-08	-6.3204E-09	1.6928E-06	2.2618E-06
-4.0469E-08	8.6403E-08	1.3209E-06	1.4162E-06
-8.8965E-08	2.8001E-08	2.1806E-06	2.2958E-06
-6.9288E-08	8.6208E-08	2.2291E-06	2.0196E-07
-2.9391E-08	9.8441E-08	8.6916E-07	1.4500E-06
-8.6655E-08	3.8918E-08	2.7370E-06	8.7515E-07
-4.9736E-08	4.1426E-08	7.1764E-07	-7.1846E-07
-8.7262E-08	5.6412E-08	-4.1232E-08	1.4445E-06
-7.0679E-08	6.2163E-08	1.2058E-06	1.2659E-06
-1.9955E-08	3.1217E-08	7.2146E-07	1.1582E-06
-5.2855E-08	3.8272E-08	8.4250E-07	8.2297E-07
-2.3068E-08	4.2836E-08	-7.5703E-07	1.9139E-06
-1.7651E-08	6.3608E-08	1.9655E-06	3.9073E-06
-6.2044E-08	2.0749E-08	3.2071E-06	8.3878E-07
-4.3921E-08	-2.8361E-08	1.4269E-06	4.8945E-07
-4.5781E-08	1.9178E-08	1.3356E-06	6.6293E-07
-3.2190E-08	5.0572E-08	7.8197E-07	8.9819E-07
-4.7419E-08	2.3117E-08	1.1140E-06	1.3093E-06
-4.7322E-08	1.1951E-08	1.0229E-06	1.0643E-06
-1.8653E-08	1.1087E-08	1.2186E-06	1.6307E-06
-1.3453E-08	1.6943E-08	1.7496E-06	6.2334E-07
-6.3967E-08	3.9473E-08	2.6318E-07	8.5577E-07
-3.9183E-08	5.1927E-08	1.1816E-06	1.8440E-06
-7.9520E-08	3.7021E-08	1.4401E-06	1.2677E-06
-2.6574E-08	4.5543E-08	1.5570E-06	7.1489E-07
-3.9436E-08	5.6782E-08	2.2178E-07	1.1875E-06
-3.2047E-08	1.0980E-08	2.3394E-06	1.8396E-06
-2.6308E-08	1.2536E-08	6.8064E-07	-5.9615E-07
-4.5110E-08	-2.0736E-08	3.2330E-07	2.4731E-06
-5.5934E-08	1.1450E-08	2.1517E-06	5.8553E-07
-4.1992E-09	3.6593E-08	3.9054E-07	9.6982E-07
-6.4728E-09	2.8343E-08	1.3150E-06	9.9004E-07
-8.7202E-10	1.7719E-08	7.4877E-07	9.8405E-07
-2.2804E-08	2.5336E-08	7.4098E-07	2.6499E-07
-2.4226E-08	6.0671E-08	-1.0894E-06	1.8744E-06
-5.1690E-08	6.5351E-09	1.7188E-06	3.0575E-06
-2.1447E-10	3.6024E-08	1.4072E-06	1.0896E-06
-6.7434E-08	7.0660E-08	1.3804E-06	2.0166E-06
-3.3722E-08	3.9878E-08	1.8021E-06	9.6476E-07
-6.0023E-08	-1.4791E-08	1.0066E-06	1.1366E-06
-4.7306E-08	2.0322E-08	1.2772E-06	1.3994E-06
1.0238E-08	3.5775E-08	1.5042E-06	1.0289E-06
-1.7738E-08	5.5909E-08	4.3105E-07	7.5308E-07
-4.0799E-08	-3.0603E-09	6.9390E-07	2.7622E-06
-1.8642E-08	5.6001E-08	2.7639E-06	1.6847E-06
-1.4507E-08	2.9800E-08	1.7330E-06	8.3107E-07
3.4337E-08	5.9148E-08	2.1544E-06	5.1358E-07
-3.3003E-08	-1.4956E-08	3.8472E-07	3.6452E-07
-5.0266E-08	-1.5944E-08	1.8456E-06	2.1242E-06
-4.2378E-08	1.4305E-08	2.3547E-06	-2.8133E-07
-3.7824E-08	6.8335E-08	7.4552E-07	-2.0105E-07
-1.0129E-08	6.2230E-08	-1.8559E-07	3.0090E-07
9.1157E-09	1.6581E-08	6.9318E-07	2.3917E-06
-6.6187E-09	1.9440E-08	2.3271E-06	2.0104E-07
-7.0948E-09	-3.1015E-08	-1.4813E-07	2.0791E-07
-3.9457E-08	5.0377E-09	9.0542E-07	1.5541E-06
-1.9118E-08	2.6366E-08	1.1807E-06	5.6908E-07
-4.2445E-08	6.3678E-08	4.9657E-07	4.5071E-07
-1.4419E-09	2.9197E-08	2.4175E-07	8.8953E-07
1.5128E-08	4.8231E-08	-5.3581E-08	1.2367E-06
-6.1442E-08	3.4374E-08	9.3691E-07	2.3390E-06
1.8892E-08	3.8694E-08	1.5300E-06	3.1814E-07
-1.8161E-08	5.1071E-08	-5.4310E-07	1.5417E-06
-1.0213E-09	1.4061E-08	1.8387E-06	2.3545E-06
-1.6777E-08	5.6082E-08	1.7439E-06	6.7410E-07
-2.2673E-08	9.6413E-09	1.4087E-06	1.4672E-07
3.2999E-08	3.0069E-08	-6.2544E-08	-2.3940E-08
1.3458E-08	-1.1083E-08	-3.1109E-07	1.1770E-06
-1.3955E-08	2.6531E-08	2.6644E-08	1.9467E-06
-2.9039E-09	3.2211E-08	1.0303E-06	1.6601E-06
-1.5471E-08	2.3555E-08	3.8864E-07	1.7299E-06
-2.8248E-09	4.3474E-08	1.8705E-06	1.8453E-06
-6.4008E-09	1.6286E-08	1.0260E-06	3.8967E-07
-1.1170E-08	5.9457E-08	8.2259E-07	1.1399E-06
-3.4338E-09	-4.8502E-08	7.0490E-07	5.4467E-07
-2.0950E-08	-3.3615E-09	8.3883E-08	6.4527E-07
-1.0757E-08	5.0893E-08	-7.0109E-07	1.5630E-06
3.1863E-08	2.7187E-09	6.3337E-07	2.3618E-06
-1.1326E-08	8.3775E-09	3.7288E-07	1.7863E-06
-2.2145E-08	2.7271E-08	1.3261E-06	2.2395E-06
-5.3401E-09	2.0552E-08	4.5236E-07	1.1697E-06
3.0115E-08	3.1414E-08	1.0313E-06	2.8824E-06
-1.8668E-08	-1.6920E-08	1.7784E-06	1.4159E-06
-4.8325E-08	3.3325E-08	1.6664E-06	1.7881E-06
-3.2516E-08	2.2280E-08	1.5560E-06	4.4597E-07
-3.0454E-08	-5.8971E-09	1.1571E-06	1.4674E-06
-2.4217E-09	-3.4371E-09	1.4653E-06	-4.4201E-07
-6.3545E-09	1.4490E-08	-1.2469E-06	9.8806E-07
-1.4537E-08	4.9327E-08	6.4749E-07	2.5162E-06
-1.2793E-08	1.9002E-08	1.0315E-06	1.8627E-06
-1.1336E-08	3.3245E-08	1.5809E-06	1.3891E-06
1.3932E-09	7.3482E-09	5.8380E-07	7.9101E-07
-3.3193E-08	-5.2469E-09	5.0147E-07	1.8511E-06
-2.7600E-08	3.5320E-08	1.2492E-06	1.6366E-06
1.4860E-08	1.1299E-08	1.0806E-06	1.3187E-06
2.8409E-08	4.9504E-09	1.1868E-06	1.1196E-06
2.6186E-08	4.0056E-08	5.5912E-07	9.9525E-07
-8.4312E-09	1.4741E-08	8.6340E-07	1.2913E-06
-2.9050E-08	6.1668E-08	-1.2907E-07	1.1613E-06
-3.9456E-08	-8.9702E-09	1.2868E-06	2.9596E-06
2.7316E-08	1.1877E-08	2.1238E-06	-1.3077E-07
-3.2717E-09	1.6426E-08	-8.3123E-07	5.8728E-07
-1.6744E-08	3.8018E-08	-1.9604E-07	1.8006E-06
-1.5440E-08	1.6460E-08	-2.1908E-07	2.7599E-06
-7.1494E-09	3.4392E-08	1.4704E-06	2.5229E-06
1.6717E-08	5.2288E-09	5.9034E-07	1.9775E-06
-4.7240E-08	6.2744E-10	1.3672E-06	2.8779E-06
8.3954E-09	9.5868E-09	2.1009E-06	2.2015E-06
3.6225E-10	4.4115E-08	2.3126E-06	1.3278E-06
-2.3347E-08	9.6092E-09	1.4544E-06	7.6642E-07
-3.5006E-08	4.6920E-09	1.0938E-06	1.1914E-06
-2.5719E-08	1.4026E-09	1.3958E-06	1.4525E-06
3.8887E-08	-1.4548E-08	1.5883E-06	4.7768E-07
-9.0637E-09	-2.2913E-09	-1.1777E-07	7.0043E-07
5.8661E-10	2.7170E-08	5.8166E-07	2.2772E-06
-4.5715E-08	2.0431E-08	1.3010E-06	1.5766E-06
3.1109E-08	3.7619E-08	1.0210E-06	1.6516E-06
-5.1798E-08	-3.6208E-08	1.3234E-06	1.5336E-06
-1.5774E-08	-2.1402E-08	1.1116E-06	1.6013E-06
1.1945E-08	3.1368E-08	1.7579E-06	1.4719E-06
2.3579E-08	3.1008E-08	9.0177E-07	8.1497E-07
1.6926E-09	-3.7596E-08	1.1992E-06	2.2606E-06
1.7486E-08	2.5303E-08	2.5049E-06	8.8311E-07
-4.3209E-08	4.4197E-09	1.1802E-06	2.1383E-07
-2.0714E-08	2.2568E-08	8.0876E-07	4.3293E-07
-1.1013E-08	-2.0395E-08	2.0061E-07	1.0627E-06
-6.4587E-09	-1.4452E-08	1.0787E-06	1.5754E-06
-1.8705E-08	2.5740E-08	1.2655E-06	6.8801E-07
-2.6169E-09	4.3078E-09	2.1596E-07	5.2546E-07
-6.1767E-10	-3.1727E-08	2.2305E-07	1.8826E-06
-2.9068E-08	-8.5637E-09	1.3961E-06	1.2860E-06
-3.0556E-08	3.0681E-09	4.0803E-07	9.2500E-07
7.9059E-10	-9.2283E-09	7.5821E-07	1.6754E-06
-8.1712E-09	3.0310E-08	1.1314E-06	1.1584E-06
8.8774E-09	7.9998E-09	5.7676E-07	9.0126E-07
1.0004E-08	4.2191E-08	6.3939E-07	1.6683E-06
-3.3012E-08	1.0720E-08	1.3759E-06	6.9423E-07
3.8314E-08	-1.1229E-08	-5.2444E-07	5.4461E-07
2.0811E-08	2.4455E-09	5.6126E-08	2.6182E-06
6.2674E-10	4.8089E-09	1.6256E-06	1.6563E-06
-3.8018E-09	-2.4350E-09	6.3777E-07	6.7876E-07
-7.1752E-09	4.2324E-08	7.5260E-08	1.4170E-06
6.1944E-09	1.2719E-08	2.2423E-07	1.6197E-06
-1.6657E-08	-9.2104E-09	-4.1695E-08	2.1519E-06
2.0238E-09	-9.0394E-11	7.1854E-07	3.0500E-06
-2.1516E-08	-5.2729E-09	2.1753E-06	2.6398E-06
8.5376E-09	-2.2744E-08	2.2866E-06	1.1816E-06
-5.9783E-09	1.6756E-09	1.3678E-06	7.0057E-07
1.1532E-08	1.1824E-08	8.2603E-07	1.3931E-06
-1.4807E-08	5.2566E-09	2.0639E-06	1.4308E-06
-1.2003E-08	9.1912E-09	1.2653E-06	-1.5114E-07
-1.2216E-08	3.8922E-08	4.9879E-07	6.2550E-07
1.5803E-08	4.5506E-08	-3.2206E-07	4.1318E-07
-6.6106E-09	-1.9884E-08	1.9547E-08	3.0174E-06
-2.3151E-08	5.4174E-09	2.4989E-06	1.1356E-06
-7.1314E-09	-2.2442E-08	4.6430E-07	4.8290E-07
-4.8576E-09	2.0610E-09	9.8751E-07	6.6958E-07
-6.6177E-09	3.7046E-08	-5.0267E-07	7.7357E-07
6.3148E-09	5.4069E-10	6.5663E-07	1.9830E-06
3.2350E-08	1.7150E-08	3.7078E-07	8.0140E-07
1.3888E-08	2.5663E-08	-7.6025E-08	2.3533E-06
3.7551E-08	-2.4842E-08	2.2606E-06	2.0016E-06
-3.3488E-08	5.1511E-08	9.7790E-07	-5.3955E-07
1.2102E-08	-3.4485E-09	-3.9262E-07	1.4611E-06
7.7017E-09	-1.9985E-08	8.6140E-07	5.6143E-07
-2.8386E-08	1.6067E-08	-1.1831E-06	1.5958E-06
-1.5171E-08	1.1428E-08	1.5502E-06	2.2128E-06
-4.7212E-08	-2.5019E-08	-1.6764E-07	1.2368E-07
-3.1329E-08	-2.9611E-08	-3.2899E-07	2.4770E-06
4.4137E-10	1.8846E-08	8.9371E-07	1.6737E-06
-5.5929E-09	2.4628E-08	4.9249E-07	1.3320E-06
7.5081E-09	-1.8699E-08	-1.7559E-07	1.2895E-06
-3.2159E-09	2.6896E-09	-3.8168E-09	2.5072E-06
-1.3699E-08	4.3628E-08	9.5334E-07	2.1012E-06
2.5555E-08	2.0715E-09	9.8560E-07	2.0406E-06
-7.7019E-09	2.5000E-08	1.6588E-06	9.9628E-07
-3.6628E-08	-4.6299E-08	-3.1340E-07	3.2094E-07
-5.1285E-09	1.4446E-08	-3.3196E-07	2.3511E-06
-1.3264E-08	1.3639E-08	6.2558E-07	1.8681E-06
-3.3631E-08	2.2043E-08	5.5812E-07	2.2274E-06
-1.1598E-08	2.9438E-08	1.2340E-06	1.4727E-06
-2.5030E-09	1.0593E-08	5.3429E-07	1.3864E-06
-2.2981E-08	7.3441E-09	7.1181E-07	1.1565E-06
2.2538E-09	-2.3814E-08	1.3436E-07	1.2371E-06
5.9428E-09	-1.4599E-08	-1.8581E-07	1.1683E-06
4.4289E-10	-8.9504E-09	-3.5785E-07	2.6280E-06
4.7874E-09	1.9754E-08	1.1026E-06	1.6058E-06
-6.3459E-08	5.7365E-09	-6.0695E-07	2.1638E-06
1.6309E-08	3.6431E-09	1.8714E-06	2.4081E-06
1.9895E-08	-2.7195E-09	-5.5395E-08	4.3798E-07
-5.8559E-09	-1.4787E-08	6.4720E-08	2.6756E-06
-2.1506E-08	1.0528E-09	9.0233E-07	1.4731E-06
-6.9038E-09	-3.6350E-08	1.8392E-07	1.3650E-06
1.3194E-08	-1.6571E-09	-7.5740E-07	1.6675E-06
-2.0452E-08	-1.1335E-08	4.6868E-08	3.5095E-06
-2.3639E-08	4.5664E-09	1.6835E-06	2.1597E-06
-1.9910E-08	-1.9790E-08	4.3353E-07	1.2121E-06
-4.8922E-08	-1.3966E-08	-2.4556E-07	2.1318E-06
9.0309E-09	-2.2454E-08	4.6809E-07	2.9143E-06
-1.5391E-08	3.2314E-08	1.4550E-06	2.5240E-06
-2.2391E-08	3.6147E-09	1.4673E-06	1.1283E-06
4.0815E-08	3.7759E-09	-3.9569E-07	1.1232E-06
3.7295E-10	-9.4724E-09	-4.6282E-09	2.9066E-06
3.0437E-08	2.1487E-08	9.3394E-07	2.4259E-06
-4.9286E-09	-3.1839E-08	1.0353E-06	2.5232E-06
1.1326E-08	-3.9415E-08	1.6521E-06	1.6153E-06
6.4608E-09	1.2732E-09	3.9917E-07	1.1718E-06
2.4668E-08	9.0132E-09	3.9767E-07	1.9801E-06
-2.4943E-08	-1.3422E-08	2.1931E-07	1.9712E-06
2.3673E-08	3.8201E-08	8.7487E-07	2.8766E-06
-3.2430E-08	3.9345E-08	1.5635E-06	1.6775E-06
-1.6144E-08	7.1720E-09	9.3269E-07	1.7726E-06
-2.3071E-08	1.7955E-08	1.3531E-06	1.1518E-06
-2.4378E-08	4.8072E-09	3.3421E-07	9.3235E-07
-3.7372E-08	2.6460E-08	-1.7669E-07	1.1553E-06
-3.0801E-08	2.4359E-08	-4.8464E-07	2.6565E-06
-1.0876E-09	1.0847E-08	1.4427E-06	2.3537E-06
1.4187E-08	-9.3997E-09	4.9419E-07	1.3020E-06
6.3713E-09	5.4971E-09	6.1756E-07	1.8483E-06
-8.3867E-09	-2.5513E-08	4.2775E-07	1.2502E-06
4.1334E-08	2.0822E-09	-3.8071E-07	1.5594E-06
-8.5420E-09	-3.3450E-09	-6.9881E-08	2.7138E-06
-2.2264E-08	2.1118E-09	7.1819E-07	2.0361E-06
9.5866E-09	-7.1814E-08	3.0579E-07	2.6095E-06
-1.4976E-08	1.2061E-08	1.6124E-06	1.6008E-06
-8.0951E-09	1.9715E-08	-2.3388E-07	1.3090E-06
7.3013E-09	-2.6548E-08	6.3989E-07	1.9081E-06
-1.3574E-08	1.0745E-10	-4.9731E-07	1.6138E-06
-9.8383E-09	3.5295E-08	5.0129E-07	2.5736E-06
-7.3887E-08	3.4348E-08	1.0909E-07	1.7629E-06
3.2286E-08	-2.0878E-08	4.9832E-07	2.1064E-06
2.6349E-08	-6.1445E-09	-6.3084E-07	1.7683E-06
1.7775E-08	-3.8437E-09	4.1532E-07	3.4230E-06
6.1112E-09	-5.4700E-09	1.0513E-06	1.7706E-06
-3.4328E-08	8.1717E-09	1.4779E-07	1.8380E-06
1.6668E-08	9.5374E-09	-1.2384E-07	2.2491E-06
3.5313E-09	-2.0506E-09	6.0933E-07	2.5014E-06
-3.1555E-09	3.3324E-08	9.6048E-08	1.9968E-06
3.1029E-10	-4.7927E-08	6.9103E-07	2.4134E-06
-6.3762E-09	-2.2048E-08	-3.0356E-07	1.5577E-06
2.9964E-08	-8.2245E-09	1.6800E-07	3.2811E-06
1.9700E-08	-1.8367E-09	6.7753E-07	1.6132E-06
-3.0832E-08	-1.3285E-08	-5.3144E-07	2.7267E-06
-2.3194E-08	1.0999E-08	7.9995E-07	2.5662E-06
-1.4164E-08	4.2489E-09	-3.3872E-07	2.0612E-06
4.9387E-09	-2.6894E-08	-7.8313E-08	3.7570E-06
-3.8625E-08	1.7270E-08	1.9343E-06	2.7325E-06
1.3417E-09	1.6990E-08	-4.9140E-08	1.2859E-06
8.5314E-09	2.1076E-08	2.8674E-08	3.5220E-06
3.9090E-08	2.8813E-08	1.1993E-06	2.3451E-06
-3.1689E-08	2.5833E-08	3.4481E-07	2.5454E-06
-2.6719E-08	-8.0239E-09	1.0009E-06	2.5451E-06
-1.6211E-08	1.4245E-08	8.8311E-07	2.1246E-06
-3.5701E-08	-1.1900E-08	6.0323E-07	1.7938E-06
-1.9247E-08	-1.9173E-08	8.8359E-08	1.9721E-06
-1.1202E-08	2.4482E-08	-1.3564E-07	2.3928E-06
-1.4295E-08	-1.5513E-08	3.1082E-07	3.0201E-06
1.5279E-08	-2.4791E-08	1.0389E-06	2.5426E-06
1.3404E-09	-3.2159E-08	6.7696E-07	1.6749E-06
-2.4730E-08	-2.5139E-09	-5.7293E-07	2.1361E-06
-2.7190E-09	-4.4545E-08	3.3009E-07	3.5643E-06
-3.9862E-08	-5.6821E-08	1.5115E-06	2.4418E-06
-1.0462E-08	-4.6912E-09	7.0456E-07	1.5501E-06
8.9355E-09	-2.4450E-08	8.2280E-08	1.9355E-06
1.6292E-08	-1.3247E-09	1.4103E-07	1.9723E-06
-4.0889E-08	2.1207E-08	-2.7025E-07	2.5158E-06
1.8733E-08	-1.9811E-08	9.4899E-07	2.2495E-06
1.9237E-08	1.5132E-08	-7.2294E-07	1.2065E-06
1.7993E-08	-2.3405E-08	-7.6276E-07	3.2806E-06
2.7612E-08	3.3205E-08	2.8232E-07	2.8684E-06
8.4285E-09	4.4556E-09	5.6450E-07	2.6570E-06
-1.0211E-08	1.2541E-09	3.3723E-08	1.7990E-06
-2.7172E-08	1.0644E-08	-2.6865E-07	2.6117E-06
-7.0561E-08	-7.6477E-09	-1.4112E-07	2.1947E-06
-2.0833E-08	-5.5618E-08	-1.9072E-07	2.5373E-06
5.6749E-09	-1.4296E-08	-7.2023E-07	1.6944E-06
1.1527E-08	-3.8393E-08	-1.7381E-06	3.2837E-06
-1.7920E-08	1.3260E-08	-5.0506E-07	3.9754E-06
1.9338E-08	1.1816E-08	4.1155E-07	3.9191E-06
-1.0799E-08	-5.5827E-09	6.6889E-07	2.2862E-06
1.2285E-08	3.1671E-08	-1.2750E-06	2.6949E-06
-3.4641E-08	-1.0548E-08	-3.8410E-07	4.4580E-06
-4.0766E-09	-3.2307E-08	1.3423E-06	3.6846E-06
1.3387E-08	-1.6958E-08	8.9473E-07	1.7788E-06
-4.6376E-08	2.7599E-08	-9.9523E-07	1.7764E-06
2.5420E-08	4.2638E-08	-1.4511E-06	3.4527E-06
-4.5857E-08	3.4464E-08	-9.8887E-08	3.7022E-06
-2.0729E-08	-2.6752E-08	-6.1113E-07	3.1780E-06
1.2067E-08	-3.5364E-08	1.3508E-07	3.4636E-06
-3.9890E-08	3.9088E-08	-1.4842E-06	2.2484E-06
1.2773E-09	-1.1478E-08	-1.5388E-06	5.5391E-06
-2.1746E-08	1.6064E-09	1.1294E-06	3.9824E-06
-2.8483E-08	3.2903E-08	-8.2078E-07	3.3598E-06
-1.9719E-08	6.1469E-08	-3.3791E-07	4.7136E-06
4.7060E-08	1.8497E-08	7.6498E-07	4.4674E-06
2.3040E-08	-5.0620E-09	7.9599E-07	3.2704E-06
-1.5630E-08	-2.2589E-08	1.6246E-07	3.1999E-06
2.7716E-08	2.9040E-08	-3.3998E-07	2.8781E-06
-2.5640E-08	2.3581E-08	-7.5172E-07	3.6133E-06
8.4010E-11	1.2255E-08	-1.0305E-06	3.3715E-06
2.8815E-09	-1.2102E-08	-1.3263E-06	4.8811E-06
7.3998E-09	-2.5453E-08	-3.8806E-07	4.6376E-06
-2.4762E-08	-2.1953E-08	-3.6362E-07	5.5258E-06
-2.6851E-08	8.9266E-09	9.3707E-07	4.4646E-06
-1.1736E-08	3.3490E-08	-7.0252E-08	4.6980E-06
-1.5320E-08	7.0491E-09	1.1534E-06	4.0727E-06
-3.1943E-08	3.5537E-08	-6.6091E-07	3.9218E-06
6.4800E-09	-3.4614E-09	8.2770E-07	5.0859E-06
-4.3454E-08	3.9925E-08	7.0319E-07	3.0327E-06
1.4809E-08	6.9493E-08	-1.2409E-06	3.7560E-06
-5.8916E-08	1.6605E-08	9.5419E-09	5.4978E-06
-1.4966E-08	-2.5258E-08	8.1140E-07	3.3357E-06
-2.6043E-09	-1.1703E-08	-1.1251E-06	4.0999E-06
-3.0324E-08	-3.6656E-08	2.2254E-08	3.8369E-06
1.8665E-08	1.2060E-08	-2.0691E-06	4.1382E-06
9.1657E-09	2.7758E-08	-6.4918E-07	5.1775E-06
-9.2961E-09	-3.9108E-08	-2.1313E-06	4.7722E-06
-5.0368E-09	2.4336E-08	-8.3439E-07	6.9198E-06
-3.1525E-08	-1.3374E-08	-3.4967E-08	5.5314E-06
-4.1014E-09	-5.0065E-08	-3.0214E-07	5.3541E-06
1.1036E-08	2.0203E-09	-1.3771E-06	5.1962E-06
2.5141E-08	3.5496E-09	-1.1317E-06	6.6065E-06
2.0669E-08	2.3545E-08	-7.4213E-07	6.3575E-06
-1.2119E-08	-1.7027E-08	-6.7176E-07	6.4210E-06
-7.6734E-09	-5.2750E-09	-1.5829E-06	6.7841E-06
3.3963E-08	-1.2804E-08	-3.3668E-07	8.0774E-06
1.5755E-08	-3.7137E-09	-5.1344E-07	6.8809E-06
1.2195E-09	1.0109E-08	-6.3244E-07	8.4164E-06
4.7142E-09	5.3583E-08	2.7952E-07	7.6321E-06
-2.6326E-08	-1.7456E-08	-7.8432E-07	7.8848E-06
-7.4181E-09	-2.0155E-09	-9.8650E-07	9.0741E-06
5.3699E-08	6.4071E-09	9.7702E-08	1.0544E-05
-9.5752E-08	-1.5952E-08	1.5794E-06	1.0150E-05
-6.2889E-09	-1.6291E-09	1.8485E-06	9.4831E-06
-2.4330E-08	6.4429E-09	8.9234E-07	9.2140E-06
4.5680E-08	-1.0486E-08	4.5547E-07	1.1284E-05
4.2617E-09	-6.6368E-09	2.3426E-06	1.2737E-05
2.6120E-08	4.3062E-08	4.0354E-06	1.2614E-05
2.6266E-08	-1.3327E-08	5.2778E-06	1.3065E-05
-4.7359E-08	2.1638E-08	8.1351E-06	1.1913E-05
3.1679E-08	-1.5996E-08	7.6378E-06	9.9748E-06
3.4235E-09	2.2120E-09	9.0608E-06	9.8074E-06
-2.5296E-08	7.7862E-09	7.7487E-06	7.4790E-06
-3.8145E-08	1.6373E-08	8.5266E-06	9.9155E-06
-1.1180E-08	1.5221E-08	1.0447E-05	6.4826E-06
-2.5738E-08	2.8911E-09	8.5657E-06	6.7666E-06
-2.7899E-09	-1.2745E-08	1.0512E-05	5.3476E-06
-3.4568E-08	-1.5224E-08	8.4390E-06	3.8510E-06
-1.8434E-08	-3.6887E-09	8.5368E-06	4.1647E-06
-1.5296E-09	-3.1020E-08	8.0324E-06	2.9742E-06
-1.4015E-08	3.8807E-08	6.6038E-06	2.7114E-06
-1.7896E-08	1.3442E-08	6.1801E-06	3.7623E-06
-2.4217E-08	3.3165E-08	6.2260E-06	3.3113E-06
9.8509E-09	6.6686E-08	5.7877E-06	4.2616E-06
-4.4251E-10	1.2288E-08	6.4165E-06	3.4168E-06
6.6883E-09	1.9760E-08	4.9836E-06	4.3410E-06
-2.4213E-08	-6.1791E-08	6.6789E-06	4.9647E-06
-2.5313E-09	4.0427E-09	6.9416E-06	4.4015E-06
1.5362E-08	-1.4799E-08	7.7656E-06	2.9216E-06
1.8488E-09	9.4485E-09	5.0338E-06	2.4607E-06
-7.4235E-10	-1.8982E-08	6.0791E-06	4.7706E-06
1.7938E-08	9.7453E-09	6.8968E-06	3.1333E-06
9.7859E-09	2.5299E-08	5.9266E-06	3.2341E-06
-2.3524E-08	-1.1930E-08	6.0098E-06	3.7507E-06
-7.1234E-09	-1.8875E-08	6.9306E-06	3.7431E-06
-3.9320E-08	2.5986E-08	6.3630E-06	2.6894E-06
1.0960E-09	-4.6503E-08	6.4306E-06	4.3003E-06
1.8422E-09	-4.3139E-08	8.6997E-06	2.6284E-06
-4.3278E-09	2.4874E-08	6.5752E-06	1.0593E-06
-7.5584E-09	1.5038E-08	6.9694E-06	1.9974E-06
1.3687E-08	-3.5667E-09	6.4326E-06	-1.1254E-07
-1.4358E-08	-2.1034E-08	4.0696E-06	4.7037E-07
8.9457E-11	-4.4766E-09	3.3407E-06	2.2494E-06
3.2265E-08	-2.6286E-08	4.8415E-06	3.6624E-06
3.1113E-09	-1.5687E-08	5.0201E-06	2.5079E-06
-3.7834E-08	-1.2796E-08	5.1313E-06	4.0591E-06
-1.6826E-08	-7.9584E-09	6.6334E-06	2.7394E-06
4.9245E-08	-6.0538E-10	5.8982E-06	2.8350E-06
-2.2249E-08	1.6672E-08	6.7731E-06	1.7585E-06
4.5965E-08	-1.7543E-08	5.0033E-06	1.7552E-06
3.4364E-09	-3.3662E-08	5.7147E-06	2.5682E-06
-4.9536E-08	-2.2944E-08	5.6911E-06	2.6097E-06
2.2604E-08	-1.2515E-08	6.7155E-06	2.5923E-06
1.1020E-08	-6.3824E-09	7.0008E-06	1.9039E-06
3.9236E-09	6.1393E-08	7.3985E-06	7.0872E-07
-3.2110E-08	-4.9000E-08	6.3045E-06	-6.5702E-08
-9.8913E-09	-1.2230E-08	6.0227E-06	-4.5714E-07
1.3058E-08	-3.4059E-08	4.8238E-06	-8.3788E-07
1.4926E-08	6.0102E-09	3.7831E-06	-5.7441E-07
5.9815E-08	-1.2614E-08	3.2179E-06	1.1048E-06
-8.3218E-09	1.1360E-08	4.9893E-06	9.1873E-07
3.0283E-09	4.5555E-08	3.9568E-06	-2.4293E-07
-2.3957E-08	9.5394E-09	3.4110E-06	1.3941E-07
-1.1056E-08	-1.0074E-08	2.9119E-06	3.3438E-07
-1.0823E-08	-4.1857E-08	2.4300E-06	2.7723E-07
-2.9826E-08	-1.4828E-08	1.5444E-06	1.5858E-06
9.6758E-10	2.2965E-08	2.5852E-06	1.7386E-06
-4.3277E-09	1.6044E-08	1.5782E-06	1.9889E-06
3.0050E-08	-2.1712E-08	2.1325E-06	2.3013E-06
4.0951E-08	-2.1873E-08	7.0747E-07	3.1567E-06
-3.4363E-08	1.0282E-08	2.4603E-06	4.5363E-06
1.2019E-08	-2.8295E-08	1.9501E-06	4.1015E-06
4.4997E-10	-3.8888E-09	3.2630E-06	5.4595E-06
-2.0510E-08	-6.1815E-08	3.3636E-06	4.3145E-06
-2.8213E-08	-2.0738E-08	3.3367E-06	5.1907E-06
4.7753E-08	-4.5824E-08	3.1447E-06	5.4379E-06
-2.9008E-08	3.6220E-08	4.3982E-06	7.0496E-06
-9.6605E-09	-4.1840E-08	5.4699E-06	6.1792E-06
7.9662E-08	-1.0301E-08	5.9278E-06	6.8728E-06
-9.8301E-09	-2.4345E-09	6.9742E-06	6.5609E-06
-2.5548E-08	-3.0310E-08	8.2301E-06	7.2374E-06
-4.5325E-08	2.0481E-08	1.0439E-05	5.6663E-06
8.1983E-09	2.4053E-08	1.0576E-05	4.2927E-06
-1.0673E-08	2.8449E-08	1.1600E-05	2.8478E-06
-1.9448E-08	6.2461E-09	1.0901E-05	7.7302E-07
1.4740E-08	1.6300E-08	1.0456E-05	1.3066E-07
-1.1472E-08	-1.3065E-08	9.7672E-06	-1.5871E-06
-3.7182E-08	-3.6004E-09	8.2782E-06	-1.8767E-06
-2.1868E-08	1.8638E-08	7.2745E-06	-2.6791E-06
-7.1550E-09	5.7588E-09	5.2633E-06	-1.7411E-06
-5.9407E-09	-2.1698E-08	5.3545E-06	-9.5993E-07
-4.8987E-09	1.8274E-08	4.8018E-06	3.8311E-07
1.7925E-08	7.0150E-08	7.1370E-06	1.4127E-07
1.8514E-08	1.1576E-08	5.3040E-06	-1.5498E-06
-3.8725E-08	1.2591E-08	5.3724E-06	8.7690E-08
3.5822E-09	-3.1749E-08	5.2330E-06	-9.8512E-07
2.0107E-09	1.9645E-08	4.5099E-06	2.7211E-07
2.4559E-08	-1.6171E-08	5.6401E-06	5.3663E-07
-3.3779E-08	7.9898E-09	6.0777E-06	-6.0477E-07
3.8099E-08	-1.0399E-08	4.2934E-06	-1.0498E-06
7.8730E-09	-5.1659E-09	4.5345E-06	9.5054E-07
2.5210E-08	3.4447E-08	5.8530E-06	3.5352E-08
1.0056E-08	-3.1458E-08	4.7510E-06	-4.6222E-07
2.9625E-08	-1.1472E-08	4.7974E-06	7.6637E-07
2.6491E-09	2.5819E-08	6.0482E-06	1.8642E-07
-1.8706E-09	-1.4967E-08	5.2345E-06	-2.2874E-07
2.9580E-08	4.5047E-08	6.1783E-06	-9.5262E-08
3.9907E-09	-2.8825E-08	5.2787E-06	-1.3098E-06
-1.6070E-08	2.3544E-08	5.3186E-06	-3.1789E-07
-5.3226E-09	1.5169E-09	5.3994E-06	-1.4888E-06
7.7024E-09	1.1280E-08	4.5121E-06	-7.6570E-07
1.5519E-08	-3.4400E-09	5.5008E-06	-8.2225E-07
1.1950E-08	-8.1117E-10	4.9265E-06	-1.9235E-06
-9.1047E-09	-5.4601E-09	4.0880E-06	-9.6531E-07
-2.6412E-08	-3.5401E-08	5.7419E-06	-1.2632E-06
3.8779E-09	2.1111E-09	4.2266E-06	-3.0625E-06
-5.0741E-08	-2.9654E-08	3.7721E-06	-1.5853E-06
1.4424E-08	1.1259E-08	4.2922E-06	-3.2449E-06
1.0542E-09	7.5626E-09	1.3700E-06	-3.3570E-06
-7.8665E-09	-1.4019E-08	1.1334E-06	-6.5292E-07
-1.8313E-08	4.7699E-08	2.7618E-06	-1.0952E-06
-2.1714E-08	7.4529E-09	9.5678E-07	-1.6557E-06
5.0207E-09	-2.7286E-08	9.3065E-07	4.9553E-07
1.6505E-08	-6.4915E-09	2.1110E-06	5.6002E-07
-5.0462E-08	-2.2711E-08	2.2737E-06	-3.2300E-08
9.1012E-09	2.2243E-08	1.1877E-06	1.4482E-07
1.0469E-08	1.5330E-08	1.8627E-06	1.3619E-06
-6.0335E-09	-1.2981E-08	2.0108E-06	6.4712E-07
-2.4182E-08	1.5271E-08	1.6231E-06	1.4669E-06
-1.1093E-09	-1.1367E-08	2.2497E-06	1.6265E-06
-7.9004E-09	-1.2689E-09	2.0405E-06	1.4161E-06
-3.8322E-09	-8.4715E-09	1.4784E-06	2.5564E-06
-3.0838E-08	1.4367E-08	3.4089E-06	3.5050E-06
2.0743E-08	-4.1795E-08	3.9062E-06	1.9788E-06
-1.5431E-08	9.0299E-09	3.4859E-06	2.1066E-06
-8.0643E-09	1.3892E-09	3.5374E-06	2.1494E-06
2.6443E-08	-5.2114E-09	3.9268E-06	2.4418E-06
-1.5228E-08	-9.2119E-09	4.2169E-06	2.2558E-06
1.4181E-09	-3.6807E-09	4.8894E-06	1.8702E-06
3.1156E-08	-5.3956E-09	3.9837E-06	8.2602E-07
-1.4753E-08	-2.3739E-08	3.0901E-06	1.8538E-06
1.1043E-08	-5.0767E-09	3.3275E-06	3.0532E-06
1.0645E-08	1.2740E-08	4.6631E-06	3.5079E-06
-4.4045E-08	8.6704E-09	4.6863E-06	3.9956E-06
-1.7570E-08	2.0900E-08	8.1927E-06	5.0224E-06
-1.0658E-08	-4.9565E-09	9.9213E-06	6.6759E-07
-2.1345E-08	1.8903E-08	7.8969E-06	-1.2792E-06
2.3578E-08	1.4345E-08	6.3316E-06	-1.6258E-06
2.4078E-08	2.3119E-08	5.9097E-06	-1.5906E-06
-1.7034E-08	-1.3811E-08	3.9854E-06	-1.4719E-06
-2.9647E-08	4.4636E-09	5.5856E-06	5.2523E-07
-3.0607E-09	6.7331E-08	5.1008E-06	-2.4682E-06
-1.3332E-08	-8.0910E-08	3.4849E-06	1.2200E-07
-1.2652E-08	1.1411E-08	4.8591E-06	-8.1000E-07
-2.2805E-08	-5.3586E-08	3.8469E-06	1.0201E-06
1.3636E-08	-1.2521E-08	7.1024E-06	-1.0166E-07
-2.2183E-09	1.2717E-08	5.2012E-06	-2.0847E-06
-1.5106E-08	-2.9392E-09	4.6489E-06	-1.6593E-06
-1.9703E-08	1.3626E-08	4.2522E-06	-1.1113E-06
5.7361E-09	2.4967E-08	4.8404E-06	-2.0022E-06
2.7229E-09	-1.6855E-08	2.9256E-06	-1.4119E-06
-3.7703E-08	4.2868E-09	4.6142E-06	-6.5141E-07
-8.1215E-09	-3.1770E-08	3.8594E-06	-1.6809E-06
7.1112E-09	-4.7912E-08	4.4283E-06	-1.4167E-06
3.4425E-09	9.2494E-09	3.2396E-06	-2.3510E-06
-1.2019E-08	-3.7398E-08	3.5251E-06	-1.3861E-06
-1.8762E-08	2.9695E-08	2.6621E-06	-2.6867E-06
4.0456E-09	3.3883E-08	1.7703E-06	-9.8405E-07
-7.5192E-09	5.9548E-09	2.2675E-06	-9.8644E-07
-5.5083E-09	-6.7973E-10	2.3680E-06	-1.6052E-07
1.8556E-08	6.5413E-09	2.7685E-06	-1.1922E-06
-1.7349E-09	-9.9536E-09	1.4150E-06	-2.4059E-07
1.8140E-10	8.5758E-09	2.6284E-06	3.3258E-07
2.8532E-08	-2.2419E-08	2.4360E-06	2.1842E-07
-8.9095E-09	-3.1013E-08	3.2984E-06	2.6026E-07
2.1116E-08	-2.6688E-09	2.9507E-06	-6.7401E-07
-1.1321E-08	-6.8194E-09	2.0791E-06	-6.4908E-07
-3.8541E-08	8.0166E-09	1.5676E-06	5.2171E-07
5.2230E-08	-2.1169E-08	2.5789E-06	7.2161E-07
5.9538E-09	-8.3209E-10	1.9603E-06	7.4237E-07
-5.3234E-08	-3.6231E-08	2.5407E-06	1.5047E-06
-1.5909E-08	-1.6862E-11	2.9341E-06	2.0172E-06
4.8133E-08	-3.5307E-08	4.9393E-06	1.3334E-06
-5.0237E-08	-1.8621E-08	3.6594E-06	-4.8384E-07
-1.2669E-08	6.7923E-09	3.3323E-06	-6.7954E-08
4.6937E-08	-1.2203E-08	1.5580E-06	-2.5363E-07
-5.9530E-08	1.4716E-08	2.3288E-06	2.2317E-06
5.0674E-08	-1.4528E-08	2.5625E-06	9.9760E-07
3.0147E-08	8.0344E-09	2.3780E-06	3.4600E-06
8.0998E-09	6.8050E-09	4.7651E-06	2.5740E-06
-3.6205E-08	-1.0188E-08	4.1008E-06	2.5626E-06
-8.9936E-09	-9.5761E-09	5.7819E-06	2.4841E-06
-1.0437E-08	9.3742E-09	5.3583E-06	9.6064E-07
1.8409E-08	5.5626E-09	4.5734E-06	1.8346E-06
2.9244E-08	-3.1384E-08	6.1706E-06	2.0815E-06
8.9120E-09	3.9570E-09	5.6562E-06	7.2240E-07
5.3344E-09	3.6892E-09	5.7523E-06	1.7543E-06
4.0283E-08	-1.9876E-08	5.7830E-06	9.2397E-07
-2.3217E-09	8.5585E-09	5.9198E-06	2.6777E-06
-2.1394E-09	-2.3866E-08	7.4422E-06	1.9530E-06
4.3099E-10	-5.0648E-08	8.1639E-06	3.4286E-06
1.9541E-08	-4.1394E-08	1.2183E-05	1.3355E-06
-7.8019E-09	4.0043E-08	1.1389E-05	-1.6875E-06
-6.0141E-08	-5.4305E-08	1.1438E-05	-3.2274E-06
-2.0412E-09	1.9015E-08	1.0021E-05	-4.4179E-06
-1.5582E-08	-3.7224E-08	1.0614E-05	-5.0874E-06
2.1334E-08	-1.8077E-08	9.5962E-06	-7.3873E-06
-6.5461E-09	1.7686E-08	8.0430E-06	-8.4173E-06
-1.7265E-08	2.2510E-08	5.9371E-06	-8.6830E-06
-1.4388E-08	2.3983E-08	5.3754E-06	-8.0343E-06
-3.3626E-08	-2.6702E-08	4.7061E-06	-8.7230E-06
-1.3362E-08	-2.0287E-08	3.2782E-06	-8.8397E-06
6.3804E-09	-6.6649E-09	2.3301E-06	-8.0835E-06
1.5366E-08	4.9697E-09	2.0926E-06	-8.3106E-06
-1.1480E-08	2.5233E-08	5.7540E-07	-7.7454E-06
-1.6794E-08	1.4359E-08	9.9029E-07	-7.4257E-06
8.9429E-08	3.3164E-08	-9.9208E-07	-7.4108E-06
-1.2357E-08	2.2516E-08	-2.8255E-08	-5.3813E-06
1.7620E-08	1.1151E-08	-2.9789E-07	-7.2167E-06
2.1674E-08	-3.4546E-09	-1.5258E-06	-5.3503E-06
-3.6596E-08	4.7096E-08	-2.8064E-07	-6.1072E-06
1.2633E-09	1.3342E-08	-2.1562E-06	-5.9835E-06
-1.9205E-08	9.0180E-09	-1.3407E-06	-5.1752E-06
-3.4506E-08	-6.8405E-09	-1.9985E-06	-6.2658E-06
-1.2040E-09	-3.3670E-08	-3.2387E-06	-5.9281E-06
-4.1121E-10	1.8986E-09	-4.1001E-06	-5.1078E-06
2.2060E-08	-2.8869E-08	-3.9844E-06	-4.5071E-06
-2.0306E-08	-1.8187E-08	-4.7674E-06	-4.6877E-06
-5.0495E-09	-6.6453E-09	-5.5335E-06	-3.7998E-06
1.4638E-08	7.4875E-09	-5.9299E-06	-3.4865E-06
-6.1930E-09	-7.9492E-09	-7.1466E-06	-2.8312E-06
5.9896E-09	-6.0724E-10	-7.5982E-06	-1.0614E-06
-4.5478E-09	2.3553E-08	-6.9653E-06	-8.5974E-07
1.4407E-08	-4.4065E-08	-8.9294E-06	-8.7056E-07
9.8704E-09	-2.0005E-09	-1.0125E-05	1.2879E-06
1.2834E-08	-1.4259E-08	-1.1953E-05	2.8402E-06
-4.3359E-08	2.2679E-08	-1.3353E-05	8.2309E-06
-2.7501E-09	-1.5981E-08	-1.0399E-05	1.2683E-05
1.0800E-08	2.9523E-08	-8.4607E-06	1.5312E-05
-1.7260E-10	-2.2435E-08	-6.0401E-06	2.0191E-05
2.4193E-08	-8.1967E-10	5.2851E-07	2.5851E-05
1.5420E-08	-2.4062E-08	1.2267E-05	2.8613E-05
5.1236E-08	-7.7151E-08	2.7758E-05	2.2764E-05
-3.3258E-08	4.5903E-09	3.5805E-05	5.2708E-06
1.1359E-09	-5.8962E-09	3.0362E-05	-9.8285E-06
1.7832E-08	2.5033E-08	2.3405E-05	-1.7213E-05
-1.2133E-08	1.1513E-08	1.7958E-05	-2.4960E-05
1.7336E-10	8.1200E-09	5.7049E-06	-3.6008E-05
-2.3162E-09	7.5285E-09	-1.9896E-05	-3.6879E-05
-7.1236E-09	5.3996E-09	-4.2664E-05	-1.4230E-05
-1.0179E-09	5.6496E-08	-3.9687E-05	2.2954E-05
-1.2884E-13	-1.8958E-13	-5.3943E-06	4.1299E-05
-1.2666E-13	-1.8671E-13	2.1553E-05	2.4227E-05
-1.2452E-13	-1.8388E-13	2.4103E-05	3.6619E-06
-1.2241E-13	-1.8109E-13	1.6492E-05	-9.2469E-06
-1.2033E-13	-1.7834E-13	5.7755E-06	-1.1382E-05
-1.1829E-13	-1.7564E-13	1.1650E-06	-8.8730E-06
-1.1629E-13	-1.7298E-13	-1.1106E-06	-6.8689E-06
-1.1432E-13	-1.7036E-13	-2.0418E-06	-6.2653E-06
-1.1238E-13	-1.6777E-13	-4.5379E-06	-5.2418E-06
-1.1048E-13	-1.6523E-13	-5.7222E-06	-3.4561E-06
-1.0860E-13	-1.6272E-13	-6.9529E-06	-8.0598E-07
-1.0676E-13	-1.6025E-13	-5.4838E-06	7.1656E-07
-1.0495E-13	-1.5782E-13	-6.9131E-06	1.6488E-06
-1.0317E-13	-1.5543E-13	-5.0980E-06	4.6166E-06
-1.0142E-13	-1.5307E-13	-4.4823E-06	3.9697E-06
-9.9699E-14	-1.5075E-13	-3.7112E-06	6.1232E-06
-9.8007E-14	-1.4846E-13	-2.3453E-06	4.8384E-06
-9.6343E-14	-1.4621E-13	-3.8869E-06	6.3408E-06
-9.4708E-14	-1.4399E-13	-1.8472E-06	8.2594E-06
-9.3100E-14	-1.4181E-13	-3.8014E-07	8.7592E-06
-9.1520E-14	-1.3965E-13	2.1291E-06	8.7979E-06
-8.9966E-14	-1.3753E-13	3.0293E-06	7.2365E-06
-8.8438E-14	-1.3545E-13	3.4982E-06	7.3327E-06
-8.6936E-14	-1.3339E-13	5.0210E-06	6.6630E-06
-8.5459E-14	-1.3137E-13	5.7907E-06	5.3489E-06
-8.4007E-14	-1.2937E-13	5.9585E-06	4.0357E-06
-8.2579E-14	-1.2741E-13	6.0677E-06	3.1511E-06
-8.1176E-14	-1.2547E-13	5.9509E-06	1.3178E-06
-7.9796E-14	-1.2357E-13	3.9136E-06	2.2546E-07
-7.8440E-14	-1.2169E-13	2.0844E-06	1.3744E-06
-7.7106E-14	-1.1984E-13	2.9099E-06	3.2521E-06
-7.5795E-14	-1.1802E-13	3.8838E-06	1.9074E-06
-7.4506E-14	-1.1623E-13	2.5235E-06	2.5951E-06
-7.3239E-14	-1.1447E-13	4.2065E-06	2.7857E-06
-7.1993E-14	-1.1273E-13	3.0952E-06	1.8661E-06
-7.0768E-14	-1.1102E-13	3.5588E-06	3.3915E-06
-6.9564E-14	-1.0933E-13	5.0771E-06	2.8049E-06
-6.8380E-14	-1.0767E-13	5.3954E-06	1.0946E-06
-6.7216E-14	-1.0603E-13	3.9956E-06	4.7937E-07
-6.6072E-14	-1.0442E-13	3.6903E-06	4.3565E-07
-6.4947E-14	-1.0283E-13	2.3479E-06	1.3136E-06
-6.3841E-14	-1.0127E-13	4.6068E-06	2.1156E-06
-6.2754E-14	-9.9733E-14	3.6755E-06	-4.2634E-07
-6.1685E-14	-9.8217E-14	2.5612E-06	1.2068E-06
-6.0634E-14	-9.6725E-14	3.2876E-06	8.0910E-07
-5.9601E-14	-9.5254E-14	2.4620E-06	1.1311E-06
-5.8585E-14	-9.3806E-14	3.1524E-06	1.9216E-06
-5.7587E-14	-9.2380E-14	3.9367E-06	8.7636E-07
-5.6605E-14	-9.0976E-14	2.3989E-06	6.0909E-07
-5.5640E-14	-8.9593E-14	2.9951E-06	1.8877E-06
-5.4691E-14	-8.8230E-14	3.3053E-06	1.2774E-06
-5.3759E-14	-8.6889E-14	3.5287E-06	1.3743E-06
-5.2842E-14	-8.5568E-14	3.2694E-06	9.6451E-07
-5.1940E-14	-8.4266E-14	3.5699E-06	1.0585E-06
-5.1054E-14	-8.2985E-14	2.7538E-06	7.6234E-07
-5.0183E-14	-8.1722E-14	3.5907E-06	1.7690E-06
-4.9327E-14	-8.0479E-14	3.7342E-06	4.7620E-07
-4.8485E-14	-7.9255E-14	3.3594E-06	4.9656E-07
-4.7657E-14	-7.8050E-14	2.1355E-06	5.9369E-07
-4.6844E-14	-7.6862E-14	3.8122E-06	2.5373E-06
-4.6044E-14	-7.5693E-14	4.5867E-06	-4.9235E-07
-4.5257E-14	-7.4541E-14	2.5847E-06	1.2982E-07
-4.4484E-14	-7.3407E-14	2.9429E-06	-1.9204E-08
-4.3724E-14	-7.2290E-14	1.9767E-06	5.1337E-07
-4.2977E-14	-7.1190E-14	2.0846E-06	1.0838E-06
-4.2243E-14	-7.0106E-14	2.7171E-06	2.1414E-06
-4.1521E-14	-6.9039E-14	3.7172E-06	9.8834E-07
-4.0811E-14	-6.7988E-14	2.7688E-06	1.3670E-06
-4.0113E-14	-6.6953E-14	4.3866E-06	1.5244E-06
-3.9427E-14	-6.5934E-14	4.1275E-06	-6.5390E-07
-3.8753E-14	-6.4930E-14	1.8444E-06	-1.5158E-07
-3.8090E-14	-6.3942E-14	2.9040E-06	1.2083E-06
-3.7439E-14	-6.2968E-14	2.0406E-06	2.5181E-07
-3.6798E-14	-6.2009E-14	2.6595E-06	2.8411E-06
-3.6168E-14	-6.1065E-14	4.5557E-06	8.3548E-07
-3.5549E-14	-6.0135E-14	3.4340E-06	9.6062E-07
-3.4941E-14	-5.9219E-14	4.1792E-06	-2.0586E-08
-3.4343E-14	-5.8317E-14	2.6959E-06	3.1413E-07
-3.3755E-14	-5.7429E-14	3.6281E-06	4.8682E-07
-3.3177E-14	-5.6554E-14	3.0806E-06	3.0195E-07
-3.2608E-14	-5.5693E-14	3.4727E-06	1.3228E-07
-3.2050E-14	-5.4844E-14	2.9065E-06	2.2927E-07
-3.1501E-14	-5.4009E-14	3.4621E-06	-1.3645E-08
-3.0961E-14	-5.3186E-14	2.7081E-06	-2.2835E-07
-3.0430E-14	-5.2376E-14	2.7603E-06	-2.6071E-07
-2.9908E-14	-5.1578E-14	1.9583E-06	2.7535E-08
-2.9396E-14	-5.0792E-14	2.1490E-06	3.4154E-07
-2.8892E-14	-5.0017E-14	1.6680E-06	1.3341E-06
-2.8396E-14	-4.9255E-14	3.5998E-06	1.5208E-06
-2.7909E-14	-4.8504E-14	2.8769E-06	4.0263E-07
-2.7430E-14	-4.7765E-14	3.7000E-06	1.2358E-06
-2.6960E-14	-4.7037E-14	3.7226E-06	-6.6289E-07
-2.6497E-14	-4.6320E-14	2.4738E-06	-8.2317E-08
-2.6042E-14	-4.5614E-14	2.8039E-06	-1.6088E-07
-2.5595E-14	-4.4918E-14	2.2609E-06	1.0343E-07
-2.5156E-14	-4.4233E-14	2.6145E-06	-2.2024E-07
-2.4724E-14	-4.3559E-14	1.0155E-06	1.4958E-07
-2.4299E-14	-4.2895E-14	2.4699E-06	2.0594E-06
-2.3881E-14	-4.2241E-14	3.2854E-06	-1.0753E-08
-2.3471E-14	-4.1596E-14	1.5222E-06	7.2185E-07
-2.3068E-14	-4.0962E-14	2.9999E-06	1.5992E-06
-2.2671E-14	-4.0337E-14	3.0711E-06	4.2888E-07
-2.2282E-14	-3.9722E-14	2.5722E-06	8.0534E-07
-2.1898E-14	-3.9116E-14	3.0986E-06	8.7648E-07
-2.1522E-14	-3.8519E-14	3.0104E-06	4.6105E-07
-2.1152E-14	-3.7932E-14	2.9109E-06	7.8780E-07
-2.0788E-14	-3.7353E-14	3.9107E-06	4.6753E-07
-2.0430E-14	-3.6783E-14	2.9346E-06	-1.4774E-06
-2.0079E-14	-3.6222E-14	7.4545E-07	4.7852E-07
-1.9733E-14	-3.5669E-14	3.2918E-06	1.3983E-06
-1.9393E-14	-3.5125E-14	2.2154E-06	-3.1237E-07
-1.9060E-14	-3.4588E-14	2.4695E-06	1.7021E-06
-1.8731E-14	-3.4061E-14	3.9605E-06	4.6353E-08
-1.8409E-14	-3.3541E-14	2.3579E-06	-8.7434E-07
-1.8092E-14	-3.3029E-14	1.2837E-06	1.3399E-07
-1.7780E-14	-3.2524E-14	1.9950E-06	1.0142E-06
-1.7474E-14	-3.2028E-14	1.6433E-06	8.4475E-07
-1.7172E-14	-3.1539E-14	2.5198E-06	2.2011E-06
-1.6876E-14	-3.1057E-14	3.5486E-06	1.0596E-06
-1.6585E-14	-3.0583E-14	3.7450E-06	6.7044E-07
-1.6299E-14	-3.0116E-14	3.0835E-06	-1.0321E-06
-1.6018E-14	-2.9656E-14	1.3924E-06	-1.5737E-08
-1.5742E-14	-2.9203E-14	1.6648E-06	6.9505E-07
-1.5470E-14	-2.8757E-14	1.8560E-06	1.3882E-06
-1.5203E-14	-2.8318E-14	2.4096E-06	1.3762E-06
-1.4941E-14	-2.7886E-14	2.9066E-06	1.2620E-06
-1.4683E-14	-2.7460E-14	2.1911E-06	6.8108E-07
-1.4430E-14	-2.7040E-14	2.6483E-06	2.0942E-06
-1.4180E-14	-2.6627E-14	3.3156E-06	9.6259E-07
-1.3936E-14	-2.6220E-14	3.4015E-06	1.3241E-06
-1.3695E-14	-2.5820E-14	2.9310E-06	-3.2638E-07
-1.3458E-14	-2.5425E-14	1.8729E-06	1.8454E-06
-1.3226E-14	-2.5037E-14	3.7764E-06	9.7082E-07
-1.2997E-14	-2.4654E-14	2.4986E-06	1.0461E-06
-1.2772E-14	-2.4277E-14	3.2108E-06	1.1615E-06
-1.2551E-14	-2.3906E-14	3.1854E-06	1.6920E-06
-1.2334E-14	-2.3541E-14	4.0138E-06	5.5545E-07
-1.2121E-14	-2.3181E-14	3.0259E-06	1.4051E-06
-1.1911E-14	-2.2827E-14	4.9271E-06	3.0529E-07
-1.1705E-14	-2.2478E-14	2.5041E-06	-4.5638E-07
-1.1503E-14	-2.2134E-14	3.0327E-06	1.1978E-06
-1.1304E-14	-2.1796E-14	3.9850E-06	8.9058E-07
-1.1108E-14	-2.1462E-14	3.8348E-06	-8.0269E-07
-1.0916E-14	-2.1134E-14	1.9596E-06	5.7401E-07
-1.0726E-14	-2.0811E-14	4.0075E-06	6.3165E-07
-1.0541E-14	-2.0493E-14	2.4685E-06	2.9018E-07
-1.0358E-14	-2.0179E-14	4.3092E-06	9.5618E-07
-1.0179E-14	-1.9871E-14	3.2327E-06	-7.9776E-07
-1.0002E-14	-1.9567E-14	3.1125E-06	2.3207E-07
-9.8287E-15	-1.9268E-14	2.9088E-06	-3.0304E-07
-9.6582E-15	-1.8973E-14	2.8700E-06	1.0847E-07
-9.4907E-15	-1.8683E-14	2.7137E-06	5.1868E-08
-9.3261E-15	-1.8397E-14	2.9408E-06	-2.4837E-07
-9.1643E-15	-1.8115E-14	1.4677E-06	-4.6269E-08
-9.0053E-15	-1.7838E-14	2.2507E-06	1.4672E-06
-8.8490E-15	-1.7565E-14	2.7284E-06	1.2572E-06
-8.6953E-15	-1.7296E-14	3.4221E-06	1.1377E-06
-8.5443E-15	-1.7032E-14	2.7471E-06	1.0748E-06
-8.3960E-15	-1.6771E-14	4.2953E-06	1.8198E-06
-8.2501E-15	-1.6514E-14	4.4866E-06	-6.8561E-09
-8.1068E-15	-1.6262E-14	3.8730E-06	-3.6846E-07
-7.9659E-15	-1.6013E-14	2.5787E-06	-2.6245E-07
-7.8274E-15	-1.5768E-14	3.5574E-06	1.0772E-06
-7.6914E-15	-1.5526E-14	3.6083E-06	-2.4591E-07
-7.5576E-15	-1.5289E-14	3.4603E-06	6.4837E-07
-7.4262E-15	-1.5055E-14	3.8605E-06	-1.8491E-07
-7.2970E-15	-1.4824E-14	3.7595E-06	2.3462E-07
-7.1700E-15	-1.4597E-14	3.9529E-06	-1.0234E-06
-7.0453E-15	-1.4374E-14	2.5095E-06	-2.4429E-07
-6.9226E-15	-1.4153E-14	3.9362E-06	2.5082E-07
-6.8021E-15	-1.3937E-14	3.4772E-06	-1.0957E-06
-6.6837E-15	-1.3723E-14	2.9675E-06	2.5149E-09
-6.5673E-15	-1.3513E-14	4.5732E-06	-1.1821E-06
-6.4528E-15	-1.3306E-14	1.4624E-06	-2.7166E-06
-6.3404E-15	-1.3102E-14	1.0053E-06	1.0337E-06
-6.2299E-15	-1.2902E-14	3.4197E-06	1.7773E-07
-6.1213E-15	-1.2704E-14	2.2507E-06	-2.6673E-07
-6.0146E-15	-1.2509E-14	2.5282E-06	1.1898E-07
-5.9097E-15	-1.2318E-14	1.9919E-06	5.7531E-07
-5.8066E-15	-1.2129E-14	3.3017E-06	1.5698E-06
-5.7053E-15	-1.1943E-14	4.4777E-06	2.1303E-07
-5.6058E-15	-1.1760E-14	3.5340E-06	-1.0427E-06
-5.5079E-15	-1.1580E-14	2.4892E-06	-3.8189E-07
-5.4118E-15	-1.1402E-14	2.8747E-06	1.5053E-07
-5.3173E-15	-1.1228E-14	2.9708E-06	4.0342E-07
-5.2244E-15	-1.1056E-14	3.9946E-06	4.5996E-07
-5.1331E-15	-1.0886E-14	4.1496E-06	-8.4607E-07
-5.0434E-15	-1.0719E-14	3.1945E-06	-1.1389E-06
-4.9553E-15	-1.0555E-14	3.1480E-06	-7.4660E-07
-4.8687E-15	-1.0393E-14	3.0142E-06	-1.5571E-06
-4.7836E-15	-1.0234E-14	1.5114E-06	-8.7261E-07
-4.6999E-15	-1.0077E-14	2.4007E-06	1.1377E-07
-4.6177E-15	-9.9224E-15	2.0175E-06	8.3236E-08
-4.5369E-15	-9.7702E-15	3.5139E-06	9.5220E-07
-4.4575E-15	-9.6204E-15	3.1879E-06	-8.6009E-07
-4.3795E-15	-9.4729E-15	3.2935E-06	7.8864E-07
-4.3028E-15	-9.3276E-15	4.5393E-06	-1.6413E-06
-4.2275E-15	-9.1846E-15	2.0446E-06	-1.3792E-06
-4.1534E-15	-9.0437E-15	2.7237E-06	-9.3089E-07
-4.0806E-15	-8.9050E-15	1.6579E-06	-5.4314E-07
-4.0091E-15	-8.7684E-15	2.7429E-06	3.2153E-07
-3.9389E-15	-8.6339E-15	3.2285E-06	-2.0066E-07
-3.8698E-15	-8.5014E-15	3.1141E-06	-1.0859E-06
-3.8020E-15	-8.3710E-15	2.5388E-06	-3.9470E-07
-3.7353E-15	-8.2425E-15	3.1491E-06	-1.7147E-06
-3.6697E-15	-8.1161E-15	5.6987E-07	-3.8282E-07
-3.6053E-15	-7.9915E-15	3.6428E-06	6.2650E-07
-3.5421E-15	-7.8689E-15	2.0186E-06	-1.4075E-06
-3.4799E-15	-7.7481E-15	2.5493E-06	4.1060E-07
-3.4188E-15	-7.6292E-15	2.1765E-06	-6.0097E-07
-3.3587E-15	-7.5121E-15	3.2931E-06	8.6249E-07
-3.2997E-15	-7.3968E-15	3.2143E-06	-1.6407E-06
-3.2417E-15	-7.2833E-15	2.1932E-06	1.0260E-07
-3.1847E-15	-7.1715E-15	3.2654E-06	-1.2285E-06
-3.1288E-15	-7.0614E-15	1.4489E-06	-3.1038E-07
-3.0737E-15	-6.9530E-15	3.3114E-06	3.8931E-07
-3.0197E-15	-6.8463E-15	3.1812E-06	-1.0662E-06
-2.9665E-15	-6.7411E-15	2.2216E-06	-7.7280E-07
-2.9143E-15	-6.6376E-15	2.8099E-06	9.0675E-09
-2.8630E-15	-6.5357E-15	3.2128E-06	-8.0216E-07
-2.8126E-15	-6.4353E-15	3.1525E-06	-7.1262E-07
-2.7631E-15	-6.3365E-15	3.1723E-06	-2.0587E-06
-2.7144E-15	-6.2392E-15	1.1191E-06	-1.3735E-06
-2.6666E-15	-6.1434E-15	2.5931E-06	1.8310E-07
-2.6196E-15	-6.0490E-15	3.1515E-06	-1.8085E-06
-2.5734E-15	-5.9561E-15	1.0873E-06	-1.5220E-06
-2.5280E-15	-5.8646E-15	1.8390E-06	-1.1351E-07
-2.4835E-15	-5.7745E-15	2.0966E-06	-6.2897E-07
-2.4396E-15	-5.6858E-15	2.5329E-06	-2.9686E-07
-2.3966E-15	-5.5984E-15	2.3372E-06	-1.4178E-06
-2.3543E-15	-5.5124E-15	1.7642E-06	-5.6314E-07
-2.3127E-15	-5.4277E-15	2.2711E-06	-1.1511E-06
-2.2719E-15	-5.3443E-15	1.3735E-06	-8.7599E-07
-2.2317E-15	-5.2622E-15	1.4520E-06	-6.2246E-07
-2.1923E-15	-5.1813E-15	1.4368E-06	3.8998E-07
-2.1536E-15	-5.1017E-15	2.9330E-06	-2.6337E-07
-2.1155E-15	-5.0233E-15	1.6357E-06	-1.0950E-06
-2.0781E-15	-4.9461E-15	1.4929E-06	1.3223E-07
-2.0413E-15	-4.8701E-15	2.5821E-06	3.6012E-07
-2.0052E-15	-4.7952E-15	2.9584E-06	-1.0931E-06
-1.9697E-15	-4.7215E-15	1.3051E-06	-9.5500E-07
-1.9349E-15	-4.6489E-15	1.9833E-06	3.5152E-08
-1.9006E-15	-4.5774E-15	2.0573E-06	-3.1198E-07
-1.8669E-15	-4.5070E-15	2.5066E-06	-2.1287E-07
-1.8339E-15	-4.4377E-15	2.2149E-06	-8.5501E-07
-1.8014E-15	-4.3695E-15	2.0440E-06	-5.4519E-07
-1.7694E-15	-4.3023E-15	1.8323E-06	-5.6899E-07
-1.7381E-15	-4.2362E-15	2.3522E-06	-4.4386E-08
-1.7073E-15	-4.1710E-15	2.4897E-06	-1.1834E-06
-1.6770E-15	-4.1069E-15	1.5730E-06	-5.7928E-07
-1.6472E-15	-4.0437E-15	2.5674E-06	-8.3401E-07
-1.6180E-15	-3.9815E-15	1.0942E-06	-1.4274E-06
-1.5893E-15	-3.9202E-15	1.4398E-06	1.4458E-07
-1.5610E-15	-3.8599E-15	1.8303E-06	-6.7188E-07
-1.5333E-15	-3.8006E-15	1.8030E-06	2.3838E-09
-1.5061E-15	-3.7421E-15	1.9050E-06	-1.2351E-06
-1.4793E-15	-3.6845E-15	7.8671E-07	3.4020E-07
-1.4530E-15	-3.6278E-15	2.8536E-06	-4.7138E-07
-1.4271E-15	-3.5720E-15	3.1428E-07	-8.5185E-07
-1.4018E-15	-3.5170E-15	1.8890E-06	1.2803E-06
-1.3768E-15	-3.4629E-15	2.2331E-06	-2.3303E-07
-1.3523E-15	-3.4096E-15	2.3634E-06	4.0043E-07
-1.3282E-15	-3.3571E-15	2.6423E-06	-7.4181E-07
-1.3046E-15	-3.3055E-15	1.8218E-06	-6.8022E-07
-1.2813E-15	-3.2546E-15	1.5014E-06	-2.4093E-07
-1.2585E-15	-3.2045E-15	2.1671E-06	4.2860E-07
-1.2361E-15	-3.1552E-15	2.7174E-06	-1.6905E-07
-1.2140E-15	-3.1066E-15	2.8870E-06	-8.3133E-07
-1.1924E-15	-3.0588E-15	1.5842E-06	-1.2162E-06
-1.1711E-15	-3.0117E-15	2.5125E-06	2.6385E-07
-1.1502E-15	-2.9653E-15	2.8660E-06	-2.3947E-06
-1.1297E-15	-2.9196E-15	2.0813E-08	-9.5387E-07
-1.1095E-15	-2.8747E-15	2.5758E-06	7.1167E-08
-1.0897E-15	-2.8304E-15	1.1261E-06	-2.1996E-06
-1.0702E-15	-2.7868E-15	3.5225E-07	6.6626E-07
-1.0511E-15	-2.7439E-15	2.7591E-06	-3.5307E-07
-1.0323E-15	-2.7016E-15	1.0413E-06	-9.7284E-07
-1.0138E-15	-2.6600E-15	1.9610E-06	-3.3182E-07
-9.9570E-16	-2.6191E-15	9.7243E-07	-1.3849E-06
-9.7788E-16	-2.5787E-15	5.8069E-07	-1.4724E-07
-9.6038E-16	-2.5390E-15	6.9323E-07	2.3767E-07
-9.4318E-16	-2.4999E-15	1.6610E-06	6.6319E-07
-9.2629E-16	-2.4614E-15	1.1842E-06	1.3550E-07
-9.0970E-16	-2.4234E-15	2.5330E-06	1.3542E-06
-8.9339E-16	-2.3861E-15	2.8887E-06	-1.3971E-06
-8.7738E-16	-2.3493E-15	8.0856E-07	-2.4670E-07
-8.6164E-16	-2.3131E-15	2.4398E-06	6.2220E-08
-8.4618E-16	-2.2775E-15	1.7105E-06	-1.1308E-06
-8.3100E-16	-2.2424E-15	8.1959E-07	-1.3947E-07
-8.1608E-16	-2.2078E-15	2.3285E-06	4.8735E-07
-8.0143E-16	-2.1738E-15	2.0368E-06	-1.6207E-06
-7.8703E-16	-2.1403E-15	2.4268E-07	-2.9138E-07
-7.7289E-16	-2.1073E-15	1.5893E-06	5.0048E-07
-7.5900E-16	-2.0748E-15	1.8398E-06	-5.4921E-08
-7.4535E-16	-2.0428E-15	1.7405E-06	-2.7185E-07
-7.3195E-16	-2.0113E-15	1.9797E-06	-2.0737E-07
-7.1878E-16	-1.9803E-15	1.6443E-06	-1.2319E-06
-7.0584E-16	-1.9498E-15	5.9839E-07	-3.5142E-07
-6.9314E-16	-1.9197E-15	1.1466E-06	-4.0972E-08
-6.8065E-16	-1.8901E-15	1.2254E-06	3.6511E-07
-6.6839E-16	-1.8610E-15	1.7260E-06	-1.9828E-07
-6.5634E-16	-1.8323E-15	1.3387E-06	3.0251E-07
-6.4451E-16	-1.8040E-15	2.3167E-06	-6.3925E-07
-6.3289E-16	-1.7762E-15	5.2091E-07	-6.0376E-07
-6.2147E-16	-1.7488E-15	1.8520E-06	1.7141E-07
-6.1026E-16	-1.7218E-15	7.2199E-07	-1.2244E-06
-5.9924E-16	-1.6953E-15	2.3918E-07	7.9065E-07
-5.8842E-16	-1.6691E-15	1.8499E-06	6.0161E-07
-5.7779E-16	-1.6434E-15	1.6284E-06	-3.8837E-07
-5.6735E-16	-1.6180E-15	1.0506E-06	-4.6768E-07
-5.5709E-16	-1.5931E-15	3.0055E-07	-4.3981E-07
-5.4702E-16	-1.5685E-15	-3.0855E-08	1.3993E-06
-5.3712E-16	-1.5443E-15	2.4660E-06	1.0004E-06
-5.2740E-16	-1.5204E-15	5.2030E-07	-6.8827E-07
-5.1785E-16	-1.4970E-15	6.9251E-07	1.9735E-06
-5.0848E-16	-1.4739E-15	2.4033E-06	5.9723E-07
-4.9926E-16	-1.4511E-15	1.3748E-06	2.0489E-07
-4.9022E-16	-1.4287E-15	1.0192E-06	4.0444E-07
-4.8133E-16	-1.4067E-15	1.4120E-06	1.6198E-06
-4.7260E-16	-1.3850E-15	2.6115E-06	2.0578E-07
-4.6403E-16	-1.3636E-15	9.5724E-07	2.3262E-07
-4.5560E-16	-1.3425E-15	1.5989E-06	6.7711E-07
-4.4733E-16	-1.3218E-15	7.2165E-07	1.3633E-06
-4.3921E-16	-1.3014E-15	3.4028E-06	2.1446E-06
-4.3123E-16	-1.2813E-15	2.9983E-06	-9.7388E-07
-4.2339E-16	-1.2615E-15	1.2353E-06	2.6492E-07
-4.1569E-16	-1.2421E-15	2.6030E-06	4.8304E-07
-4.0813E-16	-1.2229E-15	1.9547E-06	-1.1064E-06
-4.0070E-16	-1.2040E-15	2.7007E-08	2.3787E-07
-3.9341E-16	-1.1854E-15	1.9003E-06	1.6112E-06
-3.8624E-16	-1.1671E-15	1.8308E-06	3.3348E-07
-3.7921E-16	-1.1491E-15	2.1322E-06	1.1738E-06
-3.7230E-16	-1.1313E-15	2.3199E-06	1.1047E-07
-3.6551E-16	-1.1138E-15	2.1378E-06	6.8040E-07
-3.5884E-16	-1.0966E-15	2.4679E-06	-6.3621E-08
-3.5229E-16	-1.0797E-15	2.1598E-06	-1.6090E-07
-3.4586E-16	-1.0630E-15	1.2200E-06	-4.9366E-07
-3.3955E-16	-1.0466E-15	1.6150E-06	1.1082E-06
-3.3334E-16	-1.0304E-15	2.0223E-06	-3.7077E-07
-3.2725E-16	-1.0145E-15	1.0693E-06	1.1724E-06
-3.2127E-16	-9.9882E-16	2.7722E-06	6.8741E-07
-3.1539E-16	-9.8339E-16	2.3917E-06	6.0510E-07
-3.0962E-16	-9.6819E-16	3.2660E-06	-6.8209E-07
-3.0396E-16	-9.5323E-16	1.3847E-06	-1.0764E-06
-2.9839E-16	-9.3850E-16	9.9795E-07	-6.1840E-07
-2.9292E-16	-9.2399E-16	3.3158E-07	1.0396E-06
-2.8755E-16	-9.0971E-16	2.3845E-06	8.6600E-07
-2.8228E-16	-8.9565E-16	1.1502E-06	9.0658E-07
-2.7710E-16	-8.8180E-16	3.8275E-06	1.2503E-06
-2.7202E-16	-8.6817E-16	2.3392E-06	-1.7024E-06
-2.6702E-16	-8.5475E-16	1.2905E-06	3.5515E-08
-2.6212E-16	-8.4154E-16	1.5864E-06	-4.4818E-07
-2.5730E-16	-8.2853E-16	1.1184E-06	2.3708E-07
-2.5257E-16	-8.1572E-16	1.3748E-06	1.7632E-07
-2.4793E-16	-8.0310E-16	1.1081E-06	4.8844E-07
-2.4337E-16	-7.9068E-16	1.1183E-06	1.0766E-06
-2.3889E-16	-7.7846E-16	2.3322E-06	1.5072E-06
-2.3449E-16	-7.6642E-16	2.4660E-06	2.2314E-07
-2.3017E-16	-7.5457E-16	2.1863E-06	5.6946E-07
-2.2593E-16	-7.4290E-16	2.1669E-06	-3.9608E-07
-2.2176E-16	-7.3140E-16	8.0501E-07	6.7507E-07
-2.1767E-16	-7.2009E-16	2.4851E-06	1.5911E-06
-2.1365E-16	-7.0895E-16	2.8501E-06	3.5806E-07
-2.0971E-16	-6.9799E-16	2.7039E-06	3.2658E-07
-2.0584E-16	-6.8719E-16	2.9840E-06	-6.0170E-07
-2.0203E-16	-6.7656E-16	1.2845E-06	-1.1739E-06
-1.9830E-16	-6.6609E-16	7.1475E-07	7.9904E-07
-1.9463E-16	-6.5578E-16	2.1935E-06	1.1425E-06
-1.9103E-16	-6.4564E-16	2.5567E-06	7.4864E-07
-1.8749E-16	-6.3565E-16	2.9846E-06	7.0439E-08
-1.8402E-16	-6.2581E-16	2.3747E-06	-3.1069E-07
-1.8061E-16	-6.1612E-16	2.3541E-06	-5.1629E-07
-1.7726E-16	-6.0659E-16	1.4427E-06	-2.2462E-07
-1.7397E-16	-5.9720E-16	2.3989E-06	1.9439E-07
-1.7074E-16	-5.8796E-16	1.5769E-06	-5.8539E-07
-1.6757E-16	-5.7886E-16	2.0778E-06	5.0770E-07
-1.6446E-16	-5.6990E-16	1.8049E-06	-1.0045E-06
-1.6140E-16	-5.6108E-16	6.5843E-07	8.6375E-07
-1.5840E-16	-5.5239E-16	2.7414E-06	9.6977E-07
-1.5546E-16	-5.4384E-16	2.4349E-06	-8.4116E-08
-1.5256E-16	-5.3542E-16	2.4524E-06	-7.3862E-08
-1.4972E-16	-5.2713E-16	2.1511E-06	-6.2217E-07
-1.4693E-16	-5.1897E-16	1.6076E-06	-6.3233E-08
-1.4419E-16	-5.1093E-16	2.5485E-06	-2.8206E-07
-1.4150E-16	-5.0302E-16	9.8442E-07	-1.0930E-06
-1.3886E-16	-4.9523E-16	1.3546E-06	9.9823E-07
-1.3627E-16	-4.8756E-16	1.9551E-06	-4.9245E-07
-1.3373E-16	-4.8001E-16	1.0599E-06	1.3414E-06
-1.3123E-16	-4.7257E-16	3.8517E-06	3.2509E-07
-1.2877E-16	-4.6525E-16	1.8429E-06	-1.2360E-06
-1.2636E-16	-4.5805E-16	2.0348E-06	-2.1106E-07
-1.2400E-16	-4.5095E-16	1.3847E-06	-1.1264E-06
-1.2168E-16	-4.4397E-16	6.1067E-07	4.4740E-07
-1.1940E-16	-4.3709E-16	2.4417E-06	8.7389E-07
-1.1716E-16	-4.3032E-16	2.2723E-06	-1.0495E-06
-1.1496E-16	-4.2365E-16	6.8825E-07	-9.9317E-08
-1.1280E-16	-4.1709E-16	1.7783E-06	6.0201E-07
-1.1069E-16	-4.1062E-16	1.9445E-06	4.2954E-07
-1.0861E-16	-4.0426E-16	2.8230E-06	-2.2821E-07
-1.0656E-16	-3.9800E-16	1.3810E-06	-1.1825E-06
-1.0456E-16	-3.9183E-16	1.2006E-06	2.3326E-07
-1.0259E-16	-3.8576E-16	1.8944E-06	-3.3509E-07
-1.0066E-16	-3.7978E-16	9.5992E-07	-5.6335E-07
-9.8765E-17	-3.7389E-16	5.8034E-07	5.4552E-07
-9.6903E-17	-3.6810E-16	1.6943E-06	1.2840E-06
-9.5075E-17	-3.6239E-16	2.6875E-06	4.7085E-07
-9.3281E-17	-3.5677E-16	2.3350E-06	-7.1187E-07
-9.1520E-17	-3.5124E-16	1.0530E-06	-6.8343E-07
-8.9791E-17	-3.4580E-16	9.4157E-07	4.5592E-07
-8.8094E-17	-3.4044E-16	1.7055E-06	6.6949E-07
-8.6427E-17	-3.3516E-16	2.0815E-06	3.1877E-07
-8.4791E-17	-3.2996E-16	1.9614E-06	-3.1909E-07
-8.3186E-17	-3.2484E-16	1.0184E-06	-9.6126E-08
-8.1609E-17	-3.1981E-16	1.5813E-06	9.5294E-07
-8.0062E-17	-3.1485E-16	2.3599E-06	2.1592E-07
-7.8543E-17	-3.0996E-16	1.8541E-06	-1.0186E-07
-7.7052E-17	-3.0516E-16	1.9199E-06	1.1158E-07
-7.5589E-17	-3.0042E-16	2.2113E-06	-2.7259E-07
-7.4152E-17	-2.9576E-16	1.6188E-06	-8.2111E-07
-7.2742E-17	-2.9118E-16	1.0996E-06	-4.9147E-07
-7.1358E-17	-2.8666E-16	7.3675E-07	-2.6432E-07
-6.9999E-17	-2.8221E-16	6.6749E-07	3.6166E-07
-6.8665E-17	-2.7784E-16	6.6798E-07	8.2992E-07
-6.7356E-17	-2.7353E-16	1.5709E-06	1.4036E-06
-6.6071E-17	-2.6928E-16	1.7575E-06	7.7118E-07
-6.4810E-17	-2.6510E-16	2.2803E-06	1.0729E-06
-6.3572E-17	-2.6099E-16	1.8867E-06	-6.7308E-09
-6.2357E-17	-2.5694E-16	2.1596E-06	1.4501E-06
-6.1164E-17	-2.5295E-16	3.0896E-06	-7.4684E-07
-5.9993E-17	-2.4903E-16	9.1448E-07	2.2269E-07
-5.8844E-17	-2.4516E-16	2.8237E-06	5.3578E-07
-5.7717E-17	-2.4136E-16	2.0308E-06	-5.5723E-07
-5.6610E-17	-2.3761E-16	1.7723E-06	-3.0125E-07
-5.5523E-17	-2.3392E-16	1.8876E-06	2.5257E-08
-5.4457E-17	-2.3029E-16	1.7496E-06	-1.3601E-06
-5.3411E-17	-2.2672E-16	-1.4362E-07	4.1076E-07
-5.2383E-17	-2.2320E-16	2.3841E-06	3.9778E-07
-5.1376E-17	-2.1973E-16	1.7773E-07	-6.8422E-07
-5.0386E-17	-2.1632E-16	5.3028E-07	1.1707E-06
-4.9415E-17	-2.1296E-16	3.3751E-07	1.8445E-06
-4.8462E-17	-2.0966E-16	2.9839E-06	2.8776E-06
-4.7527E-17	-2.0640E-16	3.3072E-06	4.9908E-07
-4.6609E-17	-2.0320E-16	3.1080E-06	4.4223E-07
-4.5709E-17	-2.0004E-16	2.5978E-06	-2.5406E-07
-4.4825E-17	-1.9693E-16	3.0201E-06	-3.7096E-07
-4.3957E-17	-1.9388E-16	1.1121E-06	-1.2081E-06
-4.3106E-17	-1.9086E-16	1.9157E-06	1.1914E-06
-4.2271E-17	-1.8790E-16	2.4217E-06	-9.4525E-07
-4.1451E-17	-1.8498E-16	1.4816E-06	5.2338E-07
-4.0646E-17	-1.8211E-16	2.6647E-06	-8.7420E-07
-3.9857E-17	-1.7928E-16	5.1150E-07	-3.6305E-07
-3.9082E-17	-1.7649E-16	1.8311E-06	7.1561E-07
-3.8321E-17	-1.7375E-16	1.7866E-06	-1.2979E-07
-3.7575E-17	-1.7105E-16	1.3974E-06	2.1677E-07
-3.6843E-17	-1.6840E-16	1.7851E-06	7.1674E-07
-3.6125E-17	-1.6578E-16	2.3360E-06	2.4011E-07
-3.5420E-17	-1.6320E-16	2.0395E-06	-3.2531E-08
-3.4728E-17	-1.6067E-16	1.9085E-06	-6.2977E-08
-3.4050E-17	-1.5817E-16	1.9185E-06	1.8221E-07
-3.3383E-17	-1.5571E-16	2.0651E-06	-2.5651E-08
-3.2730E-17	-1.5329E-16	2.2918E-06	2.3157E-07
-3.2089E-17	-1.5091E-16	2.6765E-06	-1.0297E-06
-3.1459E-17	-1.4856E-16	8.7235E-07	-8.7824E-07
-3.0842E-17	-1.4626E-16	1.8662E-06	2.9630E-07
-3.0236E-17	-1.4398E-16	1.9109E-06	-1.2309E-06
-2.9642E-17	-1.4174E-16	4.2063E-07	-7.7017E-07
-2.9059E-17	-1.3954E-16	4.9540E-07	2.6416E-07
-2.8486E-17	-1.3737E-16	1.0241E-06	8.2871E-07
-2.7925E-17	-1.3524E-16	1.8390E-06	5.0992E-07
-2.7374E-17	-1.3313E-16	1.4834E-06	-1.1718E-07
-2.6834E-17	-1.3106E-16	1.0603E-06	-1.9029E-09
-2.6304E-17	-1.2902E-16	3.2716E-07	6.2836E-07
-2.5784E-17	-1.2702E-16	1.5771E-06	2.2487E-06
-2.5273E-17	-1.2504E-16	3.0989E-06	4.8887E-07
-2.4773E-17	-1.2310E-16	1.5573E-06	2.3556E-07
-2.4281E-17	-1.2118E-16	2.6448E-06	7.3588E-07
-2.3799E-17	-1.1930E-16	1.8193E-06	-4.8566E-07
-2.3327E-17	-1.1744E-16	1.8604E-06	1.2955E-06
-2.2863E-17	-1.1562E-16	3.9380E-06	-5.1925E-07
-2.2408E-17	-1.1382E-16	8.5347E-07	-2.3126E-06
-2.1962E-17	-1.1205E-16	-3.7085E-07	1.0399E-06
-2.1523E-17	-1.1031E-16	2.3291E-06	1.8603E-06
-2.1094E-17	-1.0859E-16	3.1931E-06	1.5858E-07
-2.0673E-17	-1.0690E-16	2.0809E-06	-7.9368E-07
-2.0259E-17	-1.0524E-16	1.8253E-06	3.4182E-07
-1.9854E-17	-1.0360E-16	2.9327E-06	-8.8707E-07
-1.9456E-17	-1.0199E-16	7.8820E-07	-1.2892E-06
-1.9066E-17	-1.0040E-16	1.2928E-06	1.7291E-08
-1.8683E-17	-9.8838E-17	8.0981E-07	-5.7743E-07
-1.8308E-17	-9.7300E-17	9.2319E-07	6.2362E-07
-1.7940E-17	-9.5785E-17	1.1685E-06	1.5365E-07
-1.7578E-17	-9.4294E-17	1.2567E-06	1.0063E-06
-1.7224E-17	-9.2827E-17	1.9842E-06	2.8734E-07
-1.6876E-17	-9.1382E-17	1.3888E-06	3.5310E-07
-1.6536E-17	-8.9960E-17	1.7878E-06	5.1469E-07
-1.6201E-17	-8.8559E-17	1.9330E-06	4.1184E-08
-1.5873E-17	-8.7181E-17	8.7599E-07	-1.4036E-07
-1.5552E-17	-8.5823E-17	1.3393E-06	1.5055E-06
-1.5236E-17	-8.4487E-17	2.3703E-06	1.0395E-07
-1.4927E-17	-8.3172E-17	7.6115E-07	6.6667E-07
-1.4623E-17	-8.1877E-17	2.2512E-06	1.7383E-06
-1.4326E-17	-8.0602E-17	2.9387E-06	7.6249E-07
-1.4034E-17	-7.9347E-17	2.9342E-06	9.0730E-08
-1.3748E-17	-7.8111E-17	2.6048E-06	-3.1270E-07
-1.3467E-17	-7.6895E-17	2.0858E-06	-8.2532E-07
-1.3192E-17	-7.5697E-17	1.0187E-06	1.0339E-07
-1.2922E-17	-7.4518E-17	2.3117E-06	9.5338E-07
-1.2657E-17	-7.3358E-17	2.6585E-06	7.5370E-08
-1.2397E-17	-7.2215E-17	2.9370E-06	-4.7984E-08
-1.2143E-17	-7.1090E-17	2.7426E-06	-1.4188E-06
-1.1893E-17	-6.9983E-17	1.0852E-06	-9.0299E-07
-1.1648E-17	-6.8893E-17	2.2418E-06	8.8619E-08
-1.1409E-17	-6.7820E-17	2.1609E-06	-1.6146E-06
-1.1173E-17	-6.6763E-17	7.0546E-07	-1.0007E-06
-1.0942E-17	-6.5723E-17	8.6614E-07	-4.3805E-07
-1.0716E-17	-6.4699E-17	8.8023E-07	1.1061E-07
-1.0494E-17	-6.3690E-17	1.3275E-06	2.4313E-09
-1.0276E-17	-6.2698E-17	1.3915E-06	3.2158E-07
-1.0063E-17	-6.1721E-17	1.8889E-06	-7.3668E-07
-9.8534E-18	-6.0759E-17	-8.5942E-08	-2.8739E-07
-9.6483E-18	-5.9812E-17	1.4436E-06	1.4239E-06
-9.4473E-18	-5.8880E-17	2.0411E-06	-2.2123E-07
-9.2500E-18	-5.7962E-17	1.0261E-06	-1.1881E-07
-9.0563E-18	-5.7059E-17	9.5100E-07	4.7820E-07
-8.8668E-18	-5.6170E-17	1.6258E-06	8.3396E-07
-8.6813E-18	-5.5294E-17	1.5428E-06	1.6278E-07
-8.4992E-18	-5.4432E-17	1.4399E-06	1.2221E-06
-8.3206E-18	-5.3584E-17	3.0776E-06	4.6642E-07
-8.1453E-18	-5.2748E-17	1.9373E-06	-7.6946E-07
-7.9737E-18	-5.1926E-17	1.5949E-06	-1.4931E-07
-7.8054E-18	-5.1116E-17	1.2924E-06	-2.1139E-07
-7.6404E-18	-5.0319E-17	1.4872E-06	4.1162E-07
-7.4787E-18	-4.9534E-17	1.5420E-06	1.3458E-07
-7.3202E-18	-4.8762E-17	1.8305E-06	7.3574E-07
-7.1647E-18	-4.8002E-17	2.4823E-06	-6.4956E-08
-7.0124E-18	-4.7253E-17	1.9158E-06	-4.7415E-07
-6.8633E-18	-4.6516E-17	1.6298E-06	-4.3934E-07
-6.7168E-18	-4.5791E-17	1.4156E-06	-5.5485E-07
-6.5732E-18	-4.5076E-17	4.5305E-07	1.0579E-07
-6.4327E-18	-4.4373E-17	2.0857E-06	1.2873E-06
-6.2949E-18	-4.3681E-17	2.1099E-06	-5.6752E-07
-6.1598E-18	-4.3000E-17	1.9545E-06	5.8520E-07
-6.0276E-18	-4.2329E-17	2.5919E-06	-1.4482E-06
-5.8976E-18	-4.1669E-17	3.4831E-07	-7.8617E-07
-5.7705E-18	-4.1019E-17	7.2115E-07	-2.3542E-08
-5.6457E-18	-4.0379E-17	9.1464E-07	1.3620E-06
-5.5236E-18	-3.9749E-17	2.8667E-06	2.4757E-07
-5.4042E-18	-3.9128E-17	1.6355E-06	-1.9028E-07
-5.2868E-18	-3.8518E-17	2.4857E-06	-5.2029E-07
-5.1718E-18	-3.7917E-17	1.3778E-06	-9.1893E-07
-5.0592E-18	-3.7325E-17	1.3730E-06	-1.4971E-06
-4.9485E-18	-3.6743E-17	-1.0892E-06	-5.4050E-08
-4.8405E-18	-3.6169E-17	2.0160E-06	1.6991E-06
-4.7344E-18	-3.5605E-17	1.5486E-06	-7.3889E-07
-4.6306E-18	-3.5049E-17	1.5681E-06	3.2365E-07
-4.5288E-18	-3.4502E-17	1.1154E-06	-1.2877E-06
-4.4291E-18	-3.3963E-17	-2.9171E-07	5.6735E-07
-4.3313E-18	-3.3433E-17	1.6238E-06	1.1981E-06
-4.2358E-18	-3.2911E-17	1.7133E-06	-2.2400E-07
-4.1418E-18	-3.2397E-17	7.1473E-07	2.2592E-07
-4.0500E-18	-3.1891E-17	1.5288E-06	6.6341E-07
-3.9600E-18	-3.1393E-17	1.5900E-06	1.0790E-07
-3.8717E-18	-3.0903E-17	1.3240E-06	-3.9607E-07
-3.7854E-18	-3.0421E-17	2.0054E-07	4.1460E-07
-3.7005E-18	-2.9946E-17	1.7128E-06	1.0152E-06
-3.6177E-18	-2.9478E-17	8.5116E-07	3.3266E-08
-3.5364E-18	-2.9018E-17	1.3181E-06	1.7900E-06
-3.4567E-18	-2.8565E-17	2.9667E-06	6.4991E-07
-3.3788E-18	-2.8118E-17	2.3822E-06	-8.4702E-07
-3.3025E-18	-2.7679E-17	7.4481E-07	-8.4222E-07
-3.2277E-18	-2.7247E-17	8.1234E-07	5.1748E-07
-3.1545E-18	-2.6821E-17	1.4624E-06	3.2771E-07
-3.0827E-18	-2.6402E-17	1.3049E-06	-1.0003E-07
-3.0125E-18	-2.5990E-17	6.0605E-07	4.3157E-07
-2.9435E-18	-2.5584E-17	1.6687E-06	7.8115E-07
-2.8761E-18	-2.5184E-17	9.8327E-07	2.1009E-07
-2.8101E-18	-2.4791E-17	1.9184E-06	1.0825E-06
-2.7453E-18	-2.4403E-17	1.4264E-06	-6.1966E-07
-2.6821E-18	-2.4022E-17	7.4976E-07	1.2948E-06
-2.6201E-18	-2.3647E-17	2.5575E-06	4.3170E-07
-2.5594E-18	-2.3277E-17	1.4482E-06	-2.4462E-07
-2.4997E-18	-2.2913E-17	1.3652E-06	-1.5350E-07
-2.4416E-18	-2.2555E-17	6.1488E-07	2.3492E-07
-2.3845E-18	-2.2203E-17	1.2655E-06	8.1078E-07
-2.3286E-18	-2.1856E-17	1.0476E-06	6.2489E-07
-2.2739E-18	-2.1514E-17	1.8087E-06	1.5355E-06
-2.2205E-18	-2.1178E-17	2.9923E-06	-7.7988E-08
-2.1680E-18	-2.0847E-17	9.9918E-07	-1.1549E-06
-2.1167E-18	-2.0521E-17	2.6489E-07	6.2196E-07
-2.0665E-18	-2.0200E-17	1.3738E-06	8.7682E-07
-2.0173E-18	-1.9884E-17	1.1108E-06	5.0761E-07
-1.9691E-18	-1.9573E-17	1.1549E-06	1.0506E-06
-1.9220E-18	-1.9267E-17	1.4639E-06	1.0915E-06
-1.8758E-18	-1.8966E-17	1.8114E-06	1.2531E-06
-1.8305E-18	-1.8669E-17	2.0141E-06	1.1190E-06
-1.7866E-18	-1.8378E-17	3.0746E-06	1.2421E-06
-1.7432E-18	-1.8090E-17	2.9128E-06	-1.1334E-06
-1.7008E-18	-1.7807E-17	7.4803E-07	1.6851E-07
-1.6593E-18	-1.7529E-17	2.6355E-06	4.3102E-07
-1.6188E-18	-1.7255E-17	1.4048E-06	-3.3699E-07
-1.5790E-18	-1.6985E-17	2.3226E-06	2.4223E-07
-1.5403E-18	-1.6719E-17	1.2900E-06	-9.4751E-07
-1.5021E-18	-1.6457E-17	1.1402E-06	2.0800E-07
-1.4650E-18	-1.6200E-17	7.9495E-07	-1.5728E-07
-1.4285E-18	-1.5947E-17	1.0240E-06	1.1834E-06
-1.3928E-18	-1.5697E-17	1.8651E-06	5.0457E-07
-1.3579E-18	-1.5451E-17	1.4771E-06	3.7059E-07
-1.3237E-18	-1.5210E-17	1.2707E-06	6.8424E-07
-1.2904E-18	-1.4972E-17	2.0761E-06	9.6418E-07
-1.2578E-18	-1.4738E-17	1.8609E-06	2.7427E-07
-1.2259E-18	-1.4507E-17	2.3362E-06	5.3562E-07
-1.1945E-18	-1.4280E-17	1.5283E-06	-6.3877E-07
-1.1641E-18	-1.4056E-17	1.1988E-06	1.0269E-06
-1.1340E-18	-1.3836E-17	2.1076E-06	2.7449E-07
-1.1047E-18	-1.3620E-17	1.6373E-06	9.0798E-07
-1.0761E-18	-1.3407E-17	2.8463E-06	4.7863E-07
-1.0481E-18	-1.3197E-17	2.6021E-06	-3.4519E-07
-1.0208E-18	-1.2990E-17	1.8053E-06	-9.9630E-07
-9.9390E-19	-1.2787E-17	1.4312E-06	2.2554E-07
-9.6776E-19	-1.2587E-17	2.2546E-06	-9.9980E-07
-9.4207E-19	-1.2390E-17	1.6246E-07	-3.4709E-07
-9.1701E-19	-1.2196E-17	1.8282E-06	7.0751E-07
-8.9255E-19	-1.2005E-17	1.3685E-06	-2.9355E-07
-8.6856E-19	-1.1817E-17	1.9858E-06	2.8319E-07
-8.4520E-19	-1.1632E-17	1.4762E-06	-1.4032E-06
-8.2215E-19	-1.1450E-17	-2.8792E-07	-1.9949E-07
-7.9990E-19	-1.1270E-17	5.4904E-07	1.2151E-06
-7.7800E-19	-1.1094E-17	1.5112E-06	1.0330E-06
-7.5655E-19	-1.0920E-17	1.5984E-06	8.2297E-07
-7.3568E-19	-1.0749E-17	2.2993E-06	4.4470E-07
-7.1517E-19	-1.0581E-17	1.0350E-06	-4.9708E-07
-6.9521E-19	-1.0415E-17	1.0617E-06	1.7123E-06
-6.7569E-19	-1.0252E-17	3.0251E-06	3.3542E-07
-6.5659E-19	-1.0091E-17	1.5486E-06	1.9179E-08
-6.3782E-19	-9.9333E-18	2.7570E-06	-9.9493E-08
-6.1986E-19	-9.7776E-18	1.0277E-06	-1.1442E-06
-6.0184E-19	-9.6245E-18	1.3770E-06	2.5323E-07
-5.8432E-19	-9.4736E-18	8.7606E-07	-7.7800E-07
-5.6735E-19	-9.3252E-18	6.4151E-07	7.7720E-07
-5.5077E-19	-9.1792E-18	1.1363E-06	1.5779E-07
-5.3436E-19	-9.0353E-18	1.0246E-06	1.2904E-06
-5.1843E-19	-8.8937E-18	2.2667E-06	2.1167E-07
-5.0318E-19	-8.7546E-18	9.0085E-07	1.6846E-07
-4.8790E-19	-8.6171E-18	1.6591E-06	8.8629E-07
-4.7332E-19	-8.4823E-18	2.0464E-06	1.1182E-07
-4.5866E-19	-8.3492E-18	9.7862E-07	-4.5250E-07
-4.4464E-19	-8.2183E-18	8.0684E-07	1.2122E-06
-4.3076E-19	-8.0894E-18	1.9685E-06	4.6467E-07
-4.1730E-19	-7.9627E-18	1.4784E-06	9.5027E-07
-4.0411E-19	-7.8381E-18	2.4240E-06	-4.2302E-07
-3.9133E-19	-7.7151E-18	4.2049E-08	6.5245E-07
-3.7892E-19	-7.5941E-18	3.1121E-06	1.1201E-06
-3.6672E-19	-7.4750E-18	7.4354E-07	-6.7308E-07
-3.5453E-19	-7.3578E-18	2.4732E-06	1.5811E-06
-3.4303E-19	-7.2424E-18	1.4891E-06	-1.5185E-06
-3.3160E-19	-7.1290E-18	8.5526E-07	1.7679E-06
-3.2053E-19	-7.0171E-18	2.9109E-06	-5.7149E-07
-3.0964E-19	-6.9071E-18	4.8282E-07	-1.5888E-07
-2.9907E-19	-6.7988E-18	1.3102E-06	5.5550E-07
-2.8883E-19	-6.6921E-18	1.5103E-06	8.3802E-07
-2.7865E-19	-6.5872E-18	1.8001E-06	-7.8647E-08
-2.6870E-19	-6.4838E-18	1.1234E-06	7.2059E-07
-2.5915E-19	-6.3822E-18	1.9186E-06	1.9974E-07
-2.4991E-19	-6.2821E-18	1.4335E-06	3.9749E-07
-2.4076E-19	-6.1836E-18	1.0365E-06	-4.0163E-07
-2.3183E-19	-6.0866E-18	5.3225E-07	2.3787E-06
-2.2326E-19	-5.9912E-18	3.9993E-06	1.6583E-07
-2.1494E-19	-5.8971E-18	-5.6458E-08	-3.6699E-07
-2.0660E-19	-5.8046E-18	2.9023E-06	1.9690E-06
-1.9836E-19	-5.7134E-18	2.1084E-06	-1.2815E-06
-1.9059E-19	-5.6239E-18	9.2762E-07	2.4518E-07
-1.8293E-19	-5.5357E-18	7.8515E-07	4.5578E-07
-1.7554E-19	-5.4487E-18	1.7319E-06	1.6687E-06
-1.6813E-19	-5.3634E-18	2.4264E-06	5.8970E-07
-1.6108E-19	-5.2790E-18	2.5199E-06	1.2076E-07
-1.5412E-19	-5.1963E-18	1.0745E-06	-5.6863E-07
-1.4760E-19	-5.1146E-18	1.1516E-06	1.5373E-06
-1.4082E-19	-5.0343E-18	2.5669E-06	1.0022E-06
-1.3447E-19	-4.9554E-18	2.8767E-06	5.6855E-07
-1.2833E-19	-4.8776E-18	2.7848E-06	-5.1911E-07
-1.2227E-19	-4.8011E-18	2.0885E-06	-8.4053E-07
-1.1642E-19	-4.7257E-18	7.6389E-07	-6.2708E-07
-1.1069E-19	-4.6515E-18	1.4897E-06	1.2905E-06
-1.0523E-19	-4.5786E-18	2.8990E-06	-1.3411E-08
-9.9735E-20	-4.5066E-18	2.0797E-06	-8.7032E-07
-9.4331E-20	-4.4358E-18	8.2410E-07	-7.8463E-07
-8.9174E-20	-4.3662E-18	1.1693E-06	9.6920E-07
-8.4261E-20	-4.2976E-18	2.3552E-06	4.0398E-08
-7.9356E-20	-4.2301E-18	2.0043E-06	-1.0191E-07
-7.4696E-20	-4.1639E-18	2.1026E-06	-1.2656E-06
-7.0013E-20	-4.0983E-18	2.2378E-08	-9.7644E-07
-6.5520E-20	-4.0341E-18	2.6690E-07	8.7904E-07
-6.1064E-20	-3.9707E-18	1.4171E-06	1.1169E-06
-5.6862E-20	-3.9082E-18	1.8019E-06	8.2639E-07
-5.2719E-20	-3.8469E-18	2.5502E-06	5.6514E-07
-4.8748E-20	-3.7865E-18	2.1003E-06	-6.4764E-07
-4.4810E-20	-3.7270E-18	1.8401E-06	-8.0250E-08
-4.1056E-20	-3.6685E-18	1.6700E-06	-1.3625E-06
-3.7326E-20	-3.6109E-18	9.5244E-08	-2.0598E-07
-3.3924E-20	-3.5540E-18	1.0776E-06	1.2406E-07
-3.0384E-20	-3.4983E-18	2.0154E-07	3.2218E-07
-2.6841E-20	-3.4433E-18	9.2596E-07	1.3749E-06
-2.3590E-20	-3.3892E-18	1.8017E-06	1.2724E-06
-2.0561E-20	-3.3359E-18	2.0629E-06	3.6326E-07
-1.7385E-20	-3.2836E-18	1.5327E-06	7.7404E-07
-1.4289E-20	-3.2320E-18	2.4166E-06	2.8544E-07
-1.1323E-20	-3.1812E-18	1.4971E-06	1.5929E-07
-8.6957E-21	-3.1312E-18	2.2531E-06	4.6245E-08
-5.9819E-21	-3.0820E-18	7.9878E-07	-2.6201E-07
-3.2127E-21	-3.0334E-18	1.5808E-06	1.2246E-06
-6.4425E-22	-2.9858E-18	2.1103E-06	4.4298E-07
1.7254E-21	-2.9389E-18	2.3439E-06	2.9443E-07
4.2157E-21	-2.8927E-18	1.7248E-06	-2.4328E-07
6.4282E-21	-2.8472E-18	2.1281E-06	4.9628E-07
8.7717E-21	-2.8025E-18	2.1981E-06	-6.0287E-07
1.0702E-20	-2.7584E-18	1.7890E-06	-3.1887E-07
1.3008E-20	-2.7150E-18	1.3120E-06	-1.1424E-06
1.5032E-20	-2.6723E-18	6.8923E-08	4.2356E-07
1.7021E-20	-2.6303E-18	1.9633E-06	1.2793E-06
1.8844E-20	-2.5889E-18	2.4062E-06	-3.5122E-07
2.0847E-20	-2.5483E-18	8.2784E-07	-3.3444E-07
2.2510E-20	-2.5081E-18	1.9219E-06	1.3247E-06
2.4176E-20	-2.4689E-18	2.9683E-06	-1.0598E-06
2.5878E-20	-2.4299E-18	4.9964E-07	-7.1313E-07
2.7606E-20	-2.3917E-18	1.9216E-06	2.4948E-08
2.9139E-20	-2.3542E-18	4.4017E-07	-1.1716E-06
3.0464E-20	-2.3170E-18	3.9983E-07	1.0493E-06
3.1980E-20	-2.2806E-18	1.4636E-06	2.8176E-07
3.3450E-20	-2.2447E-18	9.1504E-07	7.3350E-07
3.4643E-20	-2.2095E-18	1.6429E-06	6.6045E-07
3.6015E-20	-2.1746E-18	1.5381E-06	6.6230E-07
3.7205E-20	-2.1404E-18	1.6897E-06	2.3278E-07
3.8450E-20	-2.1068E-18	1.2076E-06	1.1610E-06
3.9715E-20	-2.0737E-18	3.0689E-06	6.4376E-07
4.0663E-20	-2.0410E-18	1.4590E-06	-3.2975E-07
4.1613E-20	-2.0089E-18	2.7846E-06	9.4647E-07
4.2818E-20	-1.9773E-18	2.1165E-06	-1.7965E-06
4.3723E-20	-1.9462E-18	3.5508E-07	8.6616E-07
4.4693E-20	-1.9156E-18	3.3600E-06	2.6779E-07
4.5511E-20	-1.8854E-18	1.3687E-06	-1.2803E-06
4.6376E-20	-1.8558E-18	1.6519E-06	-1.0945E-08
4.7282E-20	-1.8266E-18	1.0939E-06	-9.3951E-07
4.7917E-20	-1.7978E-18	9.8991E-07	6.7325E-07
4.8469E-20	-1.7696E-18	2.0817E-06	-3.7672E-07
4.9427E-20	-1.7416E-18	8.0811E-07	-3.4273E-07
4.9966E-20	-1.7143E-18	1.0235E-06	3.3703E-07
5.0718E-20	-1.6872E-18	1.5641E-06	1.1224E-06
5.1199E-20	-1.6607E-18	3.1345E-06	-2.3722E-07
5.1900E-20	-1.6346E-18	1.2304E-06	-1.2438E-06
5.2418E-20	-1.6089E-18	1.3427E-06	-2.7834E-07
5.2913E-20	-1.5834E-18	7.7934E-07	-4.7614E-07
5.3290E-20	-1.5585E-18	1.4536E-06	2.3870E-07
5.3824E-20	-1.5341E-18	8.2104E-07	-5.3301E-07
5.4181E-20	-1.5099E-18	1.4269E-06	8.9799E-07
5.4572E-20	-1.4861E-18	1.8580E-06	-9.2556E-07
5.5019E-20	-1.4628E-18	7.5544E-07	9.2800E-08
5.5382E-20	-1.4398E-18	1.7514E-06	-8.8808E-07
5.5674E-20	-1.4170E-18	-4.7781E-07	-5.5978E-07
5.5862E-20	-1.3945E-18	7.0412E-07	9.5767E-07
5.6263E-20	-1.3727E-18	5.0123E-07	2.9842E-07
5.6465E-20	-1.3511E-18	8.9669E-07	1.6662E-06
5.6716E-20	-1.3298E-18	2.3989E-06	9.4701E-07
5.6941E-20	-1.3088E-18	2.3194E-06	-4.6481E-07
5.7083E-20	-1.2882E-18	3.3241E-07	-1.0199E-06
5.7232E-20	-1.2679E-18	2.8125E-07	1.8452E-06
5.7513E-20	-1.2480E-18	2.8643E-06	4.1348E-07
5.7551E-20	-1.2283E-18	6.6993E-07	-1.7468E-07
5.7593E-20	-1.2089E-18	2.0522E-06	8.4142E-07
5.7677E-20	-1.1900E-18	1.2502E-06	-3.2650E-07
5.7747E-20	-1.1710E-18	1.9975E-06	4.8556E-07
5.8155E-20	-1.1527E-18	9.0404E-07	-1.2219E-06
5.8091E-20	-1.1344E-18	2.8396E-07	1.1765E-06
5.8088E-20	-1.1167E-18	1.9472E-06	3.9027E-07
5.8048E-20	-1.0991E-18	8.4892E-07	2.0784E-08
5.7858E-20	-1.0816E-18	8.5044E-07	1.3219E-06
5.7957E-20	-1.0647E-18	3.1820E-06	9.0341E-07
5.8030E-20	-1.0479E-18	1.1928E-06	-1.9056E-06
5.7756E-20	-1.0315E-18	-1.5696E-07	1.3823E-06
5.7838E-20	-1.0150E-18	2.3169E-06	7.3146E-07
5.7756E-20	-9.9904E-19	1.2775E-06	1.9125E-07
5.7612E-20	-9.8338E-19	1.5291E-06	5.0671E-07
5.7563E-20	-9.6779E-19	1.8967E-06	5.1849E-07
5.7527E-20	-9.5253E-19	1.6013E-06	-4.5179E-07
5.7331E-20	-9.3752E-19	1.0944E-06	4.2784E-07
5.7232E-20	-9.2291E-19	1.1681E-06	-1.7026E-07
5.7177E-20	-9.0811E-19	7.9289E-07	1.4787E-06
5.6871E-20	-8.9388E-19	2.8228E-06	4.4690E-07
5.6826E-20	-8.7989E-19	1.4375E-06	-4.3765E-07
5.6519E-20	-8.6606E-19	1.0932E-06	-3.0204E-07
5.6481E-20	-8.5223E-19	2.1080E-07	6.6529E-07
5.6206E-20	-8.3876E-19	1.1264E-06	1.4878E-06
5.5989E-20	-8.2557E-19	1.9341E-06	1.8536E-06
5.5890E-20	-8.1263E-19	2.9236E-06	7.8055E-07
5.5671E-20	-7.9973E-19	2.5575E-06	6.2063E-07
5.5452E-20	-7.8702E-19	2.9493E-06	-3.6866E-07
5.5148E-20	-7.7479E-19	2.2005E-06	-2.1357E-07
5.5010E-20	-7.6259E-19	2.2651E-06	-1.5113E-06
5.4749E-20	-7.5042E-19	-2.2943E-08	-7.5381E-08
5.4536E-20	-7.3862E-19	2.1118E-06	7.3475E-07
5.4151E-20	-7.2690E-19	1.3718E-06	1.7715E-07
5.4023E-20	-7.1565E-19	2.5231E-06	5.0146E-07
5.3691E-20	-7.0429E-19	2.1454E-06	-1.7767E-07
5.3460E-20	-6.9314E-19	2.7958E-06	-8.0766E-07
5.3164E-20	-6.8220E-19	1.0051E-06	-1.2555E-06
5.2959E-20	-6.7154E-19	1.5465E-06	-4.9636E-07
5.2694E-20	-6.6084E-19	3.3803E-07	-6.0368E-07
5.2316E-20	-6.5031E-19	1.5203E-06	6.0287E-07
5.2053E-20	-6.4021E-19	1.0663E-06	-3.6727E-07
5.1828E-20	-6.3008E-19	1.6082E-06	5.8139E-07
5.1470E-20	-6.2002E-19	1.3332E-06	-1.7390E-07
5.1242E-20	-6.1013E-19	2.2889E-06	7.3126E-07
5.0902E-20	-6.0073E-19	2.1366E-06	-1.4709E-06
5.0601E-20	-5.9114E-19	8.0564E-07	-2.4877E-07
5.0314E-20	-5.8182E-19	1.6199E-06	-6.4773E-07
5.0017E-20	-5.7258E-19	5.2536E-07	-2.5090E-07
4.9615E-20	-5.6350E-19	1.7011E-06	3.8358E-07
4.9436E-20	-5.5475E-19	1.7231E-06	-9.5493E-07
4.9168E-20	-5.4589E-19	5.5468E-07	-8.1623E-07
4.8668E-20	-5.3727E-19	4.0619E-07	-5.2691E-08
4.8477E-20	-5.2893E-19	8.3891E-07	4.6100E-07
4.7994E-20	-5.2055E-19	1.1617E-06	-6.9628E-08
4.7734E-20	-5.1223E-19	4.7305E-07	5.1741E-07
4.7334E-20	-5.0413E-19	1.7404E-06	8.1123E-07
4.7118E-20	-4.9636E-19	1.4501E-06	1.0548E-07
4.6845E-20	-4.8843E-19	2.0393E-06	2.4435E-07
4.6489E-20	-4.8069E-19	1.4094E-06	-8.3342E-07
4.6156E-20	-4.7294E-19	1.1713E-06	5.9301E-10
4.5776E-20	-4.6571E-19	1.0927E-06	-8.1793E-07
4.5322E-20	-4.5826E-19	2.8057E-07	4.5238E-07
4.5125E-20	-4.5086E-19	1.8721E-06	8.5769E-08
4.4776E-20	-4.4376E-19	9.0297E-08	-6.9612E-07
4.4532E-20	-4.3677E-19	4.8185E-07	1.7162E-06
4.4138E-20	-4.3013E-19	2.5724E-06	8.9960E-07
4.3764E-20	-4.2317E-19	2.4541E-06	-7.8890E-07
4.3505E-20	-4.1636E-19	4.5865E-07	-1.5505E-06
4.3084E-20	-4.0995E-19	-1.8474E-07	9.3304E-07
4.2709E-20	-4.0350E-19	1.8729E-06	7.1283E-07
4.2364E-20	-3.9711E-19	1.2950E-06	-1.9879E-07
4.2102E-20	-3.9059E-19	1.0386E-06	5.1745E-08
4.1790E-20	-3.8456E-19	1.2394E-06	2.6119E-07
4.1488E-20	-3.7866E-19	1.0657E-06	-1.5379E-07
4.1018E-20	-3.7244E-19	1.2202E-06	4.3920E-07
4.0680E-20	-3.6643E-19	9.0628E-07	-6.1532E-07
4.0542E-20	-3.6088E-19	5.1795E-07	1.2390E-06
4.0020E-20	-3.5511E-19	1.8533E-06	-2.8543E-07
3.9671E-20	-3.4939E-19	2.8232E-07	1.0775E-06
3.9355E-20	-3.4397E-19	2.7635E-06	-1.1646E-07
3.9199E-20	-3.3847E-19	-3.4746E-07	-3.9337E-08
3.8667E-20	-3.3331E-19	2.6537E-06	1.1497E-06
3.8537E-20	-3.2783E-19	6.2484E-07	-1.2989E-06
3.8106E-20	-3.2267E-19	7.5455E-07	1.0691E-06
3.7796E-20	-3.1770E-19	1.1312E-06	2.3138E-07
3.7343E-20	-3.1257E-19	1.4501E-06	6.0066E-07
3.7044E-20	-3.0771E-19	9.7125E-07	1.7881E-07
3.6618E-20	-3.0281E-19	1.5459E-06	3.5837E-07
3.6369E-20	-2.9798E-19	-1.9348E-08	3.6888E-07
3.6076E-20	-2.9331E-19	2.1517E-06	2.3873E-06
3.5786E-20	-2.8872E-19	2.5642E-06	-4.1116E-07
3.5501E-20	-2.8397E-19	1.5596E-06	4.8813E-07
3.5153E-20	-2.7966E-19	2.3960E-06	-9.2344E-08
3.4671E-20	-2.7524E-19	1.8467E-06	-1.0665E-06
3.4589E-20	-2.7072E-19	1.4230E-07	-5.0380E-07
3.4211E-20	-2.6657E-19	1.5525E-06	5.8274E-07
3.4011E-20	-2.6218E-19	3.8875E-07	-7.1739E-07
3.3358E-20	-2.5815E-19	7.6567E-07	1.6318E-06
3.3223E-20	-2.5400E-19	1.9116E-06	3.1605E-07
3.2898E-20	-2.4997E-19	1.6763E-06	4.7589E-07
3.2550E-20	-2.4607E-19	1.3828E-06	-3.0001E-07
3.2213E-20	-2.4209E-19	1.4042E-06	5.7031E-07
3.2073E-20	-2.3836E-19	1.0909E-06	-3.5790E-07
3.1564E-20	-2.3457E-19	1.2423E-06	1.4875E-06
3.1375E-20	-2.3081E-19	2.6204E-06	-5.4638E-07
3.1125E-20	-2.2726E-19	4.2612E-07	-9.5078E-08
3.0718E-20	-2.2360E-19	1.4819E-06	5.5845E-07
3.0403E-20	-2.1996E-19	1.0626E-06	9.0044E-07
3.0284E-20	-2.1668E-19	3.1256E-06	7.8766E-07
2.9983E-20	-2.1305E-19	1.7740E-06	-1.5512E-06
2.9680E-20	-2.0969E-19	8.2652E-07	1.7970E-07
2.9378E-20	-2.0643E-19	1.1545E-06	-6.6710E-07
2.9026E-20	-2.0318E-19	-1.3368E-07	1.5770E-06
2.8674E-20	-1.9993E-19	3.6421E-06	1.5663E-06
2.8578E-20	-1.9669E-19	2.5714E-06	-1.1127E-06
2.8246E-20	-1.9368E-19	2.1361E-06	-1.2318E-06
2.7876E-20	-1.9051E-19	-2.8213E-07	-1.3222E-06
2.7589E-20	-1.8755E-19	8.9298E-07	1.5600E-06
2.7410E-20	-1.8460E-19	2.1261E-06	-5.9994E-08
2.6987E-20	-1.8164E-19	1.6478E-06	-1.7187E-07
2.6860E-20	-1.7876E-19	1.1090E-06	-1.8833E-07
2.6442E-20	-1.7602E-19	2.2161E-06	3.4916E-07
2.6297E-20	-1.7317E-19	1.4870E-06	-1.3513E-06
2.6013E-20	-1.7030E-19	9.7897E-07	-2.2178E-07
2.5745E-20	-1.6778E-19	6.1342E-07	-6.8308E-07
2.5416E-20	-1.6504E-19	8.8538E-07	6.7281E-07
2.5317E-20	-1.6237E-19	1.0380E-06	-1.9147E-07
2.5019E-20	-1.5990E-19	1.2530E-06	8.6233E-07
2.4780E-20	-1.5726E-19	1.2960E-06	-1.0216E-07
2.4160E-20	-1.5486E-19	1.8588E-06	1.3056E-06
2.4381E-20	-1.5243E-19	2.5335E-06	-1.0176E-06
2.3784E-20	-1.4979E-19	9.8163E-07	6.0549E-08
2.3553E-20	-1.4778E-19	2.0442E-06	-3.5371E-07
2.3284E-20	-1.4522E-19	1.5784E-06	-6.5310E-10
2.3123E-20	-1.4286E-19	2.3526E-06	-1.0461E-06
2.2825E-20	-1.4074E-19	9.0467E-07	-1.1603E-06
2.2695E-20	-1.3842E-19	8.6418E-07	-5.1154E-07
2.2381E-20	-1.3637E-19	1.5708E-06	-1.7203E-07
2.2241E-20	-1.3426E-19	1.2045E-06	-1.6751E-06
2.1892E-20	-1.3192E-19	1.2461E-07	-4.6250E-07
2.1829E-20	-1.3003E-19	3.9559E-07	-6.6272E-07
2.1439E-20	-1.2783E-19	3.6785E-07	8.1434E-07
2.1241E-20	-1.2578E-19	1.6259E-06	-5.6736E-07
2.0996E-20	-1.2392E-19	3.2225E-07	7.7891E-08
2.0830E-20	-1.2186E-19	1.4263E-06	-5.4677E-07
2.0535E-20	-1.1988E-19	-1.0186E-07	7.9229E-08
2.0369E-20	-1.1787E-19	1.6949E-06	2.0500E-07
2.0157E-20	-1.1612E-19	4.2021E-07	-7.2640E-07
1.9962E-20	-1.1430E-19	4.8407E-07	9.1044E-08
1.9709E-20	-1.1237E-19	2.3219E-07	4.4110E-07
1.9494E-20	-1.1063E-19	1.2014E-06	8.7856E-07
1.9292E-20	-1.0903E-19	1.6103E-06	1.8043E-07
1.9022E-20	-1.0712E-19	9.6947E-07	-6.8897E-07
1.8817E-20	-1.0549E-19	2.2296E-07	8.7878E-07
1.8616E-20	-1.0383E-19	2.2275E-06	2.7373E-07
1.8469E-20	-1.0209E-19	5.3966E-07	-5.2401E-07
1.8269E-20	-1.0063E-19	1.2028E-06	6.8907E-07
1.8090E-20	-9.9042E-20	1.4155E-06	-2.0817E-08
1.7891E-20	-9.7458E-20	1.4585E-06	-1.0690E-07
1.7692E-20	-9.6031E-20	1.0788E-06	-3.2024E-07
1.7438E-20	-9.4338E-20	1.1234E-06	-1.2213E-07
1.7238E-20	-9.2695E-20	1.1675E-06	-1.7334E-07
1.7043E-20	-9.1486E-20	9.1180E-07	-6.4576E-07
1.6889E-20	-8.9903E-20	3.5098E-07	3.4947E-07
1.6617E-20	-8.8502E-20	1.4474E-06	-3.9897E-08
1.6542E-20	-8.7071E-20	3.3576E-07	2.4530E-07
1.6419E-20	-8.5582E-20	2.0193E-06	5.6194E-07
1.6119E-20	-8.4433E-20	1.1228E-06	-6.8983E-07
1.6002E-20	-8.2935E-20	1.4031E-06	-4.2001E-08
1.5703E-20	-8.1776E-20	7.0053E-07	-6.7347E-07
1.5587E-20	-8.0347E-20	1.4094E-06	5.6084E-07
1.5462E-20	-7.9110E-20	1.8649E-06	-1.5788E-06
1.5297E-20	-7.7972E-20	-6.2587E-07	-1.1556E-06
1.5035E-20	-7.6498E-20	1.0540E-07	9.0664E-07
1.4764E-20	-7.5320E-20	1.4714E-06	1.5581E-08
1.4625E-20	-7.4295E-20	5.2451E-07	-5.4833E-07
1.4658E-20	-7.3024E-20	3.8637E-07	-1.6076E-07
1.4319E-20	-7.1784E-20	-1.1808E-07	4.2927E-07
1.4281E-20	-7.0828E-20	1.2392E-06	1.1228E-06
1.4038E-20	-6.9585E-20	1.2046E-06	-1.7291E-07
1.3759E-20	-6.8400E-20	8.7660E-07	5.9105E-07
1.3625E-20	-6.7352E-20	1.6721E-06	1.1778E-07
1.3469E-20	-6.6267E-20	1.2352E-06	-1.5792E-07
1.3446E-20	-6.5293E-20	1.6397E-06	-2.3298E-07
1.3309E-20	-6.4202E-20	1.1727E-06	-1.0877E-06
1.3003E-20	-6.3287E-20	5.3090E-07	-7.0830E-07
1.2950E-20	-6.2243E-20	1.8251E-07	-6.6092E-07
1.2865E-20	-6.1161E-20	4.9214E-07	4.7203E-07
1.2696E-20	-6.0347E-20	1.0658E-06	-1.2919E-06
1.2475E-20	-5.9376E-20	-1.3917E-06	3.6521E-07
1.2362E-20	-5.8394E-20	1.9681E-06	9.1767E-07
1.2145E-20	-5.7559E-20	-3.7361E-07	-1.2388E-06
1.2041E-20	-5.6580E-20	5.0371E-07	1.4735E-06
1.1847E-20	-5.5695E-20	6.9632E-07	-7.3036E-07
1.1918E-20	-5.4890E-20	-9.4216E-08	9.2277E-07
1.1515E-20	-5.3954E-20	4.4966E-07	4.7355E-07
1.1430E-20	-5.3014E-20	1.1825E-06	1.7027E-06
1.1242E-20	-5.2241E-20	1.7407E-06	-7.1824E-07
1.1213E-20	-5.1259E-20	3.5909E-08	1.0106E-06
1.1133E-20	-5.0516E-20	2.5306E-06	3.5526E-07
1.1055E-20	-4.9507E-20	9.9477E-07	-8.5179E-07
1.0713E-20	-4.9021E-20	7.8727E-07	-4.9471E-07
1.0690E-20	-4.8104E-20	4.1432E-07	8.2215E-08
1.0510E-20	-4.7448E-20	1.1635E-06	-5.9744E-07
1.0384E-20	-4.6803E-20	-6.3696E-07	-2.4794E-07
1.0153E-20	-4.5848E-20	7.9916E-07	1.1016E-06
1.0189E-20	-4.5176E-20	1.0404E-06	-9.7417E-08
9.9607E-21	-4.4540E-20	6.5271E-07	-6.4992E-08
1.0158E-20	-4.3751E-20	5.4474E-07	1.3199E-07
9.8796E-21	-4.3022E-20	7.3699E-07	-3.4400E-07
9.7615E-21	-4.2377E-20	-5.8340E-07	2.1489E-07
9.6448E-21	-4.1720E-20	8.8283E-07	1.3110E-06
9.3705E-21	-4.1057E-20	7.9046E-07	3.8125E-08
9.1505E-21	-4.0377E-20	5.3168E-07	9.4016E-07
9.0905E-21	-3.9596E-20	1.4247E-06	8.2172E-07
9.0847E-21	-3.9098E-20	1.8832E-06	-4.7300E-08
9.0801E-21	-3.8527E-20	7.3279E-07	-8.1746E-07
8.8120E-21	-3.7915E-20	6.7145E-07	2.1647E-07
8.7040E-21	-3.7177E-20	9.1196E-07	-7.3924E-07
8.6501E-21	-3.6784E-20	-5.2980E-07	-3.1557E-07
8.4915E-21	-3.6143E-20	-1.3570E-07	1.2459E-06
8.3871E-21	-3.5496E-20	1.5463E-06	9.6683E-07
8.3367E-21	-3.4997E-20	8.0290E-07	-4.6720E-07
8.1287E-21	-3.4394E-20	3.5583E-07	7.7977E-07
8.1336E-21	-3.3768E-20	1.1687E-06	2.1800E-07
8.0867E-21	-3.3416E-20	7.3414E-07	5.2685E-07
7.8821E-21	-3.2798E-20	1.4314E-06	-2.3180E-07
7.7580E-21	-3.2313E-20	-9.9688E-08	1.5231E-07
7.8203E-21	-3.1601E-20	1.7986E-06	9.3275E-07
7.6719E-21	-3.1384E-20	1.0440E-06	-1.3461E-06
7.6570E-21	-3.0648E-20	-3.3461E-07	3.8779E-08
7.4578E-21	-3.0202E-20	2.5486E-07	5.1400E-07
7.3656E-21	-2.9710E-20	6.1402E-07	9.8331E-07
7.1950E-21	-2.9087E-20	1.3017E-06	6.5055E-07
7.2902E-21	-2.8714E-20	1.6486E-06	2.0107E-07
6.9894E-21	-2.8344E-20	9.8756E-07	-7.1434E-07
6.9542E-21	-2.7932E-20	8.1251E-07	3.3839E-07
6.8672E-21	-2.7421E-20	1.4248E-06	-1.0050E-06
6.8076E-21	-2.6904E-20	-4.1786E-07	-4.6345E-07
6.6961E-21	-2.6666E-20	6.9736E-07	4.8424E-07
6.7179E-21	-2.6083E-20	9.6382E-07	-2.0024E-07
6.5818E-21	-2.5752E-20	5.9626E-07	-9.4809E-07
6.5791E-21	-2.5352E-20	-6.0533E-07	-6.7775E-08
6.5243E-21	-2.4975E-20	7.0632E-07	4.1339E-07
6.4044E-21	-2.4554E-20	2.3903E-07	-3.6331E-07
6.1398E-21	-2.4044E-20	2.3498E-07	-1.1996E-07
6.1011E-21	-2.3639E-20	-3.9784E-07	-1.0870E-07
6.0765E-21	-2.3373E-20	-8.1558E-08	6.7224E-07
6.0529E-21	-2.3000E-20	2.8092E-07	6.6440E-07
5.9772E-21	-2.2574E-20	6.2184E-07	2.8140E-07
5.9686E-21	-2.2107E-20	2.5448E-07	5.9273E-07
5.7094E-21	-2.1857E-20	1.4271E-06	-3.1031E-07
5.8348E-21	-2.1607E-20	-1.2010E-06	-7.9060E-07
5.5906E-21	-2.1250E-20	2.4452E-07	1.7122E-06
5.5788E-21	-2.0865E-20	5.6112E-07	-4.9021E-07
5.4157E-21	-2.0552E-20	-2.2501E-07	8.4321E-07
5.4122E-21	-2.0224E-20	4.7189E-07	-6.2067E-08
