jMRUI Data Textfile

Filename: Export_to_jmrui.txt

PointsInDataset: 2048
DatasetsInFile: 1
SamplingInterval: 0.250000
ZeroOrderPhase: 0E0
BeginTime: 0E0
TransmitterFrequency: 1.2326E8
MagneticField: 2.8936E0
TypeOfNucleus:  
NameOfPatient:  
DateOfExperiment:  
Spectrometer:  
AdditionalInfo: 
SignalNames:  


Signal and FFT
sig(real)	sig(imag)	fft(real)	fft(imag)
Signal 1 out of 1 in file
7.9883E-06	-4.2495E-06	-3.5007E-06	2.8460E-06
9.5853E-06	-8.7127E-06	-1.0511E-06	2.8392E-06
4.8236E-06	-9.5952E-06	-5.4514E-07	2.9014E-06
1.1112E-06	-9.3065E-06	3.2767E-07	1.5558E-06
-3.2337E-06	-6.8272E-06	-8.0274E-07	2.5548E-06
-5.0613E-06	-3.3504E-06	1.7157E-06	1.8742E-06
-5.1696E-06	3.5065E-07	-3.6847E-07	4.6068E-07
-2.6799E-06	2.4075E-06	-1.2988E-08	1.5769E-06
-7.5162E-08	2.6794E-06	-9.4094E-07	1.5608E-06
2.2443E-06	1.3114E-06	6.5960E-07	2.6550E-06
2.9806E-06	-4.7010E-07	-3.5477E-07	8.9605E-07
2.8266E-06	-2.1509E-06	-5.9044E-07	3.7967E-06
1.5402E-06	-2.8893E-06	2.2594E-06	2.9427E-06
2.3706E-07	-3.0387E-06	1.5647E-06	1.2807E-06
-1.1173E-06	-2.3459E-06	1.0524E-06	1.6848E-06
-1.5779E-06	-1.4539E-06	1.4010E-06	1.0322E-06
-1.7394E-06	-5.6286E-07	-4.2292E-07	1.5378E-06
-1.2894E-06	1.1157E-07	1.8145E-06	3.5408E-06
-9.6641E-07	4.2576E-07	2.6052E-06	3.3977E-07
-5.8454E-07	6.4116E-07	2.3694E-07	7.8846E-07
-5.7233E-07	7.8471E-07	4.8187E-07	1.6290E-06
-4.0345E-07	1.0033E-06	7.4494E-07	2.6964E-06
-2.1003E-07	1.2064E-06	2.8488E-06	1.7920E-06
1.8949E-07	1.1824E-06	9.4370E-07	-4.8899E-07
4.9031E-07	9.5063E-07	-1.0149E-06	1.9280E-06
8.3711E-07	3.7256E-07	9.7545E-07	3.3977E-06
7.8683E-07	-1.2676E-07	1.9589E-06	2.6316E-06
4.9938E-07	-5.3293E-07	2.2167E-06	1.8530E-06
-4.4520E-08	-5.2477E-07	1.4117E-06	1.8196E-06
-3.8920E-07	-1.1328E-07	2.4900E-06	2.3240E-06
-6.6090E-07	5.4696E-07	2.2745E-06	7.4882E-07
-4.7288E-07	1.2247E-06	1.3788E-06	1.2522E-06
-8.9317E-08	1.7022E-06	1.2272E-06	1.4021E-06
5.9110E-07	1.6611E-06	1.4980E-06	2.3230E-06
1.0422E-06	1.3609E-06	2.3402E-06	1.6750E-06
1.3234E-06	8.7186E-07	1.9352E-06	1.4342E-06
1.3105E-06	3.8629E-07	2.0230E-06	1.3108E-06
1.2234E-06	7.3447E-08	1.7629E-06	1.0599E-06
9.3462E-07	-2.5429E-08	1.2143E-06	1.3532E-06
9.0632E-07	-1.7727E-08	1.8651E-06	1.6505E-06
7.2293E-07	-1.0983E-07	8.6775E-07	9.4354E-07
6.9861E-07	-2.3000E-07	9.5348E-07	2.9662E-06
5.5832E-07	-4.2178E-07	2.1043E-06	2.2944E-06
3.3078E-07	-6.3096E-07	2.3330E-06	3.1815E-06
-1.5568E-07	-6.4028E-07	4.2138E-06	1.4080E-06
-4.7554E-07	-5.1184E-07	2.2054E-06	-2.2071E-08
-6.4325E-07	-6.0723E-08	1.1081E-06	8.9921E-07
-5.4451E-07	4.2094E-07	1.4167E-06	2.2549E-06
-2.3255E-07	8.5575E-07	2.4169E-06	1.6263E-06
1.7060E-07	8.5472E-07	1.9722E-06	1.6490E-06
4.9544E-07	5.9465E-07	1.9908E-06	1.0523E-06
6.5015E-07	1.9074E-07	1.0894E-06	2.3306E-06
3.7106E-07	-2.0312E-07	2.8079E-06	2.3526E-06
-6.4050E-08	-4.3965E-07	2.7274E-06	1.9913E-06
-5.7606E-07	-4.0995E-07	3.3482E-06	4.6615E-07
-8.8770E-07	5.1018E-08	7.6249E-07	9.0007E-07
-9.0623E-07	7.1225E-07	2.4910E-06	2.0514E-06
-5.6467E-07	1.0564E-06	1.4926E-06	9.4753E-07
-1.3691E-07	1.1379E-06	1.7580E-06	2.0575E-06
3.8859E-07	1.0281E-06	1.5825E-06	1.8502E-06
6.3978E-07	5.6400E-07	1.9832E-06	2.1413E-06
5.3528E-07	1.6675E-07	1.2026E-06	2.7762E-06
1.8760E-07	-4.8127E-08	3.6655E-06	3.7195E-06
-1.6555E-07	-6.5520E-08	3.7698E-06	1.3580E-06
-4.2381E-07	1.8963E-07	3.2234E-06	1.1662E-06
-4.5237E-07	5.7676E-07	1.9982E-06	1.0722E-06
-2.6327E-07	9.0724E-07	3.0539E-06	2.1816E-06
2.5450E-08	9.2243E-07	2.8514E-06	5.8709E-07
2.0188E-07	7.2590E-07	2.0784E-06	6.8044E-07
2.0674E-07	5.0994E-07	3.4974E-08	1.5837E-06
-1.2565E-08	3.7057E-07	2.8635E-06	4.6907E-06
-1.3051E-07	3.1427E-07	3.9921E-06	9.6278E-07
-3.2475E-07	4.7453E-07	2.4309E-06	2.2948E-06
-2.5910E-07	6.8204E-07	3.4910E-06	9.4401E-07
-1.1724E-07	8.8695E-07	1.7472E-06	1.9943E-06
2.2444E-07	9.2495E-07	3.6105E-06	2.0964E-06
3.7947E-07	7.6801E-07	2.8492E-06	1.2669E-06
4.4981E-07	5.1616E-07	2.7932E-06	1.4209E-06
3.1173E-07	2.7934E-07	2.5731E-06	1.9982E-06
7.1646E-08	1.6724E-07	3.8221E-06	1.5172E-06
-1.9851E-07	2.3920E-07	2.5995E-06	5.0313E-07
-3.1706E-07	4.5213E-07	2.4782E-06	1.5875E-06
-2.3120E-07	6.9774E-07	2.8428E-06	7.5543E-07
2.3318E-08	7.9374E-07	1.3995E-06	1.0336E-06
2.9228E-07	7.0094E-07	1.8815E-06	2.2518E-06
4.1575E-07	5.1650E-07	1.9476E-06	2.1228E-06
3.9078E-07	1.6289E-07	2.3509E-06	3.2434E-06
1.2721E-07	-1.4838E-07	3.8077E-06	2.9432E-06
-1.5856E-07	-1.6110E-07	4.4038E-06	1.6813E-06
-4.3923E-07	-6.2796E-09	3.1056E-06	3.5849E-07
-6.0034E-07	3.0033E-07	1.9517E-06	1.7715E-06
-4.6228E-07	6.8727E-07	2.9992E-06	2.4106E-06
-2.1090E-07	9.1426E-07	3.4847E-06	1.9070E-06
1.8505E-07	8.9556E-07	3.0094E-06	1.5697E-06
4.0306E-07	6.9140E-07	3.3404E-06	2.3124E-06
5.3154E-07	4.1863E-07	3.8279E-06	1.3227E-06
3.4723E-07	1.2661E-07	2.9721E-06	1.6987E-06
1.4312E-07	-4.0793E-08	4.1217E-06	1.8975E-06
-2.0673E-07	-8.7399E-08	3.8968E-06	5.4999E-07
-4.1195E-07	-8.3448E-09	2.9021E-06	9.2759E-07
-5.2392E-07	1.8438E-07	3.4874E-06	1.2557E-06
-4.6529E-07	3.9474E-07	3.2839E-06	6.1354E-07
-4.1710E-07	5.2605E-07	3.0795E-06	8.1486E-07
-3.7732E-07	5.1958E-07	3.1112E-06	2.4500E-07
-3.2380E-07	5.0741E-07	1.5977E-06	-1.9099E-07
-3.1879E-07	4.6820E-07	5.4887E-07	2.4871E-06
-2.9840E-07	5.9218E-07	3.9156E-06	3.0970E-06
-2.3022E-07	7.2656E-07	3.1813E-06	8.4449E-07
-1.3729E-07	7.2063E-07	3.6205E-06	1.8797E-06
3.7743E-08	7.3053E-07	3.1768E-06	-3.8373E-07
1.8681E-07	5.6243E-07	1.6174E-06	1.2355E-06
2.2270E-07	3.8697E-07	2.2601E-06	1.1058E-06
5.5114E-08	2.7419E-07	1.9150E-06	2.2160E-06
-1.0067E-07	1.6406E-07	3.1167E-06	1.4575E-06
-3.2739E-07	2.5203E-07	1.9274E-06	1.5695E-06
-4.7443E-07	4.2143E-07	2.6615E-06	2.0333E-06
-4.4835E-07	5.2901E-07	2.5197E-06	1.7098E-06
-3.0777E-07	7.6573E-07	2.1910E-06	1.8776E-06
-1.1958E-07	7.7732E-07	2.6191E-06	2.8138E-06
1.5122E-07	6.7034E-07	3.3656E-06	1.8320E-06
2.8045E-07	5.5649E-07	2.4973E-06	2.2672E-06
2.2324E-07	2.7832E-07	3.4986E-06	2.3539E-06
7.0923E-08	1.2004E-07	3.3592E-06	2.1774E-06
-1.3642E-07	1.1516E-07	4.2259E-06	1.6131E-06
-3.2619E-07	1.9141E-07	3.1030E-06	5.5545E-07
-3.8120E-07	3.9282E-07	2.3161E-06	1.4212E-06
-3.2558E-07	5.1532E-07	2.7131E-06	2.1373E-06
-2.0397E-07	6.8620E-07	3.5250E-06	1.8797E-06
-8.2043E-08	6.9700E-07	3.3452E-06	9.0044E-07
1.9356E-08	5.9800E-07	2.0809E-06	8.9464E-07
1.3413E-07	4.5323E-07	2.0001E-06	2.1313E-06
1.4219E-08	4.0228E-07	2.5467E-06	2.3633E-06
-5.5960E-08	3.3332E-07	3.3184E-06	2.3330E-06
-1.0484E-07	3.2225E-07	2.6483E-06	1.2751E-06
-1.6225E-07	3.9853E-07	2.3911E-06	2.9066E-06
-9.0186E-08	3.9621E-07	3.6332E-06	2.0495E-06
-1.5199E-08	3.9635E-07	2.9378E-06	2.2200E-06
5.7500E-08	3.0515E-07	3.5477E-06	1.7418E-06
5.6285E-08	2.2623E-07	2.8244E-06	2.0349E-06
-1.3827E-08	1.9180E-07	3.5461E-06	1.5993E-06
-1.8202E-07	1.7052E-07	2.2708E-06	1.7618E-06
-2.7205E-07	1.7132E-07	3.2840E-06	2.5996E-06
-4.0932E-07	3.8172E-07	3.5310E-06	1.5811E-06
-3.5713E-07	4.5509E-07	2.3046E-06	1.4299E-06
-2.8200E-07	5.4304E-07	2.9426E-06	3.4158E-06
-1.2463E-07	5.7578E-07	4.5927E-06	9.2385E-07
-1.7807E-08	5.1282E-07	1.2554E-06	1.4106E-06
3.5298E-08	3.6583E-07	3.5307E-06	3.1052E-06
-9.0415E-09	2.7070E-07	2.9226E-06	1.3198E-06
-6.4965E-08	1.7742E-07	2.5757E-06	2.3546E-06
-1.2947E-07	2.0711E-07	2.6611E-06	2.6337E-06
-2.2833E-07	2.5582E-07	3.8900E-06	2.6201E-06
-2.6279E-07	3.5697E-07	2.8364E-06	1.3949E-06
-2.5562E-07	4.5963E-07	2.7128E-06	2.9749E-06
-1.8018E-07	4.8076E-07	3.9701E-06	2.3882E-06
-1.0234E-07	5.0613E-07	3.3686E-06	1.0635E-06
-6.7818E-08	5.2891E-07	1.3961E-06	1.9598E-06
6.2683E-08	4.1398E-07	2.8430E-06	3.8914E-06
6.9714E-08	3.7325E-07	3.6442E-06	2.6479E-06
-1.9092E-08	3.2253E-07	3.2442E-06	3.0218E-06
-1.9528E-08	2.9042E-07	4.2513E-06	3.0616E-06
-4.3266E-08	2.5407E-07	4.3951E-06	1.6258E-06
-1.3139E-07	2.4593E-07	2.9995E-06	1.9866E-06
-1.5555E-07	3.1865E-07	4.3608E-06	2.1905E-06
-1.8123E-07	3.3206E-07	3.1211E-06	5.9611E-07
-2.2637E-07	3.7987E-07	2.0281E-06	1.5232E-06
-1.7665E-07	4.2268E-07	8.9880E-07	2.8636E-06
-1.6412E-07	4.7326E-07	3.4189E-06	5.3037E-06
-7.0531E-08	5.3278E-07	5.0478E-06	2.4090E-06
1.7964E-08	4.8737E-07	3.2692E-06	2.0616E-06
1.4114E-08	4.1484E-07	2.8875E-06	3.0407E-06
1.1673E-07	3.5049E-07	4.9039E-06	3.9242E-06
-7.7221E-10	2.9663E-07	5.0556E-06	2.0181E-07
7.2449E-08	2.7712E-07	9.8684E-07	1.7064E-06
-7.1334E-10	1.6629E-07	3.5703E-06	4.5978E-06
-4.6172E-08	1.9863E-07	4.8452E-06	1.8155E-06
-1.2798E-07	2.1244E-07	2.2289E-06	2.2404E-06
-4.3870E-08	2.5611E-07	4.4141E-06	3.9266E-06
-5.9996E-08	2.9164E-07	3.8752E-06	9.4304E-07
2.8811E-09	2.8432E-07	2.0520E-06	3.7806E-06
-7.3561E-09	2.6281E-07	5.3239E-06	3.3980E-06
1.8988E-08	2.6116E-07	3.6670E-06	1.4925E-06
-2.8591E-08	1.8343E-07	3.0698E-06	2.9211E-06
-7.9359E-08	2.3487E-07	3.7745E-06	3.1362E-06
-1.1274E-07	2.2874E-07	3.7179E-06	2.9717E-06
-1.7303E-07	2.6313E-07	3.9961E-06	3.6099E-06
-1.8843E-07	2.6639E-07	4.8240E-06	3.3523E-06
-1.2051E-07	3.0576E-07	5.6590E-06	2.8200E-06
-8.1993E-08	3.2922E-07	4.8928E-06	5.6510E-07
-7.7957E-08	3.2553E-07	2.5710E-06	2.2564E-06
-1.2431E-07	3.3524E-07	4.4869E-06	3.1920E-06
-1.0412E-07	3.2679E-07	4.4928E-06	2.4608E-06
-1.1465E-07	3.4259E-07	5.0064E-06	1.8365E-06
-1.0620E-07	3.0944E-07	3.6088E-06	1.3588E-06
-1.4981E-07	3.5901E-07	3.6691E-06	2.0607E-06
-9.6625E-08	3.4424E-07	2.9012E-06	2.4658E-06
-8.7665E-09	3.7848E-07	4.5055E-06	3.6209E-06
-4.5911E-08	3.0299E-07	4.7302E-06	1.6244E-06
-7.5327E-08	2.7451E-07	3.5056E-06	2.2369E-06
2.7756E-08	3.4876E-07	4.1310E-06	2.7199E-06
-9.6141E-08	2.4300E-07	4.6795E-06	2.1675E-06
-1.7408E-08	2.9983E-07	3.6539E-06	1.3351E-06
-9.4046E-08	2.9998E-07	3.0407E-06	2.8705E-06
-5.9748E-08	3.0104E-07	4.4245E-06	2.9841E-06
-7.1047E-08	3.7151E-07	4.3533E-06	2.2187E-06
-3.2317E-08	3.1003E-07	3.9853E-06	2.1141E-06
-9.6441E-08	3.0235E-07	3.7561E-06	2.5099E-06
-3.4495E-08	2.4463E-07	4.1760E-06	2.5247E-06
-1.3019E-08	2.8477E-07	3.6199E-06	2.5645E-06
6.7268E-08	2.8843E-07	4.6724E-06	3.9717E-06
-1.3879E-08	2.7268E-07	7.0216E-06	1.7122E-06
-2.4423E-08	2.5630E-07	3.9017E-06	-1.1953E-06
-6.0269E-08	2.7642E-07	1.4452E-06	1.9832E-06
-1.8567E-08	2.5946E-07	3.6943E-06	2.8453E-06
-2.5790E-08	2.5706E-07	2.7189E-06	2.2327E-06
-2.1391E-08	2.5659E-07	3.5789E-06	3.9607E-06
5.9935E-09	2.4684E-07	4.7525E-06	2.7371E-06
2.2387E-08	2.5139E-07	4.1896E-06	2.1611E-06
-3.1704E-08	2.1506E-07	3.3459E-06	2.3064E-06
2.9140E-08	2.0873E-07	4.0563E-06	3.2858E-06
1.2460E-08	2.5732E-07	3.6923E-06	2.1800E-06
-4.4391E-08	2.0247E-07	3.7748E-06	4.4474E-06
-2.2066E-08	2.0020E-07	6.1505E-06	2.6011E-06
-1.1666E-08	1.8341E-07	4.5439E-06	2.1308E-06
1.6692E-08	1.2916E-07	5.4620E-06	1.2326E-06
-4.0266E-08	2.1735E-07	2.7498E-06	1.0148E-06
-8.2389E-08	1.7680E-07	3.7757E-06	2.7538E-06
-1.4695E-07	2.2000E-07	3.4537E-06	1.7336E-06
-7.0434E-08	2.0287E-07	2.8461E-06	2.5377E-06
-1.1128E-07	1.6830E-07	2.8286E-06	3.7901E-06
-5.1708E-08	3.1031E-07	4.7873E-06	3.9604E-06
-1.9007E-08	2.5151E-07	4.4891E-06	3.0687E-06
-3.6763E-08	2.4440E-07	5.5437E-06	2.7986E-06
-3.7573E-08	2.2348E-07	3.8315E-06	1.5343E-06
-4.5029E-08	1.8915E-07	4.3101E-06	3.5748E-06
-1.3513E-08	1.6981E-07	5.1630E-06	1.7877E-06
-5.6985E-08	1.6849E-07	3.5953E-06	1.9177E-06
-1.5375E-09	1.4695E-07	3.8958E-06	3.0812E-06
-3.0098E-08	1.7337E-07	5.0812E-06	2.0082E-06
-6.4793E-08	2.3140E-07	2.3333E-06	1.7528E-06
-9.3872E-08	2.0209E-07	4.2777E-06	5.0344E-06
-3.4262E-08	1.9540E-07	5.8649E-06	1.8691E-06
-9.7588E-08	1.9805E-07	3.9473E-06	2.2559E-06
-5.0536E-08	1.9587E-07	4.5756E-06	2.3531E-06
-6.0897E-08	2.0394E-07	4.8143E-06	2.3221E-06
-2.3773E-08	2.2880E-07	4.3955E-06	4.9901E-07
-1.0575E-07	2.1504E-07	1.9145E-06	1.8590E-06
-5.4515E-08	2.3537E-07	3.1286E-06	3.4920E-06
-1.6505E-08	2.0557E-07	3.8099E-06	3.3921E-06
2.4367E-08	2.4663E-07	4.3247E-06	3.0588E-06
-7.4064E-08	2.7229E-07	4.3643E-06	2.6387E-06
-3.7461E-08	2.8456E-07	3.7319E-06	2.0388E-06
5.9122E-09	2.2115E-07	3.1654E-06	3.1994E-06
-2.4939E-08	3.1775E-07	4.0743E-06	2.9241E-06
6.3358E-08	2.2096E-07	2.9852E-06	3.1514E-06
7.4916E-08	1.8919E-07	4.0017E-06	4.4214E-06
1.5875E-08	1.7648E-07	5.0641E-06	3.5834E-06
6.5541E-08	1.7784E-07	4.6524E-06	2.8503E-06
1.0403E-08	2.0694E-07	4.4715E-06	3.1378E-06
8.1527E-09	1.7678E-07	4.4502E-06	2.7145E-06
-2.1806E-08	9.7854E-08	3.9449E-06	3.6551E-06
9.4172E-09	2.0155E-07	5.8744E-06	3.5169E-06
-3.6222E-08	1.3500E-07	4.8097E-06	1.3391E-06
-1.4507E-08	1.6683E-07	3.2766E-06	3.1206E-06
-9.9077E-09	1.2178E-07	5.3530E-06	3.5655E-06
-3.1822E-09	1.1807E-07	4.8535E-06	1.7430E-06
-1.3727E-09	1.8842E-07	3.7838E-06	2.6287E-06
1.5054E-08	1.9788E-07	4.5762E-06	2.9074E-06
-2.6577E-08	1.1614E-07	4.4777E-06	2.1398E-06
1.2833E-08	1.2878E-07	3.3688E-06	2.3226E-06
-7.0157E-08	9.7666E-08	3.6881E-06	3.7445E-06
-1.3690E-08	8.9898E-08	5.0091E-06	3.3242E-06
1.2403E-08	1.1088E-07	4.7503E-06	2.2573E-06
-7.4660E-09	9.9722E-08	3.8740E-06	2.3535E-06
-5.5895E-08	8.2130E-08	4.1409E-06	2.5851E-06
-7.2276E-08	1.8137E-07	2.9947E-06	2.1562E-06
-2.0922E-08	1.2035E-07	2.8666E-06	4.3434E-06
-3.5760E-08	1.4108E-07	4.4958E-06	4.2034E-06
-3.0236E-08	1.4884E-07	4.9605E-06	4.1586E-06
-3.2563E-08	1.8783E-07	5.6296E-06	2.6471E-06
-4.9976E-08	1.0543E-07	4.0690E-06	2.7730E-06
-6.3733E-08	9.1429E-08	5.1998E-06	3.1102E-06
-3.0293E-08	1.3455E-07	4.5627E-06	1.8096E-06
-5.9859E-08	1.3833E-07	3.2999E-06	2.0696E-06
-6.5536E-08	1.2750E-07	2.8296E-06	3.8866E-06
-5.2996E-08	1.2990E-07	5.1359E-06	3.9675E-06
-6.1527E-08	1.9137E-07	4.1983E-06	2.2820E-06
-5.8060E-08	9.7991E-08	3.7782E-06	3.0946E-06
9.3810E-09	1.4675E-07	3.0979E-06	3.0067E-06
1.3619E-08	1.8523E-07	3.4010E-06	4.7205E-06
-3.6987E-08	1.9633E-07	4.5173E-06	4.4374E-06
6.8830E-08	1.6172E-07	5.1791E-06	4.3677E-06
5.0272E-08	1.4485E-07	5.0792E-06	3.1775E-06
3.9900E-08	1.3375E-07	4.9042E-06	3.7460E-06
1.2362E-08	1.5578E-07	4.6863E-06	2.5398E-06
-1.9907E-08	9.4131E-08	3.7785E-06	4.5006E-06
2.6209E-08	1.1832E-07	6.2028E-06	3.6670E-06
9.0124E-08	1.1617E-07	4.6628E-06	2.8485E-06
-5.0667E-08	3.8869E-08	5.4701E-06	2.9321E-06
-1.2353E-08	1.0022E-07	3.9817E-06	2.3400E-06
4.7114E-08	1.1093E-07	4.3459E-06	3.2528E-06
-1.3292E-08	1.1214E-07	3.4560E-06	3.3282E-06
2.0235E-08	1.2583E-07	4.9916E-06	4.5263E-06
-5.8343E-08	9.0301E-08	4.5122E-06	2.8552E-06
-5.9791E-08	1.1795E-07	4.6255E-06	4.7461E-06
2.6998E-08	1.1350E-07	6.1273E-06	3.0409E-06
2.9129E-08	1.4079E-07	4.7419E-06	2.6883E-06
-5.4831E-08	9.4469E-08	4.7950E-06	2.6348E-06
-5.7268E-08	4.1069E-08	3.8025E-06	2.8285E-06
2.7250E-08	8.7560E-08	4.1822E-06	3.9306E-06
-7.4847E-09	9.3058E-08	4.9692E-06	3.3457E-06
-2.2475E-08	6.1940E-08	4.0091E-06	3.3569E-06
-1.7746E-09	7.1591E-08	5.1899E-06	4.2301E-06
1.6956E-08	7.8997E-08	5.2049E-06	2.5415E-06
-1.2635E-08	6.1215E-08	4.3592E-06	3.2091E-06
9.7369E-09	5.6945E-08	4.7096E-06	2.8528E-06
-1.9214E-08	4.2323E-08	4.2788E-06	3.1219E-06
-5.1413E-08	8.8594E-08	4.4388E-06	2.5527E-06
3.1510E-10	3.6372E-08	3.0861E-06	2.8532E-06
-3.6977E-08	8.8713E-08	3.1792E-06	4.1929E-06
-4.3784E-08	4.0517E-08	4.3239E-06	4.8025E-06
-3.7042E-08	6.9084E-08	5.0572E-06	3.5276E-06
-3.0595E-08	5.2759E-08	3.6558E-06	3.5315E-06
-7.0951E-08	6.5595E-08	4.5573E-06	4.5559E-06
-9.7640E-08	8.1772E-08	4.7025E-06	3.1288E-06
8.2305E-11	5.7328E-08	3.2142E-06	3.9276E-06
-7.8952E-08	4.2988E-08	4.4626E-06	4.8930E-06
-9.2022E-10	6.9270E-08	4.5135E-06	3.9927E-06
1.0105E-09	9.1969E-08	4.4305E-06	4.3307E-06
-8.0436E-08	2.8959E-08	3.9642E-06	3.7845E-06
-5.0181E-08	8.4023E-08	3.1011E-06	5.6313E-06
-7.0968E-08	6.7811E-08	5.8500E-06	6.8381E-06
-2.2606E-08	5.3654E-08	7.1030E-06	3.8432E-06
3.3391E-08	6.4086E-08	4.2967E-06	3.7715E-06
-7.4929E-08	3.4828E-08	6.3355E-06	5.6498E-06
-1.0382E-08	6.5922E-08	6.6411E-06	2.5580E-06
1.5254E-08	5.0419E-08	4.5989E-06	2.9760E-06
-3.7159E-08	6.1044E-08	3.7632E-06	3.7018E-06
-1.7393E-08	6.0120E-08	5.2021E-06	6.2483E-06
-3.3603E-08	1.0188E-07	7.2841E-06	2.8667E-06
-6.4549E-08	8.1579E-08	3.6416E-06	3.4119E-06
-2.2294E-08	3.4029E-08	6.1706E-06	4.8849E-06
1.6523E-09	4.4999E-08	5.4701E-06	2.7246E-06
-1.6609E-08	1.7906E-08	4.6823E-06	3.6175E-06
-5.8035E-08	5.2408E-08	4.6931E-06	3.8455E-06
-1.3932E-08	2.8734E-08	4.9378E-06	4.0602E-06
4.1923E-08	3.3790E-08	4.7589E-06	4.2514E-06
4.5089E-08	5.5199E-08	5.5647E-06	4.5020E-06
-8.5868E-08	6.5190E-08	5.7130E-06	3.7264E-06
-4.8156E-08	7.4328E-08	5.2476E-06	3.2162E-06
2.3543E-08	5.5472E-08	4.5105E-06	3.9561E-06
-7.1262E-08	2.2952E-08	5.6552E-06	3.6289E-06
-1.5026E-08	6.0526E-08	3.4188E-06	3.2177E-06
2.0370E-08	1.4015E-08	4.7610E-06	6.2869E-06
-4.5662E-08	1.0379E-10	6.6913E-06	3.9314E-06
-3.2240E-08	1.7311E-08	5.1950E-06	3.8559E-06
-5.3882E-08	-2.6551E-08	6.0767E-06	3.6045E-06
-4.5415E-09	-7.7556E-09	4.9859E-06	2.7000E-06
-5.3512E-08	-1.9620E-08	3.9281E-06	3.2542E-06
-3.5594E-08	-9.0086E-09	3.6655E-06	5.0271E-06
3.1163E-10	6.8682E-08	6.0195E-06	5.3477E-06
-8.8856E-08	2.4145E-09	5.8935E-06	3.3062E-06
-3.0384E-08	-2.8359E-08	4.9044E-06	3.3943E-06
-2.9234E-08	2.7610E-08	4.1967E-06	3.4646E-06
-5.8181E-08	4.6459E-08	4.1395E-06	4.8357E-06
-1.4522E-10	1.0206E-08	5.0988E-06	4.4484E-06
-5.1263E-08	4.3898E-08	4.5675E-06	4.7413E-06
-4.8147E-08	8.1489E-08	5.7632E-06	4.5258E-06
-3.1849E-08	5.9582E-08	4.3581E-06	3.5713E-06
-7.2180E-08	1.4496E-08	4.3854E-06	5.4479E-06
-1.5455E-08	1.8514E-08	5.3775E-06	4.7631E-06
-2.5932E-08	-1.5939E-08	5.0368E-06	5.3034E-06
1.8710E-09	1.9625E-08	6.3206E-06	4.5090E-06
-5.9390E-08	1.1832E-08	4.4510E-06	3.9695E-06
8.7099E-09	-2.5884E-08	5.4083E-06	6.0239E-06
-2.0882E-08	2.0125E-08	6.6076E-06	4.1814E-06
-3.9008E-08	-2.2621E-08	5.1325E-06	4.1830E-06
9.8686E-09	8.4966E-09	5.7377E-06	4.6003E-06
-7.2916E-08	5.7721E-09	5.4606E-06	4.3309E-06
9.9054E-09	-2.1407E-08	5.9730E-06	4.4206E-06
5.0759E-08	3.1640E-08	5.3755E-06	3.4369E-06
-1.5629E-08	-5.1527E-08	4.5566E-06	4.4594E-06
-2.3145E-08	-2.5508E-08	5.4145E-06	4.7175E-06
-4.4698E-08	-1.0441E-09	5.1100E-06	4.2477E-06
-5.0821E-08	-3.8370E-08	4.7543E-06	4.9741E-06
-4.4782E-08	-5.6145E-09	5.8249E-06	5.4611E-06
-9.7393E-08	-1.8328E-09	6.2460E-06	4.2001E-06
-4.1592E-08	2.1353E-08	5.2136E-06	4.2616E-06
-6.4986E-08	9.7096E-09	6.0040E-06	4.5873E-06
-4.3428E-09	5.2942E-09	5.4939E-06	2.9738E-06
-8.5627E-08	-5.5835E-08	3.0443E-06	4.1113E-06
-7.6604E-09	-3.1336E-08	4.6583E-06	6.9570E-06
-6.5187E-09	-4.7115E-08	6.8077E-06	4.9109E-06
-1.8214E-08	-2.0872E-08	4.6685E-06	4.3940E-06
-8.9063E-08	-4.4085E-08	5.4965E-06	5.9818E-06
-1.5027E-08	-3.3393E-08	6.2366E-06	5.0691E-06
-5.4329E-08	-4.3617E-08	6.0584E-06	4.7883E-06
-7.0217E-08	-7.7897E-08	5.7708E-06	4.5304E-06
-3.2646E-08	-4.4049E-08	5.6858E-06	4.7247E-06
-7.0418E-08	-7.5474E-08	5.3989E-06	4.5655E-06
-9.4565E-08	-5.9784E-08	5.2178E-06	5.3706E-06
-6.6638E-08	-4.1375E-08	6.2391E-06	5.5794E-06
-7.4960E-09	-2.9109E-08	6.5402E-06	4.5408E-06
2.5539E-08	-3.5570E-08	5.5228E-06	4.3496E-06
-8.2883E-08	-2.4842E-08	5.6743E-06	5.1988E-06
-2.6311E-08	-4.7684E-09	6.0565E-06	4.7502E-06
-1.0640E-08	-4.5491E-08	5.4716E-06	5.1082E-06
-2.2522E-08	-5.0475E-08	6.6305E-06	5.7063E-06
-2.8770E-08	-8.9640E-09	7.0125E-06	4.1520E-06
-4.4251E-08	3.2193E-08	5.9111E-06	4.1304E-06
-8.1689E-08	-5.6201E-08	5.7997E-06	4.3443E-06
-2.0004E-08	1.1408E-08	5.9797E-06	5.2495E-06
-6.4956E-08	-4.3116E-08	7.4414E-06	3.7707E-06
-9.8433E-08	-1.4094E-08	4.8330E-06	3.0665E-06
-2.3135E-08	-7.1180E-08	5.6588E-06	4.8965E-06
-1.0322E-07	-2.1413E-08	5.4018E-06	3.4368E-06
-9.8385E-08	-3.3487E-08	4.7429E-06	4.7876E-06
-6.0629E-08	5.4694E-09	5.3013E-06	4.3640E-06
-2.1368E-08	2.6419E-08	4.5498E-06	5.1039E-06
-4.8961E-08	-2.1280E-08	5.7849E-06	5.6038E-06
-5.7555E-09	-2.2096E-08	5.8776E-06	4.4681E-06
-4.8831E-09	-5.3988E-08	5.0122E-06	4.9833E-06
-1.5332E-08	-7.6092E-08	6.1264E-06	5.1223E-06
-7.3494E-08	-7.2654E-08	5.2433E-06	4.0732E-06
-1.0246E-07	-6.0802E-08	4.8815E-06	5.2397E-06
-6.2614E-08	-4.5076E-08	5.3430E-06	5.2407E-06
3.3608E-08	-6.9686E-08	5.6460E-06	5.3569E-06
-2.6686E-08	-1.2198E-08	5.7316E-06	4.9235E-06
-7.3436E-08	-4.4066E-08	5.7096E-06	4.3780E-06
-5.8717E-08	-2.6329E-08	3.7752E-06	4.4499E-06
-1.2373E-07	-4.4887E-08	5.0157E-06	7.0015E-06
-3.6407E-08	-6.3680E-08	6.0308E-06	4.6736E-06
-5.4964E-08	-5.0179E-08	4.2945E-06	5.8064E-06
-7.7360E-08	-6.1038E-08	5.5424E-06	5.5263E-06
-7.2960E-08	-6.5018E-08	3.5419E-06	6.2910E-06
-8.6579E-08	-1.4918E-08	6.0228E-06	8.6775E-06
-1.5990E-08	-1.2756E-07	7.8408E-06	6.4664E-06
-3.3087E-09	-8.7502E-08	7.2566E-06	5.3971E-06
-5.4559E-08	-1.0376E-07	6.7293E-06	4.5310E-06
-3.5575E-08	-7.9909E-08	5.5237E-06	4.8009E-06
-1.0871E-07	-9.9384E-08	5.7118E-06	5.0471E-06
-5.4178E-08	-7.9370E-08	4.1945E-06	4.9768E-06
-9.6056E-08	-9.4869E-08	4.2784E-06	7.9305E-06
-5.2440E-08	-1.0046E-07	7.4199E-06	7.8729E-06
-1.3799E-07	-1.1163E-07	7.5610E-06	5.5855E-06
-5.9905E-08	-8.9420E-08	6.2013E-06	5.3001E-06
-8.0529E-08	-9.8850E-08	5.7771E-06	6.3171E-06
-1.2165E-07	-1.0136E-07	7.0082E-06	7.0249E-06
-3.1398E-08	-8.7441E-08	7.7611E-06	5.5064E-06
-6.9191E-08	-7.8332E-08	6.5059E-06	5.4034E-06
1.6223E-08	-7.9472E-08	7.2122E-06	5.7560E-06
-8.0291E-08	-7.6569E-08	6.9556E-06	5.0122E-06
-5.8498E-08	-8.4657E-08	6.5716E-06	4.7108E-06
-5.6020E-08	-7.7583E-08	5.3119E-06	5.6262E-06
-6.6538E-08	-7.5919E-08	7.5560E-06	6.6813E-06
-1.0228E-07	-4.7160E-08	7.4055E-06	3.9257E-06
-9.8277E-08	-6.7890E-08	5.4690E-06	4.5245E-06
-9.6723E-08	-3.9755E-08	5.4105E-06	5.6856E-06
-7.1687E-08	-7.2290E-08	6.5140E-06	5.8508E-06
-1.0956E-07	-8.8620E-08	5.8351E-06	5.2675E-06
-7.2608E-08	-2.8749E-08	6.6046E-06	5.6903E-06
-6.5894E-08	-8.3896E-08	4.8741E-06	4.6545E-06
-5.1491E-08	-4.5941E-08	5.7756E-06	7.7198E-06
-1.1152E-07	-8.1394E-08	7.0525E-06	4.8794E-06
-1.0289E-07	-7.5229E-08	4.8315E-06	6.4078E-06
-8.6914E-08	-1.3005E-07	6.5751E-06	6.4157E-06
-5.5809E-08	-7.3891E-08	5.5913E-06	6.8506E-06
3.6498E-09	-6.8897E-08	7.4388E-06	7.2684E-06
-8.6453E-08	-6.0931E-08	7.7325E-06	5.8467E-06
-9.3977E-08	-1.1414E-07	6.7725E-06	4.6176E-06
-1.4407E-07	-9.1045E-08	5.0172E-06	5.9349E-06
-5.6900E-09	-1.2735E-07	6.1950E-06	7.1029E-06
-7.8053E-08	-8.1970E-08	6.7005E-06	7.1722E-06
-2.5882E-08	-7.4952E-08	7.8191E-06	6.6857E-06
-8.3206E-08	-8.1714E-08	7.2169E-06	5.6590E-06
-6.4951E-08	-8.7054E-08	6.7919E-06	6.1256E-06
-3.0253E-08	-9.4170E-08	7.0558E-06	6.0972E-06
-4.5997E-08	-9.3377E-08	6.6256E-06	6.2582E-06
-7.1172E-08	-7.4400E-08	7.5481E-06	6.8385E-06
-1.0588E-08	-1.1716E-07	7.6153E-06	5.8443E-06
-3.5092E-08	-3.5805E-08	8.2295E-06	6.2208E-06
-3.8519E-08	-1.2078E-07	7.7023E-06	3.4918E-06
-6.0534E-08	-1.2656E-07	4.6612E-06	5.9441E-06
-8.2713E-08	-1.0292E-07	8.3126E-06	7.1900E-06
-1.0610E-07	-1.4029E-07	7.5892E-06	3.8584E-06
-1.0280E-07	-4.3986E-08	5.4124E-06	5.3512E-06
-9.6795E-08	-5.6894E-08	6.7453E-06	6.0836E-06
-1.9653E-08	-9.1730E-08	5.9178E-06	5.4478E-06
-6.3696E-08	-8.5662E-08	6.4168E-06	7.0886E-06
-6.1869E-08	-1.3887E-07	7.4413E-06	5.9136E-06
-1.4084E-07	-6.1312E-08	6.9900E-06	5.7462E-06
-1.0569E-07	-9.0661E-08	6.2986E-06	5.0302E-06
-9.0756E-08	-1.0349E-07	5.7540E-06	6.8478E-06
-2.9585E-08	-1.0236E-07	7.2508E-06	6.3263E-06
-6.8499E-08	-8.9291E-08	6.8933E-06	6.2501E-06
-8.5516E-08	-1.1343E-07	7.0655E-06	5.1793E-06
-1.0528E-07	-9.8618E-08	5.6988E-06	5.9488E-06
-5.8242E-08	-5.4667E-08	6.0561E-06	5.7335E-06
-1.3448E-07	-1.1028E-07	4.7391E-06	7.6778E-06
-1.0033E-07	-1.1311E-07	7.9505E-06	7.9749E-06
-1.2337E-07	-9.7014E-08	6.6993E-06	6.4191E-06
-6.5080E-08	-1.2300E-07	7.6836E-06	7.7678E-06
-6.8217E-08	-8.9518E-08	8.2073E-06	5.9989E-06
-7.1900E-08	-1.0569E-07	7.1087E-06	5.9024E-06
-1.6129E-07	-1.0539E-07	7.3182E-06	6.4640E-06
-4.6933E-08	-9.5217E-08	7.5910E-06	5.4678E-06
-6.5065E-08	-1.2672E-07	6.1493E-06	5.6458E-06
-8.8344E-08	-9.8426E-08	6.2703E-06	6.4846E-06
-2.8691E-08	-1.1351E-07	6.5405E-06	7.1977E-06
-6.0830E-08	-9.9571E-08	7.4387E-06	6.3988E-06
-4.6623E-08	-1.5498E-07	5.9568E-06	6.8086E-06
-1.3840E-07	-7.4184E-08	7.4832E-06	7.9629E-06
-4.6703E-08	-1.3099E-07	8.2347E-06	7.2556E-06
-5.8215E-08	-1.0980E-07	9.1094E-06	5.5789E-06
-1.2423E-07	-1.2907E-07	6.0912E-06	4.7167E-06
-7.7235E-08	-1.0218E-07	6.7891E-06	7.4077E-06
-5.3525E-08	-1.6898E-07	7.4221E-06	5.6991E-06
-9.5921E-09	-1.2530E-07	6.2267E-06	6.9283E-06
-1.7542E-07	-1.1676E-07	7.9396E-06	7.0264E-06
-5.6367E-08	-1.0273E-07	7.3737E-06	5.7979E-06
-1.3130E-07	-7.8748E-08	7.0130E-06	6.3570E-06
-5.3597E-08	-1.1458E-07	6.8937E-06	5.7395E-06
-5.9419E-08	-1.0114E-07	5.7683E-06	6.8440E-06
-7.7662E-08	-1.1000E-07	7.1926E-06	7.6208E-06
-9.2521E-08	-8.8561E-08	7.4688E-06	6.9364E-06
-6.8218E-08	-1.3861E-07	7.5089E-06	6.4517E-06
-8.0377E-08	-8.8403E-08	6.5289E-06	6.7820E-06
-1.2024E-07	-1.3105E-07	7.7772E-06	7.6081E-06
-2.0368E-07	-1.2819E-07	8.0072E-06	6.0284E-06
-1.4523E-07	-1.2882E-07	6.6084E-06	5.9815E-06
-1.0929E-07	-1.3606E-07	6.4022E-06	7.3390E-06
-1.3200E-07	-1.2404E-07	7.5474E-06	7.4631E-06
-6.9987E-08	-8.1419E-08	7.6872E-06	7.2693E-06
-6.5074E-08	-1.0023E-07	8.4478E-06	6.3553E-06
-3.4495E-08	-1.3572E-07	6.6541E-06	5.8401E-06
-1.4603E-07	-1.3467E-07	7.2798E-06	7.3113E-06
-1.0877E-07	-9.8632E-08	7.3734E-06	6.0200E-06
-9.8393E-08	-1.3583E-07	6.2539E-06	6.8898E-06
-1.0434E-08	-8.2833E-08	7.0241E-06	7.7677E-06
-1.0582E-07	-8.4451E-08	7.8370E-06	7.4776E-06
-1.1723E-07	-1.7572E-07	7.9215E-06	7.0376E-06
-1.0237E-07	-1.2862E-07	8.0586E-06	6.4740E-06
-3.4023E-08	-1.1360E-07	7.0463E-06	6.2956E-06
-1.4674E-07	-1.2293E-07	7.4289E-06	7.2144E-06
-8.9768E-08	-1.1919E-07	7.9669E-06	6.3548E-06
-1.1183E-07	-1.1194E-07	6.9042E-06	5.6619E-06
-1.1769E-07	-1.2736E-07	5.6096E-06	7.0921E-06
-8.3967E-08	-1.0664E-07	7.5356E-06	8.4943E-06
-9.9062E-08	-9.1372E-08	8.4112E-06	6.4885E-06
-1.8357E-07	-1.2732E-07	6.7039E-06	5.9314E-06
-9.5103E-08	-6.4846E-08	6.1086E-06	7.5094E-06
-1.6495E-07	-1.1129E-07	7.5502E-06	7.5720E-06
-1.4215E-07	-1.4345E-07	6.2423E-06	7.0888E-06
-1.1006E-07	-4.0061E-08	7.4159E-06	9.4755E-06
-1.4375E-07	-9.3772E-08	9.7141E-06	7.3195E-06
-1.0032E-07	-7.1989E-08	8.1171E-06	5.6757E-06
-9.1384E-08	-9.8006E-08	6.7776E-06	5.9658E-06
-8.8653E-08	-8.5335E-08	6.3504E-06	7.1824E-06
-1.0360E-07	-8.3481E-08	6.9774E-06	7.4272E-06
-1.0752E-07	-8.3274E-08	6.8290E-06	7.6544E-06
-1.4877E-07	-1.2269E-07	7.2360E-06	7.7892E-06
-1.2829E-07	-1.1637E-07	6.9946E-06	8.3635E-06
-8.7948E-08	-1.6553E-07	9.1404E-06	8.8046E-06
-2.4284E-08	-1.4253E-07	9.0628E-06	5.7007E-06
-1.6095E-07	-1.2333E-07	6.5161E-06	6.9776E-06
-9.3844E-08	-1.0299E-07	8.8388E-06	7.7122E-06
-1.1466E-07	-1.6149E-07	7.8975E-06	5.4774E-06
-8.7138E-08	-1.2784E-07	7.0192E-06	6.7303E-06
-1.0793E-07	-7.0477E-08	7.4001E-06	5.8683E-06
-5.0661E-08	-1.2378E-07	5.5155E-06	6.3729E-06
-1.2058E-07	-1.4381E-07	6.1997E-06	8.0797E-06
-1.3554E-07	-1.2991E-07	6.8737E-06	7.7215E-06
-5.5879E-08	-1.7373E-07	6.9227E-06	8.1169E-06
-5.5042E-08	-1.4581E-07	7.7918E-06	7.8201E-06
-6.6406E-08	-1.1413E-07	7.6046E-06	7.0553E-06
-1.2880E-07	-1.4088E-07	7.1819E-06	6.7960E-06
-1.4924E-07	-1.5872E-07	6.5664E-06	6.6195E-06
-9.4449E-08	-1.6398E-07	5.3802E-06	7.2665E-06
-1.8850E-07	-1.7528E-07	6.1071E-06	9.2421E-06
-1.7859E-07	-1.4630E-07	7.5759E-06	8.3038E-06
-1.1277E-07	-9.8598E-08	7.1122E-06	8.3891E-06
-1.0484E-07	-1.1567E-07	7.9453E-06	7.4564E-06
-1.1728E-07	-1.2848E-07	6.3712E-06	7.5726E-06
-1.0203E-07	-1.0288E-07	7.2534E-06	7.4466E-06
-1.2522E-07	-1.3473E-07	4.5747E-06	8.1877E-06
-7.8932E-08	-9.1313E-08	8.1879E-06	1.1046E-05
-1.8286E-07	-4.6770E-08	8.5401E-06	6.8385E-06
-1.2971E-07	-1.5975E-07	7.0339E-06	8.2289E-06
-1.3325E-07	-9.2142E-08	7.0620E-06	6.9512E-06
-8.3386E-08	-7.5401E-08	6.0940E-06	9.2246E-06
-7.5807E-08	-1.2632E-07	8.2536E-06	7.8174E-06
-8.3769E-08	-1.1708E-07	5.7842E-06	7.8513E-06
-1.2808E-07	-1.6793E-07	6.9924E-06	9.1055E-06
-1.8407E-07	-1.2533E-07	6.8720E-06	8.7935E-06
-8.6711E-08	-1.3270E-07	7.3804E-06	8.9406E-06
-1.0200E-07	-1.6746E-07	7.3033E-06	9.3506E-06
-7.5881E-08	-1.0464E-07	9.1574E-06	8.4809E-06
-1.1630E-07	-1.0412E-07	6.7997E-06	6.6613E-06
-1.5397E-07	-1.7016E-07	6.5622E-06	9.4147E-06
-1.0383E-07	-1.2462E-07	8.1938E-06	7.9716E-06
-1.0276E-07	-1.4716E-07	5.9658E-06	8.1641E-06
-1.2437E-07	-1.7151E-07	7.8844E-06	1.0252E-05
-9.5234E-08	-1.5259E-07	9.1821E-06	7.3221E-06
-1.1661E-07	-9.7978E-08	6.6399E-06	7.0384E-06
-1.3366E-07	-9.6854E-08	6.9968E-06	7.9325E-06
-1.4049E-07	-1.3964E-07	6.4577E-06	7.4257E-06
-8.0621E-08	-1.0275E-07	5.6447E-06	8.0799E-06
-1.1094E-07	-9.5821E-08	6.0543E-06	9.6463E-06
-1.0075E-07	-1.2820E-07	7.8104E-06	8.3498E-06
-1.9507E-07	-1.0030E-07	5.1753E-06	8.0903E-06
-9.4421E-08	-1.3303E-07	7.4049E-06	1.0432E-05
-1.0105E-07	-1.4553E-07	7.7311E-06	6.8180E-06
-6.9804E-08	-9.7328E-08	4.7842E-06	7.8598E-06
-8.0260E-08	-1.1788E-07	5.1377E-06	9.4094E-06
-1.9050E-07	-1.6393E-07	6.2762E-06	1.0401E-05
-1.5371E-07	-9.6537E-08	7.5194E-06	8.6736E-06
-1.0934E-07	-1.1402E-07	5.4468E-06	7.9856E-06
-1.1096E-07	-9.2856E-08	5.0528E-06	9.4598E-06
-4.6864E-08	-1.3833E-07	5.3448E-06	9.7663E-06
-1.2808E-07	-1.0674E-07	5.4195E-06	1.0606E-05
-1.5758E-07	-1.6722E-07	6.8627E-06	1.0324E-05
-1.7668E-07	-1.6903E-07	5.6301E-06	9.1238E-06
-1.1774E-07	-1.2136E-07	5.2452E-06	1.0927E-05
-1.2002E-07	-1.5395E-07	6.4456E-06	1.0899E-05
-1.7555E-07	-1.2154E-07	6.8856E-06	1.0293E-05
-1.0644E-07	-1.6412E-07	5.6381E-06	9.4033E-06
-1.1165E-07	-1.5926E-07	5.2564E-06	1.1457E-05
-7.4481E-08	-1.4560E-07	6.6382E-06	1.1106E-05
-8.5886E-08	-1.2944E-07	6.6583E-06	1.1096E-05
-1.0735E-07	-7.4730E-08	6.7540E-06	1.0086E-05
-7.4304E-08	-1.6621E-07	5.8420E-06	1.0825E-05
-1.3044E-07	-1.0876E-07	6.3343E-06	1.0640E-05
-5.7109E-08	-1.2384E-07	6.0425E-06	1.1437E-05
-6.8525E-08	-1.1723E-07	6.9324E-06	1.0442E-05
-8.2393E-08	-8.1202E-08	5.5464E-06	1.1178E-05
-1.6432E-07	-1.2569E-07	7.3379E-06	1.0797E-05
-2.0548E-07	-5.9910E-08	5.2424E-06	9.8989E-06
-1.2434E-07	-1.5528E-07	5.5895E-06	1.1320E-05
-1.5503E-07	-1.2765E-07	5.2417E-06	1.0970E-05
-1.2879E-07	-8.8029E-08	5.1854E-06	1.1487E-05
-8.4635E-08	-1.3557E-07	4.5986E-06	1.2204E-05
-1.2142E-07	-1.1927E-07	5.8578E-06	1.2770E-05
-4.5155E-08	-1.3179E-07	5.3114E-06	1.2571E-05
-1.4870E-07	-1.1208E-07	6.5946E-06	1.2882E-05
-1.5944E-07	-1.0831E-07	5.0110E-06	1.2142E-05
-1.2527E-07	-1.0098E-07	6.7403E-06	1.4451E-05
-1.0472E-07	-1.0710E-07	7.0862E-06	1.1021E-05
-1.8552E-07	-1.7419E-07	4.2664E-06	1.3150E-05
-1.9104E-07	-1.2059E-07	7.0262E-06	1.4371E-05
-1.1767E-07	-1.4780E-07	7.3660E-06	1.2091E-05
-9.6746E-08	-1.1703E-07	4.9753E-06	1.2227E-05
-1.4810E-07	-1.0024E-07	6.3454E-06	1.4778E-05
-1.1351E-07	-1.0778E-07	7.6202E-06	1.1809E-05
-1.8235E-07	-1.5410E-07	4.3824E-06	1.2632E-05
-1.6994E-07	-1.1627E-07	6.0915E-06	1.4293E-05
-8.7134E-08	-1.0985E-07	5.9334E-06	1.3214E-05
-1.0308E-07	-1.2468E-07	5.2421E-06	1.3821E-05
-1.0316E-07	-1.6388E-07	5.5378E-06	1.5445E-05
-1.3062E-07	-1.7035E-07	8.3761E-06	1.4315E-05
-1.6131E-07	-1.2292E-07	4.9818E-06	1.1578E-05
-1.2069E-07	-1.1910E-07	3.8935E-06	1.6627E-05
-9.7264E-08	-1.1176E-07	8.2920E-06	1.5745E-05
-6.5704E-08	-1.6151E-07	6.5442E-06	1.3425E-05
-1.7051E-07	-1.4049E-07	5.6950E-06	1.4615E-05
-1.1102E-07	-1.3765E-07	5.9165E-06	1.5041E-05
-1.1251E-07	-7.3081E-08	5.8481E-06	1.5113E-05
-1.3021E-07	-5.9615E-08	5.7746E-06	1.6088E-05
-9.6533E-08	-6.2704E-08	6.9824E-06	1.5787E-05
-7.4202E-08	-1.1790E-07	5.9289E-06	1.5609E-05
-1.3639E-07	-9.2948E-08	6.9744E-06	1.6620E-05
-1.2097E-07	-9.2510E-08	7.0601E-06	1.5425E-05
-1.0683E-07	-1.1055E-07	6.5401E-06	1.5768E-05
-8.6048E-08	-7.8771E-08	6.3592E-06	1.5996E-05
-1.3137E-07	-1.4297E-07	7.0984E-06	1.6180E-05
-1.3592E-07	-1.8432E-07	5.9024E-06	1.4903E-05
-1.2744E-07	-1.1250E-07	4.8455E-06	1.7297E-05
-9.8837E-08	-1.5084E-07	6.6043E-06	1.7586E-05
-1.0967E-07	-1.2595E-07	6.4153E-06	1.7365E-05
-1.2220E-07	-1.1737E-07	6.7371E-06	1.7331E-05
-5.8022E-08	-1.4847E-07	6.1535E-06	1.7253E-05
-8.0064E-08	-8.3815E-08	5.6152E-06	1.8238E-05
-1.2073E-07	-1.2254E-07	6.8626E-06	1.9690E-05
-1.7030E-07	-1.3132E-07	8.0443E-06	1.8212E-05
-1.4358E-07	-1.0889E-07	6.6249E-06	1.8428E-05
-1.1664E-07	-1.2019E-07	7.4600E-06	1.9444E-05
-1.3450E-07	-8.8329E-08	8.4268E-06	1.9407E-05
-1.1702E-07	-2.1287E-07	9.0290E-06	1.7652E-05
-1.6760E-07	-1.0552E-07	6.5892E-06	1.7640E-05
-1.3663E-07	-1.1045E-07	7.4457E-06	1.9325E-05
-1.3450E-07	-1.1797E-07	7.2472E-06	1.8326E-05
-9.7866E-08	-4.9676E-08	6.3964E-06	1.9987E-05
-1.0146E-07	-1.0828E-07	8.6096E-06	2.0816E-05
-1.9262E-07	-1.2231E-07	8.8404E-06	1.8270E-05
-1.5739E-07	-1.5255E-07	6.3845E-06	1.9357E-05
-9.0272E-08	-1.1372E-07	7.9398E-06	2.0392E-05
-6.4099E-08	-1.2007E-07	7.2541E-06	2.0294E-05
-1.5712E-07	-9.7235E-08	8.9270E-06	2.0435E-05
-1.5965E-07	-9.8005E-08	6.3539E-06	1.9082E-05
-1.9683E-07	-1.5184E-07	7.1120E-06	2.2927E-05
-1.4767E-07	-1.2144E-07	8.8268E-06	2.0957E-05
-1.6272E-07	-1.4175E-07	7.9093E-06	2.1879E-05
-1.2493E-07	-1.0080E-07	8.6346E-06	2.1090E-05
-1.0568E-07	-1.1462E-07	7.5432E-06	2.2197E-05
-1.4628E-07	-1.1374E-07	8.9506E-06	2.2369E-05
-2.0282E-07	-9.1068E-08	8.5949E-06	2.2035E-05
-1.2272E-07	-7.3083E-08	8.2418E-06	2.1983E-05
-1.7728E-07	-7.3796E-08	7.7589E-06	2.3407E-05
-1.1896E-07	-1.1498E-07	9.0273E-06	2.3776E-05
-1.5650E-07	-1.1754E-07	9.3419E-06	2.3960E-05
-1.7864E-07	-7.0224E-08	9.9128E-06	2.3199E-05
-9.2242E-08	-1.1878E-07	8.9523E-06	2.3861E-05
-1.4232E-07	-9.5510E-08	1.0332E-05	2.4039E-05
-1.5721E-07	-1.5304E-07	9.5311E-06	2.3495E-05
-9.9250E-08	-1.4029E-07	9.8219E-06	2.4005E-05
-1.5977E-07	-1.0563E-07	8.7737E-06	2.4116E-05
-1.3768E-07	-1.1854E-07	9.7902E-06	2.6372E-05
-1.4731E-07	-1.1630E-07	1.1756E-05	2.4791E-05
-1.4714E-07	-1.0979E-07	9.9057E-06	2.4076E-05
-1.5384E-07	-7.6123E-08	1.0220E-05	2.5512E-05
-1.5492E-07	-6.7913E-08	9.8927E-06	2.5002E-05
-1.5591E-07	-9.7933E-08	1.0135E-05	2.7429E-05
-1.3349E-07	-1.3073E-07	1.2853E-05	2.5758E-05
-1.3687E-07	-8.9140E-08	1.0127E-05	2.4765E-05
-9.3335E-08	-7.1430E-08	1.0779E-05	2.7004E-05
-9.2423E-08	-9.6598E-08	1.1381E-05	2.6133E-05
-1.4179E-07	-1.1706E-07	1.0956E-05	2.6469E-05
-1.2904E-07	-1.4253E-07	1.0631E-05	2.6656E-05
-1.1660E-07	-1.4916E-07	1.0621E-05	2.8104E-05
-1.1012E-07	-9.6504E-08	1.2456E-05	2.8299E-05
-9.4053E-08	-8.8604E-08	1.2388E-05	2.6472E-05
-1.8372E-07	-1.2421E-07	1.0431E-05	2.7006E-05
-1.0982E-07	-1.6438E-07	1.0998E-05	2.8571E-05
-1.1313E-07	-9.0435E-08	1.1198E-05	2.8085E-05
-1.1528E-07	-8.5254E-08	1.0314E-05	2.9058E-05
-9.9013E-08	-1.5144E-07	1.1183E-05	3.0163E-05
-9.1106E-08	-9.0667E-08	1.1583E-05	2.9690E-05
-1.4899E-07	-1.2083E-07	1.0300E-05	2.9925E-05
-1.3823E-07	-1.1174E-07	1.0056E-05	3.2610E-05
-1.1256E-07	-7.5400E-08	1.2827E-05	3.3077E-05
-1.2621E-07	-1.2023E-07	1.1634E-05	3.1900E-05
-1.5801E-07	-1.6734E-07	1.2250E-05	3.4970E-05
-1.3464E-07	-1.1080E-07	1.4653E-05	3.3659E-05
-1.8181E-07	-1.0563E-07	1.3963E-05	3.3383E-05
-1.2807E-07	-3.1601E-08	1.3652E-05	3.2601E-05
-1.3958E-07	-1.7087E-07	1.1811E-05	3.5341E-05
-1.1318E-07	-6.3141E-08	1.5882E-05	3.6269E-05
-1.0377E-07	-8.8386E-08	1.4224E-05	3.3410E-05
-1.1248E-07	-1.2019E-07	1.2759E-05	3.6716E-05
-1.4635E-07	-8.7308E-08	1.5159E-05	3.8133E-05
-1.5143E-07	-1.2748E-07	1.6476E-05	3.7540E-05
-1.7449E-07	-1.2281E-07	1.6539E-05	3.7164E-05
-1.3615E-07	-1.1817E-07	1.6505E-05	3.6846E-05
-1.5808E-07	-9.1000E-08	1.4949E-05	3.7614E-05
-7.9599E-08	-9.7920E-08	1.5899E-05	4.0171E-05
-1.7502E-07	-6.7947E-08	1.7596E-05	4.0086E-05
-1.3659E-07	-1.0221E-07	1.7812E-05	3.9579E-05
-1.3958E-07	-9.6389E-08	1.6618E-05	4.0128E-05
-1.8428E-07	-1.0390E-07	1.7488E-05	4.2369E-05
-1.2100E-07	-1.0749E-07	1.8348E-05	4.2163E-05
-6.1159E-08	-1.1060E-07	1.8764E-05	4.3686E-05
-1.2083E-07	-8.9530E-08	1.9997E-05	4.2749E-05
-8.2126E-08	-1.4976E-07	1.8165E-05	4.3814E-05
-1.3353E-07	-7.7561E-08	1.9382E-05	4.5425E-05
-1.6733E-07	-7.5487E-08	1.8411E-05	4.6660E-05
-1.2027E-07	-1.1187E-07	2.0904E-05	4.9674E-05
-1.3753E-07	-1.1450E-07	2.2017E-05	4.8293E-05
-1.0022E-07	-7.1436E-08	2.1284E-05	5.0288E-05
-1.1721E-07	-8.0173E-08	2.2218E-05	5.1501E-05
-1.3463E-07	-1.0540E-07	2.2429E-05	5.4362E-05
-1.7489E-07	-8.4626E-08	2.5530E-05	5.6192E-05
-1.2459E-07	-8.5742E-08	2.6493E-05	5.6192E-05
-1.5859E-07	-8.0704E-08	2.6323E-05	5.8588E-05
-1.5202E-07	-8.0237E-08	2.8964E-05	6.2457E-05
-1.9474E-07	-8.1714E-08	3.2380E-05	6.3576E-05
-1.0961E-07	-5.4282E-08	3.4808E-05	6.5862E-05
-1.6457E-07	-1.3269E-07	3.8508E-05	6.6939E-05
-1.6996E-07	-8.6378E-08	4.0972E-05	6.9624E-05
-1.3853E-07	-7.9042E-08	4.7013E-05	7.1648E-05
-1.4441E-07	-9.6472E-08	5.1419E-05	7.2651E-05
-1.7891E-07	-1.4966E-07	5.9290E-05	7.4590E-05
-1.3463E-07	-1.0346E-07	6.7971E-05	7.2099E-05
-1.3576E-07	-3.0735E-08	7.5152E-05	6.7778E-05
-1.0883E-07	-1.0241E-07	8.0981E-05	6.3152E-05
-1.0641E-07	-1.0193E-07	8.8651E-05	5.7151E-05
-1.4527E-07	-4.9414E-08	9.3765E-05	4.6429E-05
-1.3517E-07	-1.0304E-07	9.4679E-05	3.5262E-05
-1.2687E-07	-5.9401E-08	9.1681E-05	2.5239E-05
-1.1550E-07	-7.8697E-08	8.8477E-05	1.7758E-05
-1.3362E-07	-6.7359E-08	8.2773E-05	8.5724E-06
-1.8374E-07	-8.0247E-08	7.3269E-05	4.3444E-06
-1.0169E-07	-5.8946E-08	6.6074E-05	2.6941E-06
-1.3295E-07	-9.4206E-08	5.7577E-05	2.3279E-06
-1.2727E-07	-5.3892E-08	5.0627E-05	5.6882E-06
-1.1970E-07	-1.0651E-07	4.5782E-05	9.4000E-06
-1.2659E-07	-9.1984E-08	4.1694E-05	1.4693E-05
-1.2437E-07	-8.0876E-08	4.0975E-05	2.0736E-05
-1.1996E-07	-3.0398E-08	4.1629E-05	2.4753E-05
-1.2109E-07	-2.8558E-08	4.2538E-05	2.8974E-05
-1.4443E-07	-2.8366E-08	4.5135E-05	3.1811E-05
-1.5556E-07	-8.6899E-08	4.6271E-05	3.4305E-05
-1.0945E-07	-9.5827E-08	5.0406E-05	3.7910E-05
-1.1059E-07	-7.8659E-08	5.4624E-05	3.6972E-05
-7.9845E-08	-1.2480E-07	5.6625E-05	3.7450E-05
-1.3524E-07	-1.0513E-07	6.0592E-05	3.6483E-05
-1.1182E-07	-7.8371E-08	6.2224E-05	3.4434E-05
-1.3184E-07	-1.2424E-07	6.3427E-05	3.2341E-05
-1.1343E-07	-7.0211E-08	6.2348E-05	3.1536E-05
-1.5990E-07	-5.2832E-08	6.3639E-05	3.2665E-05
-9.2237E-08	-3.3722E-08	6.5337E-05	3.1752E-05
-1.2257E-07	-9.1537E-08	6.5824E-05	3.0709E-05
-1.5767E-07	-7.8904E-08	6.5213E-05	3.1385E-05
-1.5053E-07	-7.1031E-08	6.7610E-05	3.3825E-05
-1.4948E-07	-1.1251E-07	7.1620E-05	3.3380E-05
-1.7062E-07	-7.2202E-08	7.4595E-05	3.1891E-05
-1.2907E-07	-5.5668E-08	7.7474E-05	2.9819E-05
-1.2322E-07	-1.1179E-07	7.9680E-05	2.6766E-05
-1.2576E-07	-8.0787E-08	8.0759E-05	2.3697E-05
-2.0349E-07	-8.2292E-08	8.1611E-05	2.0812E-05
-1.2503E-07	-4.1178E-08	8.2378E-05	1.7400E-05
-1.1683E-07	-6.2690E-08	8.1129E-05	1.2605E-05
-1.1053E-07	-6.8387E-08	7.7185E-05	1.0962E-05
-1.4691E-07	-9.3857E-08	7.5646E-05	1.0977E-05
-1.5756E-07	-9.4556E-08	7.3521E-05	1.1033E-05
-1.7596E-07	-7.0176E-08	7.2861E-05	1.2304E-05
-1.0657E-07	-1.3549E-07	7.2297E-05	1.3584E-05
-1.5206E-07	-3.9400E-08	7.3819E-05	1.5313E-05
-1.3720E-07	-9.0609E-08	7.5036E-05	1.5940E-05
-1.3042E-07	-6.0560E-08	7.8703E-05	1.7347E-05
-1.5275E-07	-1.1014E-07	8.2707E-05	1.4380E-05
-1.3063E-07	-7.6315E-08	8.3840E-05	1.1421E-05
-2.1248E-07	-6.2786E-08	8.5350E-05	9.1546E-06
-1.3135E-07	-4.9364E-08	8.7200E-05	4.7375E-06
-1.5612E-07	-2.7583E-08	8.4585E-05	-2.1770E-07
-7.3159E-08	-5.5206E-08	8.2639E-05	-1.1541E-06
-1.5515E-07	-5.8425E-08	8.0797E-05	-4.2846E-06
-1.1036E-07	-1.0200E-07	7.7084E-05	-4.1501E-06
-1.3667E-07	-6.7644E-08	7.5991E-05	-3.9262E-06
-1.3796E-07	-6.2424E-08	7.3716E-05	-3.4828E-06
-1.4713E-07	-7.6027E-08	7.2932E-05	-1.4553E-06
-1.1529E-07	-6.6466E-08	7.4093E-05	-6.6833E-07
-1.1490E-07	-5.3029E-08	7.3223E-05	-1.6511E-06
-8.5064E-08	-7.7123E-08	7.2379E-05	7.1762E-07
-1.4037E-07	-5.6008E-08	7.3392E-05	8.0856E-07
-1.4233E-07	-4.7021E-08	7.2130E-05	3.3620E-06
-1.2256E-07	-2.3285E-08	7.5580E-05	5.5738E-06
-1.6565E-07	-4.5348E-08	7.6310E-05	6.0213E-06
-1.2133E-07	-6.4099E-08	7.9821E-05	9.0228E-06
-4.5157E-08	1.0489E-08	8.4134E-05	8.6405E-06
-1.4730E-07	-4.7783E-08	8.8130E-05	8.4109E-06
-1.3922E-07	-3.1010E-08	9.1622E-05	7.1699E-06
-1.5474E-07	-5.9512E-08	9.7052E-05	7.6721E-06
-1.2356E-07	-6.7070E-08	1.0461E-04	2.8947E-06
-1.7125E-07	-5.2152E-08	1.0770E-04	-2.5945E-06
-8.9496E-08	-3.7756E-08	1.1298E-04	-7.3749E-06
-1.3880E-07	-5.7660E-08	1.1735E-04	-1.6513E-05
-1.2573E-07	-3.4220E-08	1.1847E-04	-2.7142E-05
-1.1344E-07	-9.1485E-08	1.1532E-04	-3.8430E-05
-1.2688E-07	-6.8889E-08	1.0869E-04	-4.6196E-05
-1.2454E-07	-6.0566E-08	1.0224E-04	-5.1953E-05
-1.3418E-07	-5.5003E-08	9.3435E-05	-5.5948E-05
-1.3717E-07	-7.4286E-08	8.5454E-05	-5.4531E-05
-1.4798E-07	-6.3785E-08	8.2340E-05	-5.2827E-05
-9.4150E-08	-8.3058E-08	7.8097E-05	-5.3049E-05
-1.3160E-07	-5.2068E-08	7.4884E-05	-4.9543E-05
-9.0793E-08	-2.5539E-08	7.5432E-05	-4.8520E-05
-8.1723E-08	-4.1849E-08	7.3956E-05	-4.7670E-05
-1.7210E-07	-6.0446E-08	7.6316E-05	-4.6318E-05
-1.3085E-07	-5.4735E-08	7.8339E-05	-4.9762E-05
-1.3005E-07	-2.5812E-10	7.7470E-05	-5.3240E-05
-1.3013E-07	-5.9762E-08	7.6802E-05	-5.5991E-05
-1.1935E-07	-7.8622E-08	7.5677E-05	-6.1099E-05
-1.0315E-07	-1.2607E-08	7.0370E-05	-6.4713E-05
-1.1369E-07	-5.7924E-08	6.7889E-05	-6.5805E-05
-1.3551E-07	-6.2300E-08	6.3972E-05	-7.0544E-05
-1.4389E-07	-4.0734E-08	5.6395E-05	-7.2109E-05
-1.3469E-07	-7.0185E-08	5.0313E-05	-7.0003E-05
-1.1380E-07	-6.0518E-08	4.8032E-05	-6.8053E-05
-1.2027E-07	-3.5982E-08	4.4269E-05	-6.9132E-05
-1.1034E-07	-4.4255E-08	3.9193E-05	-6.7675E-05
-9.0743E-08	3.4062E-09	3.4430E-05	-6.5974E-05
-1.4248E-07	-2.2473E-08	3.0208E-05	-6.1360E-05
-1.2404E-07	-3.9930E-08	2.9149E-05	-5.7432E-05
-1.3586E-07	-6.5352E-08	2.8640E-05	-5.4552E-05
-1.2614E-07	-3.1084E-08	2.7839E-05	-5.3699E-05
-9.2620E-08	-3.7072E-08	2.4813E-05	-5.1184E-05
-1.1368E-07	-7.5766E-08	2.4357E-05	-4.7011E-05
-1.4144E-07	-5.6807E-08	2.5407E-05	-4.4758E-05
-1.2908E-07	-1.2626E-08	2.5165E-05	-4.3979E-05
-1.3049E-07	-2.9909E-08	2.3839E-05	-4.1758E-05
-1.3876E-07	-5.4346E-08	2.3832E-05	-3.8078E-05
-1.2111E-07	-8.8101E-08	2.7157E-05	-3.5198E-05
-1.2912E-07	-4.8575E-08	2.9366E-05	-3.6934E-05
-1.0754E-07	-1.9981E-08	2.8719E-05	-3.6572E-05
-1.2229E-07	-5.9609E-08	3.0031E-05	-3.6913E-05
-1.1087E-07	-6.4130E-08	2.8926E-05	-3.7617E-05
-9.0469E-08	-4.0253E-08	2.8750E-05	-3.7155E-05
-1.3138E-07	-5.7560E-08	2.7806E-05	-3.7597E-05
-1.4551E-07	-2.1330E-08	2.6559E-05	-3.6528E-05
-1.5984E-07	-4.1204E-09	2.6719E-05	-3.6016E-05
-1.1754E-07	-4.1690E-08	2.4651E-05	-3.6457E-05
-1.4206E-07	-4.4954E-08	2.2757E-05	-3.2876E-05
-1.8343E-07	-3.6857E-08	2.5043E-05	-3.0832E-05
-1.3833E-07	-2.7926E-08	2.5499E-05	-3.1619E-05
-1.0115E-07	-4.7117E-08	2.3770E-05	-3.1354E-05
-1.3975E-07	-5.6031E-08	2.2874E-05	-2.8121E-05
-1.2987E-07	-7.3092E-08	2.5067E-05	-2.6894E-05
-1.4482E-07	-3.7819E-08	2.3796E-05	-2.6606E-05
-9.9290E-08	-1.1507E-08	2.4624E-05	-2.2651E-05
-1.2075E-07	-5.5029E-08	2.7447E-05	-2.2176E-05
-1.0630E-07	-4.1885E-08	2.7988E-05	-2.0646E-05
-1.0395E-07	-5.3275E-08	3.2077E-05	-1.9557E-05
-1.3191E-07	2.8844E-09	3.3499E-05	-2.1453E-05
-9.7783E-08	-1.1299E-08	3.5508E-05	-2.0738E-05
-1.0422E-07	8.2704E-09	3.7896E-05	-2.3594E-05
-1.5328E-07	-2.9328E-08	3.7012E-05	-2.4641E-05
-1.3606E-07	-2.8437E-08	3.8529E-05	-2.3963E-05
-1.1342E-07	-5.1057E-08	4.2062E-05	-2.5744E-05
-1.1616E-07	-1.7858E-08	4.2609E-05	-3.0266E-05
-1.3893E-07	-4.0440E-08	4.2620E-05	-3.2461E-05
-9.8157E-08	-5.2915E-08	4.2124E-05	-3.7968E-05
-1.0634E-07	-6.6572E-10	3.7347E-05	-4.1382E-05
-9.6637E-08	-1.3769E-09	3.1623E-05	-4.2647E-05
-8.9762E-08	-2.1192E-08	2.7059E-05	-3.8716E-05
-1.4416E-07	-2.8135E-08	2.6668E-05	-3.7053E-05
-1.3392E-07	-2.8730E-08	2.4642E-05	-3.3926E-05
-1.0365E-07	-1.8292E-08	2.6830E-05	-3.2420E-05
-1.3130E-07	-3.1364E-09	2.6048E-05	-3.2220E-05
-7.1161E-08	-9.1282E-09	2.6630E-05	-3.1419E-05
-1.1319E-07	-1.1247E-08	2.6580E-05	-3.0114E-05
-1.1779E-07	-2.1254E-08	2.9258E-05	-3.1193E-05
-1.4861E-07	-2.2765E-08	2.7129E-05	-3.2972E-05
-1.2187E-07	-2.4220E-08	2.7274E-05	-3.3011E-05
-1.0220E-07	-3.6753E-08	2.4559E-05	-3.4047E-05
-8.1723E-08	-4.5884E-09	2.4042E-05	-3.2956E-05
-9.5961E-08	-2.4078E-08	2.1047E-05	-3.3309E-05
-9.4124E-08	9.3507E-09	2.0544E-05	-3.0080E-05
-9.7559E-08	-5.0219E-09	1.9800E-05	-3.0482E-05
-1.3779E-07	3.1481E-09	1.8119E-05	-2.8033E-05
-9.2828E-08	-1.4428E-08	1.7364E-05	-2.6003E-05
-1.0524E-07	7.6052E-09	1.8501E-05	-2.2619E-05
-9.6143E-08	-3.8230E-10	1.9611E-05	-2.3105E-05
-1.2375E-07	-4.5854E-08	1.8396E-05	-2.0964E-05
-9.6014E-08	-3.9866E-08	1.9463E-05	-1.8943E-05
-1.0626E-07	-1.2509E-08	2.0708E-05	-1.6792E-05
-1.3133E-07	-3.5951E-08	2.2495E-05	-1.6930E-05
-1.3735E-07	-2.1552E-08	2.1459E-05	-1.5111E-05
-1.2745E-07	-3.0580E-08	2.4714E-05	-1.2301E-05
-1.4085E-07	-1.1114E-08	2.6778E-05	-1.3652E-05
-1.3586E-07	-9.5068E-10	2.6016E-05	-1.2847E-05
-1.1961E-07	2.3446E-08	2.7377E-05	-9.3120E-06
-1.2064E-07	-7.5770E-08	3.2753E-05	-7.7229E-06
-6.6822E-08	-3.2433E-08	3.6069E-05	-1.0598E-05
-1.1240E-07	-3.5352E-08	3.6869E-05	-1.1145E-05
-9.2968E-08	2.2641E-08	4.0009E-05	-1.2334E-05
-1.4600E-07	5.9002E-08	4.0596E-05	-1.5496E-05
-1.3533E-07	-4.3903E-08	3.9577E-05	-1.6340E-05
-1.1105E-07	-4.7186E-08	3.9528E-05	-1.5668E-05
-1.0145E-07	2.0393E-08	4.0981E-05	-1.4490E-05
-9.8606E-08	7.4060E-10	4.4265E-05	-1.4930E-05
-1.1434E-07	-1.5677E-08	4.5173E-05	-1.7585E-05
-1.1584E-07	1.7062E-08	4.5413E-05	-1.6718E-05
-1.1545E-07	-3.9414E-08	4.9312E-05	-1.7733E-05
-1.3342E-07	-9.4879E-08	5.0316E-05	-2.0974E-05
-8.6238E-08	1.4765E-08	5.0613E-05	-2.2535E-05
-1.0434E-07	-2.2382E-08	5.1341E-05	-2.3554E-05
-7.9695E-08	-3.7052E-09	5.3020E-05	-2.5305E-05
-9.0216E-08	-1.7042E-08	5.3459E-05	-2.7482E-05
-1.5638E-07	-4.2074E-08	5.4486E-05	-2.9214E-05
-1.6396E-07	-1.0634E-08	5.5045E-05	-3.1421E-05
-1.6272E-07	-6.3499E-08	5.6256E-05	-3.4004E-05
-1.3654E-07	-3.4629E-08	5.5084E-05	-3.7440E-05
-1.3531E-07	-1.2343E-09	5.4701E-05	-3.7477E-05
-6.8862E-08	-9.2920E-09	5.6695E-05	-4.0273E-05
-1.1774E-07	3.9322E-09	5.5756E-05	-4.2532E-05
-1.3815E-07	-1.9317E-08	5.9681E-05	-4.3779E-05
-1.2739E-07	-5.8583E-08	6.2498E-05	-5.3728E-05
-6.7072E-08	3.5513E-08	5.6652E-05	-6.2596E-05
-1.0756E-07	-3.7090E-09	4.9345E-05	-6.7794E-05
-1.0705E-07	1.1029E-08	3.9668E-05	-6.8812E-05
-9.8567E-08	-2.5860E-08	3.4427E-05	-6.5475E-05
-1.1593E-07	-6.6503E-09	3.1034E-05	-6.4592E-05
-1.1032E-07	1.6960E-08	2.6715E-05	-6.2497E-05
-1.0859E-07	1.0345E-08	2.4332E-05	-5.8990E-05
-9.4717E-08	-3.1243E-08	2.4701E-05	-5.6611E-05
-9.4829E-08	-9.9225E-09	2.4303E-05	-5.7609E-05
-1.1395E-07	-2.5889E-08	2.0676E-05	-5.7360E-05
-9.2826E-08	1.4319E-08	1.8809E-05	-5.4473E-05
-1.3143E-07	-4.5733E-09	1.8065E-05	-5.3420E-05
-1.3495E-07	-1.7134E-08	1.5658E-05	-5.0885E-05
-1.1256E-07	-2.0660E-08	1.7411E-05	-4.7003E-05
-1.3022E-07	-1.3926E-08	1.9399E-05	-4.8861E-05
-1.3123E-07	1.5311E-08	1.5825E-05	-4.8346E-05
-9.4833E-08	-5.3365E-08	1.7491E-05	-4.4800E-05
-1.0601E-07	8.1760E-09	1.7870E-05	-4.6233E-05
-1.1078E-07	-2.5860E-08	1.8218E-05	-4.3546E-05
-1.3199E-07	-2.5245E-10	2.0741E-05	-4.6564E-05
-1.0105E-07	1.3442E-08	1.6865E-05	-4.6783E-05
-1.0169E-07	-7.1130E-09	1.8046E-05	-4.5136E-05
-9.1385E-08	-2.0396E-08	1.7321E-05	-4.5917E-05
-1.4508E-07	-4.1877E-09	1.7278E-05	-4.5683E-05
-9.6554E-08	-7.0710E-09	1.5774E-05	-4.5459E-05
-1.4236E-07	4.5579E-09	1.6832E-05	-4.4135E-05
-8.2771E-08	-1.6735E-08	1.6720E-05	-4.5652E-05
-7.2802E-08	1.4614E-08	1.5666E-05	-4.5586E-05
-9.8860E-08	-1.6671E-08	1.4417E-05	-4.5470E-05
-9.2680E-08	6.8142E-09	1.3994E-05	-4.3940E-05
-1.1479E-07	-1.7865E-08	1.4661E-05	-4.3563E-05
-1.1956E-07	-2.1593E-08	1.4989E-05	-4.3831E-05
-4.2093E-08	-4.4017E-09	1.4639E-05	-4.4285E-05
-1.1541E-07	-1.3482E-08	1.4422E-05	-4.4216E-05
-1.0853E-07	-7.2091E-09	1.4496E-05	-4.4499E-05
-1.4167E-07	-2.3361E-08	1.4449E-05	-4.5275E-05
-9.6668E-08	6.6013E-09	1.3935E-05	-4.5956E-05
-9.6494E-08	-5.2134E-08	1.4014E-05	-4.6876E-05
-1.0821E-07	2.5314E-08	1.3870E-05	-4.9180E-05
-1.0150E-07	9.7198E-09	1.1799E-05	-5.2626E-05
-8.6237E-08	6.1530E-09	8.8005E-06	-5.4967E-05
-1.1474E-07	-1.2817E-08	4.7480E-06	-6.0938E-05
-1.0386E-07	-4.0429E-08	-8.1913E-06	-6.6132E-05
-6.9105E-08	-5.1430E-09	-2.6782E-05	-6.6017E-05
-5.7446E-08	1.6705E-09	-6.2594E-05	-5.2611E-05
-8.7229E-08	2.0167E-11	-8.1729E-05	3.5880E-05
-7.0224E-08	4.3428E-09	8.2091E-05	3.6210E-06
-7.0094E-08	5.9415E-08	-8.8961E-05	1.7366E-05
-9.8351E-08	-1.7171E-09	4.4701E-05	9.4319E-05
-9.8112E-08	-1.4521E-09	9.9900E-05	1.3347E-05
-9.7873E-08	-1.1885E-09	8.0198E-05	-3.2876E-05
-9.7634E-08	-9.2611E-10	6.2380E-05	-4.4555E-05
-9.7395E-08	-6.6502E-10	5.4580E-05	-5.2327E-05
-9.7156E-08	-4.0521E-10	4.4805E-05	-5.8132E-05
-9.6916E-08	-1.4668E-10	3.8678E-05	-6.0821E-05
-9.6677E-08	1.1058E-10	3.1165E-05	-6.3984E-05
-9.6437E-08	3.6657E-10	2.5447E-05	-6.4051E-05
-9.6198E-08	6.2129E-10	1.9084E-05	-6.5024E-05
-9.5958E-08	8.7474E-10	1.4083E-05	-6.2162E-05
-9.5718E-08	1.1269E-09	1.1163E-05	-6.1293E-05
-9.5478E-08	1.3779E-09	7.8706E-06	-5.9525E-05
-9.5238E-08	1.6275E-09	4.4250E-06	-5.8538E-05
-9.4998E-08	1.8760E-09	1.9510E-06	-5.4114E-05
-9.4758E-08	2.1231E-09	2.6611E-06	-5.3576E-05
-9.4518E-08	2.3691E-09	-7.4105E-07	-5.2211E-05
-9.4278E-08	2.6137E-09	-1.2100E-06	-4.9344E-05
-9.4038E-08	2.8572E-09	-1.7761E-06	-4.7300E-05
-9.3798E-08	3.0994E-09	-1.1696E-06	-4.6110E-05
-9.3557E-08	3.3403E-09	-1.7221E-06	-4.4860E-05
-9.3317E-08	3.5801E-09	-1.0142E-06	-4.4798E-05
-9.3077E-08	3.8186E-09	-3.2240E-06	-4.3801E-05
-9.2836E-08	4.0558E-09	-1.7944E-06	-4.2044E-05
-9.2596E-08	4.2919E-09	-3.1225E-06	-4.2711E-05
-9.2355E-08	4.5267E-09	-3.1374E-06	-4.0363E-05
-9.2115E-08	4.7603E-09	-2.8654E-06	-4.0873E-05
-9.1874E-08	4.9927E-09	-4.1706E-06	-3.9954E-05
-9.1634E-08	5.2239E-09	-4.6787E-06	-3.8271E-05
-9.1393E-08	5.4538E-09	-3.4861E-06	-3.6655E-05
-9.1152E-08	5.6826E-09	-2.9873E-06	-3.7578E-05
-9.0912E-08	5.9102E-09	-4.6484E-06	-3.6613E-05
-9.0671E-08	6.1365E-09	-3.5262E-06	-3.4471E-05
-9.0431E-08	6.3617E-09	-2.4754E-06	-3.5194E-05
-9.0190E-08	6.5856E-09	-2.6593E-06	-3.4683E-05
-8.9949E-08	6.8084E-09	-1.9837E-06	-3.5891E-05
-8.9709E-08	7.0300E-09	-4.6729E-06	-3.5763E-05
-8.9468E-08	7.2504E-09	-4.5529E-06	-3.3314E-05
-8.9227E-08	7.4696E-09	-3.5180E-06	-3.2750E-05
-8.8987E-08	7.6876E-09	-3.3566E-06	-3.3396E-05
-8.8746E-08	7.9045E-09	-4.3701E-06	-3.2033E-05
-8.8506E-08	8.1202E-09	-2.4315E-06	-3.2029E-05
-8.8265E-08	8.3347E-09	-4.2243E-06	-3.2819E-05
-8.8025E-08	8.5480E-09	-3.9477E-06	-3.1261E-05
-8.7784E-08	8.7602E-09	-4.3988E-06	-3.1114E-05
-8.7544E-08	8.9712E-09	-3.4229E-06	-3.0360E-05
-8.7303E-08	9.1811E-09	-4.8813E-06	-3.1054E-05
-8.7063E-08	9.3898E-09	-4.5588E-06	-2.8173E-05
-8.6823E-08	9.5973E-09	-2.8967E-06	-2.9054E-05
-8.6582E-08	9.8037E-09	-3.7474E-06	-2.9060E-05
-8.6342E-08	1.0009E-08	-3.5368E-06	-2.8470E-05
-8.6102E-08	1.0213E-08	-3.7035E-06	-2.8699E-05
-8.5862E-08	1.0416E-08	-4.7976E-06	-2.7327E-05
-8.5622E-08	1.0618E-08	-3.0433E-06	-2.5854E-05
-8.5382E-08	1.0819E-08	-2.2961E-06	-2.6316E-05
-8.5142E-08	1.1018E-08	-1.0734E-06	-2.7044E-05
-8.4902E-08	1.1216E-08	-3.2967E-06	-2.8438E-05
-8.4662E-08	1.1414E-08	-3.4435E-06	-2.5364E-05
-8.4422E-08	1.1610E-08	-1.7271E-06	-2.6181E-05
-8.4183E-08	1.1805E-08	-2.3797E-06	-2.6010E-05
-8.3943E-08	1.1999E-08	-1.8010E-06	-2.6093E-05
-8.3704E-08	1.2192E-08	-2.7575E-06	-2.6251E-05
-8.3464E-08	1.2383E-08	-3.0807E-06	-2.4139E-05
-8.3225E-08	1.2574E-08	1.1973E-07	-2.3455E-05
-8.2986E-08	1.2764E-08	4.1893E-07	-2.6803E-05
-8.2746E-08	1.2952E-08	-2.0861E-06	-2.6308E-05
-8.2507E-08	1.3139E-08	-9.3123E-07	-2.4582E-05
-8.2268E-08	1.3325E-08	8.0131E-07	-2.6596E-05
-8.2029E-08	1.3511E-08	-2.1733E-06	-2.8597E-05
-8.1791E-08	1.3695E-08	-3.7862E-06	-2.5665E-05
-8.1552E-08	1.3877E-08	-2.0647E-06	-2.5171E-05
-8.1313E-08	1.4059E-08	-2.5562E-06	-2.6030E-05
-8.1075E-08	1.4240E-08	-3.8046E-06	-2.5553E-05
-8.0837E-08	1.4420E-08	-4.1808E-06	-2.3650E-05
-8.0598E-08	1.4598E-08	-2.3984E-06	-2.2807E-05
-8.0360E-08	1.4776E-08	-2.3789E-06	-2.3931E-05
-8.0122E-08	1.4952E-08	-2.5911E-06	-2.2610E-05
-7.9884E-08	1.5128E-08	-1.0601E-06	-2.3850E-05
-7.9647E-08	1.5302E-08	-3.7998E-06	-2.4144E-05
-7.9409E-08	1.5475E-08	-2.7569E-06	-2.1194E-05
-7.9171E-08	1.5647E-08	-1.0535E-06	-2.2705E-05
-7.8934E-08	1.5819E-08	-2.5323E-06	-2.3058E-05
-7.8697E-08	1.5989E-08	-2.2345E-06	-2.1873E-05
-7.8460E-08	1.6158E-08	-2.1533E-06	-2.2485E-05
-7.8223E-08	1.6326E-08	-2.7386E-06	-2.1016E-05
-7.7986E-08	1.6493E-08	-9.7101E-07	-2.1166E-05
-7.7749E-08	1.6659E-08	-1.7335E-06	-2.1625E-05
-7.7513E-08	1.6823E-08	-1.5129E-06	-2.1579E-05
-7.7276E-08	1.6987E-08	-2.7081E-06	-2.0310E-05
-7.7040E-08	1.7150E-08	3.0248E-07	-1.9078E-05
-7.6804E-08	1.7312E-08	1.0107E-06	-2.1563E-05
-7.6568E-08	1.7473E-08	3.7944E-07	-2.3258E-05
-7.6332E-08	1.7632E-08	-3.0746E-06	-2.3024E-05
-7.6097E-08	1.7791E-08	-1.7688E-06	-2.0114E-05
-7.5861E-08	1.7949E-08	-1.7936E-06	-2.1414E-05
-7.5626E-08	1.8105E-08	-1.3364E-06	-1.9782E-05
-7.5391E-08	1.8261E-08	-1.1777E-06	-2.1542E-05
-7.5156E-08	1.8416E-08	-2.3964E-06	-2.0029E-05
-7.4921E-08	1.8569E-08	-1.5983E-06	-1.9991E-05
-7.4686E-08	1.8722E-08	-2.1172E-06	-1.9246E-05
-7.4452E-08	1.8874E-08	-1.2692E-06	-1.8401E-05
-7.4218E-08	1.9024E-08	1.2459E-08	-1.8813E-05
-7.3984E-08	1.9174E-08	-1.0755E-06	-1.9810E-05
-7.3750E-08	1.9323E-08	-7.6612E-07	-1.8007E-05
-7.3516E-08	1.9470E-08	2.9150E-08	-1.9423E-05
-7.3282E-08	1.9617E-08	-1.2601E-06	-1.8431E-05
-7.3049E-08	1.9763E-08	1.9606E-07	-1.8062E-05
-7.2816E-08	1.9907E-08	-3.0220E-07	-1.8774E-05
-7.2583E-08	2.0051E-08	-6.3800E-07	-1.7787E-05
-7.2350E-08	2.0194E-08	1.1599E-07	-1.7187E-05
-7.2118E-08	2.0336E-08	9.0113E-07	-1.6783E-05
-7.1885E-08	2.0477E-08	2.3433E-06	-1.7756E-05
-7.1653E-08	2.0616E-08	9.6267E-07	-1.8582E-05
-7.1421E-08	2.0755E-08	2.0609E-06	-1.7482E-05
-7.1190E-08	2.0893E-08	1.5751E-06	-1.9651E-05
-7.0958E-08	2.1030E-08	2.3567E-07	-1.7561E-05
-7.0727E-08	2.1166E-08	2.4129E-06	-1.7657E-05
-7.0496E-08	2.1301E-08	1.7274E-06	-1.8896E-05
-7.0265E-08	2.1436E-08	1.0279E-06	-1.8353E-05
-7.0034E-08	2.1569E-08	1.3896E-06	-1.7737E-05
-6.9804E-08	2.1701E-08	1.5207E-06	-1.8085E-05
-6.9573E-08	2.1832E-08	9.0296E-07	-1.7365E-05
-6.9343E-08	2.1963E-08	2.1802E-06	-1.6280E-05
-6.9113E-08	2.2092E-08	2.9334E-06	-1.7771E-05
-6.8884E-08	2.2221E-08	1.4283E-06	-1.6655E-05
-6.8655E-08	2.2348E-08	4.4670E-06	-1.5824E-05
-6.8425E-08	2.2475E-08	3.7603E-06	-1.8537E-05
-6.8197E-08	2.2601E-08	3.1169E-06	-1.6550E-05
-6.7968E-08	2.2726E-08	4.9680E-06	-1.6708E-05
-6.7739E-08	2.2850E-08	6.3057E-06	-1.7454E-05
-6.7511E-08	2.2973E-08	6.1975E-06	-2.0133E-05
-6.7283E-08	2.3095E-08	4.3011E-06	-1.9555E-05
-6.7056E-08	2.3216E-08	5.8173E-06	-1.9296E-05
-6.6828E-08	2.3336E-08	5.4502E-06	-2.1076E-05
-6.6601E-08	2.3456E-08	4.7184E-06	-2.0677E-05
-6.6374E-08	2.3574E-08	5.7715E-06	-2.1518E-05
-6.6147E-08	2.3692E-08	4.6895E-06	-2.3580E-05
-6.5921E-08	2.3808E-08	2.0730E-06	-2.4127E-05
-6.5695E-08	2.3924E-08	2.6119E-07	-2.1337E-05
-6.5469E-08	2.4039E-08	2.7783E-06	-2.0764E-05
-6.5243E-08	2.4153E-08	1.2712E-06	-2.1844E-05
-6.5017E-08	2.4266E-08	2.2248E-06	-2.0921E-05
-6.4792E-08	2.4379E-08	1.3595E-07	-2.2350E-05
-6.4567E-08	2.4490E-08	2.3879E-07	-1.8956E-05
-6.4343E-08	2.4601E-08	1.4285E-06	-1.9996E-05
-6.4118E-08	2.4710E-08	1.7622E-06	-1.8775E-05
-6.3894E-08	2.4819E-08	2.3963E-06	-2.0657E-05
-6.3670E-08	2.4927E-08	1.3759E-06	-1.9249E-05
-6.3446E-08	2.5034E-08	3.0648E-06	-2.0223E-05
-6.3223E-08	2.5141E-08	2.0362E-06	-2.0590E-05
-6.3000E-08	2.5246E-08	2.1143E-06	-2.1429E-05
-6.2777E-08	2.5350E-08	2.4844E-07	-2.0557E-05
-6.2555E-08	2.5454E-08	1.7867E-06	-1.9586E-05
-6.2332E-08	2.5557E-08	1.6457E-06	-2.0721E-05
-6.2110E-08	2.5659E-08	1.0818E-06	-2.0625E-05
-6.1889E-08	2.5760E-08	6.0929E-07	-2.0021E-05
-6.1667E-08	2.5860E-08	1.7181E-06	-1.9520E-05
-6.1446E-08	2.5960E-08	1.5489E-06	-2.1124E-05
-6.1225E-08	2.6058E-08	1.0670E-07	-1.9998E-05
-6.1005E-08	2.6156E-08	1.7295E-06	-1.9908E-05
-6.0784E-08	2.6253E-08	-3.9764E-08	-2.0669E-05
-6.0564E-08	2.6349E-08	1.2290E-06	-1.8198E-05
-6.0345E-08	2.6445E-08	2.7710E-06	-2.0860E-05
-6.0125E-08	2.6539E-08	6.9526E-07	-2.1197E-05
-5.9906E-08	2.6633E-08	9.1424E-07	-2.0666E-05
-5.9687E-08	2.6726E-08	7.7469E-07	-2.1497E-05
-5.9469E-08	2.6818E-08	-1.0703E-06	-2.1612E-05
-5.9251E-08	2.6909E-08	-1.1880E-06	-1.9490E-05
-5.9033E-08	2.7000E-08	4.9465E-09	-1.9796E-05
-5.8815E-08	2.7089E-08	-5.0307E-07	-2.0335E-05
-5.8598E-08	2.7178E-08	-1.6392E-06	-1.9601E-05
-5.8381E-08	2.7266E-08	9.3444E-08	-1.7950E-05
-5.8164E-08	2.7354E-08	8.2706E-07	-2.0998E-05
-5.7948E-08	2.7440E-08	-2.6049E-06	-2.0273E-05
-5.7731E-08	2.7526E-08	-1.2723E-06	-1.7633E-05
-5.7516E-08	2.7611E-08	7.2687E-08	-1.8932E-05
-5.7300E-08	2.7695E-08	-9.3725E-07	-1.8781E-05
-5.7085E-08	2.7778E-08	6.4434E-07	-1.9170E-05
-5.6870E-08	2.7861E-08	-2.1795E-06	-2.1044E-05
-5.6655E-08	2.7943E-08	-2.6976E-06	-1.7261E-05
-5.6441E-08	2.8024E-08	-1.0592E-06	-1.8111E-05
-5.6227E-08	2.8104E-08	-1.3411E-06	-1.6874E-05
-5.6014E-08	2.8183E-08	1.7843E-07	-1.8346E-05
-5.5800E-08	2.8262E-08	-1.7132E-06	-1.8105E-05
-5.5587E-08	2.8340E-08	-8.2198E-07	-1.7660E-05
-5.5375E-08	2.8417E-08	-1.6305E-06	-1.7409E-05
-5.5162E-08	2.8494E-08	-7.3211E-07	-1.6875E-05
-5.4950E-08	2.8569E-08	-8.7815E-07	-1.6912E-05
-5.4739E-08	2.8644E-08	-2.9829E-07	-1.7027E-05
-5.4527E-08	2.8719E-08	-1.0927E-06	-1.6711E-05
-5.4316E-08	2.8792E-08	3.4568E-07	-1.6018E-05
-5.4105E-08	2.8865E-08	3.0918E-07	-1.7169E-05
-5.3895E-08	2.8937E-08	4.0264E-07	-1.6959E-05
-5.3685E-08	2.9008E-08	-1.9007E-07	-1.7580E-05
-5.3475E-08	2.9079E-08	1.8686E-08	-1.6100E-05
-5.3266E-08	2.9148E-08	1.4418E-06	-1.7553E-05
-5.3057E-08	2.9218E-08	-3.4829E-07	-1.8068E-05
-5.2848E-08	2.9286E-08	-1.3783E-07	-1.7197E-05
-5.2640E-08	2.9353E-08	-5.5881E-07	-1.7357E-05
-5.2432E-08	2.9420E-08	-4.3831E-07	-1.6333E-05
-5.2224E-08	2.9487E-08	4.2731E-07	-1.6413E-05
-5.2016E-08	2.9552E-08	1.4519E-07	-1.6900E-05
-5.1809E-08	2.9617E-08	2.7697E-07	-1.5676E-05
-5.1603E-08	2.9681E-08	1.9357E-06	-1.6901E-05
-5.1396E-08	2.9744E-08	-2.0592E-08	-1.6952E-05
-5.1190E-08	2.9807E-08	2.3999E-06	-1.5726E-05
-5.0985E-08	2.9869E-08	2.2998E-06	-1.8503E-05
-5.0779E-08	2.9930E-08	1.6548E-06	-1.8629E-05
-5.0574E-08	2.9991E-08	-2.2335E-07	-1.9535E-05
-5.0370E-08	3.0050E-08	-2.1324E-07	-1.7014E-05
-5.0165E-08	3.0110E-08	6.3566E-07	-1.8474E-05
-4.9961E-08	3.0168E-08	-7.2252E-07	-1.7590E-05
-4.9758E-08	3.0226E-08	-1.8339E-07	-1.6714E-05
-4.9555E-08	3.0283E-08	1.5504E-06	-1.6071E-05
-4.9352E-08	3.0339E-08	1.9674E-06	-1.8766E-05
-4.9149E-08	3.0395E-08	1.0582E-07	-1.7904E-05
-4.8947E-08	3.0450E-08	1.4756E-06	-1.7507E-05
-4.8745E-08	3.0505E-08	2.0051E-06	-1.8496E-05
-4.8544E-08	3.0558E-08	1.1202E-06	-1.9901E-05
-4.8343E-08	3.0611E-08	5.6390E-07	-1.8884E-05
-4.8142E-08	3.0664E-08	9.9258E-07	-2.0443E-05
-4.7941E-08	3.0715E-08	-1.2635E-06	-1.9719E-05
-4.7741E-08	3.0767E-08	1.4292E-07	-1.8470E-05
-4.7542E-08	3.0817E-08	9.5037E-07	-1.9833E-05
-4.7342E-08	3.0867E-08	2.5490E-08	-2.1227E-05
-4.7143E-08	3.0916E-08	-9.2690E-07	-2.1224E-05
-4.6945E-08	3.0964E-08	-2.1698E-06	-2.2250E-05
-4.6747E-08	3.1012E-08	-4.4144E-06	-2.0489E-05
-4.6549E-08	3.1059E-08	-3.3383E-06	-1.9139E-05
-4.6351E-08	3.1106E-08	-3.4320E-06	-1.9422E-05
-4.6154E-08	3.1152E-08	-3.6207E-06	-1.8945E-05
-4.5957E-08	3.1197E-08	-3.2865E-06	-1.9006E-05
-4.5761E-08	3.1242E-08	-4.3043E-06	-1.9579E-05
-4.5565E-08	3.1286E-08	-5.1605E-06	-1.8203E-05
-4.5369E-08	3.1329E-08	-4.8734E-06	-1.7354E-05
-4.5174E-08	3.1372E-08	-3.8427E-06	-1.6774E-05
-4.4979E-08	3.1414E-08	-4.2531E-06	-1.8091E-05
-4.4784E-08	3.1455E-08	-5.0714E-06	-1.6153E-05
-4.4590E-08	3.1496E-08	-3.1807E-06	-1.6447E-05
-4.4396E-08	3.1536E-08	-3.8244E-06	-1.7347E-05
-4.4203E-08	3.1576E-08	-4.6903E-06	-1.7252E-05
-4.4010E-08	3.1615E-08	-4.5055E-06	-1.5973E-05
-4.3817E-08	3.1654E-08	-4.2928E-06	-1.7284E-05
-4.3625E-08	3.1691E-08	-6.0088E-06	-1.5456E-05
-4.3433E-08	3.1729E-08	-3.7010E-06	-1.5038E-05
-4.3241E-08	3.1765E-08	-4.6134E-06	-1.5722E-05
-4.3050E-08	3.1801E-08	-3.7438E-06	-1.5255E-05
-4.2859E-08	3.1837E-08	-4.7626E-06	-1.6086E-05
-4.2669E-08	3.1871E-08	-4.6580E-06	-1.4463E-05
-4.2479E-08	3.1906E-08	-3.6709E-06	-1.5352E-05
-4.2289E-08	3.1939E-08	-4.9739E-06	-1.5643E-05
-4.2100E-08	3.1972E-08	-5.3584E-06	-1.4422E-05
-4.1911E-08	3.2005E-08	-4.6776E-06	-1.3365E-05
-4.1722E-08	3.2037E-08	-3.1735E-06	-1.3878E-05
-4.1534E-08	3.2068E-08	-4.2737E-06	-1.4803E-05
-4.1346E-08	3.2099E-08	-3.7065E-06	-1.3708E-05
-4.1159E-08	3.2129E-08	-4.2406E-06	-1.5141E-05
-4.0972E-08	3.2159E-08	-4.5211E-06	-1.3140E-05
-4.0785E-08	3.2188E-08	-3.7030E-06	-1.5006E-05
-4.0599E-08	3.2216E-08	-6.1342E-06	-1.2922E-05
-4.0413E-08	3.2244E-08	-2.8545E-06	-1.2107E-05
-4.0228E-08	3.2271E-08	-3.5675E-06	-1.3920E-05
-4.0043E-08	3.2298E-08	-3.9211E-06	-1.3544E-05
-3.9858E-08	3.2324E-08	-4.5258E-06	-1.2585E-05
-3.9674E-08	3.2350E-08	-2.1168E-06	-1.2490E-05
-3.9490E-08	3.2375E-08	-3.9323E-06	-1.5104E-05
-3.9306E-08	3.2400E-08	-5.3890E-06	-1.1913E-05
-3.9123E-08	3.2424E-08	-2.4595E-06	-1.1747E-05
-3.8940E-08	3.2447E-08	-2.9628E-06	-1.3480E-05
-3.8758E-08	3.2470E-08	-3.7622E-06	-1.2926E-05
-3.8576E-08	3.2493E-08	-3.4538E-06	-1.2416E-05
-3.8394E-08	3.2514E-08	-3.0878E-06	-1.2645E-05
-3.8213E-08	3.2536E-08	-3.5295E-06	-1.2411E-05
-3.8032E-08	3.2556E-08	-2.3387E-06	-1.1931E-05
-3.7852E-08	3.2577E-08	-2.2074E-06	-1.3749E-05
-3.7672E-08	3.2596E-08	-4.0752E-06	-1.3611E-05
-3.7492E-08	3.2616E-08	-3.6561E-06	-1.1810E-05
-3.7313E-08	3.2634E-08	-2.1076E-06	-1.3526E-05
-3.7134E-08	3.2652E-08	-5.8329E-06	-1.3690E-05
-3.6956E-08	3.2670E-08	-3.6419E-06	-9.7085E-06
-3.6778E-08	3.2687E-08	-2.2999E-06	-1.2930E-05
-3.6600E-08	3.2704E-08	-3.6949E-06	-1.1590E-05
-3.6423E-08	3.2720E-08	-2.8836E-06	-1.2822E-05
-3.6246E-08	3.2736E-08	-4.3908E-06	-1.1088E-05
-3.6070E-08	3.2751E-08	-1.7282E-06	-1.1304E-05
-3.5894E-08	3.2765E-08	-2.5698E-06	-1.2910E-05
-3.5718E-08	3.2779E-08	-3.8729E-06	-1.3338E-05
-3.5543E-08	3.2793E-08	-4.9788E-06	-1.1049E-05
-3.5368E-08	3.2806E-08	-2.9289E-06	-1.1177E-05
-3.5193E-08	3.2818E-08	-4.2786E-06	-1.1071E-05
-3.5019E-08	3.2831E-08	-2.7640E-06	-1.0178E-05
-3.4845E-08	3.2842E-08	-2.9098E-06	-1.0812E-05
-3.4672E-08	3.2853E-08	-2.2713E-06	-1.0392E-05
-3.4499E-08	3.2864E-08	-1.6675E-06	-1.0994E-05
-3.4327E-08	3.2874E-08	-1.9889E-06	-1.2313E-05
-3.4155E-08	3.2884E-08	-3.3085E-06	-1.1503E-05
-3.3983E-08	3.2893E-08	-2.4863E-06	-1.1611E-05
-3.3812E-08	3.2901E-08	-3.5965E-06	-1.1207E-05
-3.3641E-08	3.2910E-08	-2.6173E-06	-1.1202E-05
-3.3470E-08	3.2917E-08	-4.3268E-06	-1.0610E-05
-3.3300E-08	3.2925E-08	-1.9332E-06	-9.0100E-06
-3.3131E-08	3.2931E-08	-1.7635E-06	-1.0748E-05
-3.2961E-08	3.2938E-08	-1.0086E-06	-1.0612E-05
-3.2793E-08	3.2944E-08	-2.0638E-06	-1.2837E-05
-3.2624E-08	3.2949E-08	-3.7612E-06	-1.1161E-05
-3.2456E-08	3.2954E-08	-3.0643E-06	-1.0345E-05
-3.2288E-08	3.2959E-08	-2.1527E-06	-9.9745E-06
-3.2121E-08	3.2963E-08	-2.2143E-06	-1.1264E-05
-3.1954E-08	3.2966E-08	-2.8670E-06	-9.9564E-06
-3.1788E-08	3.2969E-08	-1.5215E-06	-1.0890E-05
-3.1622E-08	3.2972E-08	-3.4313E-06	-1.0310E-05
-3.1456E-08	3.2974E-08	-5.5244E-07	-9.3521E-06
-3.1291E-08	3.2976E-08	-1.6962E-06	-1.2593E-05
-3.1126E-08	3.2977E-08	-3.0065E-06	-1.0556E-05
-3.0962E-08	3.2978E-08	-2.2030E-06	-1.1332E-05
-3.0798E-08	3.2979E-08	-3.2895E-06	-1.0770E-05
-3.0634E-08	3.2979E-08	-3.1747E-06	-1.0449E-05
-3.0471E-08	3.2978E-08	-2.9412E-06	-9.5656E-06
-3.0308E-08	3.2977E-08	-2.8277E-06	-1.0102E-05
-3.0146E-08	3.2976E-08	-2.4461E-06	-8.5377E-06
-2.9984E-08	3.2975E-08	-1.1186E-06	-1.0617E-05
-2.9822E-08	3.2972E-08	-3.4813E-06	-1.0031E-05
-2.9661E-08	3.2970E-08	-2.4430E-06	-8.8335E-06
-2.9500E-08	3.2967E-08	-1.4359E-06	-8.4134E-06
-2.9340E-08	3.2964E-08	-9.7319E-07	-1.0518E-05
-2.9180E-08	3.2960E-08	-2.4591E-06	-8.4972E-06
-2.9020E-08	3.2956E-08	8.0846E-07	-1.0375E-05
-2.8861E-08	3.2951E-08	-3.3491E-06	-1.1008E-05
-2.8702E-08	3.2946E-08	-7.1142E-07	-8.8643E-06
-2.8544E-08	3.2940E-08	-2.1162E-06	-1.1092E-05
-2.8386E-08	3.2935E-08	-1.4346E-06	-9.3706E-06
-2.8228E-08	3.2928E-08	-2.2437E-06	-1.1148E-05
-2.8071E-08	3.2922E-08	-2.6558E-06	-9.3723E-06
-2.7914E-08	3.2915E-08	-2.8152E-06	-9.7354E-06
-2.7758E-08	3.2907E-08	-2.2809E-06	-7.9459E-06
-2.7602E-08	3.2899E-08	-1.2911E-06	-8.8644E-06
-2.7447E-08	3.2891E-08	-9.7880E-07	-8.4844E-06
-2.7292E-08	3.2882E-08	-7.9437E-07	-9.8306E-06
-2.7137E-08	3.2873E-08	-1.5164E-06	-9.0820E-06
-2.6983E-08	3.2864E-08	-8.8599E-07	-9.6253E-06
-2.6829E-08	3.2854E-08	-1.9177E-06	-9.1737E-06
-2.6675E-08	3.2844E-08	-6.6257E-07	-8.3262E-06
-2.6522E-08	3.2833E-08	-8.1971E-08	-9.6788E-06
-2.6370E-08	3.2823E-08	-1.2354E-06	-9.8364E-06
-2.6217E-08	3.2811E-08	-7.8596E-07	-8.8347E-06
-2.6065E-08	3.2800E-08	2.3066E-07	-9.5260E-06
-2.5914E-08	3.2787E-08	2.6883E-08	-1.0622E-05
-2.5763E-08	3.2775E-08	-8.6607E-07	-1.1408E-05
-2.5612E-08	3.2762E-08	-2.7305E-06	-1.0909E-05
-2.5462E-08	3.2749E-08	-1.9630E-06	-8.5057E-06
-2.5312E-08	3.2735E-08	-3.5675E-07	-1.0395E-05
-2.5163E-08	3.2722E-08	-2.7663E-06	-1.0168E-05
-2.5014E-08	3.2707E-08	-1.5998E-06	-8.9382E-06
-2.4865E-08	3.2693E-08	-1.8331E-06	-8.8672E-06
-2.4717E-08	3.2678E-08	1.5348E-07	-8.8792E-06
-2.4569E-08	3.2662E-08	-9.7323E-07	-1.1125E-05
-2.4422E-08	3.2647E-08	-2.0578E-06	-1.0557E-05
-2.4275E-08	3.2631E-08	-3.7154E-06	-9.9644E-06
-2.4128E-08	3.2614E-08	-2.6042E-06	-7.1575E-06
-2.3982E-08	3.2597E-08	-8.7241E-07	-8.1649E-06
-2.3837E-08	3.2580E-08	-8.1681E-07	-8.5483E-06
-2.3691E-08	3.2563E-08	-1.0626E-06	-9.0638E-06
-2.3546E-08	3.2545E-08	-1.1487E-06	-8.7589E-06
-2.3402E-08	3.2527E-08	-1.2931E-06	-8.1684E-06
-2.3258E-08	3.2509E-08	1.2122E-06	-8.5414E-06
-2.3114E-08	3.2490E-08	-1.4188E-06	-1.1991E-05
-2.2971E-08	3.2471E-08	-3.2432E-06	-7.5338E-06
-2.2828E-08	3.2451E-08	4.6569E-07	-7.9671E-06
-2.2685E-08	3.2431E-08	-3.6851E-07	-9.5489E-06
-2.2543E-08	3.2411E-08	-9.3119E-07	-9.4523E-06
-2.2401E-08	3.2391E-08	-4.0190E-07	-8.7710E-06
-2.2260E-08	3.2370E-08	-1.2050E-07	-1.0910E-05
-2.2119E-08	3.2349E-08	-3.0928E-06	-1.0138E-05
-2.1979E-08	3.2328E-08	-1.7779E-06	-7.7036E-06
-2.1839E-08	3.2306E-08	-1.0963E-07	-9.1405E-06
-2.1699E-08	3.2284E-08	-2.2476E-06	-1.0155E-05
-2.1560E-08	3.2261E-08	-1.9033E-06	-7.2695E-06
-2.1421E-08	3.2239E-08	2.7341E-07	-9.3995E-06
-2.1282E-08	3.2216E-08	-2.4506E-06	-9.8957E-06
-2.1144E-08	3.2192E-08	-2.6188E-06	-8.1786E-06
-2.1007E-08	3.2169E-08	-1.8704E-06	-6.3239E-06
-2.0869E-08	3.2145E-08	1.5652E-06	-7.4017E-06
-2.0733E-08	3.2121E-08	-3.8656E-07	-1.0444E-05
-2.0596E-08	3.2096E-08	-1.6894E-06	-8.2707E-06
-2.0460E-08	3.2071E-08	1.7235E-07	-8.4691E-06
-2.0324E-08	3.2046E-08	-8.4478E-07	-1.0223E-05
-2.0189E-08	3.2021E-08	-2.7325E-06	-8.7081E-06
-2.0054E-08	3.1995E-08	-9.1249E-07	-6.8542E-06
-1.9920E-08	3.1969E-08	5.3612E-07	-8.8756E-06
-1.9786E-08	3.1943E-08	-1.7766E-06	-9.3681E-06
-1.9652E-08	3.1916E-08	-7.5117E-07	-7.0413E-06
-1.9519E-08	3.1889E-08	6.5994E-07	-9.1827E-06
-1.9386E-08	3.1862E-08	-8.6446E-07	-9.2139E-06
-1.9254E-08	3.1835E-08	-4.4241E-07	-9.6333E-06
-1.9122E-08	3.1807E-08	-1.8861E-06	-9.4073E-06
-1.8990E-08	3.1779E-08	-1.3814E-06	-8.9626E-06
-1.8859E-08	3.1751E-08	-2.2426E-06	-8.7391E-06
-1.8728E-08	3.1722E-08	-1.6976E-06	-8.2132E-06
-1.8598E-08	3.1693E-08	-2.4543E-06	-7.6652E-06
-1.8468E-08	3.1664E-08	-7.8988E-07	-6.5909E-06
-1.8338E-08	3.1635E-08	-3.9851E-07	-7.7966E-06
-1.8209E-08	3.1605E-08	-5.6144E-07	-7.8609E-06
-1.8080E-08	3.1575E-08	-5.8245E-07	-7.3145E-06
-1.7951E-08	3.1545E-08	1.3214E-06	-8.3962E-06
-1.7823E-08	3.1514E-08	-1.6457E-06	-1.0288E-05
-1.7696E-08	3.1484E-08	-1.7885E-06	-6.7959E-06
-1.7569E-08	3.1453E-08	1.1296E-07	-7.7089E-06
-1.7442E-08	3.1421E-08	4.8120E-07	-7.9434E-06
-1.7315E-08	3.1390E-08	-1.5668E-08	-1.0446E-05
-1.7189E-08	3.1358E-08	-3.1560E-06	-8.4158E-06
-1.7064E-08	3.1326E-08	-3.4884E-07	-6.2758E-06
-1.6938E-08	3.1294E-08	7.9213E-07	-8.4022E-06
-1.6813E-08	3.1261E-08	-9.7108E-08	-9.4587E-06
-1.6689E-08	3.1228E-08	-1.3395E-06	-9.3940E-06
-1.6565E-08	3.1195E-08	-1.4422E-06	-8.5818E-06
-1.6441E-08	3.1162E-08	-1.6004E-06	-8.7298E-06
-1.6318E-08	3.1129E-08	-2.0113E-06	-7.9014E-06
-1.6195E-08	3.1095E-08	-1.3461E-06	-7.4354E-06
-1.6073E-08	3.1061E-08	-8.2228E-07	-7.6386E-06
-1.5950E-08	3.1027E-08	-1.3242E-06	-8.3236E-06
-1.5829E-08	3.0992E-08	-1.6776E-06	-6.6727E-06
-1.5707E-08	3.0957E-08	6.8863E-07	-7.6073E-06
-1.5587E-08	3.0922E-08	-1.6389E-06	-9.2670E-06
-1.5466E-08	3.0887E-08	-1.8662E-06	-6.7504E-06
-1.5346E-08	3.0852E-08	-2.6814E-07	-7.5119E-06
-1.5226E-08	3.0816E-08	-1.6996E-06	-8.1567E-06
-1.5107E-08	3.0780E-08	-1.3905E-06	-5.8667E-06
-1.4988E-08	3.0744E-08	9.6797E-07	-7.7656E-06
-1.4869E-08	3.0708E-08	-2.1804E-06	-8.1889E-06
-1.4751E-08	3.0671E-08	-3.8263E-08	-6.0320E-06
-1.4633E-08	3.0634E-08	-4.2968E-07	-8.5027E-06
-1.4516E-08	3.0597E-08	-9.2254E-07	-7.2203E-06
-1.4399E-08	3.0560E-08	-1.3319E-06	-7.9130E-06
-1.4282E-08	3.0523E-08	-1.0443E-06	-6.4220E-06
-1.4166E-08	3.0485E-08	-1.4100E-06	-7.2723E-06
-1.4050E-08	3.0447E-08	-3.7272E-07	-4.6013E-06
-1.3935E-08	3.0409E-08	1.6566E-06	-7.6541E-06
-1.3819E-08	3.0371E-08	-4.5678E-07	-7.2769E-06
-1.3705E-08	3.0332E-08	4.3006E-07	-7.7779E-06
-1.3590E-08	3.0293E-08	-7.8080E-07	-7.1549E-06
-1.3477E-08	3.0255E-08	1.9341E-07	-7.2349E-06
-1.3363E-08	3.0215E-08	-7.9901E-08	-6.6456E-06
-1.3250E-08	3.0176E-08	1.1452E-06	-7.9199E-06
-1.3137E-08	3.0137E-08	-4.3420E-07	-7.5767E-06
-1.3025E-08	3.0097E-08	1.0160E-06	-8.3064E-06
-1.2913E-08	3.0057E-08	-1.8167E-06	-8.2090E-06
-1.2801E-08	3.0017E-08	6.1313E-07	-6.0780E-06
-1.2690E-08	2.9976E-08	7.6862E-07	-8.7121E-06
-1.2579E-08	2.9936E-08	-2.6803E-07	-8.4562E-06
-1.2468E-08	2.9895E-08	-9.0932E-07	-8.3939E-06
-1.2358E-08	2.9854E-08	-5.3876E-07	-7.7752E-06
-1.2249E-08	2.9813E-08	-1.0362E-06	-8.3573E-06
-1.2139E-08	2.9772E-08	-1.1169E-06	-7.5790E-06
-1.2030E-08	2.9730E-08	-1.4938E-06	-7.7650E-06
-1.1922E-08	2.9689E-08	-1.1546E-06	-6.3919E-06
-1.1814E-08	2.9647E-08	1.7928E-08	-7.2258E-06
-1.1706E-08	2.9605E-08	-4.4324E-07	-7.9885E-06
-1.1598E-08	2.9562E-08	-1.6288E-06	-8.3976E-06
-1.1491E-08	2.9520E-08	-2.4656E-06	-6.6717E-06
-1.1385E-08	2.9477E-08	-1.3581E-06	-6.1243E-06
-1.1278E-08	2.9435E-08	-1.2442E-06	-5.6575E-06
-1.1172E-08	2.9392E-08	2.8761E-07	-5.8159E-06
-1.1067E-08	2.9349E-08	-3.5241E-07	-7.0286E-06
-1.0962E-08	2.9305E-08	-3.7978E-07	-6.0714E-06
-1.0857E-08	2.9262E-08	3.3454E-07	-7.0865E-06
-1.0752E-08	2.9218E-08	-1.0917E-06	-7.3421E-06
-1.0648E-08	2.9174E-08	-1.3530E-06	-6.0546E-06
-1.0545E-08	2.9130E-08	-4.8563E-07	-5.1483E-06
-1.0441E-08	2.9086E-08	1.1864E-06	-5.6270E-06
-1.0338E-08	2.9042E-08	8.1489E-07	-7.5746E-06
-1.0236E-08	2.8998E-08	-7.7758E-07	-7.1132E-06
-1.0134E-08	2.8953E-08	-3.7238E-07	-6.1587E-06
-1.0032E-08	2.8908E-08	1.3056E-07	-6.3671E-06
-9.9304E-09	2.8863E-08	-2.5034E-07	-6.7105E-06
-9.8293E-09	2.8818E-08	-2.9804E-07	-5.6933E-06
-9.7286E-09	2.8773E-08	8.6780E-07	-6.4369E-06
-9.6282E-09	2.8727E-08	-6.7987E-07	-6.4235E-06
-9.5283E-09	2.8682E-08	1.0152E-06	-4.9501E-06
-9.4287E-09	2.8636E-08	1.6161E-06	-7.1052E-06
-9.3294E-09	2.8590E-08	4.1261E-07	-7.2086E-06
-9.2306E-09	2.8544E-08	-1.3217E-07	-6.7002E-06
-9.1320E-09	2.8498E-08	8.6301E-07	-5.7054E-06
-9.0339E-09	2.8452E-08	1.4578E-06	-7.1043E-06
-8.9361E-09	2.8405E-08	9.9711E-07	-7.1542E-06
-8.8387E-09	2.8359E-08	5.7081E-07	-7.9276E-06
-8.7417E-09	2.8312E-08	1.0985E-07	-6.7011E-06
-8.6450E-09	2.8265E-08	1.2100E-06	-7.8040E-06
-8.5487E-09	2.8218E-08	-7.1985E-07	-7.8713E-06
-8.4528E-09	2.8171E-08	-2.6698E-07	-6.5291E-06
-8.3572E-09	2.8124E-08	3.6792E-07	-6.2827E-06
-8.2619E-09	2.8076E-08	1.7559E-06	-6.9898E-06
-8.1671E-09	2.8029E-08	8.5017E-07	-9.1001E-06
-8.0726E-09	2.7981E-08	-1.4916E-06	-8.4271E-06
-7.9784E-09	2.7933E-08	-8.8514E-07	-6.3205E-06
-7.8846E-09	2.7885E-08	3.6398E-07	-7.3744E-06
-7.7912E-09	2.7837E-08	-7.5373E-07	-7.5876E-06
-7.6981E-09	2.7789E-08	-6.7075E-07	-7.4209E-06
-7.6054E-09	2.7740E-08	-1.4502E-06	-7.0806E-06
-7.5131E-09	2.7692E-08	-1.1533E-06	-6.6419E-06
-7.4211E-09	2.7643E-08	-1.8776E-06	-5.9065E-06
-7.3295E-09	2.7595E-08	-3.7268E-07	-4.6987E-06
-7.2382E-09	2.7546E-08	3.9043E-07	-5.2896E-06
-7.1472E-09	2.7497E-08	1.8701E-06	-5.8624E-06
-7.0567E-09	2.7448E-08	7.4222E-07	-8.5746E-06
-6.9665E-09	2.7399E-08	-1.3590E-06	-7.2540E-06
-6.8766E-09	2.7349E-08	-1.0768E-06	-6.5014E-06
-6.7871E-09	2.7300E-08	-7.8855E-07	-5.5954E-06
-6.6979E-09	2.7250E-08	-3.2646E-07	-6.3251E-06
-6.6091E-09	2.7201E-08	-9.7339E-07	-4.8384E-06
-6.5207E-09	2.7151E-08	1.8030E-06	-5.4787E-06
-6.4326E-09	2.7101E-08	-5.7948E-08	-7.4624E-06
-6.3448E-09	2.7051E-08	-3.3119E-07	-6.0090E-06
-6.2574E-09	2.7001E-08	-4.5934E-07	-6.3217E-06
-6.1704E-09	2.6950E-08	-5.6597E-08	-5.4229E-06
-6.0836E-09	2.6900E-08	6.7327E-09	-6.3294E-06
-5.9973E-09	2.6850E-08	-4.9269E-07	-5.3072E-06
-5.9113E-09	2.6799E-08	4.4043E-07	-5.1905E-06
-5.8256E-09	2.6749E-08	9.4924E-07	-5.1288E-06
-5.7403E-09	2.6698E-08	1.9027E-06	-6.2265E-06
-5.6553E-09	2.6647E-08	6.8271E-07	-7.6933E-06
-5.5707E-09	2.6596E-08	-9.7919E-07	-6.5112E-06
-5.4864E-09	2.6545E-08	2.7916E-07	-5.3209E-06
-5.4025E-09	2.6494E-08	3.8130E-07	-6.1710E-06
-5.3189E-09	2.6443E-08	6.7651E-07	-5.6391E-06
-5.2356E-09	2.6391E-08	7.2223E-07	-6.7031E-06
-5.1527E-09	2.6340E-08	3.0076E-07	-6.1495E-06
-5.0701E-09	2.6288E-08	3.1174E-07	-7.0469E-06
-4.9879E-09	2.6237E-08	-1.0730E-06	-5.8557E-06
-4.9060E-09	2.6185E-08	5.5598E-07	-5.0259E-06
-4.8245E-09	2.6133E-08	7.3013E-07	-6.1602E-06
-4.7433E-09	2.6081E-08	-5.4940E-08	-6.0243E-06
-4.6624E-09	2.6029E-08	3.2665E-07	-4.9077E-06
-4.5819E-09	2.5977E-08	2.0195E-06	-5.5139E-06
-4.5017E-09	2.5925E-08	1.3519E-06	-7.6407E-06
-4.4218E-09	2.5873E-08	-9.1120E-07	-6.7375E-06
-4.3423E-09	2.5821E-08	6.5202E-07	-5.0544E-06
-4.2631E-09	2.5768E-08	9.2550E-07	-7.0061E-06
-4.1843E-09	2.5716E-08	-3.8823E-07	-5.9491E-06
-4.1057E-09	2.5663E-08	1.0458E-06	-5.7615E-06
-4.0276E-09	2.5611E-08	6.9776E-07	-7.1351E-06
-3.9497E-09	2.5558E-08	-1.1430E-06	-6.7662E-06
-3.8722E-09	2.5505E-08	-4.1232E-07	-4.2887E-06
-3.7950E-09	2.5452E-08	1.7832E-06	-5.6667E-06
-3.7181E-09	2.5399E-08	3.2636E-07	-6.7591E-06
-3.6416E-09	2.5346E-08	9.4050E-08	-5.8672E-06
-3.5654E-09	2.5293E-08	5.2185E-07	-6.0284E-06
-3.4895E-09	2.5240E-08	-2.0234E-07	-6.2444E-06
-3.4140E-09	2.5187E-08	7.9583E-08	-4.8687E-06
-3.3388E-09	2.5134E-08	1.3662E-06	-5.9151E-06
-3.2639E-09	2.5080E-08	-5.6917E-08	-6.2722E-06
-3.1894E-09	2.5027E-08	5.9137E-07	-5.0632E-06
-3.1151E-09	2.4974E-08	1.2726E-06	-6.3287E-06
-3.0412E-09	2.4920E-08	-9.0638E-08	-6.1724E-06
-2.9676E-09	2.4866E-08	1.0527E-06	-5.6831E-06
-2.8944E-09	2.4813E-08	-2.1693E-07	-6.9746E-06
-2.8214E-09	2.4759E-08	-2.6298E-07	-4.6547E-06
-2.7488E-09	2.4705E-08	1.0561E-06	-5.9360E-06
-2.6765E-09	2.4651E-08	-4.5661E-08	-5.4511E-06
-2.6046E-09	2.4597E-08	6.8276E-07	-5.3062E-06
-2.5329E-09	2.4543E-08	1.1304E-06	-4.8049E-06
-2.4616E-09	2.4489E-08	1.9789E-06	-6.8006E-06
-2.3906E-09	2.4435E-08	-6.8602E-07	-6.2575E-06
-2.3199E-09	2.4381E-08	1.2091E-06	-4.6319E-06
-2.2496E-09	2.4327E-08	1.6485E-06	-6.5104E-06
-2.1795E-09	2.4273E-08	2.1264E-07	-6.7864E-06
-2.1098E-09	2.4219E-08	-1.3893E-07	-5.1387E-06
-2.0404E-09	2.4164E-08	1.7658E-06	-5.1770E-06
-1.9712E-09	2.4110E-08	1.6595E-06	-6.5452E-06
-1.9025E-09	2.4055E-08	1.1080E-06	-7.2068E-06
-1.8340E-09	2.4001E-08	-6.7539E-08	-6.9309E-06
-1.7658E-09	2.3946E-08	3.2168E-07	-6.4638E-06
-1.6980E-09	2.3892E-08	-3.9275E-07	-6.9653E-06
-1.6305E-09	2.3837E-08	-1.1887E-06	-5.7525E-06
-1.5632E-09	2.3783E-08	-7.2220E-08	-4.4609E-06
-1.4963E-09	2.3728E-08	1.3664E-06	-5.5338E-06
-1.4297E-09	2.3673E-08	2.3648E-07	-6.6329E-06
-1.3634E-09	2.3618E-08	-5.6619E-07	-5.4649E-06
-1.2975E-09	2.3563E-08	7.7489E-07	-4.8753E-06
-1.2318E-09	2.3509E-08	7.1245E-07	-6.2106E-06
-1.1664E-09	2.3454E-08	2.3727E-07	-5.4395E-06
-1.1014E-09	2.3399E-08	5.9230E-07	-6.1366E-06
-1.0366E-09	2.3344E-08	1.2778E-07	-5.1805E-06
-9.7219E-10	2.3289E-08	1.2911E-06	-6.6360E-06
-9.0805E-10	2.3234E-08	-1.5722E-06	-5.9865E-06
-8.4422E-10	2.3179E-08	1.0975E-06	-4.0753E-06
-7.8069E-10	2.3124E-08	7.6419E-07	-6.8201E-06
-7.1746E-10	2.3068E-08	-3.3026E-07	-5.2760E-06
-6.5454E-10	2.3013E-08	8.6348E-07	-5.8363E-06
-5.9192E-10	2.2958E-08	-5.0594E-07	-6.2683E-06
-5.2960E-10	2.2903E-08	-3.6555E-07	-4.7330E-06
-4.6758E-10	2.2847E-08	7.5718E-07	-5.5791E-06
-4.0586E-10	2.2792E-08	-7.6932E-07	-5.7173E-06
-3.4444E-10	2.2737E-08	-2.5977E-08	-4.3414E-06
-2.8332E-10	2.2682E-08	2.2725E-07	-5.1130E-06
-2.2250E-10	2.2626E-08	1.9939E-08	-4.1695E-06
-1.6197E-10	2.2571E-08	1.4093E-06	-4.2203E-06
-1.0174E-10	2.2515E-08	1.6712E-06	-5.3524E-06
-4.1809E-11	2.2460E-08	1.0084E-06	-5.8627E-06
1.7829E-11	2.2404E-08	9.3500E-07	-5.7168E-06
7.7173E-11	2.2349E-08	2.3666E-07	-6.5451E-06
1.3622E-10	2.2293E-08	-9.9992E-07	-4.6059E-06
1.9498E-10	2.2238E-08	1.7888E-06	-4.0833E-06
2.5344E-10	2.2182E-08	1.2545E-06	-6.2569E-06
3.1161E-10	2.2127E-08	9.3900E-07	-5.8768E-06
3.6949E-10	2.2071E-08	-1.4706E-07	-6.9291E-06
4.2708E-10	2.2016E-08	-1.0087E-06	-5.0192E-06
4.8438E-10	2.1960E-08	-2.2665E-07	-4.8317E-06
5.4140E-10	2.1904E-08	7.9946E-08	-4.0209E-06
5.9812E-10	2.1849E-08	9.0233E-07	-4.4080E-06
6.5455E-10	2.1793E-08	1.7880E-06	-4.3063E-06
7.1070E-10	2.1737E-08	1.7891E-06	-6.6136E-06
7.6656E-10	2.1682E-08	2.3308E-07	-5.9601E-06
8.2214E-10	2.1626E-08	-4.4450E-08	-6.6722E-06
8.7743E-10	2.1570E-08	-1.4360E-06	-4.3478E-06
9.3243E-10	2.1515E-08	1.0755E-06	-4.4080E-06
9.8715E-10	2.1459E-08	4.5447E-07	-4.8143E-06
1.0416E-09	2.1403E-08	1.0941E-06	-5.9012E-06
1.0957E-09	2.1348E-08	-1.0461E-06	-4.7447E-06
1.1496E-09	2.1292E-08	1.8753E-06	-4.6710E-06
1.2032E-09	2.1236E-08	-9.4232E-07	-6.4078E-06
1.2565E-09	2.1180E-08	-2.3309E-07	-3.4539E-06
1.3096E-09	2.1125E-08	6.9320E-07	-4.5521E-06
1.3623E-09	2.1069E-08	9.4642E-07	-4.6148E-06
1.4148E-09	2.1013E-08	-8.9853E-08	-5.1613E-06
1.4670E-09	2.0957E-08	5.0448E-07	-3.6858E-06
1.5189E-09	2.0902E-08	8.4472E-07	-4.6278E-06
1.5706E-09	2.0846E-08	1.0659E-06	-3.9232E-06
1.6219E-09	2.0790E-08	1.5435E-06	-5.0340E-06
1.6730E-09	2.0734E-08	8.8919E-07	-5.0328E-06
1.7238E-09	2.0679E-08	5.0352E-07	-5.1149E-06
1.7744E-09	2.0623E-08	3.7766E-07	-3.8773E-06
1.8247E-09	2.0567E-08	2.2126E-06	-3.9383E-06
1.8747E-09	2.0511E-08	2.1111E-06	-6.1314E-06
1.9244E-09	2.0456E-08	-1.3125E-07	-5.5416E-06
1.9739E-09	2.0400E-08	1.4834E-06	-4.0930E-06
2.0231E-09	2.0344E-08	1.4489E-06	-6.0478E-06
2.0720E-09	2.0289E-08	6.9149E-07	-5.0268E-06
2.1206E-09	2.0233E-08	1.4846E-06	-6.0172E-06
2.1690E-09	2.0177E-08	-9.8607E-08	-6.0728E-06
2.2171E-09	2.0122E-08	7.9011E-08	-5.4504E-06
2.2650E-09	2.0066E-08	-6.9709E-07	-5.3664E-06
2.3126E-09	2.0010E-08	-5.3800E-07	-3.8747E-06
2.3599E-09	1.9955E-08	9.8997E-07	-3.7438E-06
2.4069E-09	1.9899E-08	1.2320E-06	-5.3235E-06
2.4537E-09	1.9843E-08	-6.0360E-07	-5.1113E-06
2.5003E-09	1.9788E-08	1.3922E-07	-3.4097E-06
2.5465E-09	1.9732E-08	1.0420E-06	-3.8910E-06
2.5925E-09	1.9677E-08	1.5454E-06	-4.1379E-06
2.6383E-09	1.9621E-08	1.0462E-06	-5.0177E-06
2.6837E-09	1.9565E-08	1.3039E-06	-4.0888E-06
2.7290E-09	1.9510E-08	1.5225E-06	-5.8251E-06
2.7739E-09	1.9454E-08	-1.9562E-09	-4.5570E-06
2.8186E-09	1.9399E-08	1.6411E-06	-4.9305E-06
2.8631E-09	1.9343E-08	-4.4105E-08	-5.1877E-06
2.9073E-09	1.9288E-08	1.2065E-06	-4.2037E-06
2.9512E-09	1.9233E-08	7.4099E-07	-5.5770E-06
2.9949E-09	1.9177E-08	2.3109E-08	-4.7319E-06
3.0383E-09	1.9122E-08	3.7736E-07	-4.1859E-06
3.0815E-09	1.9066E-08	1.0579E-06	-4.5469E-06
3.1244E-09	1.9011E-08	-1.0148E-08	-4.7748E-06
3.1670E-09	1.8956E-08	5.4633E-07	-3.2332E-06
3.2095E-09	1.8900E-08	2.0247E-06	-3.8217E-06
3.2516E-09	1.8845E-08	2.3260E-06	-5.3381E-06
3.2935E-09	1.8790E-08	3.6461E-07	-6.4595E-06
3.3352E-09	1.8735E-08	-6.5282E-07	-4.1761E-06
3.3766E-09	1.8680E-08	1.2307E-06	-4.1375E-06
3.4177E-09	1.8624E-08	7.8094E-08	-4.8736E-06
3.4587E-09	1.8569E-08	6.9274E-07	-3.0687E-06
3.4993E-09	1.8514E-08	2.3087E-06	-4.4464E-06
3.5397E-09	1.8459E-08	1.1096E-06	-5.4835E-06
3.5799E-09	1.8404E-08	4.7702E-07	-4.8057E-06
3.6198E-09	1.8349E-08	1.0809E-06	-4.6075E-06
3.6595E-09	1.8294E-08	4.0610E-07	-5.3030E-06
3.6989E-09	1.8239E-08	3.5097E-07	-3.9774E-06
3.7381E-09	1.8184E-08	9.6563E-07	-5.0836E-06
3.7771E-09	1.8129E-08	-5.6576E-07	-3.9368E-06
3.8158E-09	1.8074E-08	1.7881E-06	-3.0474E-06
3.8543E-09	1.8019E-08	1.9537E-06	-5.4281E-06
3.8925E-09	1.7965E-08	-7.3123E-08	-5.2388E-06
3.9305E-09	1.7910E-08	6.1777E-07	-3.7521E-06
3.9682E-09	1.7855E-08	6.1077E-07	-4.7224E-06
4.0057E-09	1.7800E-08	8.8020E-07	-2.8055E-06
4.0430E-09	1.7746E-08	3.0520E-06	-5.3204E-06
4.0800E-09	1.7691E-08	-6.2880E-09	-5.6753E-06
4.1168E-09	1.7636E-08	1.1858E-06	-4.8127E-06
4.1534E-09	1.7582E-08	-2.7435E-07	-5.7634E-06
4.1897E-09	1.7527E-08	-8.6540E-07	-4.3164E-06
4.2258E-09	1.7473E-08	-4.8995E-07	-2.5026E-06
4.2617E-09	1.7419E-08	2.5870E-06	-3.1662E-06
4.2973E-09	1.7364E-08	9.3164E-07	-5.2382E-06
4.3327E-09	1.7310E-08	1.1616E-06	-4.2240E-06
4.3679E-09	1.7255E-08	2.1047E-07	-5.1394E-06
4.4028E-09	1.7201E-08	6.9936E-07	-3.5532E-06
4.4375E-09	1.7147E-08	7.4858E-07	-5.3094E-06
4.4720E-09	1.7093E-08	-7.8595E-07	-3.5760E-06
4.5062E-09	1.7039E-08	1.4383E-06	-2.9523E-06
4.5402E-09	1.6984E-08	1.3860E-06	-4.8130E-06
4.5740E-09	1.6930E-08	2.3512E-08	-4.4019E-06
4.6076E-09	1.6876E-08	2.2366E-07	-3.6598E-06
4.6409E-09	1.6822E-08	5.2566E-07	-2.7605E-06
4.6740E-09	1.6769E-08	2.5903E-06	-3.4184E-06
4.7069E-09	1.6715E-08	1.1847E-06	-5.3804E-06
4.7396E-09	1.6661E-08	5.4223E-07	-4.0231E-06
4.7720E-09	1.6607E-08	8.4643E-07	-4.6219E-06
4.8042E-09	1.6553E-08	-2.0038E-07	-3.8262E-06
4.8362E-09	1.6500E-08	1.0918E-06	-2.8906E-06
4.8680E-09	1.6446E-08	1.5794E-06	-4.0918E-06
4.8995E-09	1.6392E-08	1.0952E-06	-4.1065E-06
4.9308E-09	1.6339E-08	7.6188E-07	-4.6694E-06
4.9619E-09	1.6285E-08	-3.3098E-10	-3.1642E-06
4.9928E-09	1.6232E-08	1.9426E-06	-3.5751E-06
5.0235E-09	1.6178E-08	5.7254E-07	-4.1426E-06
5.0540E-09	1.6125E-08	1.5767E-06	-3.6775E-06
5.0842E-09	1.6072E-08	4.6707E-07	-4.2789E-06
5.1142E-09	1.6019E-08	1.3728E-06	-3.4912E-06
5.1440E-09	1.5965E-08	5.5845E-08	-4.2104E-06
5.1736E-09	1.5912E-08	1.5625E-06	-1.7827E-06
5.2030E-09	1.5859E-08	2.8830E-06	-4.9218E-06
5.2322E-09	1.5806E-08	2.7173E-07	-4.8458E-06
5.2611E-09	1.5753E-08	1.8033E-07	-3.5138E-06
5.2898E-09	1.5700E-08	1.0945E-06	-2.3813E-06
5.3184E-09	1.5647E-08	2.6430E-06	-3.2932E-06
5.3467E-09	1.5594E-08	2.2695E-06	-4.5662E-06
5.3748E-09	1.5542E-08	1.2260E-06	-4.8691E-06
5.4027E-09	1.5489E-08	9.2007E-07	-3.8583E-06
5.4304E-09	1.5436E-08	1.9342E-06	-3.9955E-06
5.4579E-09	1.5384E-08	1.6573E-06	-5.1713E-06
5.4851E-09	1.5331E-08	1.8542E-07	-5.2687E-06
5.5122E-09	1.5279E-08	-5.4472E-07	-3.7184E-06
5.5391E-09	1.5226E-08	7.8008E-07	-2.4571E-06
5.5657E-09	1.5174E-08	2.0733E-06	-3.4017E-06
5.5922E-09	1.5122E-08	1.8297E-06	-4.2735E-06
5.6184E-09	1.5069E-08	1.0954E-06	-5.0107E-06
5.6444E-09	1.5017E-08	8.3774E-08	-3.8724E-06
5.6703E-09	1.4965E-08	1.0871E-06	-4.0472E-06
5.6959E-09	1.4913E-08	-6.9693E-07	-3.6487E-06
5.7214E-09	1.4861E-08	9.2205E-07	-1.4311E-06
5.7466E-09	1.4809E-08	2.6180E-06	-2.2849E-06
5.7716E-09	1.4757E-08	3.5788E-06	-3.7979E-06
5.7965E-09	1.4705E-08	2.1580E-06	-5.0408E-06
5.8211E-09	1.4654E-08	2.4401E-06	-4.8513E-06
5.8455E-09	1.4602E-08	9.6639E-07	-6.2421E-06
5.8698E-09	1.4550E-08	-2.5836E-07	-4.7827E-06
5.8938E-09	1.4499E-08	-2.8250E-07	-3.4058E-06
5.9177E-09	1.4447E-08	2.1909E-06	-3.0592E-06
5.9413E-09	1.4396E-08	1.0354E-06	-5.7874E-06
5.9648E-09	1.4345E-08	-1.7683E-07	-3.9463E-06
5.9881E-09	1.4293E-08	-2.5391E-08	-4.1778E-06
6.0111E-09	1.4242E-08	-4.7330E-08	-2.4333E-06
6.0340E-09	1.4191E-08	1.5262E-06	-3.1666E-06
6.0567E-09	1.4140E-08	8.1496E-07	-3.5416E-06
6.0792E-09	1.4089E-08	8.5554E-07	-2.7649E-06
6.1015E-09	1.4038E-08	2.4717E-06	-3.1998E-06
6.1236E-09	1.3987E-08	4.1666E-07	-4.5522E-06
6.1455E-09	1.3936E-08	1.8984E-06	-1.1995E-06
6.1672E-09	1.3885E-08	4.0670E-06	-5.5690E-06
6.1888E-09	1.3834E-08	4.0061E-07	-5.3703E-06
6.2101E-09	1.3784E-08	1.0241E-06	-5.2607E-06
6.2313E-09	1.3733E-08	-9.7692E-07	-4.3944E-06
6.2523E-09	1.3683E-08	2.7935E-07	-3.4724E-06
6.2731E-09	1.3632E-08	-3.5742E-07	-3.1010E-06
6.2937E-09	1.3582E-08	1.0379E-06	-2.8472E-06
6.3141E-09	1.3532E-08	2.6847E-07	-2.9011E-06
6.3344E-09	1.3481E-08	2.0274E-06	-2.7704E-06
6.3544E-09	1.3431E-08	2.6155E-07	-4.2927E-06
6.3743E-09	1.3381E-08	6.4216E-07	-1.5745E-06
6.3940E-09	1.3331E-08	2.5147E-06	-3.3744E-06
6.4135E-09	1.3281E-08	6.8159E-07	-3.5926E-06
6.4329E-09	1.3231E-08	1.8629E-06	-2.5374E-06
6.4520E-09	1.3182E-08	1.7916E-06	-4.4883E-06
6.4710E-09	1.3132E-08	-1.1550E-07	-3.1467E-06
6.4898E-09	1.3082E-08	1.8944E-06	-2.0550E-06
6.5084E-09	1.3033E-08	2.0472E-06	-3.4069E-06
6.5269E-09	1.2983E-08	2.1848E-06	-3.1980E-06
6.5451E-09	1.2934E-08	2.2466E-06	-4.3712E-06
6.5632E-09	1.2884E-08	1.0065E-06	-4.2683E-06
6.5811E-09	1.2835E-08	1.2860E-06	-3.3188E-06
6.5989E-09	1.2786E-08	2.2210E-06	-4.1562E-06
6.6164E-09	1.2737E-08	5.3048E-07	-5.2698E-06
6.6338E-09	1.2688E-08	-5.2709E-07	-3.0389E-06
6.6510E-09	1.2639E-08	1.5110E-06	-2.4719E-06
6.6681E-09	1.2590E-08	1.3564E-06	-3.6584E-06
6.6849E-09	1.2541E-08	1.3588E-06	-3.1110E-06
6.7016E-09	1.2492E-08	1.4197E-06	-4.1352E-06
6.7182E-09	1.2444E-08	1.7977E-07	-3.0222E-06
6.7345E-09	1.2395E-08	2.0596E-06	-2.4886E-06
6.7507E-09	1.2346E-08	1.8901E-06	-3.8588E-06
6.7668E-09	1.2298E-08	1.7653E-06	-4.0714E-06
6.7826E-09	1.2250E-08	3.5187E-07	-4.5529E-06
6.7983E-09	1.2201E-08	3.4307E-07	-2.6332E-06
6.8138E-09	1.2153E-08	1.1803E-06	-3.1851E-06
6.8292E-09	1.2105E-08	9.2726E-07	-2.2043E-06
6.8444E-09	1.2057E-08	2.9455E-06	-2.7510E-06
6.8594E-09	1.2009E-08	2.1033E-06	-4.4812E-06
6.8742E-09	1.1961E-08	1.4105E-06	-4.1305E-06
6.8889E-09	1.1913E-08	1.0438E-06	-4.4247E-06
6.9035E-09	1.1866E-08	3.5513E-07	-3.6158E-06
6.9178E-09	1.1818E-08	1.3190E-06	-3.3610E-06
6.9320E-09	1.1770E-08	6.2835E-07	-4.3604E-06
6.9461E-09	1.1723E-08	-3.8861E-07	-3.0503E-06
6.9600E-09	1.1675E-08	6.6857E-07	-2.0333E-06
6.9737E-09	1.1628E-08	1.4746E-06	-2.2937E-06
6.9873E-09	1.1581E-08	1.9174E-06	-2.4802E-06
7.0007E-09	1.1534E-08	2.4482E-06	-3.2926E-06
7.0139E-09	1.1487E-08	1.6811E-06	-4.0290E-06
7.0270E-09	1.1439E-08	1.0697E-06	-3.8680E-06
7.0400E-09	1.1393E-08	5.4193E-07	-2.6857E-06
7.0527E-09	1.1346E-08	3.0972E-06	-2.5434E-06
7.0654E-09	1.1299E-08	1.6394E-06	-5.6356E-06
7.0778E-09	1.1252E-08	-6.3552E-09	-3.1685E-06
7.0901E-09	1.1206E-08	1.3532E-06	-3.4195E-06
7.1023E-09	1.1159E-08	1.1011E-06	-2.8161E-06
7.1143E-09	1.1113E-08	2.0032E-06	-4.0814E-06
7.1262E-09	1.1066E-08	2.3722E-07	-3.4864E-06
7.1379E-09	1.1020E-08	1.9087E-06	-2.8933E-06
7.1494E-09	1.0974E-08	1.7772E-06	-4.3200E-06
7.1608E-09	1.0928E-08	3.7987E-07	-5.0793E-06
7.1720E-09	1.0882E-08	-1.1526E-06	-2.6732E-06
7.1831E-09	1.0836E-08	1.7382E-06	-1.9755E-06
7.1941E-09	1.0790E-08	1.3656E-06	-3.7053E-06
7.2049E-09	1.0744E-08	9.4456E-07	-3.7504E-06
7.2155E-09	1.0699E-08	-6.1896E-10	-3.1861E-06
7.2261E-09	1.0653E-08	1.0925E-06	-2.7315E-06
7.2364E-09	1.0607E-08	2.9852E-07	-2.9658E-06
7.2466E-09	1.0562E-08	1.6044E-06	-2.1118E-06
7.2567E-09	1.0517E-08	1.5721E-06	-3.7132E-06
7.2666E-09	1.0471E-08	7.1769E-07	-3.7247E-06
7.2764E-09	1.0426E-08	-2.8357E-07	-2.9098E-06
7.2860E-09	1.0381E-08	1.1961E-06	-1.8389E-06
7.2955E-09	1.0336E-08	1.0846E-06	-2.9624E-06
7.3048E-09	1.0291E-08	1.5647E-06	-2.1998E-06
7.3141E-09	1.0246E-08	1.7772E-06	-3.7452E-06
7.3231E-09	1.0202E-08	4.5937E-07	-3.7232E-06
7.3320E-09	1.0157E-08	-3.3850E-07	-2.6179E-06
7.3408E-09	1.0112E-08	1.2212E-06	-1.4557E-06
7.3495E-09	1.0068E-08	1.2985E-06	-2.7696E-06
7.3580E-09	1.0024E-08	1.7676E-06	-1.8107E-06
7.3663E-09	9.9792E-09	2.1981E-06	-4.0206E-06
7.3745E-09	9.9350E-09	4.1934E-08	-3.4755E-06
7.3826E-09	9.8909E-09	5.6519E-08	-2.4172E-06
7.3906E-09	9.8468E-09	9.7805E-07	-8.6327E-07
7.3984E-09	9.8029E-09	2.8352E-06	-2.8845E-06
7.4061E-09	9.7590E-09	5.2362E-08	-2.9621E-06
7.4136E-09	9.7152E-09	2.2157E-06	-7.9719E-07
7.4210E-09	9.6715E-09	2.9488E-06	-3.8886E-06
7.4283E-09	9.6279E-09	3.5046E-07	-3.3724E-06
7.4354E-09	9.5844E-09	1.5899E-06	-1.7579E-06
7.4424E-09	9.5410E-09	2.3642E-06	-3.2733E-06
7.4493E-09	9.4977E-09	1.0135E-06	-3.3938E-06
7.4561E-09	9.4544E-09	1.4712E-06	-2.6608E-06
7.4627E-09	9.4113E-09	1.3332E-06	-3.5438E-06
7.4692E-09	9.3682E-09	4.2769E-07	-2.7409E-06
7.4755E-09	9.3252E-09	1.1769E-06	-2.2582E-06
7.4817E-09	9.2823E-09	1.2834E-06	-2.1957E-06
7.4878E-09	9.2395E-09	2.1331E-06	-2.5377E-06
7.4938E-09	9.1968E-09	1.2071E-06	-3.2557E-06
7.4996E-09	9.1542E-09	1.2735E-06	-2.3280E-06
7.5053E-09	9.1117E-09	1.4174E-06	-2.4929E-06
7.5109E-09	9.0692E-09	2.4388E-06	-2.1293E-06
7.5164E-09	9.0269E-09	2.2027E-06	-4.4161E-06
7.5217E-09	8.9846E-09	7.1980E-08	-3.3026E-06
7.5269E-09	8.9424E-09	8.7849E-07	-2.4503E-06
7.5320E-09	8.9004E-09	9.9487E-07	-1.8400E-06
7.5369E-09	8.8584E-09	2.5128E-06	-2.4059E-06
7.5418E-09	8.8165E-09	1.4720E-06	-3.4700E-06
7.5465E-09	8.7747E-09	1.1000E-06	-2.9529E-06
7.5510E-09	8.7329E-09	7.9338E-07	-2.1429E-06
7.5555E-09	8.6913E-09	2.7268E-06	-1.9080E-06
7.5599E-09	8.6498E-09	2.2932E-06	-4.0890E-06
7.5641E-09	8.6083E-09	1.1407E-06	-3.6488E-06
7.5682E-09	8.5670E-09	8.9496E-07	-3.7243E-06
7.5722E-09	8.5257E-09	3.7474E-08	-3.4013E-06
7.5760E-09	8.4846E-09	-4.8781E-07	-1.6623E-06
7.5798E-09	8.4435E-09	2.3072E-06	-8.1302E-07
7.5834E-09	8.4025E-09	2.1357E-06	-3.5329E-06
7.5869E-09	8.3616E-09	1.3106E-06	-2.4821E-06
7.5903E-09	8.3208E-09	1.4841E-06	-3.6645E-06
7.5936E-09	8.2801E-09	3.5455E-07	-2.1512E-06
7.5967E-09	8.2395E-09	2.2427E-06	-2.6941E-06
7.5998E-09	8.1990E-09	7.3246E-07	-3.6948E-06
7.6027E-09	8.1585E-09	-4.3906E-08	-2.6164E-06
7.6055E-09	8.1182E-09	7.8102E-07	-1.0081E-06
7.6082E-09	8.0779E-09	2.5364E-06	-2.5698E-06
7.6108E-09	8.0378E-09	5.4343E-07	-3.1567E-06
7.6133E-09	7.9977E-09	6.3104E-07	-1.9266E-06
7.6156E-09	7.9578E-09	1.0901E-06	-9.7461E-07
7.6179E-09	7.9179E-09	3.2872E-06	-1.7326E-06
7.6200E-09	7.8781E-09	2.1594E-06	-3.6027E-06
7.6220E-09	7.8384E-09	1.4641E-06	-3.2387E-06
7.6240E-09	7.7988E-09	7.9071E-07	-2.8497E-06
7.6258E-09	7.7593E-09	1.6659E-06	-2.2937E-06
7.6275E-09	7.7199E-09	1.4811E-06	-3.3114E-06
7.6291E-09	7.6806E-09	5.1915E-07	-3.2446E-06
7.6305E-09	7.6413E-09	-1.9666E-07	-1.6833E-06
7.6319E-09	7.6022E-09	2.0363E-06	-8.7616E-07
7.6332E-09	7.5632E-09	2.3121E-06	-2.5099E-06
7.6343E-09	7.5242E-09	2.1242E-06	-3.0413E-06
7.6354E-09	7.4854E-09	3.6227E-07	-3.2010E-06
7.6363E-09	7.4466E-09	1.5259E-06	-8.0019E-07
7.6372E-09	7.4079E-09	2.9374E-06	-3.2665E-06
7.6379E-09	7.3693E-09	8.3439E-07	-2.8820E-06
7.6386E-09	7.3309E-09	2.3661E-06	-2.5374E-06
7.6391E-09	7.2925E-09	1.0624E-06	-3.9365E-06
7.6395E-09	7.2542E-09	6.8048E-07	-2.3321E-06
7.6398E-09	7.2160E-09	1.0482E-06	-2.7532E-06
7.6401E-09	7.1779E-09	1.1051E-06	-1.4297E-06
7.6402E-09	7.1399E-09	2.8921E-06	-2.9667E-06
7.6402E-09	7.1019E-09	6.1255E-07	-3.4982E-06
7.6401E-09	7.0641E-09	1.5548E-06	-2.2470E-06
7.6399E-09	7.0264E-09	1.2350E-06	-3.2712E-06
7.6397E-09	6.9888E-09	1.1339E-06	-2.5244E-06
7.6393E-09	6.9512E-09	1.4630E-06	-2.8649E-06
7.6388E-09	6.9138E-09	1.4632E-06	-3.2768E-06
7.6382E-09	6.8764E-09	5.5933E-07	-3.5879E-06
7.6376E-09	6.8391E-09	1.5984E-07	-2.8477E-06
7.6368E-09	6.8020E-09	3.5694E-07	-2.2196E-06
7.6359E-09	6.7649E-09	8.8319E-07	-2.6992E-06
7.6350E-09	6.7279E-09	-3.6315E-07	-2.0393E-06
7.6339E-09	6.6910E-09	1.7937E-06	-1.1508E-06
7.6327E-09	6.6542E-09	1.2062E-06	-3.4258E-06
7.6315E-09	6.6175E-09	2.6043E-07	-2.2129E-06
7.6302E-09	6.5809E-09	3.0862E-07	-2.3011E-06
7.6287E-09	6.5444E-09	5.0396E-07	-8.2137E-07
7.6272E-09	6.5080E-09	2.3083E-06	-1.8625E-06
7.6256E-09	6.4717E-09	7.1882E-07	-2.8830E-06
7.6239E-09	6.4355E-09	7.8971E-07	-9.8603E-07
7.6220E-09	6.3993E-09	2.7339E-06	-2.0089E-06
7.6201E-09	6.3633E-09	1.4358E-06	-3.3237E-06
7.6182E-09	6.3274E-09	1.0494E-06	-2.9196E-06
7.6161E-09	6.2915E-09	1.3814E-07	-2.6022E-06
7.6139E-09	6.2557E-09	1.4004E-06	-1.5267E-06
7.6117E-09	6.2201E-09	1.2465E-06	-3.4574E-06
7.6093E-09	6.1845E-09	-1.8399E-07	-2.1414E-06
7.6069E-09	6.1490E-09	1.2056E-06	-1.8145E-06
7.6044E-09	6.1137E-09	7.2318E-07	-2.6666E-06
7.6017E-09	6.0784E-09	3.8312E-07	-1.9714E-06
7.5990E-09	6.0432E-09	5.7698E-07	-2.0704E-06
7.5963E-09	6.0081E-09	4.8282E-07	-1.1801E-06
7.5934E-09	5.9731E-09	1.9900E-06	-2.0885E-06
7.5904E-09	5.9382E-09	-1.3039E-07	-2.7374E-06
7.5874E-09	5.9034E-09	6.3154E-07	-8.5539E-07
7.5843E-09	5.8687E-09	9.1116E-07	-1.5100E-06
7.5811E-09	5.8340E-09	2.0644E-06	-9.3655E-07
7.5778E-09	5.7995E-09	1.6746E-06	-3.4796E-06
7.5744E-09	5.7651E-09	-5.5303E-07	-1.7599E-06
7.5709E-09	5.7307E-09	1.3572E-06	-4.5525E-07
7.5674E-09	5.6965E-09	2.2813E-06	-1.8426E-06
7.5637E-09	5.6623E-09	1.3207E-06	-2.3879E-06
7.5600E-09	5.6283E-09	1.5842E-06	-2.1547E-06
7.5563E-09	5.5943E-09	5.6807E-07	-2.4719E-06
7.5524E-09	5.5604E-09	1.7612E-06	-8.8987E-07
7.5484E-09	5.5266E-09	2.3821E-06	-3.6572E-06
7.5444E-09	5.4930E-09	-1.2193E-07	-3.0313E-06
7.5403E-09	5.4594E-09	3.8990E-07	-2.1853E-06
7.5361E-09	5.4259E-09	1.1087E-07	-1.5374E-06
7.5318E-09	5.3925E-09	1.4487E-06	-1.3577E-06
7.5275E-09	5.3592E-09	1.1068E-06	-2.4067E-06
7.5231E-09	5.3259E-09	7.1158E-07	-1.6804E-06
7.5186E-09	5.2928E-09	1.7930E-06	-1.8127E-06
7.5140E-09	5.2598E-09	1.4721E-06	-3.1499E-06
7.5094E-09	5.2269E-09	1.5651E-07	-3.1908E-06
7.5046E-09	5.1940E-09	-3.8887E-07	-1.9058E-06
7.4998E-09	5.1613E-09	1.0239E-06	-1.7162E-06
7.4950E-09	5.1286E-09	3.0225E-08	-2.9145E-06
7.4900E-09	5.0961E-09	-3.7862E-07	-1.4794E-06
7.4850E-09	5.0636E-09	-9.8140E-08	-1.6123E-06
7.4799E-09	5.0312E-09	1.4309E-07	-5.6767E-07
7.4747E-09	4.9990E-09	9.9543E-07	-1.3998E-06
7.4695E-09	4.9668E-09	2.4277E-07	-1.0039E-06
7.4641E-09	4.9347E-09	1.4758E-06	-5.1861E-07
7.4588E-09	4.9027E-09	2.3140E-06	-2.1477E-06
7.4533E-09	4.8708E-09	-9.1005E-08	-3.2640E-06
7.4478E-09	4.8390E-09	-1.9854E-07	-2.5165E-07
7.4422E-09	4.8073E-09	1.8709E-06	-1.7370E-06
7.4365E-09	4.7756E-09	3.5334E-07	-1.6934E-06
7.4307E-09	4.7441E-09	1.4828E-06	-2.2091E-06
7.4249E-09	4.7127E-09	-1.0744E-06	-2.2752E-06
7.4191E-09	4.6813E-09	7.0981E-07	4.1227E-07
7.4131E-09	4.6501E-09	2.1129E-06	-2.1429E-06
7.4071E-09	4.6189E-09	7.6942E-08	-2.6005E-06
7.4010E-09	4.5879E-09	-4.0225E-07	-1.3738E-06
7.3949E-09	4.5569E-09	2.9025E-07	-6.4899E-07
7.3886E-09	4.5260E-09	9.3328E-07	-8.9249E-07
7.3823E-09	4.4952E-09	1.0572E-06	-1.4897E-06
7.3760E-09	4.4645E-09	1.3454E-07	-1.3325E-06
7.3696E-09	4.4339E-09	1.4776E-06	-2.8017E-07
7.3631E-09	4.4034E-09	1.6868E-06	-2.8253E-06
7.3565E-09	4.3730E-09	-8.2824E-07	-1.5648E-06
7.3499E-09	4.3427E-09	1.2199E-06	-1.4990E-07
7.3433E-09	4.3125E-09	2.1524E-06	-1.8091E-06
7.3365E-09	4.2823E-09	9.3784E-07	-3.7519E-06
7.3297E-09	4.2523E-09	-1.9925E-06	-2.0103E-06
7.3229E-09	4.2223E-09	4.3778E-07	-2.4310E-08
7.3159E-09	4.1925E-09	1.3596E-07	-1.8633E-06
7.3089E-09	4.1627E-09	-1.9901E-07	-2.4312E-07
7.3019E-09	4.1331E-09	1.0122E-06	-5.5136E-07
7.2948E-09	4.1035E-09	1.3661E-06	-9.5621E-07
7.2876E-09	4.0740E-09	1.3749E-06	-1.9115E-06
7.2804E-09	4.0446E-09	5.5807E-07	-2.5061E-06
7.2731E-09	4.0153E-09	-5.6318E-07	-1.6338E-06
7.2657E-09	3.9861E-09	8.4438E-07	-1.4220E-06
7.2583E-09	3.9569E-09	-1.0044E-06	-2.4885E-06
7.2508E-09	3.9279E-09	-4.2135E-07	-5.2092E-09
7.2433E-09	3.8990E-09	1.3696E-07	-1.5305E-06
7.2357E-09	3.8701E-09	-3.5503E-08	-5.3325E-08
7.2281E-09	3.8414E-09	1.0025E-06	-1.9506E-06
7.2204E-09	3.8127E-09	-1.1655E-06	-9.3507E-07
7.2126E-09	3.7841E-09	1.1315E-06	-1.3787E-07
7.2048E-09	3.7556E-09	8.4271E-07	-2.6246E-06
7.1969E-09	3.7273E-09	-1.7133E-06	-1.8796E-06
7.1890E-09	3.6990E-09	-1.3304E-07	1.7041E-07
7.1810E-09	3.6707E-09	-8.0749E-08	-2.1116E-06
7.1730E-09	3.6426E-09	-1.2166E-06	2.3568E-08
7.1649E-09	3.6146E-09	9.9801E-07	-1.4966E-06
7.1567E-09	3.5867E-09	-2.1109E-06	-1.8863E-06
7.1485E-09	3.5588E-09	-1.1555E-06	5.4719E-07
7.1403E-09	3.5311E-09	-3.9642E-08	-2.6650E-07
7.1320E-09	3.5034E-09	-3.9629E-07	-9.9916E-07
7.1236E-09	3.4758E-09	-1.1698E-06	-6.1497E-07
7.1152E-09	3.4483E-09	-7.4862E-07	-2.1145E-07
7.1067E-09	3.4209E-09	-5.9071E-07	-5.2854E-07
7.0982E-09	3.3936E-09	-9.7447E-07	-1.1337E-06
7.0896E-09	3.3664E-09	-2.0012E-06	-1.1744E-06
7.0810E-09	3.3393E-09	-3.7330E-06	-4.4613E-07
